100 10
0 1 4.01795
0 2 1.38758
0 3 4.9192
0 4 2.81027
0 5 3.54932
0 6 4.06498
0 7 3.34929
0 8 4.35965
0 9 2.25319
0 10 7.09678
0 11 3.71035
0 12 6.46454
0 13 7.33376
0 14 8.00907
0 15 4.84383
0 16 1.931
0 17 2.88165
0 18 6.80107
0 19 2.90631
0 20 3.43471
0 21 0.03037
0 22 3.62508
0 23 7.0082
0 24 8.77463
0 25 4.66653
0 26 7.9551
0 27 1.21956
0 28 0.79496
0 29 2.71806
0 30 7.04403
0 31 3.56349
0 32 1.04512
0 33 7.47095
0 34 4.79983
0 35 2.76705
0 36 2.63875
0 37 2.75301
0 38 8.32521
0 39 6.21834
0 40 4.42125
0 41 3.56818
0 42 6.70894
0 43 3.2346
0 44 4.1861
0 45 0.81329
0 46 2.99344
0 47 0.74423
0 48 1.24257
0 49 0.62543
0 50 0.96799
0 51 5.13094
0 52 1.15845
0 53 2.51857
0 54 2.0986
0 55 4.41491
0 56 1.36114
0 57 5.94859
0 58 2.84966
0 59 1.38975
0 60 7.79425
0 61 6.6117
0 62 7.97565
0 63 5.30199
0 64 3.109
0 65 1.00521
0 66 6.42348
0 67 5.43475
0 68 7.83965
0 69 1.44925
0 70 1.29527
0 71 5.24642
0 72 2.27734
0 73 3.10858
0 74 4.51621
0 75 3.69775
0 76 7.76398
0 77 3.62828
0 78 8.89356
0 79 7.4415
0 80 7.37128
0 81 2.22899
0 82 1.41342
0 83 0.51451
0 84 3.52638
0 85 3.37899
0 86 3.3347
0 87 3.59983
0 88 3.04595
0 89 5.49029
0 90 1.85371
0 91 5.94755
0 92 1.2856
0 93 3.40986
0 94 8.76639
0 95 0.41013
0 96 0.4853
0 97 1.28921
0 98 8.54798
0 99 0.89155
1 2 6.63137
1 3 0.17586
1 4 0.35887
1 5 3.21836
1 6 6.29926
1 7 6.71148
1 8 0.9219
1 9 7.14896
1 10 0.85095
1 11 4.90032
1 12 5.46208
1 13 8.87616
1 14 8.19762
1 15 8.14304
1 16 5.75556
1 17 8.55488
1 18 2.32615
1 19 2.87756
1 20 7.19694
1 21 4.42899
1 22 1.24035
1 23 7.40399
1 24 2.84391
1 25 2.44399
1 26 1.89295
1 27 0.33479
1 28 6.81513
1 29 0.3295
1 30 8.55061
1 31 3.61896
1 32 6.3522
1 33 7.63106
1 34 7.5398
1 35 1.81008
1 36 7.17186
1 37 7.44897
1 38 0.22484
1 39 7.37629
1 40 3.48308
1 41 0.04644
1 42 8.96142
1 43 4.94992
1 44 3.69255
1 45 5.95502
1 46 4.66505
1 47 6.73449
1 48 1.66241
1 49 5.16267
1 50 0.97596
1 51 2.69475
1 52 8.92024
1 53 8.4664
1 54 7.26147
1 55 8.62925
1 56 8.76463
1 57 6.63678
1 58 5.70463
1 59 6.72733
1 60 5.45254
1 61 2.14395
1 62 3.70423
1 63 5.02996
1 64 5.05392
1 65 7.51711
1 66 4.92496
1 67 6.39726
1 68 8.82416
1 69 4.44465
1 70 2.65649
1 71 2.48513
1 72 4.99799
1 73 6.25515
1 74 1.1355
1 75 0.41545
1 76 3.4822
1 77 3.89043
1 78 1.67737
1 79 8.02634
1 80 7.00282
1 81 3.53134
1 82 4.94773
1 83 3.60792
1 84 1.94944
1 85 0.12372
1 86 8.92359
1 87 7.74873
1 88 2.94135
1 89 2.09984
1 90 0.27086
1 91 0.36134
1 92 1.40123
1 93 0.6134
1 94 5.78661
1 95 7.18774
1 96 8.19826
1 97 7.22935
1 98 2.02019
1 99 6.20852
2 3 5.73874
2 4 8.28681
2 5 5.27081
2 6 7.66832
2 7 4.53823
2 8 1.21401
2 9 7.91689
2 10 6.83989
2 11 2.15261
2 12 7.64759
2 13 7.28592
2 14 1.61411
2 15 0.83
2 16 6.7369
2 17 2.89363
2 18 1.30647
2 19 2.99672
2 20 0.79291
2 21 0.90768
2 22 1.4562
2 23 1.09429
2 24 1.76361
2 25 6.03885
2 26 7.71525
2 27 8.61313
2 28 0.2025
2 29 6.48313
2 30 4.96928
2 31 4.30214
2 32 4.43522
2 33 7.45766
2 34 4.09525
2 35 4.10962
2 36 5.90592
2 37 2.74835
2 38 1.58276
2 39 0.19766
2 40 6.16458
2 41 3.7451
2 42 7.53179
2 43 3.52197
2 44 7.65867
2 45 0.62863
2 46 4.38098
2 47 2.97621
2 48 0.93305
2 49 7.91194
2 50 7.48172
2 51 2.91856
2 52 2.04529
2 53 5.79308
2 54 8.76006
2 55 5.35146
2 56 2.67728
2 57 2.11994
2 58 3.53826
2 59 4.49647
2 60 5.29001
2 61 6.75589
2 62 1.90173
2 63 3.39075
2 64 4.15691
2 65 6.36131
2 66 3.72115
2 67 6.51665
2 68 7.56444
2 69 6.64797
2 70 1.4496
2 71 6.30542
2 72 8.84284
2 73 0.22545
2 74 5.63697
2 75 1.66803
2 76 2.76415
2 77 2.04835
2 78 3.47808
2 79 4.18902
2 80 8.16482
2 81 3.01124
2 82 0.82184
2 83 2.69938
2 84 8.98259
2 85 2.70087
2 86 8.39389
2 87 8.76371
2 88 8.71421
2 89 0.5534
2 90 4.01391
2 91 0.4127
2 92 0.03817
2 93 1.43312
2 94 2.79518
2 95 4.26471
2 96 0.01935
2 97 4.10441
2 98 1.51224
2 99 4.31679
3 4 1.18232
3 5 0.10674
3 6 0.90096
3 7 8.65779
3 8 8.14068
3 9 6.44563
3 10 1.90386
3 11 4.11467
3 12 2.69307
3 13 8.47317
3 14 8.50283
3 15 8.6253
3 16 0.46368
3 17 4.00356
3 18 6.28317
3 19 7.16975
3 20 2.18439
3 21 0.90935
3 22 1.0515
3 23 6.39617
3 24 0.15931
3 25 3.18277
3 26 5.33684
3 27 1.56654
3 28 4.6828
3 29 0.07906
3 30 3.97055
3 31 4.28714
3 32 8.71341
3 33 0.10888
3 34 1.8766
3 35 7.01453
3 36 5.67865
3 37 1.25087
3 38 8.23255
3 39 0.12046
3 40 8.67753
3 41 1.08035
3 42 1.48339
3 43 8.47847
3 44 7.18409
3 45 3.87436
3 46 7.18921
3 47 8.70833
3 48 6.43682
3 49 3.96071
3 50 7.47922
3 51 3.3273
3 52 2.92002
3 53 4.82459
3 54 3.06152
3 55 4.96
3 56 6.04753
3 57 1.29525
3 58 3.53801
3 59 0.08653
3 60 1.95998
3 61 6.75805
3 62 6.41617
3 63 8.88544
3 64 5.29859
3 65 2.96857
3 66 6.29752
3 67 2.04957
3 68 3.45795
3 69 6.95304
3 70 3.77352
3 71 2.74638
3 72 3.94673
3 73 2.88503
3 74 3.15189
3 75 2.7334
3 76 5.32568
3 77 3.24951
3 78 2.54614
3 79 6.89872
3 80 4.70945
3 81 6.9193
3 82 4.04548
3 83 4.91472
3 84 4.69205
3 85 5.36372
3 86 3.85244
3 87 5.69481
3 88 3.03377
3 89 8.56647
3 90 1.5634
3 91 6.0853
3 92 5.45176
3 93 8.1125
3 94 2.47196
3 95 6.5779
3 96 6.63547
3 97 3.33754
3 98 7.57971
3 99 8.53358
4 5 6.77057
4 6 1.38108
4 7 6.72726
4 8 1.08657
4 9 5.40683
4 10 4.32928
4 11 0.28569
4 12 5.07239
4 13 1.93404
4 14 2.43488
4 15 7.03229
4 16 6.2212
4 17 4.74538
4 18 8.34898
4 19 1.5766
4 20 5.28147
4 21 7.04842
4 22 2.60835
4 23 1.23057
4 24 8.26926
4 25 3.72589
4 26 6.24661
4 27 5.86289
4 28 2.81073
4 29 8.89765
4 30 7.44953
4 31 6.1032
4 32 3.85721
4 33 8.72173
4 34 5.70224
4 35 7.48116
4 36 6.18525
4 37 8.96807
4 38 2.32168
4 39 8.17691
4 40 4.88003
4 41 1.17311
4 42 2.51001
4 43 3.06635
4 44 3.60453
4 45 8.41856
4 46 0.95744
4 47 3.06299
4 48 1.35125
4 49 6.31268
4 50 0.62347
4 51 6.00445
4 52 0.41047
4 53 5.96319
4 54 7.16245
4 55 8.23805
4 56 7.0182
4 57 5.45611
4 58 4.84254
4 59 1.77093
4 60 6.04737
4 61 4.0688
4 62 0.94219
4 63 8.0815
4 64 0.51354
4 65 0.80087
4 66 2.26418
4 67 1.54543
4 68 6.69905
4 69 0.69273
4 70 4.21877
4 71 4.14545
4 72 7.19949
4 73 6.04563
4 74 8.76152
4 75 8.05574
4 76 2.4553
4 77 0.6504
4 78 0.96702
4 79 5.91173
4 80 1.11525
4 81 2.90117
4 82 6.11308
4 83 2.95803
4 84 0.16787
4 85 3.66334
4 86 7.73484
4 87 4.49047
4 88 8.88225
4 89 5.00172
4 90 5.16932
4 91 0.3098
4 92 2.12585
4 93 0.61861
4 94 0.13417
4 95 0.98928
4 96 6.11778
4 97 6.8101
4 98 0.0301
4 99 3.85533
5 6 6.55576
5 7 1.30425
5 8 4.05266
5 9 7.04457
5 10 8.01501
5 11 8.76329
5 12 4.44985
5 13 0.97113
5 14 6.8958
5 15 4.0189
5 16 3.1127
5 17 2.69758
5 18 7.52667
5 19 4.19306
5 20 5.65203
5 21 6.24754
5 22 2.61301
5 23 1.73804
5 24 4.91955
5 25 6.97368
5 26 7.90315
5 27 2.62529
5 28 5.49741
5 29 1.2548
5 30 1.13197
5 31 4.30779
5 32 0.73504
5 33 2.80381
5 34 5.35007
5 35 5.48487
5 36 1.16355
5 37 1.62956
5 38 4.1805
5 39 4.85953
5 40 8.78296
5 41 7.45223
5 42 4.25152
5 43 3.06566
5 44 8.05889
5 45 6.51025
5 46 1.20934
5 47 4.02836
5 48 7.84758
5 49 2.23721
5 50 8.43615
5 51 4.99652
5 52 1.33981
5 53 2.9663
5 54 7.02401
5 55 5.09377
5 56 4.78894
5 57 2.89322
5 58 2.64673
5 59 1.53829
5 60 6.99344
5 61 8.48265
5 62 5.20362
5 63 0.97475
5 64 3.17239
5 65 0.96638
5 66 7.15252
5 67 0.8263
5 68 8.49526
5 69 6.80657
5 70 8.64726
5 71 6.55097
5 72 3.28986
5 73 8.1007
5 74 2.32926
5 75 5.55257
5 76 5.38851
5 77 6.77584
5 78 4.54074
5 79 7.96261
5 80 8.95816
5 81 8.41392
5 82 7.04994
5 83 5.8714
5 84 8.0405
5 85 5.21463
5 86 0.55226
5 87 0.28868
5 88 0.02428
5 89 3.32237
5 90 5.55614
5 91 7.72289
5 92 6.84482
5 93 7.24886
5 94 0.49479
5 95 3.89026
5 96 8.90067
5 97 4.2887
5 98 8.0686
5 99 1.91032
6 7 8.91387
6 8 8.76156
6 9 0.9599
6 10 3.96151
6 11 6.60486
6 12 6.66747
6 13 6.89041
6 14 6.38904
6 15 7.89179
6 16 6.57149
6 17 1.89612
6 18 2.88661
6 19 2.24907
6 20 0.55157
6 21 3.94724
6 22 4.90892
6 23 6.18538
6 24 2.03364
6 25 5.41579
6 26 0.71026
6 27 8.9624
6 28 7.69257
6 29 1.04172
6 30 2.02549
6 31 6.92501
6 32 8.78621
6 33 1.64833
6 34 1.22319
6 35 6.35623
6 36 3.92121
6 37 1.90633
6 38 3.69672
6 39 0.6823
6 40 6.31371
6 41 1.90854
6 42 8.6957
6 43 0.96449
6 44 7.09924
6 45 7.24398
6 46 4.79345
6 47 4.03323
6 48 7.08077
6 49 6.31849
6 50 7.13645
6 51 2.90585
6 52 7.17635
6 53 2.86171
6 54 2.87984
6 55 7.03816
6 56 3.52646
6 57 2.62845
6 58 3.20967
6 59 5.5972
6 60 0.57092
6 61 6.7675
6 62 6.39402
6 63 0.07148
6 64 7.20331
6 65 2.17076
6 66 6.79305
6 67 8.50478
6 68 3.37012
6 69 1.75988
6 70 8.09894
6 71 3.60411
6 72 6.92481
6 73 6.74543
6 74 8.95054
6 75 5.66583
6 76 5.01215
6 77 5.06506
6 78 8.80918
6 79 8.02121
6 80 6.72547
6 81 5.98443
6 82 4.64666
6 83 6.88924
6 84 3.46438
6 85 0.05039
6 86 0.17624
6 87 0.67584
6 88 0.89407
6 89 3.61169
6 90 2.2827
6 91 7.24095
6 92 0.61626
6 93 8.3406
6 94 7.19962
6 95 0.32844
6 96 8.39153
6 97 2.85804
6 98 7.57042
6 99 3.17926
7 8 2.59734
7 9 0.13121
7 10 0.12063
7 11 2.70009
7 12 1.34462
7 13 7.85391
7 14 6.96829
7 15 4.38663
7 16 3.12919
7 17 5.08051
7 18 4.52126
7 19 0.80804
7 20 6.90023
7 21 3.73929
7 22 5.16803
7 23 8.59322
7 24 2.71513
7 25 0.03178
7 26 0.27909
7 27 8.56508
7 28 8.98877
7 29 4.05649
7 30 7.39858
7 31 7.2239
7 32 5.52339
7 33 3.6801
7 34 7.43404
7 35 6.92022
7 36 4.69415
7 37 2.98678
7 38 4.46013
7 39 4.83216
7 40 1.21171
7 41 1.7958
7 42 3.16719
7 43 2.83083
7 44 2.31963
7 45 8.57945
7 46 1.32255
7 47 8.14178
7 48 8.25349
7 49 1.92514
7 50 5.87476
7 51 4.78847
7 52 0.40658
7 53 1.18181
7 54 7.93324
7 55 0.13996
7 56 3.31353
7 57 6.06167
7 58 5.36897
7 59 0.97924
7 60 7.03566
7 61 1.77545
7 62 8.01878
7 63 7.3743
7 64 7.55148
7 65 8.95762
7 66 0.13945
7 67 1.00784
7 68 6.42568
7 69 3.21187
7 70 5.78711
7 71 1.49651
7 72 3.11898
7 73 6.92295
7 74 6.24188
7 75 7.44732
7 76 0.97255
7 77 2.94631
7 78 6.05977
7 79 2.2556
7 80 2.78862
7 81 4.44154
7 82 5.04054
7 83 4.32449
7 84 8.92281
7 85 2.69044
7 86 4.96824
7 87 1.09288
7 88 0.79815
7 89 8.77785
7 90 1.07528
7 91 3.49832
7 92 3.65212
7 93 7.73409
7 94 3.4885
7 95 6.86747
7 96 8.08387
7 97 0.87779
7 98 7.70851
7 99 5.73141
8 9 1.0936
8 10 8.55699
8 11 7.66236
8 12 0.45882
8 13 3.0261
8 14 1.84762
8 15 0.53985
8 16 4.45826
8 17 7.32995
8 18 3.98889
8 19 0.50025
8 20 6.92606
8 21 6.70866
8 22 4.38765
8 23 3.29751
8 24 2.73909
8 25 0.89946
8 26 5.48031
8 27 7.71197
8 28 4.47838
8 29 5.91006
8 30 8.85647
8 31 7.18572
8 32 7.93107
8 33 6.26831
8 34 5.13141
8 35 0.48433
8 36 5.67132
8 37 2.56155
8 38 1.54715
8 39 4.48194
8 40 0.90237
8 41 6.61785
8 42 3.30371
8 43 2.08589
8 44 1.85249
8 45 6.87023
8 46 3.78633
8 47 3.5063
8 48 4.90571
8 49 4.19623
8 50 1.25514
8 51 4.38929
8 52 6.63537
8 53 8.05345
8 54 2.70277
8 55 8.58389
8 56 8.12893
8 57 4.82344
8 58 1.82655
8 59 4.89772
8 60 6.59385
8 61 8.35864
8 62 7.7172
8 63 3.45735
8 64 4.06369
8 65 0.32625
8 66 0.6475
8 67 5.97628
8 68 7.4674
8 69 6.17553
8 70 8.50373
8 71 5.24425
8 72 4.46231
8 73 3.61851
8 74 1.75382
8 75 5.34981
8 76 3.90233
8 77 6.87622
8 78 3.47531
8 79 8.34379
8 80 5.60651
8 81 2.38472
8 82 6.39672
8 83 2.16883
8 84 8.03893
8 85 8.71599
8 86 2.05147
8 87 8.02646
8 88 5.36702
8 89 4.86368
8 90 8.29124
8 91 6.08021
8 92 5.17931
8 93 5.61577
8 94 3.63767
8 95 3.30823
8 96 8.35252
8 97 4.64047
8 98 2.41246
8 99 3.86693
9 10 0.55495
9 11 3.52799
9 12 0.35431
9 13 4.95393
9 14 0.67105
9 15 3.56415
9 16 2.96522
9 17 4.95685
9 18 7.69448
9 19 1.21927
9 20 8.63414
9 21 2.70297
9 22 6.31508
9 23 4.28862
9 24 5.90205
9 25 1.50062
9 26 6.62254
9 27 1.72009
9 28 3.10985
9 29 6.85048
9 30 3.73182
9 31 0.93869
9 32 8.12598
9 33 0.91628
9 34 6.37332
9 35 7.95286
9 36 8.45773
9 37 4.2974
9 38 4.33891
9 39 6.14914
9 40 4.48904
9 41 0.62427
9 42 8.56119
9 43 7.51029
9 44 4.11238
9 45 6.8827
9 46 1.76502
9 47 0.22681
9 48 8.23575
9 49 0.52861
9 50 4.39901
9 51 2.61076
9 52 2.16918
9 53 1.75763
9 54 8.82432
9 55 3.86897
9 56 4.18228
9 57 1.44703
9 58 8.76054
9 59 1.54221
9 60 2.44474
9 61 8.57709
9 62 7.40584
9 63 2.1223
9 64 4.04113
9 65 1.39524
9 66 6.85276
9 67 3.05358
9 68 2.00214
9 69 1.09013
9 70 6.60068
9 71 6.32665
9 72 6.24473
9 73 6.79604
9 74 1.59295
9 75 3.35917
9 76 4.72016
9 77 4.85221
9 78 7.2304
9 79 5.19641
9 80 5.98185
9 81 7.54653
9 82 4.44052
9 83 7.09951
9 84 3.64941
9 85 6.64659
9 86 8.78775
9 87 8.80275
9 88 3.58378
9 89 8.68842
9 90 8.65077
9 91 7.79359
9 92 1.41545
9 93 0.99415
9 94 1.53095
9 95 3.61943
9 96 5.7947
9 97 4.04747
9 98 1.84357
9 99 0.19515
10 11 5.26819
10 12 8.03614
10 13 6.83441
10 14 8.21004
10 15 2.30499
10 16 4.65176
10 17 2.67443
10 18 1.18384
10 19 5.99792
10 20 0.92066
10 21 2.37091
10 22 6.67508
10 23 7.35554
10 24 4.90761
10 25 3.37583
10 26 8.10162
10 27 0.94896
10 28 2.7341
10 29 6.36892
10 30 6.82205
10 31 7.85661
10 32 4.08546
10 33 7.54864
10 34 5.44892
10 35 6.08857
10 36 7.11105
10 37 8.35853
10 38 4.24372
10 39 3.1851
10 40 0.77335
10 41 6.56907
10 42 6.42552
10 43 8.62845
10 44 7.58515
10 45 2.07338
10 46 0.3545
10 47 6.24719
10 48 5.91484
10 49 2.03173
10 50 0.45257
10 51 5.52761
10 52 8.60404
10 53 6.15683
10 54 4.13182
10 55 2.57961
10 56 7.8086
10 57 2.99382
10 58 1.38189
10 59 3.03761
10 60 6.98553
10 61 3.2949
10 62 4.9734
10 63 4.98177
10 64 3.19772
10 65 7.13956
10 66 7.00187
10 67 7.72443
10 68 1.5094
10 69 8.40831
10 70 3.2499
10 71 4.55602
10 72 0.12085
10 73 5.48342
10 74 3.12385
10 75 0.5597
10 76 1.88928
10 77 1.98029
10 78 0.95345
10 79 7.45985
10 80 0.82646
10 81 4.86141
10 82 2.3636
10 83 3.09393
10 84 8.80886
10 85 5.18615
10 86 6.12286
10 87 6.99407
10 88 3.15579
10 89 6.11672
10 90 7.24398
10 91 7.77784
10 92 0.83505
10 93 0.3135
10 94 1.6509
10 95 1.61023
10 96 6.51713
10 97 1.89467
10 98 4.22102
10 99 8.83749
11 12 3.5503
11 13 6.95388
11 14 1.81414
11 15 0.18682
11 16 0.52839
11 17 4.2947
11 18 7.16644
11 19 8.52436
11 20 2.10008
11 21 4.88872
11 22 5.8367
11 23 6.00556
11 24 0.55881
11 25 6.06806
11 26 2.02851
11 27 5.5645
11 28 2.89748
11 29 3.36332
11 30 0.45404
11 31 2.70388
11 32 2.22846
11 33 0.56347
11 34 1.96922
11 35 8.16032
11 36 3.06481
11 37 1.03115
11 38 3.92205
11 39 4.56884
11 40 6.50742
11 41 8.42764
11 42 6.84638
11 43 1.32318
11 44 8.80144
11 45 2.08906
11 46 2.57526
11 47 7.62488
11 48 8.09905
11 49 7.32937
11 50 0.07119
11 51 4.50905
11 52 4.92816
11 53 7.48228
11 54 4.42953
11 55 5.47074
11 56 1.01271
11 57 8.5137
11 58 4.88416
11 59 1.99244
11 60 8.01602
11 61 5.93549
11 62 1.51425
11 63 7.21666
11 64 1.20819
11 65 7.98289
11 66 8.67395
11 67 7.17532
11 68 0.79079
11 69 8.0919
11 70 5.48611
11 71 0.8478
11 72 1.57165
11 73 0.13965
11 74 8.59976
11 75 2.12278
11 76 0.081
11 77 4.88196
11 78 7.26157
11 79 3.01464
11 80 0.24397
11 81 2.63455
11 82 4.67957
11 83 4.73473
11 84 4.92122
11 85 2.90161
11 86 3.9614
11 87 3.90851
11 88 5.79745
11 89 7.42981
11 90 5.49813
11 91 2.94686
11 92 8.11033
11 93 8.1717
11 94 8.64283
11 95 0.64402
11 96 0.6107
11 97 5.63697
11 98 8.08821
11 99 0.32011
12 13 5.98941
12 14 3.84082
12 15 1.50569
12 16 4.2973
12 17 3.60177
12 18 1.24651
12 19 1.14402
12 20 7.21149
12 21 7.29873
12 22 5.98991
12 23 0.22284
12 24 8.44299
12 25 4.27372
12 26 1.2187
12 27 6.89738
12 28 0.6293
12 29 0.84379
12 30 7.89816
12 31 7.98721
12 32 8.3562
12 33 2.51585
12 34 7.51903
12 35 7.59541
12 36 7.70216
12 37 3.92833
12 38 1.96067
12 39 3.47165
12 40 7.32146
12 41 4.60409
12 42 6.27366
12 43 8.1636
12 44 3.5481
12 45 1.99473
12 46 0.58177
12 47 5.35477
12 48 8.24133
12 49 5.22632
12 50 5.87375
12 51 7.14712
12 52 0.50572
12 53 6.1131
12 54 3.7385
12 55 5.29326
12 56 3.47079
12 57 6.01245
12 58 5.00695
12 59 7.56713
12 60 6.72718
12 61 1.26291
12 62 3.0819
12 63 3.28964
12 64 5.29589
12 65 3.79234
12 66 0.41536
12 67 8.48962
12 68 3.9293
12 69 4.10091
12 70 3.47631
12 71 5.74022
12 72 3.22657
12 73 5.5319
12 74 6.26467
12 75 5.94745
12 76 5.8963
12 77 5.84912
12 78 0.83434
12 79 5.48793
12 80 1.00807
12 81 7.23672
12 82 1.98959
12 83 3.45108
12 84 0.14752
12 85 4.30385
12 86 0.88589
12 87 8.45445
12 88 3.28231
12 89 2.72377
12 90 6.9873
12 91 8.70054
12 92 2.13562
12 93 1.93266
12 94 8.35119
12 95 1.71472
12 96 3.49742
12 97 4.38346
12 98 7.07229
12 99 7.42132
13 14 2.75726
13 15 3.38126
13 16 6.65477
13 17 3.02247
13 18 8.29308
13 19 0.34512
13 20 0.93883
13 21 5.81073
13 22 2.15219
13 23 5.85142
13 24 4.52064
13 25 6.23727
13 26 5.75188
13 27 0.41806
13 28 7.44547
13 29 4.49813
13 30 0.701
13 31 1.42641
13 32 2.35475
13 33 6.73437
13 34 2.45401
13 35 3.17514
13 36 4.4253
13 37 0.12463
13 38 0.7101
13 39 0.346
13 40 5.37053
13 41 6.75008
13 42 7.23707
13 43 4.62952
13 44 3.77299
13 45 5.65489
13 46 3.79986
13 47 7.1
13 48 4.5175
13 49 6.62679
13 50 7.51094
13 51 0.66962
13 52 6.9474
13 53 7.70076
13 54 5.8133
13 55 0.13312
13 56 7.79394
13 57 3.87537
13 58 3.21652
13 59 4.24995
13 60 7.98586
13 61 1.18062
13 62 2.17383
13 63 3.41031
13 64 5.69127
13 65 3.99027
13 66 3.74135
13 67 7.18177
13 68 0.06824
13 69 0.4301
13 70 3.13316
13 71 3.68108
13 72 3.38478
13 73 4.81981
13 74 8.11081
13 75 0.1904
13 76 2.90962
13 77 4.74301
13 78 4.16369
13 79 6.84526
13 80 7.4255
13 81 8.17609
13 82 3.28958
13 83 2.53774
13 84 2.9461
13 85 7.27323
13 86 0.02862
13 87 5.51829
13 88 2.52523
13 89 2.45914
13 90 3.85329
13 91 8.96316
13 92 6.00797
13 93 8.84057
13 94 2.81391
13 95 3.84824
13 96 7.64011
13 97 4.42506
13 98 4.98153
13 99 3.05254
14 15 8.06727
14 16 3.83208
14 17 1.58663
14 18 4.9615
14 19 5.05021
14 20 5.7271
14 21 8.33713
14 22 0.22878
14 23 1.04486
14 24 5.5701
14 25 2.23256
14 26 1.26712
14 27 5.37025
14 28 5.65246
14 29 2.17894
14 30 2.13697
14 31 0.65513
14 32 5.64614
14 33 5.9463
14 34 8.64012
14 35 1.72365
14 36 1.80844
14 37 4.23374
14 38 2.0258
14 39 5.70323
14 40 3.84736
14 41 7.52958
14 42 6.37574
14 43 2.48992
14 44 0.90972
14 45 6.17034
14 46 4.91133
14 47 3.69897
14 48 6.83874
14 49 3.65817
14 50 2.29586
14 51 0.63654
14 52 8.56007
14 53 6.44568
14 54 0.79799
14 55 4.04181
14 56 5.66168
14 57 8.32472
14 58 6.68555
14 59 3.76239
14 60 1.53187
14 61 5.47549
14 62 6.50771
14 63 2.2155
14 64 5.09502
14 65 3.49188
14 66 4.84467
14 67 7.7215
14 68 5.0422
14 69 3.95866
14 70 4.01368
14 71 7.95534
14 72 2.21113
14 73 7.65201
14 74 4.25559
14 75 8.51616
14 76 6.80128
14 77 5.27251
14 78 5.48252
14 79 7.133
14 80 3.1446
14 81 8.21043
14 82 6.35999
14 83 5.82061
14 84 6.15631
14 85 8.27889
14 86 7.37052
14 87 2.50021
14 88 4.37051
14 89 4.25279
14 90 2.56201
14 91 6.12583
14 92 1.44965
14 93 2.12984
14 94 8.01587
14 95 3.39541
14 96 5.56949
14 97 3.72658
14 98 8.81479
14 99 7.1555
15 16 1.49374
15 17 1.84072
15 18 8.83299
15 19 4.97193
15 20 3.50162
15 21 6.20625
15 22 1.65088
15 23 5.55051
15 24 4.81117
15 25 0.74204
15 26 1.38897
15 27 7.98291
15 28 1.58553
15 29 7.01303
15 30 1.43955
15 31 0.99767
15 32 3.2833
15 33 0.47388
15 34 0.29378
15 35 5.27587
15 36 1.75741
15 37 0.63061
15 38 4.66437
15 39 8.99734
15 40 5.17911
15 41 8.01335
15 42 5.84771
15 43 6.43233
15 44 2.03378
15 45 8.04304
15 46 3.60953
15 47 7.11025
15 48 0.23992
15 49 5.12636
15 50 3.50319
15 51 4.67153
15 52 1.2317
15 53 6.92576
15 54 6.15137
15 55 3.43957
15 56 7.70988
15 57 3.23262
15 58 8.12407
15 59 2.12864
15 60 2.22003
15 61 6.81465
15 62 4.67001
15 63 3.4373
15 64 8.31056
15 65 8.43107
15 66 3.45863
15 67 4.46683
15 68 7.19882
15 69 6.11098
15 70 4.11018
15 71 1.96766
15 72 4.22118
15 73 6.84348
15 74 3.77395
15 75 5.74042
15 76 1.68064
15 77 2.07573
15 78 8.9917
15 79 2.77956
15 80 2.06911
15 81 8.90657
15 82 8.11978
15 83 2.30534
15 84 2.88299
15 85 8.82865
15 86 3.85922
15 87 4.87128
15 88 3.70322
15 89 5.38565
15 90 2.47493
15 91 3.35039
15 92 5.68527
15 93 0.79507
15 94 3.72252
15 95 4.50073
15 96 4.8453
15 97 6.72534
15 98 3.44985
15 99 2.73955
16 17 7.07683
16 18 2.04046
16 19 7.25384
16 20 7.38593
16 21 6.60981
16 22 8.24604
16 23 8.47063
16 24 7.18317
16 25 4.36579
16 26 7.48036
16 27 0.79102
16 28 7.92156
16 29 4.16018
16 30 4.50821
16 31 5.29561
16 32 5.56443
16 33 1.31596
16 34 4.85755
16 35 4.55281
16 36 0.53572
16 37 1.27085
16 38 5.67085
16 39 0.38904
16 40 5.73852
16 41 5.70097
16 42 1.23279
16 43 4.70274
16 44 6.66362
16 45 5.25088
16 46 3.89103
16 47 7.35925
16 48 8.34178
16 49 8.48544
16 50 1.56287
16 51 3.79711
16 52 2.42228
16 53 4.51652
16 54 7.71689
16 55 4.76807
16 56 3.64989
16 57 3.79841
16 58 8.00448
16 59 1.5706
16 60 2.19946
16 61 6.43072
16 62 5.06751
16 63 0.61267
16 64 0.03744
16 65 2.76493
16 66 3.15491
16 67 0.53583
16 68 7.37999
16 69 7.67054
16 70 4.2578
16 71 7.42916
16 72 8.29235
16 73 8.52455
16 74 6.2599
16 75 7.55511
16 76 1.4589
16 77 1.52792
16 78 2.49209
16 79 4.30457
16 80 8.20132
16 81 2.87372
16 82 1.37957
16 83 7.1928
16 84 5.90452
16 85 3.47701
16 86 5.58726
16 87 3.4083
16 88 2.08293
16 89 4.8357
16 90 8.45313
16 91 7.47816
16 92 4.25241
16 93 7.99092
16 94 4.89409
16 95 8.6731
16 96 6.14368
16 97 3.2698
16 98 3.01146
16 99 2.80869
17 18 3.77224
17 19 4.38742
17 20 6.02684
17 21 3.99142
17 22 0.74188
17 23 3.42913
17 24 7.22966
17 25 6.88163
17 26 8.01456
17 27 2.82709
17 28 6.46786
17 29 7.73218
17 30 2.87763
17 31 8.48214
17 32 0.16486
17 33 4.89934
17 34 2.42084
17 35 7.60239
17 36 4.73501
17 37 7.916
17 38 4.61942
17 39 5.97155
17 40 5.983
17 41 2.73792
17 42 7.98039
17 43 5.05992
17 44 7.8631
17 45 0.70114
17 46 6.0192
17 47 1.85568
17 48 2.46598
17 49 4.15501
17 50 6.33758
17 51 8.23284
17 52 1.5092
17 53 2.90255
17 54 3.6897
17 55 1.7342
17 56 1.23196
17 57 2.64532
17 58 7.64004
17 59 5.21598
17 60 8.86093
17 61 5.21022
17 62 6.8029
17 63 4.70956
17 64 7.1185
17 65 1.95124
17 66 6.21382
17 67 5.28264
17 68 5.4404
17 69 3.92086
17 70 4.47835
17 71 3.50052
17 72 0.30587
17 73 1.22234
17 74 7.66558
17 75 6.94023
17 76 6.50867
17 77 5.78956
17 78 6.73231
17 79 1.32603
17 80 2.42838
17 81 0.83142
17 82 3.21921
17 83 5.92709
17 84 5.11221
17 85 8.29283
17 86 3.01258
17 87 2.7037
17 88 8.37055
17 89 5.1544
17 90 5.71757
17 91 6.74668
17 92 0.97116
17 93 4.10771
17 94 8.13363
17 95 5.31002
17 96 0.95873
17 97 2.99477
17 98 1.7959
17 99 3.82284
18 19 5.29593
18 20 1.69057
18 21 7.58873
18 22 3.48253
18 23 4.35811
18 24 6.53362
18 25 8.73916
18 26 4.6291
18 27 2.08195
18 28 6.58989
18 29 5.81657
18 30 0.24021
18 31 7.51404
18 32 2.30883
18 33 5.67239
18 34 1.49094
18 35 5.86434
18 36 5.2527
18 37 0.29523
18 38 0.19481
18 39 5.0322
18 40 5.4813
18 41 2.19165
18 42 1.48858
18 43 7.88121
18 44 2.89993
18 45 2.95085
18 46 7.55832
18 47 5.44157
18 48 6.4064
18 49 5.94882
18 50 0.7264
18 51 8.83997
18 52 2.64484
18 53 3.86951
18 54 6.9333
18 55 7.47477
18 56 5.19599
18 57 4.00999
18 58 6.31616
18 59 6.4279
18 60 0.41417
18 61 8.094
18 62 1.23501
18 63 3.07861
18 64 3.646
18 65 2.19548
18 66 2.27574
18 67 5.98363
18 68 7.7037
18 69 8.48533
18 70 1.51816
18 71 2.08662
18 72 5.71576
18 73 7.44095
18 74 8.31167
18 75 1.8083
18 76 5.13203
18 77 7.39632
18 78 8.85759
18 79 0.60089
18 80 4.01232
18 81 4.28656
18 82 5.59543
18 83 2.06308
18 84 0.08225
18 85 7.90421
18 86 0.70728
18 87 5.46328
18 88 2.13548
18 89 6.30206
18 90 5.67371
18 91 5.43549
18 92 5.5613
18 93 6.31347
18 94 3.62229
18 95 1.86726
18 96 5.15688
18 97 6.88445
18 98 8.37794
18 99 3.0849
19 20 6.004
19 21 0.89394
19 22 0.90369
19 23 7.88002
19 24 3.94779
19 25 3.25098
19 26 6.43606
19 27 1.56555
19 28 3.41431
19 29 4.43753
19 30 2.39168
19 31 8.58634
19 32 1.64396
19 33 1.42441
19 34 3.52908
19 35 5.2152
19 36 7.09667
19 37 8.8903
19 38 6.23831
19 39 0.18979
19 40 0.4926
19 41 1.15232
19 42 5.44144
19 43 3.39403
19 44 7.6586
19 45 8.51348
19 46 8.19021
19 47 2.71258
19 48 2.23227
19 49 4.18426
19 50 5.31901
19 51 1.31162
19 52 4.53797
19 53 0.35567
19 54 4.90695
19 55 8.11689
19 56 2.95237
19 57 3.71689
19 58 2.64564
19 59 6.82443
19 60 1.67989
19 61 3.77679
19 62 8.1044
19 63 0.03293
19 64 7.74198
19 65 3.4749
19 66 3.88897
19 67 3.32352
19 68 4.31763
19 69 3.43839
19 70 5.52145
19 71 8.13231
19 72 4.45373
19 73 4.4542
19 74 6.97511
19 75 6.85505
19 76 2.63616
19 77 4.57499
19 78 5.81606
19 79 5.69645
19 80 3.78707
19 81 0.31999
19 82 5.43966
19 83 0.63078
19 84 2.74068
19 85 4.16605
19 86 8.10364
19 87 4.04726
19 88 1.40779
19 89 6.0234
19 90 3.89658
19 91 2.28354
19 92 8.45159
19 93 2.56096
19 94 0.32235
19 95 5.69429
19 96 4.90385
19 97 5.83203
19 98 7.43648
19 99 7.86661
20 21 1.52258
20 22 1.88728
20 23 1.38419
20 24 0.48984
20 25 4.75957
20 26 8.86256
20 27 0.06103
20 28 0.18488
20 29 4.40447
20 30 3.99181
20 31 2.91954
20 32 5.4127
20 33 8.13397
20 34 1.26999
20 35 2.77641
20 36 8.78007
20 37 7.2179
20 38 1.44871
20 39 3.13721
20 40 7.8371
20 41 6.05486
20 42 8.50745
20 43 2.59263
20 44 2.39719
20 45 3.75891
20 46 2.26015
20 47 7.69981
20 48 7.1882
20 49 5.27431
20 50 3.93184
20 51 6.63797
20 52 1.22315
20 53 4.8922
20 54 5.0202
20 55 4.50769
20 56 4.08383
20 57 6.60447
20 58 6.43472
20 59 6.11314
20 60 2.92079
20 61 8.96264
20 62 5.80266
20 63 2.09395
20 64 4.7503
20 65 1.15864
20 66 7.94522
20 67 5.70177
20 68 7.30231
20 69 4.20733
20 70 2.18435
20 71 0.59998
20 72 0.24662
20 73 4.52977
20 74 0.49592
20 75 0.55036
20 76 7.75263
20 77 6.70507
20 78 6.87824
20 79 7.92506
20 80 0.36348
20 81 7.70966
20 82 5.33475
20 83 6.14968
20 84 3.79635
20 85 3.04199
20 86 7.56774
20 87 6.99736
20 88 4.9484
20 89 2.06733
20 90 6.35545
20 91 7.30769
20 92 7.45079
20 93 4.26282
20 94 8.6382
20 95 6.04754
20 96 2.07797
20 97 8.67428
20 98 8.20442
20 99 8.8605
21 22 3.46854
21 23 3.86749
21 24 4.51172
21 25 4.31243
21 26 3.17585
21 27 6.41866
21 28 6.27331
21 29 0.77131
21 30 8.21617
21 31 8.2771
21 32 0.3705
21 33 6.06633
21 34 0.03153
21 35 7.84511
21 36 5.11724
21 37 7.8617
21 38 4.04185
21 39 1.77573
21 40 8.45702
21 41 2.73665
21 42 4.86042
21 43 4.21794
21 44 4.10355
21 45 3.32176
21 46 4.5135
21 47 8.25245
21 48 4.63328
21 49 5.51041
21 50 4.9185
21 51 5.75908
21 52 1.9154
21 53 0.37952
21 54 3.73664
21 55 6.29384
21 56 3.62332
21 57 2.4891
21 58 6.76263
21 59 4.75895
21 60 2.13613
21 61 0.37552
21 62 3.91887
21 63 7.42112
21 64 7.43155
21 65 2.18634
21 66 3.03828
21 67 0.98761
21 68 6.20799
21 69 1.37945
21 70 8.52708
21 71 4.70392
21 72 2.83925
21 73 3.79556
21 74 0.75951
21 75 6.9284
21 76 2.37821
21 77 5.23017
21 78 0.33813
21 79 8.13874
21 80 6.56473
21 81 1.80851
21 82 0.60205
21 83 5.20123
21 84 8.18422
21 85 2.15224
21 86 6.72549
21 87 5.78597
21 88 4.56694
21 89 6.12579
21 90 0.04432
21 91 1.2969
21 92 4.39162
21 93 7.20427
21 94 0.516
21 95 3.98028
21 96 8.72714
21 97 7.01242
21 98 6.99339
21 99 3.9866
22 23 6.91759
22 24 0.17337
22 25 3.16446
22 26 4.676
22 27 2.98484
22 28 2.57079
22 29 7.77728
22 30 1.00406
22 31 3.72037
22 32 3.78492
22 33 4.39992
22 34 3.92172
22 35 5.32692
22 36 4.13336
22 37 4.46079
22 38 4.1995
22 39 3.9214
22 40 4.31137
22 41 3.72255
22 42 0.26191
22 43 1.03673
22 44 1.55202
22 45 7.92139
22 46 5.97018
22 47 4.42316
22 48 4.39658
22 49 7.15218
22 50 0.89687
22 51 3.08178
22 52 1.10863
22 53 2.71916
22 54 2.17469
22 55 2.2862
22 56 7.03856
22 57 4.61044
22 58 0.11275
22 59 4.43753
22 60 3.40317
22 61 5.56861
22 62 5.6507
22 63 2.80735
22 64 0.11568
22 65 4.84808
22 66 5.16945
22 67 5.49837
22 68 1.65137
22 69 2.47122
22 70 4.31702
22 71 5.80809
22 72 2.65446
22 73 0.60115
22 74 4.56963
22 75 4.26585
22 76 6.3168
22 77 7.42192
22 78 0.51365
22 79 2.83002
22 80 2.99746
22 81 4.52416
22 82 7.10113
22 83 6.52279
22 84 6.83071
22 85 7.32934
22 86 2.0336
22 87 3.86879
22 88 6.65958
22 89 7.52175
22 90 1.71375
22 91 5.20667
22 92 3.52748
22 93 7.25949
22 94 8.85282
22 95 2.82061
22 96 3.01391
22 97 0.32327
22 98 7.03998
22 99 8.55757
23 24 2.79355
23 25 3.78469
23 26 2.57167
23 27 7.20182
23 28 3.50934
23 29 2.77516
23 30 8.15204
23 31 4.22395
23 32 0.21496
23 33 2.70091
23 34 0.56215
23 35 5.61071
23 36 1.40426
23 37 3.16998
23 38 7.61333
23 39 4.7134
23 40 6.28491
23 41 8.98645
23 42 8.29789
23 43 5.86206
23 44 1.8563
23 45 2.29811
23 46 2.46349
23 47 7.99338
23 48 6.25347
23 49 7.35882
23 50 5.08072
23 51 6.09803
23 52 8.26786
23 53 3.4435
23 54 7.51464
23 55 7.7577
23 56 5.31328
23 57 5.97095
23 58 6.08725
23 59 6.47197
23 60 8.68141
23 61 3.60372
23 62 4.9028
23 63 2.87315
23 64 7.86788
23 65 1.05922
23 66 1.83042
23 67 3.13712
23 68 8.7731
23 69 5.48311
23 70 0.77467
23 71 3.32865
23 72 7.91149
23 73 4.78633
23 74 8.02015
23 75 6.59762
23 76 3.44622
23 77 4.38185
23 78 2.68128
23 79 0.32918
23 80 6.53331
23 81 0.24887
23 82 4.93304
23 83 4.5498
23 84 0.18475
23 85 1.43647
23 86 0.75619
23 87 7.74281
23 88 0.56616
23 89 2.93092
23 90 0.21467
23 91 4.95068
23 92 5.16279
23 93 8.46564
23 94 3.92384
23 95 0.07199
23 96 8.92437
23 97 3.14795
23 98 2.53811
23 99 3.03431
24 25 1.88213
24 26 2.95748
24 27 6.67171
24 28 0.20751
24 29 2.97133
24 30 8.38625
24 31 7.57546
24 32 5.76644
24 33 2.12746
24 34 8.53694
24 35 6.17895
24 36 1.96749
24 37 4.50172
24 38 3.31233
24 39 7.89075
24 40 7.76038
24 41 8.58756
24 42 7.78333
24 43 6.19246
24 44 1.31307
24 45 3.18704
24 46 8.98756
24 47 3.12764
24 48 3.92825
24 49 8.24435
24 50 1.00262
24 51 1.13059
24 52 1.21462
24 53 2.61886
24 54 1.95372
24 55 3.28497
24 56 1.95404
24 57 2.69126
24 58 1.6914
24 59 0.73622
24 60 2.09833
24 61 7.70587
24 62 2.94817
24 63 5.1729
24 64 1.36357
24 65 5.88413
24 66 5.09524
24 67 8.24258
24 68 4.66879
24 69 8.20601
24 70 7.10977
24 71 5.4155
24 72 2.21217
24 73 0.57914
24 74 5.23124
24 75 7.21258
24 76 8.46466
24 77 2.2795
24 78 8.10876
24 79 4.47804
24 80 1.59
24 81 8.364
24 82 8.66337
24 83 1.41811
24 84 5.30535
24 85 1.10644
24 86 6.13616
24 87 4.20832
24 88 6.68069
24 89 1.84146
24 90 0.09082
24 91 8.06027
24 92 5.08398
24 93 1.07413
24 94 0.00763
24 95 5.74234
24 96 8.4093
24 97 5.49352
24 98 3.50593
24 99 1.92518
25 26 8.37348
25 27 5.78722
25 28 4.07396
25 29 1.48689
25 30 5.19569
25 31 7.66581
25 32 8.408
25 33 0.5008
25 34 1.46637
25 35 8.51935
25 36 0.78219
25 37 0.45955
25 38 7.74421
25 39 8.70867
25 40 8.72607
25 41 6.18483
25 42 4.08355
25 43 0.08918
25 44 8.85061
25 45 6.14403
25 46 1.01523
25 47 8.0021
25 48 1.88608
25 49 6.24272
25 50 7.72956
25 51 1.06256
25 52 3.53786
25 53 4.08547
25 54 4.5102
25 55 5.21943
25 56 3.99995
25 57 3.36782
25 58 2.04899
25 59 0.34854
25 60 2.6824
25 61 5.52207
25 62 3.85335
25 63 7.69783
25 64 6.87689
25 65 8.17369
25 66 1.3809
25 67 0.60042
25 68 4.80487
25 69 0.08835
25 70 5.40055
25 71 1.55469
25 72 5.31015
25 73 5.0523
25 74 6.31252
25 75 8.23131
25 76 5.54408
25 77 5.47357
25 78 0.75599
25 79 3.64887
25 80 5.44997
25 81 6.52559
25 82 0.97227
25 83 5.86819
25 84 8.09951
25 85 5.69862
25 86 5.84366
25 87 1.4947
25 88 4.11305
25 89 5.24132
25 90 4.76754
25 91 1.59424
25 92 4.73183
25 93 5.62989
25 94 4.85889
25 95 5.03012
25 96 5.25105
25 97 3.31733
25 98 2.66777
25 99 7.32578
26 27 5.80106
26 28 5.95913
26 29 2.05252
26 30 8.72339
26 31 6.12895
26 32 4.66037
26 33 5.94384
26 34 3.54617
26 35 3.97135
26 36 7.3306
26 37 7.30954
26 38 5.20193
26 39 6.85908
26 40 6.16213
26 41 2.13328
26 42 8.14558
26 43 3.7798
26 44 4.44068
26 45 0.86144
26 46 2.08858
26 47 3.44436
26 48 8.23107
26 49 3.65888
26 50 5.68103
26 51 0.10058
26 52 7.83956
26 53 6.67531
26 54 5.53519
26 55 5.56277
26 56 0.02686
26 57 0.97762
26 58 3.10835
26 59 6.13858
26 60 6.82508
26 61 6.00548
26 62 4.8973
26 63 3.73715
26 64 7.74818
26 65 2.29691
26 66 3.39289
26 67 0.9958
26 68 1.51014
26 69 5.73653
26 70 4.67587
26 71 0.13908
26 72 0.44432
26 73 6.52437
26 74 5.94398
26 75 0.28054
26 76 4.44274
26 77 6.88328
26 78 8.20415
26 79 3.44592
26 80 7.87001
26 81 2.93952
26 82 0.66947
26 83 6.09393
26 84 5.34038
26 85 0.89235
26 86 4.20756
26 87 5.27897
26 88 1.88705
26 89 7.97434
26 90 6.13824
26 91 2.69484
26 92 5.49819
26 93 4.44823
26 94 4.48492
26 95 3.16171
26 96 1.85863
26 97 3.04337
26 98 5.39943
26 99 7.96617
27 28 3.47889
27 29 7.89213
27 30 3.70061
27 31 2.61828
27 32 0.19291
27 33 0.81715
27 34 1.44045
27 35 5.08275
27 36 7.16634
27 37 4.14632
27 38 3.38706
27 39 0.7303
27 40 5.98349
27 41 6.70607
27 42 8.21698
27 43 7.00149
27 44 5.2317
27 45 2.76114
27 46 5.33296
27 47 8.72235
27 48 5.18452
27 49 1.90822
27 50 6.83791
27 51 3.84264
27 52 7.89806
27 53 4.01729
27 54 7.03606
27 55 6.07647
27 56 6.82431
27 57 8.37875
27 58 5.76881
27 59 0.02299
27 60 0.11734
27 61 6.33022
27 62 8.99854
27 63 7.12691
27 64 5.39621
27 65 1.93862
27 66 4.3219
27 67 2.11756
27 68 5.31883
27 69 0.65053
27 70 2.2316
27 71 0.77392
27 72 5.52724
27 73 1.29536
27 74 8.96683
27 75 6.6617
27 76 5.09679
27 77 6.37964
27 78 4.92939
27 79 5.37373
27 80 4.72503
27 81 0.48184
27 82 1.01317
27 83 0.74231
27 84 1.17121
27 85 6.54257
27 86 3.08524
27 87 5.36492
27 88 4.74398
27 89 4.91503
27 90 8.88255
27 91 0.32273
27 92 1.28625
27 93 6.15108
27 94 5.69059
27 95 2.68234
27 96 2.30153
27 97 6.7379
27 98 5.20939
27 99 1.44141
28 29 4.29446
28 30 7.88786
28 31 7.87812
28 32 5.61334
28 33 6.43147
28 34 1.21818
28 35 4.58886
28 36 8.9045
28 37 2.49684
28 38 6.26776
28 39 1.88734
28 40 1.35568
28 41 3.19005
28 42 5.11803
28 43 7.99568
28 44 7.90197
28 45 1.59722
28 46 0.41768
28 47 6.80706
28 48 2.6115
28 49 4.442
28 50 2.75472
28 51 1.99918
28 52 3.72775
28 53 2.57182
28 54 6.64307
28 55 3.54142
28 56 8.74051
28 57 5.70517
28 58 2.13704
28 59 8.29206
28 60 6.85233
28 61 2.1367
28 62 4.47326
28 63 5.16295
28 64 8.60786
28 65 0.61427
28 66 3.73996
28 67 6.57267
28 68 2.23509
28 69 5.34034
28 70 8.0665
28 71 7.66499
28 72 7.59317
28 73 4.98175
28 74 3.93813
28 75 5.18973
28 76 7.15301
28 77 7.74432
28 78 6.25999
28 79 6.96997
28 80 4.24451
28 81 1.39082
28 82 2.4128
28 83 8.33652
28 84 3.2541
28 85 1.49936
28 86 0.41667
28 87 0.70366
28 88 0.51029
28 89 7.67373
28 90 2.39425
28 91 3.69689
28 92 6.04005
28 93 6.59971
28 94 3.78017
28 95 3.73502
28 96 8.78301
28 97 1.15298
28 98 2.80453
28 99 1.3648
29 30 1.73141
29 31 2.67401
29 32 7.50283
29 33 8.42154
29 34 6.7801
29 35 7.69347
29 36 5.31169
29 37 1.11659
29 38 3.80881
29 39 1.62656
29 40 1.224
29 41 8.84706
29 42 6.78874
29 43 2.50477
29 44 2.38557
29 45 7.88556
29 46 3.0616
29 47 4.12882
29 48 0.5115
29 49 7.38525
29 50 0.30467
29 51 7.40213
29 52 3.56875
29 53 8.60542
29 54 8.7581
29 55 0.67435
29 56 5.20509
29 57 5.88103
29 58 3.85617
29 59 5.44155
29 60 2.81708
29 61 7.14266
29 62 7.42446
29 63 0.54549
29 64 1.71341
29 65 5.82407
29 66 8.63358
29 67 2.16695
29 68 1.03019
29 69 8.03083
29 70 3.58207
29 71 3.60666
29 72 5.38378
29 73 6.52172
29 74 6.15439
29 75 1.19918
29 76 3.5051
29 77 4.66257
29 78 1.58007
29 79 3.16243
29 80 5.56586
29 81 3.57745
29 82 8.33224
29 83 8.28724
29 84 4.93037
29 85 0.1567
29 86 6.82043
29 87 1.28617
29 88 1.53177
29 89 4.45023
29 90 5.10617
29 91 2.49936
29 92 0.04112
29 93 0.25073
29 94 8.32545
29 95 4.71999
29 96 8.52572
29 97 3.20544
29 98 1.582
29 99 8.49723
30 31 3.25805
30 32 8.57903
30 33 7.90295
30 34 5.9361
30 35 2.07495
30 36 1.40337
30 37 6.61469
30 38 5.31647
30 39 0.99934
30 40 3.25733
30 41 8.76739
30 42 6.38844
30 43 6.08492
30 44 5.44674
30 45 5.37438
30 46 8.18212
30 47 5.99382
30 48 4.22693
30 49 8.04011
30 50 7.8735
30 51 2.25416
30 52 2.22584
30 53 1.05192
30 54 1.94951
30 55 0.58897
30 56 7.24539
30 57 3.20409
30 58 3.61805
30 59 4.86012
30 60 4.88512
30 61 1.10163
30 62 6.2591
30 63 8.44864
30 64 1.497
30 65 0.64804
30 66 4.79399
30 67 6.41349
30 68 6.77568
30 69 0.47727
30 70 7.69409
30 71 4.40828
30 72 5.40052
30 73 6.46673
30 74 2.12749
30 75 0.02742
30 76 6.02697
30 77 2.72848
30 78 6.25484
30 79 5.47227
30 80 2.53178
30 81 1.17169
30 82 4.60862
30 83 1.96449
30 84 5.37971
30 85 3.82305
30 86 4.80705
30 87 4.66695
30 88 0.29483
30 89 1.547
30 90 2.15284
30 91 3.91837
30 92 2.84403
30 93 8.39965
30 94 1.99271
30 95 6.12502
30 96 0.37226
30 97 2.8938
30 98 8.24283
30 99 6.59572
31 32 3.06235
31 33 1.97323
31 34 0.16208
31 35 6.98249
31 36 7.96924
31 37 6.54243
31 38 1.75237
31 39 6.23859
31 40 2.33329
31 41 8.81993
31 42 0.02785
31 43 8.42345
31 44 8.54685
31 45 4.04913
31 46 3.9866
31 47 0.67835
31 48 7.79682
31 49 3.1696
31 50 5.83704
31 51 0.61636
31 52 6.99928
31 53 5.04073
31 54 5.46142
31 55 7.71668
31 56 8.32433
31 57 6.51148
31 58 1.48704
31 59 2.50544
31 60 2.52452
31 61 2.2972
31 62 0.70911
31 63 8.05039
31 64 1.06759
31 65 5.41381
31 66 7.18646
31 67 1.47001
31 68 6.36742
31 69 2.72464
31 70 6.5998
31 71 7.87546
31 72 0.28093
31 73 0.9013
31 74 6.328
31 75 4.12462
31 76 0.33963
31 77 0.07491
31 78 6.25236
31 79 4.69231
31 80 4.01693
31 81 6.78229
31 82 2.42065
31 83 8.45875
31 84 3.77125
31 85 6.82337
31 86 3.49739
31 87 0.24156
31 88 2.12045
31 89 1.59373
31 90 1.53938
31 91 0.49628
31 92 1.24827
31 93 2.84731
31 94 0.23614
31 95 4.45455
31 96 1.62024
31 97 8.21012
31 98 8.74185
31 99 8.38096
32 33 5.44004
32 34 7.42806
32 35 3.67914
32 36 2.32105
32 37 0.70902
32 38 4.89262
32 39 3.46928
32 40 5.82864
32 41 0.02292
32 42 3.1886
32 43 6.05005
32 44 6.82152
32 45 5.17271
32 46 0.86901
32 47 3.50929
32 48 7.92804
32 49 0.49125
32 50 5.44601
32 51 3.88052
32 52 5.10832
32 53 5.76994
32 54 6.17613
32 55 8.37149
32 56 3.39883
32 57 6.44097
32 58 3.62338
32 59 0.69481
32 60 6.24127
32 61 2.05318
32 62 2.8867
32 63 6.6944
32 64 8.65796
32 65 8.8865
32 66 6.29253
32 67 0.7627
32 68 2.43901
32 69 0.00484
32 70 8.93182
32 71 2.99065
32 72 0.38381
32 73 5.44938
32 74 8.75205
32 75 7.12248
32 76 4.58566
32 77 2.11986
32 78 5.37066
32 79 2.971
32 80 7.06787
32 81 0.14749
32 82 2.82399
32 83 8.06135
32 84 6.37341
32 85 5.44311
32 86 2.77165
32 87 7.2
32 88 1.53232
32 89 4.60206
32 90 1.38786
32 91 4.302
32 92 5.57795
32 93 4.82976
32 94 3.42925
32 95 6.50724
32 96 6.15442
32 97 5.6409
32 98 6.8879
32 99 5.55035
33 34 6.6252
33 35 6.64717
33 36 4.57335
33 37 8.11575
33 38 0.43849
33 39 2.86101
33 40 5.93072
33 41 8.68201
33 42 8.21274
33 43 1.7368
33 44 2.27764
33 45 8.27067
33 46 2.53791
33 47 0.86994
33 48 3.48752
33 49 8.40807
33 50 7.84691
33 51 8.73648
33 52 8.05724
33 53 7.0123
33 54 1.49155
33 55 6.86091
33 56 4.11287
33 57 4.5977
33 58 2.0171
33 59 8.06459
33 60 4.6616
33 61 1.73382
33 62 5.28473
33 63 5.71579
33 64 1.0328
33 65 8.46149
33 66 2.77875
33 67 7.94806
33 68 8.49022
33 69 1.26417
33 70 3.02179
33 71 6.75667
33 72 4.32981
33 73 3.96768
33 74 7.19948
33 75 3.72486
33 76 1.70339
33 77 5.00227
33 78 6.73603
33 79 1.79383
33 80 7.95862
33 81 0.29625
33 82 8.8737
33 83 1.00829
33 84 8.20915
33 85 7.46378
33 86 5.40454
33 87 1.97592
33 88 1.03801
33 89 7.18337
33 90 0.07146
33 91 8.56279
33 92 7.7481
33 93 7.48317
33 94 7.49917
33 95 7.04474
33 96 8.32516
33 97 3.719
33 98 8.42665
33 99 5.74504
34 35 8.93538
34 36 6.51808
34 37 3.14516
34 38 6.64442
34 39 8.37508
34 40 0.51613
34 41 2.95087
34 42 5.85913
34 43 3.40205
34 44 7.56272
34 45 7.72216
34 46 3.52341
34 47 8.901
34 48 4.80783
34 49 8.40113
34 50 8.43681
34 51 5.07128
34 52 3.6645
34 53 8.02657
34 54 4.30499
34 55 6.46127
34 56 4.99137
34 57 4.13574
34 58 8.6768
34 59 1.00981
34 60 4.39168
34 61 8.14585
34 62 1.91829
34 63 4.01512
34 64 8.97761
34 65 1.36737
34 66 4.43693
34 67 3.14608
34 68 6.04934
34 69 2.32361
34 70 1.91082
34 71 5.49714
34 72 3.46318
34 73 0.27711
34 74 5.98459
34 75 0.3632
34 76 0.41045
34 77 3.87466
34 78 8.69912
34 79 6.8356
34 80 4.59776
34 81 2.90252
34 82 1.05205
34 83 1.43849
34 84 2.7199
34 85 3.30907
34 86 1.46791
34 87 4.75555
34 88 1.35281
34 89 5.95567
34 90 6.53457
34 91 0.14664
34 92 3.19521
34 93 3.70521
34 94 5.35579
34 95 8.03878
34 96 1.38508
34 97 8.90053
34 98 4.39173
34 99 6.14301
35 36 2.31605
35 37 1.8094
35 38 2.69667
35 39 2.72007
35 40 0.68706
35 41 0.95172
35 42 5.38051
35 43 3.98392
35 44 2.81308
35 45 0.08663
35 46 5.61776
35 47 8.81264
35 48 8.39084
35 49 2.03243
35 50 4.71469
35 51 4.75572
35 52 2.55177
35 53 2.0934
35 54 5.08442
35 55 7.11259
35 56 4.50587
35 57 2.26133
35 58 2.53907
35 59 6.06282
35 60 3.14295
35 61 4.07188
35 62 4.60863
35 63 0.0953
35 64 1.35498
35 65 6.02345
35 66 0.56871
35 67 8.20936
35 68 0.11502
35 69 6.62141
35 70 6.4392
35 71 8.7573
35 72 2.60236
35 73 2.12672
35 74 3.44959
35 75 7.53836
35 76 7.3401
35 77 6.47085
35 78 8.03455
35 79 8.53974
35 80 0.2357
35 81 5.59312
35 82 8.52017
35 83 7.22514
35 84 3.85055
35 85 8.48599
35 86 7.67296
35 87 7.88181
35 88 8.46578
35 89 2.88755
35 90 1.91779
35 91 1.52416
35 92 0.70417
35 93 1.77799
35 94 6.90989
35 95 7.38244
35 96 2.3927
35 97 1.20462
35 98 7.38955
35 99 8.18254
36 37 4.17038
36 38 8.13801
36 39 6.8851
36 40 5.53319
36 41 7.04755
36 42 3.33879
36 43 8.01162
36 44 0.96867
36 45 1.82448
36 46 6.09628
36 47 1.4929
36 48 2.89125
36 49 1.60717
36 50 2.97192
36 51 7.35497
36 52 3.84393
36 53 5.35148
36 54 6.61535
36 55 4.78818
36 56 8.35181
36 57 2.20698
36 58 0.69804
36 59 6.02193
36 60 5.94777
36 61 4.99488
36 62 5.45233
36 63 6.45768
36 64 1.16468
36 65 1.69917
36 66 0.87161
36 67 8.35893
36 68 8.27184
36 69 1.19837
36 70 7.85227
36 71 2.68479
36 72 5.92271
36 73 3.25786
36 74 8.76161
36 75 3.98843
36 76 8.32062
36 77 6.04307
36 78 2.69873
36 79 3.67804
36 80 7.80588
36 81 8.15503
36 82 3.63668
36 83 3.89029
36 84 3.17338
36 85 4.99831
36 86 3.482
36 87 4.30812
36 88 2.04509
36 89 0.90537
36 90 5.77249
36 91 6.8841
36 92 0.63022
36 93 7.38361
36 94 6.90666
36 95 2.56552
36 96 6.65412
36 97 2.66986
36 98 6.27957
36 99 5.39817
37 38 0.58144
37 39 4.78279
37 40 5.87922
37 41 5.99479
37 42 7.03498
37 43 4.84657
37 44 5.61313
37 45 4.4662
37 46 7.63392
37 47 6.52778
37 48 7.12014
37 49 8.50143
37 50 8.18219
37 51 4.82227
37 52 6.65418
37 53 6.0844
37 54 0.70655
37 55 0.06322
37 56 4.36133
37 57 2.02918
37 58 1.63252
37 59 1.79639
37 60 3.4232
37 61 5.98143
37 62 2.41697
37 63 3.85508
37 64 4.68846
37 65 4.48471
37 66 5.74157
37 67 1.0695
37 68 0.08409
37 69 4.03156
37 70 5.25498
37 71 0.5948
37 72 8.90449
37 73 4.05654
37 74 8.63203
37 75 4.28426
37 76 5.23921
37 77 2.44511
37 78 6.63431
37 79 2.03402
37 80 3.44377
37 81 5.48557
37 82 5.34236
37 83 6.64846
37 84 0.22416
37 85 5.91882
37 86 6.27594
37 87 8.96223
37 88 0.6573
37 89 2.12466
37 90 5.02776
37 91 3.16984
37 92 1.93941
37 93 5.64965
37 94 3.86256
37 95 7.28363
37 96 4.18707
37 97 7.29561
37 98 5.02842
37 99 5.26211
38 39 2.97921
38 40 2.5215
38 41 2.20121
38 42 3.52758
38 43 3.00767
38 44 7.044
38 45 3.70838
38 46 1.26151
38 47 5.50349
38 48 2.68217
38 49 6.5348
38 50 8.92874
38 51 5.79101
38 52 3.70799
38 53 1.78867
38 54 0.55219
38 55 1.47324
38 56 1.96131
38 57 8.06911
38 58 2.66729
38 59 3.16361
38 60 6.07203
38 61 5.51094
38 62 5.9819
38 63 7.10444
38 64 5.26748
38 65 6.99765
38 66 4.03388
38 67 2.72975
38 68 4.69268
38 69 7.60756
38 70 6.61928
38 71 1.85387
38 72 8.68546
38 73 0.51804
38 74 5.26294
38 75 0.16675
38 76 1.60967
38 77 6.85352
38 78 4.13614
38 79 2.34453
38 80 7.66775
38 81 8.33917
38 82 6.16508
38 83 2.92758
38 84 2.29635
38 85 0.19252
38 86 8.85145
38 87 0.99966
38 88 3.55028
38 89 5.16258
38 90 6.581
38 91 6.10661
38 92 1.378
38 93 1.76291
38 94 6.96367
38 95 6.22711
38 96 1.02039
38 97 1.62579
38 98 8.11947
38 99 2.99916
39 40 8.84983
39 41 7.29539
39 42 4.02184
39 43 5.26945
39 44 6.90572
39 45 1.84364
39 46 5.14696
39 47 8.70429
39 48 1.14851
39 49 6.92885
39 50 6.8883
39 51 6.25272
39 52 1.42462
39 53 3.19769
39 54 7.61613
39 55 2.9794
39 56 2.78287
39 57 5.00907
39 58 1.82338
39 59 4.74105
39 60 7.43114
39 61 4.60236
39 62 5.34018
39 63 4.65762
39 64 2.44283
39 65 2.31189
39 66 5.86577
39 67 5.51046
39 68 7.35205
39 69 1.20962
39 70 4.75263
39 71 1.36279
39 72 0.71947
39 73 0.23037
39 74 0.1285
39 75 1.48342
39 76 2.2404
39 77 1.28178
39 78 6.44724
39 79 4.65872
39 80 7.30025
39 81 5.0938
39 82 5.70893
39 83 7.51678
39 84 8.95895
39 85 3.65214
39 86 0.72605
39 87 6.49489
39 88 0.73429
39 89 4.42691
39 90 2.17932
39 91 6.56006
39 92 5.35281
39 93 5.62876
39 94 0.8036
39 95 7.90162
39 96 4.18665
39 97 8.88935
39 98 8.60685
39 99 8.66935
40 41 8.52423
40 42 1.94823
40 43 8.69989
40 44 8.58515
40 45 1.2905
40 46 6.69928
40 47 6.97099
40 48 0.74724
40 49 2.80327
40 50 0.35457
40 51 0.55212
40 52 7.76796
40 53 8.50237
40 54 0.40192
40 55 8.73352
40 56 8.12751
40 57 2.27401
40 58 5.48096
40 59 5.42409
40 60 1.37039
40 61 6.59109
40 62 3.74827
40 63 3.21009
40 64 1.84981
40 65 5.45089
40 66 1.01791
40 67 4.48703
40 68 6.68184
40 69 0.73407
40 70 6.39318
40 71 1.93268
40 72 1.70911
40 73 8.6577
40 74 6.474
40 75 1.853
40 76 7.2563
40 77 4.43157
40 78 4.23805
40 79 2.53545
40 80 6.02303
40 81 7.91563
40 82 6.50541
40 83 7.63161
40 84 6.11827
40 85 1.75505
40 86 1.14345
40 87 1.1794
40 88 3.00906
40 89 0.98914
40 90 1.3104
40 91 7.76214
40 92 3.92248
40 93 6.30351
40 94 6.16918
40 95 3.73045
40 96 8.72423
40 97 1.78331
40 98 0.91848
40 99 2.70135
41 42 6.19985
41 43 1.15625
41 44 5.85706
41 45 0.28756
41 46 2.7141
41 47 8.56451
41 48 8.54322
41 49 4.59922
41 50 4.18216
41 51 1.11224
41 52 2.21675
41 53 7.79293
41 54 6.95008
41 55 1.11127
41 56 5.06264
41 57 8.91496
41 58 2.05094
41 59 8.37167
41 60 4.2708
41 61 3.15377
41 62 1.49678
41 63 2.39617
41 64 7.75514
41 65 7.73947
41 66 2.66894
41 67 1.27043
41 68 8.07196
41 69 0.25166
41 70 0.81648
41 71 3.77582
41 72 6.44466
41 73 6.40956
41 74 6.74919
41 75 3.82569
41 76 6.64364
41 77 6.8064
41 78 7.25931
41 79 1.14584
41 80 8.47153
41 81 5.54697
41 82 2.56511
41 83 0.03544
41 84 0.80083
41 85 4.81418
41 86 2.79799
41 87 7.76391
41 88 7.30465
41 89 6.55848
41 90 8.3695
41 91 7.63243
41 92 3.37217
41 93 4.8616
41 94 0.98637
41 95 5.41952
41 96 7.0623
41 97 6.3721
41 98 0.61776
41 99 1.99723
42 43 6.96917
42 44 3.38728
42 45 3.23869
42 46 2.54335
42 47 2.26644
42 48 5.0529
42 49 3.92314
42 50 4.68591
42 51 1.11307
42 52 7.94678
42 53 0.07244
42 54 1.89338
42 55 0.44771
42 56 1.32991
42 57 7.69545
42 58 5.2174
42 59 6.91881
42 60 0.02043
42 61 0.07493
42 62 6.8792
42 63 8.74066
42 64 7.68462
42 65 0.02061
42 66 5.48541
42 67 1.52994
42 68 8.80219
42 69 6.48585
42 70 3.4139
42 71 6.54374
42 72 8.2686
42 73 6.56625
42 74 3.55836
42 75 2.63625
42 76 7.6904
42 77 5.4494
42 78 1.77544
42 79 4.80782
42 80 4.12172
42 81 4.55137
42 82 7.86501
42 83 3.91852
42 84 8.77107
42 85 0.8681
42 86 3.7515
42 87 3.27121
42 88 6.24467
42 89 0.15813
42 90 5.66979
42 91 7.43264
42 92 7.71439
42 93 8.48277
42 94 3.51022
42 95 0.94343
42 96 7.7218
42 97 7.96742
42 98 7.78557
42 99 3.73178
43 44 3.64531
43 45 1.23959
43 46 6.61621
43 47 5.10951
43 48 7.1396
43 49 7.89823
43 50 5.11162
43 51 5.09714
43 52 5.43061
43 53 1.34998
43 54 7.45507
43 55 7.39814
43 56 2.6813
43 57 0.49367
43 58 3.96283
43 59 1.70469
43 60 2.7856
43 61 0.32776
43 62 5.83797
43 63 6.02387
43 64 7.45477
43 65 4.79049
43 66 6.35831
43 67 2.33213
43 68 3.64411
43 69 5.60566
43 70 2.77508
43 71 5.92297
43 72 3.62459
43 73 5.43529
43 74 5.50008
43 75 5.63039
43 76 7.53963
43 77 6.79401
43 78 2.84971
43 79 3.07511
43 80 2.42794
43 81 6.03536
43 82 6.63942
43 83 1.2986
43 84 2.63098
43 85 7.23849
43 86 3.72884
43 87 5.14581
43 88 0.48305
43 89 0.24531
43 90 5.57605
43 91 1.80178
43 92 6.78619
43 93 4.63709
43 94 2.47239
43 95 0.39721
43 96 7.75016
43 97 1.69233
43 98 2.35079
43 99 5.38017
44 45 2.63118
44 46 0.47992
44 47 6.44749
44 48 3.84765
44 49 1.34601
44 50 7.15188
44 51 1.91328
44 52 1.2407
44 53 6.34248
44 54 0.35021
44 55 7.04604
44 56 8.38922
44 57 1.22643
44 58 8.8934
44 59 6.79061
44 60 8.64538
44 61 3.44267
44 62 7.368
44 63 3.8869
44 64 0.27853
44 65 7.10277
44 66 7.51677
44 67 4.81368
44 68 6.7284
44 69 4.99797
44 70 3.27935
44 71 8.50858
44 72 0.17908
44 73 1.95995
44 74 1.40566
44 75 8.50915
44 76 3.25302
44 77 1.05874
44 78 5.50022
44 79 7.96221
44 80 2.81481
44 81 2.37974
44 82 5.6031
44 83 5.97596
44 84 5.6383
44 85 1.89863
44 86 3.21759
44 87 4.48623
44 88 1.15109
44 89 6.39619
44 90 8.65433
44 91 4.39952
44 92 1.47203
44 93 8.44
44 94 8.35896
44 95 6.8127
44 96 2.7865
44 97 3.40821
44 98 7.2506
44 99 6.49528
45 46 8.33797
45 47 6.73865
45 48 2.59044
45 49 7.89066
45 50 0.81272
45 51 3.24399
45 52 0.59853
45 53 0.48613
45 54 0.26792
45 55 1.9282
45 56 3.36784
45 57 7.67154
45 58 3.23476
45 59 7.67817
45 60 2.8341
45 61 7.63655
45 62 2.91678
45 63 0.44147
45 64 8.67558
45 65 5.57069
45 66 7.80868
45 67 1.10866
45 68 7.78157
45 69 5.4114
45 70 6.32989
45 71 1.38151
45 72 2.52659
45 73 7.16208
45 74 4.51075
45 75 4.88131
45 76 8.60353
45 77 3.17385
45 78 8.58056
45 79 7.06977
45 80 6.82478
45 81 1.9691
45 82 5.19703
45 83 3.08663
45 84 7.03768
45 85 8.06484
45 86 3.6093
45 87 3.74935
45 88 4.69922
45 89 6.7314
45 90 1.5798
45 91 1.37459
45 92 3.8928
45 93 2.3021
45 94 0.96388
45 95 6.01893
45 96 5.64828
45 97 0.58123
45 98 4.30746
45 99 2.4231
46 47 1.98843
46 48 0.26748
46 49 2.34591
46 50 8.09525
46 51 4.52942
46 52 0.79622
46 53 4.34709
46 54 0.8027
46 55 3.65462
46 56 3.61001
46 57 3.13592
46 58 5.52541
46 59 4.49144
46 60 3.1439
46 61 8.73531
46 62 6.80189
46 63 4.49514
46 64 2.76968
46 65 6.86717
46 66 6.09246
46 67 4.82688
46 68 8.6678
46 69 3.35247
46 70 7.31495
46 71 3.41614
46 72 1.67913
46 73 3.07877
46 74 6.62338
46 75 1.851
46 76 3.6186
46 77 8.89236
46 78 7.53533
46 79 4.57396
46 80 8.81108
46 81 3.8087
46 82 6.98893
46 83 4.41279
46 84 3.92162
46 85 1.59252
46 86 6.06758
46 87 6.42653
46 88 3.94622
46 89 5.15295
46 90 6.39391
46 91 7.40001
46 92 2.07675
46 93 7.37228
46 94 0.38373
46 95 7.66184
46 96 4.93699
46 97 2.37998
46 98 4.33899
46 99 8.54358
47 48 8.25807
47 49 6.14993
47 50 4.997
47 51 2.38865
47 52 2.48568
47 53 2.48764
47 54 1.9078
47 55 5.80367
47 56 5.40814
47 57 7.68251
47 58 1.07927
47 59 4.92191
47 60 2.08713
47 61 7.85369
47 62 8.5441
47 63 1.34805
47 64 1.10093
47 65 2.73368
47 66 0.33765
47 67 4.78416
47 68 4.11656
47 69 1.0518
47 70 8.64919
47 71 3.59941
47 72 0.19793
47 73 8.63497
47 74 0.13191
47 75 5.30683
47 76 2.12248
47 77 1.20208
47 78 8.49241
47 79 2.24069
47 80 4.59205
47 81 0.04947
47 82 5.34495
47 83 2.26031
47 84 6.1366
47 85 0.36156
47 86 7.93946
47 87 2.8064
47 88 1.17864
47 89 0.32608
47 90 7.33616
47 91 8.36258
47 92 6.27684
47 93 3.3168
47 94 5.80271
47 95 4.73425
47 96 4.39974
47 97 6.26349
47 98 8.16839
47 99 2.60354
48 49 6.53047
48 50 7.39722
48 51 6.13667
48 52 1.3138
48 53 8.3751
48 54 6.8377
48 55 7.88587
48 56 6.22916
48 57 1.95689
48 58 0.75229
48 59 5.77294
48 60 5.07164
48 61 8.46689
48 62 4.34879
48 63 4.98623
48 64 1.80098
48 65 6.05761
48 66 6.38926
48 67 6.84282
48 68 8.65276
48 69 0.08077
48 70 4.01176
48 71 2.30749
48 72 8.47427
48 73 4.75509
48 74 1.39056
48 75 5.46132
48 76 3.41849
48 77 4.15379
48 78 1.81709
48 79 2.90596
48 80 8.32184
48 81 0.72353
48 82 0.83238
48 83 7.41804
48 84 3.56804
48 85 4.02177
48 86 7.64937
48 87 3.51212
48 88 5.08666
48 89 1.53519
48 90 5.09927
48 91 2.84606
48 92 3.66623
48 93 8.06539
48 94 8.92979
48 95 6.17236
48 96 6.63447
48 97 3.91577
48 98 8.14557
48 99 1.12942
49 50 1.26425
49 51 5.75593
49 52 5.42528
49 53 4.33116
49 54 7.95934
49 55 7.84577
49 56 0.77474
49 57 5.24749
49 58 2.34542
49 59 6.21266
49 60 2.11605
49 61 4.0075
49 62 3.6527
49 63 2.04206
49 64 2.2872
49 65 6.70573
49 66 3.07849
49 67 6.63819
49 68 7.67684
49 69 4.34152
49 70 1.45409
49 71 1.65913
49 72 5.0756
49 73 5.20274
49 74 8.54227
49 75 5.88562
49 76 7.63501
49 77 4.3168
49 78 5.37471
49 79 4.82639
49 80 0.66541
49 81 7.35617
49 82 4.13618
49 83 7.01602
49 84 7.28571
49 85 2.26892
49 86 0.83618
49 87 8.3934
49 88 1.11065
49 89 8.15144
49 90 4.72174
49 91 1.20475
49 92 4.09133
49 93 2.03645
49 94 8.97102
49 95 6.77702
49 96 4.23369
49 97 6.34552
49 98 4.26845
49 99 7.46324
50 51 5.22897
50 52 5.62719
50 53 6.81845
50 54 4.6223
50 55 0.17506
50 56 1.97331
50 57 7.82305
50 58 4.73788
50 59 7.25479
50 60 8.3913
50 61 7.37355
50 62 2.84528
50 63 1.9287
50 64 2.92945
50 65 7.71347
50 66 1.89175
50 67 8.86026
50 68 8.39699
50 69 0.01172
50 70 7.19125
50 71 8.34187
50 72 1.03374
50 73 5.37502
50 74 4.39434
50 75 2.90526
50 76 0.31506
50 77 1.46343
50 78 2.5369
50 79 6.46284
50 80 3.41538
50 81 6.75399
50 82 8.4266
50 83 8.96687
50 84 2.19414
50 85 1.4828
50 86 7.39285
50 87 6.10799
50 88 0.46814
50 89 1.24617
50 90 0.98494
50 91 3.99446
50 92 2.47321
50 93 6.8656
50 94 0.25152
50 95 4.9775
50 96 3.21556
50 97 4.3042
50 98 4.53167
50 99 3.98984
51 52 8.37756
51 53 8.35773
51 54 6.84883
51 55 6.3235
51 56 4.81064
51 57 7.70233
51 58 3.5932
51 59 3.4476
51 60 3.45664
51 61 7.43496
51 62 7.52252
51 63 5.42857
51 64 1.20511
51 65 2.11246
51 66 1.99736
51 67 8.50307
51 68 1.71131
51 69 1.48495
51 70 8.23953
51 71 7.24192
51 72 4.44072
51 73 7.65717
51 74 1.82966
51 75 3.33578
51 76 7.01633
51 77 5.31335
51 78 2.0255
51 79 6.96599
51 80 6.6835
51 81 0.52104
51 82 0.44547
51 83 5.73318
51 84 7.43583
51 85 0.88519
51 86 2.39588
51 87 3.97754
51 88 5.93303
51 89 7.94202
51 90 0.40503
51 91 2.23471
51 92 6.41454
51 93 0.30891
51 94 1.67023
51 95 1.52968
51 96 5.14872
51 97 1.90969
51 98 4.04696
51 99 4.36172
52 53 7.57007
52 54 8.75595
52 55 3.85381
52 56 6.35562
52 57 3.27269
52 58 8.16769
52 59 3.62347
52 60 7.51893
52 61 3.25677
52 62 7.08491
52 63 4.51306
52 64 5.30941
52 65 6.20817
52 66 1.81253
52 67 8.95574
52 68 1.10551
52 69 8.78859
52 70 4.35091
52 71 6.75919
52 72 1.04413
52 73 3.88149
52 74 4.06049
52 75 3.0365
52 76 4.74725
52 77 6.20372
52 78 7.2933
52 79 6.24693
52 80 5.2205
52 81 5.86057
52 82 2.12836
52 83 0.47603
52 84 0.09455
52 85 2.48006
52 86 7.88644
52 87 5.31769
52 88 3.51007
52 89 1.63154
52 90 8.24475
52 91 6.96286
52 92 6.49634
52 93 5.88286
52 94 8.1906
52 95 5.90593
52 96 7.42363
52 97 2.74679
52 98 5.50451
52 99 5.57072
53 54 6.95426
53 55 2.81706
53 56 2.63987
53 57 4.33582
53 58 7.82543
53 59 4.46887
53 60 3.61726
53 61 2.34269
53 62 2.13176
53 63 4.23074
53 64 8.05859
53 65 8.01081
53 66 4.22573
53 67 8.0284
53 68 4.59451
53 69 3.51342
53 70 3.52162
53 71 2.27597
53 72 3.63865
53 73 1.31218
53 74 6.28968
53 75 7.9166
53 76 0.52707
53 77 5.97235
53 78 3.1235
53 79 4.59789
53 80 3.71373
53 81 8.98107
53 82 1.61552
53 83 6.92336
53 84 7.84297
53 85 2.44933
53 86 4.71226
53 87 3.59797
53 88 6.75744
53 89 1.8682
53 90 3.51768
53 91 2.183
53 92 4.76338
53 93 3.99196
53 94 1.64093
53 95 1.32904
53 96 7.27846
53 97 2.28286
53 98 2.65958
53 99 6.21503
54 55 7.02313
54 56 0.62615
54 57 8.1923
54 58 4.86037
54 59 1.02502
54 60 6.03701
54 61 8.05076
54 62 6.60739
54 63 8.28713
54 64 8.01015
54 65 2.29195
54 66 6.37286
54 67 2.73258
54 68 2.60356
54 69 0.00057
54 70 0.8805
54 71 6.96586
54 72 1.39054
54 73 8.61977
54 74 6.39071
54 75 0.1359
54 76 3.25511
54 77 1.04511
54 78 3.6496
54 79 7.86141
54 80 6.49619
54 81 6.94769
54 82 1.41381
54 83 8.77824
54 84 0.71065
54 85 6.0062
54 86 0.20407
54 87 8.93463
54 88 0.7696
54 89 5.11228
54 90 1.67845
54 91 8.75599
54 92 2.76981
54 93 2.87418
54 94 6.35253
54 95 4.05227
54 96 3.15127
54 97 3.78314
54 98 6.27782
54 99 0.23062
55 56 4.4483
55 57 1.20968
55 58 5.25009
55 59 7.80477
55 60 7.15552
55 61 0.89066
55 62 3.3709
55 63 0.14891
55 64 6.58858
55 65 0.42579
55 66 1.36728
55 67 4.4205
55 68 2.59329
55 69 8.91328
55 70 0.79293
55 71 4.70217
55 72 1.91464
55 73 7.5435
55 74 6.18236
55 75 4.02675
55 76 3.59905
55 77 3.00723
55 78 8.21575
55 79 6.1291
55 80 2.23284
55 81 4.53431
55 82 1.18686
55 83 2.73608
55 84 4.74787
55 85 3.44136
55 86 1.26932
55 87 6.66509
55 88 0.34646
55 89 2.24586
55 90 6.96748
55 91 3.98556
55 92 5.15799
55 93 6.33004
55 94 0.88827
55 95 8.41315
55 96 5.94199
55 97 0.80448
55 98 2.59969
55 99 6.10623
56 57 1.52811
56 58 3.00085
56 59 2.42146
56 60 0.88778
56 61 0.26847
56 62 0.59119
56 63 4.01586
56 64 6.39345
56 65 3.65184
56 66 3.03686
56 67 1.98202
56 68 3.60141
56 69 0.97392
56 70 6.30731
56 71 1.90854
56 72 4.0064
56 73 2.02468
56 74 7.63562
56 75 2.66386
56 76 2.88481
56 77 7.95596
56 78 0.31796
56 79 1.38563
56 80 6.18557
56 81 4.81185
56 82 8.89702
56 83 5.55107
56 84 5.23332
56 85 0.83886
56 86 2.82665
56 87 5.46823
56 88 5.62266
56 89 1.46842
56 90 0.30266
56 91 1.91718
56 92 6.07158
56 93 6.07495
56 94 4.09672
56 95 2.16669
56 96 8.86936
56 97 8.55652
56 98 8.8457
56 99 2.817
57 58 7.01732
57 59 5.00657
57 60 5.5533
57 61 5.82558
57 62 3.06707
57 63 1.08823
57 64 7.24039
57 65 8.37087
57 66 7.95745
57 67 3.93736
57 68 4.86663
57 69 3.17335
57 70 8.08255
57 71 1.2484
57 72 0.48246
57 73 7.97881
57 74 2.44318
57 75 4.8813
57 76 8.53875
57 77 8.65515
57 78 7.05019
57 79 4.13553
57 80 7.95731
57 81 7.74428
57 82 5.26061
57 83 0.03354
57 84 2.70652
57 85 1.35818
57 86 3.70454
57 87 5.68793
57 88 0.77845
57 89 8.85488
57 90 8.51257
57 91 7.28019
57 92 5.42795
57 93 1.48469
57 94 7.99471
57 95 0.97164
57 96 1.41396
57 97 1.29434
57 98 2.40243
57 99 5.92798
58 59 8.90732
58 60 3.09739
58 61 8.10977
58 62 8.90732
58 63 2.517
58 64 1.94845
58 65 0.03712
58 66 3.7165
58 67 3.24318
58 68 0.95743
58 69 1.47121
58 70 7.50293
58 71 1.35097
58 72 6.44786
58 73 1.09824
58 74 6.23527
58 75 5.75822
58 76 6.97544
58 77 6.0954
58 78 8.47374
58 79 1.46879
58 80 3.79803
58 81 6.11999
58 82 5.6169
58 83 5.94478
58 84 0.05572
58 85 5.99176
58 86 0.52696
58 87 3.88418
58 88 6.69813
58 89 0.93284
58 90 2.71288
58 91 7.0873
58 92 3.83845
58 93 1.59652
58 94 5.40038
58 95 8.67109
58 96 0.57308
58 97 5.37631
58 98 0.45274
58 99 4.1682
59 60 5.03762
59 61 5.59923
59 62 1.43379
59 63 7.96515
59 64 8.35821
59 65 1.50715
59 66 0.80312
59 67 8.72515
59 68 7.20078
59 69 4.39763
59 70 1.22818
59 71 3.17237
59 72 1.57529
59 73 1.45431
59 74 6.64063
59 75 8.93298
59 76 1.6349
59 77 7.24989
59 78 7.31212
59 79 4.00489
59 80 0.55098
59 81 3.69127
59 82 7.16074
59 83 0.815
59 84 2.23818
59 85 0.91568
59 86 6.88461
59 87 7.13404
59 88 0.15263
59 89 8.53871
59 90 3.03376
59 91 8.497
59 92 5.59426
59 93 8.45504
59 94 8.78771
59 95 0.19987
59 96 6.58883
59 97 1.32753
59 98 1.32504
59 99 8.4167
60 61 5.85202
60 62 6.94035
60 63 0.97221
60 64 1.55053
60 65 7.25641
60 66 6.88859
60 67 4.7372
60 68 6.44699
60 69 3.45979
60 70 7.62281
60 71 3.96316
60 72 4.58972
60 73 1.68002
60 74 1.0755
60 75 6.47585
60 76 1.45703
60 77 8.57502
60 78 2.01518
60 79 8.78279
60 80 8.8872
60 81 2.03493
60 82 3.14416
60 83 3.44608
60 84 4.73015
60 85 0.33317
60 86 2.68914
60 87 8.73681
60 88 0.62569
60 89 8.35704
60 90 2.68578
60 91 3.35439
60 92 6.08644
60 93 8.69147
60 94 6.6684
60 95 3.77094
60 96 7.06977
60 97 7.45434
60 98 8.39659
60 99 7.31713
61 62 5.45499
61 63 1.02559
61 64 8.18805
61 65 5.53421
61 66 2.25192
61 67 4.47711
61 68 1.43876
61 69 6.00174
61 70 5.00463
61 71 6.27057
61 72 2.82652
61 73 4.28771
61 74 3.50274
61 75 2.52917
61 76 7.54706
61 77 5.3756
61 78 6.83027
61 79 0.59794
61 80 4.56881
61 81 4.77781
61 82 8.81541
61 83 1.32359
61 84 4.28637
61 85 3.91302
61 86 0.55431
61 87 2.39005
61 88 6.64171
61 89 5.27654
61 90 0.51196
61 91 4.14117
61 92 7.25907
61 93 0.51199
61 94 8.69411
61 95 3.61016
61 96 4.11145
61 97 8.21477
61 98 8.92642
61 99 3.31426
62 63 6.89865
62 64 4.32418
62 65 1.54907
62 66 6.43292
62 67 4.35121
62 68 8.29287
62 69 0.97178
62 70 3.62044
62 71 5.63213
62 72 6.2858
62 73 7.56816
62 74 0.03808
62 75 7.77389
62 76 1.88377
62 77 2.29815
62 78 5.30488
62 79 1.28416
62 80 4.91048
62 81 4.84503
62 82 0.10791
62 83 3.33295
62 84 6.22245
62 85 5.31291
62 86 5.4749
62 87 0.43506
62 88 1.11328
62 89 1.00419
62 90 5.13926
62 91 6.59581
62 92 3.59365
62 93 0.2234
62 94 8.82709
62 95 1.37168
62 96 0.2886
62 97 1.82024
62 98 5.4002
62 99 2.4387
63 64 4.55509
63 65 0.34518
63 66 0.03636
63 67 1.36961
63 68 4.82921
63 69 1.10043
63 70 1.27635
63 71 4.9189
63 72 6.97407
63 73 1.29215
63 74 6.24972
63 75 3.13493
63 76 5.9928
63 77 0.56108
63 78 1.60559
63 79 7.17981
63 80 3.6224
63 81 4.90127
63 82 7.8869
63 83 7.0388
63 84 1.32387
63 85 6.91898
63 86 8.40159
63 87 8.31067
63 88 4.28437
63 89 1.10842
63 90 2.73516
63 91 3.83176
63 92 7.85646
63 93 7.04723
63 94 2.39891
63 95 5.13606
63 96 4.99454
63 97 2.05814
63 98 0.99923
63 99 4.10803
64 65 5.40649
64 66 0.00047
64 67 3.59734
64 68 8.99141
64 69 8.77683
64 70 2.35919
64 71 2.29895
64 72 7.62847
64 73 6.40432
64 74 7.29313
64 75 8.40685
64 76 7.06848
64 77 1.14887
64 78 5.65702
64 79 7.27476
64 80 1.7392
64 81 5.61396
64 82 7.82215
64 83 1.82593
64 84 8.37993
64 85 2.30139
64 86 1.61133
64 87 8.26475
64 88 4.66753
64 89 3.19597
64 90 0.38899
64 91 0.57233
64 92 7.59286
64 93 8.22509
64 94 5.66066
64 95 0.88855
64 96 6.20991
64 97 8.09607
64 98 3.14803
64 99 3.45703
65 66 6.64064
65 67 1.93371
65 68 7.76897
65 69 7.15635
65 70 2.8916
65 71 3.64507
65 72 8.95474
65 73 2.31228
65 74 0.99744
65 75 4.2539
65 76 8.63906
65 77 7.60525
65 78 7.99058
65 79 8.57205
65 80 4.11259
65 81 4.87329
65 82 0.49598
65 83 1.24857
65 84 4.93691
65 85 2.49931
65 86 4.06056
65 87 6.98712
65 88 6.49365
65 89 1.47562
65 90 4.46343
65 91 8.16204
65 92 1.05874
65 93 0.42936
65 94 7.21732
65 95 2.50076
65 96 8.17536
65 97 8.15611
65 98 7.14809
65 99 5.61493
66 67 2.71648
66 68 0.84481
66 69 0.01067
66 70 8.78022
66 71 0.62371
66 72 5.75465
66 73 8.52412
66 74 4.80262
66 75 0.13384
66 76 6.41098
66 77 1.6128
66 78 1.41251
66 79 2.08926
66 80 6.64534
66 81 6.0952
66 82 5.64048
66 83 7.97837
66 84 0.36383
66 85 2.7073
66 86 2.44986
66 87 4.62348
66 88 4.16482
66 89 2.61974
66 90 4.7664
66 91 2.42095
66 92 8.22672
66 93 3.96708
66 94 2.75577
66 95 2.3819
66 96 5.72972
66 97 8.02684
66 98 6.05442
66 99 1.77135
67 68 6.78625
67 69 1.05894
67 70 4.95101
67 71 2.70763
67 72 3.8277
67 73 6.828
67 74 3.70347
67 75 1.52126
67 76 0.67652
67 77 6.88569
67 78 6.97758
67 79 5.1456
67 80 3.28465
67 81 8.7667
67 82 1.45755
67 83 7.16611
67 84 8.53405
67 85 6.62666
67 86 0.131
67 87 4.51034
67 88 8.19854
67 89 4.70933
67 90 5.98684
67 91 2.94762
67 92 5.29491
67 93 0.32559
67 94 4.39659
67 95 4.57388
67 96 2.11592
67 97 6.5462
67 98 2.17935
67 99 4.68109
68 69 1.90517
68 70 1.42728
68 71 5.2564
68 72 8.07137
68 73 7.05669
68 74 7.07923
68 75 1.13183
68 76 5.87244
68 77 0.98295
68 78 5.63681
68 79 5.27719
68 80 6.61561
68 81 1.90533
68 82 1.76344
68 83 5.35228
68 84 0.70771
68 85 7.75825
68 86 8.83576
68 87 1.35608
68 88 8.20837
68 89 7.68049
68 90 6.99333
68 91 4.15311
68 92 8.51589
68 93 6.64689
68 94 4.16522
68 95 3.3043
68 96 7.15736
68 97 3.82177
68 98 0.58172
68 99 6.16158
69 70 7.75024
69 71 5.46779
69 72 1.6826
69 73 6.42835
69 74 4.78854
69 75 7.76791
69 76 0.84547
69 77 1.0834
69 78 1.22138
69 79 2.83258
69 80 2.09479
69 81 5.48533
69 82 0.7723
69 83 6.26051
69 84 8.35404
69 85 7.61744
69 86 1.52494
69 87 3.59773
69 88 2.96741
69 89 4.37108
69 90 0.30509
69 91 0.11542
69 92 5.90709
69 93 3.17775
69 94 8.16917
69 95 0.82215
69 96 5.6018
69 97 8.66085
69 98 5.57716
69 99 5.90534
70 71 5.09635
70 72 7.65727
70 73 7.93362
70 74 4.9518
70 75 3.64857
70 76 4.71792
70 77 2.86702
70 78 8.35433
70 79 1.05805
70 80 3.63895
70 81 5.20781
70 82 4.23453
70 83 5.21451
70 84 0.154
70 85 7.98513
70 86 4.7779
70 87 6.51915
70 88 2.66833
70 89 8.88738
70 90 5.26322
70 91 5.82838
70 92 6.30476
70 93 7.39605
70 94 6.75578
70 95 7.70741
70 96 7.60312
70 97 7.12125
70 98 4.46183
70 99 0.09115
71 72 5.15986
71 73 4.27579
71 74 2.29048
71 75 3.15519
71 76 3.17279
71 77 5.09476
71 78 2.03934
71 79 5.63775
71 80 5.12332
71 81 5.11628
71 82 3.67256
71 83 7.22913
71 84 2.88221
71 85 3.0472
71 86 3.54131
71 87 2.78854
71 88 2.54245
71 89 8.48722
71 90 0.80794
71 91 7.5724
71 92 6.6167
71 93 0.38283
71 94 0.38252
71 95 0.16086
71 96 2.58915
71 97 3.64819
71 98 7.71818
71 99 1.38314
72 73 8.53898
72 74 3.85508
72 75 3.30306
72 76 8.99827
72 77 3.84862
72 78 0.35896
72 79 0.21852
72 80 7.36986
72 81 3.78345
72 82 8.52594
72 83 6.42826
72 84 7.82286
72 85 4.04259
72 86 8.29694
72 87 6.59749
72 88 0.62484
72 89 5.4173
72 90 2.81126
72 91 7.60552
72 92 0.23244
72 93 8.69636
72 94 2.52993
72 95 2.72585
72 96 8.83349
72 97 3.27187
72 98 8.97241
72 99 0.83099
73 74 2.9084
73 75 4.48372
73 76 3.83894
73 77 4.21801
73 78 8.07022
73 79 1.95602
73 80 1.46955
73 81 0.62677
73 82 1.66065
73 83 6.46497
73 84 3.67398
73 85 6.05695
73 86 0.77815
73 87 3.4504
73 88 5.00428
73 89 7.51429
73 90 2.21301
73 91 8.3958
73 92 4.22961
73 93 0.58314
73 94 0.70401
73 95 6.00648
73 96 2.94357
73 97 2.99901
73 98 3.47877
73 99 8.48233
74 75 5.35272
74 76 4.83187
74 77 8.71511
74 78 4.21981
74 79 0.25339
74 80 8.69887
74 81 4.29558
74 82 4.67547
74 83 4.91896
74 84 3.17557
74 85 2.38547
74 86 7.17566
74 87 6.77302
74 88 2.17485
74 89 2.37681
74 90 4.63743
74 91 0.71348
74 92 5.67405
74 93 3.09107
74 94 4.03512
74 95 4.63549
74 96 1.05232
74 97 2.14226
74 98 2.54307
74 99 3.27477
75 76 2.59323
75 77 4.5984
75 78 1.1476
75 79 5.89625
75 80 2.87206
75 81 8.9497
75 82 8.81983
75 83 3.88999
75 84 3.55316
75 85 8.40157
75 86 2.61063
75 87 5.91744
75 88 3.59297
75 89 4.01511
75 90 4.65671
75 91 6.14583
75 92 3.67473
75 93 2.33495
75 94 3.81184
75 95 4.91286
75 96 3.88674
75 97 7.69104
75 98 4.95372
75 99 8.09953
76 77 3.64155
76 78 8.11993
76 79 0.97613
76 80 7.99035
76 81 4.48302
76 82 1.31756
76 83 5.27905
76 84 0.17856
76 85 8.6562
76 86 8.45038
76 87 3.66653
76 88 3.91232
76 89 5.4402
76 90 5.87456
76 91 6.23385
76 92 3.10023
76 93 1.58734
76 94 8.14401
76 95 3.67181
76 96 6.79329
76 97 8.67613
76 98 5.44848
76 99 1.98012
77 78 4.2606
77 79 8.41273
77 80 6.86983
77 81 6.25021
77 82 0.30326
77 83 0.50219
77 84 6.45579
77 85 6.58515
77 86 7.63988
77 87 0.25513
77 88 2.26379
77 89 6.64115
77 90 6.85034
77 91 8.62715
77 92 0.65697
77 93 5.74281
77 94 6.33644
77 95 6.10473
77 96 8.18984
77 97 1.41383
77 98 5.58588
77 99 7.29234
78 79 7.73143
78 80 4.81231
78 81 7.33777
78 82 4.00605
78 83 1.09542
78 84 8.84503
78 85 7.45395
78 86 0.77224
78 87 6.14656
78 88 1.4752
78 89 6.31829
78 90 5.76847
78 91 5.032
78 92 0.35379
78 93 4.26769
78 94 8.53614
78 95 5.90744
78 96 7.80533
78 97 1.39472
78 98 0.99513
78 99 5.36771
79 80 0.02268
79 81 7.52884
79 82 1.55158
79 83 1.90237
79 84 2.02481
79 85 5.10165
79 86 4.46105
79 87 0.68983
79 88 6.09153
79 89 8.74101
79 90 2.43535
79 91 3.3887
79 92 4.73674
79 93 7.08275
79 94 5.52601
79 95 6.42717
79 96 0.88828
79 97 4.53737
79 98 2.10304
79 99 3.13546
80 81 0.92638
80 82 6.09973
80 83 2.01046
80 84 3.54368
80 85 2.38816
80 86 8.01411
80 87 3.37878
80 88 5.55027
80 89 7.58236
80 90 5.8812
80 91 4.4399
80 92 1.44859
80 93 0.05983
80 94 2.75494
80 95 3.42712
80 96 2.9157
80 97 3.7786
80 98 3.66403
80 99 4.97121
81 82 4.74832
81 83 7.81709
81 84 1.13421
81 85 0.80971
81 86 7.49119
81 87 1.73931
81 88 8.68729
81 89 8.86464
81 90 6.80155
81 91 0.78362
81 92 7.13562
81 93 0.59241
81 94 4.10313
81 95 6.51574
81 96 6.6443
81 97 3.63395
81 98 2.91728
81 99 6.68008
82 83 0.95387
82 84 2.94342
82 85 5.60652
82 86 2.30331
82 87 4.90512
82 88 7.55476
82 89 2.90869
82 90 2.30741
82 91 7.62399
82 92 0.88298
82 93 7.41793
82 94 5.62726
82 95 3.88824
82 96 7.55977
82 97 1.97977
82 98 6.09467
82 99 0.16378
83 84 4.21644
83 85 8.89939
83 86 2.84831
83 87 5.61157
83 88 7.47813
83 89 0.29742
83 90 2.08055
83 91 8.37425
83 92 4.99684
83 93 8.97748
83 94 5.02413
83 95 4.23249
83 96 3.53508
83 97 7.67553
83 98 6.47624
83 99 5.82147
84 85 4.90622
84 86 0.54353
84 87 2.05729
84 88 6.58832
84 89 4.07795
84 90 3.09684
84 91 1.24326
84 92 3.8564
84 93 5.38499
84 94 0.88516
84 95 0.57676
84 96 2.27293
84 97 3.64841
84 98 6.65845
84 99 1.23126
85 86 2.17552
85 87 3.05083
85 88 1.66542
85 89 1.43707
85 90 7.05273
85 91 4.74451
85 92 2.51068
85 93 7.91615
85 94 3.4788
85 95 7.03279
85 96 1.95588
85 97 0.13033
85 98 6.39456
85 99 1.43224
86 87 5.81705
86 88 1.30073
86 89 5.26849
86 90 1.37046
86 91 8.34333
86 92 1.55712
86 93 0.15273
86 94 1.52919
86 95 4.53773
86 96 2.29758
86 97 0.55343
86 98 8.52571
86 99 0.62232
87 88 2.78869
87 89 3.14009
87 90 3.60892
87 91 4.15675
87 92 5.97818
87 93 5.62382
87 94 2.47275
87 95 4.77473
87 96 1.9241
87 97 7.90909
87 98 6.782
87 99 3.39758
88 89 0.05599
88 90 1.00655
88 91 4.95427
88 92 0.82
88 93 7.99532
88 94 7.08985
88 95 0.07359
88 96 4.31482
88 97 8.33554
88 98 8.22407
88 99 0.18085
89 90 1.44224
89 91 1.06296
89 92 5.69491
89 93 6.35658
89 94 4.64621
89 95 8.99483
89 96 2.34703
89 97 2.45736
89 98 7.68785
89 99 7.66016
90 91 2.88632
90 92 5.22353
90 93 7.6055
90 94 5.86583
90 95 7.855
90 96 8.41877
90 97 8.21059
90 98 5.48105
90 99 1.18045
91 92 3.20559
91 93 5.9346
91 94 8.7748
91 95 2.20966
91 96 1.27467
91 97 8.87015
91 98 4.4263
91 99 4.13318
92 93 5.00396
92 94 7.59593
92 95 0.25968
92 96 6.901
92 97 1.79299
92 98 2.41157
92 99 7.14745
93 94 0.79723
93 95 6.0442
93 96 8.21738
93 97 8.00906
93 98 7.43569
93 99 2.89884
94 95 3.85418
94 96 4.73075
94 97 2.75535
94 98 8.39278
94 99 5.57272
95 96 5.63941
95 97 4.53492
95 98 7.18691
95 99 0.40266
96 97 7.78336
96 98 5.77937
96 99 7.62331
97 98 0.64667
97 99 4.30305
98 99 2.33325
