100 20
0 1 4.74558
0 2 1.378
0 3 8.6585
0 4 3.83377
0 5 4.51372
0 6 4.55456
0 7 7.5503
0 8 0.94286
0 9 8.72296
0 10 8.27329
0 11 6.70417
0 12 5.50112
0 13 8.04658
0 14 0.97237
0 15 3.72856
0 16 5.81947
0 17 1.47184
0 18 2.38261
0 19 5.48475
0 20 8.28638
0 21 0.3736
0 22 2.40291
0 23 0.11119
0 24 1.016
0 25 4.74182
0 26 6.36638
0 27 8.47785
0 28 5.14171
0 29 6.11495
0 30 4.81058
0 31 4.5119
0 32 3.73468
0 33 7.25182
0 34 6.39145
0 35 4.93226
0 36 5.07102
0 37 8.82701
0 38 0.45576
0 39 3.99841
0 40 7.15098
0 41 2.10308
0 42 7.685
0 43 1.23246
0 44 2.63178
0 45 1.51869
0 46 4.89776
0 47 2.32769
0 48 6.79505
0 49 2.69472
0 50 4.48331
0 51 2.78265
0 52 5.68116
0 53 1.12286
0 54 3.89469
0 55 8.28832
0 56 2.89137
0 57 0.89615
0 58 2.30187
0 59 8.05791
0 60 8.67753
0 61 2.95814
0 62 7.38162
0 63 2.9831
0 64 0.7737
0 65 6.14982
0 66 7.38225
0 67 5.60242
0 68 3.95383
0 69 7.12477
0 70 0.37762
0 71 3.34575
0 72 6.30894
0 73 4.00386
0 74 7.95509
0 75 0.16361
0 76 7.94297
0 77 6.04994
0 78 7.6248
0 79 8.9375
0 80 8.57908
0 81 4.68732
0 82 6.17897
0 83 3.14528
0 84 5.49368
0 85 8.86031
0 86 8.34605
0 87 2.89013
0 88 8.942
0 89 2.34431
0 90 0.49501
0 91 4.98339
0 92 0.02976
0 93 5.20538
0 94 3.34133
0 95 7.7741
0 96 8.31754
0 97 7.28851
0 98 4.07474
0 99 4.48407
1 2 5.90181
1 3 8.88377
1 4 2.67056
1 5 3.32029
1 6 4.75746
1 7 3.2927
1 8 6.17572
1 9 6.62969
1 10 1.90758
1 11 6.28103
1 12 6.14354
1 13 6.77054
1 14 7.77231
1 15 3.62015
1 16 2.22048
1 17 3.42659
1 18 1.30795
1 19 5.19563
1 20 1.22457
1 21 8.35532
1 22 7.87192
1 23 5.21812
1 24 2.41744
1 25 4.39681
1 26 4.31711
1 27 4.59742
1 28 8.07747
1 29 3.46181
1 30 0.29758
1 31 0.37794
1 32 1.51573
1 33 5.17277
1 34 3.59787
1 35 2.00152
1 36 0.49594
1 37 4.20923
1 38 5.04361
1 39 5.45857
1 40 4.88167
1 41 8.03103
1 42 0.47316
1 43 5.1477
1 44 3.76208
1 45 7.38922
1 46 4.02359
1 47 2.69623
1 48 7.30688
1 49 7.44292
1 50 5.41944
1 51 3.95375
1 52 6.41382
1 53 5.92057
1 54 1.62072
1 55 5.25248
1 56 3.09107
1 57 7.70042
1 58 0.39117
1 59 5.42008
1 60 5.74699
1 61 1.00561
1 62 2.60311
1 63 7.89571
1 64 6.47355
1 65 0.67367
1 66 0.95671
1 67 5.09479
1 68 7.18635
1 69 4.84626
1 70 7.93451
1 71 1.67972
1 72 4.38332
1 73 4.82514
1 74 7.20417
1 75 4.69365
1 76 6.81447
1 77 1.62334
1 78 1.51977
1 79 2.7777
1 80 6.70972
1 81 2.05094
1 82 8.62228
1 83 4.43909
1 84 8.21795
1 85 1.63003
1 86 8.17572
1 87 4.83087
1 88 4.27623
1 89 3.09853
1 90 8.58886
1 91 7.75921
1 92 6.30528
1 93 8.5411
1 94 5.29036
1 95 2.52302
1 96 6.39865
1 97 1.50244
1 98 7.02309
1 99 7.97019
2 3 7.95229
2 4 5.07886
2 5 6.27871
2 6 2.91101
2 7 4.32138
2 8 8.40894
2 9 4.5348
2 10 4.92812
2 11 0.84847
2 12 5.31809
2 13 0.48259
2 14 0.71234
2 15 3.17242
2 16 6.13623
2 17 2.29921
2 18 6.58335
2 19 4.60815
2 20 3.51298
2 21 2.4237
2 22 2.25547
2 23 6.48436
2 24 2.4076
2 25 2.31781
2 26 8.27336
2 27 7.96333
2 28 4.26874
2 29 4.84036
2 30 7.65251
2 31 4.77972
2 32 0.71734
2 33 0.53674
2 34 0.12108
2 35 4.93748
2 36 4.3187
2 37 2.07656
2 38 5.01452
2 39 7.24178
2 40 5.06575
2 41 0.15025
2 42 0.50284
2 43 0.08739
2 44 1.07796
2 45 3.53147
2 46 2.43512
2 47 2.60268
2 48 6.30109
2 49 3.14347
2 50 2.93145
2 51 5.86742
2 52 0.00954
2 53 8.34197
2 54 3.83287
2 55 4.31285
2 56 0.66445
2 57 5.3242
2 58 4.19318
2 59 8.50332
2 60 6.2714
2 61 5.56505
2 62 4.62388
2 63 5.34646
2 64 3.93669
2 65 4.65644
2 66 8.86188
2 67 0.74442
2 68 4.51625
2 69 7.86971
2 70 8.20166
2 71 0.83239
2 72 3.42982
2 73 5.94173
2 74 5.75365
2 75 5.36989
2 76 0.18487
2 77 4.54214
2 78 0.68376
2 79 4.45333
2 80 4.32705
2 81 7.46409
2 82 2.95286
2 83 1.78653
2 84 7.80685
2 85 4.88237
2 86 5.91281
2 87 2.06809
2 88 5.88937
2 89 7.1614
2 90 6.15293
2 91 8.26291
2 92 3.33207
2 93 3.96092
2 94 7.07457
2 95 4.70226
2 96 4.0002
2 97 4.17379
2 98 5.8072
2 99 8.51007
3 4 7.37982
3 5 1.64459
3 6 6.89051
3 7 3.37336
3 8 3.94323
3 9 4.54934
3 10 3.44043
3 11 6.72609
3 12 4.67305
3 13 0.9326
3 14 4.64212
3 15 1.58909
3 16 4.52342
3 17 7.8964
3 18 5.72066
3 19 8.21991
3 20 1.75928
3 21 6.15668
3 22 1.82018
3 23 2.3653
3 24 3.48888
3 25 3.42064
3 26 8.22908
3 27 2.44644
3 28 1.63983
3 29 5.82337
3 30 3.26278
3 31 3.06672
3 32 8.783
3 33 6.73482
3 34 1.23889
3 35 6.07624
3 36 1.57099
3 37 1.99172
3 38 6.42213
3 39 2.66749
3 40 6.19942
3 41 3.06108
3 42 8.11105
3 43 5.08453
3 44 0.43084
3 45 0.25474
3 46 8.43998
3 47 4.10542
3 48 4.57622
3 49 3.05761
3 50 4.79757
3 51 2.20029
3 52 4.80631
3 53 7.01602
3 54 7.5493
3 55 5.87517
3 56 4.78915
3 57 6.92298
3 58 6.45244
3 59 4.35206
3 60 0.83367
3 61 4.15067
3 62 6.26542
3 63 8.61805
3 64 3.7895
3 65 2.65285
3 66 8.41215
3 67 8.61808
3 68 5.20304
3 69 3.1133
3 70 2.55596
3 71 5.76464
3 72 6.72312
3 73 4.12723
3 74 4.42069
3 75 8.42806
3 76 5.97364
3 77 2.91219
3 78 0.01921
3 79 1.56756
3 80 2.45592
3 81 5.76557
3 82 7.38659
3 83 1.09667
3 84 1.80417
3 85 3.15595
3 86 3.38393
3 87 1.01752
3 88 5.60462
3 89 4.08362
3 90 4.9553
3 91 0.93614
3 92 6.61591
3 93 8.94937
3 94 1.20684
3 95 1.87625
3 96 0.22465
3 97 1.90357
3 98 2.60145
3 99 1.21047
4 5 8.91957
4 6 5.39882
4 7 5.7662
4 8 0.13482
4 9 1.51399
4 10 3.05896
4 11 2.41614
4 12 8.58188
4 13 4.75412
4 14 6.05842
4 15 5.46373
4 16 2.88893
4 17 7.60009
4 18 4.36249
4 19 1.34837
4 20 6.90797
4 21 6.83156
4 22 0.70247
4 23 1.35762
4 24 8.58472
4 25 4.32757
4 26 8.20437
4 27 5.8134
4 28 2.46879
4 29 5.97244
4 30 4.02507
4 31 3.17987
4 32 1.10937
4 33 2.62585
4 34 0.88521
4 35 0.67829
4 36 0.57869
4 37 3.32208
4 38 0.02202
4 39 8.46206
4 40 5.54275
4 41 7.05125
4 42 0.47205
4 43 5.36438
4 44 3.50047
4 45 2.68031
4 46 4.70777
4 47 8.82501
4 48 1.07465
4 49 4.40126
4 50 7.90385
4 51 5.15108
4 52 1.69139
4 53 2.31901
4 54 7.42808
4 55 4.372
4 56 6.08328
4 57 7.12609
4 58 3.47312
4 59 7.72346
4 60 6.09441
4 61 8.45159
4 62 0.32332
4 63 0.1275
4 64 8.03036
4 65 1.07238
4 66 6.36261
4 67 2.74917
4 68 4.61674
4 69 1.22621
4 70 2.95061
4 71 8.1353
4 72 0.14133
4 73 3.665
4 74 4.47459
4 75 6.49972
4 76 0.14657
4 77 6.48903
4 78 2.7374
4 79 4.99162
4 80 7.69793
4 81 8.3471
4 82 7.05468
4 83 5.60716
4 84 4.5631
4 85 1.79237
4 86 3.29066
4 87 4.07953
4 88 3.35817
4 89 1.42718
4 90 8.76733
4 91 7.07101
4 92 0.94843
4 93 5.43189
4 94 3.31133
4 95 0.90809
4 96 1.26383
4 97 8.60828
4 98 7.6335
4 99 3.03126
5 6 0.65696
5 7 2.83098
5 8 5.55954
5 9 7.0059
5 10 0.2375
5 11 0.54096
5 12 3.74698
5 13 6.63533
5 14 6.73807
5 15 6.66899
5 16 6.67578
5 17 2.20513
5 18 5.20377
5 19 7.16212
5 20 8.0691
5 21 6.98692
5 22 4.08084
5 23 5.30998
5 24 2.60368
5 25 3.13168
5 26 6.66976
5 27 5.14746
5 28 6.85245
5 29 1.44624
5 30 7.03198
5 31 8.67986
5 32 1.65455
5 33 1.24145
5 34 5.83965
5 35 0.56084
5 36 6.04368
5 37 4.42931
5 38 1.76584
5 39 2.36696
5 40 3.46669
5 41 0.06824
5 42 3.64948
5 43 1.3295
5 44 4.91624
5 45 2.61942
5 46 6.27868
5 47 1.49345
5 48 3.33612
5 49 6.27118
5 50 7.74085
5 51 0.06901
5 52 2.16169
5 53 0.93988
5 54 4.85211
5 55 7.30789
5 56 5.99115
5 57 1.97688
5 58 8.15475
5 59 3.0758
5 60 8.86538
5 61 4.72957
5 62 5.03567
5 63 4.57982
5 64 2.06951
5 65 5.94352
5 66 0.03381
5 67 6.04936
5 68 6.06109
5 69 3.94487
5 70 7.65079
5 71 3.047
5 72 1.26205
5 73 6.26285
5 74 8.75698
5 75 3.2886
5 76 0.20755
5 77 6.64937
5 78 5.09004
5 79 0.58297
5 80 8.42026
5 81 8.16125
5 82 2.15357
5 83 1.66616
5 84 1.43948
5 85 3.84053
5 86 4.78225
5 87 3.45398
5 88 8.90067
5 89 1.58849
5 90 0.0307
5 91 5.05554
5 92 8.0628
5 93 3.56771
5 94 1.08626
5 95 6.70235
5 96 1.7622
5 97 5.02832
5 98 5.14672
5 99 3.45685
6 7 3.91897
6 8 6.86498
6 9 4.92081
6 10 7.89854
6 11 3.1955
6 12 3.4924
6 13 6.8789
6 14 0.17426
6 15 0.47379
6 16 8.63405
6 17 6.97314
6 18 6.84474
6 19 5.43334
6 20 5.70871
6 21 6.63349
6 22 4.70948
6 23 1.10081
6 24 5.90075
6 25 8.03341
6 26 1.42364
6 27 0.00497
6 28 3.99799
6 29 4.36567
6 30 7.05867
6 31 0.56922
6 32 5.25403
6 33 8.22695
6 34 8.38231
6 35 2.00177
6 36 3.66949
6 37 3.46268
6 38 1.09837
6 39 7.44175
6 40 3.09216
6 41 1.75946
6 42 7.87309
6 43 7.2262
6 44 5.6236
6 45 4.52235
6 46 6.39826
6 47 2.69519
6 48 7.29481
6 49 8.68004
6 50 0.42556
6 51 2.14989
6 52 2.03257
6 53 2.87125
6 54 5.08886
6 55 3.28346
6 56 5.87689
6 57 8.37805
6 58 6.40897
6 59 4.6646
6 60 3.75697
6 61 8.82326
6 62 1.44664
6 63 8.9635
6 64 2.35085
6 65 1.24631
6 66 0.93381
6 67 5.17822
6 68 1.63694
6 69 5.28453
6 70 1.316
6 71 0.54741
6 72 6.16668
6 73 8.26904
6 74 1.73886
6 75 1.44137
6 76 1.23124
6 77 2.15958
6 78 4.81919
6 79 0.55671
6 80 8.33277
6 81 0.87889
6 82 2.58627
6 83 7.0731
6 84 4.70304
6 85 1.33238
6 86 1.59413
6 87 4.77462
6 88 8.44689
6 89 0.31748
6 90 7.75699
6 91 4.81318
6 92 3.75012
6 93 1.83417
6 94 4.89497
6 95 3.67927
6 96 0.00699
6 97 7.57664
6 98 0.86526
6 99 6.7909
7 8 4.84926
7 9 0.70903
7 10 4.23817
7 11 1.22724
7 12 1.82622
7 13 2.71397
7 14 3.38287
7 15 5.45709
7 16 7.35084
7 17 4.20474
7 18 4.6523
7 19 3.85773
7 20 4.24937
7 21 3.40778
7 22 7.79784
7 23 6.62043
7 24 4.99628
7 25 3.84448
7 26 7.02527
7 27 3.94323
7 28 5.19509
7 29 8.24902
7 30 4.77807
7 31 1.02172
7 32 7.27001
7 33 0.11336
7 34 8.921
7 35 6.60502
7 36 4.0936
7 37 3.11782
7 38 3.01998
7 39 1.77469
7 40 1.09517
7 41 0.98146
7 42 7.05542
7 43 4.22489
7 44 4.54451
7 45 2.72926
7 46 6.99727
7 47 7.10208
7 48 4.43706
7 49 8.73589
7 50 7.84478
7 51 7.8844
7 52 5.41748
7 53 4.87018
7 54 8.1162
7 55 4.6451
7 56 5.49141
7 57 6.79623
7 58 5.85419
7 59 7.62581
7 60 5.46024
7 61 3.97381
7 62 7.3037
7 63 7.61761
7 64 7.68385
7 65 2.38552
7 66 4.77887
7 67 2.23842
7 68 1.82369
7 69 3.10949
7 70 3.04245
7 71 1.06663
7 72 7.79875
7 73 1.50345
7 74 6.88039
7 75 6.6876
7 76 7.03427
7 77 4.90913
7 78 7.5618
7 79 8.85923
7 80 4.48289
7 81 1.93004
7 82 1.48863
7 83 6.60227
7 84 7.0123
7 85 1.19583
7 86 0.28523
7 87 1.58315
7 88 1.00089
7 89 4.88125
7 90 2.74034
7 91 4.32494
7 92 2.39424
7 93 4.54006
7 94 6.30183
7 95 1.63851
7 96 4.0693
7 97 6.61046
7 98 5.4063
7 99 0.51361
8 9 6.76815
8 10 0.57076
8 11 7.53775
8 12 2.81869
8 13 2.13529
8 14 4.58065
8 15 7.62875
8 16 7.63657
8 17 6.52845
8 18 3.08297
8 19 1.30192
8 20 2.87773
8 21 3.55985
8 22 1.27478
8 23 6.3477
8 24 4.87177
8 25 5.95677
8 26 5.2855
8 27 7.2622
8 28 1.94892
8 29 1.49622
8 30 8.17519
8 31 7.1516
8 32 6.0173
8 33 1.03355
8 34 5.61735
8 35 6.25339
8 36 1.09097
8 37 6.70915
8 38 3.97543
8 39 4.59636
8 40 8.01517
8 41 4.41761
8 42 5.32297
8 43 8.01768
8 44 8.33718
8 45 4.94645
8 46 2.3216
8 47 0.91187
8 48 1.20906
8 49 5.67277
8 50 8.89774
8 51 1.41253
8 52 4.70868
8 53 1.45196
8 54 2.39694
8 55 6.57392
8 56 6.43192
8 57 1.7743
8 58 1.90303
8 59 8.04661
8 60 8.90846
8 61 2.10797
8 62 7.92495
8 63 7.19473
8 64 5.8207
8 65 1.97236
8 66 5.47228
8 67 6.838
8 68 0.96293
8 69 5.82714
8 70 1.56978
8 71 0.34068
8 72 1.70417
8 73 1.52152
8 74 8.22398
8 75 0.06986
8 76 2.76941
8 77 0.6011
8 78 4.27912
8 79 6.2983
8 80 7.85967
8 81 3.19223
8 82 1.56224
8 83 7.86872
8 84 3.24767
8 85 4.49644
8 86 4.90655
8 87 7.78377
8 88 3.02722
8 89 0.83752
8 90 0.76983
8 91 0.0869
8 92 1.7935
8 93 2.95043
8 94 4.85944
8 95 7.93119
8 96 0.77942
8 97 2.96348
8 98 3.73446
8 99 7.12279
9 10 4.84646
9 11 8.24885
9 12 5.70428
9 13 2.84874
9 14 6.42655
9 15 8.74813
9 16 4.13436
9 17 5.73325
9 18 3.51369
9 19 1.01529
9 20 4.27399
9 21 0.80999
9 22 0.53693
9 23 7.53738
9 24 2.83576
9 25 6.41091
9 26 6.31598
9 27 4.70023
9 28 1.10332
9 29 2.2319
9 30 4.63133
9 31 2.40484
9 32 4.84304
9 33 1.55543
9 34 2.14166
9 35 4.64586
9 36 6.19588
9 37 7.48168
9 38 5.97251
9 39 2.37468
9 40 5.95454
9 41 7.83521
9 42 3.67983
9 43 6.5225
9 44 0.02253
9 45 4.42396
9 46 8.43538
9 47 8.43264
9 48 0.84752
9 49 3.49292
9 50 7.1035
9 51 7.32441
9 52 6.8856
9 53 5.46483
9 54 6.98963
9 55 0.98009
9 56 2.11056
9 57 7.39237
9 58 7.33195
9 59 7.79708
9 60 8.69289
9 61 1.37722
9 62 7.85624
9 63 7.18849
9 64 4.3522
9 65 1.85409
9 66 4.61625
9 67 3.89209
9 68 5.85936
9 69 0.02934
9 70 4.83113
9 71 4.74442
9 72 0.41458
9 73 0.23126
9 74 6.81321
9 75 1.00304
9 76 2.2654
9 77 3.63292
9 78 8.87564
9 79 1.1614
9 80 6.37928
9 81 7.80679
9 82 5.99036
9 83 0.51324
9 84 7.17052
9 85 3.4596
9 86 5.02635
9 87 5.54534
9 88 6.43657
9 89 7.22363
9 90 3.73678
9 91 4.81389
9 92 1.80079
9 93 1.63457
9 94 8.24889
9 95 1.39916
9 96 4.1265
9 97 6.60559
9 98 4.54398
9 99 5.65491
10 11 4.3153
10 12 7.767
10 13 8.7094
10 14 2.36092
10 15 1.90522
10 16 3.233
10 17 2.54902
10 18 6.85164
10 19 4.59559
10 20 6.78908
10 21 5.71131
10 22 1.95366
10 23 6.52893
10 24 0.03308
10 25 2.10298
10 26 6.17933
10 27 0.33332
10 28 5.01416
10 29 5.33668
10 30 0.412
10 31 1.77056
10 32 7.18833
10 33 4.39349
10 34 1.76876
10 35 0.32565
10 36 1.17336
10 37 4.93363
10 38 1.17741
10 39 2.5555
10 40 6.68303
10 41 5.98416
10 42 3.39167
10 43 8.61274
10 44 4.2408
10 45 3.86363
10 46 5.3748
10 47 0.11977
10 48 8.4045
10 49 1.17124
10 50 0.24155
10 51 6.72045
10 52 8.10256
10 53 6.97981
10 54 5.15938
10 55 7.87425
10 56 6.9705
10 57 4.31456
10 58 0.44345
10 59 1.52809
10 60 2.50415
10 61 5.39645
10 62 4.24869
10 63 7.42915
10 64 2.89666
10 65 0.60475
10 66 4.66639
10 67 0.4699
10 68 5.48713
10 69 0.92708
10 70 8.58264
10 71 4.29463
10 72 1.0302
10 73 7.92533
10 74 6.79173
10 75 5.34791
10 76 3.51985
10 77 7.69636
10 78 4.20259
10 79 8.00304
10 80 8.4931
10 81 1.57614
10 82 4.64466
10 83 7.78957
10 84 8.27506
10 85 7.36139
10 86 8.64062
10 87 0.5108
10 88 2.45742
10 89 4.19196
10 90 0.7931
10 91 2.37835
10 92 4.24897
10 93 6.61556
10 94 7.04344
10 95 5.25672
10 96 8.74879
10 97 8.87996
10 98 0.15603
10 99 3.61809
11 12 6.90784
11 13 4.44959
11 14 1.88105
11 15 4.1511
11 16 7.69883
11 17 2.2717
11 18 5.11668
11 19 7.35246
11 20 8.22356
11 21 7.79417
11 22 4.10074
11 23 0.52326
11 24 1.9579
11 25 2.15379
11 26 8.95763
11 27 0.70413
11 28 6.92567
11 29 3.79739
11 30 1.94745
11 31 3.93598
11 32 0.04259
11 33 2.16434
11 34 5.79476
11 35 3.55731
11 36 1.31552
11 37 5.70771
11 38 8.72833
11 39 4.0609
11 40 7.94747
11 41 8.68837
11 42 6.65739
11 43 2.84362
11 44 3.50797
11 45 7.1905
11 46 4.02784
11 47 2.62752
11 48 7.36795
11 49 4.15127
11 50 1.73578
11 51 4.98955
11 52 6.60684
11 53 1.07158
11 54 0.43402
11 55 2.98606
11 56 1.28051
11 57 7.60386
11 58 3.43766
11 59 4.41843
11 60 8.70872
11 61 4.30991
11 62 6.2145
11 63 5.92571
11 64 2.19552
11 65 0.21237
11 66 6.41919
11 67 0.12924
11 68 3.02297
11 69 2.53652
11 70 8.33628
11 71 8.39468
11 72 3.16099
11 73 8.64818
11 74 1.97607
11 75 7.83388
11 76 5.01562
11 77 6.29244
11 78 3.45719
11 79 8.93689
11 80 2.0306
11 81 4.19317
11 82 1.67785
11 83 6.45943
11 84 2.32007
11 85 1.20461
11 86 2.08769
11 87 8.52173
11 88 5.14507
11 89 5.51847
11 90 6.22707
11 91 8.71505
11 92 7.21111
11 93 3.16401
11 94 1.01524
11 95 0.09223
11 96 5.83105
11 97 6.63349
11 98 8.45583
11 99 3.27867
12 13 4.53255
12 14 5.99595
12 15 0.09303
12 16 2.09507
12 17 5.97789
12 18 4.75847
12 19 2.52252
12 20 6.32481
12 21 7.78995
12 22 5.59857
12 23 2.1394
12 24 2.78615
12 25 5.30278
12 26 1.9067
12 27 7.14041
12 28 4.53368
12 29 3.06588
12 30 6.74165
12 31 4.31164
12 32 3.01888
12 33 8.56976
12 34 5.62912
12 35 3.66455
12 36 0.63373
12 37 3.29914
12 38 4.22332
12 39 6.48475
12 40 3.80516
12 41 2.28645
12 42 4.41381
12 43 3.53229
12 44 5.90055
12 45 3.04572
12 46 3.40333
12 47 5.4399
12 48 7.81604
12 49 0.16942
12 50 7.72135
12 51 7.63734
12 52 8.87543
12 53 7.66656
12 54 3.58013
12 55 5.92887
12 56 6.49484
12 57 6.75208
12 58 6.2604
12 59 0.69172
12 60 6.03763
12 61 6.42909
12 62 3.10211
12 63 2.95423
12 64 1.12065
12 65 4.23186
12 66 7.0941
12 67 7.04263
12 68 5.47391
12 69 8.07104
12 70 1.67153
12 71 7.11635
12 72 4.93119
12 73 1.68562
12 74 4.49441
12 75 8.57295
12 76 5.80079
12 77 6.88942
12 78 4.28774
12 79 4.27134
12 80 8.30572
12 81 7.51452
12 82 6.95564
12 83 8.88612
12 84 8.04692
12 85 1.50441
12 86 2.55822
12 87 6.9729
12 88 2.11561
12 89 0.48454
12 90 5.29484
12 91 6.5554
12 92 8.60869
12 93 6.06573
12 94 1.15016
12 95 2.23266
12 96 5.1128
12 97 1.62309
12 98 2.61359
12 99 7.87512
13 14 3.86008
13 15 1.37039
13 16 1.64725
13 17 6.84912
13 18 3.11789
13 19 0.54287
13 20 3.51386
13 21 5.22389
13 22 1.17853
13 23 8.4835
13 24 7.06387
13 25 2.11476
13 26 4.32368
13 27 5.58523
13 28 6.42003
13 29 0.67823
13 30 1.40246
13 31 5.27297
13 32 8.06674
13 33 5.33319
13 34 0.18876
13 35 5.28187
13 36 8.84358
13 37 7.45791
13 38 7.73613
13 39 1.84184
13 40 2.67022
13 41 4.90525
13 42 8.77305
13 43 3.75488
13 44 8.11314
13 45 5.82423
13 46 0.31605
13 47 4.70706
13 48 1.15035
13 49 0.97621
13 50 1.16842
13 51 4.7456
13 52 1.76545
13 53 3.31415
13 54 4.50069
13 55 0.79457
13 56 0.97283
13 57 2.9775
13 58 7.42567
13 59 6.09654
13 60 5.38874
13 61 1.2814
13 62 4.29359
13 63 3.19218
13 64 1.8755
13 65 0.00857
13 66 5.43767
13 67 2.01947
13 68 8.41181
13 69 5.6635
13 70 4.8491
13 71 1.19356
13 72 3.23615
13 73 0.1185
13 74 4.49943
13 75 0.99464
13 76 7.20369
13 77 7.92059
13 78 1.71816
13 79 5.26292
13 80 1.9648
13 81 7.81624
13 82 0.41325
13 83 3.34897
13 84 1.93891
13 85 5.81188
13 86 6.23151
13 87 5.36486
13 88 5.048
13 89 2.98052
13 90 5.19932
13 91 5.24179
13 92 3.62581
13 93 5.04998
13 94 6.21856
13 95 2.44728
13 96 4.10904
13 97 1.78079
13 98 1.96479
13 99 5.60414
14 15 5.90764
14 16 8.20316
14 17 3.81291
14 18 0.79182
14 19 7.92082
14 20 3.75894
14 21 4.54873
14 22 7.57188
14 23 5.00383
14 24 2.39289
14 25 0.12358
14 26 3.5733
14 27 0.19171
14 28 1.67308
14 29 6.65977
14 30 1.71237
14 31 1.64744
14 32 1.77713
14 33 7.51972
14 34 6.74734
14 35 4.75741
14 36 5.35811
14 37 1.75225
14 38 7.99202
14 39 0.37174
14 40 0.26595
14 41 6.68243
14 42 1.79481
14 43 8.11029
14 44 4.9729
14 45 0.52891
14 46 7.55057
14 47 2.69495
14 48 0.1947
14 49 8.83432
14 50 2.23786
14 51 0.59356
14 52 3.09866
14 53 1.44624
14 54 2.43616
14 55 3.57934
14 56 5.73839
14 57 6.80649
14 58 0.4104
14 59 3.52986
14 60 0.3231
14 61 3.35403
14 62 7.48043
14 63 3.41855
14 64 6.42478
14 65 8.13955
14 66 2.55977
14 67 6.38553
14 68 6.89159
14 69 1.34568
14 70 8.07166
14 71 1.36816
14 72 4.4988
14 73 1.6359
14 74 7.93354
14 75 7.64401
14 76 3.01673
14 77 3.7552
14 78 0.647
14 79 7.63146
14 80 0.01433
14 81 3.50601
14 82 5.11086
14 83 7.02008
14 84 4.93276
14 85 2.45481
14 86 7.35746
14 87 7.73802
14 88 6.51149
14 89 3.73285
14 90 1.83369
14 91 1.18758
14 92 5.84887
14 93 2.06058
14 94 4.00547
14 95 1.38077
14 96 2.95052
14 97 0.60281
14 98 2.02905
14 99 8.73842
15 16 0.47561
15 17 4.53374
15 18 8.48957
15 19 0.8437
15 20 1.01197
15 21 1.92857
15 22 0.55838
15 23 1.37694
15 24 5.48324
15 25 3.75242
15 26 8.12942
15 27 2.19626
15 28 8.47814
15 29 4.12824
15 30 8.89126
15 31 8.63881
15 32 7.38417
15 33 0.33333
15 34 3.72484
15 35 0.12206
15 36 3.46329
15 37 8.14268
15 38 6.30536
15 39 3.57496
15 40 8.61448
15 41 0.38772
15 42 5.77097
15 43 2.78528
15 44 0.17266
15 45 3.4424
15 46 0.11393
15 47 0.90297
15 48 4.50523
15 49 5.78956
15 50 3.3809
15 51 3.10389
15 52 2.65369
15 53 2.22906
15 54 6.05938
15 55 2.92356
15 56 4.12293
15 57 5.74565
15 58 6.8302
15 59 8.47628
15 60 6.18081
15 61 2.95289
15 62 7.97197
15 63 2.01468
15 64 8.82348
15 65 7.71074
15 66 4.05613
15 67 6.77798
15 68 5.60736
15 69 3.73464
15 70 0.43529
15 71 7.47332
15 72 8.9231
15 73 4.08398
15 74 6.83343
15 75 2.91017
15 76 7.64495
15 77 1.5635
15 78 4.27048
15 79 3.43742
15 80 4.75678
15 81 0.14683
15 82 7.97527
15 83 1.84169
15 84 0.58773
15 85 5.70031
15 86 2.92317
15 87 2.21236
15 88 4.29523
15 89 5.33856
15 90 6.58853
15 91 6.0264
15 92 2.69718
15 93 1.61247
15 94 2.31455
15 95 3.9918
15 96 2.45266
15 97 7.48449
15 98 6.97017
15 99 6.77663
16 17 3.88615
16 18 3.78878
16 19 1.18234
16 20 6.85702
16 21 6.61698
16 22 4.1721
16 23 2.21892
16 24 7.43064
16 25 6.44166
16 26 3.42788
16 27 4.84834
16 28 0.10531
16 29 1.20825
16 30 8.385
16 31 1.68016
16 32 0.62509
16 33 3.4719
16 34 8.16141
16 35 0.5819
16 36 6.36881
16 37 5.15948
16 38 6.64446
16 39 7.14832
16 40 0.44096
16 41 4.24873
16 42 3.70288
16 43 6.07836
16 44 4.08655
16 45 5.78132
16 46 4.17638
16 47 5.164
16 48 8.84197
16 49 8.18608
16 50 7.85709
16 51 3.84736
16 52 3.55276
16 53 2.33316
16 54 6.23184
16 55 5.95163
16 56 0.46378
16 57 2.27388
16 58 4.03656
16 59 3.30519
16 60 5.59941
16 61 6.9467
16 62 6.03165
16 63 2.02316
16 64 7.05444
16 65 5.07648
16 66 4.45966
16 67 0.69417
16 68 1.63862
16 69 3.71158
16 70 4.97356
16 71 8.6233
16 72 0.97784
16 73 1.35526
16 74 2.38495
16 75 0.96836
16 76 0.80599
16 77 5.08445
16 78 2.62308
16 79 6.7041
16 80 2.47836
16 81 3.2786
16 82 0.82596
16 83 0.71764
16 84 8.69072
16 85 7.43422
16 86 6.82465
16 87 0.51954
16 88 1.5207
16 89 2.03274
16 90 0.54989
16 91 6.61613
16 92 6.95303
16 93 6.01526
16 94 5.91663
16 95 3.85508
16 96 0.25352
16 97 6.14009
16 98 7.19221
16 99 4.75418
17 18 1.14282
17 19 2.43364
17 20 7.28524
17 21 7.86479
17 22 1.92611
17 23 5.53784
17 24 7.81977
17 25 0.25347
17 26 6.85711
17 27 6.52912
17 28 0.30484
17 29 8.45324
17 30 6.51377
17 31 5.61031
17 32 4.64754
17 33 1.31177
17 34 1.57558
17 35 1.50257
17 36 6.00105
17 37 4.75049
17 38 6.21615
17 39 4.87266
17 40 3.74717
17 41 6.60911
17 42 0.57915
17 43 3.42193
17 44 1.1984
17 45 0.89983
17 46 0.38079
17 47 0.54913
17 48 8.04137
17 49 5.27227
17 50 3.75031
17 51 4.4418
17 52 6.87403
17 53 4.04779
17 54 7.38216
17 55 4.36226
17 56 7.44056
17 57 0.82792
17 58 6.6917
17 59 2.02909
17 60 5.9445
17 61 1.92743
17 62 2.47922
17 63 6.43245
17 64 1.74287
17 65 1.54104
17 66 4.28188
17 67 3.80603
17 68 0.39713
17 69 8.74615
17 70 7.1844
17 71 0.83822
17 72 4.75299
17 73 8.93893
17 74 7.74298
17 75 1.35527
17 76 1.07858
17 77 8.81415
17 78 2.76545
17 79 2.25888
17 80 8.24811
17 81 7.36445
17 82 5.80738
17 83 0.57807
17 84 2.15937
17 85 5.20273
17 86 5.94102
17 87 4.53322
17 88 7.70927
17 89 8.30377
17 90 3.92172
17 91 1.39384
17 92 1.8757
17 93 5.7942
17 94 0.1103
17 95 8.21119
17 96 5.38176
17 97 6.63576
17 98 5.56927
17 99 5.48387
18 19 1.4944
18 20 7.56749
18 21 4.23066
18 22 0.95421
18 23 4.51134
18 24 8.28704
18 25 1.68452
18 26 5.65067
18 27 7.85971
18 28 7.39229
18 29 3.55572
18 30 2.77234
18 31 3.01295
18 32 3.51791
18 33 2.12906
18 34 4.81809
18 35 4.49454
18 36 5.5988
18 37 5.65263
18 38 4.80284
18 39 0.81524
18 40 0.54827
18 41 4.5645
18 42 8.99655
18 43 7.53125
18 44 0.90356
18 45 7.13913
18 46 1.17239
18 47 4.66514
18 48 6.13216
18 49 7.4207
18 50 3.79013
18 51 1.79139
18 52 5.43343
18 53 8.73535
18 54 4.47779
18 55 7.1128
18 56 7.13463
18 57 1.40766
18 58 4.79442
18 59 4.94486
18 60 8.73763
18 61 5.61382
18 62 3.94789
18 63 8.25883
18 64 6.19019
18 65 3.102
18 66 3.92192
18 67 3.88815
18 68 8.13127
18 69 7.68399
18 70 5.72385
18 71 8.12293
18 72 6.79463
18 73 8.95631
18 74 8.7472
18 75 0.97454
18 76 2.00431
18 77 6.17993
18 78 8.00749
18 79 7.24222
18 80 3.71639
18 81 5.147
18 82 1.19019
18 83 0.7666
18 84 0.54153
18 85 2.83439
18 86 0.58048
18 87 2.38462
18 88 6.33231
18 89 1.12794
18 90 7.64093
18 91 7.37551
18 92 5.17926
18 93 8.09649
18 94 2.99338
18 95 7.68103
18 96 2.71218
18 97 8.22383
18 98 7.3665
18 99 1.65849
19 20 5.53526
19 21 3.31813
19 22 2.45692
19 23 3.70252
19 24 7.76686
19 25 4.2005
19 26 7.9452
19 27 1.30364
19 28 4.44151
19 29 5.32824
19 30 4.92907
19 31 6.7737
19 32 1.84346
19 33 2.03629
19 34 8.79875
19 35 7.22756
19 36 5.87857
19 37 3.82259
19 38 3.22711
19 39 7.94479
19 40 2.70896
19 41 2.11595
19 42 0.67371
19 43 1.47277
19 44 2.64642
19 45 5.96181
19 46 0.11756
19 47 6.13605
19 48 7.87904
19 49 1.1199
19 50 5.60964
19 51 3.42901
19 52 6.28725
19 53 2.95186
19 54 8.68416
19 55 5.37393
19 56 5.32852
19 57 0.86932
19 58 6.92708
19 59 2.39066
19 60 2.32248
19 61 5.0366
19 62 8.2501
19 63 6.65139
19 64 0.73814
19 65 2.56469
19 66 1.44321
19 67 1.93842
19 68 0.65675
19 69 8.28413
19 70 6.06007
19 71 8.75138
19 72 0.62976
19 73 3.46662
19 74 5.53848
19 75 5.5876
19 76 8.67801
19 77 5.14985
19 78 3.14762
19 79 5.0234
19 80 5.74069
19 81 2.35599
19 82 6.46684
19 83 4.6797
19 84 4.33958
19 85 8.6401
19 86 0.52423
19 87 2.932
19 88 8.20165
19 89 4.745
19 90 1.85783
19 91 7.36348
19 92 7.60178
19 93 0.22416
19 94 8.80942
19 95 5.69007
19 96 6.75006
19 97 2.08929
19 98 7.04414
19 99 6.18045
20 21 5.97805
20 22 1.78859
20 23 3.50225
20 24 2.48519
20 25 6.83328
20 26 6.87798
20 27 3.73499
20 28 1.72096
20 29 1.9698
20 30 5.09253
20 31 7.05366
20 32 1.78239
20 33 5.12815
20 34 8.17793
20 35 7.05346
20 36 8.90746
20 37 0.89586
20 38 7.2824
20 39 2.58485
20 40 8.53898
20 41 1.52469
20 42 0.44573
20 43 3.14741
20 44 4.53708
20 45 8.3654
20 46 5.96104
20 47 1.26931
20 48 1.43233
20 49 7.55065
20 50 3.3496
20 51 1.74073
20 52 6.81622
20 53 4.55506
20 54 0.17151
20 55 7.49756
20 56 6.78582
20 57 1.48134
20 58 0.19797
20 59 2.65562
20 60 1.48386
20 61 4.35879
20 62 6.8508
20 63 8.00255
20 64 2.93032
20 65 0.26822
20 66 7.39173
20 67 3.47649
20 68 1.95816
20 69 2.49242
20 70 0.17572
20 71 0.61176
20 72 8.19946
20 73 4.62933
20 74 0.70031
20 75 7.89782
20 76 7.27174
20 77 2.80787
20 78 4.65084
20 79 3.84057
20 80 1.99719
20 81 0.34435
20 82 7.96314
20 83 0.86459
20 84 4.68379
20 85 8.46574
20 86 3.14533
20 87 0.00231
20 88 8.50178
20 89 2.36598
20 90 3.38268
20 91 3.4282
20 92 1.93172
20 93 2.14884
20 94 5.41253
20 95 7.10592
20 96 7.73695
20 97 0.24157
20 98 3.88476
20 99 2.39267
21 22 2.4866
21 23 2.93152
21 24 7.36347
21 25 5.32223
21 26 0.24166
21 27 6.7104
21 28 5.42708
21 29 5.21551
21 30 0.8388
21 31 0.25916
21 32 0.99213
21 33 6.13006
21 34 2.90615
21 35 2.77811
21 36 4.13515
21 37 4.4007
21 38 7.06532
21 39 3.82232
21 40 7.35678
21 41 3.30203
21 42 0.55236
21 43 6.11627
21 44 7.03487
21 45 1.19758
21 46 2.68026
21 47 1.99192
21 48 8.98848
21 49 4.88187
21 50 8.75863
21 51 0.13663
21 52 6.73189
21 53 3.68802
21 54 5.87536
21 55 3.83409
21 56 3.12807
21 57 0.31735
21 58 7.11864
21 59 7.88566
21 60 7.61845
21 61 4.39354
21 62 7.91154
21 63 4.06709
21 64 2.04485
21 65 8.42907
21 66 5.91657
21 67 2.30888
21 68 1.15511
21 69 7.36636
21 70 1.78431
21 71 0.94175
21 72 6.96985
21 73 8.764
21 74 7.12429
21 75 5.93205
21 76 5.77307
21 77 6.34355
21 78 2.92655
21 79 6.94184
21 80 7.27619
21 81 7.14406
21 82 8.11393
21 83 4.11818
21 84 5.64516
21 85 5.00313
21 86 1.60767
21 87 0.18901
21 88 8.72498
21 89 3.19969
21 90 1.53143
21 91 7.99158
21 92 3.75135
21 93 8.69637
21 94 7.87556
21 95 4.36505
21 96 8.00149
21 97 5.90898
21 98 3.79805
21 99 7.6076
22 23 4.83316
22 24 7.48447
22 25 7.33938
22 26 2.71668
22 27 8.83427
22 28 7.3866
22 29 8.41962
22 30 5.97901
22 31 7.91875
22 32 0.71306
22 33 0.06873
22 34 8.84463
22 35 7.63345
22 36 2.4036
22 37 0.5872
22 38 1.88932
22 39 2.42835
22 40 4.80782
22 41 4.11162
22 42 7.86812
22 43 1.07716
22 44 3.26669
22 45 6.49264
22 46 7.51054
22 47 3.53976
22 48 2.67381
22 49 6.28535
22 50 7.63525
22 51 1.45665
22 52 6.22162
22 53 8.00141
22 54 5.10555
22 55 1.6907
22 56 3.61666
22 57 7.53447
22 58 8.77892
22 59 1.39986
22 60 3.92052
22 61 6.97864
22 62 7.07994
22 63 4.06297
22 64 8.41131
22 65 7.47559
22 66 0.44076
22 67 4.1105
22 68 2.89235
22 69 2.31229
22 70 8.06444
22 71 0.08526
22 72 2.54726
22 73 3.62469
22 74 0.01196
22 75 4.54265
22 76 1.27428
22 77 1.56398
22 78 2.42083
22 79 6.19957
22 80 2.9315
22 81 1.77673
22 82 5.4409
22 83 0.53781
22 84 3.75613
22 85 0.98413
22 86 8.26653
22 87 4.16277
22 88 7.8333
22 89 1.82253
22 90 3.56469
22 91 7.67294
22 92 1.25851
22 93 3.75134
22 94 8.21411
22 95 8.12506
22 96 8.28369
22 97 4.45414
22 98 4.05223
22 99 7.54462
23 24 2.08176
23 25 4.52304
23 26 4.80287
23 27 0.2938
23 28 6.27445
23 29 0.70526
23 30 8.34014
23 31 1.04218
23 32 0.84582
23 33 3.59548
23 34 1.87168
23 35 7.34625
23 36 1.56457
23 37 2.4515
23 38 2.24204
23 39 3.47827
23 40 7.02108
23 41 8.7279
23 42 2.12865
23 43 5.42566
23 44 5.83013
23 45 5.26218
23 46 1.93381
23 47 1.71259
23 48 0.05478
23 49 2.18381
23 50 8.6953
23 51 2.56723
23 52 5.44705
23 53 1.1264
23 54 8.37948
23 55 1.40597
23 56 6.39835
23 57 2.64369
23 58 3.81953
23 59 8.27584
23 60 3.39351
23 61 6.71307
23 62 6.67357
23 63 3.93192
23 64 2.85344
23 65 7.20712
23 66 8.21634
23 67 2.03801
23 68 1.59783
23 69 2.1759
23 70 4.3386
23 71 4.06662
23 72 8.20472
23 73 5.16462
23 74 0.52393
23 75 5.61729
23 76 8.32345
23 77 4.91674
23 78 2.85985
23 79 0.78826
23 80 2.15161
23 81 6.12018
23 82 7.22501
23 83 3.33177
23 84 5.26393
23 85 5.49652
23 86 0.34803
23 87 8.72505
23 88 5.9921
23 89 5.58744
23 90 5.22096
23 91 5.94201
23 92 0.61456
23 93 0.48157
23 94 4.94214
23 95 2.56706
23 96 1.9857
23 97 8.14379
23 98 2.14497
23 99 0.36154
24 25 3.70755
24 26 4.67917
24 27 4.25762
24 28 3.93224
24 29 3.83145
24 30 3.31449
24 31 8.59798
24 32 3.59554
24 33 7.47432
24 34 0.14403
24 35 4.47441
24 36 8.69374
24 37 8.12102
24 38 2.3802
24 39 6.06929
24 40 6.1825
24 41 1.88511
24 42 8.56221
24 43 8.27188
24 44 1.61098
24 45 5.52623
24 46 7.82157
24 47 0.0938
24 48 7.31882
24 49 3.38101
24 50 0.09644
24 51 3.987
24 52 6.29212
24 53 0.47333
24 54 5.4187
24 55 1.83767
24 56 6.46939
24 57 7.81892
24 58 7.03126
24 59 5.66197
24 60 1.88143
24 61 6.45953
24 62 5.3605
24 63 4.57196
24 64 5.73184
24 65 3.33673
24 66 4.92386
24 67 8.23564
24 68 6.16117
24 69 7.03537
24 70 7.45103
24 71 3.76127
24 72 7.19495
24 73 6.59783
24 74 8.0109
24 75 2.0834
24 76 6.23042
24 77 7.45227
24 78 2.47222
24 79 6.27346
24 80 4.97298
24 81 2.48068
24 82 0.38098
24 83 6.54706
24 84 2.87158
24 85 7.43627
24 86 4.27365
24 87 4.09885
24 88 7.79957
24 89 6.49815
24 90 5.39581
24 91 0.04088
24 92 5.69698
24 93 4.20775
24 94 0.11232
24 95 8.96302
24 96 1.18417
24 97 7.04468
24 98 0.33138
24 99 6.08228
25 26 8.86758
25 27 1.7276
25 28 5.4416
25 29 4.42271
25 30 0.16024
25 31 1.31102
25 32 0.79014
25 33 1.36269
25 34 5.46962
25 35 1.86135
25 36 7.07557
25 37 4.46325
25 38 8.88555
25 39 7.36987
25 40 7.46599
25 41 6.16775
25 42 0.52782
25 43 5.35688
25 44 8.2921
25 45 3.64738
25 46 1.9033
25 47 2.43907
25 48 1.66401
25 49 2.61458
25 50 8.40839
25 51 3.01858
25 52 6.49227
25 53 0.07219
25 54 6.481
25 55 5.90027
25 56 7.47121
25 57 7.87822
25 58 8.76558
25 59 5.4029
25 60 0.4701
25 61 4.12221
25 62 8.68119
25 63 7.90978
25 64 8.6457
25 65 1.84848
25 66 1.12044
25 67 7.89994
25 68 3.95123
25 69 4.77621
25 70 6.17613
25 71 3.46357
25 72 4.91506
25 73 7.33498
25 74 3.25081
25 75 1.15469
25 76 5.76157
25 77 1.63536
25 78 8.6459
25 79 1.10573
25 80 4.74272
25 81 7.57953
25 82 2.07353
25 83 6.37562
25 84 0.40451
25 85 6.50642
25 86 6.3469
25 87 2.00153
25 88 2.8473
25 89 8.10149
25 90 0.52972
25 91 1.19045
25 92 5.55997
25 93 0.66573
25 94 6.6334
25 95 0.69326
25 96 1.70617
25 97 1.03319
25 98 3.46848
25 99 6.90087
26 27 4.03812
26 28 4.40493
26 29 8.99873
26 30 8.73676
26 31 5.96142
26 32 2.21664
26 33 1.0957
26 34 0.90324
26 35 0.13495
26 36 4.88934
26 37 8.20793
26 38 5.10831
26 39 1.93617
26 40 6.65663
26 41 3.56646
26 42 3.92969
26 43 6.04191
26 44 8.59233
26 45 1.67903
26 46 6.24963
26 47 5.11393
26 48 2.49078
26 49 8.09444
26 50 6.57286
26 51 7.44639
26 52 1.21122
26 53 8.22262
26 54 2.79818
26 55 7.85369
26 56 2.06581
26 57 4.17268
26 58 8.58302
26 59 2.36799
26 60 3.89463
26 61 7.46193
26 62 7.83763
26 63 6.00071
26 64 8.47443
26 65 6.94126
26 66 1.71572
26 67 8.11846
26 68 0.88949
26 69 7.65478
26 70 5.47188
26 71 3.77672
26 72 0.90019
26 73 8.07547
26 74 0.80545
26 75 3.42081
26 76 6.36
26 77 2.02052
26 78 1.03746
26 79 1.94358
26 80 6.26622
26 81 7.17621
26 82 2.20708
26 83 2.30626
26 84 1.74697
26 85 7.09428
26 86 3.7041
26 87 8.02996
26 88 4.93003
26 89 0.87872
26 90 6.09355
26 91 2.64509
26 92 5.74775
26 93 1.70009
26 94 8.97914
26 95 3.67302
26 96 1.68514
26 97 1.80473
26 98 7.60575
26 99 6.29579
27 28 8.76585
27 29 6.94875
27 30 0.90815
27 31 0.21968
27 32 8.42846
27 33 2.71576
27 34 7.64769
27 35 6.61366
27 36 8.36916
27 37 7.07422
27 38 2.85652
27 39 3.93342
27 40 4.40183
27 41 3.56686
27 42 1.70202
27 43 2.52992
27 44 5.10199
27 45 1.46727
27 46 4.66851
27 47 1.72764
27 48 4.34903
27 49 7.14157
27 50 5.62948
27 51 2.32979
27 52 8.73297
27 53 7.40873
27 54 7.54704
27 55 2.46008
27 56 1.23718
27 57 4.42851
27 58 0.89501
27 59 0.44288
27 60 1.27195
27 61 5.02194
27 62 5.47019
27 63 1.37201
27 64 0.83695
27 65 1.29859
27 66 3.41577
27 67 6.83264
27 68 0.31476
27 69 0.01636
27 70 4.09814
27 71 7.02227
27 72 0.18497
27 73 7.94717
27 74 5.37088
27 75 2.18418
27 76 3.47929
27 77 1.55822
27 78 2.2621
27 79 0.80433
27 80 1.42471
27 81 1.12361
27 82 5.49741
27 83 0.36475
27 84 4.59979
27 85 8.29202
27 86 6.5688
27 87 3.15641
27 88 7.13719
27 89 8.88745
27 90 5.18402
27 91 3.91982
27 92 2.22966
27 93 4.6935
27 94 3.95298
27 95 3.98171
27 96 8.13441
27 97 8.75686
27 98 3.55689
27 99 3.6802
28 29 7.06958
28 30 5.97375
28 31 0.88033
28 32 3.8587
28 33 3.40087
28 34 2.09296
28 35 3.95327
28 36 5.37883
28 37 8.99959
28 38 1.91876
28 39 3.40082
28 40 6.91665
28 41 4.99647
28 42 5.72874
28 43 5.08578
28 44 0.24209
28 45 7.49977
28 46 5.11941
28 47 1.26222
28 48 8.96515
28 49 0.14404
28 50 1.05086
28 51 2.7483
28 52 1.81595
28 53 6.8937
28 54 1.02537
28 55 6.16179
28 56 3.84058
28 57 1.59872
28 58 0.87373
28 59 1.20348
28 60 1.4362
28 61 4.23583
28 62 2.33207
28 63 5.97139
28 64 7.1874
28 65 7.33019
28 66 8.71782
28 67 3.81008
28 68 7.55639
28 69 1.37243
28 70 8.99568
28 71 4.13184
28 72 7.08047
28 73 1.78318
28 74 7.54565
28 75 8.58247
28 76 8.44912
28 77 8.0387
28 78 1.40272
28 79 6.40439
28 80 3.63665
28 81 8.13261
28 82 6.25801
28 83 5.97361
28 84 6.02605
28 85 2.09952
28 86 0.80236
28 87 7.35029
28 88 1.72821
28 89 3.62167
28 90 8.74522
28 91 8.18208
28 92 4.76625
28 93 4.97258
28 94 6.55202
28 95 7.10868
28 96 3.66383
28 97 2.79333
28 98 5.25523
28 99 6.61283
29 30 5.68961
29 31 2.87049
29 32 4.44509
29 33 6.51313
29 34 3.82231
29 35 2.40317
29 36 4.15334
29 37 8.14971
29 38 2.29798
29 39 3.73993
29 40 8.49524
29 41 7.01781
29 42 1.51162
29 43 4.79758
29 44 1.39295
29 45 5.01143
29 46 3.53639
29 47 6.00255
29 48 3.71958
29 49 6.74781
29 50 1.64839
29 51 2.50517
29 52 0.17623
29 53 7.16398
29 54 2.15561
29 55 2.15649
29 56 3.90397
29 57 1.70619
29 58 3.34736
29 59 0.24092
29 60 5.25225
29 61 7.52634
29 62 5.48743
29 63 2.06168
29 64 0.02375
29 65 4.74791
29 66 5.95668
29 67 4.23364
29 68 1.58688
29 69 0.03067
29 70 7.84069
29 71 4.22998
29 72 6.17163
29 73 8.51599
29 74 1.15303
29 75 2.53816
29 76 4.89139
29 77 7.28219
29 78 8.34106
29 79 1.97374
29 80 4.551
29 81 0.85916
29 82 7.85279
29 83 3.04936
29 84 6.86732
29 85 5.51332
29 86 6.79518
29 87 3.43215
29 88 4.98369
29 89 1.85758
29 90 1.70818
29 91 2.32647
29 92 8.48904
29 93 2.67585
29 94 0.96113
29 95 1.0352
29 96 5.48361
29 97 0.08503
29 98 8.51294
29 99 1.85934
30 31 4.33405
30 32 7.83302
30 33 3.81366
30 34 4.74568
30 35 4.50024
30 36 7.30845
30 37 4.06735
30 38 6.00327
30 39 8.5483
30 40 3.90033
30 41 5.53605
30 42 7.9341
30 43 3.70471
30 44 8.06642
30 45 4.88123
30 46 8.90559
30 47 7.39182
30 48 7.17519
30 49 2.08499
30 50 2.0534
30 51 6.9381
30 52 2.05426
30 53 8.66039
30 54 0.59708
30 55 1.71576
30 56 1.97675
30 57 8.51201
30 58 8.77086
30 59 0.46719
30 60 4.64955
30 61 0.62415
30 62 5.41909
30 63 5.44561
30 64 5.7199
30 65 8.36556
30 66 8.26275
30 67 7.69797
30 68 3.20346
30 69 2.94323
30 70 8.74395
30 71 1.31169
30 72 0.51705
30 73 4.82834
30 74 4.21969
30 75 6.80044
30 76 6.80405
30 77 4.01511
30 78 5.74475
30 79 3.25087
30 80 0.05408
30 81 1.33506
30 82 8.85081
30 83 7.58555
30 84 0.28828
30 85 1.0623
30 86 1.91925
30 87 1.9783
30 88 7.65386
30 89 2.20017
30 90 7.32405
30 91 3.95891
30 92 7.91087
30 93 0.75503
30 94 6.40269
30 95 5.04747
30 96 6.04329
30 97 6.61842
30 98 4.88361
30 99 5.82613
31 32 5.16752
31 33 0.61272
31 34 7.43549
31 35 5.21453
31 36 0.36962
31 37 7.23467
31 38 7.52912
31 39 2.21914
31 40 8.00004
31 41 2.56249
31 42 1.08324
31 43 2.14219
31 44 8.62773
31 45 6.14484
31 46 1.45831
31 47 3.36124
31 48 4.477
31 49 5.03124
31 50 7.95364
31 51 4.5059
31 52 7.16202
31 53 6.3004
31 54 7.03845
31 55 3.82089
31 56 7.59327
31 57 4.31827
31 58 6.20378
31 59 3.61792
31 60 0.19558
31 61 1.60563
31 62 8.81511
31 63 1.68268
31 64 0.2147
31 65 0.45638
31 66 7.88644
31 67 5.35295
31 68 3.9357
31 69 7.40068
31 70 5.77458
31 71 0.58087
31 72 1.53885
31 73 8.34785
31 74 8.06195
31 75 3.31733
31 76 3.84493
31 77 5.18729
31 78 8.65355
31 79 6.40788
31 80 4.30632
31 81 8.10719
31 82 8.32366
31 83 6.85207
31 84 4.77235
31 85 3.92023
31 86 3.70107
31 87 7.09115
31 88 8.63113
31 89 5.52052
31 90 0.98412
31 91 5.11271
31 92 2.96369
31 93 2.84085
31 94 5.30992
31 95 3.39477
31 96 1.00727
31 97 1.94515
31 98 7.97588
31 99 4.70311
32 33 3.92426
32 34 7.98614
32 35 5.49298
32 36 7.77499
32 37 7.54219
32 38 3.04097
32 39 1.81597
32 40 0.89968
32 41 8.04384
32 42 3.87752
32 43 3.74196
32 44 3.48305
32 45 5.87328
32 46 1.51729
32 47 8.6684
32 48 1.01903
32 49 7.2861
32 50 7.68335
32 51 7.22851
32 52 8.18471
32 53 1.53745
32 54 0.09666
32 55 2.97811
32 56 7.69411
32 57 1.66979
32 58 2.39795
32 59 2.19083
32 60 0.38053
32 61 5.12284
32 62 4.95341
32 63 7.35332
32 64 6.15128
32 65 8.29293
32 66 8.12726
32 67 7.67005
32 68 0.88489
32 69 4.88429
32 70 4.99924
32 71 1.51852
32 72 5.11857
32 73 7.71387
32 74 4.34961
32 75 8.27248
32 76 3.34435
32 77 8.53922
32 78 4.17558
32 79 0.18367
32 80 8.55965
32 81 2.53272
32 82 4.81045
32 83 0.7083
32 84 7.61494
32 85 7.52435
32 86 5.50117
32 87 2.97442
32 88 1.72115
32 89 0.90538
32 90 2.01055
32 91 5.7189
32 92 8.43973
32 93 1.80007
32 94 1.45578
32 95 6.63901
32 96 1.65528
32 97 3.17543
32 98 1.20844
32 99 1.43101
33 34 1.32338
33 35 8.8536
33 36 4.23422
33 37 2.87451
33 38 3.38509
33 39 0.88678
33 40 6.34821
33 41 4.22864
33 42 7.71774
33 43 3.39705
33 44 1.16839
33 45 1.97207
33 46 8.17122
33 47 5.02948
33 48 6.91536
33 49 6.10733
33 50 5.54005
33 51 2.727
33 52 4.11189
33 53 2.27942
33 54 2.9923
33 55 3.73805
33 56 7.53676
33 57 6.61244
33 58 8.47047
33 59 7.8389
33 60 2.32096
33 61 4.04237
33 62 8.15657
33 63 6.93338
33 64 5.99306
33 65 1.3852
33 66 6.08272
33 67 3.74151
33 68 3.25392
33 69 4.27811
33 70 6.9464
33 71 3.57426
33 72 3.85536
33 73 3.186
33 74 4.99174
33 75 2.48715
33 76 7.3488
33 77 6.42888
33 78 3.30509
33 79 4.0314
33 80 0.77868
33 81 8.13505
33 82 1.44284
33 83 4.83516
33 84 1.85517
33 85 2.02401
33 86 3.03525
33 87 3.1376
33 88 0.6944
33 89 5.48744
33 90 5.65888
33 91 5.69617
33 92 4.68103
33 93 6.39831
33 94 3.81507
33 95 1.11264
33 96 1.01579
33 97 1.21936
33 98 5.53444
33 99 2.27767
34 35 5.4448
34 36 1.63897
34 37 7.93631
34 38 3.72273
34 39 8.69563
34 40 1.64111
34 41 5.05757
34 42 4.73158
34 43 3.99496
34 44 6.04153
34 45 5.13401
34 46 1.87591
34 47 1.17549
34 48 6.23745
34 49 8.08752
34 50 3.94588
34 51 7.28245
34 52 6.43377
34 53 8.0339
34 54 1.91272
34 55 4.20401
34 56 3.87347
34 57 8.85496
34 58 6.03966
34 59 1.17018
34 60 1.14342
34 61 8.11572
34 62 3.11444
34 63 0.59365
34 64 2.40016
34 65 7.29286
34 66 7.61075
34 67 0.22222
34 68 0.72622
34 69 0.387
34 70 4.23546
34 71 0.89863
34 72 2.7236
34 73 3.28735
34 74 6.06114
34 75 4.052
34 76 4.46809
34 77 3.72429
34 78 1.49588
34 79 6.61235
34 80 0.01579
34 81 8.52145
34 82 6.50853
34 83 8.41834
34 84 4.32297
34 85 4.12266
34 86 7.51622
34 87 1.35003
34 88 1.4785
34 89 1.99869
34 90 2.40801
34 91 2.7115
34 92 1.0758
34 93 5.92374
34 94 0.51341
34 95 5.24987
34 96 7.11715
34 97 3.77832
34 98 1.54328
34 99 2.98434
35 36 2.78676
35 37 7.28233
35 38 6.66353
35 39 2.6714
35 40 3.68267
35 41 3.7901
35 42 0.28302
35 43 1.6446
35 44 3.99106
35 45 6.28433
35 46 4.83948
35 47 5.53848
35 48 5.43704
35 49 1.73124
35 50 1.69743
35 51 8.8497
35 52 6.15878
35 53 2.97381
35 54 3.93568
35 55 6.76615
35 56 0.26203
35 57 0.92311
35 58 5.65761
35 59 7.58973
35 60 7.00893
35 61 2.05165
35 62 2.0227
35 63 2.42771
35 64 8.40682
35 65 1.19743
35 66 7.11377
35 67 5.92102
35 68 4.49347
35 69 0.02472
35 70 5.82547
35 71 8.70816
35 72 7.33216
35 73 7.51098
35 74 8.48189
35 75 6.07934
35 76 1.71375
35 77 1.96277
35 78 8.08303
35 79 5.81755
35 80 2.92846
35 81 2.24415
35 82 4.9198
35 83 0.98338
35 84 4.80165
35 85 6.79064
35 86 8.00369
35 87 0.12434
35 88 8.72087
35 89 8.09209
35 90 3.75175
35 91 1.15554
35 92 1.49802
35 93 8.35629
35 94 1.62768
35 95 7.12543
35 96 5.20056
35 97 8.27484
35 98 1.27255
35 99 7.25733
36 37 6.99127
36 38 2.42741
36 39 5.22716
36 40 6.21195
36 41 8.2204
36 42 8.7219
36 43 7.77091
36 44 3.39332
36 45 6.49876
36 46 5.25167
36 47 7.94441
36 48 8.45626
36 49 4.92237
36 50 6.45105
36 51 5.82774
36 52 1.33562
36 53 5.64267
36 54 5.98825
36 55 7.21665
36 56 8.06097
36 57 8.85143
36 58 5.59562
36 59 1.39602
36 60 0.1264
36 61 0.7661
36 62 0.73121
36 63 5.58684
36 64 3.78338
36 65 5.55109
36 66 6.3513
36 67 7.258
36 68 5.97331
36 69 5.46666
36 70 0.04281
36 71 8.12586
36 72 2.3146
36 73 0.04411
36 74 7.88078
36 75 5.49075
36 76 7.77276
36 77 1.49759
36 78 0.52189
36 79 0.55019
36 80 5.89994
36 81 7.41179
36 82 2.68207
36 83 7.19298
36 84 7.99117
36 85 4.61697
36 86 6.26073
36 87 8.96069
36 88 4.76321
36 89 0.34433
36 90 7.40723
36 91 1.98625
36 92 2.5099
36 93 2.12602
36 94 0.51238
36 95 6.33098
36 96 1.93972
36 97 6.15494
36 98 1.34025
36 99 7.96316
37 38 6.27527
37 39 3.13091
37 40 8.13366
37 41 6.03499
37 42 2.12615
37 43 4.13648
37 44 8.91412
37 45 1.68373
37 46 2.66983
37 47 3.14689
37 48 3.98416
37 49 7.84029
37 50 8.65867
37 51 7.30381
37 52 5.52566
37 53 2.45109
37 54 2.06183
37 55 7.05322
37 56 1.71141
37 57 7.85369
37 58 1.31481
37 59 0.59096
37 60 7.65489
37 61 8.02751
37 62 1.09945
37 63 6.43046
37 64 0.99057
37 65 6.11608
37 66 0.22988
37 67 8.53986
37 68 5.12073
37 69 2.68278
37 70 1.10572
37 71 0.46945
37 72 8.63717
37 73 0.54837
37 74 5.35623
37 75 1.72194
37 76 0.17343
37 77 2.5279
37 78 7.16366
37 79 5.48291
37 80 4.01938
37 81 6.62854
37 82 7.61528
37 83 8.62426
37 84 5.85014
37 85 0.96808
37 86 8.86494
37 87 3.43246
37 88 2.27403
37 89 5.58777
37 90 1.33558
37 91 2.69726
37 92 8.11155
37 93 6.9728
37 94 6.03025
37 95 3.34577
37 96 0.5048
37 97 1.5583
37 98 7.87152
37 99 7.45762
38 39 4.02503
38 40 4.97415
38 41 6.45473
38 42 0.15501
38 43 2.03592
38 44 8.01603
38 45 4.43989
38 46 1.82556
38 47 5.68048
38 48 5.53997
38 49 6.56673
38 50 7.4236
38 51 6.61616
38 52 0.32176
38 53 7.64281
38 54 7.80042
38 55 3.68765
38 56 8.93463
38 57 0.44614
38 58 0.51529
38 59 6.48045
38 60 7.2813
38 61 7.68517
38 62 7.28801
38 63 1.03672
38 64 2.78653
38 65 4.04245
38 66 2.25034
38 67 2.09915
38 68 8.90706
38 69 5.39944
38 70 6.71498
38 71 7.28807
38 72 5.01351
38 73 5.54995
38 74 8.97049
38 75 2.4353
38 76 7.67085
38 77 4.92606
38 78 6.94547
38 79 7.19982
38 80 8.63769
38 81 5.38453
38 82 0.49143
38 83 2.14528
38 84 2.71919
38 85 3.22153
38 86 7.03305
38 87 4.03091
38 88 4.90664
38 89 6.66655
38 90 8.82519
38 91 5.88015
38 92 5.81347
38 93 6.20129
38 94 0.72234
38 95 0.82076
38 96 1.00657
38 97 6.26501
38 98 1.45182
38 99 1.72435
39 40 8.15264
39 41 2.87082
39 42 4.48905
39 43 3.29265
39 44 8.13307
39 45 5.08497
39 46 4.74844
39 47 0.239
39 48 4.82736
39 49 8.98884
39 50 1.31905
39 51 7.51945
39 52 4.36326
39 53 4.46293
39 54 7.97788
39 55 2.57923
39 56 5.26101
39 57 4.50908
39 58 7.22562
39 59 2.10321
39 60 3.03899
39 61 2.47148
39 62 7.86426
39 63 4.73062
39 64 7.45027
39 65 0.55456
39 66 8.89696
39 67 7.84465
39 68 1.32266
39 69 1.9366
39 70 0.88933
39 71 8.1089
39 72 0.43079
39 73 5.43987
39 74 1.29248
39 75 0.42257
39 76 1.54045
39 77 8.38511
39 78 0.75106
39 79 4.73597
39 80 8.55236
39 81 2.90321
39 82 4.83667
39 83 0.83568
39 84 0.32427
39 85 2.78346
39 86 0.78587
39 87 4.54124
39 88 6.46158
39 89 0.83417
39 90 7.25995
39 91 8.40482
39 92 1.38518
39 93 6.00122
39 94 8.29705
39 95 8.56973
39 96 5.95397
39 97 1.25626
39 98 5.36835
39 99 0.77945
40 41 8.39938
40 42 5.73029
40 43 1.77746
40 44 3.58207
40 45 7.06554
40 46 8.45295
40 47 5.93043
40 48 7.06393
40 49 4.57663
40 50 4.58744
40 51 2.97529
40 52 4.61263
40 53 4.78373
40 54 8.28524
40 55 7.08503
40 56 6.59109
40 57 7.13815
40 58 8.65508
40 59 5.64055
40 60 0.74076
40 61 4.42385
40 62 8.22774
40 63 7.0483
40 64 0.79939
40 65 1.65024
40 66 0.03171
40 67 5.3242
40 68 4.50986
40 69 6.38946
40 70 2.0245
40 71 7.39022
40 72 2.69079
40 73 1.99149
40 74 4.18987
40 75 2.3173
40 76 1.80234
40 77 8.38051
40 78 0.91721
40 79 6.60118
40 80 4.03424
40 81 4.54152
40 82 7.69174
40 83 1.00323
40 84 4.88439
40 85 2.23673
40 86 2.72071
40 87 4.88203
40 88 0.72311
40 89 4.21206
40 90 2.91934
40 91 4.80027
40 92 6.02675
40 93 3.74228
40 94 2.58587
40 95 5.23405
40 96 4.02146
40 97 6.75634
40 98 7.15904
40 99 1.60747
41 42 2.42778
41 43 8.20739
41 44 4.78625
41 45 7.97744
41 46 7.64506
41 47 0.7138
41 48 5.89729
41 49 3.48263
41 50 4.91011
41 51 8.50027
41 52 1.70979
41 53 6.07564
41 54 1.31921
41 55 4.94445
41 56 2.70837
41 57 6.21725
41 58 7.61652
41 59 2.47288
41 60 4.73557
41 61 6.83614
41 62 7.052
41 63 7.83411
41 64 2.09895
41 65 3.25423
41 66 4.15636
41 67 2.96055
41 68 4.56534
41 69 6.54411
41 70 7.17502
41 71 1.87591
41 72 4.6975
41 73 4.40999
41 74 2.86248
41 75 0.24092
41 76 0.51944
41 77 4.57381
41 78 3.10836
41 79 2.51956
41 80 2.42077
41 81 2.23443
41 82 1.53515
41 83 2.94873
41 84 6.89524
41 85 4.61555
41 86 6.34469
41 87 4.60075
41 88 8.49535
41 89 1.78323
41 90 5.36888
41 91 5.5244
41 92 0.54038
41 93 4.47245
41 94 2.26056
41 95 0.83937
41 96 0.96888
41 97 2.35895
41 98 4.09805
41 99 7.80022
42 43 0.86844
42 44 8.34518
42 45 8.1457
42 46 7.80564
42 47 7.74271
42 48 5.41425
42 49 2.17935
42 50 0.44116
42 51 2.80265
42 52 7.5847
42 53 1.80885
42 54 4.08671
42 55 6.02892
42 56 2.50164
42 57 6.29979
42 58 6.97232
42 59 6.84879
42 60 4.71042
42 61 7.06335
42 62 0.687
42 63 3.41734
42 64 6.90172
42 65 2.13788
42 66 3.23795
42 67 8.94079
42 68 4.46775
42 69 7.72465
42 70 3.0603
42 71 0.68129
42 72 0.53091
42 73 7.47711
42 74 7.80861
42 75 7.18014
42 76 2.52566
42 77 3.58801
42 78 0.8111
42 79 5.75361
42 80 4.68939
42 81 7.84688
42 82 5.40402
42 83 6.87038
42 84 7.80898
42 85 4.25701
42 86 6.86386
42 87 3.37454
42 88 0.4744
42 89 1.29912
42 90 3.88633
42 91 0.34387
42 92 8.68977
42 93 0.22572
42 94 3.52555
42 95 7.89718
42 96 0.46455
42 97 3.81224
42 98 5.56394
42 99 3.44092
43 44 7.93171
43 45 7.17479
43 46 5.88511
43 47 7.49962
43 48 7.42214
43 49 8.80946
43 50 0.9889
43 51 6.65779
43 52 2.68691
43 53 2.01788
43 54 3.12547
43 55 5.85145
43 56 3.3194
43 57 1.88909
43 58 6.19889
43 59 0.67526
43 60 4.69858
43 61 2.99546
43 62 3.95282
43 63 5.11958
43 64 5.7086
43 65 7.02538
43 66 5.84881
43 67 5.5707
43 68 0.12751
43 69 5.9043
43 70 8.32767
43 71 7.8248
43 72 3.71081
43 73 0.5508
43 74 3.61479
43 75 0.63434
43 76 7.09113
43 77 1.89153
43 78 3.54954
43 79 3.13482
43 80 5.49076
43 81 3.707
43 82 2.49311
43 83 2.00759
43 84 0.20447
43 85 2.41563
43 86 8.05793
43 87 3.70266
43 88 4.76532
43 89 0.78513
43 90 5.74148
43 91 3.51869
43 92 7.64164
43 93 2.64901
43 94 7.93085
43 95 3.99256
43 96 7.80003
43 97 8.05604
43 98 1.21108
43 99 6.03093
44 45 1.29066
44 46 8.27724
44 47 1.53743
44 48 8.64337
44 49 1.79728
44 50 2.00695
44 51 7.46139
44 52 5.71778
44 53 3.08231
44 54 2.02607
44 55 3.34612
44 56 3.34218
44 57 0.16086
44 58 4.91363
44 59 0.46185
44 60 2.47151
44 61 4.36438
44 62 8.17263
44 63 7.35002
44 64 6.22688
44 65 8.78889
44 66 2.1633
44 67 6.63333
44 68 5.70869
44 69 1.9994
44 70 4.13889
44 71 8.92582
44 72 1.95575
44 73 1.9597
44 74 7.48459
44 75 8.71267
44 76 8.39105
44 77 8.83469
44 78 0.74759
44 79 3.71313
44 80 2.2653
44 81 4.99749
44 82 3.47983
44 83 2.86644
44 84 6.01423
44 85 2.44897
44 86 6.22564
44 87 4.4507
44 88 8.93521
44 89 6.67756
44 90 6.15643
44 91 2.23128
44 92 5.67182
44 93 6.15707
44 94 2.77965
44 95 1.83938
44 96 7.01387
44 97 3.38012
44 98 1.00339
44 99 2.39915
45 46 1.91621
45 47 1.08081
45 48 3.90244
45 49 5.23963
45 50 5.02746
45 51 7.99686
45 52 7.06681
45 53 6.4935
45 54 4.87621
45 55 1.58081
45 56 5.3974
45 57 0.69761
45 58 8.84637
45 59 3.20529
45 60 0.13617
45 61 5.54121
45 62 8.47303
45 63 3.58802
45 64 4.87946
45 65 0.91577
45 66 6.03382
45 67 5.92444
45 68 2.16586
45 69 6.52999
45 70 8.3356
45 71 5.1472
45 72 1.90443
45 73 1.69099
45 74 1.80978
45 75 8.05724
45 76 2.43923
45 77 3.94964
45 78 6.26501
45 79 2.66751
45 80 3.36812
45 81 5.10341
45 82 8.76082
45 83 1.08938
45 84 1.03668
45 85 6.46373
45 86 2.9205
45 87 6.13748
45 88 7.29124
45 89 1.69929
45 90 7.41294
45 91 4.68442
45 92 6.68269
45 93 0.55765
45 94 4.29034
45 95 4.31857
45 96 3.69846
45 97 6.76524
45 98 8.40176
45 99 8.93129
46 47 6.69302
46 48 1.47258
46 49 1.06677
46 50 8.76093
46 51 7.05138
46 52 7.64831
46 53 0.58277
46 54 5.88723
46 55 3.21476
46 56 3.67084
46 57 2.08945
46 58 8.41525
46 59 7.26705
46 60 6.78515
46 61 0.27414
46 62 0.56121
46 63 3.47313
46 64 8.71328
46 65 0.31623
46 66 7.89916
46 67 4.62601
46 68 8.0295
46 69 0.06485
46 70 2.04977
46 71 7.3459
46 72 0.70993
46 73 1.63444
46 74 5.26181
46 75 3.12891
46 76 3.05753
46 77 3.02597
46 78 2.26277
46 79 1.96675
46 80 0.45672
46 81 6.00215
46 82 0.85012
46 83 6.97739
46 84 2.81244
46 85 2.19311
46 86 2.81802
46 87 6.60976
46 88 2.21145
46 89 1.22875
46 90 1.6716
46 91 0.61199
46 92 2.72123
46 93 6.54434
46 94 7.38453
46 95 6.67955
46 96 8.20104
46 97 1.97288
46 98 3.32978
46 99 0.35581
47 48 1.20919
47 49 0.28704
47 50 6.8097
47 51 5.07666
47 52 2.30096
47 53 8.20108
47 54 2.76524
47 55 4.69492
47 56 1.56394
47 57 1.52685
47 58 7.57206
47 59 8.64849
47 60 6.27541
47 61 7.86185
47 62 0.93258
47 63 8.87384
47 64 0.78669
47 65 2.23342
47 66 8.02683
47 67 0.55328
47 68 1.84534
47 69 2.43886
47 70 1.36271
47 71 1.76483
47 72 7.82734
47 73 5.35848
47 74 7.32563
47 75 6.02743
47 76 3.96597
47 77 0.80165
47 78 1.9062
47 79 7.84139
47 80 0.08272
47 81 0.46108
47 82 4.52675
47 83 4.39272
47 84 0.93135
47 85 6.92937
47 86 4.98008
47 87 0.90882
47 88 7.05269
47 89 3.30066
47 90 8.78712
47 91 4.04861
47 92 4.76921
47 93 7.24548
47 94 4.1081
47 95 7.08595
47 96 2.39379
47 97 5.52859
47 98 1.20021
47 99 5.98828
48 49 7.177
48 50 3.94912
48 51 2.12253
48 52 8.41052
48 53 1.61336
48 54 7.94735
48 55 5.36625
48 56 6.69461
48 57 6.34721
48 58 2.49789
48 59 2.14728
48 60 3.77155
48 61 5.99276
48 62 3.53206
48 63 5.64533
48 64 4.03133
48 65 8.73936
48 66 8.546
48 67 2.73267
48 68 7.83827
48 69 1.77279
48 70 2.55094
48 71 7.67472
48 72 8.08322
48 73 6.61663
48 74 3.76993
48 75 1.05247
48 76 1.79589
48 77 6.86027
48 78 6.09646
48 79 4.20798
48 80 0.91589
48 81 5.02483
48 82 8.38129
48 83 5.11457
48 84 5.96016
48 85 2.89285
48 86 3.06325
48 87 7.39237
48 88 7.91492
48 89 5.65196
48 90 8.14777
48 91 2.37733
48 92 4.94586
48 93 1.03591
48 94 4.90842
48 95 7.91596
48 96 4.38451
48 97 1.72951
48 98 7.74779
48 99 6.57265
49 50 2.91458
49 51 0.03311
49 52 6.57408
49 53 4.57462
49 54 4.71814
49 55 3.06167
49 56 6.70514
49 57 8.41313
49 58 4.27496
49 59 2.59074
49 60 5.29913
49 61 6.7297
49 62 3.98784
49 63 0.70647
49 64 8.96099
49 65 5.32626
49 66 7.43899
49 67 2.48579
49 68 4.05782
49 69 4.58532
49 70 1.95695
49 71 1.50004
49 72 0.17094
49 73 2.59699
49 74 5.72931
49 75 7.28992
49 76 0.07525
49 77 5.19927
49 78 5.21165
49 79 0.6368
49 80 3.28805
49 81 5.08426
49 82 4.10632
49 83 5.68575
49 84 7.37981
49 85 2.73741
49 86 4.53668
49 87 3.77946
49 88 4.54527
49 89 4.77375
49 90 8.05586
49 91 3.27246
49 92 6.62455
49 93 2.70935
49 94 3.56684
49 95 8.00197
49 96 0.73492
49 97 4.97317
49 98 4.81901
49 99 1.80112
50 51 8.79826
50 52 0.48713
50 53 5.46105
50 54 5.93143
50 55 1.00514
50 56 5.17509
50 57 6.87289
50 58 7.83083
50 59 8.73384
50 60 2.34801
50 61 0.60344
50 62 7.51582
50 63 3.39925
50 64 4.39705
50 65 7.87282
50 66 3.10646
50 67 2.73894
50 68 2.03235
50 69 4.68373
50 70 2.85748
50 71 4.77859
50 72 6.19139
50 73 1.2535
50 74 3.46456
50 75 3.45102
50 76 5.2443
50 77 6.70299
50 78 0.55781
50 79 0.64309
50 80 3.72122
50 81 0.29285
50 82 0.27794
50 83 6.98184
50 84 2.95824
50 85 8.25061
50 86 0.92634
50 87 0.22461
50 88 2.23771
50 89 1.27233
50 90 7.85665
50 91 5.93061
50 92 3.8943
50 93 6.36768
50 94 2.94271
50 95 7.91156
50 96 6.76209
50 97 0.83531
50 98 8.19154
50 99 8.50076
51 52 5.07266
51 53 5.49775
51 54 2.34599
51 55 2.40904
51 56 0.60107
51 57 2.12273
51 58 0.1398
51 59 4.5778
51 60 8.61603
51 61 5.81683
51 62 8.51631
51 63 4.02707
51 64 6.06055
51 65 8.89116
51 66 1.01182
51 67 6.45431
51 68 6.78632
51 69 7.9761
51 70 4.71896
51 71 3.80522
51 72 1.79622
51 73 4.2618
51 74 4.61728
51 75 4.95889
51 76 3.48476
51 77 0.1403
51 78 3.84762
51 79 4.00633
51 80 2.71483
51 81 7.86412
51 82 3.1943
51 83 3.94343
51 84 3.96803
51 85 8.70241
51 86 5.83254
51 87 5.75598
51 88 0.12889
51 89 4.71687
51 90 2.26151
51 91 8.36811
51 92 7.20824
51 93 3.29919
51 94 2.16894
51 95 6.35829
51 96 0.93346
51 97 1.11388
51 98 0.19944
51 99 4.74974
52 53 4.50795
52 54 7.70337
52 55 4.36174
52 56 6.89039
52 57 8.22962
52 58 4.38635
52 59 6.68792
52 60 4.03339
52 61 7.8711
52 62 5.44023
52 63 5.23296
52 64 2.99317
52 65 0.17145
52 66 6.21324
52 67 4.5459
52 68 8.65144
52 69 3.33611
52 70 7.65248
52 71 8.75973
52 72 3.18613
52 73 0.95949
52 74 1.82008
52 75 2.95419
52 76 3.27517
52 77 0.67665
52 78 2.91063
52 79 4.46201
52 80 7.52974
52 81 2.57365
52 82 3.08073
52 83 3.52271
52 84 8.80454
52 85 1.34385
52 86 4.60189
52 87 2.33934
52 88 5.63616
52 89 7.33214
52 90 7.61983
52 91 7.51183
52 92 2.91341
52 93 8.3589
52 94 8.46702
52 95 1.10909
52 96 5.18609
52 97 2.82746
52 98 4.99904
52 99 7.56803
53 54 6.36149
53 55 7.66726
53 56 2.27929
53 57 4.77868
53 58 4.91202
53 59 6.827
53 60 8.4374
53 61 3.07767
53 62 4.33198
53 63 8.8991
53 64 3.04256
53 65 5.08741
53 66 8.11624
53 67 3.73735
53 68 1.25536
53 69 1.39331
53 70 8.76806
53 71 6.0581
53 72 2.57047
53 73 3.90983
53 74 3.29789
53 75 1.98048
53 76 8.03577
53 77 1.38184
53 78 0.74474
53 79 6.26107
53 80 7.7123
53 81 6.71738
53 82 1.19139
53 83 4.6894
53 84 5.897
53 85 0.45863
53 86 6.85107
53 87 1.74768
53 88 3.31818
53 89 3.0593
53 90 0.68062
53 91 5.53595
53 92 1.87956
53 93 6.75867
53 94 7.95579
53 95 1.13871
53 96 3.08664
53 97 1.99618
53 98 7.76493
53 99 5.70565
54 55 2.85006
54 56 7.54945
54 57 7.47513
54 58 3.75666
54 59 1.87868
54 60 4.37652
54 61 8.81109
54 62 0.2805
54 63 8.62978
54 64 2.44318
54 65 6.85239
54 66 4.61484
54 67 7.41004
54 68 3.20284
54 69 5.15564
54 70 3.4502
54 71 8.42262
54 72 6.91905
54 73 6.85423
54 74 0.63206
54 75 4.68805
54 76 5.83243
54 77 3.40239
54 78 3.82198
54 79 1.32222
54 80 5.38072
54 81 6.89997
54 82 2.69915
54 83 5.48413
54 84 1.0887
54 85 3.84091
54 86 5.28127
54 87 2.29662
54 88 2.88837
54 89 1.34493
54 90 8.24771
54 91 2.58031
54 92 2.97435
54 93 8.24676
54 94 7.27502
54 95 3.01518
54 96 5.59888
54 97 7.17238
54 98 1.69067
54 99 4.8716
55 56 2.69409
55 57 4.62432
55 58 1.87052
55 59 1.06343
55 60 8.65661
55 61 7.90277
55 62 2.22566
55 63 7.86799
55 64 2.30555
55 65 4.61866
55 66 6.18406
55 67 1.09556
55 68 2.97933
55 69 3.84728
55 70 6.08821
55 71 2.20899
55 72 8.81553
55 73 3.12621
55 74 5.17925
55 75 5.92537
55 76 5.36514
55 77 4.33624
55 78 5.02768
55 79 6.83122
55 80 1.69813
55 81 3.06464
55 82 5.8372
55 83 2.84456
55 84 1.44665
55 85 3.01256
55 86 5.21192
55 87 2.05749
55 88 6.82996
55 89 5.30334
55 90 2.27797
55 91 1.40389
55 92 4.44692
55 93 3.83637
55 94 4.70382
55 95 6.49321
55 96 7.37479
55 97 8.82361
55 98 6.27652
55 99 5.45196
56 57 8.34956
56 58 5.0164
56 59 2.44204
56 60 5.76671
56 61 6.36663
56 62 8.29753
56 63 0.86071
56 64 0.69079
56 65 1.75552
56 66 1.3882
56 67 5.08108
56 68 1.93236
56 69 2.03385
56 70 2.4569
56 71 0.18966
56 72 1.32049
56 73 0.43585
56 74 1.93235
56 75 1.35793
56 76 2.72848
56 77 6.60348
56 78 8.49382
56 79 2.50345
56 80 3.32721
56 81 0.79682
56 82 0.36849
56 83 4.00649
56 84 7.75767
56 85 7.88275
56 86 5.98342
56 87 5.7152
56 88 7.20746
56 89 3.78602
56 90 3.24369
56 91 4.70966
56 92 7.72148
56 93 4.29341
56 94 2.08744
56 95 5.90588
56 96 6.18746
56 97 7.32986
56 98 1.5339
56 99 2.39006
57 58 3.53884
57 59 6.24784
57 60 5.73498
57 61 6.63787
57 62 7.99384
57 63 4.92012
57 64 2.64721
57 65 8.03952
57 66 4.79922
57 67 1.733
57 68 7.22366
57 69 2.60348
57 70 8.41851
57 71 5.62217
57 72 2.71358
57 73 2.28334
57 74 2.77069
57 75 2.65708
57 76 0.35432
57 77 6.78737
57 78 6.86139
57 79 7.92698
57 80 8.11159
57 81 2.25435
57 82 4.42012
57 83 6.63855
57 84 7.18131
57 85 7.62483
57 86 7.50797
57 87 4.422
57 88 8.7373
57 89 4.33783
57 90 3.93848
57 91 5.85654
57 92 6.69223
57 93 6.78208
57 94 2.14491
57 95 3.25833
57 96 3.89861
57 97 8.34453
57 98 4.87787
57 99 6.4764
58 59 7.88242
58 60 6.39097
58 61 2.94726
58 62 3.79992
58 63 7.22571
58 64 5.47442
58 65 8.66907
58 66 1.19952
58 67 3.42711
58 68 1.1847
58 69 1.44485
58 70 3.71347
58 71 6.14536
58 72 6.18148
58 73 4.68068
58 74 7.25279
58 75 4.64654
58 76 0.00085
58 77 7.66136
58 78 6.43093
58 79 3.04223
58 80 1.91222
58 81 2.80412
58 82 3.63075
58 83 2.06769
58 84 4.94503
58 85 5.64614
58 86 7.16722
58 87 7.73935
58 88 3.03139
58 89 6.19462
58 90 3.1568
58 91 8.49423
58 92 4.09167
58 93 2.34339
58 94 6.09176
58 95 1.97588
58 96 1.24255
58 97 5.49242
58 98 8.17558
58 99 8.06474
59 60 4.06031
59 61 7.20397
59 62 7.63007
59 63 0.88622
59 64 1.69305
59 65 6.23384
59 66 2.50775
59 67 4.53887
59 68 0.73734
59 69 1.75763
59 70 7.74035
59 71 8.58659
59 72 8.81456
59 73 5.71442
59 74 4.6847
59 75 7.67883
59 76 8.26792
59 77 5.92784
59 78 3.84741
59 79 5.41302
59 80 2.95633
59 81 5.19037
59 82 3.20047
59 83 3.70149
59 84 7.6709
59 85 0.42082
59 86 6.85251
59 87 7.29731
59 88 5.43804
59 89 6.45882
59 90 6.43749
59 91 3.67655
59 92 1.62674
59 93 1.62273
59 94 2.71484
59 95 0.58229
59 96 0.50654
59 97 4.32576
59 98 4.68776
59 99 3.83364
60 61 7.46778
60 62 3.92293
60 63 5.02808
60 64 5.64594
60 65 6.15537
60 66 1.20514
60 67 5.61261
60 68 1.71935
60 69 0.34454
60 70 8.10257
60 71 3.02135
60 72 2.38125
60 73 3.22275
60 74 2.43992
60 75 8.23452
60 76 4.85509
60 77 7.02002
60 78 3.68334
60 79 0.20025
60 80 0.37887
60 81 4.55995
60 82 4.21497
60 83 3.43005
60 84 4.67499
60 85 8.24148
60 86 8.25175
60 87 2.54684
60 88 3.55406
60 89 2.65986
60 90 5.42926
60 91 7.56058
60 92 2.63275
60 93 1.08498
60 94 2.39677
60 95 7.30157
60 96 6.46764
60 97 5.19059
60 98 5.55981
60 99 2.10304
61 62 6.89901
61 63 8.02371
61 64 5.52387
61 65 0.7417
61 66 6.41098
61 67 6.0765
61 68 7.07418
61 69 5.11365
61 70 0.98555
61 71 8.84998
61 72 2.00216
61 73 4.63955
61 74 0.15564
61 75 5.59488
61 76 2.44681
61 77 0.61545
61 78 6.78402
61 79 3.21668
61 80 4.47353
61 81 3.42512
61 82 8.4331
61 83 6.73428
61 84 5.99236
61 85 5.00891
61 86 8.97857
61 87 5.20053
61 88 3.81516
61 89 2.79171
61 90 2.02617
61 91 0.24159
61 92 7.56951
61 93 1.68036
61 94 3.76793
61 95 0.15377
61 96 4.38929
61 97 5.87311
61 98 4.66102
61 99 6.85395
62 63 7.30381
62 64 3.6303
62 65 7.11072
62 66 8.40694
62 67 5.03824
62 68 6.96545
62 69 6.80086
62 70 8.84899
62 71 0.37112
62 72 2.82133
62 73 6.31082
62 74 7.76325
62 75 4.42525
62 76 1.94076
62 77 8.28182
62 78 4.71664
62 79 6.2572
62 80 7.80701
62 81 6.81967
62 82 6.33659
62 83 4.07749
62 84 8.8948
62 85 4.52513
62 86 2.50778
62 87 1.62896
62 88 5.20515
62 89 5.04199
62 90 6.16587
62 91 7.66877
62 92 4.16897
62 93 0.84113
62 94 1.43625
62 95 0.1366
62 96 0.80515
62 97 5.38713
62 98 6.89276
62 99 5.54976
63 64 8.33893
63 65 1.6061
63 66 3.83657
63 67 2.53857
63 68 8.51702
63 69 4.87036
63 70 5.16197
63 71 4.06601
63 72 6.09504
63 73 4.93009
63 74 0.47147
63 75 4.40591
63 76 1.95795
63 77 7.20252
63 78 0.46528
63 79 8.26026
63 80 2.9488
63 81 8.37603
63 82 4.28277
63 83 0.56
63 84 5.77086
63 85 6.85153
63 86 0.23229
63 87 7.29098
63 88 0.33821
63 89 5.7212
63 90 0.06792
63 91 5.82682
63 92 6.71416
63 93 5.60172
63 94 0.96096
63 95 8.75748
63 96 2.67009
63 97 4.9038
63 98 1.06782
63 99 3.86033
64 65 8.28917
64 66 5.30031
64 67 1.19241
64 68 3.50985
64 69 4.49737
64 70 2.3985
64 71 1.85522
64 72 7.54785
64 73 7.82787
64 74 4.65998
64 75 2.89538
64 76 4.28461
64 77 5.44425
64 78 1.23066
64 79 6.54109
64 80 5.4538
64 81 7.16107
64 82 3.37318
64 83 0.84787
64 84 3.52446
64 85 0.37099
64 86 6.69873
64 87 6.97938
64 88 1.04777
64 89 6.38338
64 90 1.82303
64 91 7.25558
64 92 3.33926
64 93 2.19186
64 94 3.3934
64 95 8.33594
64 96 2.32576
64 97 4.74273
64 98 7.53479
64 99 0.5634
65 66 8.08582
65 67 4.66556
65 68 8.71395
65 69 0.51046
65 70 2.82964
65 71 1.20399
65 72 0.31736
65 73 1.8534
65 74 3.44082
65 75 0.22679
65 76 2.65361
65 77 3.34868
65 78 4.24684
65 79 5.02866
65 80 5.09686
65 81 0.56969
65 82 2.97826
65 83 4.30098
65 84 0.78995
65 85 3.22276
65 86 4.50259
65 87 6.96547
65 88 8.80956
65 89 2.32627
65 90 8.28559
65 91 2.39024
65 92 3.88331
65 93 7.62183
65 94 7.57671
65 95 4.24914
65 96 1.10235
65 97 6.36958
65 98 8.34601
65 99 6.14904
66 67 0.14246
66 68 3.15782
66 69 1.07944
66 70 1.52861
66 71 0.25005
66 72 7.05507
66 73 8.24841
66 74 1.98963
66 75 0.14965
66 76 3.09783
66 77 2.75158
66 78 8.20184
66 79 5.46999
66 80 2.02248
66 81 1.12148
66 82 4.01671
66 83 4.10208
66 84 1.59351
66 85 6.01996
66 86 0.56431
66 87 8.35254
66 88 2.70905
66 89 2.58222
66 90 2.34553
66 91 1.9003
66 92 0.20229
66 93 1.95518
66 94 7.17045
66 95 0.03227
66 96 0.10869
66 97 8.56418
66 98 2.28315
66 99 8.4921
67 68 1.58597
67 69 0.21912
67 70 2.99792
67 71 8.17068
67 72 4.91931
67 73 2.89694
67 74 8.1036
67 75 0.78161
67 76 3.12905
67 77 1.78343
67 78 4.30508
67 79 0.6957
67 80 8.00056
67 81 1.48966
67 82 4.20763
67 83 3.90708
67 84 4.32331
67 85 7.64137
67 86 3.13314
67 87 4.95936
67 88 2.03291
67 89 3.88626
67 90 7.58782
67 91 7.83362
67 92 1.027
67 93 0.53469
67 94 7.48934
67 95 4.45603
67 96 7.19227
67 97 2.52533
67 98 3.13667
67 99 0.08533
68 69 4.74248
68 70 8.94256
68 71 1.54085
68 72 3.08042
68 73 1.5307
68 74 0.52559
68 75 7.92939
68 76 4.41521
68 77 5.46813
68 78 0.40413
68 79 4.839
68 80 3.3244
68 81 1.57806
68 82 3.85449
68 83 6.90615
68 84 0.49765
68 85 0.56802
68 86 4.64322
68 87 8.14642
68 88 6.11329
68 89 3.27466
68 90 5.20265
68 91 3.44617
68 92 5.33257
68 93 4.28052
68 94 1.94286
68 95 7.94652
68 96 8.95002
68 97 3.6507
68 98 6.04486
68 99 7.35408
69 70 3.89971
69 71 7.44803
69 72 0.33614
69 73 8.43605
69 74 6.63124
69 75 1.17136
69 76 4.68953
69 77 0.38165
69 78 8.80843
69 79 7.94467
69 80 8.01401
69 81 5.79991
69 82 3.69232
69 83 0.95069
69 84 6.59564
69 85 1.80826
69 86 7.6188
69 87 1.21164
69 88 3.88495
69 89 1.72527
69 90 8.71315
69 91 8.73363
69 92 4.24265
69 93 3.24801
69 94 4.87071
69 95 0.34947
69 96 7.20457
69 97 3.84655
69 98 5.57174
69 99 5.13176
70 71 5.39656
70 72 3.6417
70 73 0.16418
70 74 7.15762
70 75 6.4405
70 76 1.88926
70 77 4.31156
70 78 6.71228
70 79 2.30943
70 80 1.08019
70 81 3.79428
70 82 5.0936
70 83 6.59036
70 84 7.69047
70 85 6.1257
70 86 7.30238
70 87 5.30523
70 88 5.77432
70 89 8.45985
70 90 1.29631
70 91 0.13902
70 92 6.87989
70 93 8.66871
70 94 4.97663
70 95 7.8036
70 96 2.84534
70 97 2.76031
70 98 4.1921
70 99 2.2542
71 72 8.72923
71 73 1.56716
71 74 6.82474
71 75 3.19262
71 76 6.48428
71 77 1.57616
71 78 3.70575
71 79 1.25517
71 80 5.78653
71 81 0.71579
71 82 7.57215
71 83 8.01362
71 84 1.07981
71 85 2.11137
71 86 5.93158
71 87 1.49893
71 88 7.87095
71 89 6.67402
71 90 4.1416
71 91 6.60729
71 92 5.09985
71 93 3.99174
71 94 1.15793
71 95 5.08364
71 96 5.47875
71 97 3.45992
71 98 6.54055
71 99 3.18369
72 73 0.27434
72 74 3.36574
72 75 6.62492
72 76 8.14916
72 77 2.97326
72 78 8.26902
72 79 4.80221
72 80 6.52041
72 81 2.9649
72 82 6.65091
72 83 0.70213
72 84 3.58481
72 85 1.88508
72 86 8.75241
72 87 1.76203
72 88 8.73464
72 89 2.02395
72 90 3.16364
72 91 1.36638
72 92 8.21536
72 93 4.68644
72 94 7.26702
72 95 8.9182
72 96 6.95132
72 97 1.99025
72 98 8.69339
72 99 4.49867
73 74 0.17831
73 75 6.05258
73 76 7.404
73 77 3.83437
73 78 1.76431
73 79 8.02793
73 80 1.61076
73 81 6.42355
73 82 3.7028
73 83 1.04135
73 84 1.07179
73 85 1.42768
73 86 4.4697
73 87 7.82541
73 88 0.58985
73 89 2.6273
73 90 6.23917
73 91 7.24456
73 92 6.87398
73 93 7.86369
73 94 2.25878
73 95 2.26076
73 96 8.63374
73 97 5.05101
73 98 1.62591
73 99 4.33442
74 75 8.28397
74 76 7.23439
74 77 1.67243
74 78 3.82627
74 79 5.34299
74 80 7.13579
74 81 2.34192
74 82 0.08278
74 83 8.00865
74 84 6.30193
74 85 7.90511
74 86 0.13501
74 87 3.42555
74 88 0.55051
74 89 1.3544
74 90 1.15304
74 91 2.1524
74 92 3.17533
74 93 2.36934
74 94 2.18596
74 95 5.9188
74 96 7.70402
74 97 4.84578
74 98 8.11108
74 99 5.99832
75 76 3.16453
75 77 2.39155
75 78 7.53075
75 79 2.83591
75 80 2.51016
75 81 6.69363
75 82 1.86509
75 83 3.98645
75 84 3.0136
75 85 8.37277
75 86 2.06071
75 87 1.14654
75 88 4.94235
75 89 1.97063
75 90 0.82392
75 91 4.76315
75 92 7.81453
75 93 4.60711
75 94 7.29661
75 95 7.50194
75 96 0.95356
75 97 5.6576
75 98 5.12353
75 99 2.36725
76 77 3.17012
76 78 4.60247
76 79 2.81059
76 80 1.38257
76 81 1.42133
76 82 4.80872
76 83 2.30761
76 84 8.21163
76 85 2.98221
76 86 5.97448
76 87 7.57861
76 88 7.93882
76 89 1.20012
76 90 6.19376
76 91 6.47287
76 92 3.9843
76 93 2.31273
76 94 8.91523
76 95 2.60945
76 96 5.65477
76 97 7.17413
76 98 3.47798
76 99 2.19839
77 78 7.60588
77 79 0.44904
77 80 1.39919
77 81 5.83348
77 82 6.582
77 83 4.27459
77 84 1.59545
77 85 2.38018
77 86 3.07454
77 87 8.99292
77 88 7.55454
77 89 6.34511
77 90 7.2289
77 91 7.57808
77 92 0.538
77 93 7.27995
77 94 4.4118
77 95 3.39167
77 96 0.28034
77 97 3.4866
77 98 5.6049
77 99 1.67125
78 79 7.1245
78 80 1.56771
78 81 4.11944
78 82 6.2555
78 83 3.67382
78 84 3.93714
78 85 7.0558
78 86 3.42979
78 87 7.80333
78 88 1.78137
78 89 1.11647
78 90 0.7469
78 91 7.73223
78 92 7.21143
78 93 7.07022
78 94 5.31283
78 95 5.62054
78 96 4.65563
78 97 2.07724
78 98 7.15662
78 99 1.64887
79 80 2.45339
79 81 2.8054
79 82 5.70163
79 83 0.5589
79 84 2.5634
79 85 8.08458
79 86 5.6775
79 87 1.13844
79 88 5.75838
79 89 1.92659
79 90 1.05666
79 91 0.6631
79 92 1.70239
79 93 8.96209
79 94 4.37117
79 95 3.97971
79 96 5.48725
79 97 5.28643
79 98 7.04457
79 99 4.21973
80 81 6.08998
80 82 4.83457
80 83 0.80189
80 84 6.99074
80 85 3.17153
80 86 0.80086
80 87 3.57518
80 88 3.32217
80 89 4.17347
80 90 8.51274
80 91 4.08761
80 92 4.30562
80 93 0.57688
80 94 5.91483
80 95 2.4245
80 96 3.03301
80 97 0.91509
80 98 0.05504
80 99 5.29382
81 82 1.30741
81 83 4.11551
81 84 0.14216
81 85 0.18645
81 86 1.66679
81 87 5.71049
81 88 1.23479
81 89 4.83752
81 90 4.14332
81 91 3.26031
81 92 4.04497
81 93 0.50633
81 94 6.55206
81 95 8.21542
81 96 5.88638
81 97 0.78762
81 98 8.21311
81 99 3.64698
82 83 3.32658
82 84 8.33199
82 85 6.58571
82 86 3.88995
82 87 7.79396
82 88 4.2847
82 89 0.95555
82 90 8.53089
82 91 2.54238
82 92 6.76951
82 93 1.51158
82 94 1.2121
82 95 7.89155
82 96 2.11305
82 97 7.51726
82 98 2.67449
82 99 0.28046
83 84 3.54955
83 85 5.69057
83 86 0.07488
83 87 2.7023
83 88 2.27284
83 89 8.40114
83 90 0.20638
83 91 3.27949
83 92 5.10982
83 93 7.62708
83 94 0.35465
83 95 5.17275
83 96 5.82666
83 97 7.3822
83 98 0.38064
83 99 6.85115
84 85 1.03623
84 86 3.1157
84 87 2.16543
84 88 8.54409
84 89 7.95127
84 90 8.15209
84 91 8.16527
84 92 2.9776
84 93 5.14154
84 94 6.03652
84 95 5.79404
84 96 2.52227
84 97 4.78551
84 98 5.72369
84 99 4.63805
85 86 7.64245
85 87 2.25411
85 88 4.62959
85 89 7.41138
85 90 5.0544
85 91 0.65875
85 92 8.06981
85 93 3.79472
85 94 3.34691
85 95 6.41046
85 96 1.41431
85 97 8.72982
85 98 8.90654
85 99 6.13263
86 87 6.59784
86 88 1.844
86 89 1.9951
86 90 4.80351
86 91 4.2962
86 92 2.54775
86 93 5.19818
86 94 5.92969
86 95 4.6561
86 96 5.16963
86 97 0.17141
86 98 5.43054
86 99 1.40968
87 88 2.88482
87 89 5.11722
87 90 2.9067
87 91 2.34982
87 92 4.00534
87 93 0.5493
87 94 3.41213
87 95 1.26861
87 96 3.11154
87 97 8.31415
87 98 7.93288
87 99 2.75999
88 89 0.65766
88 90 0.78012
88 91 7.47987
88 92 5.2603
88 93 2.22389
88 94 1.32506
88 95 0.96098
88 96 0.54185
88 97 8.24082
88 98 2.20741
88 99 7.94813
89 90 5.06029
89 91 5.66668
89 92 5.59451
89 93 4.81167
89 94 7.80283
89 95 4.826
89 96 5.1381
89 97 6.12465
89 98 5.49194
89 99 3.30491
90 91 3.51513
90 92 0.6107
90 93 5.45
90 94 0.35759
90 95 1.40311
90 96 2.25608
90 97 2.27712
90 98 2.00568
90 99 1.77743
91 92 5.78113
91 93 4.16086
91 94 6.22081
91 95 2.77669
91 96 8.27203
91 97 6.92005
91 98 3.0179
91 99 1.41783
92 93 5.92556
92 94 8.83923
92 95 5.39371
92 96 5.37443
92 97 4.42367
92 98 2.88613
92 99 7.57207
93 94 7.43295
93 95 1.44651
93 96 1.77491
93 97 4.68927
93 98 2.4681
93 99 6.25331
94 95 5.96233
94 96 6.39905
94 97 7.67072
94 98 5.50874
94 99 3.80549
95 96 1.90341
95 97 5.14555
95 98 0.70039
95 99 7.00015
96 97 1.15458
96 98 1.52814
96 99 5.46524
97 98 7.23456
97 99 8.68451
98 99 6.81817
