100 40
0 1 0.96897
0 2 0.42315
0 3 3.43351
0 4 4.07586
0 5 6.52518
0 6 8.68292
0 7 2.17811
0 8 4.66973
0 9 7.9673
0 10 0.6033
0 11 6.14289
0 12 8.9359
0 13 2.19161
0 14 6.87518
0 15 7.32919
0 16 8.02055
0 17 8.61783
0 18 2.27701
0 19 5.31791
0 20 0.87781
0 21 5.74778
0 22 6.43765
0 23 3.86964
0 24 5.52812
0 25 8.75711
0 26 1.9534
0 27 6.01232
0 28 6.10528
0 29 6.70991
0 30 1.53037
0 31 4.25313
0 32 0.3621
0 33 0.61292
0 34 4.315
0 35 3.85601
0 36 0.98976
0 37 0.44308
0 38 6.97948
0 39 6.90369
0 40 3.34012
0 41 5.20916
0 42 4.97168
0 43 1.51536
0 44 3.18622
0 45 6.32408
0 46 5.08234
0 47 1.60795
0 48 5.45302
0 49 4.11501
0 50 7.97439
0 51 4.2045
0 52 3.11931
0 53 7.2259
0 54 2.75954
0 55 4.94513
0 56 3.57946
0 57 7.20317
0 58 1.17602
0 59 1.40054
0 60 7.46927
0 61 6.46534
0 62 6.61976
0 63 5.18639
0 64 1.29278
0 65 0.37274
0 66 7.93691
0 67 5.19914
0 68 3.04154
0 69 1.57171
0 70 3.36289
0 71 3.33685
0 72 7.84939
0 73 1.68406
0 74 0.11403
0 75 8.16452
0 76 2.85529
0 77 6.20971
0 78 3.74828
0 79 5.32721
0 80 0.56259
0 81 0.05411
0 82 0.81331
0 83 8.54087
0 84 2.7452
0 85 5.75805
0 86 5.61703
0 87 6.119
0 88 5.8738
0 89 5.95143
0 90 4.83113
0 91 5.20304
0 92 3.67573
0 93 5.91932
0 94 2.2362
0 95 3.55398
0 96 7.64707
0 97 4.84023
0 98 8.721
0 99 6.96192
1 2 2.30477
1 3 4.97949
1 4 5.55502
1 5 3.3956
1 6 5.01228
1 7 3.03945
1 8 8.64791
1 9 8.44652
1 10 2.68265
1 11 1.78419
1 12 3.08715
1 13 6.91628
1 14 2.49729
1 15 0.30521
1 16 1.04669
1 17 1.28136
1 18 5.33167
1 19 2.30131
1 20 3.43301
1 21 7.94418
1 22 8.96034
1 23 3.15263
1 24 7.72653
1 25 0.62329
1 26 6.18262
1 27 5.90696
1 28 5.15554
1 29 8.14127
1 30 2.95183
1 31 2.40401
1 32 2.99588
1 33 2.78585
1 34 8.10208
1 35 5.51512
1 36 7.36614
1 37 5.27797
1 38 0.44539
1 39 3.53819
1 40 7.84662
1 41 6.84485
1 42 3.05637
1 43 2.62148
1 44 4.58185
1 45 1.86417
1 46 5.96055
1 47 7.99617
1 48 6.92843
1 49 2.74508
1 50 2.97417
1 51 3.25922
1 52 3.78289
1 53 1.40989
1 54 7.93205
1 55 1.12721
1 56 7.51557
1 57 8.4834
1 58 2.77197
1 59 7.64573
1 60 6.21091
1 61 5.53332
1 62 8.64446
1 63 6.85166
1 64 8.39268
1 65 0.77119
1 66 2.66649
1 67 7.88228
1 68 0.95633
1 69 4.21131
1 70 0.77169
1 71 8.12823
1 72 3.47325
1 73 5.82793
1 74 6.67411
1 75 1.44364
1 76 1.38408
1 77 1.54105
1 78 2.14882
1 79 3.7401
1 80 7.55173
1 81 8.87332
1 82 5.48058
1 83 5.42692
1 84 0.31276
1 85 4.39048
1 86 1.06164
1 87 3.69843
1 88 2.04102
1 89 1.81653
1 90 2.03421
1 91 8.50045
1 92 4.61041
1 93 2.73072
1 94 0.48925
1 95 6.36867
1 96 4.42107
1 97 8.9988
1 98 0.35857
1 99 0.49396
2 3 0.33517
2 4 1.73673
2 5 0.84024
2 6 8.29614
2 7 4.14453
2 8 7.91552
2 9 3.99993
2 10 4.26129
2 11 3.20136
2 12 7.18881
2 13 4.14085
2 14 5.55874
2 15 5.6108
2 16 3.89725
2 17 3.67667
2 18 0.4037
2 19 2.57242
2 20 7.97829
2 21 5.7727
2 22 8.92147
2 23 7.54347
2 24 7.31019
2 25 3.88842
2 26 6.66109
2 27 0.97895
2 28 0.70243
2 29 0.77459
2 30 8.99781
2 31 8.88931
2 32 2.67466
2 33 7.15362
2 34 0.34353
2 35 2.23872
2 36 5.56146
2 37 2.5053
2 38 2.30076
2 39 2.21732
2 40 1.37774
2 41 2.86147
2 42 5.56756
2 43 8.48734
2 44 2.79189
2 45 5.7833
2 46 0.78424
2 47 2.0396
2 48 1.02334
2 49 6.64553
2 50 6.41655
2 51 2.53272
2 52 5.90452
2 53 1.40549
2 54 8.34746
2 55 5.66268
2 56 2.85101
2 57 8.28823
2 58 7.79303
2 59 0.21078
2 60 3.63225
2 61 4.60497
2 62 2.58209
2 63 8.96022
2 64 5.68171
2 65 2.0952
2 66 8.60231
2 67 3.51824
2 68 2.9691
2 69 8.59181
2 70 1.40395
2 71 5.1526
2 72 2.51798
2 73 0.1884
2 74 8.9115
2 75 5.23552
2 76 0.12431
2 77 8.42244
2 78 4.72833
2 79 4.72425
2 80 1.68948
2 81 5.00557
2 82 2.77243
2 83 2.8911
2 84 6.97818
2 85 1.65259
2 86 5.85651
2 87 6.67117
2 88 2.68795
2 89 0.97608
2 90 1.85355
2 91 0.24026
2 92 4.54886
2 93 6.13525
2 94 2.53804
2 95 4.36881
2 96 6.07795
2 97 4.36797
2 98 5.56524
2 99 4.0168
3 4 0.96695
3 5 6.07676
3 6 3.14272
3 7 8.22671
3 8 5.62816
3 9 5.04339
3 10 0.81591
3 11 0.82944
3 12 8.41521
3 13 6.11388
3 14 5.59027
3 15 2.58417
3 16 3.07969
3 17 5.18375
3 18 3.01924
3 19 7.38637
3 20 4.46825
3 21 5.78313
3 22 2.81486
3 23 8.81661
3 24 2.714
3 25 5.1377
3 26 6.25649
3 27 8.43877
3 28 1.07619
3 29 8.63157
3 30 5.69364
3 31 3.9295
3 32 2.637
3 33 2.9538
3 34 5.71041
3 35 2.39726
3 36 5.30144
3 37 0.44402
3 38 2.58069
3 39 5.63317
3 40 5.24331
3 41 3.15922
3 42 8.22481
3 43 4.26108
3 44 7.29276
3 45 2.4654
3 46 2.42706
3 47 1.83955
3 48 0.98042
3 49 0.14058
3 50 2.951
3 51 8.62282
3 52 7.06722
3 53 8.53295
3 54 4.73368
3 55 5.53775
3 56 1.10478
3 57 3.33089
3 58 2.82767
3 59 0.096
3 60 2.60269
3 61 5.49709
3 62 3.17177
3 63 4.19944
3 64 3.77725
3 65 3.64642
3 66 3.87858
3 67 0.7326
3 68 7.82789
3 69 4.50068
3 70 8.55886
3 71 5.51342
3 72 4.93657
3 73 6.12085
3 74 0.13034
3 75 4.50409
3 76 6.26113
3 77 8.44661
3 78 7.36867
3 79 2.70685
3 80 6.42461
3 81 7.16288
3 82 6.16111
3 83 4.75747
3 84 7.59955
3 85 6.45594
3 86 6.8389
3 87 4.6276
3 88 0.51447
3 89 7.80807
3 90 6.44992
3 91 3.75935
3 92 4.06863
3 93 7.53599
3 94 5.08546
3 95 1.86402
3 96 1.97028
3 97 5.88075
3 98 3.62379
3 99 8.85004
4 5 4.7866
4 6 8.3349
4 7 5.55932
4 8 2.35857
4 9 1.9238
4 10 5.09672
4 11 2.12763
4 12 6.48689
4 13 7.38928
4 14 1.35959
4 15 3.21567
4 16 6.46483
4 17 7.26129
4 18 6.53125
4 19 4.69228
4 20 2.25028
4 21 7.9054
4 22 4.97236
4 23 7.03463
4 24 3.41883
4 25 3.63472
4 26 5.64349
4 27 3.52303
4 28 3.67129
4 29 6.5832
4 30 8.76305
4 31 2.56553
4 32 2.32679
4 33 4.59178
4 34 5.97515
4 35 3.93568
4 36 0.609
4 37 0.7893
4 38 6.87005
4 39 4.2834
4 40 0.6497
4 41 4.30332
4 42 0.1348
4 43 1.32762
4 44 7.65607
4 45 4.37742
4 46 0.95856
4 47 5.2361
4 48 4.55208
4 49 6.83873
4 50 2.76597
4 51 7.02911
4 52 2.96169
4 53 7.10696
4 54 3.3286
4 55 7.05913
4 56 4.70506
4 57 8.59906
4 58 3.19598
4 59 4.31022
4 60 2.04656
4 61 2.53541
4 62 6.5234
4 63 3.06433
4 64 4.09759
4 65 0.04255
4 66 1.07446
4 67 0.61935
4 68 0.8903
4 69 0.23052
4 70 8.34315
4 71 4.7462
4 72 4.52921
4 73 1.27047
4 74 1.75048
4 75 2.7826
4 76 5.30116
4 77 4.41138
4 78 2.20768
4 79 7.62144
4 80 7.33468
4 81 5.85693
4 82 8.81049
4 83 0.35278
4 84 8.2238
4 85 5.59991
4 86 4.50389
4 87 4.54789
4 88 2.94442
4 89 5.60741
4 90 2.26696
4 91 0.35529
4 92 1.67482
4 93 4.97271
4 94 8.30024
4 95 0.81565
4 96 6.31066
4 97 1.08635
4 98 6.99014
4 99 0.27527
5 6 6.06547
5 7 3.35812
5 8 5.37373
5 9 5.76898
5 10 4.54368
5 11 2.51144
5 12 5.55954
5 13 8.27644
5 14 3.02452
5 15 7.59329
5 16 0.13118
5 17 6.67327
5 18 5.07231
5 19 0.71514
5 20 6.47395
5 21 1.21303
5 22 0.99509
5 23 4.59539
5 24 2.08558
5 25 5.39643
5 26 8.70571
5 27 0.50817
5 28 5.38712
5 29 6.23004
5 30 6.91565
5 31 4.11941
5 32 3.49075
5 33 6.893
5 34 0.50776
5 35 4.29387
5 36 3.04505
5 37 0.55693
5 38 6.82284
5 39 6.74568
5 40 4.02859
5 41 8.75223
5 42 4.62896
5 43 7.73333
5 44 3.35769
5 45 3.0958
5 46 8.17979
5 47 0.1247
5 48 4.17449
5 49 2.26719
5 50 5.71303
5 51 7.19065
5 52 6.6588
5 53 8.74961
5 54 5.2824
5 55 4.23416
5 56 5.79179
5 57 5.24596
5 58 8.95969
5 59 6.37255
5 60 0.8425
5 61 2.89751
5 62 7.61968
5 63 6.54719
5 64 2.93276
5 65 2.50201
5 66 3.16638
5 67 2.90183
5 68 2.24371
5 69 5.1967
5 70 6.55886
5 71 8.35625
5 72 6.46492
5 73 4.42089
5 74 0.57528
5 75 1.45382
5 76 3.23046
5 77 1.30684
5 78 1.72635
5 79 8.0288
5 80 1.59977
5 81 7.09254
5 82 7.81984
5 83 6.96955
5 84 0.36602
5 85 5.79569
5 86 4.9844
5 87 7.07116
5 88 8.05045
5 89 2.69197
5 90 4.94975
5 91 4.16224
5 92 3.56906
5 93 1.08454
5 94 0.73051
5 95 1.13773
5 96 8.56704
5 97 2.66318
5 98 0.60434
5 99 5.2241
6 7 8.23436
6 8 6.45526
6 9 8.35885
6 10 0.98001
6 11 3.32743
6 12 1.37111
6 13 3.61296
6 14 0.21876
6 15 2.16841
6 16 3.9477
6 17 5.70652
6 18 8.73395
6 19 4.86555
6 20 0.94431
6 21 4.2666
6 22 6.7667
6 23 1.7349
6 24 1.19703
6 25 3.27575
6 26 7.18816
6 27 5.82929
6 28 4.33801
6 29 2.30692
6 30 1.26951
6 31 4.26623
6 32 7.60994
6 33 8.39833
6 34 3.13732
6 35 0.09916
6 36 0.02947
6 37 0.42291
6 38 4.62355
6 39 3.40467
6 40 0.10939
6 41 6.63648
6 42 0.50426
6 43 3.8814
6 44 5.88797
6 45 0.14387
6 46 8.2919
6 47 6.53171
6 48 4.15794
6 49 6.92543
6 50 7.99059
6 51 3.78013
6 52 1.34883
6 53 6.14919
6 54 7.42506
6 55 1.05194
6 56 2.85865
6 57 8.53489
6 58 6.19984
6 59 0.8269
6 60 7.27154
6 61 4.54062
6 62 1.7714
6 63 0.05532
6 64 5.70767
6 65 4.95498
6 66 1.36058
6 67 5.89925
6 68 0.01131
6 69 2.31941
6 70 2.46514
6 71 7.62528
6 72 6.91575
6 73 0.49178
6 74 3.74249
6 75 6.46894
6 76 4.6108
6 77 4.5406
6 78 0.50277
6 79 7.56156
6 80 8.01628
6 81 1.6252
6 82 8.05807
6 83 1.30217
6 84 5.4843
6 85 7.12244
6 86 4.27279
6 87 0.38408
6 88 7.06234
6 89 2.48029
6 90 2.2478
6 91 3.68806
6 92 0.82886
6 93 4.57059
6 94 1.24722
6 95 7.70787
6 96 7.23378
6 97 1.59912
6 98 7.11086
6 99 6.38843
7 8 0.6544
7 9 3.13845
7 10 8.49363
7 11 8.91207
7 12 5.38275
7 13 3.02201
7 14 3.63971
7 15 1.02844
7 16 3.02639
7 17 8.38208
7 18 2.45726
7 19 3.80709
7 20 3.9466
7 21 2.19974
7 22 5.08671
7 23 0.79432
7 24 4.07333
7 25 1.30703
7 26 5.04988
7 27 4.43696
7 28 3.61819
7 29 8.49363
7 30 7.56456
7 31 7.28115
7 32 2.79195
7 33 2.86193
7 34 3.95396
7 35 4.00477
7 36 0.71132
7 37 7.56879
7 38 2.14018
7 39 8.33425
7 40 6.70726
7 41 0.85294
7 42 0.64621
7 43 3.7123
7 44 6.89562
7 45 1.44568
7 46 0.56854
7 47 4.79878
7 48 0.54232
7 49 3.93401
7 50 8.87378
7 51 2.75415
7 52 5.84157
7 53 6.23034
7 54 2.67225
7 55 7.33285
7 56 0.19613
7 57 7.81919
7 58 0.66344
7 59 8.76986
7 60 6.18107
7 61 6.64376
7 62 2.65458
7 63 1.92091
7 64 1.66976
7 65 2.8304
7 66 3.96523
7 67 4.15101
7 68 1.80744
7 69 4.64539
7 70 1.39834
7 71 6.58397
7 72 7.84601
7 73 6.3755
7 74 7.05654
7 75 7.96577
7 76 5.75632
7 77 2.20392
7 78 4.06248
7 79 3.58807
7 80 4.51236
7 81 2.80447
7 82 8.25515
7 83 0.68777
7 84 1.05709
7 85 2.32744
7 86 7.11055
7 87 8.34971
7 88 1.18921
7 89 8.32246
7 90 1.24568
7 91 3.52271
7 92 3.83032
7 93 4.8873
7 94 1.14625
7 95 8.16846
7 96 0.86121
7 97 4.31928
7 98 4.32182
7 99 4.49324
8 9 7.86102
8 10 7.63517
8 11 0.83227
8 12 8.58063
8 13 8.87041
8 14 4.66907
8 15 6.64798
8 16 8.63688
8 17 0.45919
8 18 5.29338
8 19 4.37266
8 20 6.29049
8 21 2.50076
8 22 8.85685
8 23 6.28928
8 24 2.11697
8 25 3.5385
8 26 6.05549
8 27 4.14146
8 28 4.22689
8 29 7.94634
8 30 4.07218
8 31 4.78245
8 32 3.55938
8 33 6.25261
8 34 5.13849
8 35 5.61638
8 36 6.84418
8 37 6.50214
8 38 8.30555
8 39 8.79158
8 40 2.02215
8 41 4.97763
8 42 1.66638
8 43 8.90415
8 44 3.10865
8 45 0.74754
8 46 8.80917
8 47 3.18455
8 48 8.20966
8 49 8.00571
8 50 2.1387
8 51 3.80045
8 52 5.54037
8 53 8.31708
8 54 6.939
8 55 1.88301
8 56 7.06821
8 57 5.67359
8 58 8.9562
8 59 5.65009
8 60 3.8546
8 61 2.4277
8 62 3.44738
8 63 5.08868
8 64 2.7495
8 65 6.49428
8 66 7.7769
8 67 1.23468
8 68 7.08593
8 69 6.88823
8 70 5.38979
8 71 4.41743
8 72 8.03866
8 73 0.72041
8 74 2.89586
8 75 1.26831
8 76 8.57514
8 77 8.52075
8 78 0.24024
8 79 3.89213
8 80 3.81216
8 81 4.72378
8 82 5.08828
8 83 2.53419
8 84 3.88722
8 85 4.47914
8 86 0.38654
8 87 3.57918
8 88 8.71069
8 89 6.34015
8 90 4.5986
8 91 2.53026
8 92 2.74812
8 93 5.79654
8 94 7.95534
8 95 8.58924
8 96 3.80236
8 97 1.54922
8 98 3.78116
8 99 7.62954
9 10 5.77704
9 11 8.88267
9 12 0.04473
9 13 8.97625
9 14 0.47261
9 15 7.93899
9 16 6.09037
9 17 7.8643
9 18 5.97315
9 19 7.26071
9 20 4.03302
9 21 5.21181
9 22 8.62331
9 23 6.62725
9 24 1.3768
9 25 5.3873
9 26 5.76675
9 27 6.11872
9 28 7.50343
9 29 3.5911
9 30 2.89273
9 31 6.21415
9 32 1.46696
9 33 5.98614
9 34 0.22142
9 35 7.25221
9 36 2.47496
9 37 5.079
9 38 6.02255
9 39 8.96069
9 40 4.55581
9 41 0.61592
9 42 7.47212
9 43 1.46182
9 44 4.60822
9 45 8.28948
9 46 1.47978
9 47 6.0499
9 48 8.90788
9 49 3.59827
9 50 1.93249
9 51 8.91484
9 52 4.05627
9 53 8.08017
9 54 8.16533
9 55 3.4182
9 56 4.96702
9 57 5.68159
9 58 0.62744
9 59 1.31088
9 60 0.63347
9 61 3.99273
9 62 3.88416
9 63 0.27046
9 64 7.25433
9 65 3.45593
9 66 2.96785
9 67 1.98354
9 68 8.15399
9 69 8.86164
9 70 8.42158
9 71 2.5717
9 72 2.25683
9 73 4.16565
9 74 0.1815
9 75 3.72142
9 76 7.18173
9 77 2.58319
9 78 3.47886
9 79 4.3197
9 80 7.87384
9 81 0.98098
9 82 0.70229
9 83 6.98316
9 84 6.04406
9 85 4.24841
9 86 4.31251
9 87 2.69557
9 88 2.30934
9 89 4.86484
9 90 5.61906
9 91 5.13666
9 92 5.88598
9 93 4.31542
9 94 3.09143
9 95 5.88883
9 96 2.62827
9 97 1.9791
9 98 1.58829
9 99 8.46442
10 11 4.66638
10 12 2.08498
10 13 8.15206
10 14 1.24668
10 15 0.63597
10 16 2.77269
10 17 0.99234
10 18 7.77123
10 19 5.92411
10 20 4.97358
10 21 7.71843
10 22 3.58127
10 23 2.9582
10 24 6.72933
10 25 6.69135
10 26 8.54691
10 27 6.48011
10 28 5.18461
10 29 2.00888
10 30 4.5236
10 31 6.59572
10 32 2.13444
10 33 4.3079
10 34 5.8405
10 35 3.09109
10 36 6.59002
10 37 1.29167
10 38 6.35372
10 39 8.38403
10 40 4.35551
10 41 6.07129
10 42 3.24711
10 43 7.53328
10 44 7.17168
10 45 5.13728
10 46 7.1269
10 47 1.98969
10 48 4.77597
10 49 3.78585
10 50 4.9536
10 51 1.02577
10 52 8.28881
10 53 1.75345
10 54 2.09148
10 55 4.67736
10 56 5.48767
10 57 0.75761
10 58 4.93567
10 59 5.40732
10 60 6.92805
10 61 1.41721
10 62 8.85423
10 63 7.34094
10 64 4.59622
10 65 2.0567
10 66 4.75852
10 67 0.44041
10 68 4.50217
10 69 7.51859
10 70 5.81612
10 71 3.0318
10 72 6.57644
10 73 3.08672
10 74 8.92102
10 75 3.94618
10 76 6.9257
10 77 0.98488
10 78 2.63467
10 79 5.56485
10 80 4.27118
10 81 8.02752
10 82 8.36075
10 83 3.85795
10 84 6.03164
10 85 8.6292
10 86 1.87909
10 87 4.69906
10 88 8.96302
10 89 3.32224
10 90 2.13989
10 91 6.94629
10 92 2.84479
10 93 1.15321
10 94 8.28595
10 95 4.23326
10 96 2.20306
10 97 8.05881
10 98 0.56955
10 99 8.18759
11 12 0.46154
11 13 0.08261
11 14 7.2784
11 15 3.349
11 16 5.13481
11 17 3.10937
11 18 4.65337
11 19 4.17769
11 20 8.41354
11 21 2.99245
11 22 6.37689
11 23 1.49091
11 24 8.0428
11 25 6.45976
11 26 1.14852
11 27 6.80931
11 28 7.69226
11 29 5.56541
11 30 1.89835
11 31 3.83578
11 32 8.4833
11 33 1.70055
11 34 8.253
11 35 8.90057
11 36 0.55304
11 37 4.94525
11 38 8.48439
11 39 5.74444
11 40 6.06098
11 41 5.92134
11 42 3.82439
11 43 4.45265
11 44 2.91544
11 45 0.15581
11 46 4.31743
11 47 1.98476
11 48 4.98108
11 49 2.19024
11 50 2.86498
11 51 5.90798
11 52 4.90645
11 53 4.86388
11 54 5.32694
11 55 4.91396
11 56 5.40879
11 57 2.92394
11 58 3.85929
11 59 7.22311
11 60 6.03341
11 61 1.71662
11 62 8.61012
11 63 8.9532
11 64 5.84471
11 65 6.76988
11 66 8.28659
11 67 3.90396
11 68 2.83484
11 69 4.66175
11 70 1.66939
11 71 8.12913
11 72 5.15624
11 73 5.39704
11 74 5.06806
11 75 4.13533
11 76 4.09609
11 77 8.78075
11 78 3.35447
11 79 6.23776
11 80 8.64691
11 81 0.40766
11 82 8.95823
11 83 6.0618
11 84 6.09468
11 85 6.45549
11 86 7.15931
11 87 5.16682
11 88 8.30719
11 89 0.16346
11 90 2.99533
11 91 4.99574
11 92 2.06521
11 93 0.70257
11 94 5.66385
11 95 3.55344
11 96 8.90302
11 97 5.15287
11 98 2.21093
11 99 5.52868
12 13 0.29867
12 14 2.3712
12 15 6.34587
12 16 2.31846
12 17 3.32025
12 18 7.86272
12 19 6.1381
12 20 4.56985
12 21 1.2828
12 22 8.65985
12 23 6.0548
12 24 3.04711
12 25 8.354
12 26 1.39999
12 27 2.62731
12 28 4.38634
12 29 3.49481
12 30 0.54564
12 31 7.5961
12 32 6.02558
12 33 1.82005
12 34 5.39553
12 35 7.12542
12 36 0.68345
12 37 5.96731
12 38 8.12621
12 39 3.84797
12 40 1.81978
12 41 7.64131
12 42 2.73646
12 43 5.86663
12 44 2.46017
12 45 4.99111
12 46 0.29173
12 47 5.76999
12 48 2.50456
12 49 7.51103
12 50 5.90619
12 51 3.33047
12 52 7.86523
12 53 0.40357
12 54 5.03229
12 55 2.4496
12 56 6.09654
12 57 1.81184
12 58 7.90343
12 59 0.71914
12 60 3.24829
12 61 6.24564
12 62 0.886
12 63 4.28853
12 64 2.9412
12 65 5.15746
12 66 0.45636
12 67 5.48475
12 68 3.83227
12 69 7.92371
12 70 8.47471
12 71 8.1949
12 72 6.22613
12 73 4.2971
12 74 7.1823
12 75 5.62624
12 76 8.86028
12 77 6.33897
12 78 4.73004
12 79 3.4517
12 80 8.9756
12 81 8.6224
12 82 2.76352
12 83 3.60549
12 84 5.00655
12 85 4.59737
12 86 3.79095
12 87 5.48243
12 88 6.63576
12 89 7.10113
12 90 0.87025
12 91 2.93124
12 92 1.22164
12 93 8.96651
12 94 4.48869
12 95 4.06429
12 96 2.53894
12 97 0.33197
12 98 7.15189
12 99 3.11188
13 14 5.65435
13 15 7.79087
13 16 6.92277
13 17 0.23834
13 18 1.76808
13 19 2.13871
13 20 2.4484
13 21 3.64115
13 22 0.10711
13 23 5.9813
13 24 5.42655
13 25 0.44592
13 26 8.90421
13 27 8.23004
13 28 3.6146
13 29 5.73556
13 30 8.58275
13 31 7.76321
13 32 8.82485
13 33 3.22988
13 34 3.97286
13 35 6.53194
13 36 7.74647
13 37 4.59138
13 38 4.52772
13 39 2.83712
13 40 8.72861
13 41 7.87387
13 42 3.2746
13 43 3.96495
13 44 0.4447
13 45 8.22699
13 46 1.79687
13 47 7.15756
13 48 7.54083
13 49 3.85349
13 50 4.96176
13 51 4.36763
13 52 2.34278
13 53 5.11909
13 54 8.79183
13 55 8.09244
13 56 2.6934
13 57 1.30699
13 58 3.68722
13 59 8.50929
13 60 0.89585
13 61 5.11877
13 62 5.72771
13 63 7.46461
13 64 8.02064
13 65 0.21851
13 66 1.70523
13 67 2.18323
13 68 7.64366
13 69 5.9171
13 70 7.0835
13 71 6.58291
13 72 1.89835
13 73 0.96738
13 74 5.96008
13 75 1.87702
13 76 3.36587
13 77 8.97132
13 78 1.09732
13 79 0.37471
13 80 1.80005
13 81 0.29101
13 82 6.00081
13 83 8.74763
13 84 7.73989
13 85 8.78794
13 86 1.98767
13 87 6.4242
13 88 2.38173
13 89 3.52708
13 90 6.33972
13 91 1.63445
13 92 5.21553
13 93 1.47551
13 94 3.91939
13 95 6.17205
13 96 5.326
13 97 2.36981
13 98 7.88964
13 99 4.92303
14 15 8.18395
14 16 1.05794
14 17 4.965
14 18 0.5687
14 19 0.43242
14 20 4.52512
14 21 0.21169
14 22 5.54492
14 23 6.18197
14 24 4.34868
14 25 4.27942
14 26 5.92841
14 27 3.86588
14 28 7.97574
14 29 7.67669
14 30 7.09741
14 31 2.5075
14 32 7.27148
14 33 6.84599
14 34 7.37165
14 35 2.75123
14 36 5.23452
14 37 3.74781
14 38 0.90133
14 39 8.45619
14 40 0.05058
14 41 5.2769
14 42 6.40042
14 43 3.96603
14 44 7.51488
14 45 6.40609
14 46 8.99852
14 47 0.23331
14 48 2.10924
14 49 0.53726
14 50 7.63431
14 51 8.23248
14 52 1.04488
14 53 6.54622
14 54 7.59221
14 55 1.62787
14 56 1.96558
14 57 8.80487
14 58 2.4568
14 59 6.75115
14 60 6.97207
14 61 1.3196
14 62 8.44939
14 63 7.84096
14 64 7.50093
14 65 2.9858
14 66 7.50659
14 67 5.61428
14 68 1.67332
14 69 4.03628
14 70 3.87477
14 71 6.46241
14 72 2.96463
14 73 3.26632
14 74 5.86421
14 75 3.71518
14 76 6.20353
14 77 7.64902
14 78 5.06155
14 79 7.21803
14 80 3.19575
14 81 0.03811
14 82 3.19796
14 83 1.25609
14 84 6.97037
14 85 2.5596
14 86 6.50269
14 87 7.16645
14 88 4.74443
14 89 5.84004
14 90 4.38556
14 91 4.86201
14 92 6.31831
14 93 1.3803
14 94 1.55736
14 95 2.84195
14 96 5.99466
14 97 0.31263
14 98 5.84429
14 99 2.71508
15 16 8.63395
15 17 6.99034
15 18 4.06084
15 19 7.91833
15 20 2.10858
15 21 6.27004
15 22 7.28097
15 23 8.75226
15 24 7.81694
15 25 7.5605
15 26 8.31849
15 27 5.25542
15 28 3.68769
15 29 8.13264
15 30 7.81437
15 31 3.64677
15 32 7.1284
15 33 7.531
15 34 7.66518
15 35 4.54095
15 36 0.80651
15 37 1.47166
15 38 0.44504
15 39 3.74789
15 40 5.94368
15 41 1.70361
15 42 8.40855
15 43 7.50444
15 44 3.78336
15 45 5.55886
15 46 4.25768
15 47 8.97125
15 48 1.6441
15 49 0.78704
15 50 2.41367
15 51 6.17129
15 52 7.00489
15 53 4.19575
15 54 5.34561
15 55 8.01307
15 56 5.98509
15 57 5.05404
15 58 5.17304
15 59 0.20239
15 60 3.08577
15 61 1.50127
15 62 4.65394
15 63 5.8646
15 64 2.12961
15 65 2.63119
15 66 6.42014
15 67 5.34126
15 68 4.82493
15 69 5.1723
15 70 4.76762
15 71 8.23017
15 72 7.24088
15 73 5.2555
15 74 1.03443
15 75 6.37653
15 76 1.20789
15 77 1.47042
15 78 4.92048
15 79 2.81314
15 80 0.53895
15 81 3.82214
15 82 8.55243
15 83 4.23673
15 84 4.07768
15 85 4.84915
15 86 2.68327
15 87 7.27078
15 88 4.69369
15 89 0.76451
15 90 7.69861
15 91 7.78031
15 92 1.62138
15 93 4.45543
15 94 4.21974
15 95 6.03937
15 96 7.23312
15 97 0.09501
15 98 6.1465
15 99 6.90176
16 17 8.74288
16 18 5.09648
16 19 8.93808
16 20 0.59404
16 21 5.49909
16 22 7.28088
16 23 1.08577
16 24 7.59211
16 25 2.5391
16 26 8.53377
16 27 7.88619
16 28 4.20734
16 29 7.94386
16 30 4.32797
16 31 8.002
16 32 6.95049
16 33 0.28684
16 34 3.08362
16 35 4.61908
16 36 7.57231
16 37 1.9707
16 38 8.91328
16 39 4.57407
16 40 6.87618
16 41 5.20169
16 42 0.13702
16 43 4.57955
16 44 2.63057
16 45 3.80716
16 46 5.52269
16 47 7.51202
16 48 7.66255
16 49 4.67887
16 50 7.81946
16 51 2.47973
16 52 0.55794
16 53 4.47073
16 54 7.30695
16 55 7.99591
16 56 8.74211
16 57 5.32182
16 58 1.78421
16 59 4.63678
16 60 3.07148
16 61 3.7143
16 62 8.07082
16 63 3.31837
16 64 6.85712
16 65 1.12837
16 66 1.19341
16 67 4.90258
16 68 1.33086
16 69 2.2576
16 70 8.31347
16 71 1.16144
16 72 8.80235
16 73 1.41282
16 74 3.74847
16 75 1.82902
16 76 3.12514
16 77 1.78542
16 78 4.35088
16 79 7.59486
16 80 8.79728
16 81 4.6239
16 82 3.32779
16 83 4.41275
16 84 8.16392
16 85 5.22165
16 86 5.98053
16 87 3.84871
16 88 2.44519
16 89 2.26194
16 90 0.05308
16 91 7.44113
16 92 8.787
16 93 0.26298
16 94 2.80012
16 95 4.62265
16 96 6.42473
16 97 5.57562
16 98 8.83489
16 99 8.94051
17 18 7.73327
17 19 3.12561
17 20 3.32114
17 21 4.5675
17 22 1.57597
17 23 0.29439
17 24 2.12825
17 25 4.80864
17 26 5.93537
17 27 1.34753
17 28 3.36643
17 29 6.22209
17 30 5.1598
17 31 1.45069
17 32 0.18053
17 33 4.48814
17 34 2.51278
17 35 2.68813
17 36 7.89168
17 37 4.87378
17 38 2.88913
17 39 5.17295
17 40 8.49134
17 41 2.70202
17 42 5.66564
17 43 6.12065
17 44 4.38426
17 45 3.75641
17 46 7.36648
17 47 8.97843
17 48 7.78117
17 49 8.29903
17 50 2.29457
17 51 3.7669
17 52 2.70821
17 53 2.74985
17 54 7.30646
17 55 1.72681
17 56 4.48499
17 57 3.74011
17 58 4.20831
17 59 7.81604
17 60 7.57172
17 61 5.31941
17 62 0.39586
17 63 1.85422
17 64 8.86424
17 65 4.6341
17 66 1.15315
17 67 6.55144
17 68 8.88217
17 69 5.02562
17 70 4.12153
17 71 8.09627
17 72 5.85136
17 73 6.67096
17 74 7.4132
17 75 0.46477
17 76 1.41639
17 77 2.17563
17 78 8.71972
17 79 2.39412
17 80 6.11861
17 81 5.05677
17 82 4.41291
17 83 1.20385
17 84 2.70612
17 85 3.85212
17 86 2.81439
17 87 1.6337
17 88 0.85065
17 89 3.32999
17 90 2.75407
17 91 3.18338
17 92 2.19803
17 93 8.00802
17 94 6.25656
17 95 7.36818
17 96 2.38415
17 97 1.39917
17 98 6.27182
17 99 2.68326
18 19 6.20286
18 20 2.20097
18 21 5.86519
18 22 7.8561
18 23 3.44021
18 24 2.16869
18 25 3.24616
18 26 1.93908
18 27 6.17188
18 28 8.99463
18 29 6.43435
18 30 2.79563
18 31 5.14141
18 32 2.80596
18 33 2.10106
18 34 5.93874
18 35 4.17654
18 36 7.87295
18 37 4.2321
18 38 5.23756
18 39 2.09969
18 40 3.81225
18 41 7.45618
18 42 2.03952
18 43 5.94343
18 44 8.28719
18 45 6.15042
18 46 7.34694
18 47 1.83939
18 48 8.26145
18 49 2.55629
18 50 2.53061
18 51 4.18307
18 52 4.36796
18 53 4.40159
18 54 4.81089
18 55 3.28989
18 56 4.54124
18 57 6.67361
18 58 2.69442
18 59 7.00288
18 60 7.32424
18 61 7.31946
18 62 5.54097
18 63 1.01948
18 64 7.23362
18 65 6.08085
18 66 0.75181
18 67 3.21896
18 68 7.69163
18 69 3.9622
18 70 4.41023
18 71 7.1716
18 72 4.11253
18 73 5.2064
18 74 5.88828
18 75 3.91427
18 76 3.70446
18 77 5.70258
18 78 8.75301
18 79 5.78458
18 80 7.66536
18 81 5.10384
18 82 1.12372
18 83 4.99992
18 84 6.92971
18 85 8.00632
18 86 5.64162
18 87 5.25902
18 88 5.61236
18 89 2.92742
18 90 4.66215
18 91 8.89938
18 92 3.1678
18 93 3.10997
18 94 5.46601
18 95 0.54298
18 96 5.8373
18 97 3.37004
18 98 8.02971
18 99 0.0859
19 20 4.16709
19 21 0.9957
19 22 5.07259
19 23 0.37011
19 24 1.46511
19 25 1.22174
19 26 2.85492
19 27 2.60578
19 28 1.30193
19 29 2.23816
19 30 0.1476
19 31 3.56687
19 32 2.77745
19 33 3.7456
19 34 1.20135
19 35 0.55402
19 36 3.85759
19 37 1.29338
19 38 1.62165
19 39 3.80083
19 40 0.05053
19 41 7.5324
19 42 7.55878
19 43 1.32655
19 44 1.72047
19 45 0.92395
19 46 0.32241
19 47 4.8805
19 48 1.83827
19 49 2.92391
19 50 1.09649
19 51 1.7663
19 52 1.53378
19 53 8.00773
19 54 3.52061
19 55 0.93571
19 56 7.15431
19 57 7.72112
19 58 1.11871
19 59 7.19189
19 60 5.29426
19 61 7.26534
19 62 8.56046
19 63 4.64564
19 64 3.85887
19 65 7.72759
19 66 0.1479
19 67 2.24808
19 68 0.33047
19 69 1.47456
19 70 2.45561
19 71 8.99123
19 72 3.31154
19 73 5.77778
19 74 1.73839
19 75 2.59279
19 76 0.31165
19 77 7.87081
19 78 3.5227
19 79 1.53675
19 80 0.38017
19 81 1.41134
19 82 4.99947
19 83 4.57743
19 84 0.48122
19 85 5.78525
19 86 4.17629
19 87 8.5749
19 88 1.44411
19 89 5.62262
19 90 8.64294
19 91 7.48286
19 92 0.98064
19 93 2.59466
19 94 7.3821
19 95 5.72482
19 96 8.69777
19 97 6.38429
19 98 2.10192
19 99 6.84259
20 21 5.20374
20 22 4.54001
20 23 2.96556
20 24 8.37493
20 25 2.46657
20 26 5.79159
20 27 0.9755
20 28 1.44561
20 29 6.80726
20 30 5.83647
20 31 0.63127
20 32 3.80585
20 33 1.60522
20 34 0.00454
20 35 4.94972
20 36 8.68
20 37 3.1798
20 38 0.63938
20 39 2.56101
20 40 6.71658
20 41 0.2032
20 42 0.37254
20 43 4.97479
20 44 8.73462
20 45 1.16728
20 46 7.7803
20 47 0.09185
20 48 0.79611
20 49 2.54827
20 50 3.4452
20 51 6.60824
20 52 4.54807
20 53 7.91537
20 54 2.97601
20 55 1.34046
20 56 3.66978
20 57 4.1679
20 58 2.22125
20 59 5.29344
20 60 4.11299
20 61 0.94594
20 62 4.43697
20 63 4.69993
20 64 7.24711
20 65 1.69483
20 66 8.36746
20 67 3.77831
20 68 6.33131
20 69 7.84161
20 70 5.6397
20 71 5.33235
20 72 7.77499
20 73 5.23088
20 74 7.21457
20 75 0.18862
20 76 1.60123
20 77 4.65759
20 78 5.59246
20 79 1.7231
20 80 8.99955
20 81 2.3342
20 82 0.13481
20 83 0.10141
20 84 4.35985
20 85 4.44632
20 86 2.05137
20 87 2.91046
20 88 0.30596
20 89 0.47267
20 90 5.08634
20 91 6.02124
20 92 5.57548
20 93 7.60521
20 94 1.06034
20 95 4.0036
20 96 4.74658
20 97 4.6846
20 98 6.08046
20 99 6.02249
21 22 0.82029
21 23 2.28472
21 24 2.39892
21 25 2.53108
21 26 4.6532
21 27 3.6977
21 28 2.19602
21 29 6.83261
21 30 6.498
21 31 2.08418
21 32 5.77662
21 33 6.28116
21 34 4.44688
21 35 1.48751
21 36 3.81497
21 37 7.61843
21 38 8.46365
21 39 4.06134
21 40 3.57286
21 41 0.86215
21 42 8.78944
21 43 2.26551
21 44 3.53055
21 45 0.53255
21 46 5.13585
21 47 8.32181
21 48 7.97321
21 49 6.23569
21 50 5.68489
21 51 3.43388
21 52 7.83448
21 53 7.42206
21 54 5.9407
21 55 8.97627
21 56 1.77072
21 57 8.79212
21 58 5.11524
21 59 1.01201
21 60 0.52062
21 61 1.71612
21 62 7.10041
21 63 4.17744
21 64 0.96238
21 65 3.77577
21 66 8.13232
21 67 7.36868
21 68 0.78786
21 69 5.34257
21 70 3.93438
21 71 0.73334
21 72 2.47857
21 73 0.21255
21 74 4.78125
21 75 1.39731
21 76 6.85776
21 77 3.15605
21 78 1.22036
21 79 5.25903
21 80 8.74877
21 81 0.95626
21 82 6.74263
21 83 7.27789
21 84 6.81391
21 85 2.68389
21 86 8.80036
21 87 3.40165
21 88 4.34072
21 89 0.41328
21 90 5.55391
21 91 4.93904
21 92 7.7867
21 93 5.7678
21 94 5.83504
21 95 4.16536
21 96 5.15411
21 97 8.2068
21 98 8.50257
21 99 3.41987
22 23 6.02602
22 24 1.17846
22 25 5.73629
22 26 7.23055
22 27 7.56549
22 28 1.7839
22 29 7.03361
22 30 4.8095
22 31 1.82332
22 32 6.79254
22 33 0.17163
22 34 6.84506
22 35 0.78166
22 36 4.99553
22 37 6.06014
22 38 7.44219
22 39 5.08005
22 40 3.77491
22 41 0.44908
22 42 2.88407
22 43 1.86492
22 44 6.78028
22 45 7.4868
22 46 4.93822
22 47 1.81881
22 48 5.52027
22 49 3.40733
22 50 8.25373
22 51 1.69671
22 52 5.00513
22 53 0.17731
22 54 4.34112
22 55 5.5936
22 56 1.66002
22 57 0.41411
22 58 4.52559
22 59 4.70053
22 60 1.40263
22 61 8.42493
22 62 2.44741
22 63 3.87632
22 64 2.97893
22 65 4.21945
22 66 2.92975
22 67 2.63314
22 68 7.38883
22 69 7.13864
22 70 3.58832
22 71 2.91904
22 72 1.6413
22 73 7.01199
22 74 6.09525
22 75 7.06216
22 76 1.11811
22 77 0.77264
22 78 6.03184
22 79 7.72708
22 80 0.42136
22 81 8.52945
22 82 6.94484
22 83 0.85142
22 84 8.82739
22 85 2.46901
22 86 8.86768
22 87 1.17127
22 88 1.5118
22 89 8.18422
22 90 6.59391
22 91 8.22624
22 92 0.57985
22 93 8.02635
22 94 0.15201
22 95 1.04258
22 96 8.01169
22 97 0.17583
22 98 0.5559
22 99 1.39081
23 24 2.13152
23 25 0.3026
23 26 0.05146
23 27 2.20062
23 28 5.64314
23 29 4.74193
23 30 5.13357
23 31 3.00315
23 32 6.5915
23 33 6.82715
23 34 7.18201
23 35 5.26269
23 36 1.87921
23 37 8.66638
23 38 3.95936
23 39 8.16116
23 40 3.88937
23 41 7.27897
23 42 2.2142
23 43 4.92097
23 44 6.93573
23 45 6.76064
23 46 7.1958
23 47 3.58305
23 48 1.63473
23 49 0.35063
23 50 2.31384
23 51 0.43175
23 52 5.05416
23 53 1.23407
23 54 1.90669
23 55 0.69856
23 56 4.26433
23 57 4.26388
23 58 3.11282
23 59 2.06428
23 60 8.42902
23 61 6.27004
23 62 7.31454
23 63 3.54013
23 64 3.42784
23 65 1.62728
23 66 2.9232
23 67 4.49059
23 68 7.85681
23 69 0.71941
23 70 6.69347
23 71 4.00095
23 72 4.6757
23 73 5.94649
23 74 4.79227
23 75 0.29734
23 76 1.35118
23 77 5.66032
23 78 7.1193
23 79 5.99974
23 80 8.73521
23 81 5.44614
23 82 7.50069
23 83 2.47147
23 84 0.93502
23 85 8.40365
23 86 8.16027
23 87 8.68874
23 88 7.95426
23 89 3.40498
23 90 0.13561
23 91 1.08086
23 92 5.69743
23 93 0.26416
23 94 6.15576
23 95 7.17825
23 96 5.34658
23 97 6.87066
23 98 7.12603
23 99 2.51505
24 25 2.09406
24 26 4.09191
24 27 8.71486
24 28 4.60331
24 29 4.2879
24 30 2.62501
24 31 4.29549
24 32 6.41492
24 33 8.86077
24 34 7.14707
24 35 5.28657
24 36 5.62356
24 37 3.1963
24 38 2.81855
24 39 1.07548
24 40 6.43465
24 41 1.87473
24 42 5.49498
24 43 3.73055
24 44 6.21335
24 45 1.16853
24 46 4.00539
24 47 1.80352
24 48 0.3427
24 49 3.10406
24 50 6.50577
24 51 3.4696
24 52 6.9156
24 53 6.25761
24 54 5.20902
24 55 1.90161
24 56 6.32315
24 57 2.34019
24 58 6.14106
24 59 7.5356
24 60 0.80991
24 61 2.46487
24 62 2.73945
24 63 1.68455
24 64 7.56205
24 65 4.07108
24 66 0.48593
24 67 2.9216
24 68 1.24989
24 69 8.19516
24 70 2.48867
24 71 0.298
24 72 4.11732
24 73 4.40722
24 74 4.09054
24 75 7.20656
24 76 5.48654
24 77 0.57121
24 78 6.84825
24 79 1.34014
24 80 1.83426
24 81 0.85965
24 82 7.43317
24 83 0.85318
24 84 5.1682
24 85 4.97013
24 86 8.22444
24 87 7.65574
24 88 1.56624
24 89 7.36989
24 90 5.06143
24 91 8.37321
24 92 6.97966
24 93 1.12582
24 94 1.55546
24 95 3.34432
24 96 5.93058
24 97 3.6622
24 98 8.52288
24 99 5.34079
25 26 2.3383
25 27 4.59036
25 28 8.40828
25 29 7.99846
25 30 4.8813
25 31 6.9367
25 32 5.7184
25 33 7.42904
25 34 7.11747
25 35 1.93897
25 36 6.53704
25 37 5.29797
25 38 2.01187
25 39 5.34753
25 40 6.07886
25 41 2.51151
25 42 1.14094
25 43 2.24115
25 44 1.95191
25 45 7.91001
25 46 7.88569
25 47 6.42044
25 48 4.26899
25 49 8.59536
25 50 8.13458
25 51 5.04914
25 52 2.42743
25 53 3.06321
25 54 8.23122
25 55 4.51951
25 56 0.72976
25 57 5.65159
25 58 5.27201
25 59 6.97981
25 60 3.81422
25 61 3.63429
25 62 4.90246
25 63 2.06598
25 64 0.89816
25 65 2.45018
25 66 0.86036
25 67 3.27184
25 68 2.45614
25 69 8.65773
25 70 3.19543
25 71 3.259
25 72 0.09508
25 73 3.09859
25 74 2.12208
25 75 1.75875
25 76 8.03869
25 77 2.48218
25 78 7.557
25 79 8.7073
25 80 2.89045
25 81 8.58252
25 82 8.2964
25 83 7.69892
25 84 8.14493
25 85 5.94629
25 86 7.6254
25 87 3.82428
25 88 5.9336
25 89 6.31782
25 90 0.63893
25 91 1.65823
25 92 8.17391
25 93 8.40575
25 94 0.40116
25 95 3.30479
25 96 2.47867
25 97 3.48627
25 98 3.51647
25 99 8.43933
26 27 5.73263
26 28 6.13568
26 29 6.65548
26 30 4.33895
26 31 1.16957
26 32 8.71895
26 33 5.19106
26 34 6.9548
26 35 8.52795
26 36 4.82421
26 37 4.31626
26 38 8.22005
26 39 3.86503
26 40 4.57578
26 41 7.82417
26 42 3.15458
26 43 5.12681
26 44 5.11727
26 45 2.62136
26 46 3.37953
26 47 7.96484
26 48 1.65705
26 49 6.97443
26 50 4.41213
26 51 3.37029
26 52 4.87743
26 53 3.60288
26 54 6.67233
26 55 2.00299
26 56 1.36249
26 57 0.47523
26 58 2.23942
26 59 6.37676
26 60 2.0709
26 61 2.08757
26 62 6.1821
26 63 4.83794
26 64 8.08048
26 65 4.75851
26 66 1.55163
26 67 1.76731
26 68 6.50633
26 69 8.78888
26 70 6.73382
26 71 2.34765
26 72 6.67054
26 73 6.0418
26 74 3.24823
26 75 6.09741
26 76 3.36263
26 77 5.81325
26 78 0.63687
26 79 6.37358
26 80 0.28771
26 81 7.24775
26 82 4.53539
26 83 7.97309
26 84 1.20264
26 85 0.87093
26 86 4.38483
26 87 6.08169
26 88 7.38954
26 89 1.24329
26 90 3.53045
26 91 5.53577
26 92 7.14427
26 93 0.08569
26 94 3.69766
26 95 5.10176
26 96 8.70511
26 97 5.33012
26 98 6.22832
26 99 7.79946
27 28 8.97121
27 29 4.38915
27 30 6.33223
27 31 1.39417
27 32 2.68332
27 33 8.37564
27 34 8.30092
27 35 1.65291
27 36 7.25613
27 37 7.96657
27 38 5.59441
27 39 1.1205
27 40 1.18161
27 41 0.0867
27 42 1.64561
27 43 5.46098
27 44 6.27355
27 45 3.09235
27 46 6.03267
27 47 3.7104
27 48 8.97999
27 49 5.73731
27 50 0.58623
27 51 7.17019
27 52 6.12123
27 53 4.4999
27 54 8.66717
27 55 1.22014
27 56 2.74791
27 57 6.41313
27 58 8.7494
27 59 3.07562
27 60 5.3853
27 61 7.37258
27 62 5.98642
27 63 8.5525
27 64 7.4256
27 65 8.52949
27 66 2.34016
27 67 2.42223
27 68 2.06519
27 69 7.74963
27 70 6.69699
27 71 7.40136
27 72 5.8674
27 73 3.5358
27 74 8.2558
27 75 7.94889
27 76 1.36373
27 77 0.5865
27 78 3.76904
27 79 4.23874
27 80 2.5453
27 81 8.9625
27 82 8.9303
27 83 2.23324
27 84 0.65287
27 85 7.40825
27 86 0.23265
27 87 8.24564
27 88 7.53952
27 89 6.6174
27 90 2.20332
27 91 6.01295
27 92 6.9375
27 93 1.92835
27 94 1.32282
27 95 2.1767
27 96 3.96349
27 97 3.60703
27 98 6.07005
27 99 8.87754
28 29 1.44761
28 30 6.74528
28 31 6.37301
28 32 7.63078
28 33 6.37575
28 34 3.18157
28 35 3.24862
28 36 7.69216
28 37 4.39392
28 38 6.81724
28 39 8.05453
28 40 5.49302
28 41 3.66918
28 42 7.29722
28 43 0.72926
28 44 4.76038
28 45 0.88544
28 46 4.44878
28 47 4.21651
28 48 2.24689
28 49 5.30935
28 50 6.32459
28 51 2.10457
28 52 8.80742
28 53 1.96138
28 54 2.82133
28 55 3.81657
28 56 4.714
28 57 1.43804
28 58 1.17504
28 59 4.37481
28 60 8.45177
28 61 0.46005
28 62 0.40735
28 63 2.78321
28 64 7.25028
28 65 6.48747
28 66 7.5376
28 67 8.84751
28 68 7.07519
28 69 7.58399
28 70 2.56576
28 71 0.96295
28 72 0.03806
28 73 0.29774
28 74 1.54004
28 75 6.60982
28 76 3.72757
28 77 1.53966
28 78 6.05642
28 79 6.78758
28 80 1.59122
28 81 5.97862
28 82 8.77715
28 83 3.29455
28 84 1.88734
28 85 3.01848
28 86 4.84638
28 87 6.8413
28 88 2.46869
28 89 6.60055
28 90 1.70645
28 91 2.55858
28 92 5.56936
28 93 1.63189
28 94 1.34399
28 95 0.24946
28 96 5.76877
28 97 1.02289
28 98 6.32216
28 99 2.0834
29 30 6.59697
29 31 4.27488
29 32 5.26802
29 33 5.26962
29 34 8.37831
29 35 1.76128
29 36 0.4648
29 37 8.7628
29 38 6.44314
29 39 0.14682
29 40 1.91306
29 41 7.32532
29 42 4.58449
29 43 6.13331
29 44 3.54455
29 45 7.56324
29 46 2.2157
29 47 0.32489
29 48 8.23358
29 49 4.43004
29 50 3.3935
29 51 2.74401
29 52 8.58592
29 53 0.55233
29 54 0.51395
29 55 0.72555
29 56 6.72837
29 57 0.58433
29 58 8.7356
29 59 2.64938
29 60 6.46024
29 61 2.24401
29 62 4.23459
29 63 2.12697
29 64 1.49078
29 65 8.1067
29 66 2.15941
29 67 8.01164
29 68 3.60929
29 69 6.68002
29 70 7.59262
29 71 0.6477
29 72 1.70609
29 73 6.42325
29 74 7.22387
29 75 6.11712
29 76 5.50179
29 77 2.85549
29 78 5.99891
29 79 4.0924
29 80 2.89083
29 81 1.19167
29 82 7.878
29 83 4.95843
29 84 0.96126
29 85 5.08274
29 86 1.30957
29 87 2.50225
29 88 8.78041
29 89 4.29259
29 90 2.13878
29 91 4.23582
29 92 6.98304
29 93 0.96221
29 94 3.72702
29 95 0.73777
29 96 7.39866
29 97 2.93333
29 98 0.69125
29 99 5.37207
30 31 4.66606
30 32 5.55605
30 33 7.22587
30 34 0.38885
30 35 3.28541
30 36 0.42718
30 37 3.33068
30 38 3.32086
30 39 6.0921
30 40 8.82932
30 41 2.86107
30 42 8.1878
30 43 0.57636
30 44 2.76544
30 45 5.73041
30 46 1.83611
30 47 4.34823
30 48 5.14134
30 49 0.05768
30 50 4.81999
30 51 2.74062
30 52 8.46041
30 53 3.99471
30 54 7.62424
30 55 3.26681
30 56 6.9581
30 57 0.69336
30 58 6.16618
30 59 2.01576
30 60 2.95544
30 61 1.88573
30 62 2.9819
30 63 1.51284
30 64 6.5996
30 65 6.71779
30 66 5.91289
30 67 3.52738
30 68 2.05368
30 69 7.5647
30 70 7.97635
30 71 5.41857
30 72 3.54063
30 73 7.88618
30 74 6.40581
30 75 8.38402
30 76 2.70392
30 77 0.94931
30 78 4.69736
30 79 5.41575
30 80 7.61634
30 81 0.22844
30 82 8.94338
30 83 5.21722
30 84 5.22196
30 85 7.74299
30 86 1.21465
30 87 6.62952
30 88 0.1506
30 89 2.84103
30 90 6.87845
30 91 4.86909
30 92 7.54116
30 93 0.04766
30 94 2.60807
30 95 2.06434
30 96 7.32594
30 97 4.20609
30 98 8.60277
30 99 1.56417
31 32 0.21845
31 33 2.19803
31 34 3.58887
31 35 6.65214
31 36 7.84712
31 37 7.50849
31 38 8.87298
31 39 7.46858
31 40 7.18852
31 41 7.98767
31 42 4.06833
31 43 1.51095
31 44 1.96951
31 45 7.98598
31 46 1.93218
31 47 0.77847
31 48 0.88932
31 49 3.67745
31 50 0.55231
31 51 0.62074
31 52 1.73097
31 53 6.27628
31 54 4.66321
31 55 5.9901
31 56 6.66017
31 57 7.68907
31 58 8.19915
31 59 8.17637
31 60 1.98056
31 61 6.91977
31 62 6.23021
31 63 8.42786
31 64 0.00282
31 65 1.38923
31 66 1.51078
31 67 3.99915
31 68 4.17936
31 69 3.47299
31 70 0.31004
31 71 3.17001
31 72 7.82833
31 73 7.54223
31 74 5.33301
31 75 2.83624
31 76 7.01725
31 77 6.70311
31 78 6.06893
31 79 7.75851
31 80 4.77453
31 81 0.08452
31 82 2.69611
31 83 0.21548
31 84 7.49914
31 85 3.69316
31 86 8.80923
31 87 0.40772
31 88 1.5002
31 89 6.67889
31 90 0.08753
31 91 4.94704
31 92 6.83342
31 93 5.92602
31 94 0.19134
31 95 4.53908
31 96 4.17904
31 97 4.51143
31 98 4.97343
31 99 2.26918
32 33 0.65264
32 34 2.47829
32 35 2.05751
32 36 7.24652
32 37 1.50432
32 38 4.80729
32 39 2.6267
32 40 0.74797
32 41 7.39668
32 42 2.60968
32 43 6.59324
32 44 0.68693
32 45 2.04739
32 46 4.436
32 47 8.67044
32 48 4.09615
32 49 6.42148
32 50 6.99192
32 51 6.44737
32 52 0.82031
32 53 7.40894
32 54 6.90238
32 55 2.03262
32 56 2.94449
32 57 2.58571
32 58 7.25314
32 59 1.94702
32 60 8.74312
32 61 4.37458
32 62 4.96444
32 63 4.74863
32 64 0.9531
32 65 4.24466
32 66 8.60998
32 67 7.75374
32 68 4.74769
32 69 5.03413
32 70 7.43945
32 71 5.99058
32 72 4.5179
32 73 2.45983
32 74 4.21239
32 75 6.43641
32 76 6.45431
32 77 7.35819
32 78 8.22864
32 79 3.17493
32 80 2.97298
32 81 7.80459
32 82 4.53671
32 83 0.87714
32 84 1.30939
32 85 8.12536
32 86 3.16671
32 87 8.99728
32 88 4.70404
32 89 1.34766
32 90 6.04373
32 91 1.14588
32 92 5.88516
32 93 0.5146
32 94 2.49342
32 95 5.56297
32 96 2.34646
32 97 2.56526
32 98 6.36791
32 99 0.17006
33 34 1.54116
33 35 0.36513
33 36 4.94032
33 37 2.40554
33 38 1.84023
33 39 2.6581
33 40 1.67778
33 41 5.72255
33 42 4.06416
33 43 0.56423
33 44 2.66788
33 45 3.65084
33 46 3.12531
33 47 7.48021
33 48 2.82051
33 49 3.78992
33 50 1.28323
33 51 6.75945
33 52 0.85025
33 53 7.21329
33 54 7.87968
33 55 1.17359
33 56 0.93909
33 57 0.72881
33 58 1.66964
33 59 4.17412
33 60 4.30702
33 61 0.42311
33 62 4.98249
33 63 5.59717
33 64 0.11196
33 65 5.13048
33 66 0.16027
33 67 1.97502
33 68 3.26687
33 69 5.40945
33 70 5.56955
33 71 3.71005
33 72 7.60249
33 73 6.02783
33 74 3.367
33 75 0.63416
33 76 4.24791
33 77 7.99946
33 78 4.86709
33 79 1.0389
33 80 2.76766
33 81 5.00036
33 82 5.75811
33 83 8.12037
33 84 8.26468
33 85 7.9209
33 86 1.13426
33 87 6.4057
33 88 1.19366
33 89 2.57938
33 90 8.089
33 91 7.84003
33 92 5.23555
33 93 1.31749
33 94 4.12455
33 95 7.18138
33 96 7.09772
33 97 2.32369
33 98 0.02444
33 99 1.2712
34 35 7.22942
34 36 5.57126
34 37 8.24279
34 38 2.62759
34 39 6.73342
34 40 3.80811
34 41 0.42309
34 42 0.83686
34 43 8.01068
34 44 0.25839
34 45 5.67187
34 46 3.22586
34 47 2.17275
34 48 3.5418
34 49 7.4039
34 50 3.22753
34 51 7.01318
34 52 7.0948
34 53 5.52326
34 54 8.28838
34 55 5.7513
34 56 1.92758
34 57 0.13665
34 58 8.23924
34 59 3.19039
34 60 5.27367
34 61 4.92353
34 62 7.43663
34 63 3.76853
34 64 5.73624
34 65 6.80261
34 66 2.56741
34 67 5.78691
34 68 7.53916
34 69 8.9426
34 70 2.44705
34 71 8.38843
34 72 3.43234
34 73 1.65734
34 74 4.9472
34 75 0.08188
34 76 0.43133
34 77 2.4613
34 78 3.11189
34 79 5.28766
34 80 4.06221
34 81 8.45259
34 82 0.47267
34 83 2.89141
34 84 1.6434
34 85 1.05385
34 86 0.9803
34 87 0.51525
34 88 4.03137
34 89 1.22399
34 90 1.9805
34 91 1.4798
34 92 4.447
34 93 2.98529
34 94 3.4621
34 95 7.20362
34 96 2.97612
34 97 7.28437
34 98 1.44862
34 99 7.14322
35 36 1.81055
35 37 4.99043
35 38 2.76022
35 39 0.72518
35 40 4.09962
35 41 3.21235
35 42 7.24595
35 43 5.1506
35 44 5.86172
35 45 5.7749
35 46 1.46459
35 47 6.46655
35 48 6.09644
35 49 5.71103
35 50 4.31918
35 51 7.47089
35 52 3.47248
35 53 2.40227
35 54 6.91705
35 55 8.16534
35 56 0.10737
35 57 1.33262
35 58 5.4215
35 59 2.05084
35 60 6.93777
35 61 5.88534
35 62 6.99938
35 63 7.09249
35 64 5.98978
35 65 2.89664
35 66 2.84542
35 67 6.63852
35 68 7.18419
35 69 2.79854
35 70 8.88136
35 71 8.57762
35 72 2.53747
35 73 1.30795
35 74 1.11533
35 75 1.70557
35 76 8.39781
35 77 3.41397
35 78 5.80993
35 79 5.9993
35 80 6.10913
35 81 3.13364
35 82 5.30929
35 83 1.47809
35 84 2.44439
35 85 5.89554
35 86 2.69606
35 87 4.59343
35 88 0.07727
35 89 3.8864
35 90 7.78268
35 91 4.03543
35 92 2.66583
35 93 3.32309
35 94 4.60933
35 95 8.45538
35 96 5.13289
35 97 4.17404
35 98 4.43171
35 99 1.42112
36 37 1.57937
36 38 3.42117
36 39 1.8569
36 40 0.82051
36 41 1.88683
36 42 2.34713
36 43 3.3631
36 44 8.59338
36 45 2.58468
36 46 7.24829
36 47 0.38275
36 48 8.0957
36 49 8.56633
36 50 0.45481
36 51 1.00782
36 52 6.90578
36 53 6.98338
36 54 2.4805
36 55 0.98532
36 56 3.66607
36 57 3.69206
36 58 0.34331
36 59 3.3911
36 60 0.27855
36 61 5.039
36 62 6.99715
36 63 1.26674
36 64 2.8202
36 65 1.52557
36 66 2.42863
36 67 6.83349
36 68 3.56457
36 69 2.68255
36 70 3.4924
36 71 0.57463
36 72 8.90949
36 73 6.58607
36 74 2.97787
36 75 7.33835
36 76 3.0116
36 77 2.80764
36 78 8.6998
36 79 5.32967
36 80 4.62995
36 81 5.86077
36 82 2.86427
36 83 2.2175
36 84 7.58773
36 85 4.81221
36 86 7.06194
36 87 3.51484
36 88 2.41854
36 89 8.14823
36 90 1.85303
36 91 0.6683
36 92 6.59976
36 93 1.03753
36 94 6.72759
36 95 5.6667
36 96 6.94851
36 97 3.65396
36 98 2.66805
36 99 0.81291
37 38 8.19471
37 39 2.42825
37 40 7.01093
37 41 0.338
37 42 6.66015
37 43 2.90881
37 44 7.23056
37 45 5.25944
37 46 7.75022
37 47 3.29535
37 48 3.1994
37 49 3.69771
37 50 0.13316
37 51 2.86459
37 52 8.2121
37 53 2.00857
37 54 0.1265
37 55 6.99167
37 56 4.49508
37 57 0.47666
37 58 8.01507
37 59 4.462
37 60 0.00037
37 61 5.80493
37 62 3.50579
37 63 4.52616
37 64 7.51427
37 65 2.04646
37 66 8.45592
37 67 1.2643
37 68 5.65743
37 69 1.85388
37 70 5.3263
37 71 6.56752
37 72 7.86537
37 73 4.59013
37 74 3.85313
37 75 3.65101
37 76 7.22944
37 77 2.78479
37 78 7.26831
37 79 5.27848
37 80 2.09808
37 81 2.72007
37 82 3.02352
37 83 6.13155
37 84 7.58688
37 85 0.38386
37 86 1.36726
37 87 4.09297
37 88 5.30967
37 89 8.01192
37 90 6.30844
37 91 1.04464
37 92 6.85493
37 93 7.92578
37 94 8.53923
37 95 0.24298
37 96 1.23769
37 97 0.32463
37 98 0.66418
37 99 8.31071
38 39 5.13374
38 40 2.81859
38 41 5.38296
38 42 5.52291
38 43 1.93497
38 44 3.33491
38 45 5.50627
38 46 1.78281
38 47 5.20581
38 48 5.44943
38 49 2.08389
38 50 8.76588
38 51 8.97259
38 52 8.2203
38 53 0.45819
38 54 4.8378
38 55 8.83872
38 56 0.38102
38 57 6.92562
38 58 0.09099
38 59 4.611
38 60 2.80916
38 61 2.14474
38 62 5.17613
38 63 3.31943
38 64 2.08556
38 65 4.07494
38 66 7.45019
38 67 7.49556
38 68 2.84184
38 69 7.73023
38 70 1.10685
38 71 8.57357
38 72 3.61418
38 73 4.65312
38 74 2.88377
38 75 8.26653
38 76 5.02561
38 77 8.39224
38 78 2.19353
38 79 5.49824
38 80 7.33061
38 81 6.62481
38 82 2.39739
38 83 2.59064
38 84 6.28779
38 85 7.3419
38 86 6.24007
38 87 4.16357
38 88 0.69803
38 89 7.73463
38 90 2.60424
38 91 5.64307
38 92 2.71949
38 93 6.6073
38 94 0.09251
38 95 1.07528
38 96 2.75412
38 97 7.90757
38 98 4.95715
38 99 0.4616
39 40 5.71216
39 41 6.4313
39 42 1.68317
39 43 6.73211
39 44 6.77468
39 45 0.3593
39 46 6.41393
39 47 2.31121
39 48 0.69896
39 49 8.79231
39 50 4.27641
39 51 2.53396
39 52 3.559
39 53 7.45431
39 54 6.0093
39 55 8.04758
39 56 8.14166
39 57 3.99283
39 58 6.89439
39 59 7.26115
39 60 0.17602
39 61 5.48187
39 62 2.87681
39 63 4.07929
39 64 8.22154
39 65 3.59493
39 66 5.50625
39 67 8.27079
39 68 0.03841
39 69 8.26416
39 70 0.3536
39 71 2.43967
39 72 8.01888
39 73 5.30191
39 74 3.82403
39 75 0.33886
39 76 3.11901
39 77 2.39944
39 78 5.88401
39 79 8.9256
39 80 1.29547
39 81 5.12781
39 82 7.48714
39 83 6.70224
39 84 3.63683
39 85 0.89615
39 86 8.30226
39 87 8.42722
39 88 2.36939
39 89 4.10064
39 90 2.17247
39 91 2.23796
39 92 6.52354
39 93 2.92593
39 94 5.54834
39 95 2.89454
39 96 2.58674
39 97 5.28338
39 98 6.498
39 99 6.19728
40 41 2.60878
40 42 6.45792
40 43 8.41192
40 44 4.11746
40 45 5.35052
40 46 3.11228
40 47 6.74285
40 48 1.90734
40 49 2.67127
40 50 7.34324
40 51 6.49453
40 52 3.05547
40 53 6.07027
40 54 1.49812
40 55 5.1693
40 56 8.00271
40 57 4.2131
40 58 2.54607
40 59 8.07124
40 60 5.9541
40 61 4.86979
40 62 5.61677
40 63 3.1944
40 64 6.77134
40 65 6.42262
40 66 3.57099
40 67 1.57976
40 68 4.26055
40 69 2.48717
40 70 5.56751
40 71 7.51548
40 72 2.52607
40 73 1.05401
40 74 3.44961
40 75 4.00382
40 76 4.76906
40 77 8.99918
40 78 2.58547
40 79 5.06136
40 80 2.26003
40 81 5.35519
40 82 1.51529
40 83 0.01496
40 84 0.58349
40 85 4.56942
40 86 0.14631
40 87 1.72681
40 88 7.23744
40 89 2.08392
40 90 0.57717
40 91 8.10411
40 92 8.75401
40 93 2.98446
40 94 0.05939
40 95 0.7058
40 96 8.20965
40 97 4.50254
40 98 4.39321
40 99 7.66437
41 42 4.69892
41 43 8.3262
41 44 0.92506
41 45 7.21951
41 46 7.03165
41 47 8.28678
41 48 7.72759
41 49 1.28045
41 50 3.55984
41 51 2.14289
41 52 1.59731
41 53 4.61492
41 54 2.03967
41 55 7.72379
41 56 3.51736
41 57 3.53755
41 58 5.6143
41 59 0.25177
41 60 0.30203
41 61 1.95048
41 62 5.63164
41 63 0.99062
41 64 7.52525
41 65 7.33623
41 66 4.74607
41 67 0.60102
41 68 0.80605
41 69 6.86278
41 70 0.65511
41 71 3.87428
41 72 0.21891
41 73 2.20035
41 74 1.30919
41 75 3.30554
41 76 2.49978
41 77 8.53459
41 78 6.29493
41 79 3.77104
41 80 7.14779
41 81 0.07291
41 82 6.66343
41 83 8.72325
41 84 1.06916
41 85 1.91391
41 86 3.30243
41 87 1.15994
41 88 7.16882
41 89 3.32964
41 90 3.74844
41 91 7.67414
41 92 6.146
41 93 8.60549
41 94 3.23917
41 95 5.93065
41 96 1.41512
41 97 6.83757
41 98 0.91961
41 99 6.65882
42 43 1.0556
42 44 4.88145
42 45 4.46102
42 46 7.1339
42 47 7.82983
42 48 3.7711
42 49 6.03644
42 50 0.37489
42 51 3.92347
42 52 8.37551
42 53 8.06017
42 54 1.88105
42 55 6.35229
42 56 4.89481
42 57 6.34938
42 58 8.56224
42 59 0.57953
42 60 1.38403
42 61 6.80123
42 62 5.5027
42 63 6.81876
42 64 2.56417
42 65 2.24444
42 66 7.8995
42 67 5.57795
42 68 1.94429
42 69 3.30568
42 70 1.67349
42 71 1.70439
42 72 5.81812
42 73 6.14127
42 74 6.93695
42 75 6.65887
42 76 2.46149
42 77 7.45141
42 78 7.46185
42 79 2.71567
42 80 6.36769
42 81 8.0492
42 82 1.00593
42 83 8.52763
42 84 6.21778
42 85 0.13687
42 86 1.15086
42 87 6.52389
42 88 0.34162
42 89 2.00796
42 90 8.27479
42 91 6.37107
42 92 0.17704
42 93 4.15816
42 94 4.87598
42 95 8.42329
42 96 7.50792
42 97 2.40958
42 98 2.61056
42 99 3.53326
43 44 1.57749
43 45 2.87498
43 46 4.21452
43 47 5.26313
43 48 3.72186
43 49 5.18086
43 50 1.28303
43 51 5.2635
43 52 5.818
43 53 1.18015
43 54 0.22268
43 55 6.95
43 56 0.22428
43 57 2.25002
43 58 8.19392
43 59 4.91538
43 60 8.80335
43 61 7.35313
43 62 2.62678
43 63 4.23651
43 64 1.7514
43 65 2.13157
43 66 3.34718
43 67 6.59549
43 68 8.27172
43 69 1.2866
43 70 6.34702
43 71 8.97436
43 72 6.06821
43 73 8.76444
43 74 8.44242
43 75 1.15418
43 76 2.1116
43 77 1.91746
43 78 6.37264
43 79 6.95102
43 80 0.68533
43 81 7.26168
43 82 6.39589
43 83 7.44409
43 84 3.32913
43 85 2.74813
43 86 0.90771
43 87 4.19209
43 88 2.61627
43 89 5.60286
43 90 5.3066
43 91 5.00261
43 92 4.81227
43 93 5.69625
43 94 8.26748
43 95 7.13688
43 96 4.42032
43 97 8.84893
43 98 5.75672
43 99 6.85492
44 45 5.84134
44 46 2.62952
44 47 8.37934
44 48 3.91941
44 49 3.50097
44 50 6.8403
44 51 3.90969
44 52 0.08979
44 53 8.00997
44 54 2.69015
44 55 1.2354
44 56 6.5791
44 57 4.44016
44 58 3.3371
44 59 5.47336
44 60 1.81888
44 61 3.10954
44 62 1.07009
44 63 0.55923
44 64 0.14212
44 65 7.2542
44 66 6.86818
44 67 5.76773
44 68 2.73239
44 69 1.76764
44 70 6.07473
44 71 7.84947
44 72 7.47646
44 73 7.20108
44 74 4.48521
44 75 8.30387
44 76 6.71666
44 77 1.54955
44 78 2.74918
44 79 1.06561
44 80 5.78867
44 81 7.17606
44 82 6.63631
44 83 3.24332
44 84 4.36973
44 85 4.88375
44 86 8.49921
44 87 5.3569
44 88 8.00668
44 89 0.81835
44 90 0.21325
44 91 4.53757
44 92 4.28036
44 93 8.64667
44 94 2.25926
44 95 1.5804
44 96 6.78379
44 97 0.14268
44 98 6.75851
44 99 7.40276
45 46 5.47117
45 47 6.85522
45 48 3.61237
45 49 8.1093
45 50 8.72216
45 51 0.07271
45 52 3.73773
45 53 3.62979
45 54 2.36741
45 55 1.80945
45 56 5.9798
45 57 0.45758
45 58 3.65486
45 59 3.39976
45 60 6.57383
45 61 8.47846
45 62 0.22879
45 63 8.7559
45 64 7.3595
45 65 3.43895
45 66 2.74032
45 67 4.93574
45 68 3.14569
45 69 7.74127
45 70 4.71631
45 71 2.44239
45 72 8.3833
45 73 8.07399
45 74 4.64275
45 75 1.71895
45 76 2.15637
45 77 1.02862
45 78 4.35173
45 79 7.99281
45 80 3.80328
45 81 3.58974
45 82 8.79786
45 83 4.22007
45 84 4.8632
45 85 5.23263
45 86 0.13242
45 87 2.00236
45 88 5.68428
45 89 0.2355
45 90 8.93713
45 91 3.52704
45 92 2.93805
45 93 4.54093
45 94 4.85021
45 95 2.28062
45 96 0.96354
45 97 6.32703
45 98 8.65871
45 99 5.23971
46 47 1.64331
46 48 7.43346
46 49 6.5212
46 50 1.95042
46 51 1.10452
46 52 8.33892
46 53 4.42946
46 54 8.82101
46 55 6.88841
46 56 5.48555
46 57 6.30041
46 58 4.41789
46 59 5.33766
46 60 4.51161
46 61 3.79276
46 62 2.56273
46 63 8.89199
46 64 0.73648
46 65 6.42788
46 66 3.55499
46 67 3.14029
46 68 7.7772
46 69 1.53912
46 70 3.74757
46 71 1.36074
46 72 6.15713
46 73 5.71192
46 74 0.51439
46 75 6.53664
46 76 8.35383
46 77 0.89896
46 78 7.51805
46 79 2.7982
46 80 4.67333
46 81 8.38948
46 82 2.84973
46 83 5.85818
46 84 4.20605
46 85 5.84789
46 86 0.65549
46 87 2.5053
46 88 2.09579
46 89 3.19218
46 90 2.27534
46 91 7.87618
46 92 4.26104
46 93 8.55614
46 94 2.65745
46 95 2.69024
46 96 1.86997
46 97 4.75483
46 98 8.73141
46 99 5.34039
47 48 3.40371
47 49 8.49673
47 50 5.13343
47 51 5.08048
47 52 2.25343
47 53 3.93452
47 54 8.09071
47 55 8.96267
47 56 4.01392
47 57 5.20473
47 58 0.94902
47 59 7.85945
47 60 7.4617
47 61 7.63482
47 62 2.67277
47 63 6.65353
47 64 1.78127
47 65 4.39219
47 66 5.06714
47 67 3.6925
47 68 3.38922
47 69 5.42886
47 70 1.09659
47 71 7.67595
47 72 7.68917
47 73 3.09386
47 74 3.11776
47 75 4.71241
47 76 4.7577
47 77 2.48455
47 78 3.46177
47 79 0.43545
47 80 0.76652
47 81 4.04245
47 82 0.14007
47 83 8.2893
47 84 6.06073
47 85 0.91122
47 86 4.84585
47 87 5.73179
47 88 4.64202
47 89 1.60664
47 90 7.24797
47 91 3.053
47 92 6.48776
47 93 5.30166
47 94 2.02592
47 95 6.06691
47 96 5.81907
47 97 1.65093
47 98 3.67121
47 99 8.81343
48 49 1.38559
48 50 4.82659
48 51 5.55418
48 52 2.23841
48 53 1.60996
48 54 0.24125
48 55 7.65882
48 56 2.23649
48 57 4.47383
48 58 5.88207
48 59 4.07647
48 60 7.56828
48 61 4.94994
48 62 4.18381
48 63 0.23343
48 64 5.24323
48 65 5.07119
48 66 7.60483
48 67 6.39363
48 68 6.73431
48 69 7.59474
48 70 2.21578
48 71 5.46841
48 72 0.59667
48 73 2.21809
48 74 1.80354
48 75 8.16342
48 76 5.85509
48 77 7.95712
48 78 8.66406
48 79 0.66977
48 80 4.84443
48 81 4.51271
48 82 5.69858
48 83 0.33045
48 84 6.68203
48 85 4.71607
48 86 1.27457
48 87 7.17876
48 88 4.74998
48 89 3.63193
48 90 7.54367
48 91 3.53378
48 92 7.15786
48 93 6.61336
48 94 5.28082
48 95 5.8064
48 96 1.17952
48 97 4.89739
48 98 5.31802
48 99 5.84305
49 50 0.25132
49 51 0.66011
49 52 4.05005
49 53 6.45832
49 54 7.52345
49 55 2.70331
49 56 0.7813
49 57 2.98744
49 58 7.67001
49 59 5.37056
49 60 1.40795
49 61 3.16103
49 62 6.40372
49 63 0.39564
49 64 2.3978
49 65 2.25294
49 66 2.7999
49 67 7.21606
49 68 1.84228
49 69 0.87509
49 70 8.33768
49 71 7.20117
49 72 0.11368
49 73 3.13456
49 74 2.64249
49 75 1.77063
49 76 7.42512
49 77 3.12883
49 78 0.82932
49 79 5.7414
49 80 2.07025
49 81 3.30817
49 82 4.39211
49 83 6.54913
49 84 0.48905
49 85 2.63884
49 86 7.97932
49 87 7.52487
49 88 7.90467
49 89 5.29337
49 90 3.43068
49 91 8.05202
49 92 4.37016
49 93 0.72762
49 94 3.95243
49 95 3.50117
49 96 7.84124
49 97 8.54444
49 98 4.90136
49 99 0.77409
50 51 5.69939
50 52 3.04798
50 53 5.8628
50 54 3.47576
50 55 7.41409
50 56 7.19952
50 57 8.74106
50 58 5.03995
50 59 5.00882
50 60 8.66009
50 61 7.60273
50 62 0.99934
50 63 5.51575
50 64 6.3218
50 65 7.64874
50 66 3.88172
50 67 8.22872
50 68 5.58122
50 69 0.4204
50 70 1.66995
50 71 2.99938
50 72 4.17893
50 73 4.61301
50 74 1.00969
50 75 5.47007
50 76 6.21215
50 77 6.91868
50 78 1.74448
50 79 8.13994
50 80 2.3921
50 81 5.91336
50 82 8.54713
50 83 2.33113
50 84 1.44535
50 85 8.15875
50 86 1.30195
50 87 7.04643
50 88 6.43187
50 89 3.91688
50 90 4.37031
50 91 7.22619
50 92 4.59665
50 93 3.69321
50 94 6.46091
50 95 7.40646
50 96 4.72892
50 97 6.00884
50 98 1.19253
50 99 1.56512
51 52 7.46861
51 53 3.10446
51 54 0.19085
51 55 5.78797
51 56 2.33366
51 57 2.19283
51 58 8.56289
51 59 1.56451
51 60 7.09051
51 61 1.06482
51 62 6.68527
51 63 0.29739
51 64 2.86768
51 65 3.34969
51 66 6.9808
51 67 3.65987
51 68 4.83468
51 69 2.98858
51 70 5.86816
51 71 7.52654
51 72 2.24846
51 73 2.5566
51 74 3.57126
51 75 6.30194
51 76 3.55163
51 77 2.79108
51 78 0.20433
51 79 6.77455
51 80 6.60127
51 81 8.55114
51 82 2.53415
51 83 3.70069
51 84 8.7987
51 85 8.87549
51 86 6.08867
51 87 6.53083
51 88 1.07468
51 89 6.32202
51 90 4.71347
51 91 8.83082
51 92 6.98075
51 93 7.20877
51 94 7.29901
51 95 1.9092
51 96 5.21219
51 97 3.90315
51 98 7.73471
51 99 2.51725
52 53 8.08038
52 54 4.58514
52 55 7.60366
52 56 2.32298
52 57 5.76312
52 58 5.6251
52 59 5.53279
52 60 3.15325
52 61 1.88689
52 62 3.72094
52 63 1.57969
52 64 4.87525
52 65 7.91353
52 66 6.28254
52 67 1.78528
52 68 8.89897
52 69 0.69899
52 70 1.05127
52 71 2.17495
52 72 3.65024
52 73 2.64272
52 74 0.33537
52 75 1.77405
52 76 4.19982
52 77 3.3902
52 78 6.48965
52 79 8.85007
52 80 0.33748
52 81 1.68285
52 82 7.0121
52 83 6.7255
52 84 2.86945
52 85 6.32471
52 86 5.51574
52 87 1.3649
52 88 3.1053
52 89 2.11408
52 90 4.89237
52 91 7.39983
52 92 0.16527
52 93 4.7438
52 94 5.29284
52 95 2.50643
52 96 0.22425
52 97 1.63794
52 98 5.10718
52 99 1.42338
53 54 0.70964
53 55 6.93571
53 56 1.81681
53 57 1.75541
53 58 1.85675
53 59 3.97743
53 60 1.85157
53 61 7.24367
53 62 5.65008
53 63 2.42757
53 64 8.94331
53 65 2.49055
53 66 4.34831
53 67 0.67734
53 68 5.78579
53 69 0.37987
53 70 3.73169
53 71 5.86854
53 72 3.033
53 73 4.98766
53 74 0.94346
53 75 4.14351
53 76 3.71889
53 77 4.36562
53 78 3.47432
53 79 3.78034
53 80 1.62581
53 81 0.17448
53 82 2.86485
53 83 3.02179
53 84 3.79947
53 85 4.21082
53 86 4.83422
53 87 1.25566
53 88 6.38053
53 89 1.30323
53 90 3.5956
53 91 3.53356
53 92 0.59833
53 93 4.21666
53 94 1.83116
53 95 4.22575
53 96 6.9991
53 97 6.60418
53 98 3.5382
53 99 6.04156
54 55 4.85022
54 56 7.27957
54 57 6.87733
54 58 1.4244
54 59 3.8757
54 60 5.78775
54 61 2.72527
54 62 6.69544
54 63 7.60176
54 64 8.70941
54 65 6.64409
54 66 2.28278
54 67 6.37954
54 68 4.02128
54 69 5.44153
54 70 7.60489
54 71 5.86537
54 72 7.43161
54 73 4.22166
54 74 5.19962
54 75 6.56521
54 76 3.66612
54 77 2.52352
54 78 2.78188
54 79 3.31681
54 80 6.73409
54 81 0.7494
54 82 1.98088
54 83 4.31694
54 84 8.3324
54 85 4.96808
54 86 2.78492
54 87 7.29352
54 88 2.11364
54 89 1.08605
54 90 4.49091
54 91 5.12892
54 92 1.65221
54 93 0.15802
54 94 8.36255
54 95 8.38517
54 96 4.82499
54 97 4.00077
54 98 7.30687
54 99 6.3114
55 56 5.85212
55 57 4.23055
55 58 3.925
55 59 2.35244
55 60 4.63682
55 61 7.11228
55 62 8.55982
55 63 0.86535
55 64 2.25625
55 65 7.22483
55 66 6.87212
55 67 7.34552
55 68 4.45837
55 69 7.14601
55 70 8.03615
55 71 1.7554
55 72 3.72844
55 73 4.79381
55 74 0.77053
55 75 8.77835
55 76 3.83587
55 77 1.67536
55 78 2.94051
55 79 4.5883
55 80 5.0443
55 81 7.07298
55 82 6.03405
55 83 4.35919
55 84 3.16004
55 85 2.73982
55 86 6.23003
55 87 1.8814
55 88 7.70495
55 89 7.05986
55 90 1.63086
55 91 8.22619
55 92 2.86412
55 93 2.00031
55 94 3.32086
55 95 7.92431
55 96 3.09656
55 97 1.94002
55 98 4.74793
55 99 2.00451
56 57 0.58761
56 58 7.74452
56 59 7.05943
56 60 6.07293
56 61 8.68923
56 62 0.96464
56 63 8.09481
56 64 6.41663
56 65 4.00819
56 66 2.41212
56 67 6.17183
56 68 7.95587
56 69 6.45198
56 70 7.55229
56 71 5.72326
56 72 8.86809
56 73 1.55087
56 74 0.00028
56 75 3.16391
56 76 2.15098
56 77 5.92749
56 78 7.73667
56 79 7.49269
56 80 0.36159
56 81 2.5633
56 82 1.62153
56 83 2.57306
56 84 4.28518
56 85 4.85779
56 86 8.81346
56 87 4.67791
56 88 5.86131
56 89 6.99743
56 90 4.05935
56 91 8.2751
56 92 7.39645
56 93 4.09231
56 94 4.31941
56 95 2.84749
56 96 5.3679
56 97 5.85733
56 98 7.95193
56 99 0.92364
57 58 4.60399
57 59 3.24621
57 60 0.45913
57 61 4.00826
57 62 2.15459
57 63 5.98984
57 64 0.96578
57 65 1.97548
57 66 4.72876
57 67 7.179
57 68 7.13311
57 69 3.82978
57 70 6.50876
57 71 0.48041
57 72 6.24012
57 73 4.4164
57 74 4.64767
57 75 8.9905
57 76 1.08211
57 77 3.84171
57 78 5.20087
57 79 0.03614
57 80 6.65008
57 81 7.0011
57 82 6.15294
57 83 3.33901
57 84 8.22602
57 85 5.26842
57 86 5.71347
57 87 7.60706
57 88 5.13411
57 89 0.6284
57 90 4.93605
57 91 3.36444
57 92 5.03277
57 93 8.79457
57 94 7.80857
57 95 8.84846
57 96 5.54807
57 97 4.09972
57 98 5.46425
57 99 7.09871
58 59 6.16949
58 60 7.0622
58 61 2.47238
58 62 3.68706
58 63 7.37909
58 64 7.98831
58 65 0.69224
58 66 6.02854
58 67 0.01709
58 68 4.51275
58 69 7.21118
58 70 4.40583
58 71 2.37686
58 72 6.85092
58 73 2.28205
58 74 8.2415
58 75 0.1531
58 76 2.42854
58 77 8.64177
58 78 8.92238
58 79 2.32118
58 80 1.29553
58 81 3.66984
58 82 4.80538
58 83 4.67329
58 84 7.29964
58 85 6.67235
58 86 4.97711
58 87 8.26837
58 88 6.04912
58 89 0.20081
58 90 5.21268
58 91 5.93057
58 92 0.33916
58 93 7.8218
58 94 4.41571
58 95 2.17419
58 96 8.47742
58 97 4.37537
58 98 5.65847
58 99 8.25631
59 60 4.868
59 61 2.79573
59 62 4.74422
59 63 8.70065
59 64 8.47868
59 65 8.94385
59 66 7.01645
59 67 3.7792
59 68 6.14471
59 69 6.84487
59 70 2.76534
59 71 0.46416
59 72 3.07868
59 73 6.41657
59 74 6.43449
59 75 8.3758
59 76 1.68534
59 77 4.19024
59 78 6.41319
59 79 3.47968
59 80 2.36547
59 81 6.30098
59 82 1.69608
59 83 1.55785
59 84 2.79602
59 85 8.34813
59 86 4.60591
59 87 7.318
59 88 5.78823
59 89 5.64404
59 90 1.19931
59 91 0.85456
59 92 4.69547
59 93 4.97564
59 94 6.9864
59 95 4.38032
59 96 6.17107
59 97 3.14637
59 98 5.58513
59 99 2.38832
60 61 4.42521
60 62 6.7236
60 63 8.8366
60 64 2.75916
60 65 6.9002
60 66 7.0699
60 67 4.42807
60 68 8.26934
60 69 6.94221
60 70 6.07834
60 71 4.5142
60 72 8.44391
60 73 8.19618
60 74 7.21348
60 75 5.86693
60 76 0.64304
60 77 4.75273
60 78 1.15722
60 79 7.04082
60 80 5.87078
60 81 3.60913
60 82 8.40807
60 83 6.88096
60 84 8.52614
60 85 3.28168
60 86 3.6547
60 87 4.49864
60 88 4.56563
60 89 0.29556
60 90 4.36296
60 91 0.08399
60 92 4.90279
60 93 0.84509
60 94 2.77709
60 95 4.0752
60 96 3.66386
60 97 6.09779
60 98 4.51463
60 99 2.59313
61 62 3.44717
61 63 8.16636
61 64 8.62896
61 65 5.33275
61 66 6.52164
61 67 1.96899
61 68 0.75185
61 69 0.83293
61 70 8.41225
61 71 0.91328
61 72 5.07961
61 73 4.19778
61 74 5.29909
61 75 7.32338
61 76 4.5482
61 77 7.20817
61 78 3.8987
61 79 5.72257
61 80 5.59812
61 81 7.23865
61 82 6.02447
61 83 5.82851
61 84 0.3463
61 85 2.03587
61 86 4.20095
61 87 5.37158
61 88 6.89125
61 89 0.31408
61 90 1.03542
61 91 1.88101
61 92 5.64694
61 93 3.6453
61 94 7.66842
61 95 7.23049
61 96 0.86593
61 97 4.07131
61 98 8.29255
61 99 8.1792
62 63 1.19812
62 64 1.56693
62 65 2.66242
62 66 5.93663
62 67 5.91214
62 68 4.22702
62 69 0.77551
62 70 1.43121
62 71 7.68937
62 72 5.84881
62 73 5.23316
62 74 0.94688
62 75 2.02277
62 76 7.35051
62 77 2.05478
62 78 5.73409
62 79 2.99331
62 80 4.95856
62 81 8.12282
62 82 8.22421
62 83 3.27242
62 84 1.42394
62 85 8.17106
62 86 0.9642
62 87 4.72164
62 88 2.4923
62 89 1.99778
62 90 1.85109
62 91 8.87021
62 92 7.28868
62 93 7.9465
62 94 5.38371
62 95 1.2557
62 96 0.06036
62 97 4.05682
62 98 0.08712
62 99 3.42379
63 64 6.66554
63 65 0.83056
63 66 4.08158
63 67 7.29389
63 68 1.17191
63 69 1.22445
63 70 0.56687
63 71 5.01526
63 72 5.0867
63 73 6.18151
63 74 6.39837
63 75 5.52645
63 76 8.38949
63 77 6.72055
63 78 0.53812
63 79 6.945
63 80 0.47188
63 81 7.12685
63 82 1.8773
63 83 5.37648
63 84 7.67632
63 85 7.21583
63 86 7.16328
63 87 0.69612
63 88 6.98377
63 89 0.55877
63 90 1.20736
63 91 1.78862
63 92 5.50712
63 93 0.70225
63 94 5.67292
63 95 4.72338
63 96 0.77772
63 97 5.68529
63 98 5.90219
63 99 2.19907
64 65 7.2375
64 66 2.57553
64 67 3.57986
64 68 0.22698
64 69 0.88467
64 70 4.15986
64 71 5.57647
64 72 1.22554
64 73 6.58114
64 74 5.29503
64 75 4.4843
64 76 1.83705
64 77 2.74382
64 78 7.94473
64 79 6.75729
64 80 5.82941
64 81 8.98458
64 82 5.20251
64 83 7.28401
64 84 1.41313
64 85 6.14019
64 86 0.18837
64 87 1.42712
64 88 4.52023
64 89 8.36117
64 90 8.09756
64 91 5.00676
64 92 4.18003
64 93 3.04968
64 94 0.45425
64 95 6.63773
64 96 1.65238
64 97 7.6451
64 98 2.74543
64 99 1.91
65 66 0.34832
65 67 6.67072
65 68 2.11106
65 69 4.60476
65 70 4.87495
65 71 5.17586
65 72 3.48748
65 73 8.66144
65 74 2.58232
65 75 4.35608
65 76 7.19926
65 77 4.81328
65 78 8.96851
65 79 2.71803
65 80 3.99056
65 81 6.42586
65 82 5.06032
65 83 2.55678
65 84 0.40643
65 85 2.05307
65 86 3.16983
65 87 0.34514
65 88 7.21871
65 89 5.88574
65 90 4.44097
65 91 1.3003
65 92 8.122
65 93 5.77256
65 94 2.64679
65 95 1.71028
65 96 2.79584
65 97 1.95518
65 98 0.50442
65 99 7.85061
66 67 0.16716
66 68 5.29243
66 69 8.2782
66 70 2.03344
66 71 8.26191
66 72 4.71829
66 73 6.88888
66 74 5.11962
66 75 7.7519
66 76 3.29978
66 77 4.45975
66 78 2.03033
66 79 5.91428
66 80 3.095
66 81 1.05141
66 82 8.63762
66 83 5.05564
66 84 7.98371
66 85 5.05926
66 86 7.64945
66 87 1.15455
66 88 5.6945
66 89 8.48307
66 90 8.41211
66 91 8.21364
66 92 4.05188
66 93 3.07235
66 94 5.10439
66 95 7.115
66 96 8.453
66 97 5.33079
66 98 6.87116
66 99 1.45606
67 68 6.98553
67 69 8.81337
67 70 4.15605
67 71 1.95722
67 72 5.62901
67 73 0.21662
67 74 6.79679
67 75 4.69351
67 76 8.64334
67 77 2.52067
67 78 7.7351
67 79 1.26267
67 80 3.14303
67 81 1.40143
67 82 7.47753
67 83 5.34195
67 84 2.99185
67 85 8.12677
67 86 6.93508
67 87 0.724
67 88 5.86617
67 89 3.82083
67 90 4.19054
67 91 4.31191
67 92 8.66017
67 93 6.15106
67 94 3.81977
67 95 7.08426
67 96 8.71643
67 97 4.47846
67 98 6.14013
67 99 2.563
68 69 2.17555
68 70 4.30162
68 71 6.81755
68 72 5.62075
68 73 2.55001
68 74 3.53872
68 75 4.4194
68 76 4.53762
68 77 7.73435
68 78 8.31398
68 79 1.87155
68 80 6.68691
68 81 8.36475
68 82 5.81517
68 83 7.47402
68 84 4.06674
68 85 5.4429
68 86 2.89023
68 87 1.12797
68 88 1.07018
68 89 3.22759
68 90 2.33699
68 91 5.7352
68 92 3.23154
68 93 5.82989
68 94 8.00916
68 95 2.24082
68 96 6.0999
68 97 1.44882
68 98 3.13363
68 99 0.91077
69 70 4.93177
69 71 3.6425
69 72 5.61652
69 73 8.27784
69 74 6.88316
69 75 1.84603
69 76 2.02384
69 77 8.94985
69 78 0.09123
69 79 7.65651
69 80 7.56403
69 81 2.82176
69 82 3.54356
69 83 2.0141
69 84 0.74919
69 85 3.78854
69 86 6.35546
69 87 3.22826
69 88 0.24252
69 89 8.14618
69 90 1.54359
69 91 5.68836
69 92 8.90938
69 93 4.86924
69 94 3.09075
69 95 8.03937
69 96 3.35267
69 97 0.24406
69 98 5.76178
69 99 8.27694
70 71 0.62938
70 72 3.55558
70 73 4.54852
70 74 0.8963
70 75 2.91766
70 76 0.91211
70 77 2.15823
70 78 2.9791
70 79 2.046
70 80 8.85188
70 81 6.03778
70 82 7.53508
70 83 0.42914
70 84 6.84563
70 85 0.22339
70 86 5.27175
70 87 5.99521
70 88 8.51664
70 89 0.58042
70 90 8.05151
70 91 4.90537
70 92 6.36465
70 93 1.88229
70 94 7.13131
70 95 1.6844
70 96 5.58703
70 97 8.32132
70 98 1.11086
70 99 6.01474
71 72 0.66581
71 73 5.48164
71 74 7.66532
71 75 5.52052
71 76 6.03632
71 77 1.69136
71 78 2.35754
71 79 3.35257
71 80 5.79628
71 81 6.84277
71 82 2.12179
71 83 1.69667
71 84 1.28358
71 85 1.94622
71 86 7.46109
71 87 7.39776
71 88 4.83942
71 89 8.80376
71 90 0.87104
71 91 0.5047
71 92 3.47893
71 93 2.36243
71 94 1.08255
71 95 4.07904
71 96 3.65515
71 97 8.61805
71 98 1.91458
71 99 3.42215
72 73 8.10692
72 74 3.55142
72 75 3.61707
72 76 2.67158
72 77 8.79416
72 78 0.85976
72 79 1.00943
72 80 4.67632
72 81 4.46137
72 82 5.74334
72 83 5.11092
72 84 1.29926
72 85 5.74478
72 86 3.69935
72 87 0.01624
72 88 7.41267
72 89 2.17156
72 90 8.24761
72 91 0.47728
72 92 3.74457
72 93 6.44552
72 94 3.71958
72 95 7.91493
72 96 2.16288
72 97 5.86853
72 98 6.02997
72 99 8.39971
73 74 3.79705
73 75 3.23199
73 76 4.25944
73 77 8.5748
73 78 0.25454
73 79 5.6861
73 80 6.60405
73 81 5.76744
73 82 6.22988
73 83 2.05961
73 84 2.22212
73 85 7.61469
73 86 7.70788
73 87 2.682
73 88 7.31125
73 89 4.39089
73 90 8.21422
73 91 2.71986
73 92 2.92519
73 93 1.74747
73 94 7.72439
73 95 1.12351
73 96 3.88982
73 97 5.46973
73 98 2.95173
73 99 0.54577
74 75 7.39341
74 76 1.5572
74 77 7.11548
74 78 7.45018
74 79 5.98669
74 80 3.47277
74 81 7.3302
74 82 3.75814
74 83 2.17525
74 84 3.86233
74 85 4.8621
74 86 5.86229
74 87 5.86244
74 88 2.26299
74 89 2.88749
74 90 8.88612
74 91 5.72578
74 92 8.14616
74 93 7.44589
74 94 8.65192
74 95 5.72425
74 96 4.1349
74 97 6.59466
74 98 2.22872
74 99 6.92366
75 76 2.22183
75 77 3.47043
75 78 5.45091
75 79 0.30014
75 80 0.94615
75 81 2.0702
75 82 6.18042
75 83 8.40252
75 84 3.44563
75 85 3.7368
75 86 3.07555
75 87 8.92896
75 88 0.6008
75 89 8.26449
75 90 6.50717
75 91 3.09581
75 92 4.80242
75 93 0.17433
75 94 4.48207
75 95 2.71305
75 96 6.15801
75 97 0.73757
75 98 3.88523
75 99 7.22686
76 77 1.23419
76 78 6.55924
76 79 3.65029
76 80 4.8087
76 81 4.35161
76 82 5.34219
76 83 8.18302
76 84 2.13515
76 85 0.95954
76 86 0.08353
76 87 8.06919
76 88 3.38997
76 89 4.49491
76 90 1.26929
76 91 4.413
76 92 7.60763
76 93 2.97531
76 94 4.20072
76 95 1.8755
76 96 2.99573
76 97 8.58655
76 98 6.79764
76 99 2.01748
77 78 3.18838
77 79 1.52293
77 80 2.08348
77 81 6.90482
77 82 1.27828
77 83 7.71374
77 84 6.15144
77 85 5.72029
77 86 0.56863
77 87 6.07344
77 88 4.82084
77 89 1.61466
77 90 4.32085
77 91 1.82214
77 92 5.81261
77 93 6.26381
77 94 0.10089
77 95 7.34688
77 96 7.75259
77 97 7.11903
77 98 4.19971
77 99 2.423
78 79 1.30366
78 80 3.93022
78 81 1.95911
78 82 0.49497
78 83 5.17039
78 84 2.31757
78 85 3.27968
78 86 6.30338
78 87 8.02556
78 88 4.95219
78 89 0.74468
78 90 3.2394
78 91 2.80744
78 92 2.11089
78 93 7.84129
78 94 4.10065
78 95 4.08511
78 96 6.83383
78 97 5.31957
78 98 3.16072
78 99 6.22105
79 80 1.93246
79 81 3.73974
79 82 3.26752
79 83 2.75005
79 84 2.69535
79 85 0.53401
79 86 3.79713
79 87 0.2863
79 88 8.15981
79 89 0.05381
79 90 3.47585
79 91 2.95958
79 92 0.5234
79 93 6.15883
79 94 8.92326
79 95 5.72953
79 96 8.12182
79 97 5.93935
79 98 5.29107
79 99 8.73936
80 81 4.20016
80 82 0.9509
80 83 4.54648
80 84 1.95213
80 85 3.09685
80 86 2.54269
80 87 1.10281
80 88 3.50339
80 89 3.15585
80 90 2.62904
80 91 8.26708
80 92 2.91014
80 93 4.8378
80 94 2.87663
80 95 6.77783
80 96 4.05878
80 97 2.05058
80 98 7.51049
80 99 5.66009
81 82 8.95639
81 83 8.94072
81 84 7.71791
81 85 5.50337
81 86 4.25137
81 87 0.75552
81 88 7.31495
81 89 6.44293
81 90 4.67095
81 91 7.8742
81 92 5.35509
81 93 7.52071
81 94 0.79383
81 95 5.20183
81 96 8.02984
81 97 2.58426
81 98 7.23636
81 99 5.32217
82 83 6.31824
82 84 7.91254
82 85 6.37665
82 86 3.66152
82 87 2.49319
82 88 1.50375
82 89 8.82049
82 90 7.27814
82 91 2.93435
82 92 7.4576
82 93 8.60964
82 94 3.33172
82 95 1.26637
82 96 6.97879
82 97 5.78414
82 98 7.66911
82 99 8.87082
83 84 7.70331
83 85 8.7774
83 86 7.56702
83 87 8.48736
83 88 7.6725
83 89 3.12724
83 90 7.63395
83 91 5.06215
83 92 3.95074
83 93 0.504
83 94 6.18063
83 95 1.99615
83 96 7.18121
83 97 0.64215
83 98 1.6892
83 99 6.29258
84 85 7.20776
84 86 5.29793
84 87 4.34381
84 88 7.98734
84 89 1.31413
84 90 1.97723
84 91 8.99655
84 92 2.72561
84 93 5.78488
84 94 3.1603
84 95 3.30652
84 96 0.41312
84 97 5.07872
84 98 2.34225
84 99 8.17994
85 86 1.94173
85 87 1.43049
85 88 7.7385
85 89 3.32179
85 90 1.42547
85 91 1.27764
85 92 1.53567
85 93 3.55404
85 94 7.59021
85 95 3.87201
85 96 1.58856
85 97 0.54828
85 98 5.53241
85 99 0.78414
86 87 7.28332
86 88 4.42846
86 89 0.29115
86 90 3.96423
86 91 2.92426
86 92 0.89609
86 93 7.15198
86 94 8.61908
86 95 2.88837
86 96 5.43553
86 97 3.38478
86 98 1.78816
86 99 8.81812
87 88 7.55755
87 89 1.38091
87 90 8.78597
87 91 3.67377
87 92 4.67053
87 93 4.61367
87 94 1.83584
87 95 7.17452
87 96 2.44212
87 97 7.62934
87 98 0.65168
87 99 1.75575
88 89 3.36174
88 90 5.07941
88 91 4.44472
88 92 6.00338
88 93 1.39241
88 94 3.86681
88 95 3.13143
88 96 6.74288
88 97 1.0494
88 98 6.35572
88 99 3.61207
89 90 5.7232
89 91 2.91039
89 92 2.4874
89 93 3.93759
89 94 6.06111
89 95 1.49866
89 96 4.80069
89 97 5.22037
89 98 1.2248
89 99 4.98561
90 91 0.51051
90 92 8.09056
90 93 4.43315
90 94 5.69575
90 95 1.45818
90 96 4.72991
90 97 2.0
90 98 0.78119
90 99 3.19704
91 92 3.28045
91 93 3.05704
91 94 6.53309
91 95 4.68287
91 96 8.24466
91 97 6.73047
91 98 7.55175
91 99 8.1106
92 93 8.49871
92 94 3.16043
92 95 5.30917
92 96 1.88406
92 97 8.15128
92 98 6.98293
92 99 0.67159
93 94 7.84997
93 95 3.40646
93 96 3.86388
93 97 2.6833
93 98 6.51693
93 99 4.82788
94 95 3.45846
94 96 6.28699
94 97 7.56322
94 98 4.71473
94 99 3.36103
95 96 1.6212
95 97 7.21988
95 98 7.41876
95 99 4.38007
96 97 6.02601
96 98 1.30466
96 99 5.04681
97 98 4.20913
97 99 0.06679
98 99 8.17695
