100 40
0 1 4.74333
0 2 3.81771
0 3 5.82083
0 4 2.80632
0 5 4.49667
0 6 6.11229
0 7 8.59069
0 8 1.04621
0 9 1.60521
0 10 0.9565
0 11 2.74554
0 12 0.46645
0 13 1.28335
0 14 8.42191
0 15 7.93687
0 16 4.72053
0 17 4.36306
0 18 5.94189
0 19 3.73411
0 20 4.05255
0 21 4.82901
0 22 0.57548
0 23 8.87616
0 24 3.78256
0 25 1.6994
0 26 7.41097
0 27 8.92396
0 28 8.65383
0 29 7.56608
0 30 0.41738
0 31 1.52273
0 32 8.38558
0 33 1.71203
0 34 4.17856
0 35 4.5879
0 36 0.9653
0 37 3.34088
0 38 8.40718
0 39 0.54909
0 40 3.5194
0 41 5.26972
0 42 5.59755
0 43 1.37965
0 44 8.59124
0 45 7.83769
0 46 2.29656
0 47 0.44311
0 48 1.24916
0 49 5.04487
0 50 8.97931
0 51 6.32687
0 52 3.95357
0 53 6.34883
0 54 4.55272
0 55 6.48726
0 56 6.31344
0 57 4.20499
0 58 0.17844
0 59 8.94309
0 60 1.85675
0 61 3.42185
0 62 2.97688
0 63 6.79967
0 64 8.61287
0 65 3.02574
0 66 3.55041
0 67 6.43293
0 68 4.61708
0 69 4.49683
0 70 1.46772
0 71 1.57773
0 72 1.6586
0 73 5.71733
0 74 2.99662
0 75 5.52576
0 76 8.34611
0 77 5.12999
0 78 7.08706
0 79 7.06885
0 80 7.4939
0 81 3.79545
0 82 7.66944
0 83 7.70796
0 84 2.34603
0 85 3.06688
0 86 6.05974
0 87 7.84071
0 88 3.09009
0 89 0.36481
0 90 5.58893
0 91 0.82828
0 92 8.68062
0 93 6.54875
0 94 0.2231
0 95 3.87462
0 96 4.90097
0 97 8.5696
0 98 2.51323
0 99 0.11112
1 2 1.98774
1 3 2.38998
1 4 7.01865
1 5 5.80704
1 6 1.17155
1 7 2.36594
1 8 6.45561
1 9 6.9601
1 10 2.15891
1 11 1.53787
1 12 7.6731
1 13 3.07661
1 14 0.96674
1 15 0.22405
1 16 5.96523
1 17 5.23948
1 18 8.21097
1 19 5.08178
1 20 3.01763
1 21 8.78501
1 22 1.19396
1 23 1.93709
1 24 5.70426
1 25 3.98044
1 26 6.38646
1 27 7.28288
1 28 2.43212
1 29 1.02281
1 30 6.8555
1 31 6.96247
1 32 2.75792
1 33 4.69221
1 34 1.63927
1 35 2.46797
1 36 0.61777
1 37 0.27329
1 38 5.70722
1 39 0.19401
1 40 2.37505
1 41 7.00855
1 42 4.15021
1 43 7.66729
1 44 4.8698
1 45 6.52509
1 46 1.71795
1 47 5.63999
1 48 8.75554
1 49 1.28257
1 50 4.29452
1 51 8.46211
1 52 2.15607
1 53 3.25753
1 54 2.0701
1 55 7.92864
1 56 2.0583
1 57 4.19069
1 58 0.56387
1 59 6.44548
1 60 5.24162
1 61 3.44512
1 62 6.7402
1 63 6.00765
1 64 0.94975
1 65 8.06401
1 66 1.10678
1 67 5.56082
1 68 4.0899
1 69 3.16916
1 70 0.95914
1 71 5.57208
1 72 7.92166
1 73 7.81657
1 74 7.06855
1 75 5.21581
1 76 0.63606
1 77 8.09018
1 78 4.61861
1 79 8.27
1 80 0.025
1 81 2.5924
1 82 3.18515
1 83 3.45616
1 84 2.37276
1 85 0.86222
1 86 4.26749
1 87 8.78178
1 88 0.13406
1 89 5.84032
1 90 2.11654
1 91 4.0638
1 92 3.02391
1 93 2.67673
1 94 8.91178
1 95 3.08138
1 96 4.96072
1 97 4.83256
1 98 8.35333
1 99 8.86916
2 3 3.4163
2 4 7.11115
2 5 0.77751
2 6 5.46962
2 7 2.87505
2 8 7.93634
2 9 4.87075
2 10 1.73634
2 11 3.89791
2 12 5.93816
2 13 3.68996
2 14 6.00804
2 15 6.96241
2 16 0.56969
2 17 3.80587
2 18 4.59683
2 19 5.84492
2 20 2.68869
2 21 7.15018
2 22 4.68204
2 23 2.63207
2 24 1.93641
2 25 0.51696
2 26 4.66121
2 27 0.07492
2 28 6.4675
2 29 3.738
2 30 5.223
2 31 6.61625
2 32 0.39681
2 33 1.39724
2 34 7.5697
2 35 7.08156
2 36 1.44936
2 37 1.17879
2 38 3.11066
2 39 3.81702
2 40 5.30854
2 41 2.14892
2 42 6.78064
2 43 7.16196
2 44 8.54606
2 45 8.46635
2 46 7.74785
2 47 4.82263
2 48 0.19847
2 49 7.65681
2 50 7.72219
2 51 5.19845
2 52 0.55087
2 53 1.47805
2 54 8.6019
2 55 6.95995
2 56 0.88021
2 57 7.7791
2 58 4.1137
2 59 5.02645
2 60 8.03259
2 61 4.40046
2 62 7.04106
2 63 6.8864
2 64 1.38137
2 65 3.39248
2 66 4.68415
2 67 2.8754
2 68 7.97942
2 69 1.47072
2 70 8.84859
2 71 0.75341
2 72 8.32238
2 73 4.15303
2 74 3.10225
2 75 7.04712
2 76 8.33536
2 77 2.06185
2 78 8.74855
2 79 2.67717
2 80 0.60434
2 81 0.07729
2 82 5.87279
2 83 1.20036
2 84 8.85071
2 85 1.69477
2 86 6.46419
2 87 2.52036
2 88 7.82275
2 89 6.44601
2 90 2.56836
2 91 1.19579
2 92 2.64248
2 93 4.83175
2 94 8.31934
2 95 4.73749
2 96 3.66815
2 97 6.93025
2 98 7.86179
2 99 6.54865
3 4 3.09165
3 5 6.62767
3 6 0.96539
3 7 3.23349
3 8 7.74668
3 9 5.84132
3 10 3.37046
3 11 8.44314
3 12 5.18395
3 13 0.08385
3 14 0.72893
3 15 4.73541
3 16 7.85484
3 17 0.30743
3 18 6.84127
3 19 4.23555
3 20 1.75755
3 21 8.43128
3 22 8.75546
3 23 3.13955
3 24 5.575
3 25 8.83453
3 26 4.08526
3 27 5.89372
3 28 3.73677
3 29 1.79296
3 30 0.86158
3 31 4.74195
3 32 3.77677
3 33 0.30899
3 34 2.95502
3 35 8.79704
3 36 5.8064
3 37 7.70269
3 38 2.34629
3 39 7.77289
3 40 3.77136
3 41 2.97238
3 42 4.59151
3 43 8.95214
3 44 1.14369
3 45 7.89954
3 46 6.8974
3 47 5.69112
3 48 6.65261
3 49 5.69561
3 50 0.9074
3 51 1.84743
3 52 4.74551
3 53 8.56717
3 54 0.6455
3 55 0.91514
3 56 2.14378
3 57 1.88439
3 58 2.98041
3 59 5.2142
3 60 5.78411
3 61 0.22066
3 62 4.49201
3 63 8.88449
3 64 1.00089
3 65 0.80918
3 66 7.55717
3 67 0.6133
3 68 6.66034
3 69 3.09489
3 70 3.53948
3 71 8.09626
3 72 8.48977
3 73 0.77691
3 74 2.58059
3 75 6.17741
3 76 7.39621
3 77 1.08749
3 78 1.87097
3 79 2.87498
3 80 7.27204
3 81 2.84196
3 82 1.81866
3 83 0.15559
3 84 6.37727
3 85 5.97334
3 86 5.46904
3 87 0.23535
3 88 0.55474
3 89 7.60884
3 90 7.77048
3 91 3.23232
3 92 2.23564
3 93 7.35551
3 94 0.32717
3 95 4.13029
3 96 2.65003
3 97 7.12549
3 98 7.78337
3 99 7.49063
4 5 7.30079
4 6 5.06234
4 7 8.74586
4 8 6.21242
4 9 7.56638
4 10 1.01762
4 11 6.3397
4 12 7.7125
4 13 5.14676
4 14 6.81877
4 15 4.75915
4 16 6.01186
4 17 1.88295
4 18 2.68977
4 19 6.67636
4 20 2.04112
4 21 7.22823
4 22 1.29542
4 23 2.68495
4 24 2.8304
4 25 8.99103
4 26 1.94271
4 27 4.91282
4 28 3.89822
4 29 3.45978
4 30 0.81415
4 31 7.55885
4 32 1.30524
4 33 0.35186
4 34 4.1109
4 35 2.26214
4 36 8.80797
4 37 2.15935
4 38 1.67262
4 39 1.78317
4 40 6.43992
4 41 3.76195
4 42 8.54727
4 43 1.63667
4 44 1.27679
4 45 7.56167
4 46 7.57276
4 47 5.52669
4 48 6.70674
4 49 0.08202
4 50 4.53924
4 51 5.27695
4 52 0.03992
4 53 3.80972
4 54 7.25759
4 55 5.45401
4 56 5.49923
4 57 2.22668
4 58 6.67566
4 59 7.12008
4 60 8.16129
4 61 8.46804
4 62 6.58695
4 63 5.27395
4 64 2.69924
4 65 2.59712
4 66 8.09415
4 67 3.69363
4 68 7.19694
4 69 2.88571
4 70 3.81386
4 71 1.15297
4 72 7.99831
4 73 1.63031
4 74 7.7795
4 75 5.56202
4 76 8.96146
4 77 7.73816
4 78 5.30443
4 79 8.48163
4 80 6.6698
4 81 5.58324
4 82 7.6758
4 83 0.98678
4 84 4.45721
4 85 5.94891
4 86 0.85734
4 87 8.14952
4 88 7.89029
4 89 5.25938
4 90 5.66216
4 91 5.27349
4 92 4.21057
4 93 5.23233
4 94 0.56664
4 95 8.79439
4 96 1.88128
4 97 2.60186
4 98 5.63014
4 99 8.00285
5 6 6.25498
5 7 7.28414
5 8 6.77746
5 9 6.86917
5 10 6.10434
5 11 2.55425
5 12 4.87309
5 13 7.27657
5 14 0.77983
5 15 8.38337
5 16 7.09165
5 17 8.86766
5 18 4.2022
5 19 6.37123
5 20 4.84956
5 21 4.50436
5 22 5.64521
5 23 2.93653
5 24 5.73657
5 25 6.94079
5 26 0.79835
5 27 6.91399
5 28 0.91862
5 29 6.67643
5 30 0.64368
5 31 4.65493
5 32 8.37081
5 33 7.96508
5 34 7.90698
5 35 5.8843
5 36 4.48551
5 37 3.87892
5 38 6.33177
5 39 7.44805
5 40 2.56208
5 41 7.99226
5 42 8.08604
5 43 7.46051
5 44 6.17382
5 45 8.94608
5 46 6.43417
5 47 2.7648
5 48 1.00072
5 49 3.07994
5 50 4.82333
5 51 8.80925
5 52 3.59072
5 53 2.45219
5 54 6.56677
5 55 0.59619
5 56 8.01545
5 57 7.37468
5 58 5.91764
5 59 1.7406
5 60 1.27305
5 61 3.36808
5 62 7.02639
5 63 8.32866
5 64 0.15305
5 65 0.38108
5 66 0.89206
5 67 2.76088
5 68 6.1625
5 69 1.66538
5 70 4.67928
5 71 4.47968
5 72 2.86229
5 73 4.20195
5 74 1.24448
5 75 2.95729
5 76 2.6026
5 77 4.33143
5 78 4.21429
5 79 4.77044
5 80 3.25097
5 81 2.66089
5 82 0.53143
5 83 6.63008
5 84 6.21091
5 85 8.32916
5 86 3.27253
5 87 4.60158
5 88 1.54535
5 89 5.11873
5 90 6.93007
5 91 7.21479
5 92 2.57229
5 93 7.27708
5 94 1.014
5 95 8.96898
5 96 4.26595
5 97 3.28711
5 98 5.54635
5 99 3.87597
6 7 3.2553
6 8 5.33863
6 9 6.65013
6 10 8.71114
6 11 5.43819
6 12 6.75467
6 13 7.60318
6 14 6.58256
6 15 5.13132
6 16 0.67248
6 17 6.32394
6 18 5.89289
6 19 8.10674
6 20 2.41228
6 21 8.24174
6 22 6.34233
6 23 4.79604
6 24 7.47997
6 25 8.64852
6 26 5.80443
6 27 2.91767
6 28 1.43634
6 29 1.05869
6 30 6.32114
6 31 5.45935
6 32 5.34373
6 33 8.65447
6 34 7.93757
6 35 2.45084
6 36 8.89795
6 37 6.85616
6 38 7.25854
6 39 0.20973
6 40 1.52875
6 41 2.31924
6 42 2.2273
6 43 5.76517
6 44 3.94212
6 45 3.6545
6 46 1.41891
6 47 8.0012
6 48 0.5902
6 49 0.97629
6 50 2.25974
6 51 2.71628
6 52 4.45835
6 53 0.33074
6 54 2.3812
6 55 1.5372
6 56 6.64424
6 57 3.35437
6 58 7.26552
6 59 3.71768
6 60 1.11378
6 61 1.28774
6 62 8.51041
6 63 1.92348
6 64 7.24878
6 65 7.88671
6 66 6.06695
6 67 6.53157
6 68 3.73498
6 69 6.48218
6 70 6.64583
6 71 6.46582
6 72 6.98028
6 73 0.54852
6 74 8.36312
6 75 5.06791
6 76 5.57254
6 77 1.73589
6 78 2.9822
6 79 0.31224
6 80 4.68465
6 81 1.06148
6 82 4.1769
6 83 0.97843
6 84 8.02482
6 85 7.38974
6 86 8.91173
6 87 0.81019
6 88 8.26564
6 89 8.23629
6 90 8.06502
6 91 6.54894
6 92 5.60156
6 93 8.94752
6 94 2.66456
6 95 5.83112
6 96 8.34143
6 97 2.11626
6 98 8.58004
6 99 1.51299
7 8 5.23598
7 9 1.45871
7 10 7.2611
7 11 6.72106
7 12 5.91532
7 13 2.89995
7 14 7.67184
7 15 8.77604
7 16 1.95148
7 17 1.28819
7 18 5.79001
7 19 8.36317
7 20 5.30868
7 21 4.29327
7 22 6.82987
7 23 5.8493
7 24 4.66436
7 25 3.97639
7 26 6.13324
7 27 1.91826
7 28 3.86445
7 29 2.57316
7 30 0.94513
7 31 7.73519
7 32 6.19885
7 33 1.22769
7 34 8.79231
7 35 3.13221
7 36 8.71573
7 37 5.16211
7 38 7.88516
7 39 8.59565
7 40 3.25964
7 41 2.02327
7 42 7.75689
7 43 4.92768
7 44 5.4278
7 45 3.27086
7 46 6.74821
7 47 6.83565
7 48 2.71914
7 49 7.32307
7 50 4.46616
7 51 5.7523
7 52 3.87694
7 53 7.68487
7 54 3.06485
7 55 7.35533
7 56 2.56173
7 57 5.20441
7 58 7.95823
7 59 4.33232
7 60 0.28356
7 61 3.65878
7 62 2.01357
7 63 8.39495
7 64 5.05267
7 65 1.3147
7 66 0.72931
7 67 7.57439
7 68 7.96545
7 69 3.6168
7 70 2.09257
7 71 8.74077
7 72 6.94697
7 73 6.01134
7 74 3.34914
7 75 0.8405
7 76 5.97101
7 77 8.74073
7 78 2.26214
7 79 1.133
7 80 7.83772
7 81 7.1235
7 82 1.7028
7 83 4.41425
7 84 2.33099
7 85 0.30978
7 86 6.89516
7 87 5.16129
7 88 8.43277
7 89 7.57959
7 90 4.87428
7 91 0.6981
7 92 3.93671
7 93 7.04862
7 94 4.05927
7 95 8.12226
7 96 5.27258
7 97 4.33836
7 98 2.1267
7 99 2.08295
8 9 8.27885
8 10 4.55608
8 11 6.04173
8 12 0.04932
8 13 2.3782
8 14 0.45645
8 15 2.26326
8 16 5.36202
8 17 3.62456
8 18 5.35704
8 19 5.08217
8 20 6.86853
8 21 3.27363
8 22 6.94862
8 23 6.12996
8 24 4.47913
8 25 4.90772
8 26 2.94185
8 27 2.2363
8 28 7.09811
8 29 4.11206
8 30 0.24633
8 31 1.8211
8 32 3.32967
8 33 5.33889
8 34 0.60239
8 35 5.80674
8 36 8.91402
8 37 5.79876
8 38 0.46399
8 39 0.62544
8 40 6.13132
8 41 8.8551
8 42 6.76675
8 43 4.67554
8 44 0.69707
8 45 1.77601
8 46 5.54497
8 47 2.11697
8 48 4.50857
8 49 1.7079
8 50 5.40904
8 51 7.74519
8 52 6.84717
8 53 2.96581
8 54 6.7023
8 55 5.30147
8 56 2.13609
8 57 0.31724
8 58 5.60563
8 59 3.28202
8 60 0.9879
8 61 7.18881
8 62 1.39669
8 63 6.8293
8 64 0.13794
8 65 5.96592
8 66 8.67608
8 67 2.9661
8 68 6.01839
8 69 6.53746
8 70 2.64984
8 71 1.78281
8 72 6.39787
8 73 7.22594
8 74 7.73515
8 75 6.81637
8 76 3.70387
8 77 7.41004
8 78 7.28
8 79 4.76023
8 80 3.5647
8 81 0.30916
8 82 2.21354
8 83 6.83784
8 84 7.751
8 85 7.96706
8 86 2.70032
8 87 0.48451
8 88 4.314
8 89 1.52589
8 90 7.85312
8 91 0.64642
8 92 0.307
8 93 6.72169
8 94 3.80119
8 95 2.68427
8 96 5.01683
8 97 8.3296
8 98 1.82146
8 99 8.78663
9 10 6.38667
9 11 3.82307
9 12 4.6563
9 13 1.97438
9 14 6.67978
9 15 3.59664
9 16 1.37285
9 17 3.73421
9 18 5.62197
9 19 6.93341
9 20 1.78879
9 21 8.86905
9 22 2.91053
9 23 2.43894
9 24 3.73676
9 25 7.84436
9 26 0.90702
9 27 4.69899
9 28 6.33109
9 29 1.23664
9 30 3.1892
9 31 7.32616
9 32 1.50215
9 33 2.82595
9 34 2.87858
9 35 5.88185
9 36 8.80291
9 37 8.13817
9 38 4.47318
9 39 1.35662
9 40 5.79483
9 41 7.81811
9 42 5.60798
9 43 7.22142
9 44 8.56437
9 45 2.0732
9 46 3.738
9 47 1.42052
9 48 1.30711
9 49 2.83921
9 50 8.15363
9 51 4.71232
9 52 4.09302
9 53 4.76232
9 54 8.28515
9 55 5.52128
9 56 8.85379
9 57 6.85615
9 58 3.98695
9 59 0.77209
9 60 3.76409
9 61 6.50277
9 62 1.41727
9 63 4.02022
9 64 0.31246
9 65 6.47084
9 66 4.57696
9 67 6.79554
9 68 0.57891
9 69 6.7985
9 70 7.28431
9 71 0.64278
9 72 0.13786
9 73 7.88855
9 74 7.07638
9 75 7.52058
9 76 1.17744
9 77 8.93726
9 78 1.57464
9 79 0.7017
9 80 6.48024
9 81 2.70204
9 82 8.08256
9 83 6.77194
9 84 2.6189
9 85 3.27506
9 86 1.26566
9 87 6.60725
9 88 2.94606
9 89 3.1813
9 90 0.28375
9 91 0.80729
9 92 7.10875
9 93 5.7112
9 94 6.00506
9 95 7.87113
9 96 6.31666
9 97 5.7368
9 98 0.1705
9 99 0.20706
10 11 7.29177
10 12 4.93656
10 13 4.4804
10 14 5.8399
10 15 2.45687
10 16 5.10268
10 17 6.61616
10 18 7.98504
10 19 3.86254
10 20 3.09585
10 21 4.99095
10 22 6.08796
10 23 2.05663
10 24 3.56122
10 25 2.7262
10 26 7.29681
10 27 1.28512
10 28 7.2708
10 29 8.90008
10 30 8.729
10 31 8.33732
10 32 2.3897
10 33 3.51724
10 34 0.04794
10 35 5.17772
10 36 2.20012
10 37 3.93772
10 38 5.81113
10 39 3.55955
10 40 8.35082
10 41 2.18897
10 42 1.29227
10 43 6.84236
10 44 4.81165
10 45 6.39592
10 46 6.33105
10 47 7.84832
10 48 6.77901
10 49 7.51259
10 50 8.8775
10 51 6.69546
10 52 8.99545
10 53 7.57456
10 54 3.35556
10 55 6.2461
10 56 4.21144
10 57 7.53538
10 58 3.61585
10 59 8.17624
10 60 0.43462
10 61 0.78008
10 62 2.44019
10 63 3.40372
10 64 1.57555
10 65 4.01011
10 66 6.35005
10 67 1.00625
10 68 8.49447
10 69 7.14943
10 70 4.6724
10 71 4.79651
10 72 1.58318
10 73 4.58369
10 74 5.80373
10 75 8.17711
10 76 6.89911
10 77 5.05999
10 78 8.295
10 79 6.55995
10 80 3.96858
10 81 3.2639
10 82 1.35684
10 83 4.01299
10 84 3.24894
10 85 3.0238
10 86 2.40491
10 87 7.06968
10 88 6.21651
10 89 4.52191
10 90 4.36625
10 91 7.89772
10 92 8.15052
10 93 5.85715
10 94 2.0488
10 95 1.17973
10 96 1.82849
10 97 3.20375
10 98 2.3117
10 99 4.22106
11 12 3.76213
11 13 8.87419
11 14 6.16523
11 15 5.17616
11 16 3.29792
11 17 5.76121
11 18 2.89046
11 19 2.82626
11 20 8.41236
11 21 8.88506
11 22 0.30749
11 23 4.22074
11 24 2.90317
11 25 0.55091
11 26 6.13087
11 27 0.91215
11 28 5.78665
11 29 6.73364
11 30 0.34021
11 31 0.79067
11 32 4.33931
11 33 2.75295
11 34 0.35577
11 35 6.3864
11 36 5.68706
11 37 3.55238
11 38 1.31157
11 39 4.20398
11 40 7.42377
11 41 7.70504
11 42 6.2675
11 43 6.9367
11 44 3.05389
11 45 0.07441
11 46 1.28517
11 47 8.06879
11 48 2.28785
11 49 5.56806
11 50 2.30646
11 51 1.64235
11 52 4.92384
11 53 3.54492
11 54 7.52123
11 55 4.92042
11 56 8.5998
11 57 7.22748
11 58 2.73059
11 59 8.09201
11 60 0.8648
11 61 6.30778
11 62 1.21398
11 63 6.15001
11 64 4.48695
11 65 6.98697
11 66 2.9175
11 67 1.90896
11 68 0.62678
11 69 3.07446
11 70 3.26662
11 71 2.49647
11 72 6.81654
11 73 3.21593
11 74 6.12429
11 75 5.53449
11 76 8.14782
11 77 8.74862
11 78 3.48974
11 79 3.33401
11 80 2.03014
11 81 0.55378
11 82 4.2819
11 83 1.91605
11 84 4.96624
11 85 6.64658
11 86 3.30386
11 87 1.36903
11 88 1.35081
11 89 5.05001
11 90 6.28915
11 91 6.47018
11 92 3.235
11 93 5.6417
11 94 5.53487
11 95 5.43317
11 96 2.36916
11 97 8.94233
11 98 3.86286
11 99 1.80056
12 13 2.39684
12 14 1.77214
12 15 8.44153
12 16 3.15156
12 17 8.03412
12 18 8.14994
12 19 6.90845
12 20 7.98238
12 21 5.63106
12 22 1.26575
12 23 1.86857
12 24 3.1023
12 25 4.59014
12 26 4.39882
12 27 7.20488
12 28 7.78649
12 29 8.91004
12 30 8.39865
12 31 1.5277
12 32 5.72661
12 33 6.50645
12 34 8.53728
12 35 3.36362
12 36 0.97111
12 37 5.70085
12 38 0.11708
12 39 4.19727
12 40 7.12623
12 41 3.75332
12 42 4.18624
12 43 4.13537
12 44 0.79064
12 45 7.42567
12 46 4.745
12 47 7.50491
12 48 5.40653
12 49 1.80064
12 50 3.51659
12 51 8.01488
12 52 5.22428
12 53 4.79991
12 54 6.92415
12 55 8.68804
12 56 8.50833
12 57 3.0655
12 58 5.25016
12 59 5.00909
12 60 3.22881
12 61 7.53869
12 62 6.44923
12 63 4.05508
12 64 3.53833
12 65 8.19877
12 66 0.54022
12 67 0.15817
12 68 7.61861
12 69 6.60467
12 70 7.84446
12 71 5.04989
12 72 3.54595
12 73 3.67746
12 74 7.88742
12 75 4.89546
12 76 4.32603
12 77 0.02655
12 78 2.52765
12 79 8.79193
12 80 2.55749
12 81 5.74933
12 82 7.32468
12 83 5.29785
12 84 1.47827
12 85 1.9094
12 86 4.59519
12 87 7.1612
12 88 8.34524
12 89 4.6933
12 90 0.91304
12 91 0.21931
12 92 4.74671
12 93 8.64709
12 94 8.14083
12 95 8.8995
12 96 5.73331
12 97 3.29866
12 98 8.81291
12 99 0.11971
13 14 5.19212
13 15 7.16447
13 16 8.55866
13 17 3.34449
13 18 4.1689
13 19 2.98034
13 20 7.75616
13 21 6.57448
13 22 2.19462
13 23 7.0317
13 24 4.39602
13 25 8.66477
13 26 6.96366
13 27 0.7547
13 28 4.44359
13 29 2.07617
13 30 1.04741
13 31 2.39438
13 32 3.06098
13 33 2.85932
13 34 2.99879
13 35 0.3029
13 36 8.38499
13 37 1.21268
13 38 0.67175
13 39 4.29339
13 40 4.18854
13 41 0.87439
13 42 3.71118
13 43 6.42221
13 44 2.89562
13 45 7.3681
13 46 0.16066
13 47 7.04083
13 48 6.25265
13 49 1.78435
13 50 1.87512
13 51 1.45811
13 52 5.18028
13 53 1.09388
13 54 1.21648
13 55 7.49841
13 56 4.00571
13 57 5.37858
13 58 0.87467
13 59 5.43572
13 60 8.90927
13 61 7.19106
13 62 5.88333
13 63 5.89086
13 64 7.51194
13 65 4.32093
13 66 4.34921
13 67 3.07281
13 68 2.124
13 69 1.48444
13 70 3.42776
13 71 0.04432
13 72 6.26618
13 73 5.91028
13 74 5.82749
13 75 4.64273
13 76 2.43486
13 77 1.13045
13 78 0.01592
13 79 5.0232
13 80 0.95456
13 81 8.38389
13 82 0.23856
13 83 7.49068
13 84 0.0017
13 85 5.9512
13 86 6.81603
13 87 8.42924
13 88 1.29947
13 89 2.39843
13 90 7.50873
13 91 0.4186
13 92 8.21611
13 93 5.83703
13 94 2.60104
13 95 6.85202
13 96 6.72429
13 97 8.09302
13 98 8.27827
13 99 8.09612
14 15 5.66558
14 16 2.77402
14 17 8.46335
14 18 0.67814
14 19 2.95778
14 20 8.38915
14 21 7.42027
14 22 3.48611
14 23 5.92876
14 24 4.79027
14 25 2.85316
14 26 2.07973
14 27 6.61571
14 28 0.48401
14 29 5.5353
14 30 8.33351
14 31 8.1493
14 32 5.78924
14 33 4.64628
14 34 1.60277
14 35 6.52
14 36 7.88515
14 37 4.6047
14 38 8.38543
14 39 1.25357
14 40 7.24778
14 41 8.41724
14 42 0.18494
14 43 1.15061
14 44 3.32368
14 45 0.29528
14 46 0.73261
14 47 1.59956
14 48 6.1633
14 49 7.31742
14 50 7.37331
14 51 4.13755
14 52 0.40705
14 53 4.76068
14 54 3.41808
14 55 6.87818
14 56 0.42278
14 57 0.4703
14 58 0.11069
14 59 2.28435
14 60 1.33012
14 61 8.72968
14 62 1.59158
14 63 0.25457
14 64 4.55597
14 65 2.04888
14 66 7.12971
14 67 4.70104
14 68 5.18234
14 69 0.39624
14 70 5.46253
14 71 1.05159
14 72 4.61053
14 73 3.87566
14 74 2.82894
14 75 3.22711
14 76 2.92039
14 77 1.69526
14 78 2.71647
14 79 0.626
14 80 1.78288
14 81 1.42041
14 82 8.83707
14 83 2.8869
14 84 8.81322
14 85 5.8462
14 86 5.62471
14 87 7.70331
14 88 4.18094
14 89 5.64667
14 90 5.19066
14 91 4.17735
14 92 4.8071
14 93 3.11445
14 94 4.39042
14 95 8.88682
14 96 0.44206
14 97 4.50362
14 98 5.42765
14 99 4.13001
15 16 6.85466
15 17 0.2034
15 18 7.33948
15 19 2.69503
15 20 5.06413
15 21 5.41799
15 22 7.19489
15 23 5.28253
15 24 8.67801
15 25 0.43737
15 26 2.78812
15 27 6.13301
15 28 2.28971
15 29 1.38354
15 30 6.80094
15 31 8.63763
15 32 6.79602
15 33 5.74009
15 34 8.36366
15 35 1.1225
15 36 0.45141
15 37 6.50961
15 38 8.18319
15 39 3.17002
15 40 2.93178
15 41 5.64534
15 42 2.88278
15 43 5.22681
15 44 2.80587
15 45 4.89698
15 46 3.83419
15 47 1.18871
15 48 5.15294
15 49 5.28654
15 50 2.19771
15 51 4.29902
15 52 4.34444
15 53 5.54914
15 54 7.1654
15 55 0.83996
15 56 0.67203
15 57 6.6735
15 58 8.71319
15 59 1.32096
15 60 7.93627
15 61 3.56176
15 62 4.52749
15 63 7.44957
15 64 2.72253
15 65 5.82211
15 66 6.90526
15 67 5.4685
15 68 2.88493
15 69 2.58263
15 70 7.91139
15 71 7.69438
15 72 3.80469
15 73 0.54987
15 74 4.20921
15 75 8.24615
15 76 0.85155
15 77 2.25587
15 78 6.70845
15 79 4.31854
15 80 0.93898
15 81 3.52677
15 82 5.34033
15 83 5.12102
15 84 1.60124
15 85 7.22691
15 86 3.02396
15 87 7.91795
15 88 8.34738
15 89 8.25415
15 90 7.49285
15 91 1.40659
15 92 7.51568
15 93 1.88735
15 94 0.21689
15 95 6.72825
15 96 7.13513
15 97 0.10635
15 98 5.60288
15 99 7.56638
16 17 3.64335
16 18 7.11881
16 19 2.03284
16 20 3.76394
16 21 2.63815
16 22 0.72882
16 23 2.9698
16 24 5.50744
16 25 5.8369
16 26 0.83248
16 27 6.25758
16 28 1.97334
16 29 1.3019
16 30 7.92137
16 31 7.0109
16 32 2.38844
16 33 5.60017
16 34 3.23559
16 35 8.323
16 36 4.94204
16 37 5.65732
16 38 3.31095
16 39 3.39033
16 40 3.44061
16 41 1.37069
16 42 0.84168
16 43 6.10509
16 44 7.99889
16 45 1.14208
16 46 8.05687
16 47 4.73669
16 48 4.53105
16 49 4.67548
16 50 1.54009
16 51 0.39333
16 52 6.09021
16 53 1.72044
16 54 6.89802
16 55 5.27593
16 56 1.05999
16 57 4.78686
16 58 3.90484
16 59 3.50167
16 60 8.76235
16 61 3.01353
16 62 6.4287
16 63 2.75123
16 64 6.12746
16 65 6.5695
16 66 2.91538
16 67 0.70735
16 68 2.76625
16 69 4.1123
16 70 8.81812
16 71 0.92506
16 72 2.21603
16 73 4.26904
16 74 0.29304
16 75 2.30963
16 76 6.44589
16 77 2.90944
16 78 7.52431
16 79 5.56969
16 80 3.41157
16 81 2.06382
16 82 7.80553
16 83 2.60817
16 84 3.18131
16 85 5.37838
16 86 1.15177
16 87 0.19733
16 88 1.50044
16 89 1.94454
16 90 6.82784
16 91 0.20852
16 92 5.34053
16 93 7.06546
16 94 3.93391
16 95 1.49316
16 96 4.57556
16 97 0.58481
16 98 1.99795
16 99 1.26487
17 18 3.25363
17 19 6.48935
17 20 5.14341
17 21 4.2784
17 22 8.22695
17 23 2.19935
17 24 3.20957
17 25 0.47221
17 26 5.48361
17 27 4.5837
17 28 2.54623
17 29 4.16488
17 30 3.06809
17 31 7.85294
17 32 8.75768
17 33 7.37255
17 34 4.65162
17 35 8.33901
17 36 1.02911
17 37 6.91674
17 38 8.3805
17 39 6.9812
17 40 8.94922
17 41 1.71939
17 42 1.13417
17 43 1.66563
17 44 0.32667
17 45 5.57195
17 46 0.79387
17 47 7.61392
17 48 1.66256
17 49 3.24791
17 50 8.9757
17 51 3.34037
17 52 2.22219
17 53 4.51659
17 54 1.66636
17 55 5.3594
17 56 6.72392
17 57 7.94936
17 58 4.53255
17 59 2.33083
17 60 8.79268
17 61 7.47154
17 62 4.62551
17 63 5.81554
17 64 2.27511
17 65 8.89484
17 66 6.63304
17 67 0.10173
17 68 3.62908
17 69 6.85235
17 70 6.45843
17 71 1.65118
17 72 4.93691
17 73 7.8214
17 74 2.94411
17 75 2.02707
17 76 4.20939
17 77 5.38336
17 78 3.50425
17 79 5.39296
17 80 1.3095
17 81 1.56646
17 82 3.49924
17 83 3.77171
17 84 5.04887
17 85 0.08126
17 86 6.38635
17 87 8.17452
17 88 6.53671
17 89 6.18197
17 90 5.14815
17 91 6.42241
17 92 3.08069
17 93 3.60384
17 94 7.10704
17 95 0.48778
17 96 7.84237
17 97 4.52515
17 98 8.49211
17 99 6.84607
18 19 3.49823
18 20 2.34534
18 21 3.7858
18 22 4.55773
18 23 5.82613
18 24 2.26356
18 25 8.66304
18 26 6.51588
18 27 0.96154
18 28 5.76194
18 29 5.07336
18 30 4.09683
18 31 0.71919
18 32 1.36473
18 33 7.08712
18 34 2.26419
18 35 8.74615
18 36 3.93788
18 37 4.5266
18 38 2.38517
18 39 3.56539
18 40 1.00528
18 41 8.88986
18 42 1.60996
18 43 0.47475
18 44 1.92963
18 45 7.88547
18 46 7.84351
18 47 7.91307
18 48 5.47488
18 49 8.68283
18 50 5.16841
18 51 8.00873
18 52 3.0142
18 53 5.23608
18 54 8.7253
18 55 0.04871
18 56 1.26206
18 57 4.61113
18 58 5.54265
18 59 7.65412
18 60 7.1435
18 61 8.3988
18 62 7.30498
18 63 2.1334
18 64 4.78721
18 65 5.60316
18 66 5.56691
18 67 5.2424
18 68 7.53911
18 69 4.15943
18 70 7.65039
18 71 4.93967
18 72 6.42057
18 73 1.78238
18 74 2.79638
18 75 8.19568
18 76 7.34698
18 77 6.47443
18 78 0.39521
18 79 7.96805
18 80 6.35851
18 81 3.25326
18 82 2.47731
18 83 6.43908
18 84 5.11552
18 85 4.13757
18 86 4.18879
18 87 6.63706
18 88 1.71453
18 89 8.49548
18 90 4.4547
18 91 4.53155
18 92 2.62053
18 93 4.97432
18 94 3.80347
18 95 4.61128
18 96 8.04807
18 97 1.67265
18 98 4.73804
18 99 3.1475
19 20 2.39612
19 21 7.07752
19 22 3.99051
19 23 0.28555
19 24 4.0816
19 25 5.49008
19 26 8.76389
19 27 5.95662
19 28 4.75957
19 29 4.69456
19 30 4.13104
19 31 8.03425
19 32 8.9318
19 33 4.50131
19 34 6.85362
19 35 1.68038
19 36 1.11407
19 37 2.12711
19 38 0.30316
19 39 3.18329
19 40 1.11507
19 41 1.81044
19 42 6.35328
19 43 5.70479
19 44 2.5866
19 45 7.07501
19 46 7.35342
19 47 3.29288
19 48 4.04432
19 49 1.73752
19 50 4.59275
19 51 2.40788
19 52 0.95683
19 53 4.30952
19 54 5.39669
19 55 1.75354
19 56 2.44874
19 57 6.34345
19 58 5.06334
19 59 6.08549
19 60 4.25339
19 61 0.9271
19 62 1.35607
19 63 6.74388
19 64 4.74476
19 65 8.68766
19 66 5.97245
19 67 6.93047
19 68 0.16677
19 69 4.23142
19 70 8.58833
19 71 1.73197
19 72 5.95382
19 73 5.20643
19 74 1.67315
19 75 3.9337
19 76 8.88277
19 77 3.8794
19 78 1.89332
19 79 3.74135
19 80 3.93567
19 81 8.65601
19 82 6.24112
19 83 6.25537
19 84 8.58366
19 85 1.79724
19 86 0.56148
19 87 8.35737
19 88 8.30244
19 89 2.79635
19 90 6.47398
19 91 7.10974
19 92 3.42993
19 93 4.18146
19 94 5.81341
19 95 4.13913
19 96 8.40605
19 97 6.12367
19 98 3.75478
19 99 3.89935
20 21 7.62607
20 22 8.9997
20 23 2.41938
20 24 5.17534
20 25 4.81882
20 26 1.22173
20 27 3.83982
20 28 7.07209
20 29 1.6879
20 30 3.71798
20 31 0.76386
20 32 7.91401
20 33 4.97153
20 34 5.28671
20 35 6.56012
20 36 3.40655
20 37 7.05209
20 38 8.45891
20 39 1.46114
20 40 2.35808
20 41 6.94145
20 42 2.6946
20 43 3.14387
20 44 7.44087
20 45 8.86671
20 46 3.88427
20 47 1.7121
20 48 6.92066
20 49 8.85589
20 50 7.60944
20 51 3.83541
20 52 6.26645
20 53 2.85477
20 54 3.28131
20 55 6.56544
20 56 2.95563
20 57 1.48454
20 58 6.94579
20 59 5.42567
20 60 0.12326
20 61 2.99328
20 62 8.31516
20 63 2.02285
20 64 6.89876
20 65 2.71278
20 66 5.82504
20 67 6.86999
20 68 7.03203
20 69 8.85295
20 70 0.12499
20 71 4.49295
20 72 4.75943
20 73 3.5669
20 74 4.55461
20 75 6.83631
20 76 0.20701
20 77 6.67977
20 78 0.33442
20 79 7.01886
20 80 1.47983
20 81 8.08849
20 82 3.52985
20 83 4.61066
20 84 7.70416
20 85 7.85358
20 86 1.2927
20 87 7.67111
20 88 7.49046
20 89 3.71572
20 90 0.363
20 91 4.62467
20 92 8.4502
20 93 1.97231
20 94 8.05117
20 95 4.3751
20 96 5.75869
20 97 4.53054
20 98 5.61677
20 99 0.02674
21 22 3.17656
21 23 7.26337
21 24 0.36823
21 25 1.06199
21 26 2.25652
21 27 0.27541
21 28 5.7944
21 29 0.52712
21 30 6.13026
21 31 3.9709
21 32 8.53669
21 33 7.90138
21 34 6.54986
21 35 1.86922
21 36 4.92403
21 37 2.23213
21 38 4.48225
21 39 5.78429
21 40 6.90181
21 41 0.09474
21 42 7.40405
21 43 0.47968
21 44 2.95512
21 45 5.41531
21 46 2.09517
21 47 0.26079
21 48 1.79923
21 49 2.42584
21 50 5.94406
21 51 8.16229
21 52 1.47485
21 53 2.41064
21 54 4.29038
21 55 4.37329
21 56 2.15822
21 57 3.94021
21 58 7.3353
21 59 4.4691
21 60 6.80927
21 61 5.15855
21 62 4.58387
21 63 2.33945
21 64 6.86471
21 65 6.61195
21 66 2.53026
21 67 4.99959
21 68 1.90643
21 69 3.73124
21 70 3.85331
21 71 3.67745
21 72 3.34967
21 73 3.92642
21 74 1.38579
21 75 3.53102
21 76 7.32438
21 77 5.46871
21 78 7.05878
21 79 6.531
21 80 1.71103
21 81 2.70185
21 82 4.32417
21 83 0.00283
21 84 7.73756
21 85 6.17771
21 86 8.95616
21 87 4.2995
21 88 5.49833
21 89 0.33078
21 90 7.13294
21 91 1.98654
21 92 1.54374
21 93 7.48923
21 94 4.67736
21 95 7.44114
21 96 5.83471
21 97 4.78939
21 98 7.04861
21 99 6.60187
22 23 5.85934
22 24 7.76938
22 25 6.89406
22 26 3.00512
22 27 2.02513
22 28 8.7676
22 29 6.22343
22 30 2.53804
22 31 3.58233
22 32 2.35368
22 33 7.74384
22 34 8.11911
22 35 4.21678
22 36 6.21484
22 37 2.54433
22 38 8.17255
22 39 2.27183
22 40 7.06134
22 41 5.05482
22 42 8.6416
22 43 5.1688
22 44 2.90141
22 45 0.31943
22 46 3.72173
22 47 0.73808
22 48 4.06935
22 49 3.98595
22 50 4.6029
22 51 1.04975
22 52 3.13876
22 53 0.07533
22 54 6.76834
22 55 6.01678
22 56 5.852
22 57 2.87644
22 58 8.30289
22 59 5.28418
22 60 8.31981
22 61 2.97273
22 62 0.50066
22 63 7.34697
22 64 1.97794
22 65 8.34073
22 66 5.08333
22 67 4.14634
22 68 8.81884
22 69 0.78889
22 70 5.55053
22 71 4.62589
22 72 0.60052
22 73 1.03294
22 74 1.25253
22 75 0.39078
22 76 0.12018
22 77 5.48309
22 78 2.09443
22 79 8.53873
22 80 8.49036
22 81 0.57462
22 82 1.41216
22 83 6.83315
22 84 6.27244
22 85 0.28299
22 86 4.87434
22 87 2.80307
22 88 7.86301
22 89 6.16506
22 90 0.77443
22 91 5.34163
22 92 1.26594
22 93 7.46939
22 94 0.60173
22 95 5.56916
22 96 0.10698
22 97 1.40608
22 98 2.01954
22 99 6.74363
23 24 2.39165
23 25 1.06903
23 26 5.63265
23 27 6.71982
23 28 6.37222
23 29 8.93586
23 30 1.57239
23 31 2.69808
23 32 8.38027
23 33 0.74662
23 34 3.4995
23 35 1.46425
23 36 8.30234
23 37 1.86952
23 38 2.14694
23 39 4.55017
23 40 3.21102
23 41 4.97421
23 42 8.89891
23 43 5.08696
23 44 5.95446
23 45 4.32753
23 46 4.20832
23 47 1.65336
23 48 2.6658
23 49 6.10616
23 50 0.43483
23 51 2.6735
23 52 3.3901
23 53 8.11325
23 54 6.02947
23 55 2.16893
23 56 8.82242
23 57 4.89618
23 58 2.0233
23 59 8.72311
23 60 1.57054
23 61 5.3414
23 62 5.51034
23 63 3.64758
23 64 7.50991
23 65 3.14679
23 66 2.22882
23 67 8.02827
23 68 4.75301
23 69 7.62116
23 70 6.81344
23 71 7.31698
23 72 0.36002
23 73 0.55488
23 74 2.73694
23 75 2.34906
23 76 5.10491
23 77 3.27144
23 78 4.36389
23 79 8.49931
23 80 5.48258
23 81 8.00472
23 82 5.84022
23 83 6.20069
23 84 3.74265
23 85 8.52639
23 86 8.96362
23 87 2.65528
23 88 8.12016
23 89 5.59573
23 90 3.07946
23 91 6.48151
23 92 6.47703
23 93 2.4957
23 94 3.89916
23 95 5.56898
23 96 4.92895
23 97 2.82085
23 98 1.22519
23 99 6.80673
24 25 4.078
24 26 2.27953
24 27 5.07988
24 28 0.31986
24 29 3.59081
24 30 2.74565
24 31 4.91933
24 32 4.21252
24 33 0.41902
24 34 6.62792
24 35 0.32824
24 36 0.43104
24 37 2.02586
24 38 6.72979
24 39 1.16144
24 40 0.89078
24 41 0.47883
24 42 1.1672
24 43 8.95512
24 44 3.02146
24 45 1.8875
24 46 4.67158
24 47 0.4542
24 48 2.43379
24 49 5.81156
24 50 4.39961
24 51 6.35894
24 52 0.99822
24 53 8.06468
24 54 7.26738
24 55 1.21322
24 56 6.60166
24 57 4.80399
24 58 3.50271
24 59 7.0216
24 60 5.31454
24 61 3.911
24 62 6.0989
24 63 1.50677
24 64 2.20372
24 65 8.09607
24 66 3.60568
24 67 7.43317
24 68 0.84149
24 69 1.66793
24 70 8.13046
24 71 6.6388
24 72 0.4966
24 73 8.39264
24 74 8.3849
24 75 8.19369
24 76 4.50974
24 77 3.22739
24 78 5.13213
24 79 2.63902
24 80 7.64475
24 81 3.19969
24 82 5.23351
24 83 7.92267
24 84 1.03373
24 85 0.00404
24 86 0.02423
24 87 2.60788
24 88 8.07128
24 89 2.57517
24 90 7.56829
24 91 6.02124
24 92 0.5979
24 93 4.71813
24 94 5.37627
24 95 1.9868
24 96 2.22558
24 97 6.5518
24 98 8.66174
24 99 8.07102
25 26 4.16101
25 27 3.43206
25 28 4.65324
25 29 6.89093
25 30 1.84362
25 31 1.17847
25 32 7.99595
25 33 1.99057
25 34 6.47328
25 35 1.9979
25 36 5.06477
25 37 4.31724
25 38 8.77169
25 39 0.39376
25 40 6.63976
25 41 5.37846
25 42 7.31377
25 43 8.10421
25 44 3.14783
25 45 5.94753
25 46 8.52875
25 47 8.5529
25 48 0.97867
25 49 0.27084
25 50 4.86905
25 51 5.02868
25 52 8.35231
25 53 3.30131
25 54 6.01827
25 55 4.12593
25 56 8.25584
25 57 7.94978
25 58 5.76464
25 59 5.48759
25 60 3.97017
25 61 8.37943
25 62 1.6913
25 63 7.85774
25 64 0.18051
25 65 1.73442
25 66 7.76932
25 67 5.4033
25 68 3.16205
25 69 2.45231
25 70 8.66731
25 71 2.17781
25 72 1.72245
25 73 8.65933
25 74 3.38574
25 75 3.70589
25 76 3.13702
25 77 3.80392
25 78 3.17864
25 79 1.19356
25 80 1.77679
25 81 3.51423
25 82 1.32909
25 83 8.50908
25 84 7.41492
25 85 8.96832
25 86 5.36724
25 87 2.80953
25 88 6.07039
25 89 8.40407
25 90 2.30447
25 91 6.35881
25 92 6.31392
25 93 7.28723
25 94 2.53158
25 95 5.94227
25 96 8.55214
25 97 1.71626
25 98 5.24717
25 99 5.92924
26 27 2.61335
26 28 0.20529
26 29 7.85106
26 30 1.9814
26 31 4.16564
26 32 3.41982
26 33 7.98222
26 34 6.84847
26 35 2.51868
26 36 1.81715
26 37 0.83361
26 38 2.51627
26 39 0.88476
26 40 5.81807
26 41 8.83629
26 42 4.37177
26 43 2.05769
26 44 5.08927
26 45 4.93469
26 46 4.47044
26 47 2.47369
26 48 2.52094
26 49 8.50357
26 50 5.04995
26 51 8.36748
26 52 2.84817
26 53 6.12188
26 54 5.52167
26 55 8.31455
26 56 4.70852
26 57 6.79493
26 58 8.76383
26 59 1.88944
26 60 7.90807
26 61 4.50497
26 62 4.56603
26 63 3.71843
26 64 6.27544
26 65 0.35436
26 66 1.12654
26 67 0.6404
26 68 4.01703
26 69 1.22563
26 70 0.7115
26 71 8.87337
26 72 3.56547
26 73 4.64935
26 74 7.30254
26 75 6.7047
26 76 3.93956
26 77 2.80204
26 78 6.92573
26 79 5.51791
26 80 6.79129
26 81 1.66308
26 82 3.24492
26 83 1.75054
26 84 6.01378
26 85 7.13186
26 86 0.86527
26 87 7.40368
26 88 3.96197
26 89 1.92088
26 90 1.35332
26 91 0.46184
26 92 1.46105
26 93 1.71275
26 94 2.34249
26 95 4.88432
26 96 1.03325
26 97 3.81951
26 98 5.05251
26 99 2.82616
27 28 2.31746
27 29 0.75997
27 30 0.68496
27 31 0.70601
27 32 3.90689
27 33 8.35705
27 34 8.27674
27 35 3.25925
27 36 4.07302
27 37 1.06673
27 38 6.41619
27 39 7.33344
27 40 0.93721
27 41 6.32437
27 42 6.33569
27 43 6.55839
27 44 6.71206
27 45 3.62881
27 46 6.31635
27 47 2.01268
27 48 1.48077
27 49 5.20134
27 50 7.11462
27 51 5.75965
27 52 7.58302
27 53 8.98313
27 54 6.69437
27 55 8.49425
27 56 3.78278
27 57 0.85113
27 58 1.36143
27 59 7.40693
27 60 0.45979
27 61 3.59361
27 62 0.62209
27 63 5.2559
27 64 6.36244
27 65 3.47516
27 66 3.5046
27 67 1.19658
27 68 3.90769
27 69 7.58118
27 70 5.14692
27 71 3.25432
27 72 8.65931
27 73 7.86047
27 74 8.8555
27 75 1.28095
27 76 8.70378
27 77 5.45753
27 78 8.9693
27 79 0.27575
27 80 5.27662
27 81 5.78233
27 82 2.56576
27 83 1.78088
27 84 5.63274
27 85 3.92797
27 86 0.9993
27 87 1.11174
27 88 4.01472
27 89 5.7439
27 90 2.32997
27 91 5.95892
27 92 4.53818
27 93 7.78054
27 94 7.53732
27 95 2.38679
27 96 4.58531
27 97 7.89695
27 98 2.57733
27 99 1.02278
28 29 3.82427
28 30 3.09047
28 31 1.48767
28 32 5.38733
28 33 6.18201
28 34 1.59325
28 35 0.55525
28 36 6.73561
28 37 0.96261
28 38 6.00578
28 39 1.6744
28 40 0.1224
28 41 4.10117
28 42 3.16873
28 43 1.14029
28 44 1.33519
28 45 5.71876
28 46 4.2043
28 47 1.25703
28 48 0.88411
28 49 0.34273
28 50 6.72615
28 51 8.5047
28 52 7.02322
28 53 1.08548
28 54 7.35902
28 55 2.59433
28 56 4.98646
28 57 4.17226
28 58 6.20172
28 59 7.72144
28 60 0.46192
28 61 8.52284
28 62 6.7558
28 63 7.17304
28 64 5.88246
28 65 7.86101
28 66 7.40602
28 67 6.38987
28 68 8.49532
28 69 6.5926
28 70 5.73082
28 71 6.8958
28 72 6.3572
28 73 5.17755
28 74 5.10206
28 75 1.26299
28 76 4.10502
28 77 6.52082
28 78 0.39704
28 79 0.01997
28 80 3.17244
28 81 1.04987
28 82 1.72486
28 83 4.80864
28 84 7.89991
28 85 8.13465
28 86 0.93247
28 87 2.87601
28 88 7.141
28 89 8.80465
28 90 2.82243
28 91 7.90157
28 92 0.53627
28 93 7.22149
28 94 2.70234
28 95 2.94494
28 96 6.16636
28 97 7.60313
28 98 1.11912
28 99 1.47286
29 30 7.93674
29 31 5.77449
29 32 5.57825
29 33 2.28344
29 34 7.57683
29 35 2.80844
29 36 1.631
29 37 2.72912
29 38 7.08287
29 39 1.442
29 40 8.85716
29 41 5.09805
29 42 0.98508
29 43 8.55889
29 44 8.3617
29 45 8.5117
29 46 0.62754
29 47 6.86191
29 48 5.18627
29 49 4.12056
29 50 5.00916
29 51 0.2297
29 52 7.87352
29 53 3.49096
29 54 3.56388
29 55 3.30406
29 56 8.65425
29 57 0.30854
29 58 8.51344
29 59 5.84594
29 60 6.0007
29 61 0.91503
29 62 1.79636
29 63 6.82809
29 64 3.43881
29 65 1.84282
29 66 8.90496
29 67 5.113
29 68 2.71371
29 69 5.3609
29 70 5.54805
29 71 6.40875
29 72 8.06148
29 73 7.95946
29 74 8.16805
29 75 4.43769
29 76 8.76688
29 77 5.92501
29 78 4.14844
29 79 1.11498
29 80 1.4311
29 81 7.64484
29 82 7.79921
29 83 6.25011
29 84 4.71928
29 85 4.8684
29 86 2.2472
29 87 4.43831
29 88 2.18295
29 89 5.43749
29 90 1.84556
29 91 3.65408
29 92 3.16242
29 93 2.17901
29 94 8.0675
29 95 5.56976
29 96 1.42527
29 97 7.31037
29 98 4.59582
29 99 3.79116
30 31 8.08047
30 32 1.08658
30 33 4.83095
30 34 2.85486
30 35 7.52517
30 36 7.92861
30 37 3.43815
30 38 8.83418
30 39 0.35667
30 40 2.86621
30 41 1.57999
30 42 6.61988
30 43 5.66951
30 44 5.41707
30 45 5.20311
30 46 3.2905
30 47 3.16588
30 48 3.70459
30 49 4.13308
30 50 3.4147
30 51 3.32154
30 52 6.71665
30 53 1.63455
30 54 2.63622
30 55 4.55016
30 56 2.99679
30 57 4.67737
30 58 0.2662
30 59 7.95385
30 60 2.33151
30 61 1.47313
30 62 6.89211
30 63 1.69729
30 64 3.42339
30 65 2.00097
30 66 0.76142
30 67 8.04758
30 68 5.19247
30 69 2.84237
30 70 0.34225
30 71 8.31783
30 72 1.77247
30 73 1.81165
30 74 2.32327
30 75 8.10267
30 76 8.61517
30 77 3.27581
30 78 0.26912
30 79 4.4679
30 80 6.38131
30 81 5.88611
30 82 1.00345
30 83 4.73872
30 84 4.84078
30 85 8.63632
30 86 3.06793
30 87 2.54001
30 88 1.0394
30 89 7.65724
30 90 4.10475
30 91 7.8298
30 92 6.28323
30 93 4.05155
30 94 4.82041
30 95 6.81064
30 96 4.8921
30 97 0.06125
30 98 1.68931
30 99 3.5574
31 32 6.50795
31 33 1.17431
31 34 5.92272
31 35 3.76124
31 36 3.32183
31 37 7.85853
31 38 2.1744
31 39 8.98766
31 40 5.64232
31 41 8.54632
31 42 2.74404
31 43 8.77168
31 44 0.24712
31 45 0.53558
31 46 0.75078
31 47 1.91525
31 48 5.31914
31 49 7.31422
31 50 1.50173
31 51 0.78696
31 52 3.98354
31 53 0.36552
31 54 6.29165
31 55 7.99089
31 56 7.22319
31 57 0.13243
31 58 3.30371
31 59 0.91825
31 60 5.61729
31 61 0.3681
31 62 1.51737
31 63 3.13178
31 64 5.46982
31 65 0.03225
31 66 1.95868
31 67 7.89687
31 68 7.02676
31 69 5.10746
31 70 7.29487
31 71 4.46007
31 72 8.66089
31 73 7.51187
31 74 5.63863
31 75 2.03536
31 76 2.50239
31 77 4.89221
31 78 5.60942
31 79 0.52198
31 80 5.00363
31 81 7.75209
31 82 2.87051
31 83 5.97603
31 84 4.69133
31 85 4.46156
31 86 2.17247
31 87 3.07488
31 88 4.60809
31 89 0.07678
31 90 5.96734
31 91 2.4391
31 92 8.31894
31 93 7.2614
31 94 6.02722
31 95 2.98276
31 96 3.0622
31 97 7.71793
31 98 2.46258
31 99 2.06664
32 33 0.62237
32 34 7.5245
32 35 4.97077
32 36 4.97424
32 37 5.49632
32 38 6.79796
32 39 4.71188
32 40 5.89199
32 41 7.88943
32 42 6.11774
32 43 6.96053
32 44 1.9149
32 45 7.84036
32 46 0.62834
32 47 6.20738
32 48 3.77032
32 49 2.9179
32 50 3.817
32 51 4.09109
32 52 1.3744
32 53 0.45498
32 54 5.48763
32 55 2.39296
32 56 2.29765
32 57 5.21351
32 58 4.98975
32 59 8.98883
32 60 8.17555
32 61 2.51068
32 62 2.81195
32 63 4.42458
32 64 0.3776
32 65 3.66344
32 66 8.91982
32 67 3.40091
32 68 0.60784
32 69 1.67426
32 70 1.39306
32 71 7.65931
32 72 4.62842
32 73 2.44495
32 74 4.05388
32 75 8.18425
32 76 2.43243
32 77 6.23123
32 78 0.79357
32 79 7.64138
32 80 4.60927
32 81 7.81297
32 82 7.80931
32 83 5.36574
32 84 2.79715
32 85 3.44044
32 86 3.12942
32 87 5.25438
32 88 2.83281
32 89 2.86064
32 90 5.02216
32 91 2.49
32 92 5.09364
32 93 1.68693
32 94 6.22768
32 95 3.72521
32 96 1.13179
32 97 6.60626
32 98 5.44073
32 99 0.8278
33 34 7.90836
33 35 4.24121
33 36 1.91389
33 37 7.23171
33 38 5.19838
33 39 7.71943
33 40 5.58898
33 41 2.56338
33 42 8.10681
33 43 5.97645
33 44 3.68311
33 45 5.45241
33 46 2.43957
33 47 5.11909
33 48 7.42703
33 49 4.25964
33 50 1.76732
33 51 7.18891
33 52 2.20292
33 53 0.2312
33 54 6.81517
33 55 8.05676
33 56 7.72324
33 57 4.37664
33 58 3.13622
33 59 7.76371
33 60 7.78411
33 61 6.37661
33 62 2.39336
33 63 4.31146
33 64 1.23218
33 65 5.67149
33 66 6.67237
33 67 5.28476
33 68 6.96236
33 69 7.89738
33 70 1.70638
33 71 6.39765
33 72 0.16707
33 73 8.36016
33 74 7.46789
33 75 7.58277
33 76 1.56656
33 77 3.4545
33 78 0.73634
33 79 4.40664
33 80 3.94657
33 81 5.59578
33 82 5.99045
33 83 5.51895
33 84 8.52707
33 85 0.79966
33 86 5.34326
33 87 1.43761
33 88 3.58936
33 89 2.63241
33 90 7.78304
33 91 7.98165
33 92 8.56859
33 93 4.07368
33 94 1.90899
33 95 4.73662
33 96 5.16847
33 97 1.07811
33 98 7.02077
33 99 2.57093
34 35 7.06443
34 36 8.73436
34 37 1.7179
34 38 3.21245
34 39 1.85239
34 40 2.28394
34 41 1.60726
34 42 4.44317
34 43 7.34136
34 44 5.07222
34 45 5.91629
34 46 3.8
34 47 1.6147
34 48 8.33292
34 49 3.60721
34 50 3.40074
34 51 8.94123
34 52 1.78586
34 53 2.55014
34 54 7.30188
34 55 1.64576
34 56 4.33584
34 57 0.71251
34 58 8.05583
34 59 3.65517
34 60 6.54346
34 61 4.12397
34 62 4.84391
34 63 8.06392
34 64 7.26149
34 65 8.58439
34 66 0.35206
34 67 6.353
34 68 0.71104
34 69 3.24764
34 70 7.96696
34 71 5.01928
34 72 4.36602
34 73 6.58415
34 74 3.06564
34 75 1.58194
34 76 6.71767
34 77 3.68749
34 78 1.88569
34 79 1.38753
34 80 4.20656
34 81 5.46874
34 82 1.15349
34 83 6.49064
34 84 6.95567
34 85 7.85428
34 86 0.02743
34 87 2.33747
34 88 8.6197
34 89 0.92405
34 90 1.02597
34 91 5.08543
34 92 5.23525
34 93 0.06975
34 94 0.10941
34 95 7.70804
34 96 5.21882
34 97 8.66303
34 98 2.076
34 99 3.24961
35 36 0.22615
35 37 6.50709
35 38 3.1619
35 39 5.45684
35 40 1.09588
35 41 2.89891
35 42 4.04494
35 43 4.02191
35 44 4.83446
35 45 2.84934
35 46 7.26174
35 47 4.73646
35 48 4.25369
35 49 4.856
35 50 3.07428
35 51 8.194
35 52 5.45314
35 53 5.8759
35 54 6.91566
35 55 2.90246
35 56 3.70279
35 57 6.09866
35 58 7.99318
35 59 5.72771
35 60 0.84658
35 61 8.28926
35 62 8.19984
35 63 5.60573
35 64 8.21646
35 65 7.63531
35 66 1.6493
35 67 7.74946
35 68 1.56833
35 69 1.91915
35 70 2.5923
35 71 2.19487
35 72 7.29117
35 73 8.95121
35 74 8.14478
35 75 2.05165
35 76 0.16136
35 77 1.56751
35 78 8.21095
35 79 6.16059
35 80 2.46785
35 81 6.11451
35 82 3.4176
35 83 5.23967
35 84 4.33481
35 85 5.92186
35 86 1.15062
35 87 2.63554
35 88 7.72318
35 89 7.67136
35 90 3.05304
35 91 1.8495
35 92 0.91341
35 93 4.73851
35 94 0.0689
35 95 6.48747
35 96 8.60525
35 97 5.76335
35 98 6.69988
35 99 3.37492
36 37 2.21569
36 38 6.32645
36 39 0.32545
36 40 1.04313
36 41 0.81189
36 42 0.51211
36 43 7.48408
36 44 8.24908
36 45 6.74999
36 46 4.01568
36 47 5.02858
36 48 8.22125
36 49 4.49718
36 50 7.16147
36 51 4.92829
36 52 2.65809
36 53 2.85192
36 54 0.04566
36 55 6.75337
36 56 1.61119
36 57 2.01313
36 58 5.191
36 59 4.83332
36 60 1.42934
36 61 0.63959
36 62 8.3326
36 63 3.83716
36 64 5.20549
36 65 7.71546
36 66 8.96275
36 67 1.19249
36 68 3.71082
36 69 4.36965
36 70 1.23281
36 71 4.76552
36 72 6.80876
36 73 8.34517
36 74 0.35279
36 75 0.57871
36 76 1.15771
36 77 7.1461
36 78 8.88259
36 79 3.9621
36 80 7.929
36 81 3.93449
36 82 8.26226
36 83 3.35641
36 84 1.50245
36 85 8.4759
36 86 5.22883
36 87 8.97161
36 88 1.19224
36 89 3.57563
36 90 5.57947
36 91 1.32647
36 92 1.47709
36 93 5.29656
36 94 7.73482
36 95 2.49361
36 96 6.88074
36 97 6.11301
36 98 8.97596
36 99 0.09367
37 38 4.16838
37 39 3.16234
37 40 3.46074
37 41 4.97232
37 42 3.2877
37 43 0.3479
37 44 7.6035
37 45 4.46482
37 46 8.1913
37 47 1.1934
37 48 4.60908
37 49 2.53398
37 50 7.69805
37 51 4.15136
37 52 2.12939
37 53 2.58756
37 54 4.86663
37 55 6.62123
37 56 7.07068
37 57 6.50344
37 58 1.99736
37 59 2.15346
37 60 8.24205
37 61 3.93362
37 62 0.78677
37 63 2.30357
37 64 7.05585
37 65 2.40039
37 66 7.47357
37 67 1.80999
37 68 4.62751
37 69 0.15922
37 70 1.24842
37 71 7.89038
37 72 4.30887
37 73 2.80866
37 74 6.63596
37 75 1.11597
37 76 8.86788
37 77 7.00398
37 78 7.39591
37 79 6.20896
37 80 4.77436
37 81 8.97096
37 82 8.97296
37 83 7.05002
37 84 4.40693
37 85 0.43608
37 86 0.7824
37 87 8.06975
37 88 5.06614
37 89 0.15595
37 90 1.9739
37 91 5.07424
37 92 3.75241
37 93 6.31848
37 94 1.33769
37 95 8.74816
37 96 5.63745
37 97 5.0673
37 98 7.8837
37 99 7.13717
38 39 4.12569
38 40 6.18785
38 41 2.65942
38 42 7.81766
38 43 2.75809
38 44 3.19446
38 45 6.6135
38 46 6.84558
38 47 8.37175
38 48 2.90914
38 49 3.30293
38 50 1.63719
38 51 7.92261
38 52 3.65159
38 53 7.62138
38 54 3.91157
38 55 5.54852
38 56 2.80886
38 57 4.2089
38 58 1.73546
38 59 8.5021
38 60 3.85722
38 61 2.18625
38 62 6.8759
38 63 2.34231
38 64 0.78424
38 65 3.08178
38 66 6.35872
38 67 0.0052
38 68 7.73493
38 69 2.199
38 70 7.48641
38 71 0.59716
38 72 8.71377
38 73 6.62009
38 74 6.3045
38 75 4.02904
38 76 5.46754
38 77 5.80489
38 78 2.4507
38 79 3.65234
38 80 5.50911
38 81 1.34059
38 82 7.01467
38 83 4.1825
38 84 2.5615
38 85 7.41337
38 86 5.48847
38 87 8.03935
38 88 7.73979
38 89 8.61876
38 90 5.33895
38 91 2.81851
38 92 7.42976
38 93 6.51682
38 94 4.27368
38 95 8.19782
38 96 3.42602
38 97 5.52423
38 98 7.09291
38 99 8.67798
39 40 8.53686
39 41 1.96465
39 42 0.74886
39 43 2.24716
39 44 3.78983
39 45 1.79021
39 46 5.29497
39 47 0.05598
39 48 3.2008
39 49 0.98155
39 50 4.89487
39 51 0.16681
39 52 8.05117
39 53 6.57781
39 54 7.78872
39 55 2.68556
39 56 3.08007
39 57 8.17987
39 58 6.98258
39 59 2.98709
39 60 8.33145
39 61 8.2217
39 62 3.26551
39 63 4.67845
39 64 8.29404
39 65 3.97746
39 66 5.39261
39 67 4.05457
39 68 4.96681
39 69 1.98193
39 70 1.71522
39 71 0.87256
39 72 1.93026
39 73 1.96079
39 74 1.1172
39 75 0.21382
39 76 7.73987
39 77 1.36072
39 78 3.34614
39 79 2.64011
39 80 8.19084
39 81 3.80346
39 82 4.89224
39 83 1.44848
39 84 6.16777
39 85 8.7838
39 86 8.85325
39 87 6.86122
39 88 4.39773
39 89 7.97513
39 90 4.79865
39 91 3.50089
39 92 0.77935
39 93 5.38518
39 94 3.59931
39 95 0.42891
39 96 8.69154
39 97 3.21582
39 98 1.11058
39 99 4.40598
40 41 2.05331
40 42 5.14828
40 43 6.61747
40 44 6.5298
40 45 7.96285
40 46 7.80677
40 47 4.8374
40 48 8.57298
40 49 2.45434
40 50 8.38273
40 51 2.18994
40 52 7.05866
40 53 4.70344
40 54 1.28201
40 55 7.30169
40 56 0.51637
40 57 2.87561
40 58 8.9453
40 59 1.58867
40 60 0.5626
40 61 1.54886
40 62 1.99108
40 63 1.03938
40 64 5.9658
40 65 3.11063
40 66 4.44012
40 67 2.09482
40 68 5.00651
40 69 1.51735
40 70 4.73291
40 71 7.97861
40 72 8.02132
40 73 2.15443
40 74 5.71709
40 75 1.30623
40 76 6.21261
40 77 6.11795
40 78 1.0564
40 79 3.55493
40 80 0.57467
40 81 8.42679
40 82 6.09997
40 83 3.80793
40 84 1.65949
40 85 7.39447
40 86 2.64683
40 87 1.00092
40 88 4.41436
40 89 2.55605
40 90 8.71638
40 91 8.1094
40 92 5.88178
40 93 4.66404
40 94 8.22912
40 95 8.06539
40 96 2.33201
40 97 4.61248
40 98 4.82968
40 99 8.17998
41 42 4.51389
41 43 6.00459
41 44 6.35971
41 45 0.72798
41 46 8.59633
41 47 3.52996
41 48 0.51338
41 49 5.32189
41 50 8.26458
41 51 6.97107
41 52 2.35949
41 53 3.70546
41 54 6.76368
41 55 2.10582
41 56 3.62918
41 57 0.03106
41 58 1.2932
41 59 6.3637
41 60 5.61989
41 61 3.40749
41 62 5.15865
41 63 0.53617
41 64 4.16979
41 65 7.08405
41 66 4.07632
41 67 2.65001
41 68 1.9459
41 69 6.46776
41 70 8.76197
41 71 2.6058
41 72 6.39008
41 73 3.60336
41 74 3.12628
41 75 2.60965
41 76 3.21911
41 77 4.76639
41 78 8.25181
41 79 4.29864
41 80 3.2878
41 81 3.37807
41 82 1.00816
41 83 2.29632
41 84 3.71472
41 85 3.39481
41 86 7.71225
41 87 5.84278
41 88 8.9771
41 89 1.19338
41 90 5.42061
41 91 2.43809
41 92 6.82324
41 93 1.68616
41 94 2.99025
41 95 0.66048
41 96 1.57461
41 97 1.30657
41 98 4.03817
41 99 3.26367
42 43 8.23395
42 44 1.35276
42 45 5.01912
42 46 0.51431
42 47 0.43106
42 48 3.6366
42 49 6.08132
42 50 4.60206
42 51 1.09029
42 52 3.57429
42 53 5.66599
42 54 0.45464
42 55 2.4882
42 56 5.70705
42 57 5.66665
42 58 5.8172
42 59 1.01296
42 60 8.66499
42 61 7.49694
42 62 4.41404
42 63 0.46335
42 64 0.69356
42 65 0.51114
42 66 3.4346
42 67 3.67626
42 68 0.93524
42 69 7.94499
42 70 3.12907
42 71 0.25949
42 72 0.64257
42 73 1.97466
42 74 0.96458
42 75 3.31901
42 76 7.45642
42 77 0.4137
42 78 4.75553
42 79 8.84479
42 80 3.286
42 81 6.66741
42 82 8.15124
42 83 2.8314
42 84 6.58735
42 85 0.84633
42 86 1.66966
42 87 5.83397
42 88 6.96414
42 89 0.09029
42 90 2.74729
42 91 2.83376
42 92 6.96795
42 93 6.2068
42 94 0.70412
42 95 3.74844
42 96 0.94138
42 97 4.07769
42 98 4.60325
42 99 3.18302
43 44 1.74896
43 45 3.22816
43 46 7.88495
43 47 1.48229
43 48 6.74935
43 49 4.46206
43 50 4.27441
43 51 8.98882
43 52 8.60963
43 53 6.55172
43 54 5.94863
43 55 3.94503
43 56 4.6388
43 57 7.72395
43 58 5.37351
43 59 2.5932
43 60 1.82149
43 61 7.35323
43 62 6.2914
43 63 5.89719
43 64 1.96775
43 65 0.19759
43 66 5.40027
43 67 6.37493
43 68 1.30411
43 69 6.17657
43 70 3.82085
43 71 3.57063
43 72 0.26616
43 73 8.46947
43 74 4.32468
43 75 3.22963
43 76 5.48366
43 77 8.37059
43 78 1.91104
43 79 7.16199
43 80 1.41816
43 81 0.10367
43 82 3.32272
43 83 1.41231
43 84 1.41956
43 85 8.69838
43 86 3.47555
43 87 4.79534
43 88 0.29813
43 89 0.82157
43 90 1.35278
43 91 5.07357
43 92 8.09956
43 93 6.55258
43 94 4.52144
43 95 7.16347
43 96 3.25581
43 97 1.47966
43 98 2.84374
43 99 4.91606
44 45 6.49186
44 46 4.61763
44 47 6.37241
44 48 8.86642
44 49 7.19393
44 50 6.08791
44 51 1.16345
44 52 1.57812
44 53 0.16249
44 54 0.84995
44 55 4.2404
44 56 4.11126
44 57 5.70192
44 58 7.48545
44 59 0.45222
44 60 4.4363
44 61 2.5341
44 62 6.1718
44 63 7.4438
44 64 1.94646
44 65 2.12295
44 66 4.05758
44 67 7.65421
44 68 3.37995
44 69 7.8134
44 70 7.01391
44 71 0.88067
44 72 5.58284
44 73 4.77033
44 74 8.86306
44 75 7.67524
44 76 1.42489
44 77 7.55481
44 78 7.192
44 79 1.20475
44 80 4.71976
44 81 0.62709
44 82 1.80177
44 83 6.08459
44 84 4.40917
44 85 8.61877
44 86 2.65241
44 87 4.39002
44 88 6.37044
44 89 0.33887
44 90 2.53366
44 91 1.13267
44 92 6.15639
44 93 0.39572
44 94 0.6744
44 95 8.24914
44 96 1.30271
44 97 3.9405
44 98 6.67443
44 99 0.09654
45 46 3.60904
45 47 7.97452
45 48 2.50848
45 49 0.73382
45 50 7.24603
45 51 0.25309
45 52 7.4338
45 53 3.95764
45 54 1.2905
45 55 8.64003
45 56 5.97812
45 57 0.07471
45 58 1.82616
45 59 0.43348
45 60 2.67396
45 61 7.95356
45 62 1.09532
45 63 2.26036
45 64 4.47361
45 65 6.5856
45 66 7.79821
45 67 7.11537
45 68 3.77204
45 69 4.59065
45 70 2.64239
45 71 1.31511
45 72 8.83195
45 73 3.14424
45 74 6.34494
45 75 7.74962
45 76 4.8324
45 77 2.76369
45 78 5.9951
45 79 1.25493
45 80 7.02652
45 81 7.87091
45 82 6.42897
45 83 0.30728
45 84 5.02893
45 85 2.60351
45 86 2.63955
45 87 5.66879
45 88 5.74264
45 89 0.84779
45 90 2.84166
45 91 4.26333
45 92 7.90909
45 93 3.90493
45 94 4.88108
45 95 7.01891
45 96 4.9299
45 97 1.07544
45 98 4.29631
45 99 3.88994
46 47 0.86696
46 48 7.43115
46 49 2.84661
46 50 3.30684
46 51 1.09574
46 52 7.5981
46 53 4.97855
46 54 3.56098
46 55 1.99243
46 56 1.07891
46 57 4.13904
46 58 0.38261
46 59 4.96712
46 60 5.20049
46 61 6.01143
46 62 7.99615
46 63 6.72631
46 64 8.22802
46 65 3.1
46 66 0.5114
46 67 4.89517
46 68 5.50162
46 69 6.96634
46 70 0.84791
46 71 3.10974
46 72 1.64868
46 73 7.93006
46 74 1.1982
46 75 0.03739
46 76 4.60412
46 77 6.80453
46 78 5.73799
46 79 8.0274
46 80 4.43584
46 81 6.51429
46 82 0.40428
46 83 4.22102
46 84 7.53033
46 85 6.60933
46 86 8.14086
46 87 5.6353
46 88 3.91814
46 89 5.3994
46 90 5.74597
46 91 6.0124
46 92 7.28792
46 93 4.47858
46 94 8.51495
46 95 5.65244
46 96 3.68991
46 97 3.58307
46 98 2.56674
46 99 0.75102
47 48 5.65127
47 49 7.27752
47 50 1.49836
47 51 8.48708
47 52 8.20471
47 53 3.32889
47 54 6.09667
47 55 4.0176
47 56 0.58602
47 57 1.24342
47 58 3.98017
47 59 2.68592
47 60 4.27216
47 61 6.08623
47 62 1.91616
47 63 4.73554
47 64 3.47693
47 65 3.13944
47 66 7.72574
47 67 3.94258
47 68 3.50642
47 69 6.06264
47 70 3.8352
47 71 0.00506
47 72 1.11062
47 73 5.80666
47 74 2.53704
47 75 2.24065
47 76 1.08905
47 77 2.05471
47 78 7.62813
47 79 0.182
47 80 0.53902
47 81 5.38705
47 82 0.99572
47 83 3.99162
47 84 7.69789
47 85 0.5312
47 86 7.38292
47 87 2.46729
47 88 3.05248
47 89 5.53217
47 90 1.5275
47 91 8.26713
47 92 6.45213
47 93 8.59445
47 94 4.48092
47 95 4.38242
47 96 1.87419
47 97 2.29827
47 98 4.34654
47 99 6.30063
48 49 6.60225
48 50 7.79003
48 51 0.45709
48 52 5.74021
48 53 3.34656
48 54 5.36139
48 55 5.84016
48 56 0.64575
48 57 5.37944
48 58 6.56707
48 59 5.3428
48 60 6.87879
48 61 3.56477
48 62 7.58274
48 63 3.85866
48 64 1.9419
48 65 7.40405
48 66 0.24386
48 67 7.86022
48 68 6.52533
48 69 3.87713
48 70 4.39573
48 71 0.57966
48 72 1.74475
48 73 4.12008
48 74 8.56554
48 75 0.95153
48 76 2.39967
48 77 6.50576
48 78 0.93203
48 79 2.36093
48 80 1.29988
48 81 8.10416
48 82 7.07718
48 83 5.80483
48 84 2.05936
48 85 5.32186
48 86 3.44401
48 87 4.58873
48 88 2.68787
48 89 5.27784
48 90 6.25254
48 91 1.40549
48 92 6.55563
48 93 4.14287
48 94 6.61987
48 95 8.81372
48 96 3.33337
48 97 4.00124
48 98 7.67933
48 99 1.64919
49 50 4.10252
49 51 8.02655
49 52 0.44149
49 53 4.23267
49 54 8.95035
49 55 8.46404
49 56 0.19299
49 57 0.8884
49 58 1.40886
49 59 8.25609
49 60 3.14307
49 61 0.34228
49 62 0.35712
49 63 2.6872
49 64 1.39604
49 65 5.96416
49 66 4.93266
49 67 8.99781
49 68 2.43611
49 69 6.94476
49 70 1.56689
49 71 3.49905
49 72 0.57623
49 73 3.05818
49 74 1.77343
49 75 1.15202
49 76 1.82239
49 77 3.14434
49 78 8.35502
49 79 1.96083
49 80 2.61714
49 81 6.92548
49 82 5.26409
49 83 2.85091
49 84 8.69087
49 85 2.85345
49 86 7.85116
49 87 4.11306
49 88 2.77342
49 89 7.6604
49 90 7.68496
49 91 8.38374
49 92 7.21291
49 93 3.25818
49 94 5.36329
49 95 1.71966
49 96 3.00401
49 97 5.22485
49 98 1.70269
49 99 0.81845
50 51 4.10371
50 52 4.36777
50 53 2.10649
50 54 8.01109
50 55 0.08795
50 56 0.02312
50 57 8.42114
50 58 8.45878
50 59 3.2182
50 60 8.70087
50 61 7.29913
50 62 8.36219
50 63 2.65658
50 64 1.04007
50 65 2.31942
50 66 4.40721
50 67 3.93887
50 68 8.32866
50 69 8.56821
50 70 1.36966
50 71 7.04118
50 72 6.6786
50 73 0.90349
50 74 5.10218
50 75 6.12639
50 76 7.52202
50 77 3.01485
50 78 5.8845
50 79 2.80595
50 80 3.88103
50 81 4.23789
50 82 0.39343
50 83 2.61979
50 84 7.48717
50 85 0.28564
50 86 5.1398
50 87 5.11006
50 88 5.39597
50 89 7.88455
50 90 6.60416
50 91 4.73224
50 92 0.46012
50 93 8.09412
50 94 2.39917
50 95 0.86104
50 96 7.98724
50 97 6.95929
50 98 4.04862
50 99 0.54784
51 52 6.13611
51 53 7.20927
51 54 5.22892
51 55 5.84289
51 56 4.3738
51 57 2.45647
51 58 0.05777
51 59 3.30321
51 60 8.26458
51 61 6.49053
51 62 1.5345
51 63 0.98232
51 64 3.88992
51 65 2.96577
51 66 7.08153
51 67 8.87195
51 68 5.7303
51 69 5.18332
51 70 8.54003
51 71 8.46171
51 72 7.98911
51 73 0.26849
51 74 8.69371
51 75 1.39426
51 76 2.86843
51 77 7.76066
51 78 6.57641
51 79 7.06614
51 80 5.07549
51 81 0.35076
51 82 5.62544
51 83 6.01123
51 84 3.14684
51 85 6.3442
51 86 1.70835
51 87 8.66926
51 88 1.31527
51 89 5.86148
51 90 2.00091
51 91 1.86578
51 92 1.39999
51 93 2.40026
51 94 8.22181
51 95 4.75841
51 96 5.18187
51 97 0.68425
51 98 2.47376
51 99 3.13379
52 53 5.51913
52 54 1.30061
52 55 3.96752
52 56 0.04671
52 57 8.85191
52 58 5.43517
52 59 5.35757
52 60 6.81439
52 61 7.81337
52 62 6.82879
52 63 1.3631
52 64 8.63373
52 65 6.8099
52 66 1.64495
52 67 0.51995
52 68 1.9196
52 69 8.47164
52 70 1.5375
52 71 8.63582
52 72 5.01091
52 73 4.64462
52 74 5.29351
52 75 6.0715
52 76 7.62185
52 77 2.92367
52 78 2.25536
52 79 7.39448
52 80 6.52726
52 81 3.69576
52 82 6.55271
52 83 0.57834
52 84 1.16227
52 85 1.26115
52 86 4.44536
52 87 4.06572
52 88 7.31373
52 89 2.4632
52 90 4.80528
52 91 7.90398
52 92 1.9162
52 93 2.57411
52 94 2.97399
52 95 3.74173
52 96 6.3262
52 97 1.04409
52 98 0.48752
52 99 4.77436
53 54 2.53979
53 55 4.15556
53 56 5.06937
53 57 2.69869
53 58 7.43213
53 59 5.38246
53 60 5.64317
53 61 1.27722
53 62 7.08762
53 63 4.66554
53 64 2.6829
53 65 7.6825
53 66 8.47926
53 67 2.16712
53 68 4.92863
53 69 6.36091
53 70 6.69056
53 71 0.76904
53 72 4.75104
53 73 8.74783
53 74 2.98267
53 75 2.34469
53 76 0.90806
53 77 3.46497
53 78 7.37958
53 79 0.53946
53 80 8.52401
53 81 1.82297
53 82 0.70313
53 83 0.74583
53 84 8.33961
53 85 4.15579
53 86 6.42198
53 87 3.67103
53 88 4.99007
53 89 7.45444
53 90 2.9417
53 91 8.93758
53 92 4.04967
53 93 4.20759
53 94 3.88404
53 95 2.97998
53 96 7.54655
53 97 7.68791
53 98 4.31556
53 99 6.72574
54 55 1.99601
54 56 1.62869
54 57 6.57819
54 58 3.95961
54 59 0.72963
54 60 8.60407
54 61 3.57229
54 62 6.39495
54 63 2.21821
54 64 1.80627
54 65 2.90219
54 66 1.87225
54 67 2.40475
54 68 6.10002
54 69 0.45399
54 70 5.31343
54 71 3.1945
54 72 4.68511
54 73 1.17062
54 74 3.10065
54 75 2.11618
54 76 0.2619
54 77 1.75741
54 78 8.31846
54 79 6.38728
54 80 0.44999
54 81 8.75498
54 82 3.61808
54 83 3.18753
54 84 1.19303
54 85 8.74534
54 86 3.01503
54 87 5.88055
54 88 8.59939
54 89 6.81492
54 90 0.4108
54 91 7.43168
54 92 2.4778
54 93 4.50924
54 94 2.51248
54 95 6.93877
54 96 2.01415
54 97 0.36859
54 98 5.39617
54 99 0.81774
55 56 3.12218
55 57 3.5922
55 58 6.79001
55 59 0.69246
55 60 0.76761
55 61 0.25644
55 62 0.72767
55 63 5.18619
55 64 0.95684
55 65 4.83418
55 66 5.67512
55 67 7.05033
55 68 2.7635
55 69 8.74855
55 70 5.91215
55 71 0.55239
55 72 2.27048
55 73 0.00916
55 74 4.93807
55 75 6.96797
55 76 1.77803
55 77 1.43194
55 78 4.99548
55 79 0.56559
55 80 5.28435
55 81 3.42485
55 82 1.04352
55 83 8.7973
55 84 1.96495
55 85 7.6068
55 86 3.97825
55 87 1.23536
55 88 8.38538
55 89 8.08939
55 90 3.88113
55 91 6.1327
55 92 1.80608
55 93 8.09229
55 94 5.9458
55 95 2.6668
55 96 3.26978
55 97 5.50138
55 98 3.80776
55 99 8.49466
56 57 8.95533
56 58 5.35727
56 59 3.06901
56 60 6.24282
56 61 2.64773
56 62 5.45779
56 63 2.03086
56 64 8.88559
56 65 8.53539
56 66 5.19479
56 67 0.2408
56 68 3.94567
56 69 8.01368
56 70 2.39589
56 71 0.74654
56 72 4.0292
56 73 2.48676
56 74 4.57864
56 75 2.36127
56 76 2.95686
56 77 6.99221
56 78 5.98757
56 79 4.34184
56 80 6.22664
56 81 1.38627
56 82 6.54064
56 83 4.47566
56 84 2.75023
56 85 3.57477
56 86 6.97473
56 87 3.15737
56 88 5.36468
56 89 7.44491
56 90 2.37834
56 91 6.60846
56 92 2.52903
56 93 6.40492
56 94 5.99106
56 95 4.34412
56 96 6.18004
56 97 8.00435
56 98 4.65712
56 99 4.8186
57 58 2.02662
57 59 2.36069
57 60 1.03601
57 61 1.15274
57 62 6.49663
57 63 1.43257
57 64 7.46257
57 65 1.5257
57 66 1.33887
57 67 8.35707
57 68 6.92186
57 69 8.23698
57 70 7.73408
57 71 4.55965
57 72 2.52052
57 73 2.89233
57 74 0.52803
57 75 1.93059
57 76 2.18558
57 77 7.092
57 78 4.09568
57 79 3.42643
57 80 0.90582
57 81 6.26762
57 82 5.85646
57 83 0.78298
57 84 5.95117
57 85 3.83125
57 86 6.88719
57 87 8.24741
57 88 2.06423
57 89 6.69847
57 90 7.53323
57 91 6.2577
57 92 8.88152
57 93 1.45269
57 94 2.39007
57 95 4.00751
57 96 2.16586
57 97 5.23153
57 98 0.64087
57 99 4.68872
58 59 0.06871
58 60 3.25236
58 61 4.35607
58 62 1.64111
58 63 7.35254
58 64 6.06789
58 65 5.30261
58 66 6.09714
58 67 6.39919
58 68 0.38149
58 69 1.00809
58 70 1.99671
58 71 0.80638
58 72 6.94065
58 73 8.71042
58 74 5.92174
58 75 3.98898
58 76 2.08802
58 77 3.99505
58 78 0.52319
58 79 2.07577
58 80 6.53163
58 81 5.95736
58 82 0.42215
58 83 4.81124
58 84 1.3658
58 85 1.06205
58 86 5.70176
58 87 5.71716
58 88 7.20956
58 89 6.86116
58 90 2.25825
58 91 8.53247
58 92 1.47673
58 93 4.12903
58 94 3.69591
58 95 2.86837
58 96 5.88596
58 97 7.5705
58 98 1.37558
58 99 4.72457
59 60 5.80936
59 61 7.58126
59 62 0.58074
59 63 6.10932
59 64 2.71058
59 65 0.13866
59 66 5.44368
59 67 2.27724
59 68 5.04281
59 69 4.80094
59 70 6.60782
59 71 5.12477
59 72 8.3422
59 73 6.39587
59 74 7.37504
59 75 8.71167
59 76 4.89831
59 77 4.94437
59 78 5.48608
59 79 1.22456
59 80 7.76149
59 81 2.81357
59 82 4.62107
59 83 7.04356
59 84 2.09563
59 85 8.45318
59 86 6.97988
59 87 6.43245
59 88 5.21436
59 89 2.00468
59 90 5.13872
59 91 5.55414
59 92 0.02852
59 93 7.62201
59 94 4.32059
59 95 3.61369
59 96 8.52994
59 97 7.21552
59 98 0.71197
59 99 2.30514
60 61 8.25761
60 62 3.61853
60 63 2.35431
60 64 7.07139
60 65 7.82401
60 66 3.99646
60 67 0.01328
60 68 6.06889
60 69 7.77957
60 70 6.91225
60 71 3.43504
60 72 3.96845
60 73 8.83538
60 74 0.76607
60 75 6.05402
60 76 4.42662
60 77 1.5655
60 78 5.17091
60 79 3.85144
60 80 1.61365
60 81 8.0958
60 82 0.09431
60 83 2.9473
60 84 6.3306
60 85 4.38398
60 86 5.4466
60 87 8.59998
60 88 0.90163
60 89 8.2439
60 90 6.80654
60 91 5.7322
60 92 6.35587
60 93 2.54974
60 94 0.18811
60 95 0.56583
60 96 1.7918
60 97 7.83994
60 98 4.6468
60 99 1.53042
61 62 7.51434
61 63 6.98081
61 64 0.36475
61 65 8.34424
61 66 6.22143
61 67 3.04808
61 68 5.66855
61 69 7.31633
61 70 5.30356
61 71 5.53625
61 72 8.219
61 73 6.46124
61 74 7.47745
61 75 4.36871
61 76 8.88581
61 77 2.99211
61 78 2.14109
61 79 5.30985
61 80 5.64212
61 81 0.01445
61 82 1.5565
61 83 5.41097
61 84 4.96921
61 85 4.85769
61 86 5.08998
61 87 3.90786
61 88 1.48806
61 89 6.60875
61 90 6.78612
61 91 3.36714
61 92 2.72545
61 93 0.69397
61 94 6.24681
61 95 3.96899
61 96 5.75716
61 97 2.00722
61 98 7.3833
61 99 6.72665
62 63 6.13698
62 64 8.39366
62 65 2.68907
62 66 0.24641
62 67 4.85919
62 68 1.38586
62 69 4.62075
62 70 8.87907
62 71 1.69312
62 72 2.81783
62 73 4.47133
62 74 1.25305
62 75 4.2455
62 76 1.35076
62 77 7.8484
62 78 1.27322
62 79 6.88796
62 80 5.33679
62 81 8.8267
62 82 0.49255
62 83 6.41903
62 84 4.50174
62 85 4.79404
62 86 5.08949
62 87 8.47154
62 88 4.42008
62 89 6.88514
62 90 3.50077
62 91 4.29419
62 92 4.91725
62 93 6.29907
62 94 5.39961
62 95 1.57408
62 96 5.36879
62 97 6.50679
62 98 7.43151
62 99 5.55268
63 64 6.09604
63 65 3.48366
63 66 3.95974
63 67 8.60273
63 68 5.04902
63 69 2.19287
63 70 2.89783
63 71 3.67825
63 72 1.25333
63 73 8.26358
63 74 7.16369
63 75 2.4176
63 76 3.30612
63 77 2.77056
63 78 7.62802
63 79 3.76193
63 80 0.74489
63 81 1.7308
63 82 4.44366
63 83 3.18612
63 84 3.56452
63 85 0.01702
63 86 0.56622
63 87 0.69926
63 88 2.15533
63 89 7.63197
63 90 1.42077
63 91 8.57615
63 92 1.88765
63 93 4.5644
63 94 3.41769
63 95 7.33188
63 96 4.71873
63 97 4.4044
63 98 2.10491
63 99 7.24584
64 65 7.94561
64 66 5.129
64 67 8.14335
64 68 6.80859
64 69 7.20795
64 70 0.60399
64 71 6.24543
64 72 2.05153
64 73 6.05015
64 74 5.92732
64 75 1.69802
64 76 1.74615
64 77 5.16859
64 78 6.31896
64 79 6.72338
64 80 4.79881
64 81 8.04908
64 82 2.93422
64 83 0.33832
64 84 8.23503
64 85 3.97813
64 86 2.87206
64 87 3.15068
64 88 7.73897
64 89 8.89559
64 90 6.58588
64 91 4.07809
64 92 5.67554
64 93 2.38371
64 94 6.88796
64 95 7.27611
64 96 3.75965
64 97 7.00041
64 98 5.67777
64 99 6.78596
65 66 0.57016
65 67 4.21108
65 68 3.34217
65 69 5.39497
65 70 7.83178
65 71 0.25804
65 72 4.17232
65 73 4.75859
65 74 0.10537
65 75 4.76238
65 76 6.01348
65 77 0.94718
65 78 4.11122
65 79 1.6163
65 80 6.39413
65 81 2.81144
65 82 2.37046
65 83 4.92775
65 84 2.27272
65 85 8.70495
65 86 4.65025
65 87 7.18973
65 88 1.47216
65 89 5.47307
65 90 1.20353
65 91 1.7153
65 92 1.92944
65 93 5.56116
65 94 2.60506
65 95 6.81124
65 96 7.34271
65 97 3.72963
65 98 7.70131
65 99 2.84024
66 67 5.8412
66 68 2.40564
66 69 6.00887
66 70 1.90391
66 71 8.72383
66 72 6.45601
66 73 7.48384
66 74 0.72815
66 75 1.20898
66 76 0.80915
66 77 5.91219
66 78 0.45076
66 79 6.53332
66 80 5.53964
66 81 7.53264
66 82 0.31668
66 83 7.8566
66 84 5.10302
66 85 6.98901
66 86 2.71135
66 87 3.81934
66 88 5.4921
66 89 5.3131
66 90 8.7391
66 91 3.62639
66 92 3.31409
66 93 2.79305
66 94 1.33234
66 95 8.35121
66 96 8.43663
66 97 6.41166
66 98 2.13014
66 99 1.96194
67 68 1.25616
67 69 1.61248
67 70 1.02124
67 71 2.05931
67 72 8.5946
67 73 1.86243
67 74 2.91188
67 75 1.84979
67 76 6.57771
67 77 1.88551
67 78 3.45957
67 79 6.94472
67 80 1.4161
67 81 6.11647
67 82 5.0772
67 83 2.69348
67 84 3.45782
67 85 0.72791
67 86 4.76283
67 87 4.48709
67 88 5.01859
67 89 4.92355
67 90 6.44529
67 91 1.07123
67 92 2.59693
67 93 8.56799
67 94 1.34343
67 95 4.51511
67 96 5.10523
67 97 8.24519
67 98 1.33385
67 99 0.78357
68 69 7.421
68 70 3.93074
68 71 6.21164
68 72 4.07229
68 73 2.5669
68 74 0.52791
68 75 6.52797
68 76 1.69327
68 77 4.44018
68 78 5.77708
68 79 4.35896
68 80 2.93514
68 81 3.78442
68 82 4.71636
68 83 6.25104
68 84 4.07143
68 85 8.4315
68 86 7.82128
68 87 4.94832
68 88 8.76908
68 89 4.13778
68 90 0.05664
68 91 7.7315
68 92 4.79034
68 93 3.43123
68 94 5.20231
68 95 5.67971
68 96 2.68208
68 97 6.46616
68 98 2.22858
68 99 4.65995
69 70 3.80009
69 71 2.35394
69 72 2.65617
69 73 7.6207
69 74 0.06512
69 75 4.9113
69 76 4.99207
69 77 4.02167
69 78 5.80638
69 79 3.69245
69 80 2.60923
69 81 4.55716
69 82 4.22212
69 83 2.59182
69 84 5.16257
69 85 0.24904
69 86 7.87884
69 87 7.33883
69 88 4.57931
69 89 1.75634
69 90 0.14843
69 91 8.52016
69 92 8.97891
69 93 8.84344
69 94 0.87259
69 95 4.75659
69 96 8.14075
69 97 4.85703
69 98 6.52035
69 99 8.14093
70 71 8.63447
70 72 8.48906
70 73 4.5188
70 74 0.27447
70 75 3.94474
70 76 3.6466
70 77 1.65847
70 78 8.18342
70 79 5.19577
70 80 0.45127
70 81 8.21958
70 82 8.13353
70 83 6.36591
70 84 1.59171
70 85 1.50577
70 86 2.29055
70 87 8.51544
70 88 5.04467
70 89 5.24258
70 90 3.78773
70 91 0.74556
70 92 3.72713
70 93 6.01949
70 94 2.98441
70 95 4.00844
70 96 2.35577
70 97 6.71898
70 98 0.70771
70 99 8.07053
71 72 6.44
71 73 3.6672
71 74 1.7831
71 75 1.65371
71 76 8.91934
71 77 3.59373
71 78 5.37009
71 79 5.60684
71 80 1.83012
71 81 2.54686
71 82 8.51387
71 83 3.15919
71 84 7.06289
71 85 6.83352
71 86 6.53217
71 87 2.64382
71 88 6.05832
71 89 1.94214
71 90 6.61
71 91 6.88892
71 92 0.8091
71 93 0.96817
71 94 7.67234
71 95 1.18643
71 96 3.55646
71 97 7.3698
71 98 3.5527
71 99 0.33623
72 73 7.97753
72 74 1.73806
72 75 7.7126
72 76 7.81179
72 77 4.46765
72 78 8.84125
72 79 0.65043
72 80 2.31804
72 81 2.57384
72 82 4.12819
72 83 1.42962
72 84 6.62051
72 85 4.7832
72 86 8.62773
72 87 0.05187
72 88 6.24269
72 89 8.8487
72 90 7.37197
72 91 1.37967
72 92 0.78526
72 93 6.15822
72 94 4.07714
72 95 1.39571
72 96 5.1419
72 97 3.34894
72 98 0.37816
72 99 3.26056
73 74 3.74495
73 75 1.59753
73 76 0.22715
73 77 2.71461
73 78 3.9267
73 79 2.72209
73 80 2.014
73 81 6.1172
73 82 5.11627
73 83 4.83883
73 84 0.93648
73 85 0.21485
73 86 7.68396
73 87 4.8397
73 88 7.47909
73 89 5.33634
73 90 0.31746
73 91 4.37296
73 92 8.49261
73 93 4.59685
73 94 6.2604
73 95 1.95737
73 96 6.68094
73 97 6.16662
73 98 6.51432
73 99 6.0511
74 75 3.66581
74 76 6.58122
74 77 8.96176
74 78 7.5428
74 79 3.33801
74 80 7.73912
74 81 0.02117
74 82 2.75917
74 83 1.08629
74 84 3.27436
74 85 4.73967
74 86 4.88307
74 87 6.71288
74 88 7.36837
74 89 1.58676
74 90 3.58757
74 91 0.69672
74 92 6.76541
74 93 5.03955
74 94 7.33805
74 95 6.93566
74 96 5.25192
74 97 1.19144
74 98 7.66102
74 99 2.51413
75 76 1.08106
75 77 4.6893
75 78 8.47097
75 79 3.82566
75 80 6.3135
75 81 2.27837
75 82 5.53789
75 83 4.50467
75 84 8.6196
75 85 0.6388
75 86 3.01941
75 87 4.68952
75 88 0.36798
75 89 1.44741
75 90 2.73428
75 91 1.57227
75 92 5.96184
75 93 4.19725
75 94 8.47116
75 95 7.9011
75 96 5.60099
75 97 0.12124
75 98 8.00787
75 99 7.61239
76 77 7.68017
76 78 3.47806
76 79 3.0865
76 80 5.77143
76 81 0.74003
76 82 2.38192
76 83 7.21523
76 84 4.10096
76 85 5.28512
76 86 0.36734
76 87 1.80875
76 88 5.54619
76 89 2.30533
76 90 4.1144
76 91 2.39772
76 92 8.98343
76 93 8.41365
76 94 6.59719
76 95 2.86896
76 96 5.73654
76 97 0.09957
76 98 7.15713
76 99 8.80391
77 78 8.77356
77 79 3.32508
77 80 0.5758
77 81 8.95948
77 82 8.18949
77 83 1.4428
77 84 2.13872
77 85 0.92128
77 86 7.38887
77 87 6.51855
77 88 5.5125
77 89 0.18032
77 90 5.86358
77 91 8.86138
77 92 1.87692
77 93 8.79178
77 94 1.28259
77 95 6.24548
77 96 7.75001
77 97 1.06788
77 98 4.36962
77 99 3.75218
78 79 6.91683
78 80 2.11831
78 81 5.84851
78 82 3.7513
78 83 3.07476
78 84 0.46125
78 85 2.81203
78 86 7.49435
78 87 0.19048
78 88 5.7715
78 89 5.06908
78 90 8.28393
78 91 5.50378
78 92 7.44106
78 93 7.90168
78 94 1.12646
78 95 1.83494
78 96 5.38669
78 97 8.18038
78 98 3.18417
78 99 7.39795
79 80 4.78175
79 81 1.36091
79 82 1.50838
79 83 2.37292
79 84 1.11829
79 85 5.93821
79 86 2.41446
79 87 4.37553
79 88 6.45966
79 89 0.56071
79 90 6.30812
79 91 3.00891
79 92 3.35492
79 93 0.47271
79 94 8.04138
79 95 2.20267
79 96 6.80074
79 97 3.21143
79 98 6.48203
79 99 7.51664
80 81 2.13289
80 82 5.87161
80 83 0.33036
80 84 6.31979
80 85 6.37702
80 86 1.0743
80 87 7.02033
80 88 6.43893
80 89 2.21947
80 90 1.47924
80 91 1.32304
80 92 5.23395
80 93 0.46026
80 94 8.32499
80 95 6.30092
80 96 3.02789
80 97 0.24091
80 98 8.34534
80 99 8.79053
81 82 6.67074
81 83 4.83168
81 84 1.31882
81 85 8.06792
81 86 8.4623
81 87 6.60484
81 88 8.89569
81 89 0.04894
81 90 7.81835
81 91 3.17165
81 92 2.85784
81 93 2.30267
81 94 4.98585
81 95 6.58761
81 96 1.47707
81 97 3.47319
81 98 2.29429
81 99 7.20574
82 83 4.35002
82 84 5.36625
82 85 8.65804
82 86 7.16529
82 87 5.85257
82 88 7.86116
82 89 6.21343
82 90 7.80627
82 91 3.54486
82 92 0.2376
82 93 8.12356
82 94 2.61247
82 95 4.38827
82 96 6.80013
82 97 3.11435
82 98 4.67471
82 99 1.18258
83 84 2.54198
83 85 8.62278
83 86 0.82185
83 87 8.33138
83 88 8.82494
83 89 8.7317
83 90 7.19968
83 91 2.05096
83 92 7.3978
83 93 8.46854
83 94 7.57381
83 95 6.38721
83 96 2.27878
83 97 6.5784
83 98 7.21523
83 99 3.98733
84 85 8.22593
84 86 2.11369
84 87 1.28137
84 88 4.62186
84 89 6.99702
84 90 2.49232
84 91 0.38986
84 92 4.87862
84 93 0.34316
84 94 8.67854
84 95 0.78658
84 96 6.28596
84 97 1.31888
84 98 5.17282
84 99 2.847
85 86 5.37073
85 87 6.21011
85 88 5.81072
85 89 1.92233
85 90 5.02424
85 91 1.6389
85 92 5.51862
85 93 2.61743
85 94 7.30196
85 95 8.42198
85 96 7.69356
85 97 1.80322
85 98 7.24453
85 99 0.00591
86 87 3.73159
86 88 7.18971
86 89 3.38816
86 90 6.64922
86 91 8.03262
86 92 0.16128
86 93 4.38478
86 94 7.64945
86 95 4.18596
86 96 3.47014
86 97 8.64524
86 98 8.40872
86 99 8.52208
87 88 7.04883
87 89 3.93921
87 90 6.36102
87 91 5.01725
87 92 6.85248
87 93 0.13782
87 94 0.65398
87 95 5.48589
87 96 4.40492
87 97 1.1071
87 98 2.57217
87 99 3.87586
88 89 5.52272
88 90 2.87688
88 91 8.31841
88 92 3.06507
88 93 2.47813
88 94 0.00625
88 95 2.92326
88 96 1.72198
88 97 8.73932
88 98 5.00341
88 99 2.44663
89 90 5.13457
89 91 5.87955
89 92 1.54731
89 93 3.80076
89 94 3.96836
89 95 3.61753
89 96 4.35399
89 97 2.39388
89 98 4.84521
89 99 1.24637
90 91 0.68646
90 92 0.37626
90 93 0.33546
90 94 8.20224
90 95 8.95546
90 96 7.69226
90 97 8.69465
90 98 1.25826
90 99 8.75038
91 92 2.49124
91 93 5.5849
91 94 5.04309
91 95 3.93588
91 96 6.25151
91 97 2.71749
91 98 7.99407
91 99 7.6159
92 93 8.91844
92 94 4.13831
92 95 6.48438
92 96 8.34549
92 97 8.33098
92 98 7.82757
92 99 6.9887
93 94 5.46252
93 95 7.95155
93 96 5.19307
93 97 4.76001
93 98 7.76031
93 99 6.99218
94 95 7.65674
94 96 8.92446
94 97 7.95155
94 98 6.3299
94 99 1.17513
95 96 3.9021
95 97 4.81814
95 98 6.94914
95 99 0.56076
96 97 3.91124
96 98 8.22785
96 99 4.19666
97 98 3.2976
97 99 3.9583
98 99 6.44464
