100 30
0 1 1.98782
0 2 8.19393
0 3 1.00381
0 4 0.06436
0 5 2.60155
0 6 4.65246
0 7 6.39359
0 8 3.81594
0 9 3.68406
0 10 0.48743
0 11 4.97577
0 12 5.61939
0 13 0.03274
0 14 2.28027
0 15 5.3677
0 16 3.07034
0 17 2.54666
0 18 5.97075
0 19 7.4819
0 20 0.33092
0 21 2.49216
0 22 5.25622
0 23 3.58975
0 24 6.97663
0 25 8.19995
0 26 3.85817
0 27 0.698
0 28 6.52128
0 29 0.89132
0 30 3.13801
0 31 7.14546
0 32 3.16858
0 33 7.53681
0 34 0.86398
0 35 5.04927
0 36 7.4174
0 37 0.30393
0 38 3.7818
0 39 7.16829
0 40 6.57092
0 41 6.22879
0 42 2.50847
0 43 5.30832
0 44 7.62681
0 45 8.62599
0 46 3.53006
0 47 7.64196
0 48 0.75148
0 49 1.34596
0 50 6.33959
0 51 2.01618
0 52 1.00371
0 53 0.97533
0 54 8.10844
0 55 4.59861
0 56 4.23419
0 57 7.74563
0 58 1.60576
0 59 1.33136
0 60 5.09995
0 61 8.48986
0 62 8.00729
0 63 4.20179
0 64 5.85918
0 65 4.84687
0 66 1.2255
0 67 0.1231
0 68 3.17202
0 69 0.49225
0 70 1.16437
0 71 0.27341
0 72 2.39337
0 73 3.25148
0 74 3.86736
0 75 0.36506
0 76 7.47397
0 77 7.7153
0 78 5.98724
0 79 5.40975
0 80 6.93534
0 81 2.56903
0 82 5.22463
0 83 3.43174
0 84 2.24265
0 85 6.49564
0 86 2.85703
0 87 2.81086
0 88 1.90877
0 89 0.65839
0 90 8.66765
0 91 0.31526
0 92 2.03251
0 93 2.5308
0 94 1.21661
0 95 6.49838
0 96 7.1715
0 97 6.16665
0 98 0.75629
0 99 6.3654
1 2 4.20626
1 3 8.41742
1 4 8.14662
1 5 3.39852
1 6 2.22817
1 7 3.44461
1 8 2.49571
1 9 1.51965
1 10 4.46854
1 11 7.56041
1 12 7.33152
1 13 2.41172
1 14 0.93215
1 15 5.58199
1 16 5.16146
1 17 7.12088
1 18 3.22915
1 19 2.1492
1 20 0.86703
1 21 8.91613
1 22 4.37315
1 23 4.50163
1 24 4.17426
1 25 4.54404
1 26 1.95502
1 27 3.53663
1 28 0.19046
1 29 1.31366
1 30 3.83969
1 31 0.59658
1 32 1.13802
1 33 7.07819
1 34 1.33474
1 35 6.10037
1 36 5.90196
1 37 6.06892
1 38 5.00735
1 39 5.72673
1 40 6.52086
1 41 6.62452
1 42 1.62809
1 43 0.57563
1 44 8.99224
1 45 1.25921
1 46 0.72651
1 47 7.8866
1 48 6.61584
1 49 7.75156
1 50 5.32381
1 51 2.63188
1 52 2.86483
1 53 3.06085
1 54 1.17974
1 55 3.74424
1 56 4.42479
1 57 5.60226
1 58 3.12296
1 59 7.05736
1 60 3.72899
1 61 0.5447
1 62 0.78871
1 63 2.62401
1 64 2.09494
1 65 7.42145
1 66 8.39818
1 67 7.39556
1 68 8.54178
1 69 7.35115
1 70 3.99989
1 71 2.13635
1 72 7.33312
1 73 8.67699
1 74 7.1454
1 75 7.40458
1 76 7.3148
1 77 2.85454
1 78 1.993
1 79 7.57794
1 80 6.96999
1 81 7.03651
1 82 8.3873
1 83 0.5529
1 84 3.99607
1 85 2.38173
1 86 5.86977
1 87 4.8466
1 88 4.38631
1 89 2.84086
1 90 3.33966
1 91 4.09488
1 92 4.74505
1 93 0.07491
1 94 7.73959
1 95 5.53923
1 96 2.968
1 97 7.57188
1 98 0.49432
1 99 5.46224
2 3 5.07571
2 4 7.98471
2 5 4.54748
2 6 1.07516
2 7 3.85956
2 8 8.70646
2 9 6.24691
2 10 1.70766
2 11 0.85675
2 12 4.95617
2 13 4.1729
2 14 3.41691
2 15 2.49309
2 16 3.44136
2 17 1.81283
2 18 0.10114
2 19 0.17351
2 20 1.58393
2 21 2.75777
2 22 0.52473
2 23 8.03288
2 24 2.44601
2 25 5.98669
2 26 8.79006
2 27 3.38897
2 28 3.29717
2 29 1.10905
2 30 0.52477
2 31 6.83502
2 32 3.60099
2 33 2.212
2 34 1.98432
2 35 6.96343
2 36 8.7713
2 37 5.07111
2 38 0.86639
2 39 0.16311
2 40 7.32326
2 41 3.06261
2 42 0.85715
2 43 1.63388
2 44 3.14247
2 45 0.0996
2 46 2.35275
2 47 1.35537
2 48 7.93705
2 49 7.08635
2 50 1.99639
2 51 0.25754
2 52 2.66589
2 53 1.90878
2 54 0.4941
2 55 7.75088
2 56 1.11674
2 57 7.45037
2 58 6.9628
2 59 5.54601
2 60 1.85128
2 61 6.49732
2 62 7.8261
2 63 2.82889
2 64 3.0157
2 65 5.69321
2 66 3.75015
2 67 0.73667
2 68 1.01311
2 69 7.43576
2 70 8.71997
2 71 3.00375
2 72 1.00246
2 73 8.07758
2 74 0.69408
2 75 5.27751
2 76 6.03163
2 77 0.44033
2 78 5.56771
2 79 8.26877
2 80 6.04562
2 81 3.54067
2 82 0.30099
2 83 6.06042
2 84 1.02241
2 85 8.16369
2 86 0.55639
2 87 5.43355
2 88 2.73389
2 89 1.19476
2 90 3.47138
2 91 3.86594
2 92 2.04418
2 93 0.63716
2 94 2.84291
2 95 3.90186
2 96 3.37628
2 97 6.33269
2 98 2.88367
2 99 3.85177
3 4 4.07657
3 5 4.24546
3 6 8.74415
3 7 3.90093
3 8 4.24162
3 9 1.48104
3 10 2.51299
3 11 0.53864
3 12 3.22738
3 13 2.5245
3 14 3.54354
3 15 3.33896
3 16 0.25957
3 17 0.65561
3 18 1.32953
3 19 5.62504
3 20 6.15528
3 21 8.9305
3 22 0.04062
3 23 8.90954
3 24 0.46622
3 25 4.72127
3 26 1.45504
3 27 3.75216
3 28 1.01127
3 29 8.78864
3 30 8.98877
3 31 5.8336
3 32 5.71016
3 33 7.65591
3 34 1.06342
3 35 8.87592
3 36 4.26194
3 37 3.73282
3 38 0.49507
3 39 6.96722
3 40 0.43473
3 41 7.28856
3 42 3.22699
3 43 4.29918
3 44 1.4887
3 45 1.77698
3 46 2.62206
3 47 8.44638
3 48 1.14923
3 49 7.6316
3 50 2.51085
3 51 4.24181
3 52 2.00156
3 53 3.51158
3 54 3.75451
3 55 5.80784
3 56 2.62642
3 57 1.24342
3 58 1.65527
3 59 2.29093
3 60 8.26478
3 61 1.03914
3 62 1.4151
3 63 3.3051
3 64 8.16648
3 65 4.01874
3 66 1.46843
3 67 4.56845
3 68 6.55339
3 69 7.76003
3 70 3.49333
3 71 3.61102
3 72 8.9301
3 73 6.04337
3 74 8.03337
3 75 7.05116
3 76 6.08641
3 77 2.71032
3 78 5.77845
3 79 2.79127
3 80 4.30357
3 81 1.89903
3 82 4.18283
3 83 2.39023
3 84 4.05546
3 85 7.81673
3 86 8.67187
3 87 5.98585
3 88 6.8266
3 89 2.25418
3 90 2.10437
3 91 7.60798
3 92 8.06718
3 93 7.3633
3 94 7.09138
3 95 1.85795
3 96 7.0959
3 97 5.34152
3 98 5.23517
3 99 0.50851
4 5 3.18953
4 6 5.91474
4 7 2.33722
4 8 6.90126
4 9 0.63819
4 10 8.25665
4 11 2.59191
4 12 1.72066
4 13 7.44255
4 14 3.53542
4 15 2.6573
4 16 0.3894
4 17 3.87314
4 18 8.40223
4 19 1.84772
4 20 7.6152
4 21 2.07433
4 22 5.29519
4 23 1.18956
4 24 1.62863
4 25 8.99784
4 26 4.95502
4 27 8.4468
4 28 3.23377
4 29 7.25604
4 30 0.73819
4 31 5.96608
4 32 0.48287
4 33 7.31722
4 34 1.40907
4 35 3.23012
4 36 4.28238
4 37 8.27522
4 38 3.8953
4 39 7.94466
4 40 7.22627
4 41 4.60571
4 42 4.45418
4 43 7.56576
4 44 5.83305
4 45 8.92025
4 46 7.19338
4 47 8.62464
4 48 3.27566
4 49 1.1317
4 50 8.59902
4 51 4.91225
4 52 2.97321
4 53 7.70193
4 54 0.47586
4 55 6.14959
4 56 6.68941
4 57 0.09957
4 58 4.0865
4 59 8.13197
4 60 6.39137
4 61 4.46352
4 62 2.04784
4 63 5.39643
4 64 2.94455
4 65 2.32571
4 66 5.58093
4 67 5.62695
4 68 6.26329
4 69 0.69485
4 70 7.59772
4 71 8.94036
4 72 6.68103
4 73 2.17343
4 74 7.7253
4 75 2.57815
4 76 4.74781
4 77 8.75306
4 78 4.08951
4 79 5.24869
4 80 4.49015
4 81 4.97278
4 82 1.57521
4 83 3.97814
4 84 2.37914
4 85 0.34466
4 86 6.72505
4 87 8.15584
4 88 1.31962
4 89 5.36275
4 90 5.47608
4 91 6.62137
4 92 7.47778
4 93 5.14586
4 94 3.36991
4 95 6.28004
4 96 2.96675
4 97 5.19967
4 98 0.72575
4 99 6.80735
5 6 5.10669
5 7 0.1415
5 8 1.7394
5 9 2.01408
5 10 7.11725
5 11 4.9958
5 12 7.3157
5 13 8.37947
5 14 8.78948
5 15 2.48783
5 16 4.88122
5 17 6.695
5 18 3.93883
5 19 0.16991
5 20 3.7486
5 21 8.29547
5 22 1.09375
5 23 7.86364
5 24 7.0443
5 25 8.6786
5 26 1.54473
5 27 7.28443
5 28 3.06734
5 29 3.77674
5 30 1.29668
5 31 4.29904
5 32 3.86843
5 33 7.25548
5 34 5.45992
5 35 4.40275
5 36 1.50256
5 37 4.58444
5 38 0.86325
5 39 8.98173
5 40 4.11704
5 41 3.29518
5 42 7.95459
5 43 1.06369
5 44 1.3365
5 45 2.56855
5 46 6.20606
5 47 0.36661
5 48 7.5754
5 49 4.55439
5 50 5.68314
5 51 4.88627
5 52 2.7381
5 53 1.13087
5 54 5.6958
5 55 4.95622
5 56 8.46779
5 57 5.32518
5 58 2.46097
5 59 8.91042
5 60 7.40016
5 61 0.20243
5 62 1.83888
5 63 6.11324
5 64 3.26089
5 65 2.2383
5 66 1.90074
5 67 2.69291
5 68 3.71394
5 69 5.64012
5 70 3.09986
5 71 8.78027
5 72 1.90653
5 73 3.33436
5 74 5.54387
5 75 1.24087
5 76 1.10376
5 77 6.13298
5 78 5.29805
5 79 4.98626
5 80 2.62531
5 81 5.14243
5 82 6.26809
5 83 3.43662
5 84 5.20585
5 85 6.45508
5 86 7.93842
5 87 5.38513
5 88 4.66551
5 89 6.50689
5 90 7.80009
5 91 3.2819
5 92 5.14861
5 93 2.94491
5 94 4.18073
5 95 6.03017
5 96 6.90881
5 97 4.57081
5 98 7.61773
5 99 6.51162
6 7 2.1773
6 8 2.29318
6 9 5.63518
6 10 0.49719
6 11 6.31554
6 12 0.32208
6 13 1.87375
6 14 8.04297
6 15 6.06153
6 16 3.56049
6 17 4.24015
6 18 1.81458
6 19 8.3189
6 20 2.46051
6 21 7.99664
6 22 1.15268
6 23 6.37541
6 24 6.29031
6 25 8.83574
6 26 2.40538
6 27 4.6927
6 28 7.03389
6 29 8.52237
6 30 0.91486
6 31 1.26246
6 32 5.97766
6 33 5.30235
6 34 3.48439
6 35 3.66973
6 36 0.17781
6 37 2.98743
6 38 1.80359
6 39 2.84629
6 40 8.17882
6 41 1.36058
6 42 0.02835
6 43 2.33108
6 44 8.91693
6 45 3.59111
6 46 8.45915
6 47 8.55552
6 48 5.88085
6 49 2.66767
6 50 0.17889
6 51 8.67448
6 52 4.09171
6 53 6.7255
6 54 8.50753
6 55 3.4635
6 56 5.54981
6 57 2.44418
6 58 5.48216
6 59 0.3712
6 60 0.32489
6 61 4.75351
6 62 7.15074
6 63 5.16231
6 64 5.4078
6 65 5.67918
6 66 6.29739
6 67 6.73969
6 68 6.6065
6 69 3.58039
6 70 8.03579
6 71 8.59675
6 72 7.18827
6 73 4.79951
6 74 3.59628
6 75 0.34501
6 76 4.61583
6 77 3.84295
6 78 5.78421
6 79 7.00904
6 80 2.82815
6 81 2.0333
6 82 4.24796
6 83 2.5315
6 84 0.23024
6 85 2.80639
6 86 4.14044
6 87 5.55141
6 88 3.66912
6 89 7.59452
6 90 8.37979
6 91 5.25138
6 92 3.77054
6 93 5.02096
6 94 5.73481
6 95 8.41877
6 96 6.61784
6 97 1.42958
6 98 2.65919
6 99 3.87236
7 8 5.31124
7 9 8.80427
7 10 2.13554
7 11 6.44317
7 12 0.02525
7 13 5.30529
7 14 3.92966
7 15 7.83409
7 16 7.58857
7 17 3.72753
7 18 4.25816
7 19 4.35771
7 20 7.51589
7 21 1.29609
7 22 2.64688
7 23 0.12782
7 24 8.32959
7 25 5.03896
7 26 4.90148
7 27 8.00386
7 28 1.35263
7 29 8.79226
7 30 7.92994
7 31 0.82268
7 32 6.34824
7 33 0.36584
7 34 6.45007
7 35 6.96377
7 36 1.90967
7 37 4.29449
7 38 0.69791
7 39 7.68433
7 40 2.50358
7 41 3.18975
7 42 1.35683
7 43 7.24678
7 44 1.84782
7 45 3.77922
7 46 4.53421
7 47 4.00052
7 48 8.50245
7 49 6.9089
7 50 4.15733
7 51 0.21333
7 52 4.16853
7 53 5.17665
7 54 1.85377
7 55 5.17561
7 56 2.0714
7 57 4.63474
7 58 7.55341
7 59 2.97229
7 60 4.65686
7 61 4.3411
7 62 6.90149
7 63 0.30388
7 64 1.08795
7 65 8.56975
7 66 6.69902
7 67 7.12572
7 68 1.27589
7 69 4.97327
7 70 4.33954
7 71 6.8935
7 72 1.50263
7 73 5.73743
7 74 4.68296
7 75 6.14304
7 76 1.87918
7 77 6.22097
7 78 7.30991
7 79 8.96773
7 80 1.22719
7 81 1.1447
7 82 5.52178
7 83 6.84154
7 84 8.6506
7 85 5.50961
7 86 6.74744
7 87 3.74453
7 88 5.38493
7 89 0.7452
7 90 7.22724
7 91 7.39918
7 92 0.21494
7 93 8.33658
7 94 4.34288
7 95 8.9449
7 96 1.87485
7 97 1.89345
7 98 7.82206
7 99 2.7565
8 9 8.28981
8 10 4.18631
8 11 0.61371
8 12 5.32459
8 13 4.07707
8 14 8.66595
8 15 3.40861
8 16 6.93699
8 17 0.61425
8 18 1.28762
8 19 1.79505
8 20 2.52188
8 21 1.18699
8 22 1.80317
8 23 0.18296
8 24 1.32033
8 25 1.49605
8 26 4.6773
8 27 0.28099
8 28 4.48163
8 29 7.74303
8 30 5.65612
8 31 7.79967
8 32 2.99862
8 33 2.70029
8 34 1.36329
8 35 6.29023
8 36 7.85113
8 37 2.45248
8 38 1.8647
8 39 2.2417
8 40 5.98949
8 41 4.84665
8 42 7.57719
8 43 1.01755
8 44 8.5973
8 45 0.69461
8 46 0.04679
8 47 7.22463
8 48 6.45173
8 49 7.85636
8 50 0.26941
8 51 7.9503
8 52 6.48296
8 53 0.82526
8 54 8.05361
8 55 6.83101
8 56 2.25502
8 57 5.949
8 58 3.42049
8 59 7.68704
8 60 1.92229
8 61 7.97689
8 62 6.01812
8 63 5.34204
8 64 0.63644
8 65 0.64456
8 66 7.78338
8 67 7.24253
8 68 3.83488
8 69 1.06904
8 70 7.02497
8 71 1.50632
8 72 2.3142
8 73 5.0564
8 74 5.68505
8 75 1.58827
8 76 4.61136
8 77 8.21414
8 78 7.85617
8 79 7.57297
8 80 6.34257
8 81 1.18066
8 82 1.06996
8 83 5.57246
8 84 1.03286
8 85 3.77048
8 86 1.71025
8 87 4.3779
8 88 1.55944
8 89 2.01798
8 90 5.19353
8 91 0.22223
8 92 2.81167
8 93 8.9078
8 94 0.45077
8 95 6.21915
8 96 7.02244
8 97 1.96905
8 98 6.67791
8 99 0.28802
9 10 8.14902
9 11 2.96206
9 12 4.82593
9 13 8.15093
9 14 0.94884
9 15 0.38527
9 16 8.38249
9 17 2.62573
9 18 0.61586
9 19 4.20983
9 20 0.95508
9 21 7.62729
9 22 8.14379
9 23 8.45367
9 24 4.17353
9 25 1.94088
9 26 6.46575
9 27 0.40177
9 28 3.56048
9 29 5.3132
9 30 5.35227
9 31 1.91109
9 32 3.75833
9 33 2.557
9 34 5.04697
9 35 4.39742
9 36 5.98943
9 37 2.38742
9 38 3.62022
9 39 3.27218
9 40 1.81272
9 41 0.24911
9 42 1.48561
9 43 1.6656
9 44 4.44538
9 45 5.80714
9 46 8.64264
9 47 6.51941
9 48 4.90397
9 49 3.86127
9 50 8.47361
9 51 2.64775
9 52 0.3846
9 53 4.92006
9 54 2.24166
9 55 4.17611
9 56 1.83852
9 57 5.39799
9 58 6.25575
9 59 2.51012
9 60 2.95156
9 61 3.74943
9 62 2.36059
9 63 5.19901
9 64 0.2064
9 65 3.77908
9 66 7.91157
9 67 5.39466
9 68 6.52444
9 69 1.27292
9 70 5.83431
9 71 1.57435
9 72 1.39817
9 73 7.23869
9 74 6.68344
9 75 0.06133
9 76 2.7277
9 77 4.00671
9 78 7.86332
9 79 8.69136
9 80 6.57977
9 81 8.51888
9 82 6.69598
9 83 7.69102
9 84 6.87681
9 85 3.08583
9 86 0.98263
9 87 0.9025
9 88 0.45573
9 89 1.30699
9 90 7.90346
9 91 7.79712
9 92 6.0036
9 93 0.78819
9 94 3.68249
9 95 0.21024
9 96 5.62533
9 97 1.78982
9 98 3.5079
9 99 5.78073
10 11 7.4289
10 12 5.21944
10 13 3.85594
10 14 0.54442
10 15 5.6472
10 16 8.02388
10 17 6.04836
10 18 7.82099
10 19 4.01671
10 20 6.29273
10 21 2.97251
10 22 7.22597
10 23 4.49931
10 24 8.25966
10 25 6.67869
10 26 2.60273
10 27 3.69499
10 28 5.31637
10 29 7.26656
10 30 2.86241
10 31 6.9759
10 32 3.79811
10 33 8.88478
10 34 6.41182
10 35 0.5031
10 36 8.26712
10 37 3.58898
10 38 2.40126
10 39 6.99055
10 40 0.72871
10 41 0.21523
10 42 2.15579
10 43 7.56875
10 44 0.24268
10 45 8.2476
10 46 4.50841
10 47 0.61861
10 48 7.62063
10 49 1.85589
10 50 5.27827
10 51 2.05153
10 52 7.83093
10 53 6.20712
10 54 5.08697
10 55 7.74477
10 56 4.14296
10 57 2.28227
10 58 2.93394
10 59 1.07478
10 60 0.69452
10 61 0.04021
10 62 0.72948
10 63 0.79261
10 64 0.4324
10 65 0.59905
10 66 8.35427
10 67 6.36932
10 68 2.40656
10 69 5.13222
10 70 6.55222
10 71 4.20692
10 72 8.71549
10 73 0.79957
10 74 4.67861
10 75 4.33465
10 76 0.0153
10 77 7.61072
10 78 7.73416
10 79 0.3115
10 80 0.43221
10 81 5.34578
10 82 3.59084
10 83 4.04403
10 84 8.74663
10 85 4.37525
10 86 0.36169
10 87 1.15135
10 88 4.3173
10 89 6.75996
10 90 3.94209
10 91 0.82597
10 92 5.99433
10 93 2.88954
10 94 5.0705
10 95 5.06859
10 96 6.4528
10 97 3.16413
10 98 2.90778
10 99 5.19362
11 12 7.45215
11 13 6.25445
11 14 6.19523
11 15 2.10354
11 16 4.31778
11 17 5.48104
11 18 3.85707
11 19 7.36778
11 20 2.08772
11 21 0.52553
11 22 2.57792
11 23 8.57467
11 24 3.29972
11 25 0.24614
11 26 7.64787
11 27 4.11592
11 28 6.60987
11 29 1.85824
11 30 2.09854
11 31 4.89205
11 32 5.07944
11 33 1.51725
11 34 2.90897
11 35 5.93927
11 36 2.96993
11 37 7.09936
11 38 8.64473
11 39 0.69643
11 40 7.71676
11 41 3.55734
11 42 2.49692
11 43 0.62743
11 44 7.6799
11 45 0.71562
11 46 7.28647
11 47 5.12986
11 48 5.55104
11 49 0.14883
11 50 5.79934
11 51 8.31902
11 52 3.91881
11 53 8.43915
11 54 0.92818
11 55 3.98638
11 56 3.43012
11 57 0.39905
11 58 1.93141
11 59 5.44245
11 60 5.9413
11 61 1.33674
11 62 0.01725
11 63 2.35719
11 64 3.14793
11 65 0.2257
11 66 8.61506
11 67 2.85978
11 68 2.59835
11 69 4.08892
11 70 1.09137
11 71 3.02831
11 72 3.26105
11 73 7.59696
11 74 7.32257
11 75 3.1524
11 76 3.71201
11 77 3.35561
11 78 3.86527
11 79 1.68143
11 80 1.4192
11 81 5.55396
11 82 3.6415
11 83 0.84043
11 84 7.38633
11 85 6.18936
11 86 2.12664
11 87 1.59445
11 88 2.27819
11 89 5.56502
11 90 5.84685
11 91 2.22503
11 92 3.26194
11 93 3.53891
11 94 2.35771
11 95 1.80345
11 96 7.10247
11 97 7.59396
11 98 3.05253
11 99 3.77778
12 13 4.72336
12 14 0.48346
12 15 1.42796
12 16 7.31783
12 17 6.12359
12 18 4.59537
12 19 3.85911
12 20 6.84961
12 21 2.24662
12 22 0.41343
12 23 0.96111
12 24 6.80789
12 25 8.46173
12 26 4.4723
12 27 8.29883
12 28 1.66151
12 29 2.25321
12 30 3.56406
12 31 7.44473
12 32 4.86345
12 33 0.60404
12 34 1.51391
12 35 0.42645
12 36 8.62066
12 37 5.29874
12 38 3.29785
12 39 3.67487
12 40 5.34851
12 41 5.1176
12 42 6.68872
12 43 7.30164
12 44 3.10698
12 45 1.07903
12 46 0.95342
12 47 6.74513
12 48 1.4269
12 49 6.73754
12 50 4.6533
12 51 3.0161
12 52 0.53274
12 53 3.42551
12 54 5.59939
12 55 4.20598
12 56 8.20553
12 57 4.87593
12 58 4.14976
12 59 5.01059
12 60 2.64841
12 61 8.43484
12 62 3.92972
12 63 7.24449
12 64 8.88447
12 65 3.7203
12 66 4.3497
12 67 8.61454
12 68 1.94799
12 69 0.63201
12 70 1.07398
12 71 2.1865
12 72 2.01394
12 73 8.65898
12 74 8.07188
12 75 0.74507
12 76 0.18787
12 77 2.84484
12 78 4.51401
12 79 4.19989
12 80 5.41939
12 81 6.88379
12 82 4.55553
12 83 1.21837
12 84 8.28891
12 85 7.30165
12 86 4.19314
12 87 6.56018
12 88 3.35687
12 89 2.33703
12 90 1.31027
12 91 3.057
12 92 7.15818
12 93 2.33019
12 94 2.34798
12 95 8.34552
12 96 0.36309
12 97 3.75829
12 98 6.58397
12 99 2.99783
13 14 4.16682
13 15 8.08908
13 16 6.23936
13 17 5.54618
13 18 6.03953
13 19 4.07252
13 20 6.37195
13 21 6.34263
13 22 0.24616
13 23 7.18198
13 24 6.70531
13 25 7.18101
13 26 4.18947
13 27 8.91106
13 28 3.71406
13 29 5.90777
13 30 5.63668
13 31 5.8535
13 32 1.52023
13 33 8.89338
13 34 4.50461
13 35 8.58443
13 36 5.51866
13 37 4.32757
13 38 0.32992
13 39 2.63429
13 40 6.6225
13 41 0.19809
13 42 0.86448
13 43 8.26591
13 44 1.00828
13 45 6.37458
13 46 3.57932
13 47 4.09679
13 48 2.07483
13 49 3.19025
13 50 3.03953
13 51 8.76285
13 52 6.86042
13 53 3.97291
13 54 4.15042
13 55 1.78777
13 56 3.15509
13 57 7.88693
13 58 7.63012
13 59 7.39901
13 60 0.4284
13 61 1.1395
13 62 8.09545
13 63 0.14855
13 64 2.08477
13 65 7.97616
13 66 4.01829
13 67 1.80582
13 68 4.49471
13 69 8.93458
13 70 6.60536
13 71 7.19735
13 72 8.18505
13 73 7.68269
13 74 6.53408
13 75 8.28739
13 76 4.15747
13 77 4.55152
13 78 6.7425
13 79 5.29122
13 80 0.66231
13 81 1.50268
13 82 6.73617
13 83 3.28741
13 84 2.27818
13 85 2.07018
13 86 0.25159
13 87 4.41319
13 88 3.34763
13 89 5.59843
13 90 8.33431
13 91 5.60765
13 92 1.20635
13 93 5.33709
13 94 0.70628
13 95 7.72674
13 96 3.96746
13 97 7.93334
13 98 5.3398
13 99 5.54411
14 15 4.76359
14 16 0.8023
14 17 1.50961
14 18 4.40614
14 19 5.99108
14 20 3.53109
14 21 7.05404
14 22 1.32322
14 23 8.22302
14 24 8.87745
14 25 2.27708
14 26 2.81503
14 27 0.59193
14 28 7.65445
14 29 0.71842
14 30 8.00708
14 31 1.57139
14 32 6.28909
14 33 1.94607
14 34 6.99951
14 35 2.65171
14 36 8.00737
14 37 1.72884
14 38 6.60937
14 39 5.86822
14 40 2.5236
14 41 5.63453
14 42 7.81783
14 43 4.31153
14 44 2.04269
14 45 2.16568
14 46 8.49128
14 47 3.22818
14 48 8.49087
14 49 5.83922
14 50 5.60629
14 51 5.84492
14 52 2.9132
14 53 3.58998
14 54 8.71424
14 55 7.89047
14 56 6.23285
14 57 4.39943
14 58 7.87221
14 59 7.2167
14 60 6.50446
14 61 8.81475
14 62 5.28835
14 63 8.96418
14 64 4.83803
14 65 4.4881
14 66 0.47094
14 67 5.72953
14 68 7.0493
14 69 8.30768
14 70 0.18716
14 71 0.43445
14 72 2.88166
14 73 7.4451
14 74 3.12131
14 75 7.35396
14 76 1.17203
14 77 8.38873
14 78 6.45353
14 79 6.23846
14 80 7.75853
14 81 7.81913
14 82 0.06844
14 83 2.53434
14 84 3.21936
14 85 4.67054
14 86 6.31746
14 87 0.04823
14 88 7.32449
14 89 8.95969
14 90 2.89065
14 91 5.74991
14 92 1.46446
14 93 3.04722
14 94 6.75171
14 95 5.21539
14 96 2.66052
14 97 4.73514
14 98 2.05286
14 99 0.80634
15 16 5.9631
15 17 4.14837
15 18 5.22006
15 19 2.43833
15 20 8.69641
15 21 3.88185
15 22 0.36041
15 23 4.96323
15 24 4.44519
15 25 6.23701
15 26 5.32545
15 27 4.93594
15 28 2.0998
15 29 7.87789
15 30 5.17343
15 31 1.36221
15 32 4.45788
15 33 4.38386
15 34 8.33315
15 35 0.62358
15 36 1.92714
15 37 3.49931
15 38 2.76033
15 39 1.24804
15 40 1.32887
15 41 8.27597
15 42 3.64917
15 43 2.11172
15 44 4.31855
15 45 0.53473
15 46 8.58492
15 47 3.95045
15 48 7.5018
15 49 8.33763
15 50 2.0862
15 51 8.95717
15 52 6.1117
15 53 3.67049
15 54 8.22462
15 55 6.0404
15 56 7.93912
15 57 3.59943
15 58 4.53853
15 59 1.84206
15 60 6.06716
15 61 0.52846
15 62 3.60311
15 63 0.08701
15 64 3.04252
15 65 1.53918
15 66 4.77206
15 67 0.76005
15 68 6.30113
15 69 2.82949
15 70 3.9798
15 71 3.74923
15 72 2.93915
15 73 1.9315
15 74 7.33069
15 75 0.89893
15 76 6.36019
15 77 6.02094
15 78 8.10277
15 79 1.73626
15 80 3.19397
15 81 4.63506
15 82 7.14628
15 83 0.64092
15 84 0.32026
15 85 8.70929
15 86 5.79142
15 87 2.66495
15 88 8.62678
15 89 2.20874
15 90 7.68899
15 91 2.53208
15 92 5.41786
15 93 2.12155
15 94 3.91182
15 95 0.9145
15 96 8.71248
15 97 1.88467
15 98 4.57134
15 99 3.71877
16 17 5.66385
16 18 6.74186
16 19 7.9543
16 20 0.71827
16 21 8.3803
16 22 1.25786
16 23 4.22954
16 24 4.35637
16 25 4.86991
16 26 6.45643
16 27 6.55623
16 28 5.41169
16 29 2.75581
16 30 7.86832
16 31 6.27063
16 32 6.7886
16 33 2.23839
16 34 2.34734
16 35 6.90164
16 36 8.45216
16 37 6.34949
16 38 0.02105
16 39 7.36909
16 40 1.51777
16 41 3.38041
16 42 5.71638
16 43 1.83069
16 44 7.10408
16 45 3.84354
16 46 4.85189
16 47 8.80669
16 48 1.86121
16 49 1.84982
16 50 1.81541
16 51 1.62131
16 52 8.45675
16 53 1.05291
16 54 7.21578
16 55 7.24236
16 56 3.45718
16 57 8.66532
16 58 7.45102
16 59 3.674
16 60 5.74316
16 61 7.28732
16 62 4.89213
16 63 4.72713
16 64 1.98842
16 65 1.93719
16 66 5.04759
16 67 6.11233
16 68 8.58053
16 69 4.3864
16 70 4.67222
16 71 3.29127
16 72 6.94419
16 73 7.00207
16 74 6.05374
16 75 3.89271
16 76 8.23921
16 77 5.02875
16 78 0.298
16 79 5.67036
16 80 1.09099
16 81 6.5838
16 82 5.44093
16 83 3.6796
16 84 1.65316
16 85 8.95004
16 86 6.51535
16 87 2.15199
16 88 8.92796
16 89 3.40955
16 90 6.94639
16 91 7.5268
16 92 4.87975
16 93 8.45091
16 94 0.12703
16 95 4.30561
16 96 3.06885
16 97 2.53916
16 98 5.75177
16 99 7.81154
17 18 4.35985
17 19 6.70337
17 20 0.36203
17 21 4.70661
17 22 6.37243
17 23 4.85426
17 24 8.60471
17 25 2.27756
17 26 7.56952
17 27 7.83303
17 28 4.78185
17 29 0.4545
17 30 4.62099
17 31 4.25279
17 32 7.88202
17 33 0.27893
17 34 0.55235
17 35 4.36169
17 36 7.88973
17 37 5.89885
17 38 1.38635
17 39 3.98678
17 40 7.82593
17 41 8.12918
17 42 0.68263
17 43 2.5998
17 44 2.16638
17 45 6.64413
17 46 7.63873
17 47 1.8112
17 48 1.61583
17 49 3.27383
17 50 6.60075
17 51 6.96514
17 52 7.10442
17 53 2.34526
17 54 2.74311
17 55 8.10346
17 56 2.69546
17 57 7.68209
17 58 4.03306
17 59 0.49255
17 60 5.39167
17 61 1.53555
17 62 4.72334
17 63 7.74442
17 64 0.27282
17 65 1.6866
17 66 5.97328
17 67 5.34768
17 68 3.2921
17 69 0.09331
17 70 4.31046
17 71 7.41529
17 72 5.06805
17 73 7.21098
17 74 3.39198
17 75 8.44457
17 76 8.56895
17 77 4.31636
17 78 7.93359
17 79 2.74645
17 80 0.38744
17 81 2.13036
17 82 5.80041
17 83 2.33149
17 84 8.17786
17 85 2.65174
17 86 0.39798
17 87 3.17621
17 88 0.29943
17 89 0.96012
17 90 4.01804
17 91 8.28869
17 92 7.18066
17 93 8.9123
17 94 8.65002
17 95 8.11204
17 96 7.32871
17 97 5.99544
17 98 2.09547
17 99 0.57357
18 19 1.52752
18 20 3.62942
18 21 3.79622
18 22 4.12413
18 23 4.82425
18 24 8.54937
18 25 8.12244
18 26 6.78614
18 27 7.22025
18 28 6.87196
18 29 0.88532
18 30 7.31091
18 31 2.97768
18 32 7.21008
18 33 5.93198
18 34 1.69781
18 35 3.53285
18 36 4.04043
18 37 6.46181
18 38 8.66317
18 39 2.83938
18 40 7.44491
18 41 0.99114
18 42 7.59383
18 43 8.01202
18 44 5.86524
18 45 7.08726
18 46 4.47048
18 47 1.72133
18 48 2.49786
18 49 5.26587
18 50 8.0821
18 51 8.2994
18 52 4.2415
18 53 0.7473
18 54 5.56104
18 55 6.81131
18 56 5.49994
18 57 6.80759
18 58 7.45004
18 59 5.93298
18 60 3.23384
18 61 6.55499
18 62 7.47632
18 63 6.53409
18 64 0.18146
18 65 4.44892
18 66 5.9003
18 67 8.87713
18 68 5.31319
18 69 0.47391
18 70 6.31816
18 71 6.277
18 72 8.72765
18 73 5.61698
18 74 5.32632
18 75 5.47749
18 76 3.25489
18 77 4.13946
18 78 8.34261
18 79 4.97372
18 80 2.94376
18 81 3.33212
18 82 8.31998
18 83 7.39784
18 84 8.43657
18 85 0.60447
18 86 1.40676
18 87 3.62757
18 88 3.74319
18 89 4.06482
18 90 8.85147
18 91 7.6222
18 92 2.64647
18 93 0.66803
18 94 2.78353
18 95 1.60719
18 96 0.91304
18 97 8.89081
18 98 7.76809
18 99 5.33442
19 20 6.03349
19 21 3.57777
19 22 4.78073
19 23 7.04591
19 24 8.96708
19 25 8.48728
19 26 5.97714
19 27 1.03878
19 28 4.04811
19 29 5.09446
19 30 3.27172
19 31 2.99313
19 32 2.84701
19 33 8.06895
19 34 7.52192
19 35 1.47371
19 36 7.10432
19 37 3.80734
19 38 4.51799
19 39 8.25821
19 40 8.06896
19 41 8.77898
19 42 6.05987
19 43 3.67923
19 44 8.85661
19 45 2.08627
19 46 0.94386
19 47 6.62838
19 48 2.12649
19 49 2.97863
19 50 5.54208
19 51 8.44841
19 52 3.04768
19 53 3.04461
19 54 0.90281
19 55 3.7606
19 56 2.43093
19 57 6.16678
19 58 4.19701
19 59 7.92267
19 60 7.90622
19 61 8.2821
19 62 6.29793
19 63 6.64072
19 64 5.29532
19 65 2.03573
19 66 1.07388
19 67 3.41954
19 68 2.18676
19 69 2.67727
19 70 5.47152
19 71 2.01208
19 72 4.18256
19 73 0.59672
19 74 5.5599
19 75 8.35401
19 76 5.72363
19 77 5.84537
19 78 3.87499
19 79 6.16835
19 80 3.12252
19 81 8.05047
19 82 8.24904
19 83 8.05287
19 84 3.60874
19 85 3.70495
19 86 7.52743
19 87 7.42289
19 88 8.2244
19 89 6.92455
19 90 6.322
19 91 2.16283
19 92 1.89427
19 93 4.92831
19 94 1.46854
19 95 3.56005
19 96 2.9523
19 97 3.55909
19 98 1.67856
19 99 6.8698
20 21 2.59431
20 22 5.20756
20 23 3.75098
20 24 6.47917
20 25 6.15326
20 26 3.93959
20 27 1.95515
20 28 6.73128
20 29 4.6357
20 30 3.89062
20 31 1.99998
20 32 8.59296
20 33 2.41585
20 34 8.88586
20 35 4.7591
20 36 2.7918
20 37 0.81841
20 38 7.46446
20 39 6.31697
20 40 1.24711
20 41 0.66281
20 42 5.58543
20 43 8.14141
20 44 8.35047
20 45 2.62934
20 46 3.15828
20 47 5.6456
20 48 7.68209
20 49 8.93233
20 50 5.2219
20 51 1.67329
20 52 5.33101
20 53 0.61649
20 54 3.69463
20 55 8.54551
20 56 4.61999
20 57 5.02726
20 58 3.99313
20 59 0.96632
20 60 8.96496
20 61 5.80685
20 62 0.13462
20 63 0.66041
20 64 5.67874
20 65 7.4954
20 66 7.85161
20 67 4.39722
20 68 2.44563
20 69 6.33027
20 70 0.27248
20 71 1.95178
20 72 0.79808
20 73 8.77612
20 74 8.28716
20 75 4.43711
20 76 1.84761
20 77 1.42534
20 78 4.55046
20 79 1.50861
20 80 7.36263
20 81 4.20959
20 82 0.37766
20 83 7.87138
20 84 7.96485
20 85 7.10565
20 86 0.6341
20 87 5.49309
20 88 5.70219
20 89 7.77545
20 90 3.33833
20 91 1.12463
20 92 0.70979
20 93 2.37915
20 94 7.75198
20 95 4.78949
20 96 4.50539
20 97 6.63115
20 98 4.26206
20 99 8.61596
21 22 4.71326
21 23 1.27968
21 24 5.16706
21 25 7.25383
21 26 1.96811
21 27 7.94725
21 28 5.79461
21 29 2.29138
21 30 4.91728
21 31 0.17618
21 32 8.56085
21 33 6.80542
21 34 6.1543
21 35 3.89406
21 36 4.95186
21 37 0.91657
21 38 5.13555
21 39 6.51289
21 40 0.05526
21 41 6.37061
21 42 0.00327
21 43 2.1947
21 44 7.99671
21 45 5.41283
21 46 5.14986
21 47 6.09613
21 48 0.70487
21 49 0.41707
21 50 0.08392
21 51 2.24498
21 52 8.36034
21 53 4.22894
21 54 3.11048
21 55 8.74179
21 56 8.8092
21 57 0.52028
21 58 3.80706
21 59 2.24017
21 60 3.11139
21 61 2.51799
21 62 8.32097
21 63 7.34443
21 64 3.05148
21 65 4.96159
21 66 8.65484
21 67 4.2539
21 68 7.68974
21 69 3.79217
21 70 8.27582
21 71 3.17447
21 72 2.72523
21 73 0.39749
21 74 4.44367
21 75 6.1465
21 76 1.29417
21 77 6.05795
21 78 5.23377
21 79 0.17295
21 80 7.35715
21 81 6.07073
21 82 1.51748
21 83 7.94594
21 84 7.12064
21 85 2.0635
21 86 8.59475
21 87 3.02028
21 88 1.88955
21 89 3.66018
21 90 1.73715
21 91 2.2048
21 92 4.61488
21 93 7.28125
21 94 2.06267
21 95 5.82541
21 96 8.44085
21 97 2.34434
21 98 0.43465
21 99 2.73074
22 23 6.52815
22 24 7.78931
22 25 4.61495
22 26 7.1399
22 27 8.19426
22 28 6.40305
22 29 3.71668
22 30 3.67671
22 31 6.50175
22 32 7.83901
22 33 2.68973
22 34 5.09642
22 35 6.79254
22 36 6.37351
22 37 2.0051
22 38 0.68733
22 39 4.05408
22 40 2.15214
22 41 7.01489
22 42 8.11763
22 43 4.18704
22 44 1.44615
22 45 4.97601
22 46 3.81736
22 47 2.70851
22 48 7.28199
22 49 0.89038
22 50 5.49782
22 51 4.85492
22 52 7.23363
22 53 6.42675
22 54 0.94733
22 55 7.99167
22 56 1.81154
22 57 6.82035
22 58 1.16062
22 59 6.87218
22 60 0.18087
22 61 7.65816
22 62 2.90379
22 63 0.44034
22 64 7.35343
22 65 5.02283
22 66 3.65085
22 67 8.36323
22 68 2.94142
22 69 1.51461
22 70 6.21291
22 71 4.67558
22 72 7.64186
22 73 7.2148
22 74 6.49654
22 75 1.53448
22 76 4.08026
22 77 3.79456
22 78 1.78753
22 79 8.36128
22 80 0.89834
22 81 4.02292
22 82 3.94158
22 83 8.61508
22 84 8.90558
22 85 4.19814
22 86 3.65743
22 87 0.47783
22 88 1.7253
22 89 6.71574
22 90 1.91442
22 91 8.53271
22 92 4.49146
22 93 3.05243
22 94 4.16597
22 95 6.96909
22 96 1.46668
22 97 4.00953
22 98 2.98846
22 99 5.45651
23 24 8.6738
23 25 6.45534
23 26 5.98503
23 27 4.86031
23 28 0.662
23 29 3.14479
23 30 8.85834
23 31 2.22705
23 32 0.00244
23 33 8.28003
23 34 4.49059
23 35 3.77856
23 36 6.98912
23 37 2.67146
23 38 7.02038
23 39 3.60548
23 40 7.6013
23 41 2.98408
23 42 4.78737
23 43 2.13001
23 44 2.1425
23 45 7.26663
23 46 5.77246
23 47 4.68269
23 48 3.90109
23 49 4.35069
23 50 7.09149
23 51 4.32909
23 52 2.50775
23 53 8.00896
23 54 1.0035
23 55 2.27561
23 56 4.35207
23 57 2.51314
23 58 0.98252
23 59 8.75282
23 60 7.58904
23 61 3.58555
23 62 8.19939
23 63 2.63745
23 64 3.28702
23 65 4.74602
23 66 3.51039
23 67 7.10135
23 68 1.24321
23 69 5.1754
23 70 0.16751
23 71 6.10294
23 72 3.49305
23 73 8.74327
23 74 4.78449
23 75 2.09922
23 76 7.90023
23 77 0.16051
23 78 5.009
23 79 3.5137
23 80 8.94297
23 81 8.93184
23 82 4.10024
23 83 8.69168
23 84 3.69114
23 85 8.5105
23 86 6.46397
23 87 6.73264
23 88 8.94216
23 89 7.08447
23 90 2.3759
23 91 4.01899
23 92 2.0744
23 93 7.75791
23 94 1.65683
23 95 0.66164
23 96 0.9954
23 97 0.29587
23 98 0.34917
23 99 8.05574
24 25 8.08565
24 26 1.50749
24 27 0.96778
24 28 6.31384
24 29 2.34426
24 30 0.70964
24 31 2.26692
24 32 7.03471
24 33 8.19669
24 34 8.91717
24 35 4.62243
24 36 6.81065
24 37 0.60227
24 38 4.57939
24 39 3.62004
24 40 8.3349
24 41 4.04733
24 42 0.66396
24 43 5.66175
24 44 8.60682
24 45 5.73066
24 46 6.54675
24 47 6.39698
24 48 7.67274
24 49 2.22636
24 50 6.66469
24 51 3.87007
24 52 8.14832
24 53 7.91971
24 54 8.1137
24 55 6.8551
24 56 4.68409
24 57 3.33718
24 58 6.64747
24 59 0.6739
24 60 0.75778
24 61 2.47228
24 62 0.51963
24 63 7.50071
24 64 5.30125
24 65 8.53084
24 66 8.65315
24 67 4.90274
24 68 7.17561
24 69 7.04266
24 70 8.44757
24 71 5.25751
24 72 4.59459
24 73 7.1953
24 74 7.02235
24 75 6.20566
24 76 0.14
24 77 4.56394
24 78 4.40075
24 79 7.50939
24 80 7.47591
24 81 8.6456
24 82 0.47937
24 83 3.78356
24 84 3.87282
24 85 6.4015
24 86 2.51908
24 87 1.86263
24 88 3.75319
24 89 1.57151
24 90 6.27394
24 91 7.45786
24 92 6.34677
24 93 2.9589
24 94 2.37116
24 95 1.95644
24 96 1.5917
24 97 1.60332
24 98 8.03711
24 99 3.56738
25 26 7.37682
25 27 2.18526
25 28 8.20255
25 29 0.95757
25 30 2.50691
25 31 7.40193
25 32 3.26868
25 33 1.78866
25 34 4.07688
25 35 6.29795
25 36 7.27902
25 37 4.07634
25 38 5.08697
25 39 8.40894
25 40 6.65795
25 41 6.32102
25 42 8.47687
25 43 5.35494
25 44 2.33288
25 45 1.95038
25 46 1.36468
25 47 4.42406
25 48 6.29666
25 49 0.34888
25 50 6.94108
25 51 1.25025
25 52 8.63905
25 53 0.62249
25 54 3.38769
25 55 0.97922
25 56 8.07477
25 57 7.76579
25 58 3.59385
25 59 6.08132
25 60 3.45953
25 61 6.41747
25 62 0.56895
25 63 2.17811
25 64 8.75224
25 65 0.10838
25 66 5.52307
25 67 7.14959
25 68 3.89745
25 69 1.76851
25 70 2.53885
25 71 4.28303
25 72 6.54799
25 73 6.20219
25 74 2.52864
25 75 0.46142
25 76 3.35364
25 77 2.12098
25 78 3.23152
25 79 0.09336
25 80 3.04201
25 81 6.59335
25 82 3.0132
25 83 1.03238
25 84 4.36291
25 85 1.14167
25 86 1.96138
25 87 1.03398
25 88 8.23641
25 89 7.4857
25 90 6.17919
25 91 2.39474
25 92 0.76304
25 93 7.98518
25 94 7.9946
25 95 6.42406
25 96 2.88284
25 97 2.91425
25 98 3.48861
25 99 5.11183
26 27 0.10922
26 28 6.73375
26 29 8.75577
26 30 0.56064
26 31 8.3149
26 32 8.42493
26 33 1.02297
26 34 0.89946
26 35 5.60852
26 36 1.12817
26 37 2.787
26 38 3.31093
26 39 5.15685
26 40 7.75142
26 41 0.69118
26 42 8.34312
26 43 8.13234
26 44 7.26047
26 45 0.0728
26 46 8.33341
26 47 4.51489
26 48 4.79093
26 49 2.52615
26 50 7.97386
26 51 8.26349
26 52 5.77737
26 53 4.52823
26 54 2.46665
26 55 8.29456
26 56 7.70834
26 57 2.47133
26 58 5.53737
26 59 3.16435
26 60 0.49759
26 61 2.61369
26 62 8.69396
26 63 7.90028
26 64 5.27957
26 65 7.85488
26 66 8.48369
26 67 0.89511
26 68 4.63903
26 69 8.01618
26 70 4.48959
26 71 6.3932
26 72 4.27739
26 73 4.29005
26 74 7.10897
26 75 3.41504
26 76 4.2325
26 77 8.32564
26 78 8.44163
26 79 6.34317
26 80 6.51991
26 81 7.3115
26 82 1.4024
26 83 4.13919
26 84 1.88478
26 85 8.50628
26 86 1.39128
26 87 2.47056
26 88 6.53464
26 89 5.00714
26 90 1.67117
26 91 0.63717
26 92 2.3369
26 93 1.43903
26 94 4.82146
26 95 8.83125
26 96 1.59961
26 97 2.70561
26 98 2.08289
26 99 7.91593
27 28 2.5069
27 29 4.74508
27 30 0.30453
27 31 0.32721
27 32 7.78534
27 33 0.9199
27 34 1.86406
27 35 0.93244
27 36 6.50255
27 37 6.6121
27 38 0.50845
27 39 3.1991
27 40 7.72639
27 41 3.01373
27 42 6.71201
27 43 8.93238
27 44 6.4608
27 45 8.40893
27 46 4.87255
27 47 6.41243
27 48 8.16428
27 49 2.37114
27 50 5.48677
27 51 8.94512
27 52 6.68273
27 53 1.34551
27 54 5.72487
27 55 3.87608
27 56 5.25571
27 57 3.58184
27 58 1.80498
27 59 3.88074
27 60 7.73916
27 61 4.48745
27 62 2.86933
27 63 8.18646
27 64 2.03873
27 65 6.29087
27 66 3.80722
27 67 1.62756
27 68 3.84488
27 69 3.15205
27 70 4.81097
27 71 5.90108
27 72 1.56349
27 73 8.21217
27 74 2.36699
27 75 6.86077
27 76 1.34885
27 77 0.47558
27 78 1.051
27 79 1.20328
27 80 6.14301
27 81 1.47583
27 82 7.64576
27 83 2.73702
27 84 7.92986
27 85 7.3383
27 86 6.65235
27 87 2.3296
27 88 1.01786
27 89 2.60461
27 90 2.03886
27 91 7.55244
27 92 2.52241
27 93 3.83743
27 94 5.3635
27 95 8.86304
27 96 1.47921
27 97 1.41996
27 98 1.1572
27 99 7.11271
28 29 8.52767
28 30 0.95519
28 31 0.92554
28 32 8.52846
28 33 0.97069
28 34 8.84859
28 35 0.06567
28 36 0.24384
28 37 4.14733
28 38 5.3225
28 39 3.48712
28 40 4.14644
28 41 6.73668
28 42 0.68859
28 43 3.05801
28 44 0.59425
28 45 7.40124
28 46 1.44257
28 47 7.9131
28 48 6.0912
28 49 4.2684
28 50 0.67456
28 51 0.15846
28 52 8.40409
28 53 6.32918
28 54 6.64037
28 55 8.68464
28 56 1.38777
28 57 8.43716
28 58 1.14156
28 59 0.53974
28 60 1.68411
28 61 5.97833
28 62 0.2533
28 63 3.21251
28 64 0.51427
28 65 1.38309
28 66 2.21179
28 67 3.59409
28 68 7.40468
28 69 1.6089
28 70 7.1548
28 71 5.41848
28 72 3.97316
28 73 8.20248
28 74 8.35925
28 75 6.37239
28 76 4.32854
28 77 0.20659
28 78 1.10796
28 79 5.29709
28 80 5.192
28 81 3.93031
28 82 8.57784
28 83 3.10354
28 84 0.72652
28 85 7.35144
28 86 7.38004
28 87 1.43194
28 88 1.58814
28 89 0.6661
28 90 6.55935
28 91 8.76405
28 92 2.92622
28 93 7.82312
28 94 2.95157
28 95 8.87535
28 96 5.22124
28 97 8.58711
28 98 8.91208
28 99 5.2865
29 30 7.91875
29 31 7.91588
29 32 0.04918
29 33 6.66925
29 34 6.95996
29 35 7.31252
29 36 1.13547
29 37 4.24786
29 38 6.99833
29 39 2.03166
29 40 4.15941
29 41 2.77221
29 42 8.95802
29 43 4.0605
29 44 2.70658
29 45 4.45931
29 46 7.77498
29 47 7.79099
29 48 6.94914
29 49 7.0929
29 50 3.59271
29 51 5.03719
29 52 2.77047
29 53 6.78269
29 54 7.37276
29 55 1.28596
29 56 4.92194
29 57 4.75443
29 58 2.80303
29 59 6.07845
29 60 6.93727
29 61 0.66287
29 62 0.56824
29 63 3.60567
29 64 3.13661
29 65 8.28415
29 66 7.96288
29 67 3.31869
29 68 4.99048
29 69 1.11162
29 70 2.25123
29 71 4.20215
29 72 2.79524
29 73 1.46454
29 74 7.27542
29 75 5.25616
29 76 7.62642
29 77 7.42613
29 78 5.58129
29 79 5.64429
29 80 7.98288
29 81 2.19286
29 82 4.51872
29 83 5.25228
29 84 0.80913
29 85 0.05658
29 86 6.05876
29 87 8.87563
29 88 6.17479
29 89 0.07611
29 90 2.52826
29 91 5.47595
29 92 6.98976
29 93 8.90897
29 94 2.52139
29 95 0.06202
29 96 6.14655
29 97 5.8846
29 98 6.0382
29 99 5.69898
30 31 1.71172
30 32 5.71712
30 33 3.825
30 34 6.90615
30 35 3.42821
30 36 1.62004
30 37 1.88446
30 38 2.57614
30 39 8.07187
30 40 4.04273
30 41 4.94666
30 42 5.70705
30 43 2.26623
30 44 1.51929
30 45 0.0264
30 46 6.35291
30 47 7.39269
30 48 7.70787
30 49 1.27871
30 50 2.46511
30 51 6.94297
30 52 1.51918
30 53 8.80475
30 54 1.1584
30 55 8.44872
30 56 0.84481
30 57 1.75067
30 58 6.83635
30 59 2.60185
30 60 3.04
30 61 1.62751
30 62 4.04325
30 63 2.17067
30 64 5.82841
30 65 7.4368
30 66 2.50523
30 67 7.13916
30 68 7.67066
30 69 5.94449
30 70 8.28867
30 71 3.02106
30 72 0.47305
30 73 5.29318
30 74 0.06471
30 75 3.06214
30 76 0.25414
30 77 5.70745
30 78 5.80947
30 79 0.84724
30 80 1.60567
30 81 7.95142
30 82 8.03521
30 83 5.66622
30 84 3.22146
30 85 6.1481
30 86 1.04436
30 87 5.5161
30 88 6.68035
30 89 1.52149
30 90 5.74857
30 91 5.90014
30 92 8.43538
30 93 2.46083
30 94 6.47905
30 95 3.65728
30 96 1.58914
30 97 8.21156
30 98 2.34062
30 99 7.04459
31 32 4.00934
31 33 0.61875
31 34 0.84346
31 35 4.1719
31 36 2.45309
31 37 2.65679
31 38 1.19571
31 39 0.75326
31 40 5.56474
31 41 2.08094
31 42 3.80821
31 43 1.00842
31 44 5.02786
31 45 1.52955
31 46 8.57686
31 47 4.36627
31 48 3.0604
31 49 8.74916
31 50 2.78899
31 51 0.56564
31 52 0.6379
31 53 5.96856
31 54 6.64108
31 55 0.56575
31 56 8.39478
31 57 6.61291
31 58 3.22311
31 59 7.07319
31 60 1.20147
31 61 1.07671
31 62 6.39306
31 63 4.39261
31 64 8.70931
31 65 1.42827
31 66 1.88972
31 67 1.05784
31 68 8.68327
31 69 0.99542
31 70 7.37828
31 71 5.00184
31 72 7.7254
31 73 6.00721
31 74 5.8042
31 75 7.49998
31 76 3.54816
31 77 0.76362
31 78 8.22843
31 79 6.79074
31 80 1.93761
31 81 1.38481
31 82 2.54314
31 83 5.66773
31 84 6.3698
31 85 0.59025
31 86 3.60568
31 87 4.13753
31 88 1.03841
31 89 3.23594
31 90 6.98846
31 91 2.06652
31 92 3.11569
31 93 3.61806
31 94 0.41254
31 95 1.13269
31 96 5.81563
31 97 8.50239
31 98 8.58922
31 99 0.41481
32 33 3.76704
32 34 4.41354
32 35 6.94081
32 36 8.94813
32 37 6.56256
32 38 7.02481
32 39 0.3104
32 40 4.03695
32 41 5.6624
32 42 3.2042
32 43 7.1733
32 44 6.22698
32 45 0.0327
32 46 5.04317
32 47 8.03297
32 48 5.31447
32 49 0.577
32 50 3.14215
32 51 3.9242
32 52 4.17556
32 53 7.66163
32 54 4.47771
32 55 8.23701
32 56 3.71091
32 57 1.2085
32 58 1.21797
32 59 6.30496
32 60 7.56181
32 61 0.95427
32 62 8.47989
32 63 1.75565
32 64 5.30219
32 65 2.56106
32 66 7.76432
32 67 3.56693
32 68 6.97749
32 69 7.26263
32 70 4.93226
32 71 1.9419
32 72 2.44462
32 73 2.64743
32 74 5.35369
32 75 0.70428
32 76 4.13342
32 77 0.56623
32 78 4.75125
32 79 4.81247
32 80 2.00463
32 81 8.4599
32 82 5.59133
32 83 5.9232
32 84 2.12235
32 85 7.29097
32 86 7.35274
32 87 4.09377
32 88 2.92668
32 89 0.88529
32 90 6.19164
32 91 3.05992
32 92 2.26672
32 93 1.27665
32 94 6.01435
32 95 6.3543
32 96 2.56398
32 97 4.43341
32 98 8.15789
32 99 6.48143
33 34 2.98133
33 35 2.80905
33 36 1.21636
33 37 3.25907
33 38 4.40784
33 39 6.10063
33 40 6.44219
33 41 0.63459
33 42 8.76209
33 43 7.33346
33 44 8.3562
33 45 5.79803
33 46 5.7946
33 47 0.1173
33 48 2.06296
33 49 4.22462
33 50 2.60288
33 51 3.40176
33 52 6.91338
33 53 5.22622
33 54 6.5637
33 55 6.71552
33 56 2.70859
33 57 1.6617
33 58 5.65589
33 59 0.38521
33 60 6.2615
33 61 7.00559
33 62 4.41899
33 63 5.50553
33 64 1.22005
33 65 4.91393
33 66 8.41702
33 67 0.37168
33 68 2.8751
33 69 2.00514
33 70 3.25454
33 71 4.80916
33 72 8.3456
33 73 7.68429
33 74 1.89625
33 75 1.31224
33 76 2.96709
33 77 7.96947
33 78 7.45205
33 79 3.23765
33 80 7.39257
33 81 7.67206
33 82 4.42517
33 83 5.14143
33 84 7.83763
33 85 2.32542
33 86 1.12196
33 87 0.16142
33 88 5.89677
33 89 2.22031
33 90 8.73734
33 91 2.40183
33 92 8.78114
33 93 6.41208
33 94 3.15538
33 95 8.29299
33 96 2.96054
33 97 8.96397
33 98 4.2255
33 99 6.96271
34 35 5.2795
34 36 7.20574
34 37 5.65731
34 38 2.28469
34 39 1.54035
34 40 5.08986
34 41 7.0864
34 42 3.18194
34 43 3.8643
34 44 8.86024
34 45 8.16181
34 46 7.65657
34 47 2.48237
34 48 5.11963
34 49 5.61172
34 50 4.59366
34 51 8.89826
34 52 3.76236
34 53 6.69038
34 54 2.25615
34 55 0.92877
34 56 4.62945
34 57 7.21012
34 58 8.25363
34 59 4.06037
34 60 6.19815
34 61 2.55791
34 62 6.47625
34 63 2.91379
34 64 4.10219
34 65 1.4689
34 66 5.27569
34 67 6.22902
34 68 5.03405
34 69 2.90715
34 70 2.57128
34 71 1.845
34 72 1.33931
34 73 4.69345
34 74 8.57094
34 75 8.97706
34 76 3.61001
34 77 4.93477
34 78 4.44185
34 79 7.04919
34 80 2.81565
34 81 7.3936
34 82 8.09791
34 83 2.85266
34 84 3.00479
34 85 0.14892
34 86 7.70866
34 87 0.86466
34 88 1.69989
34 89 8.17663
34 90 7.47986
34 91 2.42519
34 92 5.25107
34 93 5.21044
34 94 7.60374
34 95 7.22914
34 96 6.10887
34 97 3.22417
34 98 8.29132
34 99 4.67545
35 36 1.04128
35 37 0.96143
35 38 0.03709
35 39 5.31381
35 40 0.69137
35 41 4.14133
35 42 4.23068
35 43 2.19139
35 44 4.97876
35 45 2.63274
35 46 8.91078
35 47 5.06589
35 48 7.70025
35 49 0.85931
35 50 8.34431
35 51 8.09651
35 52 0.93203
35 53 4.48988
35 54 2.19127
35 55 3.63013
35 56 3.50656
35 57 2.88957
35 58 1.63727
35 59 1.763
35 60 6.71124
35 61 8.37233
35 62 3.11837
35 63 5.3414
35 64 7.60393
35 65 3.61948
35 66 1.47501
35 67 3.82755
35 68 7.30517
35 69 4.16865
35 70 1.1802
35 71 5.20946
35 72 0.50719
35 73 0.81889
35 74 3.21671
35 75 6.68418
35 76 0.03819
35 77 2.11972
35 78 1.6066
35 79 5.45104
35 80 4.36132
35 81 0.27944
35 82 2.29495
35 83 0.32702
35 84 3.78427
35 85 3.85095
35 86 7.51004
35 87 3.33503
35 88 0.92962
35 89 2.37691
35 90 2.49933
35 91 5.94414
35 92 7.90109
35 93 7.71485
35 94 5.78032
35 95 8.84528
35 96 8.8009
35 97 4.48795
35 98 3.5264
35 99 2.95833
36 37 3.45256
36 38 8.00554
36 39 3.19137
36 40 5.8792
36 41 5.92087
36 42 8.7861
36 43 7.38801
36 44 3.70651
36 45 1.24596
36 46 2.71444
36 47 5.8607
36 48 0.70148
36 49 3.12031
36 50 1.04868
36 51 3.37844
36 52 4.90782
36 53 6.43974
36 54 8.32264
36 55 2.02462
36 56 5.93969
36 57 7.53716
36 58 6.79294
36 59 3.99356
36 60 8.72155
36 61 3.83754
36 62 7.38455
36 63 1.84439
36 64 2.56489
36 65 3.16686
36 66 0.82636
36 67 4.80673
36 68 6.71164
36 69 5.14704
36 70 8.2577
36 71 8.35205
36 72 5.14942
36 73 3.04631
36 74 2.40536
36 75 1.83749
36 76 5.39995
36 77 5.99072
36 78 0.12858
36 79 1.69765
36 80 4.34079
36 81 8.0221
36 82 0.57937
36 83 8.76571
36 84 2.79016
36 85 6.24653
36 86 0.40875
36 87 0.5871
36 88 6.22964
36 89 2.78002
36 90 2.78699
36 91 2.24437
36 92 6.65282
36 93 0.07856
36 94 2.93231
36 95 5.029
36 96 7.14194
36 97 5.32708
36 98 2.59589
36 99 5.18617
37 38 2.66598
37 39 2.08967
37 40 2.24464
37 41 0.51229
37 42 2.68749
37 43 7.68944
37 44 0.42027
37 45 6.56645
37 46 8.25549
37 47 5.59073
37 48 7.97229
37 49 4.66755
37 50 5.70184
37 51 4.031
37 52 7.14954
37 53 7.78047
37 54 8.17899
37 55 2.6081
37 56 7.60106
37 57 1.09636
37 58 3.61211
37 59 5.14417
37 60 2.49878
37 61 7.42716
37 62 0.34928
37 63 6.33399
37 64 8.64235
37 65 0.19148
37 66 4.66691
37 67 1.62634
37 68 2.57798
37 69 6.48596
37 70 6.77459
37 71 6.26315
37 72 4.31436
37 73 2.17019
37 74 0.71846
37 75 0.06925
37 76 2.55601
37 77 3.79813
37 78 6.3885
37 79 3.31759
37 80 2.89569
37 81 4.2669
37 82 5.30887
37 83 8.07434
37 84 3.68223
37 85 6.14681
37 86 3.23638
37 87 1.50751
37 88 3.51172
37 89 7.93024
37 90 8.35258
37 91 2.15513
37 92 4.56195
37 93 6.84162
37 94 2.77025
37 95 7.42569
37 96 1.36874
37 97 1.53948
37 98 8.97029
37 99 0.8119
38 39 4.71229
38 40 6.57027
38 41 3.67915
38 42 3.70287
38 43 7.17606
38 44 7.35199
38 45 6.14762
38 46 0.2267
38 47 0.36518
38 48 8.2945
38 49 5.66061
38 50 7.30448
38 51 8.30977
38 52 7.49363
38 53 6.83997
38 54 5.59826
38 55 3.11209
38 56 4.53231
38 57 3.24975
38 58 1.33113
38 59 7.82646
38 60 3.1325
38 61 3.53734
38 62 5.2893
38 63 5.70141
38 64 3.90062
38 65 5.17417
38 66 1.44703
38 67 5.0045
38 68 6.6163
38 69 8.02535
38 70 8.79351
38 71 5.31329
38 72 4.52422
38 73 1.62187
38 74 8.3205
38 75 0.93632
38 76 4.90602
38 77 5.4058
38 78 6.57144
38 79 5.70006
38 80 5.60956
38 81 7.15624
38 82 8.23918
38 83 4.24521
38 84 8.30364
38 85 2.1342
38 86 6.87164
38 87 8.37438
38 88 2.04631
38 89 3.54144
38 90 8.93718
38 91 7.06454
38 92 5.58537
38 93 4.45029
38 94 7.47101
38 95 3.58274
38 96 7.62817
38 97 8.76101
38 98 6.16168
38 99 2.49713
39 40 5.42977
39 41 4.88023
39 42 5.49972
39 43 4.54751
39 44 1.89636
39 45 6.96904
39 46 7.97144
39 47 3.75147
39 48 7.56067
39 49 7.13084
39 50 5.07968
39 51 4.61056
39 52 1.55429
39 53 5.1009
39 54 7.31761
39 55 1.63371
39 56 5.006
39 57 6.76345
39 58 4.97382
39 59 3.48748
39 60 3.07599
39 61 4.59162
39 62 6.17042
39 63 4.0658
39 64 5.53175
39 65 8.88918
39 66 1.7859
39 67 4.22401
39 68 4.55033
39 69 5.27022
39 70 4.82664
39 71 2.25019
39 72 0.34274
39 73 8.67377
39 74 6.7193
39 75 5.02351
39 76 7.67013
39 77 7.79271
39 78 2.50172
39 79 8.09334
39 80 6.50887
39 81 5.06959
39 82 4.75064
39 83 1.34659
39 84 1.46228
39 85 1.71273
39 86 4.05665
39 87 2.1859
39 88 8.24157
39 89 8.4363
39 90 8.7394
39 91 1.9035
39 92 1.69492
39 93 7.92952
39 94 2.3074
39 95 1.05612
39 96 8.23617
39 97 5.12178
39 98 3.6594
39 99 6.17143
40 41 7.36326
40 42 4.4171
40 43 5.73127
40 44 6.17493
40 45 1.11392
40 46 2.80522
40 47 2.57019
40 48 3.59761
40 49 4.39195
40 50 0.20175
40 51 1.02604
40 52 7.83739
40 53 6.2612
40 54 7.47567
40 55 2.13765
40 56 1.41353
40 57 5.6778
40 58 7.59583
40 59 1.01773
40 60 8.33961
40 61 1.44476
40 62 7.01259
40 63 0.58021
40 64 6.8076
40 65 7.11478
40 66 1.46522
40 67 3.53153
40 68 8.94929
40 69 8.30772
40 70 7.81851
40 71 3.59572
40 72 1.39634
40 73 2.16968
40 74 7.10042
40 75 8.77216
40 76 5.05972
40 77 3.74561
40 78 8.20374
40 79 3.14315
40 80 7.21828
40 81 5.18058
40 82 8.1287
40 83 1.23309
40 84 4.22337
40 85 4.17308
40 86 8.71517
40 87 0.56377
40 88 6.10943
40 89 0.08367
40 90 4.036
40 91 3.34118
40 92 0.32204
40 93 8.89884
40 94 1.72827
40 95 2.15594
40 96 2.40462
40 97 7.33364
40 98 8.92303
40 99 0.1583
41 42 5.43175
41 43 1.39949
41 44 1.65103
41 45 5.9858
41 46 4.1564
41 47 7.12339
41 48 0.00803
41 49 4.15671
41 50 3.91467
41 51 6.25937
41 52 2.42124
41 53 4.06913
41 54 4.93871
41 55 8.89705
41 56 1.72604
41 57 4.10176
41 58 2.86779
41 59 1.3566
41 60 4.96258
41 61 0.63641
41 62 5.40708
41 63 3.30513
41 64 0.89983
41 65 7.91099
41 66 4.65856
41 67 3.00394
41 68 7.25481
41 69 5.84316
41 70 4.2782
41 71 8.9395
41 72 4.64347
41 73 0.8102
41 74 2.60762
41 75 7.29658
41 76 4.59301
41 77 3.11437
41 78 7.08341
41 79 7.24789
41 80 8.42451
41 81 8.55054
41 82 7.35307
41 83 2.06294
41 84 7.75524
41 85 8.18701
41 86 2.9775
41 87 5.23652
41 88 3.91259
41 89 4.11288
41 90 5.50239
41 91 0.6569
41 92 7.03977
41 93 5.29514
41 94 3.59617
41 95 5.9199
41 96 7.28076
41 97 3.40859
41 98 4.28854
41 99 1.9421
42 43 3.62916
42 44 6.66316
42 45 2.01776
42 46 8.30984
42 47 5.64763
42 48 3.86139
42 49 0.12164
42 50 8.22719
42 51 1.29094
42 52 1.31711
42 53 4.21442
42 54 3.07562
42 55 5.09535
42 56 2.52796
42 57 2.12676
42 58 0.82705
42 59 4.84075
42 60 1.57408
42 61 5.13745
42 62 4.35945
42 63 1.48383
42 64 0.60144
42 65 6.90905
42 66 1.16496
42 67 1.60265
42 68 0.50315
42 69 1.97082
42 70 0.01069
42 71 4.75175
42 72 7.64072
42 73 6.72099
42 74 3.50194
42 75 7.40878
42 76 4.99361
42 77 8.58808
42 78 2.91988
42 79 4.67263
42 80 1.68669
42 81 3.10661
42 82 3.52233
42 83 0.88128
42 84 7.25709
42 85 4.57614
42 86 5.90862
42 87 7.72468
42 88 4.63532
42 89 3.13496
42 90 5.66174
42 91 4.9332
42 92 3.32306
42 93 1.68646
42 94 1.71032
42 95 4.28734
42 96 0.6884
42 97 7.50963
42 98 6.25938
42 99 0.87908
43 44 2.55287
43 45 6.96404
43 46 2.79184
43 47 5.52714
43 48 5.3053
43 49 5.73925
43 50 7.8902
43 51 1.67467
43 52 0.62128
43 53 1.53442
43 54 8.41122
43 55 6.79051
43 56 5.91487
43 57 7.82955
43 58 0.58182
43 59 2.03516
43 60 8.78558
43 61 0.10245
43 62 7.09806
43 63 6.08665
43 64 8.28167
43 65 3.22006
43 66 6.24719
43 67 2.05534
43 68 4.49488
43 69 6.99014
43 70 3.60629
43 71 8.6909
43 72 3.33771
43 73 5.93569
43 74 7.50425
43 75 6.63291
43 76 8.57854
43 77 5.5154
43 78 3.07198
43 79 2.96283
43 80 1.08739
43 81 8.37024
43 82 3.71312
43 83 4.33265
43 84 4.68504
43 85 5.90504
43 86 3.9743
43 87 4.95273
43 88 1.03558
43 89 7.28705
43 90 0.94665
43 91 2.64539
43 92 4.71194
43 93 8.86665
43 94 7.58158
43 95 1.24688
43 96 0.57895
43 97 1.58658
43 98 8.73396
43 99 2.67179
44 45 2.04755
44 46 6.72873
44 47 5.76787
44 48 8.39276
44 49 6.90621
44 50 0.45456
44 51 8.07044
44 52 0.74328
44 53 8.27814
44 54 4.05491
44 55 6.28791
44 56 7.77619
44 57 6.44265
44 58 7.81833
44 59 8.54989
44 60 7.11978
44 61 7.04071
44 62 1.66911
44 63 2.41097
44 64 3.132
44 65 5.86975
44 66 4.25103
44 67 1.2808
44 68 4.51685
44 69 5.58141
44 70 3.34998
44 71 7.76817
44 72 6.66316
44 73 7.95165
44 74 1.08078
44 75 6.35919
44 76 2.13638
44 77 8.00517
44 78 6.84049
44 79 7.40342
44 80 7.14953
44 81 8.60875
44 82 0.97635
44 83 6.78372
44 84 2.36421
44 85 2.18852
44 86 4.28809
44 87 1.20305
44 88 7.49146
44 89 0.94527
44 90 2.73528
44 91 8.09559
44 92 1.57736
44 93 1.16217
44 94 4.92183
44 95 2.23736
44 96 4.19004
44 97 5.44737
44 98 3.33597
44 99 8.49036
45 46 6.20352
45 47 3.4365
45 48 4.75713
45 49 6.82024
45 50 4.14182
45 51 5.5463
45 52 0.83832
45 53 2.96144
45 54 5.92468
45 55 0.22968
45 56 2.22931
45 57 5.43165
45 58 2.02202
45 59 7.15665
45 60 8.16314
45 61 4.84335
45 62 3.78858
45 63 6.826
45 64 2.95584
45 65 4.43576
45 66 5.01895
45 67 0.95842
45 68 3.94492
45 69 2.51434
45 70 7.1631
45 71 2.36623
45 72 3.84942
45 73 0.28375
45 74 2.54489
45 75 4.02227
45 76 5.34425
45 77 3.06611
45 78 6.67891
45 79 3.07713
45 80 8.73958
45 81 7.66136
45 82 7.58089
45 83 5.16867
45 84 3.3934
45 85 7.39158
45 86 6.52667
45 87 6.39581
45 88 4.52711
45 89 1.79225
45 90 0.74204
45 91 2.24519
45 92 2.7711
45 93 6.54644
45 94 7.94587
45 95 5.29491
45 96 2.81029
45 97 1.46451
45 98 5.62311
45 99 0.66683
46 47 3.62772
46 48 4.35299
46 49 0.03939
46 50 6.94574
46 51 8.79228
46 52 3.90643
46 53 7.21274
46 54 0.2693
46 55 0.49279
46 56 0.63791
46 57 5.42222
46 58 8.4498
46 59 4.7541
46 60 0.28944
46 61 0.70233
46 62 4.50749
46 63 4.28015
46 64 2.89364
46 65 5.20312
46 66 8.43617
46 67 6.66149
46 68 1.09405
46 69 2.59964
46 70 7.5527
46 71 6.44618
46 72 2.87991
46 73 8.08434
46 74 3.7308
46 75 6.60332
46 76 8.59827
46 77 2.60534
46 78 8.4751
46 79 5.23196
46 80 1.10482
46 81 1.62273
46 82 5.23428
46 83 3.04284
46 84 4.49324
46 85 6.12114
46 86 1.39744
46 87 4.48239
46 88 0.40971
46 89 6.49291
46 90 8.05492
46 91 8.65575
46 92 8.63816
46 93 4.33542
46 94 2.49673
46 95 3.13055
46 96 3.42932
46 97 0.9628
46 98 4.94133
46 99 8.22255
47 48 2.41766
47 49 2.89365
47 50 2.53071
47 51 2.96025
47 52 1.62227
47 53 7.5401
47 54 3.50598
47 55 8.17506
47 56 8.36592
47 57 8.31886
47 58 6.14036
47 59 7.44003
47 60 0.89984
47 61 6.98025
47 62 5.91562
47 63 5.56249
47 64 4.91107
47 65 6.31245
47 66 5.67372
47 67 3.69544
47 68 6.91306
47 69 4.69815
47 70 7.13088
47 71 1.15067
47 72 6.06485
47 73 1.4714
47 74 5.45611
47 75 8.48217
47 76 2.38805
47 77 6.65872
47 78 1.96058
47 79 8.27783
47 80 6.66015
47 81 4.06032
47 82 3.6757
47 83 3.15633
47 84 1.60798
47 85 5.40926
47 86 0.11002
47 87 3.1723
47 88 1.74654
47 89 4.34053
47 90 6.38879
47 91 2.28532
47 92 0.41727
47 93 7.99719
47 94 1.72472
47 95 0.00158
47 96 7.45506
47 97 4.23676
47 98 2.23564
47 99 7.20076
48 49 1.43907
48 50 8.70128
48 51 8.65252
48 52 4.26985
48 53 8.79032
48 54 2.83063
48 55 1.49882
48 56 0.45973
48 57 6.14765
48 58 2.67574
48 59 5.45975
48 60 2.6501
48 61 8.71349
48 62 8.61885
48 63 3.09833
48 64 2.15381
48 65 5.00236
48 66 2.86047
48 67 8.12006
48 68 1.27471
48 69 2.82713
48 70 0.92777
48 71 1.24833
48 72 8.88347
48 73 0.74804
48 74 4.43146
48 75 2.82406
48 76 0.19981
48 77 6.19075
48 78 5.06185
48 79 8.83894
48 80 5.77462
48 81 1.37321
48 82 5.90122
48 83 5.92859
48 84 6.42908
48 85 8.49506
48 86 6.19504
48 87 2.15782
48 88 2.08906
48 89 2.17976
48 90 2.16405
48 91 7.04578
48 92 1.16424
48 93 3.99888
48 94 7.18303
48 95 5.62332
48 96 2.3776
48 97 7.33254
48 98 1.81552
48 99 6.75661
49 50 6.53925
49 51 2.70362
49 52 2.49476
49 53 7.45727
49 54 1.72773
49 55 8.61512
49 56 6.72111
49 57 1.55674
49 58 0.32581
49 59 6.65911
49 60 2.82358
49 61 4.42928
49 62 2.87808
49 63 7.10811
49 64 5.76195
49 65 0.60168
49 66 3.08362
49 67 6.63007
49 68 2.57285
49 69 4.13266
49 70 7.01736
49 71 6.2109
49 72 3.24441
49 73 5.31648
49 74 7.63899
49 75 1.42447
49 76 0.33906
49 77 6.18427
49 78 4.79633
49 79 3.00325
49 80 1.74479
49 81 3.46263
49 82 5.98046
49 83 3.39564
49 84 5.63727
49 85 5.5513
49 86 7.80305
49 87 3.9192
49 88 3.48515
49 89 6.08778
49 90 2.24816
49 91 8.5965
49 92 6.30476
49 93 7.84796
49 94 2.67536
49 95 7.23381
49 96 6.94203
49 97 8.51373
49 98 4.73673
49 99 8.69813
50 51 4.87473
50 52 4.12522
50 53 0.5034
50 54 4.91496
50 55 7.99824
50 56 7.42471
50 57 6.39084
50 58 6.86981
50 59 1.97087
50 60 2.83152
50 61 0.18694
50 62 6.86527
50 63 4.34951
50 64 1.75217
50 65 8.64514
50 66 6.97318
50 67 1.96078
50 68 8.03597
50 69 8.54249
50 70 5.01359
50 71 0.3208
50 72 0.03408
50 73 5.02941
50 74 3.90797
50 75 3.20697
50 76 3.05308
50 77 3.52938
50 78 4.596
50 79 0.51795
50 80 4.64052
50 81 2.07552
50 82 1.66089
50 83 0.64423
50 84 6.82626
50 85 2.03324
50 86 3.99426
50 87 0.50187
50 88 0.18684
50 89 1.45243
50 90 5.9734
50 91 7.72335
50 92 0.4495
50 93 0.54474
50 94 3.9076
50 95 2.06358
50 96 1.2279
50 97 5.9968
50 98 5.96407
50 99 5.87615
51 52 0.96128
51 53 7.31553
51 54 3.08417
51 55 6.1783
51 56 0.46274
51 57 1.10816
51 58 7.00024
51 59 4.11377
51 60 0.28073
51 61 1.39335
51 62 5.86751
51 63 0.98527
51 64 3.57964
51 65 6.60058
51 66 7.32689
51 67 2.74069
51 68 7.019
51 69 4.5447
51 70 1.30508
51 71 3.01001
51 72 2.36098
51 73 0.55373
51 74 0.23359
51 75 8.73647
51 76 8.67416
51 77 7.79785
51 78 5.21767
51 79 5.4573
51 80 2.20471
51 81 7.82272
51 82 1.95157
51 83 6.12577
51 84 2.26075
51 85 6.53765
51 86 8.88137
51 87 6.34352
51 88 1.55271
51 89 4.39946
51 90 4.53983
51 91 1.41117
51 92 2.43916
51 93 6.75362
51 94 2.52747
51 95 3.16054
51 96 0.57024
51 97 7.2341
51 98 7.20942
51 99 2.99004
52 53 4.06614
52 54 8.91141
52 55 6.33441
52 56 3.11094
52 57 0.11483
52 58 5.72676
52 59 0.56039
52 60 4.85727
52 61 5.75913
52 62 8.7034
52 63 3.05337
52 64 4.14919
52 65 2.01524
52 66 4.19182
52 67 5.73692
52 68 8.37284
52 69 0.55313
52 70 8.28392
52 71 7.53044
52 72 4.81397
52 73 4.74238
52 74 8.29955
52 75 0.88714
52 76 0.50984
52 77 8.15667
52 78 6.46928
52 79 6.67088
52 80 4.68205
52 81 5.75231
52 82 3.53302
52 83 5.1482
52 84 1.55308
52 85 7.80871
52 86 4.14004
52 87 2.02699
52 88 8.66666
52 89 7.69275
52 90 2.64397
52 91 8.99237
52 92 8.98838
52 93 2.71288
52 94 1.27451
52 95 8.39833
52 96 2.78956
52 97 5.15082
52 98 3.32825
52 99 7.06713
53 54 8.62704
53 55 0.72771
53 56 5.10152
53 57 1.04599
53 58 2.80941
53 59 1.69957
53 60 7.9142
53 61 1.94847
53 62 1.54162
53 63 4.88218
53 64 7.49867
53 65 3.43324
53 66 0.26265
53 67 4.23607
53 68 3.3385
53 69 7.83298
53 70 1.89416
53 71 1.63992
53 72 2.11686
53 73 7.20904
53 74 5.57198
53 75 1.87295
53 76 4.25217
53 77 8.56813
53 78 1.43414
53 79 7.86677
53 80 2.81027
53 81 7.06191
53 82 8.83724
53 83 1.85014
53 84 5.98103
53 85 1.41657
53 86 2.67957
53 87 0.37459
53 88 0.83551
53 89 3.73624
53 90 3.42974
53 91 8.88465
53 92 7.60156
53 93 8.35364
53 94 3.32032
53 95 6.39389
53 96 8.90002
53 97 0.42822
53 98 0.51345
53 99 1.37161
54 55 3.33844
54 56 3.8783
54 57 0.37603
54 58 4.94263
54 59 7.00022
54 60 6.8618
54 61 1.23883
54 62 3.08078
54 63 8.79026
54 64 0.1114
54 65 4.82044
54 66 5.1792
54 67 4.12367
54 68 5.43959
54 69 4.46727
54 70 8.451
54 71 0.85066
54 72 5.14302
54 73 5.31648
54 74 5.67599
54 75 3.25794
54 76 7.48218
54 77 8.05261
54 78 2.31758
54 79 7.94076
54 80 3.90817
54 81 6.05313
54 82 1.7591
54 83 7.41611
54 84 6.75473
54 85 2.19123
54 86 2.47681
54 87 3.18209
54 88 1.01715
54 89 0.30136
54 90 7.38019
54 91 7.13432
54 92 6.63759
54 93 8.69565
54 94 8.90099
54 95 7.8049
54 96 0.27459
54 97 4.36324
54 98 8.32271
54 99 6.96327
55 56 5.78648
55 57 7.32649
55 58 8.98739
55 59 7.52339
55 60 3.30424
55 61 2.01337
55 62 7.00576
55 63 6.72189
55 64 2.67156
55 65 4.40393
55 66 5.04378
55 67 7.38664
55 68 2.7549
55 69 4.51243
55 70 4.56483
55 71 3.37296
55 72 7.10967
55 73 8.27147
55 74 1.687
55 75 0.12258
55 76 4.61916
55 77 7.48192
55 78 3.33416
55 79 6.04906
55 80 8.18674
55 81 3.05041
55 82 1.53542
55 83 5.38623
55 84 4.44408
55 85 8.02494
55 86 2.9628
55 87 3.58015
55 88 7.20052
55 89 3.65193
55 90 5.02114
55 91 4.09104
55 92 1.44187
55 93 8.32372
55 94 6.56796
55 95 8.44789
55 96 7.63823
55 97 1.38392
55 98 6.01297
55 99 2.05462
56 57 3.70952
56 58 7.50001
56 59 1.64693
56 60 6.95976
56 61 3.71981
56 62 1.72382
56 63 3.60552
56 64 1.98585
56 65 3.5795
56 66 8.45323
56 67 2.27147
56 68 6.8505
56 69 8.4663
56 70 2.20035
56 71 5.06932
56 72 2.72858
56 73 0.00667
56 74 0.70964
56 75 7.7968
56 76 2.14308
56 77 0.8114
56 78 4.68354
56 79 2.63177
56 80 4.53234
56 81 1.83679
56 82 3.40271
56 83 2.4921
56 84 1.53411
56 85 2.0389
56 86 5.95666
56 87 4.17324
56 88 4.66856
56 89 0.6521
56 90 4.43614
56 91 4.9974
56 92 3.76339
56 93 0.35369
56 94 8.32817
56 95 7.44629
56 96 0.43715
56 97 3.74143
56 98 8.29667
56 99 6.304
57 58 6.06901
57 59 6.24619
57 60 4.52832
57 61 8.11165
57 62 7.16669
57 63 2.76739
57 64 1.73972
57 65 0.46727
57 66 4.9582
57 67 5.39658
57 68 6.88154
57 69 5.49899
57 70 5.26432
57 71 7.22055
57 72 6.12337
57 73 3.16075
57 74 2.1683
57 75 4.5835
57 76 2.81541
57 77 0.21786
57 78 2.89429
57 79 7.15643
57 80 8.78146
57 81 3.14603
57 82 7.94709
57 83 0.21492
57 84 4.3592
57 85 0.92601
57 86 2.67629
57 87 0.04479
57 88 4.71527
57 89 2.00015
57 90 3.87487
57 91 4.271
57 92 6.93381
57 93 6.81225
57 94 3.20167
57 95 5.48953
57 96 4.38117
57 97 7.95985
57 98 0.31522
57 99 8.32745
58 59 1.43567
58 60 5.83259
58 61 3.21418
58 62 1.75161
58 63 5.83226
58 64 3.48466
58 65 2.59462
58 66 4.56463
58 67 6.34047
58 68 1.71603
58 69 0.22682
58 70 4.11533
58 71 8.00025
58 72 7.22375
58 73 4.6206
58 74 8.42571
58 75 7.65002
58 76 8.73514
58 77 8.94065
58 78 6.60568
58 79 3.49415
58 80 3.90873
58 81 4.71352
58 82 8.39354
58 83 2.54018
58 84 2.551
58 85 4.51705
58 86 2.07731
58 87 0.61036
58 88 7.0862
58 89 6.66809
58 90 1.17777
58 91 0.63707
58 92 2.31692
58 93 0.9786
58 94 8.62739
58 95 0.00584
58 96 1.52906
58 97 6.97816
58 98 6.67184
58 99 4.70756
59 60 6.18783
59 61 7.58519
59 62 6.95753
59 63 1.03829
59 64 0.94768
59 65 6.12807
59 66 0.40499
59 67 0.34362
59 68 3.23611
59 69 0.02227
59 70 1.84608
59 71 2.37462
59 72 5.32008
59 73 6.84118
59 74 4.68232
59 75 7.79858
59 76 5.8894
59 77 3.31543
59 78 7.51317
59 79 2.79459
59 80 0.54661
59 81 8.33966
59 82 1.41888
59 83 3.73464
59 84 3.36982
59 85 6.29029
59 86 2.83546
59 87 4.34873
59 88 7.16483
59 89 6.62543
59 90 3.80696
59 91 2.93678
59 92 6.04084
59 93 4.3816
59 94 6.87363
59 95 5.93127
59 96 4.47262
59 97 1.46477
59 98 2.39721
59 99 8.32086
60 61 1.90736
60 62 7.54378
60 63 3.4372
60 64 8.99056
60 65 0.93631
60 66 0.30493
60 67 0.03436
60 68 7.26218
60 69 0.01212
60 70 8.14352
60 71 1.23051
60 72 3.5654
60 73 3.23847
60 74 1.12535
60 75 3.98069
60 76 0.43629
60 77 3.51252
60 78 8.84994
60 79 3.54028
60 80 0.86327
60 81 8.95296
60 82 0.89728
60 83 5.11746
60 84 0.81411
60 85 4.27351
60 86 1.24005
60 87 0.62774
60 88 8.99391
60 89 7.99622
60 90 8.43041
60 91 5.21056
60 92 6.82172
60 93 0.16529
60 94 0.27617
60 95 7.49858
60 96 1.20248
60 97 0.3666
60 98 8.98581
60 99 0.48517
61 62 3.43203
61 63 5.44545
61 64 6.4767
61 65 7.32393
61 66 1.79451
61 67 3.49694
61 68 3.49198
61 69 7.51176
61 70 6.26419
61 71 1.29314
61 72 8.90544
61 73 1.10928
61 74 6.96143
61 75 7.44605
61 76 6.49677
61 77 4.3625
61 78 7.38616
61 79 1.74859
61 80 1.89543
61 81 5.11542
61 82 1.07552
61 83 3.55258
61 84 8.27033
61 85 8.42647
61 86 3.00631
61 87 3.37812
61 88 8.60999
61 89 6.8419
61 90 7.73168
61 91 5.97536
61 92 5.79163
61 93 6.57733
61 94 1.07956
61 95 2.76475
61 96 4.08623
61 97 6.85026
61 98 6.30302
61 99 1.6742
62 63 7.58678
62 64 8.10602
62 65 1.83724
62 66 8.6339
62 67 3.40229
62 68 5.40615
62 69 2.22891
62 70 4.29259
62 71 4.4555
62 72 0.96584
62 73 0.62473
62 74 4.44782
62 75 6.60994
62 76 4.28781
62 77 3.79849
62 78 7.47848
62 79 2.77096
62 80 3.98584
62 81 8.50951
62 82 2.19231
62 83 2.30565
62 84 5.81371
62 85 3.37788
62 86 5.5982
62 87 6.96443
62 88 7.79184
62 89 4.11225
62 90 6.64502
62 91 6.29118
62 92 8.84409
62 93 3.51697
62 94 0.43724
62 95 8.45473
62 96 3.79656
62 97 0.28454
62 98 6.41787
62 99 6.04557
63 64 3.27277
63 65 7.14445
63 66 6.12543
63 67 7.90296
63 68 5.64714
63 69 2.43765
63 70 2.658
63 71 2.72901
63 72 7.39449
63 73 4.13392
63 74 8.33236
63 75 2.51687
63 76 1.0925
63 77 1.92617
63 78 5.97361
63 79 2.95693
63 80 0.56787
63 81 3.27266
63 82 6.04243
63 83 6.50931
63 84 2.1351
63 85 2.14697
63 86 8.12159
63 87 3.25338
63 88 0.67514
63 89 8.56045
63 90 7.51575
63 91 8.56726
63 92 7.53621
63 93 8.05649
63 94 7.64021
63 95 5.06677
63 96 1.76709
63 97 8.01542
63 98 1.01216
63 99 5.44001
64 65 7.85281
64 66 7.33865
64 67 7.92748
64 68 4.28254
64 69 6.29967
64 70 7.23002
64 71 4.71872
64 72 4.10512
64 73 2.91473
64 74 7.91725
64 75 1.02603
64 76 8.4471
64 77 2.36714
64 78 2.32244
64 79 7.27842
64 80 3.21664
64 81 1.48745
64 82 7.38796
64 83 3.0298
64 84 0.93653
64 85 8.57532
64 86 0.48979
64 87 7.46864
64 88 7.19185
64 89 5.6893
64 90 6.0645
64 91 4.93598
64 92 3.71502
64 93 2.41239
64 94 4.03242
64 95 6.52903
64 96 6.15116
64 97 0.24964
64 98 8.03917
64 99 7.99932
65 66 1.52197
65 67 8.9696
65 68 4.76554
65 69 3.55103
65 70 8.89734
65 71 3.14601
65 72 3.20992
65 73 8.8843
65 74 8.1697
65 75 5.45317
65 76 2.12117
65 77 4.04616
65 78 0.83561
65 79 5.7316
65 80 1.07867
65 81 4.88293
65 82 3.74517
65 83 1.39814
65 84 1.7227
65 85 0.12328
65 86 3.12957
65 87 8.11682
65 88 2.95187
65 89 1.37868
65 90 3.07122
65 91 7.83967
65 92 6.47716
65 93 7.66901
65 94 5.02825
65 95 1.84217
65 96 3.63853
65 97 3.10777
65 98 8.61547
65 99 4.9424
66 67 0.22603
66 68 3.95434
66 69 0.99418
66 70 7.2908
66 71 3.42643
66 72 0.70427
66 73 1.22037
66 74 3.56976
66 75 3.25873
66 76 0.19198
66 77 1.03528
66 78 2.27976
66 79 5.01165
66 80 1.60922
66 81 5.9286
66 82 6.41542
66 83 1.72049
66 84 4.79206
66 85 8.23721
66 86 7.80753
66 87 0.73296
66 88 6.37575
66 89 2.85094
66 90 7.66489
66 91 1.99304
66 92 0.31949
66 93 2.30336
66 94 2.93938
66 95 8.88757
66 96 2.75245
66 97 8.62641
66 98 0.62672
66 99 2.72308
67 68 4.6583
67 69 8.75103
67 70 8.51719
67 71 1.51557
67 72 8.88755
67 73 2.74623
67 74 7.25262
67 75 6.35283
67 76 4.30509
67 77 1.92818
67 78 6.39003
67 79 3.41549
67 80 5.41098
67 81 8.28985
67 82 7.56941
67 83 8.6248
67 84 2.44886
67 85 1.6312
67 86 2.44442
67 87 6.99487
67 88 3.8147
67 89 3.04982
67 90 4.07461
67 91 7.30922
67 92 2.70232
67 93 2.01983
67 94 1.97208
67 95 8.25607
67 96 8.36268
67 97 8.85283
67 98 4.59557
67 99 5.6695
68 69 8.81108
68 70 8.19132
68 71 7.98837
68 72 7.94423
68 73 0.92051
68 74 3.93609
68 75 5.60476
68 76 0.57037
68 77 8.81689
68 78 4.4168
68 79 6.08225
68 80 8.69452
68 81 0.70438
68 82 4.04863
68 83 6.66953
68 84 2.14843
68 85 3.74248
68 86 8.43251
68 87 6.71802
68 88 4.97541
68 89 5.46796
68 90 4.00587
68 91 8.75425
68 92 3.51844
68 93 0.48414
68 94 6.04121
68 95 3.74683
68 96 8.73193
68 97 4.92585
68 98 2.60319
68 99 7.20839
69 70 0.46331
69 71 5.91303
69 72 0.44394
69 73 3.51802
69 74 5.54755
69 75 8.85289
69 76 1.78808
69 77 8.59086
69 78 0.93074
69 79 2.58844
69 80 2.51279
69 81 2.78244
69 82 3.94063
69 83 6.40299
69 84 7.79422
69 85 1.07619
69 86 7.74813
69 87 0.04719
69 88 0.64474
69 89 5.05156
69 90 2.62267
69 91 1.36993
69 92 6.19679
69 93 5.90493
69 94 7.70394
69 95 0.77598
69 96 3.14147
69 97 7.94094
69 98 3.44475
69 99 6.6318
70 71 8.85088
70 72 8.24819
70 73 5.47388
70 74 1.09893
70 75 0.6853
70 76 7.24069
70 77 1.39053
70 78 3.11935
70 79 7.32403
70 80 1.66397
70 81 6.34536
70 82 4.20895
70 83 1.43349
70 84 7.98343
70 85 0.16051
70 86 7.90956
70 87 1.35782
70 88 6.5464
70 89 3.89974
70 90 7.14871
70 91 4.16429
70 92 6.26216
70 93 7.65696
70 94 0.39123
70 95 6.46043
70 96 4.59786
70 97 3.97471
70 98 0.34046
70 99 0.90364
71 72 3.60462
71 73 1.6664
71 74 3.52801
71 75 2.20596
71 76 7.07148
71 77 6.82405
71 78 0.60138
71 79 7.7712
71 80 1.41878
71 81 5.78931
71 82 6.13454
71 83 8.42302
71 84 2.05287
71 85 0.51396
71 86 2.45275
71 87 3.02579
71 88 3.14802
71 89 1.56966
71 90 4.38257
71 91 8.14917
71 92 0.13128
71 93 1.765
71 94 7.77973
71 95 6.81319
71 96 6.43492
71 97 0.61489
71 98 8.68071
71 99 7.62925
72 73 3.57222
72 74 6.26538
72 75 8.14097
72 76 7.89338
72 77 3.6085
72 78 5.43207
72 79 6.59418
72 80 1.78204
72 81 5.95942
72 82 1.74353
72 83 4.45262
72 84 6.20165
72 85 6.55588
72 86 8.01462
72 87 4.11908
72 88 2.15263
72 89 1.90479
72 90 4.12261
72 91 2.96205
72 92 7.91936
72 93 6.17494
72 94 2.06304
72 95 0.20304
72 96 3.21674
72 97 7.28654
72 98 0.14342
72 99 6.11428
73 74 0.8088
73 75 0.81201
73 76 7.31533
73 77 5.75579
73 78 5.96331
73 79 7.21689
73 80 0.02095
73 81 7.60041
73 82 3.0536
73 83 7.95884
73 84 2.2819
73 85 5.58237
73 86 0.90577
73 87 0.03541
73 88 8.42434
73 89 8.12402
73 90 6.40793
73 91 5.01521
73 92 7.74467
73 93 5.61601
73 94 4.27398
73 95 6.69723
73 96 3.94994
73 97 8.81449
73 98 8.88085
73 99 2.48261
74 75 6.95831
74 76 8.68319
74 77 8.05153
74 78 1.36211
74 79 0.25626
74 80 3.35357
74 81 0.33198
74 82 3.55684
74 83 4.17108
74 84 2.34
74 85 6.70608
74 86 3.5128
74 87 7.9444
74 88 6.93353
74 89 2.91375
74 90 8.7803
74 91 6.36877
74 92 4.83379
74 93 6.75672
74 94 4.21338
74 95 4.20806
74 96 7.89822
74 97 7.64382
74 98 2.1093
74 99 8.44699
75 76 4.76155
75 77 6.58944
75 78 3.22778
75 79 4.55505
75 80 2.41976
75 81 5.35618
75 82 2.25052
75 83 1.69925
75 84 7.94067
75 85 3.73858
75 86 6.54927
75 87 7.7218
75 88 7.58085
75 89 6.72156
75 90 2.55746
75 91 0.19897
75 92 6.77101
75 93 8.03596
75 94 3.11885
75 95 0.66067
75 96 0.72846
75 97 6.49955
75 98 2.721
75 99 6.78825
76 77 0.81494
76 78 4.13269
76 79 4.31118
76 80 6.92668
76 81 7.15271
76 82 4.13352
76 83 1.82903
76 84 8.20522
76 85 4.04825
76 86 4.75805
76 87 7.35779
76 88 3.0495
76 89 0.0131
76 90 4.71426
76 91 5.9241
76 92 1.19004
76 93 8.99721
76 94 8.62963
76 95 2.40259
76 96 6.51255
76 97 2.9876
76 98 4.2535
76 99 4.20504
77 78 1.80748
77 79 0.12508
77 80 7.02882
77 81 0.55523
77 82 8.37931
77 83 2.03695
77 84 3.561
77 85 6.15796
77 86 6.74593
77 87 7.07856
77 88 4.58003
77 89 4.48873
77 90 1.3139
77 91 2.42909
77 92 3.19468
77 93 2.97162
77 94 2.90024
77 95 7.67735
77 96 6.41374
77 97 0.29783
77 98 7.20402
77 99 4.64863
78 79 2.54607
78 80 3.8892
78 81 5.63068
78 82 2.66905
78 83 8.38353
78 84 8.0611
78 85 6.29827
78 86 6.87428
78 87 3.29168
78 88 3.99716
78 89 4.29208
78 90 6.21919
78 91 7.78846
78 92 0.35613
78 93 7.10091
78 94 0.48727
78 95 7.34484
78 96 6.53091
78 97 2.75244
78 98 0.9659
78 99 0.33608
79 80 8.52945
79 81 4.82562
79 82 4.55007
79 83 6.95167
79 84 1.65566
79 85 3.72745
79 86 3.98433
79 87 4.40086
79 88 2.92016
79 89 8.5015
79 90 5.12205
79 91 7.57104
79 92 1.58738
79 93 1.86948
79 94 4.71968
79 95 3.73696
79 96 8.15087
79 97 4.95789
79 98 7.2371
79 99 6.53318
80 81 1.63593
80 82 3.69008
80 83 4.89256
80 84 1.58868
80 85 7.73125
80 86 0.43092
80 87 6.27625
80 88 6.9482
80 89 4.33521
80 90 6.44262
80 91 3.95275
80 92 3.47783
80 93 7.42514
80 94 2.5218
80 95 4.63902
80 96 2.12052
80 97 2.42173
80 98 6.98129
80 99 7.25763
81 82 7.67231
81 83 0.91
81 84 7.48085
81 85 6.35397
81 86 1.12666
81 87 8.93313
81 88 2.27062
81 89 0.25221
81 90 5.84335
81 91 1.44005
81 92 7.756
81 93 4.54387
81 94 2.8087
81 95 1.97743
81 96 0.44805
81 97 0.39066
81 98 2.73891
81 99 2.22662
82 83 7.57371
82 84 0.03856
82 85 7.93182
82 86 1.19368
82 87 5.3755
82 88 1.7745
82 89 1.32703
82 90 5.04415
82 91 4.33274
82 92 1.59787
82 93 2.44425
82 94 1.55132
82 95 3.81815
82 96 7.54946
82 97 6.75707
82 98 1.03379
82 99 7.52567
83 84 6.75041
83 85 0.992
83 86 5.00792
83 87 1.26809
83 88 3.01846
83 89 5.80945
83 90 8.25621
83 91 8.38243
83 92 3.8949
83 93 5.29053
83 94 0.33136
83 95 4.62733
83 96 7.13501
83 97 2.60367
83 98 3.77772
83 99 1.24673
84 85 4.16866
84 86 8.22751
84 87 0.19923
84 88 5.0521
84 89 1.49677
84 90 5.20363
84 91 2.34016
84 92 5.17377
84 93 6.35544
84 94 5.25309
84 95 4.32825
84 96 3.46041
84 97 3.75859
84 98 1.26017
84 99 4.03684
85 86 4.3723
85 87 6.32261
85 88 4.6352
85 89 5.30209
85 90 6.51408
85 91 2.49524
85 92 7.80077
85 93 8.26569
85 94 3.8314
85 95 5.60744
85 96 4.01745
85 97 5.06327
85 98 3.25597
85 99 4.17902
86 87 4.35827
86 88 3.58729
86 89 7.2441
86 90 2.47543
86 91 5.36694
86 92 2.4198
86 93 7.32368
86 94 8.71902
86 95 3.29749
86 96 7.98431
86 97 0.7418
86 98 1.6794
86 99 6.12471
87 88 2.16934
87 89 4.15172
87 90 6.04182
87 91 4.69529
87 92 8.80802
87 93 4.23487
87 94 0.64226
87 95 5.34197
87 96 4.26429
87 97 0.22112
87 98 4.01196
87 99 2.51149
88 89 0.36281
88 90 6.9995
88 91 0.51292
88 92 1.17925
88 93 0.413
88 94 8.65065
88 95 3.50375
88 96 4.90027
88 97 6.9856
88 98 3.3225
88 99 1.10327
89 90 7.30809
89 91 7.01177
89 92 3.04268
89 93 2.2785
89 94 4.22117
89 95 7.16298
89 96 7.35741
89 97 8.22732
89 98 3.9194
89 99 7.7862
90 91 2.76634
90 92 7.48598
90 93 4.37598
90 94 2.09787
90 95 0.16938
90 96 8.78016
90 97 5.45067
90 98 7.86301
90 99 5.2026
91 92 0.25857
91 93 5.63329
91 94 2.3208
91 95 5.43524
91 96 4.88827
91 97 8.394
91 98 6.79742
91 99 3.25601
92 93 1.28071
92 94 6.96372
92 95 5.03087
92 96 7.33303
92 97 5.87015
92 98 8.38425
92 99 1.87898
93 94 1.21135
93 95 4.15361
93 96 8.00973
93 97 5.575
93 98 2.79781
93 99 3.99333
94 95 5.43371
94 96 3.98179
94 97 7.97116
94 98 0.93863
94 99 4.17793
95 96 3.62316
95 97 8.35849
95 98 4.64077
95 99 3.5485
96 97 6.57884
96 98 8.24723
96 99 2.30421
97 98 1.45342
97 99 1.93998
98 99 8.55615
