100 40
0 1 3.25863
0 2 3.38806
0 3 6.14033
0 4 6.51483
0 5 5.58633
0 6 5.47078
0 7 8.2443
0 8 5.80598
0 9 6.00353
0 10 1.47326
0 11 5.11668
0 12 7.01124
0 13 7.05166
0 14 8.7055
0 15 7.69133
0 16 8.49496
0 17 5.22096
0 18 2.51892
0 19 1.43638
0 20 7.90758
0 21 4.49115
0 22 3.42198
0 23 5.07926
0 24 7.80379
0 25 3.40533
0 26 8.18808
0 27 5.97667
0 28 2.2564
0 29 4.42299
0 30 0.37612
0 31 6.30182
0 32 5.22069
0 33 6.15893
0 34 8.25424
0 35 5.68211
0 36 8.57255
0 37 6.49818
0 38 0.62785
0 39 0.49739
0 40 0.70194
0 41 5.40682
0 42 5.5207
0 43 8.63646
0 44 4.3691
0 45 5.76777
0 46 1.55663
0 47 0.94314
0 48 8.31586
0 49 4.42506
0 50 7.07958
0 51 1.6605
0 52 4.65705
0 53 1.31298
0 54 7.92495
0 55 8.80476
0 56 4.69703
0 57 4.48591
0 58 2.54638
0 59 0.89008
0 60 4.42937
0 61 0.10102
0 62 2.94179
0 63 3.91829
0 64 5.09453
0 65 5.85427
0 66 4.02888
0 67 8.86981
0 68 0.50933
0 69 2.93999
0 70 0.45016
0 71 2.17527
0 72 2.46703
0 73 6.58744
0 74 4.77011
0 75 4.05043
0 76 3.32376
0 77 0.04143
0 78 8.70281
0 79 3.26629
0 80 7.55454
0 81 1.44304
0 82 4.80347
0 83 4.89824
0 84 1.52479
0 85 0.77772
0 86 0.87807
0 87 2.54467
0 88 7.80782
0 89 6.61336
0 90 6.60321
0 91 7.25719
0 92 8.30933
0 93 5.40601
0 94 5.95911
0 95 4.2458
0 96 1.46718
0 97 1.36493
0 98 6.57868
0 99 4.44408
1 2 0.98501
1 3 3.09541
1 4 1.22351
1 5 6.89935
1 6 8.09149
1 7 3.718
1 8 1.57386
1 9 1.3017
1 10 3.09313
1 11 8.64754
1 12 1.49578
1 13 4.91833
1 14 5.79479
1 15 6.03175
1 16 2.2364
1 17 1.479
1 18 4.39072
1 19 5.0145
1 20 7.72869
1 21 3.1548
1 22 4.14097
1 23 4.80358
1 24 4.68567
1 25 4.47528
1 26 2.60061
1 27 1.35243
1 28 2.9563
1 29 5.18051
1 30 6.97882
1 31 0.16064
1 32 1.19864
1 33 2.94802
1 34 5.91543
1 35 0.26878
1 36 3.47603
1 37 1.67077
1 38 2.88131
1 39 5.76244
1 40 3.99466
1 41 3.96642
1 42 0.37214
1 43 7.76084
1 44 3.56067
1 45 2.10614
1 46 7.38992
1 47 0.86307
1 48 5.43663
1 49 3.18257
1 50 6.20559
1 51 5.38696
1 52 3.26837
1 53 2.68921
1 54 8.08838
1 55 7.95544
1 56 8.92205
1 57 6.34673
1 58 0.52105
1 59 3.49882
1 60 1.18911
1 61 0.42842
1 62 3.49709
1 63 1.50104
1 64 4.45527
1 65 7.67869
1 66 2.83613
1 67 4.3326
1 68 5.43085
1 69 5.09112
1 70 5.55163
1 71 2.60297
1 72 0.1719
1 73 0.18273
1 74 7.81437
1 75 3.53005
1 76 4.03207
1 77 3.83181
1 78 0.14144
1 79 7.89823
1 80 0.47984
1 81 2.2444
1 82 4.10475
1 83 8.66565
1 84 6.2892
1 85 1.24107
1 86 1.80668
1 87 0.69891
1 88 6.49951
1 89 2.88219
1 90 5.36089
1 91 2.95386
1 92 2.41955
1 93 0.21071
1 94 0.46675
1 95 0.18681
1 96 4.3331
1 97 8.57283
1 98 7.52852
1 99 3.24327
2 3 4.80243
2 4 0.56871
2 5 2.48353
2 6 7.31032
2 7 2.07126
2 8 1.23696
2 9 7.61045
2 10 8.05227
2 11 8.66635
2 12 1.84491
2 13 8.41143
2 14 3.9988
2 15 2.19063
2 16 3.45809
2 17 4.93887
2 18 8.90686
2 19 3.67816
2 20 8.01995
2 21 3.69931
2 22 2.71731
2 23 0.13483
2 24 1.06272
2 25 8.58939
2 26 5.49973
2 27 0.31444
2 28 8.22599
2 29 8.99579
2 30 4.79525
2 31 0.96921
2 32 0.42385
2 33 4.39644
2 34 1.89363
2 35 5.87503
2 36 1.54855
2 37 0.42482
2 38 2.29466
2 39 6.41258
2 40 5.15023
2 41 1.11404
2 42 5.7684
2 43 6.23735
2 44 8.6629
2 45 8.28658
2 46 8.71202
2 47 5.78925
2 48 8.17372
2 49 2.43865
2 50 4.50152
2 51 7.49528
2 52 5.9689
2 53 0.89883
2 54 6.81013
2 55 0.90053
2 56 1.91548
2 57 6.66846
2 58 5.26878
2 59 0.38451
2 60 6.4242
2 61 2.09452
2 62 7.26553
2 63 8.71032
2 64 6.62177
2 65 3.28446
2 66 7.39334
2 67 0.24699
2 68 7.76155
2 69 1.61859
2 70 0.20449
2 71 0.17597
2 72 1.89937
2 73 8.29494
2 74 6.34374
2 75 3.8744
2 76 6.63675
2 77 0.75693
2 78 5.57606
2 79 0.39312
2 80 6.81413
2 81 6.43413
2 82 1.15062
2 83 1.05762
2 84 0.99572
2 85 4.29305
2 86 8.10102
2 87 7.47196
2 88 6.76304
2 89 0.96081
2 90 1.29196
2 91 7.25877
2 92 5.33112
2 93 0.61764
2 94 3.80938
2 95 4.3913
2 96 7.26473
2 97 4.82433
2 98 5.48746
2 99 1.13448
3 4 1.82666
3 5 5.88354
3 6 1.32277
3 7 1.74008
3 8 7.07627
3 9 8.95047
3 10 7.89624
3 11 5.34249
3 12 3.55875
3 13 5.13359
3 14 1.06334
3 15 1.35223
3 16 1.50716
3 17 3.749
3 18 7.54964
3 19 3.76927
3 20 5.28446
3 21 1.30052
3 22 0.30858
3 23 7.41487
3 24 1.82911
3 25 4.84535
3 26 7.00202
3 27 8.0445
3 28 7.24964
3 29 2.55934
3 30 0.03264
3 31 0.54542
3 32 5.92363
3 33 2.98791
3 34 1.83678
3 35 4.32314
3 36 7.84685
3 37 0.85135
3 38 4.58559
3 39 1.69033
3 40 2.99431
3 41 0.93962
3 42 5.60926
3 43 6.31627
3 44 5.87893
3 45 8.87326
3 46 7.26412
3 47 4.4973
3 48 4.2271
3 49 8.87915
3 50 7.82763
3 51 1.40773
3 52 0.63841
3 53 2.81681
3 54 6.28923
3 55 2.60797
3 56 8.85412
3 57 7.12804
3 58 0.03416
3 59 2.3489
3 60 3.18233
3 61 3.75468
3 62 3.86337
3 63 0.02192
3 64 0.87068
3 65 1.43352
3 66 4.24176
3 67 7.35267
3 68 2.56646
3 69 6.60397
3 70 5.9891
3 71 4.46699
3 72 2.8674
3 73 2.53324
3 74 2.33694
3 75 1.97968
3 76 2.58901
3 77 2.21955
3 78 7.60924
3 79 4.90372
3 80 0.3236
3 81 0.5327
3 82 1.82164
3 83 6.33836
3 84 3.65714
3 85 2.02764
3 86 1.75272
3 87 5.99763
3 88 5.21886
3 89 8.95349
3 90 1.65821
3 91 5.67797
3 92 4.63861
3 93 1.73382
3 94 4.44586
3 95 4.42928
3 96 7.81161
3 97 8.18394
3 98 1.24474
3 99 5.25815
4 5 2.24323
4 6 5.79014
4 7 0.23949
4 8 6.15089
4 9 1.99746
4 10 1.4028
4 11 2.86666
4 12 4.84304
4 13 5.59998
4 14 7.91118
4 15 8.60403
4 16 7.75313
4 17 4.82066
4 18 4.31241
4 19 4.64415
4 20 1.59912
4 21 6.29653
4 22 8.14913
4 23 1.25663
4 24 2.44048
4 25 2.21686
4 26 2.44004
4 27 1.06387
4 28 1.94902
4 29 5.5958
4 30 7.04921
4 31 0.28321
4 32 1.92441
4 33 8.37517
4 34 2.57992
4 35 4.64144
4 36 1.65999
4 37 8.61476
4 38 5.96211
4 39 8.56269
4 40 2.09585
4 41 6.62245
4 42 7.92313
4 43 2.97564
4 44 4.50912
4 45 7.87454
4 46 4.3069
4 47 3.18534
4 48 8.92064
4 49 6.47556
4 50 5.20245
4 51 7.88105
4 52 4.34939
4 53 5.56172
4 54 2.63578
4 55 0.55405
4 56 7.64968
4 57 6.06149
4 58 1.12486
4 59 6.37528
4 60 0.35887
4 61 8.68005
4 62 7.45359
4 63 5.59806
4 64 3.85303
4 65 5.23604
4 66 4.36304
4 67 8.3946
4 68 5.7208
4 69 3.83118
4 70 2.80297
4 71 0.07988
4 72 4.12304
4 73 2.81624
4 74 7.46298
4 75 0.10153
4 76 2.14198
4 77 5.71918
4 78 4.86921
4 79 0.75805
4 80 2.504
4 81 7.13321
4 82 0.44484
4 83 1.27015
4 84 0.44628
4 85 8.28333
4 86 7.51093
4 87 0.49458
4 88 0.63083
4 89 1.96265
4 90 3.93468
4 91 7.99252
4 92 2.26198
4 93 1.9347
4 94 0.67987
4 95 5.41728
4 96 0.24097
4 97 4.32979
4 98 5.83034
4 99 1.91307
5 6 6.96203
5 7 7.02003
5 8 7.38419
5 9 1.58292
5 10 5.52498
5 11 6.11586
5 12 5.88912
5 13 0.68353
5 14 5.05291
5 15 4.09517
5 16 0.07863
5 17 5.49828
5 18 0.36586
5 19 1.2416
5 20 6.28981
5 21 2.76334
5 22 6.23498
5 23 2.94371
5 24 7.34824
5 25 2.16768
5 26 1.99998
5 27 4.24759
5 28 2.53414
5 29 3.79056
5 30 1.30846
5 31 1.12416
5 32 7.38185
5 33 2.74379
5 34 2.32098
5 35 4.74811
5 36 7.94388
5 37 7.95631
5 38 6.03065
5 39 2.98042
5 40 4.83962
5 41 2.90326
5 42 2.6272
5 43 7.37767
5 44 2.68568
5 45 1.8058
5 46 0.40524
5 47 1.61209
5 48 2.71522
5 49 6.22961
5 50 5.76322
5 51 8.64098
5 52 4.0882
5 53 0.55324
5 54 6.24549
5 55 2.42314
5 56 6.33868
5 57 8.24458
5 58 0.2711
5 59 8.96912
5 60 8.42478
5 61 5.36235
5 62 6.30446
5 63 6.41918
5 64 0.51568
5 65 7.64626
5 66 0.03719
5 67 5.10318
5 68 8.05049
5 69 0.59311
5 70 1.37602
5 71 4.19151
5 72 8.90417
5 73 4.91176
5 74 6.95945
5 75 8.44309
5 76 6.61256
5 77 4.92612
5 78 2.97072
5 79 6.22812
5 80 4.7842
5 81 0.24789
5 82 4.83935
5 83 3.3068
5 84 5.17333
5 85 7.29717
5 86 8.55028
5 87 0.22302
5 88 3.1649
5 89 7.69494
5 90 1.66721
5 91 5.49567
5 92 7.408
5 93 8.25168
5 94 8.05749
5 95 8.93696
5 96 1.5299
5 97 1.79642
5 98 6.5641
5 99 5.50751
6 7 1.2652
6 8 3.99353
6 9 5.60269
6 10 1.25378
6 11 4.60344
6 12 0.85765
6 13 5.77638
6 14 6.8421
6 15 4.02259
6 16 0.76723
6 17 1.11943
6 18 1.09399
6 19 5.80095
6 20 1.75776
6 21 4.45871
6 22 6.22125
6 23 2.46089
6 24 4.81652
6 25 3.0491
6 26 3.9921
6 27 6.75991
6 28 8.43869
6 29 4.21951
6 30 7.65247
6 31 5.44432
6 32 2.18712
6 33 1.09983
6 34 0.40636
6 35 6.33242
6 36 7.93739
6 37 6.48004
6 38 8.53036
6 39 3.06209
6 40 8.0577
6 41 8.17473
6 42 6.98275
6 43 5.68824
6 44 2.93005
6 45 2.5385
6 46 1.10962
6 47 6.63589
6 48 5.36104
6 49 7.5956
6 50 4.48729
6 51 1.25322
6 52 4.65856
6 53 8.60111
6 54 5.82998
6 55 0.42715
6 56 4.66997
6 57 5.36661
6 58 6.95767
6 59 2.55312
6 60 8.10702
6 61 1.45479
6 62 4.04367
6 63 6.33105
6 64 1.04688
6 65 2.21928
6 66 1.42072
6 67 7.08563
6 68 2.66471
6 69 1.64641
6 70 1.73724
6 71 1.65233
6 72 2.63148
6 73 1.61138
6 74 8.65579
6 75 1.68482
6 76 3.44519
6 77 1.50943
6 78 5.24754
6 79 6.00916
6 80 4.54083
6 81 1.77866
6 82 3.86499
6 83 4.28908
6 84 0.48957
6 85 5.92391
6 86 3.49503
6 87 4.67922
6 88 5.30054
6 89 8.15999
6 90 7.20873
6 91 4.25818
6 92 3.91551
6 93 8.91652
6 94 4.33041
6 95 2.49367
6 96 2.55528
6 97 8.98274
6 98 7.02617
6 99 2.6803
7 8 5.4876
7 9 2.23738
7 10 8.68025
7 11 1.96275
7 12 1.71768
7 13 1.97439
7 14 2.60861
7 15 3.96452
7 16 0.9628
7 17 6.49875
7 18 1.93623
7 19 3.14206
7 20 5.73705
7 21 8.70149
7 22 3.9059
7 23 1.06039
7 24 6.42649
7 25 1.1933
7 26 2.39873
7 27 2.65869
7 28 2.79244
7 29 0.43427
7 30 8.97835
7 31 5.03759
7 32 8.47859
7 33 0.2964
7 34 4.03629
7 35 7.25378
7 36 5.59373
7 37 6.92396
7 38 8.3732
7 39 1.9948
7 40 5.57868
7 41 3.63512
7 42 4.75112
7 43 2.17938
7 44 3.4799
7 45 7.62602
7 46 6.8321
7 47 6.30581
7 48 6.13963
7 49 0.36851
7 50 6.98992
7 51 5.42751
7 52 8.33596
7 53 1.38268
7 54 3.67828
7 55 2.9371
7 56 3.44921
7 57 4.35819
7 58 4.04715
7 59 6.13598
7 60 5.29112
7 61 6.5582
7 62 7.46935
7 63 8.55871
7 64 5.34058
7 65 3.73396
7 66 4.91281
7 67 6.87833
7 68 5.55399
7 69 2.44024
7 70 8.86143
7 71 4.95419
7 72 6.59917
7 73 6.57506
7 74 2.83025
7 75 0.85006
7 76 0.32437
7 77 2.88782
7 78 3.43863
7 79 3.13341
7 80 5.76959
7 81 8.98762
7 82 3.96245
7 83 4.4645
7 84 6.97912
7 85 6.73319
7 86 6.60532
7 87 7.28805
7 88 3.81244
7 89 3.32934
7 90 7.64668
7 91 1.8804
7 92 0.33402
7 93 5.09188
7 94 0.72122
7 95 4.87828
7 96 4.82146
7 97 7.49182
7 98 7.34417
7 99 0.44837
8 9 3.56961
8 10 3.09553
8 11 2.93544
8 12 1.14611
8 13 7.6646
8 14 8.61701
8 15 7.77376
8 16 4.36187
8 17 5.70463
8 18 5.30983
8 19 2.77974
8 20 1.00434
8 21 7.78005
8 22 7.09062
8 23 6.41405
8 24 1.90997
8 25 4.18375
8 26 3.45975
8 27 4.36446
8 28 8.61155
8 29 3.54953
8 30 1.28818
8 31 4.88652
8 32 1.74301
8 33 5.03186
8 34 1.80883
8 35 5.85468
8 36 3.32036
8 37 3.39194
8 38 1.8128
8 39 7.54883
8 40 5.69741
8 41 3.98354
8 42 6.4492
8 43 6.98076
8 44 5.95524
8 45 7.85012
8 46 6.73702
8 47 8.67989
8 48 6.25928
8 49 1.8446
8 50 1.17087
8 51 0.31036
8 52 8.77194
8 53 7.9607
8 54 0.54808
8 55 0.85719
8 56 2.18967
8 57 0.63742
8 58 7.63851
8 59 0.18113
8 60 1.27346
8 61 2.35787
8 62 2.1276
8 63 7.56503
8 64 6.9948
8 65 8.00731
8 66 0.23285
8 67 2.32273
8 68 5.13646
8 69 2.66553
8 70 6.62403
8 71 8.80208
8 72 1.94114
8 73 0.451
8 74 4.10912
8 75 8.02278
8 76 6.33579
8 77 7.92374
8 78 3.48955
8 79 4.15555
8 80 8.75448
8 81 5.4287
8 82 3.99272
8 83 6.2016
8 84 1.76536
8 85 7.09435
8 86 5.01113
8 87 5.24609
8 88 4.07794
8 89 8.73497
8 90 7.64719
8 91 2.10318
8 92 3.03401
8 93 8.44005
8 94 3.58549
8 95 7.73458
8 96 4.77996
8 97 7.97099
8 98 3.74721
8 99 7.23042
9 10 2.44714
9 11 7.40212
9 12 1.7188
9 13 2.40993
9 14 0.97525
9 15 0.96176
9 16 0.77568
9 17 8.88895
9 18 5.18133
9 19 4.58974
9 20 1.41752
9 21 8.23152
9 22 3.13546
9 23 5.38314
9 24 2.26197
9 25 6.60042
9 26 3.49429
9 27 8.09672
9 28 3.88391
9 29 6.80824
9 30 2.0171
9 31 5.75081
9 32 6.11288
9 33 1.93927
9 34 0.00612
9 35 6.74366
9 36 0.86478
9 37 7.88726
9 38 6.45896
9 39 0.9288
9 40 2.34722
9 41 2.42794
9 42 5.12988
9 43 5.63141
9 44 7.03979
9 45 8.94746
9 46 3.62352
9 47 0.40254
9 48 6.9391
9 49 4.03094
9 50 6.58324
9 51 2.5121
9 52 0.5515
9 53 7.92709
9 54 5.40652
9 55 2.13574
9 56 0.54407
9 57 7.66736
9 58 3.5379
9 59 3.0669
9 60 3.84956
9 61 0.49458
9 62 5.83795
9 63 5.31939
9 64 8.62085
9 65 2.88897
9 66 0.09143
9 67 4.28477
9 68 7.58199
9 69 2.72677
9 70 5.47906
9 71 4.23919
9 72 4.13155
9 73 4.36952
9 74 3.90536
9 75 8.03217
9 76 1.46839
9 77 4.49059
9 78 2.11509
9 79 1.99236
9 80 2.08853
9 81 3.27711
9 82 5.23435
9 83 4.48946
9 84 2.94877
9 85 2.30976
9 86 0.44398
9 87 0.49658
9 88 0.02224
9 89 8.14093
9 90 6.4359
9 91 8.70046
9 92 2.78602
9 93 6.89889
9 94 5.71591
9 95 5.90637
9 96 1.45918
9 97 6.10154
9 98 3.08944
9 99 1.37449
10 11 8.27918
10 12 5.69554
10 13 1.32822
10 14 8.78545
10 15 2.74809
10 16 8.64782
10 17 8.07007
10 18 5.89387
10 19 8.47122
10 20 2.90743
10 21 2.29509
10 22 0.36072
10 23 7.43368
10 24 1.10873
10 25 3.00699
10 26 6.5658
10 27 6.55661
10 28 4.58504
10 29 5.06231
10 30 5.68227
10 31 4.75518
10 32 3.47012
10 33 1.82161
10 34 7.13647
10 35 0.85377
10 36 5.62723
10 37 6.7158
10 38 3.09841
10 39 2.86344
10 40 2.82989
10 41 2.97742
10 42 7.54001
10 43 3.92601
10 44 8.13062
10 45 4.55975
10 46 1.80243
10 47 8.34257
10 48 3.91023
10 49 6.79098
10 50 1.5685
10 51 6.94097
10 52 0.1262
10 53 4.53753
10 54 3.54852
10 55 7.72542
10 56 8.90319
10 57 8.8002
10 58 6.10022
10 59 6.13102
10 60 5.77312
10 61 0.70785
10 62 3.4598
10 63 1.33042
10 64 7.56597
10 65 7.46135
10 66 0.12155
10 67 1.57734
10 68 1.77411
10 69 2.75515
10 70 0.39304
10 71 0.5704
10 72 0.3019
10 73 2.14653
10 74 7.51449
10 75 2.54056
10 76 0.04449
10 77 0.29339
10 78 1.34246
10 79 5.04241
10 80 3.4014
10 81 5.79895
10 82 1.55489
10 83 2.46808
10 84 1.42015
10 85 6.11029
10 86 2.8148
10 87 2.57099
10 88 8.05048
10 89 4.70927
10 90 0.11229
10 91 3.11178
10 92 0.94879
10 93 5.80949
10 94 2.94116
10 95 5.33364
10 96 7.50069
10 97 6.66991
10 98 2.6668
10 99 8.9529
11 12 6.23075
11 13 8.79922
11 14 1.06127
11 15 2.49135
11 16 0.81708
11 17 8.6706
11 18 0.76119
11 19 7.13244
11 20 4.96187
11 21 5.71115
11 22 6.61178
11 23 0.59247
11 24 8.13172
11 25 5.56116
11 26 5.97001
11 27 2.29502
11 28 3.31749
11 29 3.50802
11 30 5.92441
11 31 3.57043
11 32 3.15775
11 33 2.95381
11 34 2.02172
11 35 2.54327
11 36 8.58082
11 37 7.53939
11 38 2.1363
11 39 7.3091
11 40 0.78457
11 41 8.67707
11 42 5.59904
11 43 2.00007
11 44 8.96081
11 45 0.63749
11 46 5.82947
11 47 5.96611
11 48 0.34833
11 49 3.80893
11 50 6.20194
11 51 0.12374
11 52 7.72204
11 53 5.94848
11 54 7.41411
11 55 2.91566
11 56 5.07496
11 57 6.52798
11 58 4.84371
11 59 3.10833
11 60 5.59912
11 61 6.1072
11 62 5.42471
11 63 1.02515
11 64 8.13068
11 65 6.12884
11 66 4.38326
11 67 7.28984
11 68 8.48172
11 69 1.37868
11 70 6.88384
11 71 6.39056
11 72 0.94567
11 73 8.77915
11 74 2.09717
11 75 0.22692
11 76 8.57326
11 77 1.84465
11 78 0.97366
11 79 6.80546
11 80 6.34008
11 81 3.76724
11 82 4.66574
11 83 6.61522
11 84 5.70752
11 85 6.7024
11 86 7.17481
11 87 1.15101
11 88 4.90578
11 89 2.05897
11 90 6.09885
11 91 1.5964
11 92 3.49675
11 93 8.97246
11 94 3.60878
11 95 0.45615
11 96 0.12708
11 97 4.92913
11 98 5.54408
11 99 3.47837
12 13 7.7544
12 14 8.75496
12 15 4.2616
12 16 5.89733
12 17 3.41708
12 18 5.68248
12 19 7.30148
12 20 0.9725
12 21 2.93145
12 22 0.89539
12 23 7.59271
12 24 1.88989
12 25 0.8476
12 26 6.80471
12 27 3.64263
12 28 6.74884
12 29 7.64176
12 30 7.85629
12 31 3.24468
12 32 3.56717
12 33 7.22349
12 34 1.61195
12 35 7.31364
12 36 8.05835
12 37 6.0767
12 38 3.45902
12 39 5.84848
12 40 0.71543
12 41 8.15466
12 42 7.19326
12 43 0.11556
12 44 7.9935
12 45 6.43597
12 46 5.544
12 47 7.38672
12 48 4.81375
12 49 4.14464
12 50 4.29573
12 51 3.46895
12 52 3.4995
12 53 3.02353
12 54 6.70803
12 55 2.80098
12 56 1.01762
12 57 3.97226
12 58 2.44668
12 59 8.25039
12 60 1.98254
12 61 7.15634
12 62 1.74815
12 63 4.5384
12 64 7.19888
12 65 7.19473
12 66 7.04076
12 67 0.85827
12 68 3.42383
12 69 3.50568
12 70 4.21013
12 71 5.77861
12 72 3.01208
12 73 2.65844
12 74 1.68065
12 75 3.87207
12 76 1.45106
12 77 1.47164
12 78 1.03334
12 79 6.22936
12 80 0.0357
12 81 8.83132
12 82 7.13149
12 83 5.2671
12 84 2.87686
12 85 4.43499
12 86 2.7654
12 87 1.45703
12 88 8.43564
12 89 1.04508
12 90 0.29284
12 91 7.6596
12 92 6.61594
12 93 2.94022
12 94 8.1854
12 95 1.21072
12 96 5.48134
12 97 8.16549
12 98 4.26194
12 99 5.3699
13 14 4.43268
13 15 6.85356
13 16 2.50986
13 17 1.77737
13 18 8.44115
13 19 5.88872
13 20 3.41393
13 21 1.44734
13 22 2.16755
13 23 5.9438
13 24 2.85184
13 25 8.80769
13 26 6.02894
13 27 6.57221
13 28 0.05226
13 29 6.73617
13 30 3.24495
13 31 0.4318
13 32 0.29729
13 33 2.11188
13 34 0.07875
13 35 4.23671
13 36 6.05896
13 37 3.61253
13 38 8.17403
13 39 8.70957
13 40 2.47041
13 41 4.88641
13 42 7.97799
13 43 5.45916
13 44 0.41573
13 45 6.34544
13 46 5.82818
13 47 4.08387
13 48 8.17268
13 49 3.11206
13 50 7.44606
13 51 4.62457
13 52 0.7245
13 53 3.05545
13 54 0.68294
13 55 7.70132
13 56 6.89433
13 57 7.88796
13 58 4.57536
13 59 7.58735
13 60 6.21818
13 61 3.90138
13 62 3.26356
13 63 4.66069
13 64 0.42408
13 65 7.45484
13 66 4.76126
13 67 4.2253
13 68 6.63698
13 69 0.31198
13 70 2.78398
13 71 8.11952
13 72 8.89251
13 73 0.24242
13 74 0.65985
13 75 8.52702
13 76 4.00339
13 77 4.31372
13 78 2.53837
13 79 0.30626
13 80 1.99813
13 81 2.9433
13 82 3.9749
13 83 3.93385
13 84 7.84144
13 85 3.8602
13 86 7.18158
13 87 1.21814
13 88 5.70641
13 89 3.92071
13 90 2.633
13 91 2.19515
13 92 3.03792
13 93 5.55026
13 94 7.73705
13 95 0.83443
13 96 1.65371
13 97 0.32047
13 98 4.19959
13 99 6.26375
14 15 6.29216
14 16 5.01987
14 17 7.98695
14 18 6.86246
14 19 2.55925
14 20 8.21001
14 21 5.95462
14 22 8.5817
14 23 7.30711
14 24 5.53729
14 25 3.02396
14 26 8.07243
14 27 6.93082
14 28 3.78695
14 29 8.77088
14 30 2.23044
14 31 7.52047
14 32 2.94593
14 33 2.88432
14 34 5.58905
14 35 6.18484
14 36 8.8635
14 37 2.18466
14 38 7.64658
14 39 6.5622
14 40 6.19407
14 41 2.34338
14 42 4.37587
14 43 0.04762
14 44 2.95243
14 45 3.90125
14 46 4.28844
14 47 7.65345
14 48 1.38959
14 49 1.37014
14 50 5.44818
14 51 1.85068
14 52 4.24146
14 53 2.7784
14 54 2.3512
14 55 6.01614
14 56 8.41254
14 57 5.24196
14 58 0.39889
14 59 1.99284
14 60 3.65961
14 61 6.91876
14 62 1.53157
14 63 5.44973
14 64 4.30411
14 65 3.52455
14 66 7.00004
14 67 6.16354
14 68 5.93098
14 69 8.44232
14 70 3.00737
14 71 8.34374
14 72 5.59223
14 73 4.28153
14 74 5.44305
14 75 5.52874
14 76 7.61791
14 77 7.37371
14 78 8.76502
14 79 5.76202
14 80 6.02967
14 81 2.48023
14 82 4.7699
14 83 7.95669
14 84 6.47711
14 85 8.19728
14 86 2.87177
14 87 8.32257
14 88 0.15411
14 89 2.92489
14 90 0.90593
14 91 6.21033
14 92 5.71034
14 93 8.45427
14 94 7.02735
14 95 0.63414
14 96 0.75949
14 97 0.12282
14 98 2.1358
14 99 4.58851
15 16 5.18089
15 17 3.30594
15 18 6.72783
15 19 3.95929
15 20 5.32016
15 21 4.30017
15 22 3.52029
15 23 0.91571
15 24 5.97191
15 25 7.91085
15 26 6.35105
15 27 3.65518
15 28 7.75688
15 29 8.81197
15 30 8.14369
15 31 4.02141
15 32 0.57497
15 33 6.93732
15 34 7.60836
15 35 4.53449
15 36 3.60295
15 37 1.0748
15 38 0.19955
15 39 2.19204
15 40 5.09201
15 41 3.36484
15 42 7.69573
15 43 1.7018
15 44 1.67439
15 45 2.17932
15 46 7.10932
15 47 2.8652
15 48 4.3188
15 49 6.32697
15 50 5.92148
15 51 7.76062
15 52 3.47963
15 53 7.75972
15 54 0.23267
15 55 4.57584
15 56 3.27273
15 57 4.87998
15 58 5.657
15 59 4.13556
15 60 5.47589
15 61 1.08576
15 62 0.06078
15 63 7.01224
15 64 6.26438
15 65 8.97241
15 66 3.1301
15 67 4.02219
15 68 3.63393
15 69 4.50236
15 70 0.01542
15 71 5.42564
15 72 8.35785
15 73 8.83753
15 74 2.32874
15 75 1.54104
15 76 2.58692
15 77 0.43352
15 78 0.44989
15 79 3.26736
15 80 6.34904
15 81 4.4144
15 82 2.21489
15 83 6.29521
15 84 6.14943
15 85 5.76842
15 86 7.93869
15 87 4.40637
15 88 6.10211
15 89 0.89643
15 90 8.51181
15 91 0.05981
15 92 8.91113
15 93 3.80418
15 94 1.49422
15 95 1.47445
15 96 0.57607
15 97 8.72724
15 98 5.82639
15 99 4.5409
16 17 4.98622
16 18 3.40409
16 19 5.96453
16 20 5.94962
16 21 6.98773
16 22 4.29538
16 23 0.20403
16 24 2.51065
16 25 7.56233
16 26 7.91472
16 27 8.02675
16 28 4.17821
16 29 8.36894
16 30 3.13467
16 31 7.05083
16 32 6.41503
16 33 0.60521
16 34 0.49232
16 35 7.64815
16 36 6.58631
16 37 0.52289
16 38 7.13982
16 39 7.8466
16 40 8.42743
16 41 3.38788
16 42 3.55712
16 43 8.01412
16 44 2.44391
16 45 4.97879
16 46 1.41037
16 47 4.39066
16 48 7.95215
16 49 4.41318
16 50 6.04163
16 51 0.18674
16 52 2.85621
16 53 8.77296
16 54 8.01968
16 55 6.36825
16 56 6.98397
16 57 4.86233
16 58 4.93919
16 59 7.30164
16 60 7.5801
16 61 0.83721
16 62 5.86261
16 63 3.40069
16 64 4.2882
16 65 5.84741
16 66 7.68355
16 67 2.9256
16 68 8.17238
16 69 1.2718
16 70 6.51998
16 71 6.26666
16 72 8.84853
16 73 1.43872
16 74 0.39181
16 75 1.49519
16 76 1.44127
16 77 6.22404
16 78 2.44727
16 79 5.2753
16 80 3.33259
16 81 0.79196
16 82 6.51415
16 83 5.70697
16 84 3.90812
16 85 6.92533
16 86 7.03136
16 87 5.92607
16 88 3.23524
16 89 4.92145
16 90 4.53977
16 91 3.52142
16 92 1.36217
16 93 8.03102
16 94 2.06579
16 95 8.40946
16 96 2.43429
16 97 3.9695
16 98 8.83605
16 99 6.01975
17 18 8.40409
17 19 7.19472
17 20 1.51868
17 21 8.77619
17 22 2.27326
17 23 6.2197
17 24 7.17995
17 25 1.6889
17 26 1.70071
17 27 5.97418
17 28 0.38762
17 29 8.82108
17 30 7.57726
17 31 0.47203
17 32 5.81473
17 33 6.1333
17 34 2.70985
17 35 4.9165
17 36 0.63063
17 37 3.35921
17 38 7.25265
17 39 3.70611
17 40 1.49482
17 41 8.28673
17 42 8.05553
17 43 1.90808
17 44 7.24048
17 45 8.97904
17 46 5.89653
17 47 2.55372
17 48 3.70262
17 49 4.78981
17 50 1.69222
17 51 5.81303
17 52 1.5277
17 53 0.33137
17 54 0.20268
17 55 6.87443
17 56 6.28002
17 57 0.28786
17 58 2.97136
17 59 5.22561
17 60 1.14481
17 61 3.2898
17 62 0.83565
17 63 3.67909
17 64 3.518
17 65 5.19406
17 66 4.82046
17 67 8.57603
17 68 0.29449
17 69 1.72799
17 70 6.58168
17 71 6.04504
17 72 8.92593
17 73 6.62528
17 74 7.44653
17 75 1.44971
17 76 3.64512
17 77 7.31308
17 78 5.95011
17 79 4.95326
17 80 8.2912
17 81 5.37209
17 82 2.93185
17 83 8.04414
17 84 1.05921
17 85 1.52051
17 86 1.41092
17 87 3.73601
17 88 7.24708
17 89 5.21085
17 90 8.72753
17 91 2.95921
17 92 1.56329
17 93 1.09309
17 94 8.93143
17 95 4.44639
17 96 3.31251
17 97 6.68125
17 98 8.60334
17 99 5.25156
18 19 1.73647
18 20 4.54339
18 21 4.08189
18 22 1.06697
18 23 7.52628
18 24 7.40513
18 25 4.04338
18 26 6.04682
18 27 8.75137
18 28 8.70274
18 29 2.64281
18 30 0.30922
18 31 6.21029
18 32 8.75599
18 33 7.30095
18 34 5.2305
18 35 4.62889
18 36 3.15942
18 37 6.54686
18 38 5.8522
18 39 4.52648
18 40 4.27787
18 41 2.0141
18 42 1.19335
18 43 0.04334
18 44 7.7332
18 45 3.17209
18 46 4.73729
18 47 1.73684
18 48 6.17527
18 49 7.96566
18 50 3.92975
18 51 8.32371
18 52 4.95317
18 53 5.94865
18 54 8.95623
18 55 7.65557
18 56 2.64744
18 57 4.15707
18 58 4.41047
18 59 5.74097
18 60 2.55696
18 61 1.89998
18 62 7.86981
18 63 1.63973
18 64 1.16047
18 65 3.68536
18 66 7.78971
18 67 5.6832
18 68 6.60772
18 69 4.11677
18 70 8.62737
18 71 6.32829
18 72 1.77351
18 73 1.47868
18 74 7.61508
18 75 2.31051
18 76 6.87527
18 77 5.84082
18 78 8.05947
18 79 3.21484
18 80 0.11958
18 81 0.71137
18 82 0.22452
18 83 0.84203
18 84 3.23034
18 85 8.12821
18 86 5.03694
18 87 7.28583
18 88 2.07558
18 89 3.09274
18 90 4.21576
18 91 6.41566
18 92 5.86817
18 93 0.86715
18 94 8.49894
18 95 8.90111
18 96 4.17246
18 97 0.26309
18 98 4.09942
18 99 4.06604
19 20 3.73976
19 21 8.80325
19 22 2.47052
19 23 1.47269
19 24 3.81478
19 25 8.40758
19 26 5.16755
19 27 1.48167
19 28 6.41913
19 29 1.60433
19 30 0.46899
19 31 2.1003
19 32 4.89016
19 33 7.25156
19 34 6.91894
19 35 2.95183
19 36 0.62411
19 37 2.51275
19 38 3.31222
19 39 3.61528
19 40 6.88067
19 41 6.97652
19 42 1.06055
19 43 1.57759
19 44 8.37594
19 45 7.55114
19 46 5.38033
19 47 1.5584
19 48 3.02773
19 49 8.57412
19 50 0.34922
19 51 7.46116
19 52 7.20667
19 53 7.56838
19 54 5.795
19 55 4.34889
19 56 1.54352
19 57 3.22348
19 58 0.86872
19 59 6.01539
19 60 6.84496
19 61 6.56793
19 62 6.22667
19 63 4.30138
19 64 7.23358
19 65 5.54003
19 66 6.7215
19 67 0.28159
19 68 8.96198
19 69 8.33908
19 70 5.41732
19 71 1.06197
19 72 0.34377
19 73 1.43046
19 74 4.04685
19 75 7.85968
19 76 7.915
19 77 7.15475
19 78 3.89681
19 79 3.79873
19 80 3.77732
19 81 0.45773
19 82 2.72298
19 83 1.43262
19 84 1.08743
19 85 7.80076
19 86 0.68076
19 87 1.64686
19 88 4.66364
19 89 3.4724
19 90 0.33675
19 91 4.77587
19 92 6.74652
19 93 3.16323
19 94 2.32555
19 95 3.15989
19 96 1.68086
19 97 7.43902
19 98 6.42204
19 99 6.64461
20 21 1.48361
20 22 4.94083
20 23 6.15549
20 24 8.78608
20 25 3.76593
20 26 7.11551
20 27 7.7218
20 28 2.14678
20 29 8.6712
20 30 4.18842
20 31 2.41244
20 32 7.66199
20 33 7.10114
20 34 7.16639
20 35 3.92242
20 36 4.44948
20 37 5.95985
20 38 2.3305
20 39 1.06434
20 40 1.6074
20 41 4.91235
20 42 7.56562
20 43 1.72731
20 44 4.85295
20 45 4.33588
20 46 5.01788
20 47 6.81111
20 48 5.60805
20 49 0.40255
20 50 4.36606
20 51 7.51633
20 52 1.80125
20 53 4.44525
20 54 5.82498
20 55 3.37998
20 56 4.82399
20 57 4.92817
20 58 4.80369
20 59 5.74262
20 60 3.65539
20 61 3.45257
20 62 3.67745
20 63 6.51735
20 64 6.81776
20 65 7.28913
20 66 1.27519
20 67 7.75361
20 68 6.45142
20 69 7.77056
20 70 6.14077
20 71 4.19819
20 72 4.51557
20 73 6.25703
20 74 6.66913
20 75 3.13727
20 76 8.6938
20 77 1.96641
20 78 6.34937
20 79 2.02409
20 80 6.61703
20 81 7.29971
20 82 4.71525
20 83 4.4248
20 84 6.79585
20 85 5.90992
20 86 0.19194
20 87 4.4748
20 88 6.39119
20 89 0.83395
20 90 1.28321
20 91 2.95329
20 92 8.12597
20 93 6.01489
20 94 5.50773
20 95 5.38215
20 96 4.91403
20 97 5.01764
20 98 6.85363
20 99 3.74771
21 22 0.20185
21 23 8.43428
21 24 3.99908
21 25 3.49581
21 26 5.68684
21 27 3.28966
21 28 0.08835
21 29 2.35276
21 30 7.28727
21 31 0.99988
21 32 6.83053
21 33 8.42978
21 34 7.91633
21 35 0.42132
21 36 0.80686
21 37 2.7987
21 38 3.30405
21 39 1.77551
21 40 0.74226
21 41 7.74029
21 42 1.27137
21 43 1.03317
21 44 7.96589
21 45 0.95545
21 46 8.90226
21 47 8.27303
21 48 0.61918
21 49 7.49742
21 50 7.66359
21 51 6.11928
21 52 5.25197
21 53 2.06981
21 54 5.82958
21 55 6.36825
21 56 3.4276
21 57 2.56127
21 58 7.18986
21 59 0.76229
21 60 7.07598
21 61 6.34342
21 62 7.74097
21 63 2.4332
21 64 2.90658
21 65 8.98261
21 66 1.60938
21 67 7.03635
21 68 5.98657
21 69 8.98781
21 70 4.8523
21 71 8.53964
21 72 5.43061
21 73 1.37661
21 74 7.33853
21 75 5.87785
21 76 2.40427
21 77 4.9934
21 78 1.61544
21 79 6.69781
21 80 3.1813
21 81 2.37716
21 82 1.37825
21 83 2.38129
21 84 4.8988
21 85 2.63609
21 86 1.97061
21 87 2.15059
21 88 0.7418
21 89 6.0854
21 90 5.19659
21 91 3.11507
21 92 6.99425
21 93 1.38909
21 94 2.15852
21 95 0.68717
21 96 1.54916
21 97 4.84403
21 98 5.52615
21 99 0.84392
22 23 0.81041
22 24 4.18698
22 25 0.66676
22 26 4.16033
22 27 8.28405
22 28 2.41356
22 29 6.96148
22 30 2.48828
22 31 4.44741
22 32 0.01181
22 33 3.40949
22 34 1.99334
22 35 5.46106
22 36 5.09486
22 37 8.14919
22 38 5.52479
22 39 8.52715
22 40 7.62803
22 41 4.03072
22 42 3.85233
22 43 8.23932
22 44 2.24424
22 45 0.12361
22 46 4.89628
22 47 1.05824
22 48 7.38636
22 49 0.58422
22 50 6.61535
22 51 8.23826
22 52 3.64111
22 53 0.83017
22 54 6.98314
22 55 8.83
22 56 4.95073
22 57 7.0229
22 58 3.63422
22 59 3.25222
22 60 7.04447
22 61 8.32326
22 62 6.93724
22 63 5.72166
22 64 2.16292
22 65 8.16107
22 66 1.58811
22 67 7.45694
22 68 4.68968
22 69 0.49463
22 70 7.94643
22 71 8.64625
22 72 1.54106
22 73 1.96606
22 74 5.56095
22 75 4.82324
22 76 0.96818
22 77 7.77362
22 78 5.24126
22 79 5.0882
22 80 3.07368
22 81 6.01689
22 82 4.82091
22 83 5.20329
22 84 1.14389
22 85 4.9302
22 86 5.60617
22 87 7.1209
22 88 6.35494
22 89 3.26301
22 90 6.49915
22 91 5.79356
22 92 6.34672
22 93 1.4298
22 94 6.28901
22 95 8.80645
22 96 4.13318
22 97 7.07905
22 98 6.49265
22 99 1.68559
23 24 8.81359
23 25 0.1767
23 26 8.01529
23 27 8.19584
23 28 3.99985
23 29 6.71029
23 30 7.86625
23 31 3.65633
23 32 1.97347
23 33 2.42544
23 34 8.47711
23 35 2.00349
23 36 1.96237
23 37 2.73116
23 38 2.91667
23 39 0.1431
23 40 3.89113
23 41 3.059
23 42 5.09371
23 43 1.21219
23 44 0.20085
23 45 8.81224
23 46 2.47278
23 47 1.52868
23 48 8.87825
23 49 4.35491
23 50 3.54634
23 51 5.96995
23 52 6.06991
23 53 4.19187
23 54 6.89107
23 55 1.50692
23 56 5.87377
23 57 7.46881
23 58 3.61398
23 59 0.76226
23 60 7.26476
23 61 4.14085
23 62 7.5716
23 63 5.42488
23 64 1.37655
23 65 3.85175
23 66 7.96655
23 67 4.70142
23 68 4.18838
23 69 6.83875
23 70 0.65396
23 71 6.46881
23 72 8.56454
23 73 7.75339
23 74 4.35472
23 75 2.01732
23 76 4.74741
23 77 4.74328
23 78 1.11769
23 79 8.1838
23 80 3.69695
23 81 0.80203
23 82 0.63721
23 83 8.52386
23 84 7.92253
23 85 2.14285
23 86 1.81997
23 87 8.26143
23 88 6.86715
23 89 6.09237
23 90 8.50977
23 91 7.29433
23 92 5.74467
23 93 7.58512
23 94 7.44742
23 95 7.64951
23 96 1.05738
23 97 2.44439
23 98 3.12977
23 99 3.30686
24 25 1.44808
24 26 6.51706
24 27 2.64584
24 28 2.17757
24 29 3.64651
24 30 8.91164
24 31 0.41458
24 32 6.70169
24 33 7.91021
24 34 4.25616
24 35 1.82383
24 36 5.10433
24 37 0.40117
24 38 2.00833
24 39 4.45801
24 40 8.71942
24 41 0.47609
24 42 6.84401
24 43 5.15607
24 44 3.23789
24 45 1.97532
24 46 2.88779
24 47 4.97202
24 48 4.23215
24 49 4.39031
24 50 2.60865
24 51 6.90976
24 52 4.94172
24 53 1.05614
24 54 5.9658
24 55 5.20705
24 56 1.05724
24 57 6.4444
24 58 0.63124
24 59 4.51511
24 60 7.43966
24 61 5.09003
24 62 8.69066
24 63 1.05634
24 64 3.20285
24 65 7.93297
24 66 2.02482
24 67 4.70664
24 68 0.04513
24 69 0.23283
24 70 7.63859
24 71 8.95174
24 72 5.77769
24 73 6.30929
24 74 8.31186
24 75 4.25668
24 76 1.02424
24 77 7.44326
24 78 1.09852
24 79 8.94332
24 80 4.14395
24 81 0.11355
24 82 0.30293
24 83 2.76327
24 84 2.6609
24 85 0.84945
24 86 5.86684
24 87 6.94082
24 88 8.16638
24 89 6.95847
24 90 5.07954
24 91 0.78159
24 92 0.84397
24 93 2.89791
24 94 6.02074
24 95 1.91403
24 96 6.76125
24 97 1.99625
24 98 8.19066
24 99 2.95775
25 26 3.09766
25 27 8.76911
25 28 8.04383
25 29 1.67664
25 30 2.67812
25 31 7.85661
25 32 4.36041
25 33 2.86519
25 34 7.0859
25 35 5.91466
25 36 1.60569
25 37 2.48446
25 38 0.42132
25 39 2.90622
25 40 5.87928
25 41 4.76492
25 42 4.97961
25 43 7.86361
25 44 1.277
25 45 2.95662
25 46 4.28103
25 47 8.70317
25 48 2.76748
25 49 5.02026
25 50 1.27422
25 51 4.41551
25 52 8.07231
25 53 6.98619
25 54 0.99114
25 55 5.47558
25 56 6.69261
25 57 4.82694
25 58 0.05713
25 59 1.21697
25 60 7.5181
25 61 7.68318
25 62 2.82017
25 63 6.80291
25 64 3.67893
25 65 3.84728
25 66 3.07307
25 67 3.66003
25 68 8.98013
25 69 0.98111
25 70 8.06635
25 71 4.68902
25 72 8.5693
25 73 6.31656
25 74 6.11499
25 75 5.93477
25 76 2.45333
25 77 6.76483
25 78 3.30754
25 79 5.47243
25 80 2.72674
25 81 0.01961
25 82 7.79567
25 83 0.07975
25 84 5.21461
25 85 5.73952
25 86 7.54473
25 87 4.65963
25 88 5.80048
25 89 0.08793
25 90 4.26762
25 91 7.82459
25 92 6.87849
25 93 5.24664
25 94 0.54452
25 95 6.21035
25 96 6.13783
25 97 1.65314
25 98 0.6951
25 99 8.82325
26 27 6.33315
26 28 2.51685
26 29 5.27955
26 30 1.26347
26 31 6.49601
26 32 3.35669
26 33 4.9914
26 34 5.42553
26 35 4.16916
26 36 6.89629
26 37 6.99681
26 38 1.28498
26 39 4.96239
26 40 7.89019
26 41 0.59157
26 42 2.33959
26 43 4.55832
26 44 1.11734
26 45 1.63182
26 46 2.66677
26 47 8.16772
26 48 7.53425
26 49 6.90047
26 50 4.6078
26 51 0.82197
26 52 7.99199
26 53 0.20252
26 54 0.23326
26 55 7.03599
26 56 3.00115
26 57 7.09035
26 58 2.34699
26 59 0.23727
26 60 4.26005
26 61 8.30363
26 62 4.03954
26 63 3.74371
26 64 4.17009
26 65 8.65002
26 66 2.27271
26 67 8.65149
26 68 5.49628
26 69 8.36418
26 70 4.60275
26 71 8.51993
26 72 1.38872
26 73 1.4625
26 74 6.02124
26 75 2.18222
26 76 7.89853
26 77 5.55644
26 78 2.51456
26 79 5.83114
26 80 2.79872
26 81 1.67976
26 82 2.00039
26 83 1.47462
26 84 2.83622
26 85 1.17247
26 86 5.52604
26 87 8.84557
26 88 8.28238
26 89 6.94962
26 90 6.43818
26 91 0.68198
26 92 8.72661
26 93 7.63072
26 94 5.09645
26 95 4.0257
26 96 0.14048
26 97 4.79396
26 98 1.59027
26 99 0.42098
27 28 1.28054
27 29 7.38188
27 30 8.47936
27 31 1.70219
27 32 0.84976
27 33 0.68057
27 34 0.46267
27 35 2.54331
27 36 7.28501
27 37 3.63538
27 38 6.13495
27 39 8.59282
27 40 5.373
27 41 2.9496
27 42 7.15203
27 43 2.80896
27 44 7.84369
27 45 5.75553
27 46 1.572
27 47 4.72146
27 48 2.14432
27 49 2.09834
27 50 4.57779
27 51 1.76311
27 52 6.73557
27 53 7.28313
27 54 8.58902
27 55 3.54026
27 56 5.05012
27 57 4.98412
27 58 5.90609
27 59 3.73532
27 60 5.85559
27 61 0.49376
27 62 8.44188
27 63 5.46043
27 64 7.31762
27 65 1.56842
27 66 7.58173
27 67 7.56757
27 68 6.11132
27 69 8.21221
27 70 3.50101
27 71 1.18182
27 72 6.07188
27 73 7.29253
27 74 1.34311
27 75 7.42054
27 76 1.99384
27 77 0.86718
27 78 0.42584
27 79 5.9
27 80 3.31628
27 81 5.5262
27 82 5.04786
27 83 8.32733
27 84 3.81909
27 85 2.62773
27 86 0.34563
27 87 0.95628
27 88 2.25028
27 89 2.03613
27 90 4.86786
27 91 4.07871
27 92 2.37707
27 93 4.67784
27 94 6.41338
27 95 5.49036
27 96 1.73109
27 97 1.49419
27 98 7.92053
27 99 7.76051
28 29 7.142
28 30 3.08108
28 31 5.78926
28 32 4.06014
28 33 0.48858
28 34 5.22755
28 35 0.50735
28 36 6.0228
28 37 8.8908
28 38 1.26447
28 39 7.83433
28 40 1.72204
28 41 3.30102
28 42 4.53681
28 43 5.93812
28 44 0.44769
28 45 2.45143
28 46 2.91758
28 47 2.29514
28 48 6.86809
28 49 3.15842
28 50 6.38013
28 51 4.16762
28 52 8.41583
28 53 6.52187
28 54 1.45938
28 55 4.63715
28 56 4.08321
28 57 5.06277
28 58 2.8434
28 59 5.8464
28 60 0.57859
28 61 2.92481
28 62 6.47001
28 63 8.48204
28 64 0.71312
28 65 4.02269
28 66 1.15663
28 67 8.51976
28 68 1.33074
28 69 6.56433
28 70 2.62577
28 71 1.89334
28 72 1.68825
28 73 2.36818
28 74 4.84675
28 75 0.7503
28 76 8.25354
28 77 2.70481
28 78 3.32036
28 79 7.27148
28 80 7.85972
28 81 2.56551
28 82 0.29905
28 83 2.17544
28 84 5.14255
28 85 4.78632
28 86 7.32208
28 87 0.72777
28 88 6.88439
28 89 5.75988
28 90 4.46905
28 91 5.95634
28 92 4.07586
28 93 2.85549
28 94 6.52019
28 95 6.41782
28 96 7.18291
28 97 3.75514
28 98 5.27638
28 99 0.78116
29 30 3.86362
29 31 0.36743
29 32 0.73865
29 33 7.66163
29 34 5.17329
29 35 6.57007
29 36 0.81617
29 37 1.69063
29 38 5.09681
29 39 0.01394
29 40 8.19161
29 41 5.55753
29 42 4.93425
29 43 2.64499
29 44 4.48175
29 45 1.77169
29 46 1.64182
29 47 3.17498
29 48 5.29276
29 49 8.72679
29 50 5.34509
29 51 1.08779
29 52 4.7694
29 53 6.53604
29 54 4.65849
29 55 1.52975
29 56 2.38486
29 57 5.67104
29 58 6.87049
29 59 1.05847
29 60 3.3225
29 61 5.12345
29 62 3.20289
29 63 6.21976
29 64 4.77994
29 65 2.31618
29 66 3.57247
29 67 4.80666
29 68 3.71409
29 69 0.54424
29 70 5.71207
29 71 7.01588
29 72 5.67462
29 73 4.30343
29 74 5.40898
29 75 5.03401
29 76 1.2007
29 77 8.2574
29 78 5.41991
29 79 7.20335
29 80 2.8265
29 81 1.60707
29 82 5.51653
29 83 0.0735
29 84 4.33739
29 85 2.96442
29 86 2.83819
29 87 2.26493
29 88 0.80009
29 89 0.04292
29 90 4.64377
29 91 4.03862
29 92 3.14072
29 93 7.12895
29 94 1.83777
29 95 4.51305
29 96 3.61391
29 97 5.09515
29 98 6.02896
29 99 1.15043
30 31 3.37545
30 32 3.62536
30 33 3.6004
30 34 2.69458
30 35 2.90769
30 36 2.35169
30 37 4.24635
30 38 1.5909
30 39 7.78227
30 40 1.35954
30 41 2.23032
30 42 8.57035
30 43 4.67258
30 44 6.71984
30 45 6.92088
30 46 4.74458
30 47 5.37484
30 48 0.83317
30 49 3.63834
30 50 2.36844
30 51 8.78136
30 52 4.17791
30 53 7.80229
30 54 2.91127
30 55 2.92343
30 56 7.76414
30 57 1.46726
30 58 8.9806
30 59 3.4687
30 60 1.9475
30 61 2.39232
30 62 0.03078
30 63 6.8311
30 64 5.94979
30 65 3.36537
30 66 3.61914
30 67 1.58542
30 68 3.82125
30 69 1.81925
30 70 6.70919
30 71 8.30856
30 72 5.9123
30 73 2.73915
30 74 3.54277
30 75 2.7952
30 76 1.95048
30 77 8.73401
30 78 1.7998
30 79 8.14709
30 80 1.57011
30 81 2.02399
30 82 4.4387
30 83 0.51812
30 84 8.60001
30 85 8.28022
30 86 5.18098
30 87 1.31981
30 88 7.25649
30 89 7.96399
30 90 6.49126
30 91 7.9006
30 92 4.33032
30 93 4.2635
30 94 1.48416
30 95 5.6465
30 96 0.28574
30 97 7.38291
30 98 7.97877
30 99 7.49819
31 32 5.73158
31 33 7.2421
31 34 7.96335
31 35 0.34219
31 36 3.66527
31 37 5.25228
31 38 2.79808
31 39 2.76501
31 40 7.26583
31 41 3.50801
31 42 8.16009
31 43 8.94109
31 44 2.22006
31 45 8.74361
31 46 4.81565
31 47 5.84733
31 48 7.94851
31 49 5.87941
31 50 4.7384
31 51 2.47455
31 52 4.91468
31 53 0.09516
31 54 6.31914
31 55 5.15292
31 56 1.37012
31 57 3.20565
31 58 3.46269
31 59 2.25739
31 60 1.68494
31 61 5.20163
31 62 6.77413
31 63 8.43964
31 64 2.11295
31 65 1.68634
31 66 4.95217
31 67 6.97688
31 68 0.50067
31 69 7.83138
31 70 8.03349
31 71 5.52079
31 72 3.44752
31 73 5.77586
31 74 3.57391
31 75 3.06967
31 76 7.17968
31 77 5.35032
31 78 3.19489
31 79 2.82875
31 80 1.54176
31 81 2.26563
31 82 4.62474
31 83 1.44157
31 84 4.57582
31 85 4.35249
31 86 7.57584
31 87 5.42152
31 88 2.17118
31 89 3.76989
31 90 1.07975
31 91 7.2672
31 92 0.09827
31 93 4.10278
31 94 1.66663
31 95 8.62434
31 96 2.35148
31 97 6.12634
31 98 1.68048
31 99 4.0376
32 33 6.44119
32 34 7.98277
32 35 6.07754
32 36 4.30487
32 37 6.27511
32 38 6.33536
32 39 4.35613
32 40 5.204
32 41 8.4444
32 42 4.4898
32 43 5.77476
32 44 5.86518
32 45 5.53927
32 46 7.914
32 47 6.52099
32 48 1.67932
32 49 3.42569
32 50 8.69061
32 51 7.02124
32 52 7.83922
32 53 2.96186
32 54 5.51037
32 55 1.49963
32 56 8.46051
32 57 8.99557
32 58 4.69958
32 59 5.66083
32 60 5.38445
32 61 4.08572
32 62 8.05531
32 63 4.96401
32 64 2.90352
32 65 4.59267
32 66 8.39206
32 67 6.62773
32 68 2.03597
32 69 7.45296
32 70 6.33005
32 71 7.46969
32 72 6.86001
32 73 6.07997
32 74 4.75031
32 75 5.35055
32 76 0.2835
32 77 3.13659
32 78 6.67151
32 79 5.0288
32 80 1.46566
32 81 5.03997
32 82 6.43564
32 83 5.60785
32 84 3.68129
32 85 5.3443
32 86 7.10469
32 87 0.95776
32 88 1.52235
32 89 1.43658
32 90 5.7845
32 91 3.38494
32 92 8.7803
32 93 1.65019
32 94 3.56472
32 95 4.77448
32 96 4.53954
32 97 2.89897
32 98 8.24161
32 99 2.46848
33 34 0.25338
33 35 6.27459
33 36 2.71167
33 37 8.15312
33 38 2.31419
33 39 8.3119
33 40 8.94813
33 41 0.57465
33 42 1.86052
33 43 0.92415
33 44 8.24834
33 45 2.312
33 46 3.50052
33 47 4.4239
33 48 7.52784
33 49 2.06871
33 50 8.336
33 51 1.98917
33 52 5.71512
33 53 8.50786
33 54 0.408
33 55 4.6785
33 56 4.64376
33 57 2.15758
33 58 0.32844
33 59 5.1851
33 60 4.09109
33 61 7.41676
33 62 0.61256
33 63 8.13228
33 64 7.41366
33 65 7.07536
33 66 8.28879
33 67 8.71384
33 68 8.04862
33 69 4.95578
33 70 4.32892
33 71 3.01262
33 72 6.41264
33 73 1.80324
33 74 4.1904
33 75 1.83577
33 76 6.80118
33 77 3.82338
33 78 2.56674
33 79 2.92888
33 80 8.10824
33 81 1.412
33 82 2.88392
33 83 4.68529
33 84 5.71822
33 85 0.74909
33 86 5.30191
33 87 3.63337
33 88 7.78731
33 89 0.50456
33 90 5.88672
33 91 2.10499
33 92 2.29394
33 93 4.56679
33 94 3.57697
33 95 3.9639
33 96 3.40419
33 97 0.85119
33 98 0.74253
33 99 5.90938
34 35 7.69708
34 36 1.77378
34 37 6.11693
34 38 5.44372
34 39 2.50364
34 40 5.34487
34 41 5.613
34 42 6.18464
34 43 4.64383
34 44 6.85155
34 45 0.81581
34 46 4.14094
34 47 0.37877
34 48 4.51113
34 49 7.47521
34 50 2.04205
34 51 1.18611
34 52 1.43652
34 53 6.33355
34 54 1.00136
34 55 5.91463
34 56 4.93971
34 57 1.88066
34 58 8.53307
34 59 8.06728
34 60 0.15406
34 61 5.82693
34 62 7.75086
34 63 0.50969
34 64 3.84493
34 65 5.95078
34 66 1.82792
34 67 0.94656
34 68 5.2774
34 69 2.51937
34 70 2.4903
34 71 6.92602
34 72 0.0693
34 73 2.00942
34 74 8.71799
34 75 2.50279
34 76 8.15224
34 77 2.23964
34 78 0.93264
34 79 6.69199
34 80 8.01123
34 81 0.34871
34 82 3.65685
34 83 1.57527
34 84 3.52819
34 85 3.37796
34 86 5.67294
34 87 5.03416
34 88 1.34401
34 89 2.24731
34 90 8.12634
34 91 2.14725
34 92 8.6954
34 93 3.83951
34 94 4.70419
34 95 7.63552
34 96 2.33624
34 97 4.65266
34 98 0.43739
34 99 2.47289
35 36 6.38852
35 37 8.35673
35 38 6.85333
35 39 7.16137
35 40 0.38802
35 41 6.99412
35 42 5.42561
35 43 6.53478
35 44 0.81242
35 45 3.53387
35 46 4.62387
35 47 4.99951
35 48 1.24351
35 49 2.00079
35 50 7.35021
35 51 6.09799
35 52 0.39452
35 53 2.45045
35 54 8.44762
35 55 2.01215
35 56 3.82097
35 57 8.98978
35 58 0.33268
35 59 7.29227
35 60 7.77938
35 61 0.26424
35 62 5.82157
35 63 6.48045
35 64 0.00842
35 65 0.95853
35 66 3.71794
35 67 6.02298
35 68 3.88764
35 69 3.78054
35 70 3.56217
35 71 3.1979
35 72 5.63704
35 73 0.86454
35 74 0.45287
35 75 4.69265
35 76 2.0472
35 77 2.66484
35 78 2.87982
35 79 2.31185
35 80 4.60318
35 81 6.45032
35 82 5.63867
35 83 8.71454
35 84 4.26921
35 85 6.01589
35 86 0.76003
35 87 0.86115
35 88 4.07992
35 89 1.85125
35 90 5.95508
35 91 4.96855
35 92 6.71772
35 93 6.2981
35 94 7.92281
35 95 4.62311
35 96 4.04746
35 97 4.20593
35 98 6.2444
35 99 7.57754
36 37 1.56894
36 38 0.99154
36 39 3.28685
36 40 1.89129
36 41 6.31968
36 42 8.80459
36 43 0.33355
36 44 2.72758
36 45 8.74006
36 46 6.08333
36 47 6.39715
36 48 6.21438
36 49 6.33749
36 50 6.84521
36 51 4.04691
36 52 3.49642
36 53 2.41919
36 54 6.2748
36 55 7.02855
36 56 2.87877
36 57 0.58185
36 58 5.46781
36 59 6.98175
36 60 4.68167
36 61 0.89745
36 62 6.68238
36 63 2.13493
36 64 5.95826
36 65 5.49147
36 66 0.13662
36 67 5.72919
36 68 1.36868
36 69 3.99225
36 70 7.12054
36 71 5.15928
36 72 5.68901
36 73 8.19615
36 74 5.09384
36 75 0.56036
36 76 4.33334
36 77 8.42662
36 78 8.88872
36 79 8.75019
36 80 4.6756
36 81 7.06411
36 82 5.05562
36 83 4.37975
36 84 3.22493
36 85 5.90497
36 86 3.00182
36 87 3.66232
36 88 0.04625
36 89 4.78056
36 90 4.18364
36 91 3.92696
36 92 5.09205
36 93 4.54978
36 94 8.8663
36 95 3.92598
36 96 7.4328
36 97 0.56139
36 98 7.96653
36 99 3.52275
37 38 4.19088
37 39 7.16041
37 40 3.12206
37 41 1.77678
37 42 3.14404
37 43 1.07711
37 44 5.78577
37 45 8.23377
37 46 8.54464
37 47 0.96215
37 48 8.49746
37 49 3.18423
37 50 8.09259
37 51 0.4622
37 52 1.0284
37 53 2.36638
37 54 5.3611
37 55 4.58229
37 56 5.34462
37 57 5.47553
37 58 2.64039
37 59 6.0857
37 60 5.72718
37 61 2.25886
37 62 4.61471
37 63 4.00638
37 64 8.96968
37 65 3.72584
37 66 8.25004
37 67 2.16603
37 68 2.93315
37 69 5.99203
37 70 4.17256
37 71 6.97787
37 72 4.12491
37 73 7.66237
37 74 1.40558
37 75 3.40164
37 76 1.16986
37 77 0.74063
37 78 7.68691
37 79 4.84506
37 80 4.07036
37 81 6.94862
37 82 5.18463
37 83 3.11413
37 84 6.42688
37 85 1.38541
37 86 0.35212
37 87 8.79639
37 88 2.38472
37 89 5.83036
37 90 6.59152
37 91 4.65607
37 92 3.76289
37 93 5.95774
37 94 6.53025
37 95 3.83424
37 96 1.07185
37 97 4.34963
37 98 0.68352
37 99 8.61145
38 39 2.11495
38 40 3.42727
38 41 8.91969
38 42 4.77509
38 43 5.96874
38 44 7.53363
38 45 8.41261
38 46 0.83213
38 47 3.62879
38 48 1.8503
38 49 3.34544
38 50 7.4966
38 51 3.80962
38 52 8.37723
38 53 7.98605
38 54 4.28425
38 55 1.12848
38 56 4.62763
38 57 6.97659
38 58 6.56386
38 59 6.39564
38 60 3.49888
38 61 7.83739
38 62 6.94794
38 63 1.595
38 64 6.97457
38 65 6.43986
38 66 4.49322
38 67 6.74786
38 68 3.62934
38 69 4.22492
38 70 1.49301
38 71 7.7868
38 72 4.44558
38 73 7.11258
38 74 6.8066
38 75 0.03452
38 76 0.66357
38 77 2.54894
38 78 5.09642
38 79 6.20312
38 80 1.0496
38 81 7.44767
38 82 1.56289
38 83 3.04441
38 84 7.87641
38 85 6.89334
38 86 4.88185
38 87 3.34084
38 88 8.56092
38 89 7.65627
38 90 4.83936
38 91 2.51892
38 92 4.39376
38 93 8.31116
38 94 4.15715
38 95 7.65571
38 96 1.54602
38 97 8.5637
38 98 6.18965
38 99 4.07548
39 40 8.85571
39 41 7.14774
39 42 6.42531
39 43 5.35835
39 44 8.09728
39 45 8.41322
39 46 2.22185
39 47 3.54445
39 48 4.73701
39 49 1.04984
39 50 8.2874
39 51 8.7012
39 52 4.81123
39 53 7.72316
39 54 2.66342
39 55 1.22812
39 56 3.04861
39 57 8.29582
39 58 8.4679
39 59 8.38042
39 60 6.32895
39 61 3.98147
39 62 5.99225
39 63 5.81912
39 64 7.81325
39 65 6.15401
39 66 7.53386
39 67 6.21169
39 68 0.26072
39 69 2.69945
39 70 7.21819
39 71 5.20156
39 72 0.88824
39 73 7.34429
39 74 2.37733
39 75 4.16909
39 76 7.06392
39 77 4.48697
39 78 0.58313
39 79 3.5837
39 80 5.53488
39 81 3.20402
39 82 8.7961
39 83 0.59097
39 84 6.03443
39 85 2.66896
39 86 3.45026
39 87 8.96131
39 88 4.01573
39 89 3.75839
39 90 7.29247
39 91 2.75937
39 92 4.35413
39 93 2.84047
39 94 6.39787
39 95 0.2106
39 96 4.38819
39 97 5.08981
39 98 3.0374
39 99 3.7457
40 41 2.53444
40 42 4.33558
40 43 0.58852
40 44 2.83382
40 45 3.49147
40 46 4.89863
40 47 0.8121
40 48 5.04509
40 49 4.08753
40 50 0.75174
40 51 4.78874
40 52 5.35651
40 53 3.6945
40 54 2.65437
40 55 3.61412
40 56 2.47259
40 57 6.89675
40 58 8.47755
40 59 5.23267
40 60 8.17527
40 61 3.65805
40 62 7.44251
40 63 4.85098
40 64 5.49304
40 65 8.59148
40 66 8.34346
40 67 1.68117
40 68 1.4556
40 69 5.32045
40 70 5.26916
40 71 0.82727
40 72 2.02557
40 73 7.97196
40 74 3.45725
40 75 2.30948
40 76 6.01597
40 77 2.86575
40 78 8.17041
40 79 6.86655
40 80 0.11437
40 81 2.88155
40 82 4.24666
40 83 0.85114
40 84 0.4152
40 85 4.58618
40 86 4.85882
40 87 8.01992
40 88 7.63947
40 89 0.99409
40 90 0.60422
40 91 1.34712
40 92 6.81494
40 93 7.35205
40 94 7.44597
40 95 4.52148
40 96 3.60074
40 97 3.74853
40 98 5.01378
40 99 5.81464
41 42 1.16873
41 43 8.77156
41 44 5.77389
41 45 4.15037
41 46 3.14726
41 47 7.37336
41 48 7.48101
41 49 0.92552
41 50 5.45741
41 51 3.87396
41 52 1.04084
41 53 0.18389
41 54 3.09924
41 55 0.70563
41 56 1.00819
41 57 0.88621
41 58 0.03357
41 59 0.44249
41 60 6.45845
41 61 0.41557
41 62 6.86298
41 63 0.36911
41 64 0.08433
41 65 3.21569
41 66 8.51654
41 67 5.71184
41 68 5.44986
41 69 4.60995
41 70 4.74497
41 71 2.48491
41 72 4.14397
41 73 0.94447
41 74 2.86636
41 75 1.51209
41 76 3.17701
41 77 3.94005
41 78 8.72714
41 79 6.12402
41 80 2.89929
41 81 2.11816
41 82 5.93102
41 83 6.46997
41 84 7.71962
41 85 8.24343
41 86 7.34998
41 87 3.89739
41 88 4.07169
41 89 1.94197
41 90 0.86778
41 91 8.30678
41 92 0.17189
41 93 0.23947
41 94 5.85037
41 95 0.6291
41 96 1.9791
41 97 2.34835
41 98 0.44875
41 99 0.44361
42 43 3.00218
42 44 3.76647
42 45 4.16634
42 46 3.68869
42 47 3.04399
42 48 3.80715
42 49 6.47056
42 50 7.05633
42 51 7.73507
42 52 0.20532
42 53 1.50965
42 54 7.7069
42 55 6.88483
42 56 1.36556
42 57 2.68134
42 58 0.35177
42 59 8.47592
42 60 4.06683
42 61 5.33357
42 62 4.23643
42 63 0.72055
42 64 1.73496
42 65 5.22351
42 66 3.92391
42 67 8.16879
42 68 7.38174
42 69 5.67888
42 70 3.57873
42 71 1.48704
42 72 2.70902
42 73 5.52741
42 74 0.7917
42 75 2.23834
42 76 4.7879
42 77 4.82014
42 78 4.61
42 79 8.21219
42 80 0.55412
42 81 2.94671
42 82 4.83154
42 83 8.76392
42 84 0.73879
42 85 0.01924
42 86 0.70752
42 87 5.72037
42 88 1.39512
42 89 2.06004
42 90 2.75399
42 91 4.98607
42 92 5.56979
42 93 1.64109
42 94 4.37917
42 95 3.0197
42 96 1.83357
42 97 7.41995
42 98 8.928
42 99 8.35043
43 44 3.63598
43 45 4.64654
43 46 3.99831
43 47 2.33102
43 48 4.29215
43 49 8.39718
43 50 3.42098
43 51 3.02335
43 52 5.28686
43 53 8.13609
43 54 6.90573
43 55 6.38653
43 56 3.0923
43 57 8.58939
43 58 2.24717
43 59 7.22733
43 60 5.28106
43 61 4.28352
43 62 1.76405
43 63 3.49467
43 64 8.31794
43 65 4.7269
43 66 8.56357
43 67 1.09096
43 68 7.72503
43 69 5.25701
43 70 8.4621
43 71 1.40995
43 72 1.35343
43 73 6.86652
43 74 7.4881
43 75 7.16567
43 76 1.04993
43 77 4.93545
43 78 7.76504
43 79 2.99037
43 80 6.87409
43 81 7.10996
43 82 7.41589
43 83 5.28685
43 84 2.45801
43 85 2.02938
43 86 0.53419
43 87 1.20755
43 88 8.75116
43 89 2.81711
43 90 8.87364
43 91 0.61685
43 92 1.70666
43 93 7.59507
43 94 3.10563
43 95 3.04079
43 96 1.54021
43 97 0.73574
43 98 6.14901
43 99 5.9177
44 45 5.58121
44 46 3.81107
44 47 3.17379
44 48 3.68868
44 49 6.97696
44 50 0.29616
44 51 8.8666
44 52 8.91617
44 53 7.42632
44 54 3.14783
44 55 8.10215
44 56 1.65609
44 57 1.39478
44 58 8.07173
44 59 4.96239
44 60 2.4641
44 61 6.80102
44 62 1.56376
44 63 6.6187
44 64 8.20117
44 65 4.15956
44 66 8.82374
44 67 4.40747
44 68 2.21772
44 69 8.79961
44 70 6.69995
44 71 4.90235
44 72 7.33657
44 73 6.65708
44 74 3.86296
44 75 4.80367
44 76 5.56823
44 77 0.6556
44 78 8.95337
44 79 5.57975
44 80 4.51407
44 81 1.80002
44 82 6.12791
44 83 4.82877
44 84 3.91816
44 85 3.89685
44 86 2.47927
44 87 3.60317
44 88 0.86271
44 89 0.74368
44 90 1.01197
44 91 5.00007
44 92 1.08941
44 93 3.08234
44 94 1.35788
44 95 1.43629
44 96 6.06172
44 97 0.14109
44 98 7.31469
44 99 4.23192
45 46 1.58171
45 47 3.70688
45 48 8.02896
45 49 8.72426
45 50 3.553
45 51 3.64778
45 52 3.47935
45 53 2.71738
45 54 6.60536
45 55 4.31031
45 56 8.01445
45 57 3.28344
45 58 2.14686
45 59 5.32822
45 60 3.78162
45 61 6.28802
45 62 7.73148
45 63 4.84096
45 64 5.51239
45 65 7.63722
45 66 3.63347
45 67 2.79486
45 68 7.43645
45 69 7.89395
45 70 5.74536
45 71 7.85041
45 72 3.51059
45 73 7.7758
45 74 1.33932
45 75 8.88042
45 76 7.06194
45 77 7.91682
45 78 1.28957
45 79 8.80138
45 80 1.05084
45 81 8.67715
45 82 6.60711
45 83 6.62711
45 84 6.65134
45 85 7.06671
45 86 4.56403
45 87 2.68163
45 88 3.48393
45 89 7.97523
45 90 5.29266
45 91 2.11973
45 92 6.91259
45 93 0.00133
45 94 0.07235
45 95 5.75801
45 96 3.21899
45 97 5.20814
45 98 5.6622
45 99 6.75146
46 47 1.52967
46 48 7.49404
46 49 4.73824
46 50 7.47787
46 51 2.16364
46 52 2.45064
46 53 4.28355
46 54 7.288
46 55 3.51171
46 56 4.1694
46 57 5.59373
46 58 7.39386
46 59 4.98608
46 60 5.60404
46 61 2.21272
46 62 0.20793
46 63 8.61452
46 64 0.5697
46 65 1.1713
46 66 5.36478
46 67 2.10789
46 68 3.79058
46 69 5.71699
46 70 3.98242
46 71 4.98853
46 72 2.26285
46 73 6.748
46 74 5.47348
46 75 3.21364
46 76 1.68628
46 77 7.07843
46 78 4.98848
46 79 7.91011
46 80 1.19962
46 81 3.33521
46 82 1.40771
46 83 8.35484
46 84 3.4711
46 85 1.36196
46 86 8.6715
46 87 0.13777
46 88 4.53801
46 89 0.58957
46 90 1.76434
46 91 2.56242
46 92 1.70046
46 93 2.54011
46 94 1.50408
46 95 0.0509
46 96 7.31742
46 97 3.98816
46 98 1.04036
46 99 2.65067
47 48 0.15756
47 49 7.48366
47 50 6.18561
47 51 7.64184
47 52 1.24006
47 53 0.86078
47 54 3.72987
47 55 0.63727
47 56 8.77589
47 57 8.11382
47 58 1.51276
47 59 2.26075
47 60 4.94473
47 61 0.14957
47 62 3.7915
47 63 0.20522
47 64 4.18443
47 65 4.12547
47 66 5.10747
47 67 7.9869
47 68 3.33126
47 69 2.57013
47 70 4.17469
47 71 6.46814
47 72 6.95631
47 73 0.04929
47 74 0.13888
47 75 1.76884
47 76 8.45239
47 77 0.31139
47 78 2.67782
47 79 6.37866
47 80 6.18407
47 81 0.5546
47 82 7.00936
47 83 0.75164
47 84 8.266
47 85 4.39065
47 86 1.94318
47 87 3.17612
47 88 1.95689
47 89 1.56345
47 90 2.83659
47 91 6.27969
47 92 1.30187
47 93 4.08789
47 94 0.334
47 95 3.25447
47 96 8.78583
47 97 6.43021
47 98 4.47147
47 99 5.05968
48 49 2.97404
48 50 2.58928
48 51 6.34876
48 52 0.69574
48 53 0.91579
48 54 5.85489
48 55 6.7399
48 56 7.76741
48 57 8.83126
48 58 6.23534
48 59 7.30223
48 60 7.72576
48 61 0.44176
48 62 8.93535
48 63 0.51015
48 64 1.95374
48 65 6.67679
48 66 2.31618
48 67 6.73204
48 68 2.72786
48 69 2.38653
48 70 7.18735
48 71 4.27832
48 72 6.44375
48 73 1.92022
48 74 0.02895
48 75 1.50067
48 76 2.54835
48 77 4.95484
48 78 2.35871
48 79 1.84863
48 80 2.9115
48 81 8.68926
48 82 5.45216
48 83 6.3928
48 84 3.13123
48 85 2.30311
48 86 4.89763
48 87 8.57769
48 88 1.27059
48 89 3.58771
48 90 8.30054
48 91 7.06425
48 92 5.19456
48 93 4.8562
48 94 3.51538
48 95 7.55295
48 96 7.24345
48 97 4.75303
48 98 4.39485
48 99 6.08022
49 50 2.19387
49 51 4.95322
49 52 8.28877
49 53 7.04372
49 54 5.70874
49 55 0.83053
49 56 7.89053
49 57 0.06775
49 58 3.13
49 59 0.967
49 60 3.0211
49 61 0.21225
49 62 5.94884
49 63 8.67603
49 64 4.70797
49 65 8.74683
49 66 1.01197
49 67 5.03022
49 68 5.19643
49 69 4.51238
49 70 4.54423
49 71 1.76859
49 72 3.21387
49 73 4.57658
49 74 0.33991
49 75 4.17315
49 76 0.92729
49 77 1.73589
49 78 3.59219
49 79 4.27037
49 80 0.55266
49 81 6.64588
49 82 4.46527
49 83 4.58924
49 84 2.68538
49 85 8.16745
49 86 4.07236
49 87 2.71858
49 88 6.19908
49 89 1.38
49 90 7.02501
49 91 2.80692
49 92 2.33252
49 93 0.38809
49 94 1.40136
49 95 6.42347
49 96 8.31843
49 97 6.11369
49 98 8.53783
49 99 5.88579
50 51 6.93888
50 52 3.90757
50 53 6.06251
50 54 2.84196
50 55 4.32112
50 56 2.37366
50 57 6.97107
50 58 6.94596
50 59 4.37408
50 60 2.40353
50 61 5.01269
50 62 7.39014
50 63 1.29841
50 64 4.82093
50 65 2.14619
50 66 1.50059
50 67 4.52632
50 68 5.54575
50 69 3.75366
50 70 8.52278
50 71 7.19548
50 72 5.3853
50 73 6.03933
50 74 4.06291
50 75 8.01219
50 76 0.23812
50 77 6.60712
50 78 6.05054
50 79 5.92678
50 80 8.35516
50 81 5.3334
50 82 7.97656
50 83 0.86783
50 84 7.14695
50 85 0.16117
50 86 5.19378
50 87 5.33869
50 88 3.91278
50 89 6.96637
50 90 7.95991
50 91 4.68837
50 92 3.97575
50 93 5.04372
50 94 2.53473
50 95 1.58929
50 96 1.37576
50 97 3.86418
50 98 0.8194
50 99 1.06266
51 52 8.56857
51 53 8.56543
51 54 3.28707
51 55 0.80763
51 56 3.26014
51 57 2.28892
51 58 3.52266
51 59 5.27241
51 60 0.08831
51 61 6.22207
51 62 2.05733
51 63 2.79681
51 64 5.62435
51 65 2.05197
51 66 0.81832
51 67 7.81041
51 68 0.00493
51 69 0.87349
51 70 5.06325
51 71 4.02813
51 72 6.53172
51 73 0.14754
51 74 4.60886
51 75 5.99512
51 76 7.38999
51 77 4.92926
51 78 8.77679
51 79 4.07899
51 80 1.4111
51 81 6.52887
51 82 1.3659
51 83 4.72878
51 84 8.32621
51 85 3.77369
51 86 6.23591
51 87 6.41138
51 88 4.61603
51 89 7.44545
51 90 6.00113
51 91 0.80929
51 92 1.18886
51 93 4.67926
51 94 6.0125
51 95 7.70813
51 96 1.1352
51 97 8.01912
51 98 4.60362
51 99 1.17727
52 53 4.37113
52 54 2.75952
52 55 2.4717
52 56 1.32577
52 57 6.49977
52 58 6.90606
52 59 5.51535
52 60 4.52373
52 61 4.91946
52 62 0.04833
52 63 8.96195
52 64 8.80588
52 65 3.20385
52 66 3.90825
52 67 4.03892
52 68 1.5937
52 69 5.4848
52 70 3.47698
52 71 8.01982
52 72 1.25021
52 73 7.91777
52 74 2.98091
52 75 1.34291
52 76 4.36975
52 77 8.48349
52 78 3.54539
52 79 3.31596
52 80 5.07383
52 81 7.58037
52 82 2.99072
52 83 4.17776
52 84 4.36212
52 85 5.0122
52 86 2.82109
52 87 2.22739
52 88 3.64874
52 89 5.92011
52 90 6.98555
52 91 1.88772
52 92 6.53656
52 93 5.81134
52 94 8.70849
52 95 2.1776
52 96 6.86882
52 97 7.22494
52 98 0.27594
52 99 7.2629
53 54 3.47681
53 55 5.61425
53 56 2.37282
53 57 0.15042
53 58 7.54176
53 59 5.08641
53 60 0.97776
53 61 5.44245
53 62 8.92179
53 63 8.82854
53 64 2.87017
53 65 5.89384
53 66 6.19556
53 67 4.47522
53 68 6.51141
53 69 5.057
53 70 2.21926
53 71 6.17512
53 72 2.46505
53 73 4.25448
53 74 3.10797
53 75 0.3055
53 76 6.83105
53 77 2.96426
53 78 3.14078
53 79 1.68931
53 80 2.78528
53 81 7.09049
53 82 5.10247
53 83 4.69094
53 84 0.53861
53 85 1.63975
53 86 8.70858
53 87 4.17244
53 88 8.58771
53 89 4.01041
53 90 7.94802
53 91 1.52817
53 92 8.67117
53 93 1.6433
53 94 6.82459
53 95 3.49207
53 96 8.08198
53 97 4.24811
53 98 8.13154
53 99 3.29721
54 55 5.13413
54 56 1.99577
54 57 0.99063
54 58 4.915
54 59 7.46341
54 60 1.3148
54 61 6.5302
54 62 4.74915
54 63 3.04879
54 64 1.93254
54 65 2.41067
54 66 7.59082
54 67 0.04381
54 68 2.43846
54 69 2.80264
54 70 8.47651
54 71 8.74789
54 72 0.38025
54 73 5.50163
54 74 2.65618
54 75 6.24596
54 76 6.87
54 77 2.6908
54 78 5.10991
54 79 4.21259
54 80 5.47771
54 81 2.28303
54 82 2.59811
54 83 5.00619
54 84 4.67674
54 85 1.72644
54 86 5.382
54 87 0.93944
54 88 7.5132
54 89 6.08319
54 90 6.41396
54 91 0.38972
54 92 8.08225
54 93 8.00996
54 94 0.02767
54 95 1.31346
54 96 4.81463
54 97 4.50501
54 98 4.01251
54 99 1.52071
55 56 1.09715
55 57 0.73363
55 58 5.10395
55 59 6.55696
55 60 7.92214
55 61 5.152
55 62 5.81977
55 63 8.32375
55 64 1.43822
55 65 4.2073
55 66 2.98839
55 67 1.10893
55 68 0.80206
55 69 0.60253
55 70 7.60018
55 71 7.83496
55 72 4.405
55 73 8.29881
55 74 3.71866
55 75 1.07367
55 76 5.83715
55 77 4.91249
55 78 3.49937
55 79 7.57581
55 80 6.72411
55 81 4.5155
55 82 7.19308
55 83 8.78681
55 84 2.35702
55 85 6.96958
55 86 6.42913
55 87 5.97279
55 88 3.08005
55 89 8.93184
55 90 7.00787
55 91 5.79151
55 92 8.26253
55 93 5.68629
55 94 8.29308
55 95 3.55391
55 96 7.37487
55 97 1.35653
55 98 1.00548
55 99 3.83213
56 57 7.63617
56 58 7.37645
56 59 4.32095
56 60 7.48748
56 61 6.3128
56 62 6.81687
56 63 2.63421
56 64 6.43258
56 65 8.56774
56 66 2.31249
56 67 3.00163
56 68 8.45134
56 69 8.72429
56 70 6.91015
56 71 2.48594
56 72 2.05041
56 73 2.98133
56 74 5.1393
56 75 3.97179
56 76 5.96624
56 77 7.04479
56 78 0.18057
56 79 8.81034
56 80 6.46996
56 81 5.2128
56 82 2.11653
56 83 8.30001
56 84 1.71872
56 85 1.6174
56 86 3.68679
56 87 8.14239
56 88 6.9664
56 89 1.70102
56 90 7.81571
56 91 6.69529
56 92 4.47575
56 93 3.96616
56 94 3.66978
56 95 8.22875
56 96 3.08974
56 97 7.51223
56 98 6.19984
56 99 8.60189
57 58 8.22771
57 59 3.15169
57 60 8.24224
57 61 4.9356
57 62 1.57783
57 63 8.16004
57 64 4.06582
57 65 8.51376
57 66 0.04565
57 67 1.17753
57 68 6.6343
57 69 2.6839
57 70 0.76329
57 71 0.56374
57 72 7.58961
57 73 2.06437
57 74 2.90157
57 75 6.76068
57 76 8.17457
57 77 4.09523
57 78 3.74527
57 79 2.56542
57 80 4.2579
57 81 0.3388
57 82 2.6987
57 83 7.72071
57 84 4.72361
57 85 4.97578
57 86 2.59488
57 87 6.41421
57 88 2.7785
57 89 1.23388
57 90 0.53337
57 91 2.75933
57 92 3.50762
57 93 0.77888
57 94 2.76192
57 95 4.78206
57 96 0.87077
57 97 1.88855
57 98 4.7342
57 99 0.12343
58 59 6.56258
58 60 1.02828
58 61 8.9362
58 62 4.30312
58 63 8.26452
58 64 8.6674
58 65 0.13204
58 66 5.2818
58 67 2.07178
58 68 0.69645
58 69 3.50869
58 70 1.35625
58 71 4.42032
58 72 0.14162
58 73 1.16046
58 74 5.84272
58 75 1.15616
58 76 1.6733
58 77 4.65456
58 78 0.09298
58 79 8.40699
58 80 0.74448
58 81 7.12978
58 82 5.66141
58 83 8.59028
58 84 7.46367
58 85 1.75706
58 86 4.16758
58 87 4.06329
58 88 4.90823
58 89 8.03358
58 90 6.60716
58 91 7.59186
58 92 5.76165
58 93 0.76148
58 94 1.65741
58 95 3.07416
58 96 3.15307
58 97 2.54201
58 98 6.84073
58 99 7.99103
59 60 0.59678
59 61 4.11432
59 62 8.33771
59 63 0.98194
59 64 2.48003
59 65 0.35542
59 66 1.88525
59 67 8.85936
59 68 7.79107
59 69 3.0331
59 70 3.05262
59 71 8.83841
59 72 5.73856
59 73 7.95343
59 74 4.13314
59 75 8.34991
59 76 2.10182
59 77 4.49984
59 78 0.08134
59 79 2.06743
59 80 4.69509
59 81 8.07479
59 82 3.8459
59 83 0.0065
59 84 1.97324
59 85 0.83431
59 86 1.95914
59 87 1.7122
59 88 6.85355
59 89 3.15039
59 90 6.70652
59 91 4.96631
59 92 4.39145
59 93 6.91096
59 94 2.61742
59 95 8.67219
59 96 8.06202
59 97 4.32894
59 98 5.74978
59 99 1.86247
60 61 7.55239
60 62 6.14357
60 63 4.87486
60 64 0.00204
60 65 8.98246
60 66 8.61955
60 67 6.57122
60 68 5.4309
60 69 6.9165
60 70 1.62615
60 71 3.39797
60 72 3.36347
60 73 5.23288
60 74 0.34964
60 75 1.23231
60 76 0.90222
60 77 6.12695
60 78 5.52027
60 79 7.25132
60 80 8.2148
60 81 3.14264
60 82 0.90288
60 83 0.10538
60 84 2.54321
60 85 6.57897
60 86 8.70047
60 87 2.08276
60 88 5.6982
60 89 4.60078
60 90 5.3823
60 91 6.20129
60 92 6.17363
60 93 5.29582
60 94 8.23945
60 95 6.75166
60 96 3.06855
60 97 7.88372
60 98 7.61487
60 99 8.83646
61 62 8.34085
61 63 4.79621
61 64 3.55557
61 65 4.84212
61 66 5.7526
61 67 1.61133
61 68 7.58694
61 69 8.94448
61 70 2.63483
61 71 0.88183
61 72 2.30235
61 73 2.33609
61 74 8.14176
61 75 2.17437
61 76 2.05894
61 77 2.92205
61 78 5.70222
61 79 6.31546
61 80 3.32872
61 81 4.22403
61 82 4.63313
61 83 1.38347
61 84 2.02162
61 85 7.29785
61 86 1.36856
61 87 7.12869
61 88 1.20592
61 89 7.40901
61 90 2.64605
61 91 5.93114
61 92 2.3394
61 93 6.99165
61 94 0.19403
61 95 6.55101
61 96 5.16565
61 97 0.27632
61 98 5.3562
61 99 0.91673
62 63 8.17198
62 64 2.80654
62 65 3.66813
62 66 7.23708
62 67 0.72864
62 68 4.79932
62 69 6.65067
62 70 6.18351
62 71 6.82852
62 72 5.81353
62 73 4.38944
62 74 7.52909
62 75 7.76218
62 76 6.51349
62 77 8.83427
62 78 0.64879
62 79 3.21762
62 80 5.66897
62 81 6.21228
62 82 1.47277
62 83 0.37098
62 84 7.84156
62 85 4.32851
62 86 6.77129
62 87 5.91961
62 88 2.23767
62 89 6.83731
62 90 2.25382
62 91 1.51288
62 92 5.01726
62 93 8.36529
62 94 4.67069
62 95 5.15445
62 96 6.7048
62 97 6.42263
62 98 2.0415
62 99 6.27056
63 64 8.38756
63 65 0.89829
63 66 1.6114
63 67 5.28083
63 68 8.90444
63 69 0.64309
63 70 7.0828
63 71 5.87183
63 72 2.70494
63 73 8.67262
63 74 6.72137
63 75 5.61869
63 76 8.41266
63 77 6.47981
63 78 4.24809
63 79 5.29193
63 80 0.91292
63 81 5.08822
63 82 4.73483
63 83 7.57908
63 84 3.20347
63 85 3.35063
63 86 4.76222
63 87 7.89406
63 88 4.04857
63 89 6.86105
63 90 8.4384
63 91 7.20556
63 92 6.71164
63 93 3.14548
63 94 3.71564
63 95 7.86958
63 96 4.44844
63 97 0.44168
63 98 5.51733
63 99 4.49371
64 65 2.67443
64 66 2.84368
64 67 2.89702
64 68 8.78012
64 69 8.7097
64 70 7.3776
64 71 8.25798
64 72 4.99044
64 73 8.49217
64 74 3.98843
64 75 3.02655
64 76 2.63272
64 77 0.6066
64 78 1.38679
64 79 8.35982
64 80 0.14104
64 81 8.63534
64 82 5.34412
64 83 8.2374
64 84 3.81286
64 85 2.87345
64 86 6.34156
64 87 4.24502
64 88 6.10879
64 89 0.65996
64 90 6.92812
64 91 0.95577
64 92 6.66587
64 93 6.11773
64 94 5.64643
64 95 5.40142
64 96 3.51492
64 97 1.67296
64 98 5.29347
64 99 0.29515
65 66 4.55978
65 67 1.32499
65 68 2.34992
65 69 3.76996
65 70 6.1139
65 71 8.53601
65 72 5.49146
65 73 0.7555
65 74 0.03726
65 75 4.53983
65 76 5.51856
65 77 6.64549
65 78 3.93253
65 79 1.78226
65 80 7.18706
65 81 3.03689
65 82 3.33843
65 83 1.35812
65 84 7.12798
65 85 5.0704
65 86 3.49831
65 87 7.38394
65 88 0.90115
65 89 6.63131
65 90 0.11053
65 91 2.88886
65 92 8.61178
65 93 3.47125
65 94 4.666
65 95 6.24292
65 96 7.53309
65 97 8.29035
65 98 3.68061
65 99 4.32612
66 67 3.93162
66 68 3.908
66 69 6.3553
66 70 8.51606
66 71 1.90394
66 72 0.29294
66 73 5.54585
66 74 5.31539
66 75 2.88806
66 76 1.73287
66 77 1.72243
66 78 8.75332
66 79 4.43883
66 80 8.95406
66 81 3.82167
66 82 0.04064
66 83 1.63054
66 84 0.80972
66 85 7.45298
66 86 4.29553
66 87 4.16118
66 88 3.28016
66 89 6.27635
66 90 1.79207
66 91 1.91925
66 92 4.36501
66 93 7.11545
66 94 4.94782
66 95 3.39847
66 96 4.59045
66 97 2.07902
66 98 2.17607
66 99 4.05926
67 68 7.41644
67 69 6.78505
67 70 7.67229
67 71 2.96818
67 72 6.70246
67 73 4.36533
67 74 7.80282
67 75 8.39033
67 76 1.37002
67 77 5.14415
67 78 1.77502
67 79 8.2887
67 80 5.42118
67 81 6.52781
67 82 8.97888
67 83 4.77249
67 84 5.21703
67 85 4.25846
67 86 1.72865
67 87 2.17146
67 88 8.90458
67 89 6.54109
67 90 6.85001
67 91 2.4956
67 92 0.54662
67 93 2.99594
67 94 1.66549
67 95 4.20038
67 96 6.97964
67 97 3.50193
67 98 6.30446
67 99 5.95426
68 69 0.96752
68 70 5.18588
68 71 4.35681
68 72 2.20315
68 73 7.75181
68 74 2.306
68 75 8.51532
68 76 6.41396
68 77 4.66564
68 78 5.44032
68 79 0.96121
68 80 8.1019
68 81 3.45471
68 82 3.93725
68 83 0.36967
68 84 3.4882
68 85 8.01507
68 86 6.17496
68 87 5.19647
68 88 0.87245
68 89 5.52275
68 90 2.32799
68 91 0.31651
68 92 5.72294
68 93 5.90162
68 94 6.194
68 95 1.46645
68 96 6.79884
68 97 7.96675
68 98 1.15147
68 99 1.0856
69 70 2.95671
69 71 0.48748
69 72 2.32613
69 73 6.75809
69 74 1.39995
69 75 4.6753
69 76 0.09234
69 77 7.56501
69 78 6.15311
69 79 5.72018
69 80 2.67694
69 81 3.52052
69 82 0.78044
69 83 8.49777
69 84 5.02315
69 85 8.99
69 86 3.37531
69 87 0.34464
69 88 7.52267
69 89 1.33139
69 90 7.35749
69 91 6.11708
69 92 2.06448
69 93 1.84286
69 94 2.99967
69 95 5.10087
69 96 2.45464
69 97 2.11069
69 98 1.87355
69 99 1.91833
70 71 7.54829
70 72 6.11691
70 73 4.90612
70 74 1.53255
70 75 2.37422
70 76 4.84451
70 77 6.39752
70 78 8.71004
70 79 5.37879
70 80 5.14895
70 81 1.65274
70 82 8.05059
70 83 7.72207
70 84 0.15522
70 85 1.81489
70 86 4.10101
70 87 5.75225
70 88 3.2843
70 89 8.73508
70 90 7.73136
70 91 7.94062
70 92 2.96882
70 93 6.52028
70 94 6.0412
70 95 5.4608
70 96 5.07585
70 97 0.47304
70 98 3.4734
70 99 7.29295
71 72 6.81405
71 73 0.97281
71 74 1.24834
71 75 0.01207
71 76 8.45608
71 77 1.61528
71 78 4.05186
71 79 2.11524
71 80 3.19132
71 81 2.14795
71 82 0.2953
71 83 3.40219
71 84 7.28683
71 85 7.34596
71 86 0.01888
71 87 6.14186
71 88 2.11822
71 89 3.00478
71 90 4.6274
71 91 0.76975
71 92 7.46874
71 93 8.75144
71 94 2.49326
71 95 1.89706
71 96 0.50249
71 97 6.86451
71 98 4.91408
71 99 2.27302
72 73 5.80219
72 74 6.6917
72 75 8.95488
72 76 4.11095
72 77 1.89924
72 78 0.95881
72 79 6.74071
72 80 1.1829
72 81 4.93231
72 82 2.0907
72 83 1.20494
72 84 6.18334
72 85 6.3882
72 86 2.34715
72 87 3.88846
72 88 6.19479
72 89 8.10058
72 90 1.32818
72 91 6.88563
72 92 5.17654
72 93 5.2101
72 94 6.25624
72 95 2.67128
72 96 1.14921
72 97 8.3805
72 98 0.98387
72 99 0.05396
73 74 3.29163
73 75 8.1826
73 76 7.35796
73 77 5.94017
73 78 5.06027
73 79 3.05339
73 80 4.80938
73 81 0.71831
73 82 2.10685
73 83 7.60336
73 84 4.92783
73 85 4.78891
73 86 3.31364
73 87 3.54794
73 88 2.95226
73 89 8.21082
73 90 1.79566
73 91 6.65884
73 92 6.63296
73 93 5.8837
73 94 4.91119
73 95 4.16458
73 96 4.73185
73 97 0.20451
73 98 4.94388
73 99 2.6326
74 75 1.43637
74 76 7.56915
74 77 5.69985
74 78 6.17034
74 79 4.95465
74 80 0.89096
74 81 6.28354
74 82 5.25855
74 83 0.00468
74 84 3.39371
74 85 2.80782
74 86 3.85415
74 87 1.95109
74 88 6.91635
74 89 7.23684
74 90 7.04954
74 91 7.73556
74 92 1.44546
74 93 1.5416
74 94 8.53964
74 95 5.4521
74 96 2.26061
74 97 0.01585
74 98 1.32984
74 99 5.2964
75 76 2.04768
75 77 0.18505
75 78 3.11249
75 79 1.51457
75 80 3.93164
75 81 6.10158
75 82 6.13731
75 83 3.30849
75 84 4.43152
75 85 5.01756
75 86 5.86635
75 87 4.9755
75 88 2.52266
75 89 0.5734
75 90 1.28987
75 91 1.45905
75 92 6.60635
75 93 6.81722
75 94 1.90021
75 95 2.92267
75 96 1.48888
75 97 5.74273
75 98 7.92778
75 99 8.79409
76 77 3.10133
76 78 8.1925
76 79 0.55599
76 80 3.71837
76 81 0.64906
76 82 0.81916
76 83 6.36705
76 84 1.69599
76 85 7.71947
76 86 1.63636
76 87 7.67855
76 88 2.82452
76 89 1.12895
76 90 7.79288
76 91 3.50779
76 92 2.67156
76 93 2.34634
76 94 8.30976
76 95 5.15999
76 96 7.63294
76 97 0.13815
76 98 5.15869
76 99 6.6813
77 78 2.06551
77 79 3.9902
77 80 3.37803
77 81 0.1819
77 82 4.574
77 83 4.49644
77 84 8.86443
77 85 8.55025
77 86 5.72072
77 87 2.53998
77 88 7.41419
77 89 8.09509
77 90 7.24909
77 91 3.60119
77 92 5.2766
77 93 3.15019
77 94 8.81397
77 95 2.41483
77 96 2.38805
77 97 6.60466
77 98 5.47056
77 99 8.85873
78 79 1.21763
78 80 5.78441
78 81 1.43821
78 82 6.1434
78 83 3.28292
78 84 7.10987
78 85 4.18734
78 86 3.57379
78 87 1.80932
78 88 0.12661
78 89 0.49441
78 90 4.49253
78 91 3.64275
78 92 8.93609
78 93 6.32887
78 94 8.67989
78 95 2.07969
78 96 2.41869
78 97 2.35511
78 98 5.33118
78 99 8.03052
79 80 8.55525
79 81 0.27559
79 82 6.67483
79 83 1.79204
79 84 7.56221
79 85 1.44771
79 86 1.29644
79 87 8.32163
79 88 4.69159
79 89 5.71924
79 90 4.61596
79 91 5.79179
79 92 1.89158
79 93 6.29228
79 94 4.3146
79 95 2.0439
79 96 0.20967
79 97 4.28826
79 98 0.77288
79 99 0.00607
80 81 0.27942
80 82 6.02652
80 83 1.90572
80 84 1.40164
80 85 8.27705
80 86 3.25264
80 87 6.89907
80 88 1.02865
80 89 4.77053
80 90 1.33048
80 91 4.84289
80 92 1.83977
80 93 2.2902
80 94 3.58618
80 95 4.66392
80 96 6.81049
80 97 5.82855
80 98 1.22054
80 99 1.32601
81 82 2.85668
81 83 8.5296
81 84 0.80339
81 85 3.20708
81 86 1.36267
81 87 0.43625
81 88 0.2141
81 89 3.06314
81 90 7.61787
81 91 2.19079
81 92 5.28296
81 93 5.5424
81 94 1.60766
81 95 3.15314
81 96 8.89375
81 97 4.23035
81 98 5.32893
81 99 1.59007
82 83 7.82525
82 84 2.70014
82 85 8.5414
82 86 0.52958
82 87 8.39245
82 88 1.50801
82 89 3.82858
82 90 1.30416
82 91 0.93423
82 92 6.90472
82 93 7.95433
82 94 3.4823
82 95 3.52273
82 96 7.40357
82 97 1.72046
82 98 4.57427
82 99 8.78271
83 84 4.04118
83 85 3.37669
83 86 1.4457
83 87 7.16233
83 88 1.27956
83 89 3.06363
83 90 8.46069
83 91 1.13925
83 92 6.54428
83 93 2.69781
83 94 8.72479
83 95 7.12141
83 96 1.65456
83 97 5.60177
83 98 7.36148
83 99 5.64631
84 85 8.78651
84 86 8.0036
84 87 6.21034
84 88 7.52386
84 89 3.81668
84 90 7.37316
84 91 8.53481
84 92 6.93824
84 93 2.18578
84 94 4.43119
84 95 1.37332
84 96 3.02251
84 97 2.19346
84 98 4.31172
84 99 2.08151
85 86 8.58393
85 87 2.66067
85 88 4.08097
85 89 7.11461
85 90 8.49524
85 91 7.57866
85 92 3.70844
85 93 7.04838
85 94 4.37289
85 95 4.26822
85 96 1.87004
85 97 3.83484
85 98 4.86026
85 99 8.9997
86 87 8.47629
86 88 5.68272
86 89 6.13581
86 90 0.10671
86 91 8.72755
86 92 6.58004
86 93 6.13303
86 94 7.40098
86 95 4.75879
86 96 0.62779
86 97 4.30546
86 98 3.79439
86 99 7.756
87 88 6.10175
87 89 5.33498
87 90 8.33278
87 91 1.29029
87 92 3.16508
87 93 5.38796
87 94 5.47399
87 95 6.80881
87 96 8.28878
87 97 5.84544
87 98 7.59563
87 99 8.20647
88 89 5.69813
88 90 8.36059
88 91 4.68033
88 92 4.76524
88 93 4.80607
88 94 5.73841
88 95 5.69598
88 96 3.71033
88 97 6.25374
88 98 3.92498
88 99 1.75619
89 90 6.30061
89 91 7.61559
89 92 0.59543
89 93 5.2007
89 94 8.48625
89 95 0.99664
89 96 7.89888
89 97 1.20663
89 98 3.85055
89 99 5.65696
90 91 0.61567
90 92 3.24073
90 93 6.84673
90 94 4.83034
90 95 3.00568
90 96 6.85864
90 97 1.44865
90 98 1.30781
90 99 2.22558
91 92 3.28686
91 93 4.00357
91 94 0.67671
91 95 6.37356
91 96 8.51833
91 97 7.28235
91 98 2.41968
91 99 0.20491
92 93 8.97494
92 94 7.39954
92 95 3.91708
92 96 6.11907
92 97 8.54735
92 98 8.93664
92 99 0.2862
93 94 2.69059
93 95 8.40079
93 96 0.59049
93 97 7.68192
93 98 2.11441
93 99 5.20403
94 95 0.99806
94 96 7.53421
94 97 6.53185
94 98 1.66608
94 99 7.73441
95 96 5.18708
95 97 5.49012
95 98 8.90462
95 99 3.79916
96 97 6.97449
96 98 0.11078
96 99 0.86271
97 98 1.61432
97 99 0.09146
98 99 3.73656
