100 20
0 1 8.98737
0 2 5.94397
0 3 5.67405
0 4 2.34551
0 5 8.49435
0 6 7.18995
0 7 4.2705
0 8 0.15998
0 9 8.13875
0 10 3.77091
0 11 1.55243
0 12 0.2093
0 13 2.48442
0 14 2.64603
0 15 2.96221
0 16 4.22201
0 17 4.36933
0 18 0.28852
0 19 0.51548
0 20 7.48216
0 21 7.21032
0 22 2.27348
0 23 7.21307
0 24 8.17598
0 25 3.86841
0 26 5.00737
0 27 0.70338
0 28 8.19615
0 29 6.50114
0 30 0.88799
0 31 3.70239
0 32 4.69538
0 33 6.37561
0 34 5.94091
0 35 1.50799
0 36 6.58763
0 37 0.77716
0 38 4.90835
0 39 7.16903
0 40 5.57578
0 41 0.40242
0 42 7.19827
0 43 1.61192
0 44 8.29125
0 45 2.69019
0 46 4.75944
0 47 8.67038
0 48 1.85074
0 49 2.77819
0 50 2.36237
0 51 8.5073
0 52 2.86567
0 53 7.10656
0 54 5.13714
0 55 1.29748
0 56 4.38962
0 57 0.43844
0 58 5.08089
0 59 3.35377
0 60 7.98516
0 61 1.99462
0 62 3.51181
0 63 8.14768
0 64 1.56122
0 65 3.09444
0 66 8.54861
0 67 8.64857
0 68 4.41822
0 69 0.74198
0 70 8.2895
0 71 5.77086
0 72 4.4454
0 73 2.61161
0 74 3.81523
0 75 2.66573
0 76 7.74848
0 77 3.03422
0 78 4.36831
0 79 0.0518
0 80 5.61346
0 81 5.36131
0 82 7.78725
0 83 4.30556
0 84 8.74321
0 85 5.76209
0 86 1.29437
0 87 2.69503
0 88 3.61177
0 89 2.60363
0 90 4.37414
0 91 0.33741
0 92 4.8575
0 93 7.08805
0 94 7.13981
0 95 1.72972
0 96 7.06433
0 97 3.49668
0 98 7.71119
0 99 8.23773
1 2 0.62948
1 3 5.56075
1 4 4.79354
1 5 5.59938
1 6 3.18437
1 7 3.50674
1 8 6.04078
1 9 7.95414
1 10 8.41762
1 11 8.79076
1 12 5.73287
1 13 8.91291
1 14 7.13719
1 15 7.59256
1 16 5.6204
1 17 7.31513
1 18 7.91068
1 19 8.35153
1 20 1.46571
1 21 4.42414
1 22 7.87175
1 23 8.27174
1 24 6.84437
1 25 1.44179
1 26 8.46825
1 27 4.19995
1 28 4.48832
1 29 7.11815
1 30 4.01479
1 31 7.78724
1 32 0.00919
1 33 7.16796
1 34 8.11691
1 35 4.12622
1 36 2.1689
1 37 7.27464
1 38 3.38186
1 39 8.35018
1 40 7.1413
1 41 3.19524
1 42 0.71523
1 43 6.16888
1 44 1.78114
1 45 0.82606
1 46 5.51039
1 47 3.97232
1 48 5.22966
1 49 0.92861
1 50 3.75635
1 51 2.89641
1 52 2.66482
1 53 5.7763
1 54 0.97251
1 55 7.48116
1 56 5.36044
1 57 3.92488
1 58 3.7794
1 59 7.66333
1 60 7.47842
1 61 5.38453
1 62 6.42621
1 63 8.8402
1 64 8.64382
1 65 6.92261
1 66 3.01459
1 67 8.11443
1 68 3.99989
1 69 3.11363
1 70 1.139
1 71 0.41426
1 72 5.22762
1 73 3.00038
1 74 3.91795
1 75 6.67774
1 76 7.83816
1 77 0.70156
1 78 0.83716
1 79 3.584
1 80 7.93797
1 81 8.55994
1 82 6.39641
1 83 3.45695
1 84 7.33988
1 85 8.41615
1 86 4.59048
1 87 1.98797
1 88 8.43074
1 89 7.06873
1 90 4.41035
1 91 5.97394
1 92 7.93221
1 93 3.95771
1 94 0.98939
1 95 3.29281
1 96 2.15049
1 97 8.54779
1 98 8.83425
1 99 5.25334
2 3 3.75604
2 4 5.83316
2 5 5.12985
2 6 0.19435
2 7 1.25588
2 8 2.70695
2 9 7.11166
2 10 1.12186
2 11 5.93082
2 12 6.01611
2 13 5.6038
2 14 1.41071
2 15 4.45069
2 16 4.60923
2 17 3.34469
2 18 6.72888
2 19 4.17568
2 20 0.19299
2 21 5.15084
2 22 5.87047
2 23 4.57228
2 24 5.52393
2 25 7.27786
2 26 7.89629
2 27 6.90326
2 28 0.30969
2 29 5.03455
2 30 6.87778
2 31 8.90275
2 32 0.19483
2 33 7.77477
2 34 4.4169
2 35 2.77745
2 36 1.76884
2 37 3.58067
2 38 6.94578
2 39 6.38719
2 40 6.9366
2 41 8.12009
2 42 6.59637
2 43 4.82115
2 44 4.7165
2 45 4.45923
2 46 8.91757
2 47 7.07228
2 48 7.14734
2 49 3.42705
2 50 0.98757
2 51 2.15577
2 52 4.88024
2 53 7.62244
2 54 6.45187
2 55 2.50584
2 56 2.44245
2 57 5.9815
2 58 1.26383
2 59 5.24356
2 60 2.11648
2 61 1.50525
2 62 7.15767
2 63 0.02159
2 64 0.24002
2 65 5.0966
2 66 8.30682
2 67 5.24735
2 68 3.42859
2 69 5.335
2 70 5.42104
2 71 6.53639
2 72 4.32021
2 73 3.63513
2 74 6.67331
2 75 3.97471
2 76 1.39115
2 77 2.61972
2 78 3.49165
2 79 8.69047
2 80 0.21573
2 81 6.54229
2 82 0.27626
2 83 1.22286
2 84 4.72017
2 85 5.38827
2 86 0.19076
2 87 8.75076
2 88 8.13184
2 89 4.5939
2 90 8.50111
2 91 8.81385
2 92 1.38291
2 93 4.09454
2 94 8.21564
2 95 3.24367
2 96 5.72054
2 97 8.89501
2 98 0.86889
2 99 1.45871
3 4 5.38935
3 5 4.78527
3 6 3.66472
3 7 1.49608
3 8 0.50995
3 9 6.50119
3 10 0.21238
3 11 1.23018
3 12 0.89239
3 13 7.42947
3 14 4.71534
3 15 4.36516
3 16 5.18941
3 17 7.99137
3 18 6.74706
3 19 0.02425
3 20 2.63688
3 21 4.97722
3 22 1.61614
3 23 8.01971
3 24 3.51042
3 25 5.89406
3 26 1.82417
3 27 4.21174
3 28 5.70045
3 29 4.61176
3 30 2.63679
3 31 6.02196
3 32 4.69678
3 33 6.53067
3 34 0.23736
3 35 2.38122
3 36 2.73762
3 37 2.46069
3 38 4.64112
3 39 7.72022
3 40 6.94987
3 41 2.97927
3 42 8.38768
3 43 4.45865
3 44 3.59252
3 45 0.98578
3 46 8.11706
3 47 4.23142
3 48 4.48119
3 49 2.06355
3 50 7.87605
3 51 2.46639
3 52 2.73451
3 53 1.81794
3 54 5.96041
3 55 2.665
3 56 6.69794
3 57 7.46995
3 58 7.60836
3 59 1.06031
3 60 0.6112
3 61 6.73472
3 62 6.85213
3 63 3.60409
3 64 3.23478
3 65 5.27889
3 66 3.20215
3 67 2.47951
3 68 2.94492
3 69 1.04054
3 70 5.4711
3 71 2.47692
3 72 1.19169
3 73 3.58596
3 74 5.24679
3 75 8.52056
3 76 5.84722
3 77 5.87304
3 78 1.71517
3 79 4.60313
3 80 0.73763
3 81 0.86013
3 82 6.7861
3 83 3.55844
3 84 5.2224
3 85 3.07068
3 86 1.06305
3 87 1.3796
3 88 6.96731
3 89 7.83624
3 90 2.72234
3 91 8.24226
3 92 4.1939
3 93 2.27488
3 94 1.78442
3 95 3.48714
3 96 4.50992
3 97 3.86419
3 98 5.91496
3 99 5.23949
4 5 7.45992
4 6 6.80454
4 7 0.28182
4 8 1.05144
4 9 2.39465
4 10 1.06875
4 11 8.5642
4 12 0.88062
4 13 6.30196
4 14 7.28056
4 15 8.61383
4 16 8.95462
4 17 7.76529
4 18 6.28049
4 19 0.06397
4 20 2.00284
4 21 0.19663
4 22 0.14891
4 23 8.70372
4 24 1.47211
4 25 5.29049
4 26 1.89447
4 27 3.39512
4 28 1.54382
4 29 4.56616
4 30 8.01245
4 31 3.60282
4 32 5.69999
4 33 6.35948
4 34 7.2773
4 35 0.42499
4 36 3.69154
4 37 5.5555
4 38 4.9774
4 39 1.69175
4 40 7.75377
4 41 7.2635
4 42 4.99633
4 43 7.53404
4 44 7.32152
4 45 5.85531
4 46 2.38277
4 47 6.19031
4 48 4.51896
4 49 7.15616
4 50 7.16117
4 51 5.98385
4 52 1.88988
4 53 3.22729
4 54 4.93976
4 55 6.8473
4 56 8.33567
4 57 8.53999
4 58 2.09457
4 59 8.69738
4 60 4.9992
4 61 0.36121
4 62 4.52008
4 63 8.36093
4 64 7.72731
4 65 3.42118
4 66 5.12891
4 67 3.7305
4 68 6.16655
4 69 6.75163
4 70 4.52395
4 71 0.8207
4 72 8.28777
4 73 6.2345
4 74 2.4377
4 75 0.81028
4 76 3.70875
4 77 4.62906
4 78 2.78224
4 79 4.76689
4 80 2.97277
4 81 7.58358
4 82 4.94693
4 83 5.06503
4 84 3.014
4 85 5.79588
4 86 8.3831
4 87 6.62794
4 88 3.42235
4 89 2.73885
4 90 3.1715
4 91 7.34492
4 92 3.48568
4 93 2.31074
4 94 5.18651
4 95 2.36308
4 96 3.23369
4 97 6.68552
4 98 8.48533
4 99 1.99633
5 6 4.31508
5 7 4.61906
5 8 5.75212
5 9 6.22225
5 10 4.47327
5 11 5.94067
5 12 2.76182
5 13 1.28535
5 14 2.7834
5 15 3.8667
5 16 0.32522
5 17 4.84301
5 18 7.69827
5 19 6.27487
5 20 4.04044
5 21 1.37755
5 22 5.60307
5 23 6.32629
5 24 1.61846
5 25 3.27539
5 26 5.52694
5 27 0.71097
5 28 5.64908
5 29 3.37496
5 30 4.17185
5 31 6.55163
5 32 4.80079
5 33 7.80575
5 34 3.65497
5 35 4.98834
5 36 4.45864
5 37 6.7044
5 38 1.99482
5 39 1.64152
5 40 1.8021
5 41 3.33055
5 42 5.72988
5 43 6.18186
5 44 5.7873
5 45 7.0636
5 46 6.80839
5 47 3.01283
5 48 8.60491
5 49 3.89219
5 50 6.31472
5 51 0.29643
5 52 8.62613
5 53 3.37072
5 54 5.45382
5 55 2.46799
5 56 4.54839
5 57 8.83841
5 58 3.20838
5 59 8.71263
5 60 1.14642
5 61 3.78983
5 62 4.89942
5 63 8.84482
5 64 4.78941
5 65 0.94837
5 66 6.6929
5 67 8.80733
5 68 7.993
5 69 0.83113
5 70 2.0907
5 71 3.79499
5 72 3.94534
5 73 2.02498
5 74 6.37247
5 75 8.86164
5 76 4.92919
5 77 3.93466
5 78 1.262
5 79 2.55872
5 80 3.55238
5 81 0.87337
5 82 3.26457
5 83 7.95569
5 84 1.35256
5 85 2.66926
5 86 6.92384
5 87 1.24379
5 88 7.57015
5 89 5.12587
5 90 1.85703
5 91 3.84891
5 92 0.71079
5 93 7.09723
5 94 6.94643
5 95 2.78464
5 96 5.64384
5 97 0.03332
5 98 1.52956
5 99 4.29633
6 7 6.76669
6 8 0.28615
6 9 2.22747
6 10 6.58835
6 11 2.97504
6 12 6.6757
6 13 7.40964
6 14 6.57445
6 15 3.02465
6 16 5.29225
6 17 2.17775
6 18 7.1816
6 19 5.88324
6 20 1.21156
6 21 3.83059
6 22 4.84009
6 23 6.86099
6 24 3.12798
6 25 0.93251
6 26 4.3514
6 27 2.99632
6 28 8.43249
6 29 0.5812
6 30 6.44309
6 31 0.2508
6 32 6.15754
6 33 2.96869
6 34 3.28946
6 35 3.72835
6 36 8.83946
6 37 7.15195
6 38 8.35876
6 39 6.70769
6 40 8.67214
6 41 6.70118
6 42 4.55241
6 43 3.04775
6 44 3.24569
6 45 5.4297
6 46 3.4523
6 47 8.71522
6 48 2.78849
6 49 5.07124
6 50 2.46338
6 51 8.20306
6 52 0.26537
6 53 5.19382
6 54 6.72653
6 55 2.7615
6 56 5.97538
6 57 2.11602
6 58 2.40551
6 59 6.17789
6 60 3.03618
6 61 4.77317
6 62 0.28139
6 63 4.09523
6 64 8.225
6 65 4.28159
6 66 5.93774
6 67 8.5875
6 68 8.50169
6 69 1.3931
6 70 6.63057
6 71 1.05068
6 72 4.63718
6 73 5.31774
6 74 5.50321
6 75 2.66368
6 76 5.81245
6 77 5.6006
6 78 1.7557
6 79 7.62408
6 80 1.17287
6 81 6.10872
6 82 1.25298
6 83 3.57652
6 84 6.45799
6 85 5.20579
6 86 2.07977
6 87 1.57071
6 88 6.12134
6 89 7.50432
6 90 7.92921
6 91 2.55545
6 92 0.9579
6 93 6.96236
6 94 0.17697
6 95 8.57071
6 96 7.75028
6 97 5.61768
6 98 7.2782
6 99 2.11707
7 8 7.5344
7 9 6.43131
7 10 2.93959
7 11 7.52381
7 12 3.10856
7 13 1.19112
7 14 7.29709
7 15 6.0891
7 16 3.94553
7 17 1.31399
7 18 3.3184
7 19 1.81186
7 20 1.03883
7 21 6.33285
7 22 2.49638
7 23 7.86593
7 24 0.14008
7 25 6.77159
7 26 5.66661
7 27 4.46615
7 28 7.43492
7 29 1.60373
7 30 0.57864
7 31 2.01297
7 32 0.70967
7 33 1.81778
7 34 5.86398
7 35 1.53814
7 36 6.21517
7 37 1.17608
7 38 4.31452
7 39 5.03122
7 40 2.8977
7 41 4.57535
7 42 5.85239
7 43 7.65052
7 44 7.73451
7 45 7.86198
7 46 3.29468
7 47 7.07107
7 48 1.27696
7 49 5.61473
7 50 1.01229
7 51 4.6445
7 52 2.96205
7 53 4.543
7 54 4.02443
7 55 4.35245
7 56 5.23746
7 57 8.60278
7 58 6.49201
7 59 7.97092
7 60 5.58018
7 61 0.53267
7 62 8.81392
7 63 2.24718
7 64 6.91826
7 65 1.50254
7 66 1.70654
7 67 8.32692
7 68 4.77544
7 69 7.24573
7 70 3.77047
7 71 3.19304
7 72 5.72626
7 73 7.57626
7 74 6.76389
7 75 0.34141
7 76 1.86467
7 77 5.50087
7 78 8.00885
7 79 4.43558
7 80 6.79479
7 81 5.3253
7 82 6.21331
7 83 1.06373
7 84 3.42368
7 85 3.37386
7 86 7.5818
7 87 1.87479
7 88 6.22297
7 89 7.71765
7 90 7.2122
7 91 4.2775
7 92 5.87301
7 93 5.33797
7 94 8.30369
7 95 8.83534
7 96 2.96172
7 97 0.49861
7 98 7.84229
7 99 2.00242
8 9 4.67605
8 10 5.05428
8 11 6.99071
8 12 4.88514
8 13 1.90291
8 14 8.96377
8 15 6.02175
8 16 7.90222
8 17 4.46577
8 18 1.48789
8 19 2.82923
8 20 6.24609
8 21 4.02617
8 22 1.11356
8 23 2.73288
8 24 4.35753
8 25 0.77883
8 26 8.20694
8 27 7.17397
8 28 5.79366
8 29 5.98641
8 30 6.07916
8 31 1.90937
8 32 4.92397
8 33 6.68112
8 34 1.34978
8 35 4.12684
8 36 0.85462
8 37 7.34154
8 38 7.2591
8 39 7.23715
8 40 3.88572
8 41 1.39695
8 42 3.1709
8 43 3.50519
8 44 6.78242
8 45 3.77885
8 46 3.52843
8 47 0.43229
8 48 2.83579
8 49 5.32154
8 50 1.22571
8 51 6.87627
8 52 8.61783
8 53 0.84369
8 54 2.28072
8 55 4.82914
8 56 3.38066
8 57 4.01933
8 58 0.00447
8 59 1.4575
8 60 4.84536
8 61 7.44318
8 62 8.12165
8 63 7.72558
8 64 1.39694
8 65 3.09282
8 66 7.58263
8 67 2.11749
8 68 3.32898
8 69 3.60085
8 70 8.84249
8 71 5.59034
8 72 4.51903
8 73 0.05594
8 74 3.86035
8 75 0.2342
8 76 2.63039
8 77 0.0636
8 78 1.1873
8 79 2.73393
8 80 4.95097
8 81 8.98522
8 82 3.55342
8 83 8.91238
8 84 0.33545
8 85 4.80148
8 86 6.76276
8 87 7.04104
8 88 4.35995
8 89 1.174
8 90 2.10659
8 91 0.36884
8 92 6.77778
8 93 0.55189
8 94 3.20851
8 95 7.23207
8 96 7.29662
8 97 1.35756
8 98 6.00411
8 99 3.2903
9 10 3.66334
9 11 4.322
9 12 7.12638
9 13 8.41721
9 14 8.30425
9 15 3.38526
9 16 3.89898
9 17 5.0478
9 18 5.72504
9 19 4.95426
9 20 0.4812
9 21 5.66353
9 22 5.11018
9 23 7.78376
9 24 0.56241
9 25 2.28738
9 26 0.91867
9 27 4.8248
9 28 3.26143
9 29 8.41018
9 30 5.34006
9 31 1.80055
9 32 3.97844
9 33 6.15259
9 34 5.11377
9 35 1.17759
9 36 4.3989
9 37 7.27834
9 38 6.80887
9 39 5.64597
9 40 2.95854
9 41 6.19004
9 42 3.9314
9 43 2.78565
9 44 7.64275
9 45 4.84721
9 46 3.74562
9 47 2.83422
9 48 0.58786
9 49 6.97489
9 50 5.09241
9 51 5.70506
9 52 1.13683
9 53 7.00415
9 54 6.60769
9 55 5.91247
9 56 7.59411
9 57 4.65075
9 58 4.3255
9 59 4.17802
9 60 6.25933
9 61 6.2684
9 62 5.98941
9 63 7.3002
9 64 8.17278
9 65 1.95508
9 66 5.63148
9 67 0.21114
9 68 4.24562
9 69 0.67123
9 70 8.38956
9 71 7.54562
9 72 5.87172
9 73 2.4253
9 74 6.45222
9 75 7.46949
9 76 8.44116
9 77 5.1613
9 78 2.69645
9 79 6.50228
9 80 2.96696
9 81 4.5167
9 82 3.60563
9 83 8.05117
9 84 1.99733
9 85 2.6631
9 86 0.63096
9 87 0.93853
9 88 6.50923
9 89 5.3946
9 90 4.14127
9 91 5.94541
9 92 5.84347
9 93 7.42779
9 94 6.61372
9 95 8.76277
9 96 4.43838
9 97 3.58531
9 98 8.24362
9 99 7.95867
10 11 3.65795
10 12 8.7957
10 13 2.27092
10 14 3.9881
10 15 1.58282
10 16 0.9108
10 17 5.36439
10 18 0.61512
10 19 7.9241
10 20 4.02348
10 21 6.13506
10 22 0.3345
10 23 1.11338
10 24 6.06378
10 25 2.40901
10 26 1.98244
10 27 6.71997
10 28 7.81479
10 29 3.83361
10 30 8.90743
10 31 0.23415
10 32 5.79879
10 33 8.31184
10 34 8.10822
10 35 3.01822
10 36 0.15193
10 37 4.05356
10 38 6.2604
10 39 7.63973
10 40 0.49929
10 41 4.17224
10 42 3.34594
10 43 5.81154
10 44 7.19849
10 45 7.21031
10 46 2.78219
10 47 7.86195
10 48 1.74822
10 49 0.78357
10 50 2.76455
10 51 5.37089
10 52 0.81536
10 53 3.90429
10 54 4.39364
10 55 4.14338
10 56 4.78199
10 57 6.4019
10 58 8.70467
10 59 2.73068
10 60 3.0598
10 61 4.83653
10 62 5.03182
10 63 1.09975
10 64 5.7191
10 65 3.95732
10 66 7.83162
10 67 3.12499
10 68 2.93215
10 69 2.1966
10 70 5.36522
10 71 8.27516
10 72 2.64013
10 73 6.59703
10 74 5.5731
10 75 6.91982
10 76 4.98412
10 77 8.97623
10 78 4.63983
10 79 8.27006
10 80 2.05859
10 81 6.49616
10 82 5.60284
10 83 7.89705
10 84 6.90252
10 85 1.69772
10 86 3.15851
10 87 2.18143
10 88 3.09178
10 89 4.84257
10 90 5.16705
10 91 7.76527
10 92 1.70455
10 93 8.28191
10 94 3.99586
10 95 8.19348
10 96 7.31432
10 97 2.28987
10 98 4.24807
10 99 4.96704
11 12 3.79283
11 13 4.10529
11 14 6.15048
11 15 1.03944
11 16 0.6837
11 17 0.32847
11 18 4.47838
11 19 3.31567
11 20 6.27174
11 21 6.24273
11 22 7.82768
11 23 8.66648
11 24 3.08815
11 25 0.08485
11 26 0.32931
11 27 1.47005
11 28 4.69082
11 29 8.32252
11 30 5.23794
11 31 1.56293
11 32 0.13243
11 33 1.70169
11 34 7.73103
11 35 1.82452
11 36 3.80431
11 37 7.13244
11 38 3.75469
11 39 4.51996
11 40 7.30726
11 41 7.53794
11 42 3.36004
11 43 1.50197
11 44 7.91606
11 45 2.65154
11 46 0.13875
11 47 5.56939
11 48 1.70486
11 49 1.12813
11 50 7.56644
11 51 5.11904
11 52 5.95771
11 53 6.64026
11 54 7.96376
11 55 3.9419
11 56 8.85208
11 57 8.39957
11 58 3.12404
11 59 0.32972
11 60 1.12398
11 61 4.37765
11 62 2.2838
11 63 5.77329
11 64 5.22604
11 65 6.69996
11 66 0.55512
11 67 7.83947
11 68 0.14781
11 69 6.69758
11 70 3.67969
11 71 5.84209
11 72 8.03767
11 73 7.78952
11 74 1.79276
11 75 4.79137
11 76 4.39619
11 77 7.62708
11 78 0.97857
11 79 2.65693
11 80 1.07892
11 81 6.01364
11 82 3.0385
11 83 8.25245
11 84 5.66206
11 85 5.21688
11 86 5.47126
11 87 0.27926
11 88 4.53756
11 89 6.08051
11 90 2.80394
11 91 1.35123
11 92 2.36579
11 93 7.26536
11 94 4.51123
11 95 8.04331
11 96 0.88818
11 97 6.35834
11 98 6.46296
11 99 4.60843
12 13 7.39661
12 14 3.42575
12 15 3.00967
12 16 6.87315
12 17 3.96181
12 18 7.87227
12 19 0.70221
12 20 1.11114
12 21 7.60915
12 22 1.63154
12 23 1.12225
12 24 0.96436
12 25 7.81204
12 26 4.81213
12 27 3.77229
12 28 5.51093
12 29 4.53386
12 30 5.66302
12 31 6.26803
12 32 0.38068
12 33 6.10811
12 34 6.55207
12 35 0.14921
12 36 1.70522
12 37 8.50142
12 38 0.3712
12 39 2.95701
12 40 5.27547
12 41 5.52836
12 42 0.42706
12 43 7.89676
12 44 2.45961
12 45 2.16416
12 46 7.17979
12 47 5.97607
12 48 8.93178
12 49 6.75232
12 50 2.44215
12 51 1.93718
12 52 3.18756
12 53 5.34235
12 54 7.71256
12 55 5.75218
12 56 5.1843
12 57 4.44655
12 58 2.76897
12 59 1.4375
12 60 1.21476
12 61 5.45072
12 62 0.95638
12 63 8.37965
12 64 1.93742
12 65 5.28236
12 66 4.22196
12 67 3.28184
12 68 4.22712
12 69 4.23882
12 70 0.92155
12 71 0.49412
12 72 1.40471
12 73 0.29851
12 74 7.02099
12 75 3.68787
12 76 1.0419
12 77 0.58848
12 78 8.23122
12 79 8.77179
12 80 7.26259
12 81 7.45244
12 82 5.12574
12 83 7.15594
12 84 5.84605
12 85 0.82599
12 86 1.35438
12 87 0.82928
12 88 1.43328
12 89 8.63504
12 90 2.85528
12 91 2.67947
12 92 1.48581
12 93 5.14797
12 94 0.81554
12 95 7.55673
12 96 0.34545
12 97 1.82443
12 98 1.68305
12 99 0.78456
13 14 6.7998
13 15 5.57544
13 16 0.87227
13 17 2.79853
13 18 8.01086
13 19 6.30311
13 20 1.15891
13 21 2.52463
13 22 5.91584
13 23 2.54111
13 24 2.57574
13 25 3.31797
13 26 3.59768
13 27 8.35698
13 28 7.2006
13 29 4.22946
13 30 5.99863
13 31 2.86446
13 32 5.27529
13 33 0.03465
13 34 4.14434
13 35 8.0317
13 36 1.83062
13 37 3.62075
13 38 8.26787
13 39 0.69887
13 40 6.4218
13 41 8.77577
13 42 4.86578
13 43 6.43128
13 44 5.5211
13 45 1.26623
13 46 5.0732
13 47 8.37587
13 48 2.98956
13 49 2.31765
13 50 7.74962
13 51 7.44333
13 52 6.00687
13 53 5.7909
13 54 6.29912
13 55 3.49073
13 56 7.75477
13 57 0.1234
13 58 2.91192
13 59 5.50705
13 60 7.1006
13 61 5.19301
13 62 2.15329
13 63 2.54185
13 64 4.23273
13 65 6.20553
13 66 5.07166
13 67 6.28723
13 68 4.55512
13 69 3.61048
13 70 6.1737
13 71 7.85212
13 72 1.04699
13 73 7.13252
13 74 1.86503
13 75 3.09338
13 76 3.05113
13 77 8.16401
13 78 2.70505
13 79 6.3945
13 80 8.68606
13 81 7.07164
13 82 4.4826
13 83 8.23559
13 84 7.52513
13 85 8.72669
13 86 4.28176
13 87 2.80827
13 88 0.38599
13 89 0.90083
13 90 1.91974
13 91 2.43693
13 92 1.92007
13 93 8.07224
13 94 8.03045
13 95 8.73314
13 96 3.32627
13 97 5.96607
13 98 1.94735
13 99 8.46
14 15 5.59627
14 16 6.64757
14 17 4.04256
14 18 6.11834
14 19 5.93722
14 20 6.28016
14 21 0.4608
14 22 4.14587
14 23 2.08403
14 24 0.53174
14 25 2.8099
14 26 6.8789
14 27 6.58106
14 28 6.5477
14 29 3.45006
14 30 0.37016
14 31 0.51022
14 32 3.48825
14 33 4.44004
14 34 7.82372
14 35 1.73026
14 36 7.23005
14 37 2.04485
14 38 8.71488
14 39 7.07117
14 40 1.4122
14 41 5.39863
14 42 0.5145
14 43 5.32347
14 44 3.26953
14 45 5.26223
14 46 7.11027
14 47 2.51018
14 48 0.25067
14 49 6.29581
14 50 8.5164
14 51 7.07872
14 52 5.65774
14 53 2.06916
14 54 5.42969
14 55 1.38458
14 56 8.55966
14 57 3.76388
14 58 1.01926
14 59 7.28622
14 60 1.08087
14 61 3.74447
14 62 4.57058
14 63 8.61997
14 64 6.78775
14 65 5.15058
14 66 1.68115
14 67 3.29741
14 68 3.21729
14 69 8.47111
14 70 8.8049
14 71 7.37641
14 72 0.17413
14 73 7.62888
14 74 8.14369
14 75 7.45108
14 76 1.11922
14 77 0.35719
14 78 8.25784
14 79 7.7776
14 80 8.90011
14 81 6.47704
14 82 1.76442
14 83 5.60235
14 84 2.95668
14 85 5.84509
14 86 6.91003
14 87 4.99211
14 88 4.89966
14 89 1.9879
14 90 6.18178
14 91 5.95715
14 92 5.98848
14 93 8.05851
14 94 2.31177
14 95 8.66226
14 96 3.86512
14 97 5.13215
14 98 0.79643
14 99 1.59761
15 16 7.01347
15 17 3.89789
15 18 8.50268
15 19 1.6282
15 20 8.67463
15 21 3.79405
15 22 8.64515
15 23 6.47442
15 24 5.71592
15 25 4.18144
15 26 3.55902
15 27 7.85577
15 28 8.19119
15 29 8.17996
15 30 1.85151
15 31 0.73013
15 32 8.43522
15 33 5.74611
15 34 4.22889
15 35 7.52127
15 36 2.22913
15 37 8.42706
15 38 3.1877
15 39 2.09961
15 40 4.41326
15 41 4.39824
15 42 3.88671
15 43 6.23677
15 44 6.55515
15 45 2.55796
15 46 6.40579
15 47 4.80995
15 48 4.66473
15 49 0.08467
15 50 0.22794
15 51 1.71188
15 52 4.24882
15 53 8.44973
15 54 0.9146
15 55 8.58392
15 56 2.80714
15 57 6.38193
15 58 7.84251
15 59 3.25522
15 60 3.5909
15 61 7.01725
15 62 5.36596
15 63 6.60445
15 64 7.5499
15 65 1.4667
15 66 7.1847
15 67 2.85156
15 68 8.34063
15 69 4.77858
15 70 2.41967
15 71 1.82125
15 72 3.57033
15 73 6.64594
15 74 3.41325
15 75 5.39186
15 76 4.70752
15 77 6.66982
15 78 8.28198
15 79 7.13063
15 80 7.64417
15 81 3.26924
15 82 3.77522
15 83 1.94005
15 84 8.44791
15 85 6.36984
15 86 2.47913
15 87 7.2398
15 88 0.569
15 89 5.18402
15 90 1.05453
15 91 8.69543
15 92 6.03924
15 93 0.61459
15 94 3.8674
15 95 0.31071
15 96 6.29067
15 97 3.46522
15 98 0.94753
15 99 4.50086
16 17 6.77063
16 18 0.36788
16 19 4.96399
16 20 3.79891
16 21 3.77135
16 22 4.84124
16 23 5.99292
16 24 8.20885
16 25 7.54959
16 26 0.51004
16 27 2.5099
16 28 4.55336
16 29 4.37462
16 30 6.69985
16 31 6.61032
16 32 8.69484
16 33 2.31401
16 34 3.95215
16 35 2.02662
16 36 0.17713
16 37 0.79065
16 38 0.96255
16 39 6.78246
16 40 0.54863
16 41 3.37036
16 42 8.84877
16 43 4.13431
16 44 5.37491
16 45 4.96962
16 46 6.1434
16 47 4.49637
16 48 2.7345
16 49 6.84308
16 50 8.43664
16 51 8.64866
16 52 2.54628
16 53 4.89292
16 54 2.62856
16 55 0.02933
16 56 8.3652
16 57 6.13
16 58 3.22622
16 59 4.35028
16 60 5.37035
16 61 7.94362
16 62 8.85397
16 63 0.40629
16 64 0.51249
16 65 4.67019
16 66 6.92473
16 67 7.78616
16 68 4.78751
16 69 8.23522
16 70 8.90878
16 71 0.50775
16 72 1.66193
16 73 5.93321
16 74 1.90745
16 75 7.55103
16 76 5.26851
16 77 7.90575
16 78 8.56788
16 79 4.94275
16 80 1.8761
16 81 7.33764
16 82 0.34731
16 83 0.12935
16 84 8.4024
16 85 7.8731
16 86 8.35486
16 87 4.91005
16 88 6.0098
16 89 2.43806
16 90 7.90482
16 91 0.00932
16 92 8.76308
16 93 6.08982
16 94 1.82354
16 95 8.646
16 96 1.88418
16 97 8.51371
16 98 5.15108
16 99 2.11956
17 18 6.28956
17 19 5.61322
17 20 5.68627
17 21 2.65075
17 22 8.59384
17 23 5.71562
17 24 6.42671
17 25 5.69302
17 26 7.53428
17 27 1.69834
17 28 5.49811
17 29 3.35827
17 30 1.00351
17 31 5.54633
17 32 3.03253
17 33 4.54747
17 34 1.56701
17 35 7.45862
17 36 5.94782
17 37 3.48134
17 38 1.74369
17 39 8.29911
17 40 3.14271
17 41 5.08271
17 42 4.1662
17 43 5.03735
17 44 0.48629
17 45 0.24903
17 46 1.72624
17 47 1.40896
17 48 5.98739
17 49 2.78541
17 50 5.20645
17 51 5.76635
17 52 3.63227
17 53 6.66393
17 54 3.20979
17 55 4.46323
17 56 2.93504
17 57 5.8313
17 58 8.88388
17 59 5.96655
17 60 2.6452
17 61 7.09915
17 62 7.88931
17 63 6.86028
17 64 8.85327
17 65 0.82128
17 66 5.33392
17 67 6.00931
17 68 4.00981
17 69 6.40986
17 70 8.48255
17 71 3.42516
17 72 5.39076
17 73 8.663
17 74 2.44355
17 75 8.22784
17 76 7.96256
17 77 8.64163
17 78 2.32781
17 79 6.10745
17 80 2.90017
17 81 8.27247
17 82 0.71767
17 83 7.8749
17 84 0.86794
17 85 5.12513
17 86 6.95797
17 87 8.64235
17 88 5.81689
17 89 1.25714
17 90 8.74832
17 91 2.69095
17 92 3.69347
17 93 1.39296
17 94 1.59115
17 95 2.62958
17 96 4.70156
17 97 2.28283
17 98 5.90793
17 99 2.84668
18 19 0.24036
18 20 8.14968
18 21 1.51645
18 22 3.41101
18 23 5.8961
18 24 2.6241
18 25 4.33593
18 26 8.66337
18 27 4.69839
18 28 4.33873
18 29 5.97574
18 30 4.43029
18 31 5.41582
18 32 1.28035
18 33 1.61655
18 34 5.50137
18 35 0.8349
18 36 4.91637
18 37 0.29827
18 38 0.97086
18 39 7.72729
18 40 8.35526
18 41 3.65782
18 42 3.51668
18 43 3.86377
18 44 8.48261
18 45 3.47131
18 46 6.42119
18 47 6.93
18 48 5.38185
18 49 6.22604
18 50 2.99756
18 51 2.21925
18 52 6.21565
18 53 6.54386
18 54 2.29338
18 55 2.72815
18 56 4.03202
18 57 3.39714
18 58 7.86641
18 59 5.78026
18 60 3.721
18 61 3.8204
18 62 0.48484
18 63 7.82424
18 64 6.21635
18 65 2.11346
18 66 0.04282
18 67 2.3751
18 68 2.79738
18 69 6.5341
18 70 3.39428
18 71 1.32609
18 72 3.97186
18 73 7.53423
18 74 7.84602
18 75 0.45362
18 76 6.40501
18 77 5.54391
18 78 3.2518
18 79 4.54777
18 80 6.54577
18 81 7.97995
18 82 4.73067
18 83 6.79318
18 84 4.23615
18 85 0.67675
18 86 7.04751
18 87 2.17655
18 88 6.90764
18 89 4.12853
18 90 3.24255
18 91 0.17388
18 92 6.04346
18 93 1.68457
18 94 8.59154
18 95 4.11174
18 96 3.30754
18 97 6.07965
18 98 4.10784
18 99 0.48832
19 20 5.09179
19 21 3.71922
19 22 8.84798
19 23 7.13098
19 24 3.3139
19 25 5.63223
19 26 8.33745
19 27 3.53056
19 28 5.39711
19 29 7.80966
19 30 8.95847
19 31 2.64085
19 32 4.46984
19 33 1.85197
19 34 0.48261
19 35 8.78422
19 36 1.79385
19 37 3.36349
19 38 2.12161
19 39 5.32744
19 40 4.82042
19 41 2.27673
19 42 3.12071
19 43 4.37608
19 44 6.45715
19 45 7.89145
19 46 3.0944
19 47 5.88784
19 48 7.97615
19 49 8.35936
19 50 0.39336
19 51 1.74986
19 52 1.80245
19 53 3.40563
19 54 6.66308
19 55 3.29959
19 56 6.43428
19 57 5.98126
19 58 3.47187
19 59 5.98219
19 60 6.98649
19 61 4.3613
19 62 7.42149
19 63 8.76566
19 64 5.30493
19 65 7.78838
19 66 0.09991
19 67 4.77439
19 68 2.21617
19 69 0.10017
19 70 0.88897
19 71 8.19717
19 72 0.69363
19 73 5.40466
19 74 3.62948
19 75 2.99084
19 76 3.13289
19 77 3.33331
19 78 0.49002
19 79 7.62931
19 80 8.4069
19 81 5.82831
19 82 3.17527
19 83 3.54943
19 84 7.78563
19 85 1.05768
19 86 8.19309
19 87 8.26569
19 88 6.40123
19 89 3.39334
19 90 5.80739
19 91 5.71061
19 92 0.12028
19 93 7.72226
19 94 3.55753
19 95 7.04923
19 96 8.9214
19 97 5.62688
19 98 4.76966
19 99 3.80394
20 21 5.63419
20 22 4.33477
20 23 3.06493
20 24 6.08475
20 25 1.20791
20 26 5.50761
20 27 1.05811
20 28 7.36895
20 29 1.9691
20 30 5.3971
20 31 0.37566
20 32 1.74962
20 33 3.28826
20 34 1.41016
20 35 2.20832
20 36 7.12184
20 37 4.74993
20 38 5.31259
20 39 5.56059
20 40 1.56581
20 41 2.67172
20 42 2.30595
20 43 0.12101
20 44 5.13103
20 45 3.38448
20 46 6.40475
20 47 3.48414
20 48 0.03409
20 49 4.24681
20 50 8.60224
20 51 2.94767
20 52 0.27824
20 53 7.5745
20 54 2.01391
20 55 6.86251
20 56 1.27714
20 57 2.24379
20 58 3.3561
20 59 5.32183
20 60 8.56371
20 61 7.02084
20 62 5.86496
20 63 6.35304
20 64 3.54354
20 65 1.04284
20 66 5.32285
20 67 7.55871
20 68 2.98063
20 69 6.58777
20 70 1.81059
20 71 4.25896
20 72 3.28664
20 73 3.03744
20 74 3.18674
20 75 1.44044
20 76 8.80375
20 77 5.25339
20 78 0.56815
20 79 3.69521
20 80 7.61676
20 81 0.19201
20 82 7.35921
20 83 1.42741
20 84 3.05695
20 85 4.97425
20 86 2.3003
20 87 8.9146
20 88 4.76675
20 89 8.74039
20 90 2.58598
20 91 7.27896
20 92 0.30746
20 93 1.94888
20 94 4.47023
20 95 7.54574
20 96 8.8621
20 97 7.14499
20 98 2.03652
20 99 0.27503
21 22 6.47655
21 23 5.23379
21 24 7.76547
21 25 4.07538
21 26 2.42125
21 27 0.72606
21 28 6.43831
21 29 5.38077
21 30 3.19257
21 31 6.96343
21 32 3.88023
21 33 6.26731
21 34 1.419
21 35 8.70678
21 36 3.31406
21 37 8.38241
21 38 8.5158
21 39 2.98298
21 40 3.36213
21 41 6.1856
21 42 1.82123
21 43 3.86494
21 44 4.59972
21 45 1.97014
21 46 2.25755
21 47 3.5834
21 48 4.53534
21 49 2.64844
21 50 1.65835
21 51 7.81208
21 52 2.08941
21 53 4.02137
21 54 3.65366
21 55 6.67069
21 56 6.11145
21 57 7.13864
21 58 2.36455
21 59 8.41017
21 60 4.45112
21 61 2.12205
21 62 4.25064
21 63 6.71202
21 64 1.50113
21 65 8.75242
21 66 4.62139
21 67 4.42394
21 68 5.86013
21 69 0.60273
21 70 8.90073
21 71 1.83656
21 72 8.14666
21 73 8.11444
21 74 4.23753
21 75 0.29842
21 76 8.79487
21 77 4.90946
21 78 4.15745
21 79 0.05693
21 80 7.66784
21 81 1.19012
21 82 1.57903
21 83 0.14214
21 84 5.11411
21 85 5.07225
21 86 5.69119
21 87 5.0423
21 88 8.28686
21 89 6.86548
21 90 4.16533
21 91 1.84626
21 92 5.37146
21 93 3.85477
21 94 1.10288
21 95 1.37826
21 96 0.61699
21 97 2.07663
21 98 5.46296
21 99 5.47578
22 23 5.77093
22 24 6.6871
22 25 6.5752
22 26 6.35997
22 27 2.1602
22 28 8.33717
22 29 6.84934
22 30 0.97614
22 31 6.72541
22 32 2.72092
22 33 7.37412
22 34 8.57316
22 35 6.1414
22 36 1.99575
22 37 2.76384
22 38 8.08469
22 39 2.57225
22 40 1.80263
22 41 2.85797
22 42 7.87364
22 43 8.62404
22 44 4.68913
22 45 7.42961
22 46 2.41116
22 47 8.39495
22 48 8.91288
22 49 4.81312
22 50 8.51127
22 51 6.58698
22 52 0.0954
22 53 8.32111
22 54 7.36804
22 55 5.38438
22 56 5.2975
22 57 2.86961
22 58 6.44143
22 59 2.02999
22 60 0.69374
22 61 2.55304
22 62 6.27927
22 63 0.8431
22 64 7.99906
22 65 0.57563
22 66 4.44578
22 67 6.36282
22 68 5.60597
22 69 2.60707
22 70 1.22004
22 71 0.92502
22 72 3.84398
22 73 8.82609
22 74 3.6194
22 75 8.40863
22 76 7.53549
22 77 2.7373
22 78 4.0644
22 79 5.71263
22 80 2.08444
22 81 6.62094
22 82 1.42583
22 83 7.25477
22 84 3.76715
22 85 5.66434
22 86 4.49543
22 87 8.7913
22 88 8.60053
22 89 4.97254
22 90 0.40701
22 91 5.02775
22 92 5.10135
22 93 3.54186
22 94 1.56163
22 95 4.29379
22 96 4.45658
22 97 6.01525
22 98 5.24136
22 99 3.18823
23 24 3.9054
23 25 0.42645
23 26 6.46073
23 27 1.06326
23 28 5.91161
23 29 6.61719
23 30 0.01624
23 31 3.82915
23 32 7.80377
23 33 8.00289
23 34 1.07818
23 35 7.6433
23 36 3.84126
23 37 2.7975
23 38 2.1388
23 39 6.71851
23 40 0.311
23 41 6.28027
23 42 5.14022
23 43 2.13239
23 44 3.70828
23 45 6.52686
23 46 0.31122
23 47 6.3159
23 48 0.86985
23 49 3.82501
23 50 3.78315
23 51 4.00595
23 52 7.90785
23 53 3.29574
23 54 3.72656
23 55 2.50339
23 56 7.79613
23 57 6.28767
23 58 7.70776
23 59 0.64776
23 60 6.55739
23 61 4.89432
23 62 3.32023
23 63 4.32321
23 64 4.2589
23 65 6.50207
23 66 5.25164
23 67 8.50194
23 68 5.966
23 69 5.00644
23 70 6.38612
23 71 4.73249
23 72 0.51329
23 73 0.73855
23 74 0.83964
23 75 4.88892
23 76 8.72036
23 77 5.43614
23 78 1.62839
23 79 2.54966
23 80 1.30807
23 81 6.59644
23 82 1.87278
23 83 8.07213
23 84 6.66151
23 85 0.17764
23 86 2.92035
23 87 6.65957
23 88 1.39796
23 89 1.58981
23 90 0.07495
23 91 0.56944
23 92 3.01108
23 93 5.70735
23 94 3.59594
23 95 3.99383
23 96 4.4853
23 97 4.89613
23 98 3.50679
23 99 1.56534
24 25 1.64243
24 26 1.31279
24 27 0.91448
24 28 8.8303
24 29 1.40363
24 30 6.91856
24 31 5.7354
24 32 4.18388
24 33 0.14231
24 34 4.55786
24 35 1.4065
24 36 0.22811
24 37 5.86386
24 38 6.73467
24 39 6.88055
24 40 0.51285
24 41 6.10024
24 42 3.63594
24 43 0.05522
24 44 8.22693
24 45 2.95812
24 46 2.93908
24 47 3.64907
24 48 4.86796
24 49 6.72022
24 50 0.2848
24 51 5.59726
24 52 1.15403
24 53 0.23465
24 54 0.44592
24 55 8.45719
24 56 5.97994
24 57 2.2338
24 58 3.50445
24 59 4.84179
24 60 0.29301
24 61 8.09748
24 62 8.79091
24 63 7.35241
24 64 5.77368
24 65 8.69716
24 66 1.67241
24 67 1.41421
24 68 2.47267
24 69 8.00352
24 70 3.61214
24 71 5.48571
24 72 3.71411
24 73 8.64161
24 74 8.07037
24 75 7.58545
24 76 2.02271
24 77 2.76695
24 78 7.77978
24 79 8.62024
24 80 4.04966
24 81 4.79705
24 82 7.8945
24 83 6.56471
24 84 2.57319
24 85 7.43879
24 86 8.90914
24 87 2.02595
24 88 2.11462
24 89 4.11935
24 90 1.07794
24 91 8.80651
24 92 8.84885
24 93 2.82326
24 94 8.99921
24 95 3.41449
24 96 6.52469
24 97 4.35352
24 98 6.11772
24 99 5.25571
25 26 0.81264
25 27 7.38452
25 28 5.79438
25 29 8.97635
25 30 0.23885
25 31 6.44621
25 32 7.74021
25 33 8.19308
25 34 5.80378
25 35 1.38044
25 36 5.84423
25 37 1.36094
25 38 0.55118
25 39 6.61479
25 40 4.41438
25 41 5.51874
25 42 0.73742
25 43 3.55228
25 44 7.01385
25 45 5.1536
25 46 3.19781
25 47 7.68255
25 48 4.80765
25 49 7.95025
25 50 3.58306
25 51 6.1936
25 52 3.6788
25 53 0.56059
25 54 2.74173
25 55 8.57596
25 56 0.73997
25 57 2.24213
25 58 4.04685
25 59 5.65853
25 60 8.51266
25 61 5.92151
25 62 6.46086
25 63 8.0862
25 64 6.97227
25 65 6.27753
25 66 8.19927
25 67 5.67988
25 68 7.40695
25 69 5.58688
25 70 2.99704
25 71 3.96499
25 72 4.82875
25 73 4.75577
25 74 3.6751
25 75 5.08249
25 76 0.90873
25 77 8.35078
25 78 0.4872
25 79 0.24597
25 80 6.97143
25 81 0.44533
25 82 2.11801
25 83 2.15642
25 84 0.3378
25 85 3.37359
25 86 1.98644
25 87 0.41
25 88 4.20265
25 89 0.84037
25 90 1.81315
25 91 4.59224
25 92 0.93799
25 93 0.25156
25 94 5.17673
25 95 6.49923
25 96 7.72897
25 97 2.12176
25 98 8.2451
25 99 7.70345
26 27 8.42877
26 28 6.43471
26 29 5.06772
26 30 2.77927
26 31 8.99736
26 32 6.26997
26 33 0.87234
26 34 4.32866
26 35 6.87702
26 36 6.14285
26 37 5.84021
26 38 0.62973
26 39 7.48918
26 40 7.70779
26 41 7.48548
26 42 4.91117
26 43 8.08816
26 44 0.02081
26 45 0.65089
26 46 6.14649
26 47 0.19633
26 48 0.20949
26 49 4.43222
26 50 7.01641
26 51 5.10185
26 52 5.33019
26 53 0.98127
26 54 2.984
26 55 3.5005
26 56 2.00658
26 57 0.23705
26 58 2.1908
26 59 5.26602
26 60 1.45803
26 61 1.99515
26 62 6.53809
26 63 4.9314
26 64 0.27596
26 65 1.61927
26 66 8.69435
26 67 1.61724
26 68 0.46344
26 69 6.78837
26 70 6.07526
26 71 4.59141
26 72 8.12654
26 73 1.97568
26 74 5.82969
26 75 7.43981
26 76 6.36385
26 77 3.94814
26 78 6.40379
26 79 3.64052
26 80 0.41817
26 81 6.89676
26 82 2.72331
26 83 6.91221
26 84 1.36092
26 85 4.55134
26 86 7.38626
26 87 8.0376
26 88 5.14881
26 89 3.47662
26 90 4.581
26 91 4.64198
26 92 5.135
26 93 7.99525
26 94 3.51329
26 95 7.47898
26 96 1.11281
26 97 4.02241
26 98 6.78244
26 99 6.53396
27 28 6.17762
27 29 1.3411
27 30 1.348
27 31 8.33577
27 32 7.31106
27 33 1.10405
27 34 7.47086
27 35 3.55334
27 36 5.22214
27 37 1.9421
27 38 3.07719
27 39 1.59512
27 40 0.684
27 41 1.6544
27 42 7.11847
27 43 2.93975
27 44 1.21336
27 45 0.23259
27 46 1.79655
27 47 4.15526
27 48 7.26797
27 49 3.339
27 50 4.7899
27 51 4.39008
27 52 3.30853
27 53 1.71855
27 54 8.84111
27 55 7.3428
27 56 5.71394
27 57 7.74136
27 58 6.83815
27 59 5.23896
27 60 2.61126
27 61 2.61804
27 62 8.49618
27 63 4.87547
27 64 2.28894
27 65 1.15836
27 66 0.43637
27 67 4.20074
27 68 2.28076
27 69 1.29915
27 70 3.08607
27 71 5.07965
27 72 8.62724
27 73 0.0607
27 74 6.73595
27 75 1.7531
27 76 4.31082
27 77 1.23843
27 78 1.12649
27 79 7.94063
27 80 5.15179
27 81 0.38641
27 82 7.36816
27 83 2.43476
27 84 0.02165
27 85 4.37934
27 86 3.18267
27 87 5.80731
27 88 2.07877
27 89 0.82634
27 90 3.40569
27 91 3.66845
27 92 1.75842
27 93 6.31062
27 94 8.99188
27 95 0.55498
27 96 2.18558
27 97 5.28275
27 98 5.09699
27 99 2.60788
28 29 1.964
28 30 0.80928
28 31 5.73834
28 32 0.11405
28 33 1.30177
28 34 7.53485
28 35 2.97259
28 36 8.96916
28 37 1.66034
28 38 6.24751
28 39 5.81082
28 40 1.81117
28 41 7.42345
28 42 5.1522
28 43 2.55932
28 44 8.56585
28 45 6.15639
28 46 6.10687
28 47 4.26641
28 48 7.89802
28 49 2.6434
28 50 6.81896
28 51 3.79406
28 52 0.34387
28 53 1.94198
28 54 4.38088
28 55 5.03562
28 56 3.30284
28 57 4.6107
28 58 6.16619
28 59 7.35359
28 60 5.49127
28 61 8.83396
28 62 8.21421
28 63 3.76359
28 64 3.68183
28 65 3.49395
28 66 2.01317
28 67 1.42111
28 68 8.1871
28 69 4.91446
28 70 4.58208
28 71 8.17356
28 72 3.24638
28 73 3.08723
28 74 1.20408
28 75 8.33713
28 76 3.56828
28 77 3.32865
28 78 0.74805
28 79 2.69628
28 80 8.7937
28 81 7.75574
28 82 0.87787
28 83 8.26351
28 84 2.67733
28 85 4.53831
28 86 8.98772
28 87 7.67444
28 88 6.13518
28 89 5.1847
28 90 0.69569
28 91 8.66508
28 92 0.11347
28 93 0.9964
28 94 3.65319
28 95 2.42322
28 96 2.31151
28 97 0.91661
28 98 2.33369
28 99 0.68996
29 30 4.23603
29 31 4.19214
29 32 7.33506
29 33 0.94349
29 34 2.94963
29 35 1.16444
29 36 4.29502
29 37 2.6495
29 38 0.8525
29 39 4.91822
29 40 7.89932
29 41 0.38713
29 42 0.63443
29 43 3.61888
29 44 7.47264
29 45 2.57577
29 46 7.86877
29 47 6.97963
29 48 0.12682
29 49 3.63859
29 50 4.2555
29 51 0.32077
29 52 1.84225
29 53 6.4509
29 54 2.2601
29 55 6.21767
29 56 6.94839
29 57 6.09371
29 58 4.08033
29 59 3.97754
29 60 0.67977
29 61 7.60456
29 62 0.55047
29 63 3.07111
29 64 7.13752
29 65 4.04592
29 66 3.0747
29 67 7.36299
29 68 1.13256
29 69 2.27392
29 70 8.511
29 71 6.06055
29 72 7.71449
29 73 7.5401
29 74 1.75349
29 75 1.77953
29 76 2.56246
29 77 6.5244
29 78 5.7148
29 79 5.11352
29 80 1.52267
29 81 1.87874
29 82 0.49103
29 83 2.53273
29 84 6.29269
29 85 0.59948
29 86 4.55428
29 87 7.59216
29 88 8.49983
29 89 4.11829
29 90 2.59762
29 91 8.17019
29 92 2.29985
29 93 0.22017
29 94 3.98233
29 95 6.58379
29 96 6.39757
29 97 6.41268
29 98 7.9206
29 99 3.88422
30 31 4.00444
30 32 4.37467
30 33 2.21019
30 34 2.95595
30 35 5.43393
30 36 8.37797
30 37 2.26579
30 38 4.39154
30 39 6.9243
30 40 4.20722
30 41 1.82218
30 42 0.17071
30 43 5.58828
30 44 0.83734
30 45 4.68624
30 46 2.97541
30 47 4.00384
30 48 6.33081
30 49 4.54472
30 50 1.72112
30 51 2.44015
30 52 3.58757
30 53 6.03339
30 54 4.86266
30 55 5.70623
30 56 3.20386
30 57 2.44486
30 58 2.25735
30 59 8.34247
30 60 8.36719
30 61 8.78127
30 62 3.34957
30 63 6.63875
30 64 7.25153
30 65 2.78567
30 66 6.03971
30 67 1.39683
30 68 7.07722
30 69 3.82012
30 70 8.45748
30 71 2.96964
30 72 2.94869
30 73 1.2793
30 74 4.32087
30 75 2.26772
30 76 8.2698
30 77 3.78742
30 78 1.99683
30 79 3.30678
30 80 4.99788
30 81 8.25987
30 82 4.02485
30 83 6.03592
30 84 7.16043
30 85 2.73965
30 86 5.12564
30 87 2.78493
30 88 1.36963
30 89 0.42595
30 90 6.39127
30 91 2.82375
30 92 4.65286
30 93 0.04246
30 94 8.80454
30 95 2.35723
30 96 7.24915
30 97 2.39239
30 98 0.03996
30 99 3.14232
31 32 3.55961
31 33 2.3731
31 34 4.14793
31 35 7.34699
31 36 4.51949
31 37 4.84127
31 38 0.80471
31 39 8.31802
31 40 2.70143
31 41 6.22592
31 42 8.49348
31 43 4.27644
31 44 4.80527
31 45 4.29183
31 46 2.80677
31 47 0.8655
31 48 3.33004
31 49 8.65828
31 50 5.98629
31 51 4.97104
31 52 6.33958
31 53 0.7275
31 54 8.25551
31 55 4.71891
31 56 3.18374
31 57 6.25582
31 58 1.30351
31 59 1.14071
31 60 8.22817
31 61 2.31993
31 62 3.17444
31 63 5.87659
31 64 5.811
31 65 7.53676
31 66 7.86009
31 67 4.89405
31 68 3.88109
31 69 1.35159
31 70 7.94183
31 71 2.06949
31 72 0.61589
31 73 2.3621
31 74 3.08152
31 75 7.90944
31 76 1.88107
31 77 0.1387
31 78 3.58995
31 79 5.17572
31 80 5.92494
31 81 4.10258
31 82 5.33089
31 83 0.48355
31 84 7.31646
31 85 8.19893
31 86 6.93439
31 87 3.61377
31 88 2.15012
31 89 8.65423
31 90 2.34445
31 91 8.43595
31 92 2.47725
31 93 2.09674
31 94 3.13708
31 95 0.98844
31 96 4.42313
31 97 0.94184
31 98 5.79432
31 99 6.53444
32 33 7.33529
32 34 7.67004
32 35 1.99234
32 36 6.95755
32 37 8.0356
32 38 2.93227
32 39 0.95443
32 40 5.05824
32 41 1.63346
32 42 5.44665
32 43 8.40514
32 44 1.64733
32 45 6.45555
32 46 7.17098
32 47 8.83073
32 48 2.82057
32 49 0.69565
32 50 3.11886
32 51 4.80024
32 52 6.26532
32 53 2.5389
32 54 3.74766
32 55 2.97964
32 56 2.95865
32 57 2.99758
32 58 2.67237
32 59 8.68309
32 60 1.22977
32 61 0.19969
32 62 2.07288
32 63 4.66061
32 64 2.45755
32 65 2.4562
32 66 3.64288
32 67 4.09372
32 68 1.03976
32 69 6.39182
32 70 8.50455
32 71 2.36503
32 72 7.0687
32 73 2.30455
32 74 5.26593
32 75 0.60689
32 76 3.23438
32 77 1.28244
32 78 3.42903
32 79 8.848
32 80 2.96931
32 81 6.73774
32 82 0.7012
32 83 7.77174
32 84 8.49992
32 85 8.1956
32 86 3.00912
32 87 0.80535
32 88 3.52516
32 89 8.15669
32 90 7.88194
32 91 5.80963
32 92 3.67787
32 93 2.92029
32 94 5.26647
32 95 1.67952
32 96 6.22298
32 97 2.72622
32 98 3.8595
32 99 4.49705
33 34 0.84858
33 35 5.61394
33 36 8.31463
33 37 6.53861
33 38 3.05329
33 39 0.79582
33 40 8.8941
33 41 5.13243
33 42 0.60525
33 43 8.27812
33 44 6.33617
33 45 8.96086
33 46 6.56764
33 47 6.12628
33 48 2.77251
33 49 2.27037
33 50 0.37047
33 51 2.31819
33 52 4.40358
33 53 5.79609
33 54 6.38463
33 55 8.71354
33 56 6.26358
33 57 5.66681
33 58 7.86136
33 59 5.92391
33 60 6.6294
33 61 0.06703
33 62 5.81853
33 63 8.38748
33 64 0.28173
33 65 8.76657
33 66 7.63017
33 67 5.90984
33 68 7.57413
33 69 0.7583
33 70 2.05716
33 71 7.31436
33 72 2.46817
33 73 0.17917
33 74 4.68691
33 75 0.75388
33 76 4.49975
33 77 8.74925
33 78 0.42549
33 79 3.01903
33 80 7.37196
33 81 8.84772
33 82 6.54338
33 83 0.86078
33 84 5.05336
33 85 3.19764
33 86 3.79851
33 87 5.19535
33 88 7.17017
33 89 3.21002
33 90 0.82204
33 91 1.85879
33 92 4.25964
33 93 3.97066
33 94 4.79071
33 95 3.02029
33 96 5.86694
33 97 3.49675
33 98 3.41922
33 99 8.58899
34 35 7.33046
34 36 7.06738
34 37 6.29655
34 38 7.06723
34 39 5.29247
34 40 1.50343
34 41 2.69358
34 42 0.51856
34 43 5.59502
34 44 8.23038
34 45 1.82479
34 46 2.75663
34 47 8.45985
34 48 1.27914
34 49 1.46489
34 50 2.57467
34 51 4.63014
34 52 2.14765
34 53 6.40301
34 54 8.7272
34 55 3.88326
34 56 1.42251
34 57 7.26151
34 58 2.73149
34 59 7.91385
34 60 4.18438
34 61 0.54665
34 62 8.00646
34 63 0.61651
34 64 0.0797
34 65 5.49774
34 66 3.83098
34 67 7.06231
34 68 5.62819
34 69 2.6599
34 70 2.02296
34 71 7.9053
34 72 5.13278
34 73 0.40667
34 74 6.26258
34 75 0.68707
34 76 8.63495
34 77 7.67666
34 78 1.77756
34 79 0.25218
34 80 8.46611
34 81 5.44935
34 82 4.42186
34 83 5.21214
34 84 0.7447
34 85 3.37667
34 86 8.40677
34 87 1.50351
34 88 0.34064
34 89 0.72052
34 90 8.2293
34 91 0.05212
34 92 0.02054
34 93 6.29829
34 94 2.47053
34 95 7.89908
34 96 3.99593
34 97 3.52016
34 98 5.46394
34 99 0.92059
35 36 2.58553
35 37 1.41805
35 38 4.74262
35 39 6.82829
35 40 6.58065
35 41 5.53645
35 42 5.73563
35 43 3.21656
35 44 8.58224
35 45 2.99465
35 46 8.60872
35 47 2.08377
35 48 0.73564
35 49 3.80606
35 50 0.52519
35 51 5.96354
35 52 3.88282
35 53 1.41966
35 54 8.29868
35 55 7.18292
35 56 3.77765
35 57 0.1818
35 58 1.27683
35 59 5.14791
35 60 1.26995
35 61 8.1089
35 62 6.81946
35 63 1.08696
35 64 1.51466
35 65 6.37757
35 66 1.31462
35 67 6.23333
35 68 1.87835
35 69 3.36085
35 70 2.86602
35 71 1.35357
35 72 6.13397
35 73 4.70592
35 74 0.02056
35 75 7.94151
35 76 6.15385
35 77 3.19354
35 78 8.16156
35 79 2.50896
35 80 4.50738
35 81 6.77555
35 82 5.06786
35 83 3.56067
35 84 6.88836
35 85 6.79184
35 86 3.83439
35 87 0.09021
35 88 8.39484
35 89 5.30793
35 90 0.91746
35 91 2.18991
35 92 7.27456
35 93 3.70873
35 94 3.03675
35 95 6.54331
35 96 7.48545
35 97 7.11998
35 98 0.23756
35 99 4.93984
36 37 7.61602
36 38 8.99508
36 39 1.4394
36 40 5.8931
36 41 6.46368
36 42 7.83267
36 43 7.88882
36 44 5.33589
36 45 3.81329
36 46 0.17003
36 47 7.49075
36 48 8.36178
36 49 5.0174
36 50 1.81988
36 51 3.46933
36 52 5.97465
36 53 2.86567
36 54 3.73942
36 55 3.49442
36 56 4.27374
36 57 6.52339
36 58 2.07976
36 59 7.0191
36 60 1.33762
36 61 8.86912
36 62 5.0031
36 63 4.0405
36 64 2.6435
36 65 6.35184
36 66 5.23161
36 67 7.92819
36 68 8.42639
36 69 2.45607
36 70 2.0716
36 71 8.25262
36 72 7.13981
36 73 2.23147
36 74 8.90943
36 75 1.65581
36 76 0.3155
36 77 8.86975
36 78 5.89953
36 79 4.91791
36 80 0.59733
36 81 3.74252
36 82 7.76776
36 83 7.37483
36 84 3.30684
36 85 3.93964
36 86 5.23815
36 87 8.71016
36 88 6.8592
36 89 8.75301
36 90 4.39212
36 91 7.90682
36 92 7.4899
36 93 8.95013
36 94 1.06732
36 95 8.27654
36 96 6.73852
36 97 3.22256
36 98 8.15133
36 99 5.14245
37 38 5.78961
37 39 1.86702
37 40 6.95378
37 41 1.95504
37 42 5.70253
37 43 5.104
37 44 0.60685
37 45 3.94702
37 46 5.0568
37 47 4.46185
37 48 5.6237
37 49 3.52686
37 50 7.99212
37 51 5.05379
37 52 0.72707
37 53 3.62961
37 54 6.41678
37 55 7.94135
37 56 0.64197
37 57 3.41918
37 58 1.57057
37 59 7.19029
37 60 3.33207
37 61 2.28665
37 62 5.19006
37 63 6.88189
37 64 0.2866
37 65 0.73956
37 66 6.36329
37 67 5.80601
37 68 8.56285
37 69 8.37318
37 70 1.03281
37 71 5.93597
37 72 6.77705
37 73 4.9092
37 74 4.26546
37 75 8.09143
37 76 5.54007
37 77 3.78826
37 78 1.56968
37 79 1.27172
37 80 8.44776
37 81 0.70745
37 82 6.10002
37 83 8.88284
37 84 8.11639
37 85 1.24123
37 86 6.0191
37 87 0.97532
37 88 8.17751
37 89 3.59816
37 90 7.58866
37 91 5.59576
37 92 4.07356
37 93 5.08697
37 94 5.04954
37 95 1.48906
37 96 7.97065
37 97 1.95717
37 98 0.74364
37 99 0.87553
38 39 3.62582
38 40 0.20254
38 41 6.45758
38 42 4.99447
38 43 3.33706
38 44 4.74307
38 45 5.29931
38 46 8.01942
38 47 8.95726
38 48 2.93142
38 49 5.91665
38 50 7.76056
38 51 1.44279
38 52 3.09777
38 53 3.53183
38 54 0.79765
38 55 1.21319
38 56 6.87173
38 57 2.9257
38 58 1.66123
38 59 5.88452
38 60 1.39748
38 61 3.42449
38 62 8.64201
38 63 1.5119
38 64 6.04829
38 65 4.63286
38 66 7.91236
38 67 3.529
38 68 1.61152
38 69 0.39891
38 70 3.25981
38 71 4.0528
38 72 1.37306
38 73 5.67295
38 74 5.53347
38 75 0.75504
38 76 2.39824
38 77 0.99834
38 78 0.10851
38 79 7.87649
38 80 0.63135
38 81 7.02689
38 82 7.50148
38 83 2.33356
38 84 1.64698
38 85 7.09764
38 86 2.87467
38 87 0.53146
38 88 3.82616
38 89 6.51548
38 90 5.88181
38 91 4.20515
38 92 5.52977
38 93 1.14511
38 94 7.6217
38 95 6.98434
38 96 3.62515
38 97 5.43684
38 98 2.20971
38 99 6.79307
39 40 4.08709
39 41 1.51698
39 42 5.66544
39 43 3.70838
39 44 0.89666
39 45 1.40297
39 46 7.45687
39 47 0.73915
39 48 0.83907
39 49 2.47795
39 50 4.07571
39 51 8.08353
39 52 5.44691
39 53 5.04158
39 54 2.31462
39 55 5.34747
39 56 4.52029
39 57 4.56115
39 58 7.17242
39 59 6.16059
39 60 7.99313
39 61 0.37363
39 62 5.19121
39 63 0.56466
39 64 4.04844
39 65 6.06321
39 66 5.44336
39 67 3.17054
39 68 1.92461
39 69 3.00217
39 70 1.57354
39 71 8.5608
39 72 6.36381
39 73 7.27702
39 74 1.71178
39 75 3.55474
39 76 2.43344
39 77 3.13466
39 78 6.64452
39 79 3.25791
39 80 8.79649
39 81 0.90181
39 82 4.43637
39 83 7.5785
39 84 1.30261
39 85 1.89887
39 86 6.58386
39 87 3.12468
39 88 3.94104
39 89 2.37883
39 90 3.9841
39 91 6.14941
39 92 7.66233
39 93 4.38058
39 94 8.26701
39 95 0.45755
39 96 6.67501
39 97 2.79606
39 98 0.53934
39 99 6.61072
40 41 6.97329
40 42 0.78105
40 43 4.74279
40 44 7.49353
40 45 8.3092
40 46 6.73847
40 47 3.02023
40 48 4.76609
40 49 3.52397
40 50 2.09162
40 51 8.94758
40 52 1.63269
40 53 6.03474
40 54 6.36933
40 55 0.14525
40 56 1.25321
40 57 0.94094
40 58 2.68606
40 59 1.96399
40 60 8.77011
40 61 8.17918
40 62 7.86946
40 63 7.06184
40 64 1.981
40 65 3.78249
40 66 5.75235
40 67 1.32736
40 68 6.56449
40 69 0.75614
40 70 7.79345
40 71 6.83828
40 72 4.1188
40 73 5.78608
40 74 2.57017
40 75 7.30052
40 76 1.9631
40 77 2.47561
40 78 1.73876
40 79 7.93752
40 80 2.7045
40 81 0.14459
40 82 7.79088
40 83 5.45393
40 84 2.58637
40 85 1.26342
40 86 2.1844
40 87 5.06707
40 88 6.58106
40 89 2.97865
40 90 2.95262
40 91 6.59868
40 92 6.39587
40 93 5.2532
40 94 6.37173
40 95 4.17345
40 96 3.06567
40 97 3.36862
40 98 8.0748
40 99 8.41254
41 42 0.40497
41 43 8.73661
41 44 2.70262
41 45 6.19812
41 46 5.37296
41 47 4.36194
41 48 4.96386
41 49 0.5234
41 50 6.76726
41 51 5.53592
41 52 5.07853
41 53 0.89397
41 54 1.03259
41 55 3.6072
41 56 3.63387
41 57 1.05814
41 58 3.8577
41 59 8.40298
41 60 4.41437
41 61 2.86373
41 62 7.79867
41 63 1.7243
41 64 6.58128
41 65 3.632
41 66 3.97794
41 67 4.55309
41 68 4.02333
41 69 6.99432
41 70 3.63326
41 71 1.76038
41 72 2.51287
41 73 5.15241
41 74 3.45248
41 75 1.78956
41 76 7.94912
41 77 4.72911
41 78 6.47313
41 79 3.27765
41 80 3.94944
41 81 4.97913
41 82 3.21295
41 83 4.88191
41 84 2.61395
41 85 6.25799
41 86 7.45992
41 87 4.15253
41 88 5.90419
41 89 1.05641
41 90 3.30897
41 91 5.30382
41 92 3.99489
41 93 6.88964
41 94 3.48357
41 95 6.12739
41 96 0.90516
41 97 1.0671
41 98 7.36646
41 99 7.18592
42 43 6.19069
42 44 5.71514
42 45 1.98281
42 46 2.27894
42 47 7.78832
42 48 0.47732
42 49 1.23927
42 50 8.63081
42 51 5.90351
42 52 6.819
42 53 3.05807
42 54 5.35567
42 55 7.36564
42 56 2.93911
42 57 0.63217
42 58 0.28911
42 59 5.14133
42 60 8.74615
42 61 6.49865
42 62 0.80361
42 63 3.82568
42 64 5.21742
42 65 0.27857
42 66 8.1841
42 67 2.17784
42 68 3.72927
42 69 2.92624
42 70 3.60858
42 71 7.48687
42 72 2.95042
42 73 2.99085
42 74 7.30457
42 75 0.2754
42 76 2.1002
42 77 6.05147
42 78 7.17987
42 79 7.61067
42 80 7.06111
42 81 5.33119
42 82 5.34695
42 83 8.75787
42 84 2.53741
42 85 7.76312
42 86 7.16554
42 87 5.15619
42 88 1.20549
42 89 5.10247
42 90 0.51635
42 91 1.5494
42 92 2.87987
42 93 7.44428
42 94 3.20505
42 95 6.19392
42 96 6.22138
42 97 0.11083
42 98 4.98101
42 99 3.90028
43 44 4.87038
43 45 3.42226
43 46 0.39706
43 47 7.3381
43 48 0.22302
43 49 3.49234
43 50 6.20199
43 51 0.39368
43 52 2.6526
43 53 4.07645
43 54 8.31271
43 55 3.92843
43 56 4.50551
43 57 5.58261
43 58 4.75491
43 59 3.59229
43 60 3.11002
43 61 1.38298
43 62 3.3635
43 63 2.91722
43 64 6.49496
43 65 6.53264
43 66 8.74057
43 67 3.90302
43 68 2.85852
43 69 7.75933
43 70 4.75759
43 71 8.34958
43 72 7.60956
43 73 0.55238
43 74 0.51199
43 75 1.9955
43 76 1.7647
43 77 7.79197
43 78 4.01849
43 79 3.80889
43 80 7.27551
43 81 6.41123
43 82 0.95305
43 83 7.64877
43 84 6.62397
43 85 7.9632
43 86 2.57836
43 87 8.65532
43 88 7.76374
43 89 1.16465
43 90 2.40481
43 91 4.73698
43 92 5.60953
43 93 0.10559
43 94 2.81049
43 95 2.11934
43 96 8.34662
43 97 3.64175
43 98 5.14472
43 99 0.02126
44 45 0.41873
44 46 4.37077
44 47 1.16777
44 48 1.92536
44 49 0.04021
44 50 6.82388
44 51 3.20258
44 52 0.81235
44 53 3.32204
44 54 7.78096
44 55 3.99821
44 56 1.88391
44 57 7.21087
44 58 0.34493
44 59 4.77419
44 60 8.23381
44 61 8.75422
44 62 8.68952
44 63 6.51586
44 64 7.09614
44 65 8.52
44 66 7.92918
44 67 6.13104
44 68 0.94491
44 69 7.69482
44 70 6.63075
44 71 3.90399
44 72 7.09798
44 73 4.81413
44 74 3.79816
44 75 2.37739
44 76 2.2561
44 77 1.78011
44 78 5.52714
44 79 5.23814
44 80 3.16596
44 81 1.50516
44 82 1.80669
44 83 6.76688
44 84 6.93939
44 85 6.80846
44 86 3.38952
44 87 6.49441
44 88 0.99023
44 89 6.32966
44 90 1.42808
44 91 3.66657
44 92 1.82054
44 93 6.58242
44 94 8.25779
44 95 5.10909
44 96 7.68043
44 97 6.33146
44 98 5.18109
44 99 8.38625
45 46 1.06559
45 47 4.71867
45 48 1.19677
45 49 1.03981
45 50 3.68757
45 51 0.98801
45 52 5.01473
45 53 7.55952
45 54 1.72414
45 55 2.52214
45 56 4.87984
45 57 5.66377
45 58 8.88648
45 59 3.33254
45 60 2.83616
45 61 2.13051
45 62 5.20827
45 63 0.11149
45 64 0.63879
45 65 6.83798
45 66 8.39105
45 67 1.47776
45 68 0.97983
45 69 7.72221
45 70 1.1374
45 71 6.28732
45 72 6.1516
45 73 4.43876
45 74 3.8643
45 75 1.44439
45 76 1.25225
45 77 8.25922
45 78 8.30753
45 79 2.1104
45 80 0.7411
45 81 3.76749
45 82 1.03393
45 83 7.52037
45 84 5.79927
45 85 4.89482
45 86 2.76102
45 87 7.07817
45 88 7.35328
45 89 6.40115
45 90 0.75535
45 91 0.25055
45 92 1.46223
45 93 1.08552
45 94 5.46568
45 95 7.61355
45 96 1.13019
45 97 2.48308
45 98 4.17216
45 99 1.17358
46 47 0.07396
46 48 0.72683
46 49 1.11716
46 50 3.85116
46 51 0.5083
46 52 3.54749
46 53 5.27366
46 54 3.86757
46 55 6.44032
46 56 1.82468
46 57 2.72177
46 58 7.66251
46 59 3.14228
46 60 6.7428
46 61 3.73405
46 62 0.06985
46 63 4.92842
46 64 1.60826
46 65 0.11846
46 66 6.079
46 67 3.53886
46 68 8.96324
46 69 8.48087
46 70 5.38266
46 71 8.18588
46 72 1.55492
46 73 8.95356
46 74 8.4004
46 75 1.33386
46 76 1.88045
46 77 5.43009
46 78 0.24661
46 79 7.09671
46 80 5.86712
46 81 4.16819
46 82 3.66981
46 83 7.43907
46 84 7.18717
46 85 7.38343
46 86 8.69745
46 87 1.41515
46 88 3.82445
46 89 5.64085
46 90 8.3007
46 91 1.64019
46 92 2.59683
46 93 2.30363
46 94 1.44514
46 95 7.90788
46 96 7.6658
46 97 0.8398
46 98 8.46245
46 99 2.17349
47 48 8.86885
47 49 2.36087
47 50 6.81329
47 51 6.89504
47 52 3.09501
47 53 1.79015
47 54 7.15122
47 55 1.77475
47 56 8.25823
47 57 1.88689
47 58 4.7442
47 59 0.44663
47 60 2.00444
47 61 6.61349
47 62 7.10287
47 63 6.22154
47 64 3.44325
47 65 8.28787
47 66 5.06378
47 67 7.79789
47 68 8.51876
47 69 5.23228
47 70 5.26665
47 71 5.55965
47 72 7.96775
47 73 7.95649
47 74 5.38704
47 75 7.83237
47 76 1.34699
47 77 5.59154
47 78 0.12924
47 79 0.4786
47 80 4.83535
47 81 8.43991
47 82 2.28293
47 83 7.26809
47 84 5.04452
47 85 5.60745
47 86 1.34346
47 87 5.53793
47 88 8.67344
47 89 0.72994
47 90 3.59724
47 91 7.66998
47 92 5.76094
47 93 7.67694
47 94 4.75059
47 95 1.42382
47 96 7.02652
47 97 8.11805
47 98 1.21793
47 99 8.45943
48 49 5.89001
48 50 7.21888
48 51 4.00967
48 52 5.00601
48 53 4.27694
48 54 4.97741
48 55 0.5941
48 56 2.14545
48 57 7.56323
48 58 1.93679
48 59 7.50576
48 60 5.92778
48 61 2.76807
48 62 8.43145
48 63 2.20123
48 64 5.19015
48 65 0.19274
48 66 7.53751
48 67 5.04687
48 68 5.51899
48 69 7.79347
48 70 8.16348
48 71 6.94958
48 72 4.97583
48 73 7.72827
48 74 5.61623
48 75 7.58639
48 76 5.66846
48 77 2.20967
48 78 4.01353
48 79 1.12454
48 80 7.09939
48 81 0.85874
48 82 3.92422
48 83 2.0769
48 84 3.88035
48 85 4.90252
48 86 5.13984
48 87 7.3947
48 88 5.72128
48 89 6.62637
48 90 4.99145
48 91 8.88945
48 92 7.28042
48 93 7.80115
48 94 3.25929
48 95 2.09808
48 96 2.74561
48 97 7.02947
48 98 0.85159
48 99 3.18659
49 50 4.4274
49 51 6.33004
49 52 0.2494
49 53 3.55774
49 54 8.9785
49 55 7.08868
49 56 4.65953
49 57 8.58046
49 58 4.22472
49 59 7.35458
49 60 4.35845
49 61 8.03255
49 62 3.63395
49 63 3.38984
49 64 5.16409
49 65 1.09322
49 66 5.44221
49 67 0.75326
49 68 4.33408
49 69 1.83077
49 70 1.20446
49 71 1.70513
49 72 2.17408
49 73 2.90981
49 74 2.49215
49 75 3.02828
49 76 0.95231
49 77 7.63619
49 78 1.37295
49 79 0.94319
49 80 1.18766
49 81 0.84226
49 82 1.88029
49 83 6.24651
49 84 1.99156
49 85 8.36909
49 86 6.93788
49 87 3.5317
49 88 4.89122
49 89 8.70413
49 90 0.90079
49 91 4.55725
49 92 6.73261
49 93 0.46928
49 94 1.9929
49 95 2.23301
49 96 1.23656
49 97 8.50395
49 98 1.25466
49 99 5.65037
50 51 2.18153
50 52 5.19289
50 53 2.08084
50 54 2.40731
50 55 3.21209
50 56 6.74196
50 57 6.11934
50 58 3.84808
50 59 8.83794
50 60 3.0258
50 61 0.5665
50 62 5.11106
50 63 2.15688
50 64 1.91322
50 65 0.16286
50 66 5.90216
50 67 8.47527
50 68 5.41655
50 69 3.16932
50 70 1.2243
50 71 0.81099
50 72 8.47822
50 73 4.14146
50 74 3.21913
50 75 2.04374
50 76 2.69268
50 77 1.07209
50 78 8.95917
50 79 6.13837
50 80 6.82662
50 81 0.78737
50 82 8.1829
50 83 7.58648
50 84 7.04447
50 85 6.11426
50 86 7.70791
50 87 4.87965
50 88 1.41787
50 89 4.90928
50 90 4.43528
50 91 6.70687
50 92 3.47333
50 93 7.30463
50 94 8.56181
50 95 3.51596
50 96 6.9832
50 97 8.14662
50 98 0.50299
50 99 1.20395
51 52 1.20488
51 53 1.20595
51 54 7.50675
51 55 7.35994
51 56 0.03323
51 57 8.23492
51 58 5.59352
51 59 6.43907
51 60 8.09025
51 61 1.26625
51 62 4.75632
51 63 5.95628
51 64 8.59059
51 65 5.58815
51 66 5.42706
51 67 2.09785
51 68 2.43818
51 69 2.98628
51 70 8.50104
51 71 5.34541
51 72 8.60271
51 73 8.06356
51 74 1.94898
51 75 5.17687
51 76 8.43109
51 77 3.91846
51 78 2.64974
51 79 8.22919
51 80 5.28907
51 81 7.23553
51 82 4.45908
51 83 4.07615
51 84 3.6543
51 85 0.08848
51 86 2.78235
51 87 6.51888
51 88 2.81144
51 89 8.3583
51 90 5.7028
51 91 4.83289
51 92 2.649
51 93 0.24714
51 94 4.46673
51 95 6.61232
51 96 8.99359
51 97 7.62432
51 98 5.05537
51 99 3.32318
52 53 7.19707
52 54 8.21094
52 55 3.13802
52 56 1.78545
52 57 8.56595
52 58 1.38136
52 59 6.71846
52 60 3.70929
52 61 6.22968
52 62 0.80242
52 63 1.98389
52 64 5.89401
52 65 1.41602
52 66 3.27074
52 67 7.02591
52 68 3.14761
52 69 7.56955
52 70 8.01013
52 71 6.54018
52 72 5.77067
52 73 5.61274
52 74 6.95983
52 75 5.98378
52 76 7.29765
52 77 1.93462
52 78 4.61965
52 79 4.28067
52 80 0.3771
52 81 8.45104
52 82 6.82114
52 83 8.64116
52 84 7.69589
52 85 1.58921
52 86 1.08285
52 87 2.6426
52 88 6.39636
52 89 5.73029
52 90 7.45793
52 91 7.42704
52 92 4.80705
52 93 5.86404
52 94 8.98789
52 95 6.74514
52 96 4.04996
52 97 5.70569
52 98 4.43671
52 99 3.29411
53 54 1.07866
53 55 8.5407
53 56 4.49735
53 57 2.19179
53 58 6.36526
53 59 1.29007
53 60 5.47338
53 61 3.63569
53 62 8.73518
53 63 0.84086
53 64 7.0422
53 65 7.49646
53 66 6.39528
53 67 3.07775
53 68 2.34723
53 69 7.37758
53 70 5.86914
53 71 4.81347
53 72 6.75549
53 73 6.89118
53 74 5.93804
53 75 6.20239
53 76 8.82018
53 77 1.31488
53 78 3.3609
53 79 6.97844
53 80 0.04427
53 81 4.22782
53 82 0.10361
53 83 5.65383
53 84 5.18457
53 85 1.01232
53 86 4.29799
53 87 4.83918
53 88 1.2671
53 89 2.22852
53 90 2.63118
53 91 8.67387
53 92 6.16839
53 93 2.66514
53 94 3.28299
53 95 3.69695
53 96 2.65526
53 97 4.29348
53 98 7.40286
53 99 3.00786
54 55 0.32682
54 56 1.96052
54 57 3.26809
54 58 7.37293
54 59 1.91815
54 60 8.22446
54 61 3.5614
54 62 8.94397
54 63 7.9379
54 64 5.50538
54 65 2.16433
54 66 6.2613
54 67 1.61299
54 68 8.12441
54 69 8.90295
54 70 5.12959
54 71 1.15311
54 72 7.23777
54 73 6.86232
54 74 6.21324
54 75 8.9281
54 76 6.27943
54 77 0.31901
54 78 1.4039
54 79 7.96709
54 80 6.01134
54 81 8.98364
54 82 7.34524
54 83 6.80591
54 84 3.59575
54 85 0.85808
54 86 7.12414
54 87 4.47242
54 88 8.04267
54 89 4.50039
54 90 7.89555
54 91 7.71261
54 92 2.40167
54 93 5.52797
54 94 4.80035
54 95 5.09724
54 96 6.36944
54 97 2.99643
54 98 5.23806
54 99 2.70537
55 56 6.38594
55 57 4.21343
55 58 8.11161
55 59 0.31589
55 60 2.52784
55 61 1.90081
55 62 6.81174
55 63 3.15005
55 64 8.6136
55 65 7.39647
55 66 1.8
55 67 6.36217
55 68 4.7125
55 69 3.14259
55 70 6.71407
55 71 6.08621
55 72 5.39571
55 73 6.49365
55 74 5.28089
55 75 2.67867
55 76 7.69389
55 77 8.12619
55 78 8.14149
55 79 6.61728
55 80 1.52278
55 81 1.25238
55 82 5.5007
55 83 1.08612
55 84 7.14505
55 85 0.90367
55 86 1.7076
55 87 6.77603
55 88 4.5585
55 89 6.0985
55 90 4.39726
55 91 6.15024
55 92 1.98499
55 93 1.78299
55 94 4.77312
55 95 8.05627
55 96 8.35293
55 97 8.74365
55 98 8.29648
55 99 1.13891
56 57 6.7645
56 58 1.12753
56 59 8.82242
56 60 3.64317
56 61 6.17961
56 62 5.1725
56 63 5.10692
56 64 3.78145
56 65 1.1825
56 66 2.9384
56 67 7.82798
56 68 6.26338
56 69 0.90228
56 70 3.65244
56 71 7.55128
56 72 1.07588
56 73 4.4509
56 74 2.00972
56 75 5.16498
56 76 7.56213
56 77 1.47613
56 78 2.88404
56 79 2.87126
56 80 5.11206
56 81 3.8369
56 82 2.17353
56 83 6.56941
56 84 0.55608
56 85 7.38115
56 86 8.90039
56 87 4.96655
56 88 0.37153
56 89 2.5607
56 90 6.29494
56 91 8.95142
56 92 5.71707
56 93 4.14406
56 94 7.80394
56 95 1.85032
56 96 8.97156
56 97 6.74219
56 98 3.67236
56 99 5.62421
57 58 5.12275
57 59 2.83516
57 60 8.26776
57 61 6.90385
57 62 4.64232
57 63 7.67123
57 64 4.86669
57 65 8.11034
57 66 2.14961
57 67 3.45356
57 68 6.71616
57 69 4.1945
57 70 1.19233
57 71 0.75267
57 72 7.26872
57 73 8.02035
57 74 6.24741
57 75 6.03036
57 76 3.14685
57 77 4.20485
57 78 2.97431
57 79 5.83193
57 80 0.25125
57 81 2.14401
57 82 1.74169
57 83 2.54309
57 84 6.63834
57 85 0.07292
57 86 2.67027
57 87 7.21845
57 88 5.64252
57 89 2.29711
57 90 8.26239
57 91 8.71628
57 92 2.70905
57 93 3.05486
57 94 0.89317
57 95 5.37656
57 96 2.29069
57 97 1.79076
57 98 2.20349
57 99 3.00753
58 59 5.41263
58 60 1.46562
58 61 2.62197
58 62 7.98489
58 63 0.40373
58 64 6.67446
58 65 1.01412
58 66 2.25095
58 67 0.92092
58 68 1.15886
58 69 3.95036
58 70 5.45035
58 71 3.51792
58 72 3.61891
58 73 0.53698
58 74 5.66987
58 75 7.68502
58 76 5.09748
58 77 6.55859
58 78 3.5006
58 79 7.30987
58 80 4.68572
58 81 2.09778
58 82 6.16929
58 83 8.24262
58 84 2.82818
58 85 6.26929
58 86 5.7878
58 87 2.79055
58 88 8.79266
58 89 4.73133
58 90 5.52476
58 91 7.61444
58 92 8.94092
58 93 1.5511
58 94 3.87643
58 95 1.1584
58 96 8.20384
58 97 1.3444
58 98 0.16537
58 99 2.62544
59 60 3.14969
59 61 4.76056
59 62 2.82172
59 63 7.88748
59 64 5.04501
59 65 7.33354
59 66 4.75794
59 67 2.35485
59 68 3.28676
59 69 8.21428
59 70 5.38669
59 71 0.18309
59 72 4.37437
59 73 4.13597
59 74 7.21105
59 75 5.15239
59 76 8.14848
59 77 7.29639
59 78 0.21196
59 79 3.11456
59 80 1.78703
59 81 2.19444
59 82 4.01667
59 83 8.76377
59 84 1.37469
59 85 6.35159
59 86 2.9215
59 87 6.67759
59 88 4.45983
59 89 8.49257
59 90 5.27274
59 91 7.39236
59 92 6.48794
59 93 4.36631
59 94 1.50933
59 95 8.49221
59 96 6.13397
59 97 4.7679
59 98 6.50812
59 99 0.23243
60 61 0.37295
60 62 3.62058
60 63 2.14116
60 64 3.93989
60 65 0.2463
60 66 2.56377
60 67 8.16214
60 68 1.29651
60 69 1.06538
60 70 1.45238
60 71 1.64201
60 72 0.63299
60 73 1.26768
60 74 2.28915
60 75 8.81951
60 76 3.32928
60 77 7.74332
60 78 3.44275
60 79 6.28284
60 80 2.82184
60 81 0.4758
60 82 7.2362
60 83 3.63212
60 84 1.24623
60 85 3.30202
60 86 4.48752
60 87 3.11799
60 88 4.87837
60 89 4.50223
60 90 8.69281
60 91 7.81278
60 92 1.78875
60 93 7.13241
60 94 7.26471
60 95 1.67628
60 96 1.58824
60 97 7.37141
60 98 6.43181
60 99 1.52515
61 62 2.90369
61 63 3.62986
61 64 0.64499
61 65 6.82033
61 66 2.02975
61 67 4.94934
61 68 2.57693
61 69 0.48577
61 70 7.06733
61 71 0.2269
61 72 3.49331
61 73 0.25815
61 74 6.3727
61 75 2.46656
61 76 0.58245
61 77 6.81041
61 78 8.89296
61 79 1.64326
61 80 6.2376
61 81 3.4482
61 82 3.67327
61 83 0.81041
61 84 8.86219
61 85 4.63109
61 86 0.95412
61 87 1.79898
61 88 5.78039
61 89 1.60374
61 90 5.78642
61 91 3.54572
61 92 3.66576
61 93 7.25237
61 94 7.52692
61 95 2.57154
61 96 4.61299
61 97 7.3637
61 98 6.98211
61 99 0.61951
62 63 4.95775
62 64 6.18406
62 65 4.19196
62 66 7.73476
62 67 8.89962
62 68 0.61986
62 69 0.37644
62 70 3.53679
62 71 7.25138
62 72 4.86943
62 73 7.1364
62 74 3.34011
62 75 4.54693
62 76 3.82707
62 77 8.36267
62 78 1.03116
62 79 0.35433
62 80 7.55015
62 81 3.28176
62 82 8.2363
62 83 2.69215
62 84 4.91352
62 85 8.84463
62 86 7.10882
62 87 3.65062
62 88 8.1045
62 89 7.86037
62 90 1.41724
62 91 3.89092
62 92 4.29647
62 93 5.11982
62 94 3.77747
62 95 7.59749
62 96 7.45885
62 97 8.63138
62 98 1.3188
62 99 1.11216
63 64 5.21594
63 65 8.52734
63 66 4.78609
63 67 1.48705
63 68 0.32539
63 69 7.00415
63 70 0.42778
63 71 8.53753
63 72 8.19314
63 73 3.78163
63 74 1.25923
63 75 5.43546
63 76 7.97816
63 77 5.77033
63 78 0.11416
63 79 2.37552
63 80 7.20634
63 81 5.53215
63 82 7.36395
63 83 5.69591
63 84 1.07856
63 85 4.58816
63 86 6.40412
63 87 2.41862
63 88 2.179
63 89 7.63364
63 90 7.79999
63 91 1.04553
63 92 1.71105
63 93 8.23394
63 94 3.95489
63 95 8.51864
63 96 0.7984
63 97 2.42486
63 98 1.40672
63 99 8.01054
64 65 4.85782
64 66 1.83285
64 67 0.3031
64 68 4.48564
64 69 4.09746
64 70 1.77859
64 71 7.41118
64 72 6.64984
64 73 0.41559
64 74 8.5892
64 75 8.48333
64 76 3.37166
64 77 0.99839
64 78 4.39442
64 79 2.65149
64 80 2.74055
64 81 0.54535
64 82 6.06536
64 83 0.00818
64 84 0.74428
64 85 1.8577
64 86 4.15639
64 87 8.74838
64 88 5.55629
64 89 7.00977
64 90 0.52507
64 91 2.83129
64 92 2.2772
64 93 3.30106
64 94 0.02807
64 95 6.59248
64 96 2.80823
64 97 5.42034
64 98 1.60849
64 99 7.56842
65 66 2.13393
65 67 4.92436
65 68 3.59659
65 69 4.09178
65 70 3.95173
65 71 7.349
65 72 1.3337
65 73 2.88253
65 74 4.41066
65 75 7.46666
65 76 4.34607
65 77 1.08315
65 78 1.33052
65 79 0.86136
65 80 2.94919
65 81 3.26094
65 82 6.82244
65 83 4.01485
65 84 2.11726
65 85 7.37633
65 86 6.13157
65 87 4.52958
65 88 1.553
65 89 0.09626
65 90 8.34101
65 91 7.74952
65 92 0.78486
65 93 3.51049
65 94 8.30231
65 95 8.64062
65 96 2.69857
65 97 7.7001
65 98 8.55775
65 99 1.43887
66 67 3.91035
66 68 2.71959
66 69 1.99945
66 70 5.30303
66 71 7.42287
66 72 2.32589
66 73 8.08189
66 74 1.59917
66 75 2.03192
66 76 3.72463
66 77 1.02407
66 78 2.05338
66 79 6.94856
66 80 7.22809
66 81 8.63815
66 82 7.22485
66 83 7.62748
66 84 0.93018
66 85 4.20576
66 86 0.86593
66 87 4.14247
66 88 0.61915
66 89 0.1759
66 90 2.8602
66 91 6.81471
66 92 1.71116
66 93 1.49792
66 94 4.78983
66 95 2.15239
66 96 4.90068
66 97 8.5258
66 98 5.90763
66 99 7.25465
67 68 1.22652
67 69 7.60979
67 70 0.64233
67 71 6.49107
67 72 8.48717
67 73 1.10007
67 74 7.60841
67 75 1.04424
67 76 6.52686
67 77 2.78704
67 78 7.92442
67 79 8.81916
67 80 8.95403
67 81 3.19406
67 82 2.50723
67 83 2.66906
67 84 0.50113
67 85 2.73809
67 86 4.04664
67 87 3.14957
67 88 7.23003
67 89 8.24248
67 90 3.04039
67 91 3.71899
67 92 5.06304
67 93 8.27933
67 94 6.78499
67 95 7.89568
67 96 4.68966
67 97 5.51898
67 98 5.79012
67 99 5.48563
68 69 4.15427
68 70 0.40296
68 71 5.30378
68 72 2.10652
68 73 3.00663
68 74 3.59805
68 75 4.83022
68 76 7.49917
68 77 8.26198
68 78 5.64587
68 79 2.66305
68 80 8.22755
68 81 6.41918
68 82 4.0791
68 83 1.77903
68 84 6.16356
68 85 3.8639
68 86 8.10055
68 87 8.2667
68 88 3.4552
68 89 8.91409
68 90 3.8093
68 91 6.63337
68 92 6.32071
68 93 5.65949
68 94 0.38638
68 95 2.57974
68 96 7.7422
68 97 8.83861
68 98 3.19975
68 99 2.98505
69 70 2.74006
69 71 0.15144
69 72 7.71387
69 73 2.56802
69 74 6.25653
69 75 3.9125
69 76 3.77285
69 77 5.36902
69 78 3.52981
69 79 4.47961
69 80 3.46366
69 81 5.4249
69 82 1.34365
69 83 2.87385
69 84 6.27405
69 85 1.84927
69 86 3.24127
69 87 5.83983
69 88 6.13382
69 89 8.56322
69 90 0.7492
69 91 0.21693
69 92 2.42742
69 93 7.05884
69 94 4.03591
69 95 1.99635
69 96 2.32775
69 97 1.18106
69 98 2.59142
69 99 2.62769
70 71 8.40059
70 72 0.73337
70 73 2.21565
70 74 1.18902
70 75 3.0602
70 76 2.36631
70 77 5.29191
70 78 8.62821
70 79 0.11073
70 80 2.11127
70 81 2.50422
70 82 7.69411
70 83 1.56942
70 84 6.26743
70 85 3.66433
70 86 0.68828
70 87 4.79176
70 88 7.84299
70 89 7.87727
70 90 0.23929
70 91 7.00273
70 92 2.49539
70 93 0.07959
70 94 3.38598
70 95 1.87566
70 96 4.362
70 97 3.71463
70 98 6.69897
70 99 5.28834
71 72 8.88484
71 73 7.23296
71 74 3.19743
71 75 1.27223
71 76 1.13379
71 77 8.0448
71 78 7.75725
71 79 0.13481
71 80 8.15947
71 81 1.54551
71 82 8.18537
71 83 0.08045
71 84 1.80536
71 85 4.14776
71 86 0.98348
71 87 6.25122
71 88 8.81363
71 89 5.70506
71 90 3.71997
71 91 4.33086
71 92 1.43068
71 93 1.22465
71 94 6.35187
71 95 8.73918
71 96 3.17044
71 97 1.35015
71 98 5.67856
71 99 0.4235
72 73 8.99594
72 74 2.35986
72 75 4.2745
72 76 7.82356
72 77 6.95689
72 78 4.48002
72 79 1.84445
72 80 1.54959
72 81 7.8623
72 82 7.96492
72 83 5.31887
72 84 7.8404
72 85 1.15485
72 86 6.06478
72 87 5.43074
72 88 6.25051
72 89 7.43912
72 90 5.9828
72 91 4.01719
72 92 8.39109
72 93 0.56108
72 94 8.30862
72 95 5.59782
72 96 0.61815
72 97 8.55798
72 98 0.29294
72 99 6.80067
73 74 0.29986
73 75 7.27419
73 76 4.54196
73 77 0.99924
73 78 7.47794
73 79 2.7757
73 80 3.56988
73 81 7.98698
73 82 7.69884
73 83 3.82623
73 84 0.84591
73 85 2.2294
73 86 7.69914
73 87 7.6823
73 88 4.04898
73 89 5.53964
73 90 4.9319
73 91 1.70311
73 92 6.16586
73 93 6.15243
73 94 3.53095
73 95 0.1923
73 96 4.26227
73 97 2.31908
73 98 1.28712
73 99 4.42882
74 75 1.35739
74 76 2.53363
74 77 8.35132
74 78 8.60745
74 79 4.25871
74 80 6.53012
74 81 0.74809
74 82 1.8563
74 83 2.5911
74 84 0.71594
74 85 2.0107
74 86 3.65078
74 87 1.26117
74 88 2.05442
74 89 6.27426
74 90 7.12175
74 91 1.21751
74 92 3.61795
74 93 8.28908
74 94 0.44415
74 95 4.05404
74 96 3.76854
74 97 8.36629
74 98 0.74308
74 99 6.42504
75 76 1.06631
75 77 8.37618
75 78 7.41974
75 79 7.42672
75 80 6.40616
75 81 5.27257
75 82 8.89144
75 83 4.26814
75 84 7.00025
75 85 7.48012
75 86 3.20102
75 87 6.30407
75 88 8.42614
75 89 4.91105
75 90 3.89482
75 91 3.97337
75 92 4.0126
75 93 1.98439
75 94 7.20274
75 95 5.82955
75 96 5.33985
75 97 4.18781
75 98 0.79673
75 99 1.52899
76 77 2.55762
76 78 2.76995
76 79 8.87473
76 80 8.73343
76 81 8.81562
76 82 6.49856
76 83 2.01218
76 84 8.00527
76 85 1.44643
76 86 6.57882
76 87 3.76669
76 88 1.36897
76 89 0.50431
76 90 8.11731
76 91 6.88687
76 92 6.43533
76 93 2.52951
76 94 8.53396
76 95 6.2616
76 96 2.68828
76 97 4.78627
76 98 0.41832
76 99 8.26189
77 78 5.43821
77 79 6.76335
77 80 6.98261
77 81 2.57272
77 82 8.84192
77 83 1.52661
77 84 7.69777
77 85 5.48772
77 86 8.44962
77 87 0.21677
77 88 2.9079
77 89 3.86164
77 90 4.11793
77 91 2.58277
77 92 6.24509
77 93 7.22802
77 94 7.65275
77 95 0.26158
77 96 8.2917
77 97 5.04538
77 98 6.63041
77 99 6.21412
78 79 6.14217
78 80 4.64266
78 81 7.31855
78 82 2.13282
78 83 4.70173
78 84 4.51884
78 85 8.76249
78 86 1.45603
78 87 3.84018
78 88 7.76912
78 89 2.46861
78 90 7.91451
78 91 5.62374
78 92 0.43766
78 93 4.58099
78 94 3.27497
78 95 0.74457
78 96 6.20901
78 97 4.27327
78 98 4.92564
78 99 8.46408
79 80 6.26749
79 81 4.46612
79 82 2.36083
79 83 0.9242
79 84 2.54217
79 85 0.85478
79 86 0.06056
79 87 1.38402
79 88 6.18467
79 89 7.48224
79 90 2.39783
79 91 1.56086
79 92 2.31507
79 93 6.38973
79 94 1.90258
79 95 7.68405
79 96 5.28083
79 97 2.48964
79 98 8.14211
79 99 3.18058
80 81 1.98818
80 82 5.42681
80 83 3.81731
80 84 0.78136
80 85 2.06893
80 86 5.69796
80 87 0.29384
80 88 2.95926
80 89 7.68256
80 90 4.05647
80 91 2.98104
80 92 6.07162
80 93 0.38477
80 94 7.90427
80 95 2.01686
80 96 8.61789
80 97 1.97121
80 98 2.32988
80 99 3.05515
81 82 2.80367
81 83 5.07994
81 84 2.0317
81 85 8.94364
81 86 0.03005
81 87 3.41684
81 88 3.45791
81 89 2.19046
81 90 2.68549
81 91 2.60365
81 92 2.79804
81 93 2.66108
81 94 1.66295
81 95 2.33587
81 96 4.73308
81 97 1.34874
81 98 4.90362
81 99 8.0184
82 83 6.60406
82 84 5.5215
82 85 3.89654
82 86 1.10623
82 87 2.21292
82 88 2.46701
82 89 5.33832
82 90 3.95288
82 91 3.25108
82 92 6.54322
82 93 0.06737
82 94 8.80216
82 95 2.85321
82 96 2.41753
82 97 8.32609
82 98 7.19129
82 99 2.02007
83 84 8.78815
83 85 2.73174
83 86 1.63757
83 87 1.46217
83 88 4.25788
83 89 5.87116
83 90 2.20484
83 91 4.92105
83 92 8.33458
83 93 0.03126
83 94 2.28366
83 95 6.2251
83 96 0.09188
83 97 0.60414
83 98 2.46306
83 99 7.01679
84 85 2.19648
84 86 2.0451
84 87 7.70748
84 88 7.20907
84 89 2.69174
84 90 0.45968
84 91 0.49987
84 92 1.83044
84 93 2.82582
84 94 2.76189
84 95 2.88002
84 96 0.43864
84 97 4.27997
84 98 3.16125
84 99 4.21501
85 86 8.88303
85 87 1.68634
85 88 4.94108
85 89 2.60307
85 90 6.50755
85 91 1.235
85 92 7.93609
85 93 0.07498
85 94 1.32881
85 95 4.26598
85 96 7.07141
85 97 3.4265
85 98 5.07075
85 99 3.11333
86 87 8.39452
86 88 4.87796
86 89 0.66495
86 90 4.31652
86 91 4.13786
86 92 3.0046
86 93 3.21372
86 94 2.80143
86 95 8.60014
86 96 7.92389
86 97 4.5403
86 98 4.94155
86 99 3.98276
87 88 4.90286
87 89 7.85165
87 90 1.20301
87 91 1.94308
87 92 2.98074
87 93 1.04261
87 94 6.29181
87 95 4.6691
87 96 7.49953
87 97 4.15146
87 98 4.86081
87 99 1.7071
88 89 8.64131
88 90 3.39593
88 91 3.21191
88 92 1.36112
88 93 3.63294
88 94 8.96773
88 95 7.24206
88 96 6.81424
88 97 2.59052
88 98 2.95329
88 99 0.34368
89 90 0.26568
89 91 1.51333
89 92 8.23749
89 93 5.02294
89 94 7.96653
89 95 5.18314
89 96 2.87429
89 97 3.24071
89 98 0.88376
89 99 3.75135
90 91 0.97024
90 92 8.96302
90 93 8.55733
90 94 6.39127
90 95 0.22732
90 96 6.92157
90 97 2.18139
90 98 6.13999
90 99 1.7191
91 92 8.2443
91 93 7.36033
91 94 0.92485
91 95 2.23514
91 96 1.10762
91 97 1.3326
91 98 3.51424
91 99 6.90372
92 93 6.35802
92 94 2.1332
92 95 0.95417
92 96 1.11974
92 97 2.61715
92 98 6.27964
92 99 3.9984
93 94 2.73655
93 95 7.57238
93 96 2.09639
93 97 4.75749
93 98 6.72696
93 99 0.94564
94 95 8.84766
94 96 6.77953
94 97 4.24605
94 98 4.2044
94 99 8.28214
95 96 2.12742
95 97 8.531
95 98 3.60246
95 99 8.78243
96 97 3.33285
96 98 2.42313
96 99 1.78354
97 98 7.3426
97 99 7.11102
98 99 5.61253
