50 15
0 1 7.73231
0 2 0.30713
0 3 0.25067
0 4 7.94997
0 5 6.44935
0 6 3.98881
0 7 4.06753
0 8 4.93841
0 9 1.7413
0 10 0.74958
0 11 5.71637
0 12 0.71591
0 13 3.13991
0 14 6.85228
0 15 5.47455
0 16 3.16736
0 17 2.19672
0 18 0.0919
0 19 0.33003
0 20 4.15544
0 21 8.40717
0 22 3.93658
0 23 1.3668
0 24 7.55414
0 25 2.71192
0 26 3.47571
0 27 3.2362
0 28 5.65125
0 29 8.04397
0 30 0.83602
0 31 2.25581
0 32 1.63338
0 33 8.94196
0 34 2.69826
0 35 7.01357
0 36 5.89622
0 37 4.92555
0 38 5.77504
0 39 0.04795
0 40 3.51357
0 41 4.54774
0 42 1.92641
0 43 2.45124
0 44 3.13326
0 45 3.99786
0 46 1.08716
0 47 6.58545
0 48 0.14037
0 49 2.38688
1 2 3.12027
1 3 0.08495
1 4 8.1095
1 5 4.02005
1 6 6.11463
1 7 8.52721
1 8 4.79763
1 9 5.13018
1 10 1.10942
1 11 6.64151
1 12 1.13882
1 13 4.66581
1 14 5.63085
1 15 6.23066
1 16 4.42751
1 17 6.41517
1 18 5.30155
1 19 3.84934
1 20 7.50234
1 21 0.68076
1 22 7.05419
1 23 6.22178
1 24 7.91546
1 25 1.65668
1 26 0.2949
1 27 0.83245
1 28 6.8608
1 29 1.15826
1 30 7.67106
1 31 2.12842
1 32 7.94683
1 33 5.65497
1 34 4.3145
1 35 2.39054
1 36 0.3453
1 37 5.59454
1 38 7.85032
1 39 3.77245
1 40 4.21013
1 41 0.74457
1 42 0.31999
1 43 4.68167
1 44 5.98088
1 45 0.98078
1 46 2.58839
1 47 6.44962
1 48 5.34864
1 49 7.91492
2 3 5.79628
2 4 7.68928
2 5 4.85533
2 6 8.3339
2 7 1.33668
2 8 8.80619
2 9 5.63177
2 10 3.43292
2 11 1.88727
2 12 1.19303
2 13 5.63131
2 14 4.90495
2 15 5.36422
2 16 2.30446
2 17 6.85488
2 18 6.48611
2 19 8.82903
2 20 7.5666
2 21 8.41681
2 22 0.1338
2 23 7.98746
2 24 1.41963
2 25 2.04758
2 26 8.9011
2 27 7.54153
2 28 7.69772
2 29 7.43248
2 30 0.21049
2 31 7.0124
2 32 1.99921
2 33 1.27934
2 34 7.8258
2 35 1.46024
2 36 6.76122
2 37 1.49399
2 38 7.53566
2 39 3.22418
2 40 2.75427
2 41 5.92322
2 42 2.84718
2 43 3.1018
2 44 7.36506
2 45 3.47396
2 46 0.40648
2 47 0.19774
2 48 1.10511
2 49 5.01228
3 4 7.24994
3 5 4.82287
3 6 5.27642
3 7 3.28134
3 8 2.83522
3 9 0.28761
3 10 4.62714
3 11 7.80903
3 12 8.93859
3 13 3.25474
3 14 6.90565
3 15 8.7605
3 16 0.80164
3 17 4.32542
3 18 7.91078
3 19 1.70812
3 20 8.44357
3 21 0.23443
3 22 8.77864
3 23 6.37191
3 24 8.78056
3 25 4.96243
3 26 4.08984
3 27 2.61441
3 28 0.13314
3 29 4.1303
3 30 5.03645
3 31 0.37717
3 32 8.46666
3 33 5.06561
3 34 5.81754
3 35 4.61813
3 36 5.46896
3 37 2.17966
3 38 6.763
3 39 7.32947
3 40 0.56238
3 41 3.44608
3 42 3.06282
3 43 8.35097
3 44 0.49878
3 45 2.54357
3 46 1.70385
3 47 5.30678
3 48 0.33601
3 49 0.87006
4 5 4.47545
4 6 7.63301
4 7 5.71392
4 8 0.97236
4 9 3.2509
4 10 5.04772
4 11 6.64939
4 12 5.87993
4 13 6.78722
4 14 8.81788
4 15 1.85219
4 16 8.79196
4 17 6.45249
4 18 0.62249
4 19 0.3657
4 20 8.50687
4 21 3.69366
4 22 4.678
4 23 3.09084
4 24 1.4169
4 25 0.46187
4 26 6.66173
4 27 4.9716
4 28 4.37791
4 29 1.48663
4 30 1.60767
4 31 7.95411
4 32 4.80952
4 33 7.26101
4 34 8.6866
4 35 2.7665
4 36 4.78469
4 37 0.3421
4 38 0.39528
4 39 8.65819
4 40 8.27296
4 41 7.46026
4 42 1.9642
4 43 8.28487
4 44 3.15167
4 45 2.81159
4 46 4.15708
4 47 5.29316
4 48 8.99026
4 49 6.61727
5 6 7.74128
5 7 8.13179
5 8 7.64946
5 9 3.10936
5 10 1.32054
5 11 3.95963
5 12 4.41667
5 13 1.58564
5 14 5.48955
5 15 5.67052
5 16 2.6973
5 17 2.50643
5 18 8.19714
5 19 3.2658
5 20 6.4283
5 21 4.9772
5 22 4.04385
5 23 6.69623
5 24 4.59871
5 25 2.79579
5 26 8.0961
5 27 4.39966
5 28 6.86438
5 29 2.9552
5 30 3.52371
5 31 5.80531
5 32 4.80478
5 33 5.24666
5 34 5.42641
5 35 8.71514
5 36 2.19058
5 37 2.50932
5 38 7.22
5 39 5.56286
5 40 0.15384
5 41 5.82253
5 42 3.52195
5 43 1.91391
5 44 0.65128
5 45 2.44495
5 46 5.422
5 47 7.37954
5 48 3.14454
5 49 2.39195
6 7 8.45108
6 8 8.15366
6 9 8.05647
6 10 5.04687
6 11 4.33762
6 12 8.79025
6 13 2.59727
6 14 1.31634
6 15 2.30073
6 16 2.32046
6 17 0.18723
6 18 4.32317
6 19 1.33737
6 20 6.07307
6 21 3.49119
6 22 7.16441
6 23 4.04519
6 24 7.68688
6 25 2.19847
6 26 7.26935
6 27 2.38864
6 28 0.6302
6 29 6.83703
6 30 3.75731
6 31 1.98309
6 32 6.59347
6 33 5.70219
6 34 4.09238
6 35 1.20999
6 36 4.48096
6 37 6.5282
6 38 8.0385
6 39 7.36089
6 40 7.27644
6 41 3.99291
6 42 4.0473
6 43 0.07909
6 44 4.34302
6 45 0.33628
6 46 6.5438
6 47 5.49625
6 48 1.07605
6 49 7.27902
7 8 6.7144
7 9 3.10791
7 10 8.79737
7 11 7.83194
7 12 7.5413
7 13 1.19614
7 14 4.87902
7 15 6.60168
7 16 5.92988
7 17 2.5614
7 18 4.6609
7 19 1.12758
7 20 1.1173
7 21 0.04421
7 22 2.44001
7 23 1.70919
7 24 0.76466
7 25 3.11577
7 26 8.81117
7 27 0.66209
7 28 6.30906
7 29 2.94732
7 30 0.92286
7 31 4.63626
7 32 2.74075
7 33 1.99671
7 34 2.10526
7 35 0.20984
7 36 8.84953
7 37 3.49144
7 38 0.47935
7 39 0.14496
7 40 2.99428
7 41 4.22601
7 42 2.65982
7 43 0.72975
7 44 5.22065
7 45 8.95892
7 46 2.22349
7 47 0.4193
7 48 0.39187
7 49 1.61472
8 9 6.4716
8 10 7.86325
8 11 6.3446
8 12 8.31082
8 13 8.59944
8 14 3.57534
8 15 7.18596
8 16 7.65159
8 17 1.95803
8 18 6.07071
8 19 3.35842
8 20 8.85489
8 21 2.21189
8 22 3.95697
8 23 7.80954
8 24 3.03425
8 25 7.50834
8 26 7.98525
8 27 5.56059
8 28 8.11885
8 29 7.45465
8 30 2.01733
8 31 3.78373
8 32 8.67248
8 33 5.29583
8 34 6.39395
8 35 0.83814
8 36 3.06836
8 37 6.98137
8 38 7.64548
8 39 3.41596
8 40 8.19283
8 41 8.45909
8 42 3.53452
8 43 4.29879
8 44 6.91136
8 45 3.48523
8 46 0.47786
8 47 3.31596
8 48 7.55722
8 49 0.59201
9 10 8.79158
9 11 4.61003
9 12 4.75692
9 13 7.59701
9 14 8.96439
9 15 8.84167
9 16 6.26671
9 17 6.34377
9 18 7.51858
9 19 4.69931
9 20 0.55622
9 21 1.06016
9 22 5.0386
9 23 1.04679
9 24 8.32989
9 25 7.2171
9 26 6.72937
9 27 5.2016
9 28 4.87174
9 29 6.12072
9 30 0.0746
9 31 5.1401
9 32 0.71576
9 33 2.30552
9 34 6.59224
9 35 4.07095
9 36 3.16452
9 37 5.1245
9 38 8.51006
9 39 8.37099
9 40 7.83925
9 41 2.35493
9 42 1.62372
9 43 4.74932
9 44 5.97857
9 45 7.04991
9 46 8.09136
9 47 7.13926
9 48 0.93249
9 49 1.98138
10 11 0.29438
10 12 4.00931
10 13 0.01575
10 14 1.70814
10 15 5.416
10 16 1.0408
10 17 6.74233
10 18 1.93537
10 19 1.77005
10 20 5.49995
10 21 5.84002
10 22 8.50974
10 23 7.45753
10 24 6.86064
10 25 7.29803
10 26 0.16293
10 27 4.66923
10 28 8.35141
10 29 2.00693
10 30 2.04101
10 31 0.87094
10 32 8.19513
10 33 6.67559
10 34 4.42877
10 35 1.0391
10 36 8.93738
10 37 8.3668
10 38 8.17155
10 39 0.63211
10 40 2.1058
10 41 1.17519
10 42 7.20481
10 43 0.41125
10 44 8.8234
10 45 3.7373
10 46 7.32286
10 47 4.29036
10 48 1.21478
10 49 5.31747
11 12 6.02763
11 13 5.92714
11 14 0.61587
11 15 1.79626
11 16 5.41942
11 17 8.33798
11 18 2.1194
11 19 1.45733
11 20 2.61337
11 21 8.28602
11 22 4.25676
11 23 6.01702
11 24 2.83644
11 25 1.02287
11 26 2.29536
11 27 7.18156
11 28 5.98456
11 29 8.68965
11 30 6.14199
11 31 8.82855
11 32 8.4441
11 33 1.85008
11 34 4.50815
11 35 2.04099
11 36 5.34732
11 37 2.0419
11 38 5.87304
11 39 3.63447
11 40 4.69009
11 41 1.63106
11 42 1.838
11 43 7.56062
11 44 0.78002
11 45 4.07622
11 46 5.31152
11 47 7.22158
11 48 1.06679
11 49 0.68077
12 13 8.26978
12 14 4.39507
12 15 0.36661
12 16 8.62104
12 17 0.89715
12 18 4.65079
12 19 8.00892
12 20 8.61356
12 21 6.89417
12 22 8.43318
12 23 0.15196
12 24 7.20078
12 25 3.95289
12 26 6.06129
12 27 5.59992
12 28 2.83876
12 29 6.96751
12 30 3.00941
12 31 1.46482
12 32 0.01889
12 33 4.16043
12 34 4.55321
12 35 1.48228
12 36 1.66773
12 37 8.24579
12 38 1.11742
12 39 6.6145
12 40 2.89008
12 41 8.76398
12 42 5.11776
12 43 1.41179
12 44 3.51563
12 45 2.0846
12 46 4.11195
12 47 2.33107
12 48 6.16192
12 49 5.80245
13 14 2.2429
13 15 3.47449
13 16 1.11568
13 17 1.03285
13 18 1.50581
13 19 7.99285
13 20 6.61457
13 21 7.76323
13 22 3.88236
13 23 2.17608
13 24 0.486
13 25 3.24811
13 26 2.67763
13 27 5.14892
13 28 3.84672
13 29 3.77008
13 30 7.43321
13 31 4.21139
13 32 4.33621
13 33 2.9505
13 34 3.98856
13 35 4.57448
13 36 7.11883
13 37 6.86219
13 38 6.31904
13 39 2.65065
13 40 1.61545
13 41 8.61628
13 42 8.65311
13 43 6.66566
13 44 3.36289
13 45 6.12115
13 46 7.51932
13 47 2.41189
13 48 7.16553
13 49 5.08841
14 15 8.95427
14 16 0.33179
14 17 0.74784
14 18 0.17989
14 19 7.68007
14 20 4.55127
14 21 5.3189
14 22 7.7895
14 23 6.56469
14 24 8.16672
14 25 3.55866
14 26 0.17377
14 27 4.84828
14 28 8.60347
14 29 6.03849
14 30 1.14161
14 31 2.95008
14 32 6.31423
14 33 8.50341
14 34 0.60675
14 35 1.75085
14 36 1.18087
14 37 4.21599
14 38 0.36771
14 39 2.01727
14 40 7.19962
14 41 0.18687
14 42 2.98559
14 43 8.15169
14 44 6.33454
14 45 4.88346
14 46 1.21855
14 47 2.01771
14 48 8.35423
14 49 6.33061
15 16 6.25237
15 17 6.74834
15 18 6.20573
15 19 6.68188
15 20 1.50587
15 21 1.76434
15 22 6.40353
15 23 7.28408
15 24 7.51553
15 25 0.664
15 26 8.88256
15 27 1.60667
15 28 6.70363
15 29 7.06503
15 30 6.13681
15 31 2.88752
15 32 0.01355
15 33 5.73379
15 34 4.2702
15 35 2.97758
15 36 7.94015
15 37 7.72173
15 38 8.80884
15 39 1.09932
15 40 1.37607
15 41 7.4136
15 42 5.23291
15 43 2.7137
15 44 3.62307
15 45 3.50738
15 46 2.94609
15 47 5.62478
15 48 7.11488
15 49 8.9572
16 17 4.16347
16 18 3.4217
16 19 7.46605
16 20 5.36082
16 21 5.24844
16 22 3.19136
16 23 2.74321
16 24 0.87795
16 25 6.64254
16 26 5.81908
16 27 1.36684
16 28 2.65235
16 29 2.21735
16 30 2.00527
16 31 5.87466
16 32 5.24919
16 33 7.57429
16 34 0.69796
16 35 2.70181
16 36 0.40367
16 37 4.07265
16 38 8.28866
16 39 2.83413
16 40 4.64831
16 41 1.54878
16 42 3.93747
16 43 5.06317
16 44 4.31693
16 45 5.63349
16 46 0.84438
16 47 8.94549
16 48 0.37528
16 49 3.49666
17 18 4.69549
17 19 8.32761
17 20 3.57932
17 21 1.40612
17 22 2.83494
17 23 2.19378
17 24 7.44551
17 25 3.85158
17 26 1.66486
17 27 2.99538
17 28 1.87349
17 29 6.96438
17 30 3.64534
17 31 2.83698
17 32 3.29863
17 33 8.88855
17 34 4.18809
17 35 2.51542
17 36 7.90807
17 37 7.15605
17 38 5.83224
17 39 3.81727
17 40 6.41835
17 41 2.47666
17 42 0.77117
17 43 5.54653
17 44 4.88888
17 45 8.10749
17 46 2.2204
17 47 6.46526
17 48 2.33778
17 49 6.58509
18 19 0.81151
18 20 6.25682
18 21 0.36229
18 22 7.35534
18 23 1.45147
18 24 8.83498
18 25 6.10056
18 26 4.64794
18 27 0.32077
18 28 4.27334
18 29 7.41948
18 30 8.36684
18 31 1.05502
18 32 2.74698
18 33 0.0033
18 34 6.26481
18 35 5.80405
18 36 4.7185
18 37 2.65422
18 38 3.23164
18 39 0.97128
18 40 3.60356
18 41 3.86931
18 42 8.75203
18 43 0.96706
18 44 8.99584
18 45 2.60983
18 46 6.27542
18 47 5.55623
18 48 1.94699
18 49 7.44352
19 20 6.40917
19 21 5.22901
19 22 4.45086
19 23 2.28445
19 24 8.78985
19 25 8.92358
19 26 7.69924
19 27 1.04765
19 28 4.65497
19 29 7.36388
19 30 2.10452
19 31 1.94568
19 32 5.33958
19 33 8.86935
19 34 2.00509
19 35 8.43759
19 36 1.55758
19 37 8.86113
19 38 8.18161
19 39 4.57759
19 40 3.2183
19 41 5.77044
19 42 4.60317
19 43 2.96556
19 44 5.86669
19 45 3.25714
19 46 0.97836
19 47 3.26855
19 48 4.08899
19 49 0.23069
20 21 7.9808
20 22 7.13311
20 23 6.40856
20 24 7.36715
20 25 6.18518
20 26 1.90773
20 27 6.77403
20 28 6.02463
20 29 4.55196
20 30 7.4432
20 31 6.78567
20 32 0.79268
20 33 0.02217
20 34 3.30723
20 35 8.70993
20 36 7.75977
20 37 2.88349
20 38 5.08844
20 39 5.80584
20 40 4.686
20 41 2.12381
20 42 2.84691
20 43 6.87361
20 44 5.25762
20 45 4.18985
20 46 4.20887
20 47 7.75265
20 48 0.18561
20 49 4.17937
21 22 3.46924
21 23 7.43518
21 24 3.68712
21 25 8.2418
21 26 1.33498
21 27 3.45368
21 28 3.50826
21 29 1.001
21 30 7.16356
21 31 4.56932
21 32 6.19422
21 33 0.51782
21 34 7.43366
21 35 6.11506
21 36 0.91149
21 37 1.33745
21 38 0.4094
21 39 6.35925
21 40 1.39394
21 41 4.36078
21 42 3.08651
21 43 7.48668
21 44 1.40219
21 45 6.38371
21 46 2.39358
21 47 1.49818
21 48 8.86284
21 49 7.15065
22 23 1.41004
22 24 7.79147
22 25 2.56199
22 26 8.50441
22 27 1.27303
22 28 0.94512
22 29 8.49587
22 30 6.63104
22 31 6.37527
22 32 4.69039
22 33 5.77123
22 34 8.37133
22 35 3.93408
22 36 2.65628
22 37 6.87441
22 38 3.19139
22 39 0.94055
22 40 3.05704
22 41 8.07584
22 42 2.61882
22 43 3.80978
22 44 5.28814
22 45 6.8413
22 46 1.99974
22 47 8.69046
22 48 0.46621
22 49 2.57049
23 24 3.73502
23 25 6.25199
23 26 4.94129
23 27 1.33815
23 28 0.64647
23 29 2.71906
23 30 8.71246
23 31 7.3177
23 32 3.76779
23 33 3.56499
23 34 3.26881
23 35 7.48489
23 36 5.52388
23 37 0.09215
23 38 8.06635
23 39 7.7183
23 40 6.74241
23 41 3.53848
23 42 5.71272
23 43 6.15557
23 44 3.81119
23 45 8.5863
23 46 3.67086
23 47 8.44497
23 48 0.46073
23 49 2.84031
24 25 8.9644
24 26 6.1391
24 27 0.42695
24 28 6.46986
24 29 5.24474
24 30 7.22669
24 31 0.37016
24 32 4.1711
24 33 4.80411
24 34 3.94875
24 35 6.23718
24 36 2.86393
24 37 2.48219
24 38 0.37152
24 39 3.80121
24 40 4.98197
24 41 6.528
24 42 2.42141
24 43 3.374
24 44 1.50461
24 45 8.84005
24 46 2.71507
24 47 3.76733
24 48 8.15697
24 49 1.10993
25 26 5.4933
25 27 3.67915
25 28 1.81558
25 29 5.9127
25 30 4.4586
25 31 0.36169
25 32 6.05356
25 33 4.59028
25 34 4.27966
25 35 6.94929
25 36 1.66594
25 37 3.62174
25 38 2.88418
25 39 3.75685
25 40 2.33734
25 41 0.16729
25 42 1.6532
25 43 7.27478
25 44 3.47859
25 45 3.61683
25 46 5.92069
25 47 3.92158
25 48 6.40466
25 49 4.49427
26 27 7.57955
26 28 3.96478
26 29 4.35275
26 30 8.77487
26 31 3.08901
26 32 6.16212
26 33 3.77641
26 34 0.92578
26 35 7.09385
26 36 5.57423
26 37 4.48389
26 38 4.00901
26 39 3.43987
26 40 3.25378
26 41 6.87042
26 42 7.92426
26 43 6.45211
26 44 6.18741
26 45 3.06343
26 46 6.41575
26 47 5.33032
26 48 0.99202
26 49 0.27686
27 28 8.4975
27 29 8.83621
27 30 0.99361
27 31 3.43064
27 32 1.49624
27 33 4.37101
27 34 0.91383
27 35 0.3899
27 36 7.81394
27 37 8.41636
27 38 8.99614
27 39 2.10669
27 40 3.67927
27 41 4.45101
27 42 0.85143
27 43 2.14607
27 44 0.0305
27 45 3.04453
27 46 0.64746
27 47 4.89402
27 48 8.9361
27 49 1.40463
28 29 3.68477
28 30 4.68383
28 31 2.64438
28 32 5.10327
28 33 0.86078
28 34 4.99833
28 35 0.03726
28 36 3.67148
28 37 0.62491
28 38 8.67825
28 39 0.34058
28 40 5.74014
28 41 3.36016
28 42 6.66404
28 43 8.4548
28 44 4.80342
28 45 6.20187
28 46 8.03741
28 47 6.56936
28 48 2.19555
28 49 2.63921
29 30 2.17484
29 31 5.48267
29 32 7.27449
29 33 4.01754
29 34 2.1101
29 35 4.1118
29 36 6.75645
29 37 4.82482
29 38 4.12481
29 39 2.7182
29 40 5.08293
29 41 0.97313
29 42 7.05752
29 43 5.7685
29 44 7.49721
29 45 8.35654
29 46 1.30491
29 47 7.89928
29 48 4.59614
29 49 2.16009
30 31 4.85317
30 32 5.7701
30 33 0.89707
30 34 3.17859
30 35 1.23264
30 36 2.99021
30 37 8.34874
30 38 8.86733
30 39 7.41152
30 40 1.90668
30 41 4.91613
30 42 1.5467
30 43 0.73603
30 44 6.06565
30 45 0.10901
30 46 4.25492
30 47 6.61824
30 48 1.67972
30 49 3.12131
31 32 1.0196
31 33 8.65978
31 34 6.22409
31 35 8.74253
31 36 8.74284
31 37 4.62825
31 38 6.79162
31 39 4.54
31 40 1.11125
31 41 1.96078
31 42 4.04573
31 43 7.32996
31 44 8.06098
31 45 5.12555
31 46 3.8227
31 47 7.10396
31 48 2.68283
31 49 0.21365
32 33 2.86294
32 34 6.34884
32 35 0.11248
32 36 8.08537
32 37 6.3701
32 38 8.33109
32 39 1.73152
32 40 7.60148
32 41 6.57371
32 42 4.2886
32 43 8.24427
32 44 5.989
32 45 6.37342
32 46 0.44516
32 47 2.14684
32 48 4.27525
32 49 8.62706
33 34 4.30173
33 35 5.29601
33 36 5.52777
33 37 4.11312
33 38 4.31992
33 39 0.67503
33 40 2.27969
33 41 5.25059
33 42 4.30157
33 43 6.2766
33 44 1.19314
33 45 6.46055
33 46 2.96477
33 47 5.36855
33 48 8.34989
33 49 2.92276
34 35 7.76596
34 36 1.57295
34 37 2.69258
34 38 4.32561
34 39 7.92649
34 40 0.25801
34 41 3.29041
34 42 2.70473
34 43 7.72684
34 44 0.50338
34 45 3.52395
34 46 1.04885
34 47 6.39102
34 48 8.31657
34 49 1.76578
35 36 2.11669
35 37 7.54429
35 38 1.00845
35 39 2.95018
35 40 4.7613
35 41 8.29893
35 42 1.9376
35 43 5.26273
35 44 6.28283
35 45 1.25639
35 46 6.28892
35 47 7.54663
35 48 2.9286
35 49 8.56533
36 37 0.71557
36 38 3.71486
36 39 3.1585
36 40 5.80767
36 41 2.74815
36 42 4.02009
36 43 8.7731
36 44 8.59178
36 45 5.06397
36 46 2.90418
36 47 5.69642
36 48 1.30072
36 49 1.96175
37 38 8.16849
37 39 8.30746
37 40 4.81225
37 41 4.48803
37 42 0.50571
37 43 7.41817
37 44 4.03777
37 45 3.03067
37 46 8.08852
37 47 8.27292
37 48 3.42107
37 49 5.82595
38 39 5.57737
38 40 2.28695
38 41 0.21202
38 42 5.78299
38 43 6.74272
38 44 5.24407
38 45 4.05115
38 46 5.87365
38 47 1.94628
38 48 8.55643
38 49 2.65759
39 40 4.50335
39 41 6.92095
39 42 5.98556
39 43 2.1822
39 44 6.45259
39 45 6.33657
39 46 6.31121
39 47 2.57569
39 48 7.6366
39 49 1.76723
40 41 8.02156
40 42 2.98131
40 43 8.89862
40 44 6.51021
40 45 6.0965
40 46 1.23032
40 47 4.35039
40 48 2.19454
40 49 4.28419
41 42 5.42315
41 43 2.71618
41 44 5.50337
41 45 0.62997
41 46 7.26391
41 47 5.73969
41 48 3.47397
41 49 7.42447
42 43 5.11519
42 44 3.77873
42 45 3.81874
42 46 1.33544
42 47 2.25267
42 48 1.4238
42 49 3.91554
43 44 2.80623
43 45 3.04311
43 46 5.05117
43 47 1.32126
43 48 2.56194
43 49 0.22586
44 45 2.36068
44 46 6.85259
44 47 2.95885
44 48 6.06174
44 49 0.45296
45 46 6.21698
45 47 4.47021
45 48 6.27631
45 49 8.2225
46 47 1.71676
46 48 2.47722
46 49 5.45412
47 48 2.64208
47 49 2.03793
48 49 1.41925
