50 5
0 1 5.91394
0 2 5.31345
0 3 3.24555
0 4 3.40652
0 5 7.2154
0 6 4.33705
0 7 4.10915
0 8 2.93301
0 9 6.66842
0 10 8.05046
0 11 7.8449
0 12 3.74232
0 13 6.29799
0 14 8.185
0 15 2.79802
0 16 4.22036
0 17 5.39757
0 18 0.36449
0 19 2.39758
0 20 2.88136
0 21 7.87871
0 22 3.62862
0 23 5.62369
0 24 7.55575
0 25 3.31051
0 26 4.52623
0 27 1.58263
0 28 7.90378
0 29 2.9723
0 30 8.51059
0 31 2.02403
0 32 5.05797
0 33 1.35903
0 34 1.30697
0 35 4.94171
0 36 0.15079
0 37 1.78265
0 38 8.4002
0 39 2.94962
0 40 1.33271
0 41 1.24818
0 42 2.51003
0 43 2.27774
0 44 3.0586
0 45 5.13478
0 46 1.63386
0 47 0.50935
0 48 8.81356
0 49 8.16967
1 2 8.17994
1 3 5.94247
1 4 5.32423
1 5 0.77616
1 6 1.26847
1 7 8.07584
1 8 3.91776
1 9 4.71376
1 10 0.53495
1 11 3.66909
1 12 5.1323
1 13 3.10763
1 14 3.22364
1 15 2.68294
1 16 6.51787
1 17 2.20071
1 18 0.25029
1 19 7.91634
1 20 1.58798
1 21 3.95866
1 22 3.89496
1 23 1.89388
1 24 6.77672
1 25 5.61358
1 26 5.52212
1 27 5.92584
1 28 8.79229
1 29 8.76756
1 30 0.53696
1 31 3.2175
1 32 1.43084
1 33 3.22618
1 34 7.07937
1 35 7.92722
1 36 1.9091
1 37 1.00214
1 38 6.46199
1 39 2.00982
1 40 4.96212
1 41 2.06949
1 42 6.67574
1 43 8.46063
1 44 2.23524
1 45 2.10549
1 46 4.76335
1 47 0.87055
1 48 6.1448
1 49 7.07738
2 3 8.30064
2 4 1.3148
2 5 6.56027
2 6 7.7851
2 7 2.11347
2 8 0.60148
2 9 1.98327
2 10 0.17702
2 11 6.29105
2 12 4.75168
2 13 8.20923
2 14 8.41484
2 15 3.35824
2 16 0.84366
2 17 1.60747
2 18 0.87497
2 19 8.72461
2 20 1.68912
2 21 7.51943
2 22 7.49654
2 23 0.31045
2 24 1.447
2 25 1.57135
2 26 4.32145
2 27 8.87322
2 28 6.10048
2 29 0.89782
2 30 4.13574
2 31 3.10031
2 32 5.32989
2 33 1.10187
2 34 3.52314
2 35 0.21761
2 36 8.71766
2 37 4.65636
2 38 5.05391
2 39 2.54906
2 40 6.74555
2 41 6.42625
2 42 2.14706
2 43 6.77794
2 44 1.90574
2 45 4.98631
2 46 2.10228
2 47 4.26282
2 48 7.06838
2 49 6.74813
3 4 6.81871
3 5 3.69188
3 6 5.1208
3 7 0.85757
3 8 0.18336
3 9 7.00067
3 10 0.27941
3 11 5.62157
3 12 0.2447
3 13 3.77082
3 14 6.45601
3 15 5.77245
3 16 3.85762
3 17 2.00021
3 18 3.57836
3 19 1.50656
3 20 2.78161
3 21 2.53753
3 22 8.55938
3 23 5.54782
3 24 4.6255
3 25 4.82835
3 26 0.23591
3 27 7.6876
3 28 7.508
3 29 5.23364
3 30 0.13001
3 31 3.614
3 32 2.11202
3 33 3.6969
3 34 1.5869
3 35 5.96476
3 36 1.00367
3 37 3.29754
3 38 6.82926
3 39 3.8693
3 40 1.73378
3 41 3.23375
3 42 7.72668
3 43 5.13994
3 44 4.16069
3 45 2.45873
3 46 7.76424
3 47 8.16193
3 48 1.78684
3 49 2.37437
4 5 3.59479
4 6 1.42008
4 7 0.44976
4 8 7.0323
4 9 0.2037
4 10 5.07475
4 11 0.34729
4 12 3.26851
4 13 0.66988
4 14 0.28628
4 15 8.41224
4 16 3.20281
4 17 7.22676
4 18 7.4118
4 19 1.12878
4 20 4.14694
4 21 1.57747
4 22 3.16749
4 23 2.54509
4 24 5.22555
4 25 6.42475
4 26 1.23411
4 27 8.84649
4 28 4.16446
4 29 3.72094
4 30 8.76425
4 31 0.72553
4 32 3.1509
4 33 2.74904
4 34 1.29502
4 35 2.39931
4 36 8.292
4 37 2.02882
4 38 8.89992
4 39 1.28857
4 40 4.07541
4 41 4.55823
4 42 1.87152
4 43 7.4189
4 44 1.73915
4 45 8.39742
4 46 0.59875
4 47 7.92908
4 48 5.65831
4 49 5.78213
5 6 7.9766
5 7 1.13078
5 8 6.13429
5 9 1.09137
5 10 1.96621
5 11 6.39075
5 12 6.23098
5 13 6.72621
5 14 6.60398
5 15 6.48876
5 16 7.97104
5 17 5.02082
5 18 7.11101
5 19 6.04262
5 20 6.98485
5 21 8.51329
5 22 1.36219
5 23 4.02708
5 24 4.02791
5 25 1.20764
5 26 6.17237
5 27 8.05135
5 28 0.44383
5 29 5.25075
5 30 8.82085
5 31 8.65279
5 32 5.05825
5 33 5.70487
5 34 7.82748
5 35 0.2868
5 36 2.46137
5 37 8.79959
5 38 8.96521
5 39 1.68934
5 40 2.3307
5 41 0.60596
5 42 1.87572
5 43 3.8085
5 44 7.05503
5 45 5.09637
5 46 6.11886
5 47 6.32026
5 48 3.15418
5 49 0.34249
6 7 1.90508
6 8 3.18015
6 9 7.19836
6 10 1.12068
6 11 4.40369
6 12 3.9162
6 13 1.07024
6 14 2.62601
6 15 3.55198
6 16 2.83455
6 17 7.95281
6 18 2.21669
6 19 5.34194
6 20 6.66572
6 21 1.51653
6 22 3.18174
6 23 6.72533
6 24 6.02821
6 25 0.39174
6 26 7.52082
6 27 4.18047
6 28 0.07539
6 29 1.21451
6 30 2.72821
6 31 8.75273
6 32 6.32738
6 33 4.64128
6 34 0.51483
6 35 1.70714
6 36 2.47226
6 37 8.2229
6 38 1.55412
6 39 6.29654
6 40 7.71957
6 41 4.71415
6 42 0.95381
6 43 6.75692
6 44 2.60315
6 45 7.71642
6 46 3.84801
6 47 3.09417
6 48 4.37143
6 49 6.23183
7 8 3.05487
7 9 4.84367
7 10 3.50521
7 11 4.84204
7 12 4.47774
7 13 8.36353
7 14 5.70778
7 15 4.67904
7 16 0.6786
7 17 0.02893
7 18 0.581
7 19 7.93761
7 20 7.7814
7 21 4.85505
7 22 4.25112
7 23 8.26756
7 24 3.05963
7 25 4.75763
7 26 1.97663
7 27 6.00154
7 28 5.55199
7 29 8.21625
7 30 3.68007
7 31 0.44892
7 32 7.95884
7 33 7.74849
7 34 7.17489
7 35 4.96438
7 36 4.65377
7 37 2.95708
7 38 0.9626
7 39 6.65837
7 40 8.68924
7 41 3.21507
7 42 6.28068
7 43 7.95929
7 44 4.39415
7 45 2.47582
7 46 0.56175
7 47 7.56334
7 48 6.95745
7 49 6.65024
8 9 8.1151
8 10 7.07671
8 11 8.83228
8 12 1.49716
8 13 5.79892
8 14 5.56347
8 15 0.14857
8 16 3.75976
8 17 7.27137
8 18 6.37554
8 19 7.23723
8 20 2.22269
8 21 2.47208
8 22 6.29141
8 23 7.31248
8 24 7.65173
8 25 8.27975
8 26 7.62493
8 27 8.18964
8 28 8.6181
8 29 4.92484
8 30 7.13115
8 31 2.23425
8 32 8.37721
8 33 2.15523
8 34 1.00879
8 35 1.52589
8 36 1.89156
8 37 6.35789
8 38 2.8972
8 39 4.32721
8 40 0.80123
8 41 1.18424
8 42 8.00112
8 43 0.35716
8 44 4.61246
8 45 0.02696
8 46 6.71706
8 47 2.78875
8 48 0.51245
8 49 5.08213
9 10 8.11349
9 11 3.29815
9 12 0.02575
9 13 4.54268
9 14 2.67766
9 15 4.76863
9 16 5.37736
9 17 4.51382
9 18 5.28536
9 19 4.52298
9 20 1.09987
9 21 1.96899
9 22 6.77525
9 23 0.5722
9 24 6.14068
9 25 7.37477
9 26 8.10904
9 27 3.80979
9 28 2.98279
9 29 2.48725
9 30 7.29992
9 31 4.73538
9 32 5.98342
9 33 5.73553
9 34 4.41343
9 35 3.58175
9 36 4.51809
9 37 1.84205
9 38 3.46293
9 39 0.61938
9 40 2.90758
9 41 6.12992
9 42 3.64947
9 43 6.97461
9 44 5.39832
9 45 2.0216
9 46 8.746
9 47 2.02773
9 48 8.13186
9 49 3.36422
10 11 7.90382
10 12 7.42315
10 13 5.43328
10 14 0.46406
10 15 0.61018
10 16 5.79675
10 17 8.31328
10 18 2.65157
10 19 8.86585
10 20 4.37374
10 21 8.97051
10 22 6.11728
10 23 5.81375
10 24 6.86462
10 25 0.58466
10 26 2.12113
10 27 7.53923
10 28 3.99892
10 29 8.30704
10 30 3.44678
10 31 6.27297
10 32 8.89554
10 33 3.5289
10 34 8.34072
10 35 7.00435
10 36 7.96528
10 37 6.67914
10 38 5.51642
10 39 0.53965
10 40 0.03748
10 41 4.72181
10 42 8.95779
10 43 2.66505
10 44 8.83503
10 45 6.57684
10 46 3.04133
10 47 8.8328
10 48 2.74228
10 49 4.64441
11 12 0.97507
11 13 8.39981
11 14 0.18288
11 15 0.12256
11 16 5.19894
11 17 7.84442
11 18 4.11969
11 19 5.84555
11 20 8.90974
11 21 3.41388
11 22 7.03191
11 23 8.58997
11 24 6.97712
11 25 4.63007
11 26 4.57416
11 27 7.93907
11 28 7.01647
11 29 7.32509
11 30 5.3427
11 31 8.85587
11 32 5.94376
11 33 5.11401
11 34 4.38869
11 35 6.31319
11 36 2.95573
11 37 2.3656
11 38 7.87612
11 39 5.36783
11 40 5.21255
11 41 8.32388
11 42 0.30564
11 43 8.87857
11 44 4.90636
11 45 0.19173
11 46 5.11388
11 47 8.65325
11 48 5.18886
11 49 5.32385
12 13 5.9521
12 14 7.76234
12 15 4.33602
12 16 7.45241
12 17 8.78082
12 18 7.747
12 19 5.04797
12 20 2.37899
12 21 8.66102
12 22 1.63335
12 23 7.5897
12 24 0.4438
12 25 2.88159
12 26 7.03655
12 27 7.02772
12 28 7.17144
12 29 0.76607
12 30 6.30116
12 31 3.39753
12 32 3.67089
12 33 0.38841
12 34 7.91362
12 35 5.28397
12 36 3.11885
12 37 4.13198
12 38 6.1557
12 39 8.11524
12 40 2.24751
12 41 8.85081
12 42 2.96316
12 43 3.46599
12 44 7.36882
12 45 4.77008
12 46 2.25908
12 47 5.92316
12 48 3.30857
12 49 8.88449
13 14 6.48306
13 15 8.52636
13 16 7.26579
13 17 7.95662
13 18 7.85041
13 19 8.19218
13 20 8.06651
13 21 0.61556
13 22 0.9029
13 23 7.71841
13 24 4.61161
13 25 0.8617
13 26 0.55496
13 27 2.69245
13 28 3.60993
13 29 1.52116
13 30 0.5835
13 31 1.39183
13 32 6.7921
13 33 4.15713
13 34 3.22314
13 35 6.81748
13 36 0.97655
13 37 0.97127
13 38 8.97116
13 39 7.28625
13 40 4.41918
13 41 7.27419
13 42 4.01059
13 43 5.33832
13 44 1.46177
13 45 0.08491
13 46 6.82573
13 47 0.88073
13 48 0.89546
13 49 7.65513
14 15 4.20635
14 16 6.82496
14 17 3.85747
14 18 2.61992
14 19 4.39118
14 20 2.76709
14 21 1.19473
14 22 3.19569
14 23 0.18731
14 24 8.31098
14 25 7.57989
14 26 5.86741
14 27 7.47222
14 28 0.86207
14 29 6.2666
14 30 4.22643
14 31 1.90189
14 32 6.82335
14 33 1.83883
14 34 8.32944
14 35 4.55773
14 36 2.68211
14 37 7.90081
14 38 1.5518
14 39 1.32624
14 40 2.4593
14 41 7.2703
14 42 1.78317
14 43 5.95675
14 44 6.83258
14 45 4.24183
14 46 0.32375
14 47 7.75856
14 48 8.29818
14 49 5.96899
15 16 0.58945
15 17 2.82448
15 18 7.05532
15 19 8.40635
15 20 5.78047
15 21 6.53424
15 22 6.32415
15 23 6.11718
15 24 0.12133
15 25 5.74053
15 26 6.2396
15 27 1.93967
15 28 5.57428
15 29 8.11245
15 30 7.812
15 31 6.07268
15 32 7.4437
15 33 8.31805
15 34 5.48426
15 35 1.08306
15 36 3.74348
15 37 4.10301
15 38 4.61539
15 39 0.42938
15 40 4.37478
15 41 8.68295
15 42 2.06791
15 43 1.24424
15 44 5.82841
15 45 1.09461
15 46 3.17015
15 47 6.79769
15 48 4.10539
15 49 6.1312
16 17 4.86768
16 18 2.97078
16 19 8.98243
16 20 2.27888
16 21 6.46133
16 22 8.56792
16 23 2.89382
16 24 3.52405
16 25 5.36802
16 26 2.63777
16 27 8.25325
16 28 5.62663
16 29 6.79527
16 30 4.85758
16 31 5.83108
16 32 3.54983
16 33 0.6976
16 34 5.82403
16 35 8.30582
16 36 3.25687
16 37 1.16338
16 38 5.86379
16 39 4.93568
16 40 8.0278
16 41 7.8283
16 42 8.39721
16 43 6.7988
16 44 4.70998
16 45 4.34637
16 46 3.75984
16 47 1.32891
16 48 4.01369
16 49 6.29097
17 18 5.46587
17 19 1.83082
17 20 4.98577
17 21 2.99281
17 22 5.73912
17 23 2.52093
17 24 7.63453
17 25 0.15701
17 26 3.86171
17 27 1.3563
17 28 3.81357
17 29 4.5419
17 30 5.405
17 31 8.62442
17 32 4.14721
17 33 4.5889
17 34 1.38122
17 35 2.72868
17 36 0.02621
17 37 8.49351
17 38 6.91844
17 39 7.535
17 40 8.7094
17 41 6.02793
17 42 6.18202
17 43 2.97245
17 44 2.81541
17 45 3.01632
17 46 2.46386
17 47 7.54544
17 48 8.46236
17 49 3.80413
18 19 5.95052
18 20 1.46678
18 21 1.5051
18 22 3.51392
18 23 1.45287
18 24 5.73568
18 25 6.66848
18 26 0.05187
18 27 8.69099
18 28 3.39941
18 29 4.89462
18 30 3.94887
18 31 5.00233
18 32 5.10743
18 33 1.88567
18 34 5.66213
18 35 0.49499
18 36 3.46067
18 37 2.91536
18 38 6.70045
18 39 4.76235
18 40 6.00316
18 41 0.05158
18 42 5.9247
18 43 6.45638
18 44 3.42447
18 45 1.76281
18 46 3.522
18 47 5.49604
18 48 7.0159
18 49 5.70395
19 20 6.78977
19 21 6.09435
19 22 8.57308
19 23 6.51294
19 24 7.76544
19 25 4.67334
19 26 7.49792
19 27 5.4255
19 28 0.80109
19 29 0.47906
19 30 3.3095
19 31 2.58225
19 32 7.816
19 33 7.83808
19 34 3.38507
19 35 2.92641
19 36 0.87238
19 37 2.40583
19 38 3.11207
19 39 3.22951
19 40 2.37042
19 41 2.15349
19 42 0.79432
19 43 2.65281
19 44 8.3489
19 45 4.88282
19 46 8.66087
19 47 7.729
19 48 5.24591
19 49 1.1222
20 21 3.70041
20 22 3.30991
20 23 4.80082
20 24 7.40989
20 25 6.46209
20 26 5.85106
20 27 8.52362
20 28 3.06453
20 29 8.42221
20 30 5.47118
20 31 7.12723
20 32 3.86382
20 33 2.77257
20 34 1.79786
20 35 0.44929
20 36 8.83313
20 37 3.81477
20 38 8.08892
20 39 5.16145
20 40 8.23312
20 41 2.47021
20 42 7.60935
20 43 7.22888
20 44 8.40987
20 45 6.00193
20 46 8.10577
20 47 6.46554
20 48 0.36009
20 49 7.75489
21 22 7.3417
21 23 2.89217
21 24 3.18044
21 25 0.58029
21 26 1.78695
21 27 1.05763
21 28 4.08596
21 29 0.42745
21 30 5.22942
21 31 6.53327
21 32 1.65196
21 33 8.68712
21 34 3.74486
21 35 5.17621
21 36 1.27777
21 37 6.70606
21 38 1.87231
21 39 5.27112
21 40 4.91046
21 41 5.88463
21 42 1.23044
21 43 8.66245
21 44 6.50924
21 45 8.83328
21 46 8.19192
21 47 5.47008
21 48 0.88208
21 49 6.75578
22 23 4.53107
22 24 0.65242
22 25 0.65868
22 26 6.60473
22 27 3.91193
22 28 6.55122
22 29 0.95085
22 30 1.93941
22 31 5.92816
22 32 3.88769
22 33 5.01014
22 34 3.33841
22 35 1.01025
22 36 6.26916
22 37 5.13859
22 38 0.74569
22 39 2.98307
22 40 0.61413
22 41 5.34749
22 42 2.99206
22 43 1.31524
22 44 6.01322
22 45 5.42827
22 46 0.56082
22 47 1.12906
22 48 8.04298
22 49 4.80638
23 24 6.99097
23 25 2.20744
23 26 8.3302
23 27 5.7653
23 28 2.09541
23 29 5.9047
23 30 0.33376
23 31 4.60729
23 32 3.83996
23 33 7.46079
23 34 1.30285
23 35 2.23372
23 36 3.99014
23 37 0.15172
23 38 2.86809
23 39 0.32213
23 40 7.17177
23 41 2.26192
23 42 6.65234
23 43 1.37788
23 44 6.09894
23 45 1.07767
23 46 5.48986
23 47 8.84813
23 48 5.95018
23 49 8.38695
24 25 3.48739
24 26 0.31776
24 27 6.78416
24 28 1.72352
24 29 4.0331
24 30 5.73717
24 31 2.19286
24 32 3.13574
24 33 1.63833
24 34 8.92738
24 35 6.19273
24 36 2.44278
24 37 4.45693
24 38 7.66799
24 39 3.19197
24 40 3.37621
24 41 0.79044
24 42 0.60375
24 43 3.93252
24 44 5.54458
24 45 7.515
24 46 4.18448
24 47 1.61479
24 48 0.31823
24 49 1.39136
25 26 8.77606
25 27 4.52968
25 28 6.92004
25 29 3.91272
25 30 6.30874
25 31 0.80073
25 32 5.93477
25 33 1.07354
25 34 6.90453
25 35 1.06942
25 36 0.00343
25 37 4.21624
25 38 6.29984
25 39 5.52413
25 40 0.16857
25 41 3.54857
25 42 7.37296
25 43 6.40718
25 44 8.9731
25 45 1.59636
25 46 4.26759
25 47 3.38818
25 48 3.12952
25 49 1.25828
26 27 7.83561
26 28 4.68646
26 29 5.71728
26 30 5.62727
26 31 2.01565
26 32 4.39587
26 33 8.27734
26 34 5.94419
26 35 8.93298
26 36 2.90369
26 37 2.28263
26 38 1.05606
26 39 5.78009
26 40 2.42041
26 41 0.40404
26 42 2.09919
26 43 8.42038
26 44 4.31104
26 45 5.2794
26 46 4.77149
26 47 1.31334
26 48 0.70366
26 49 1.30992
27 28 0.87709
27 29 6.01883
27 30 5.56201
27 31 7.13162
27 32 0.63391
27 33 8.68904
27 34 6.41598
27 35 3.32607
27 36 0.09141
27 37 5.88261
27 38 6.12868
27 39 3.93678
27 40 8.73919
27 41 1.90677
27 42 1.27168
27 43 2.28323
27 44 0.43888
27 45 5.38189
27 46 0.5815
27 47 7.46228
27 48 6.60423
27 49 4.44265
28 29 7.01718
28 30 3.10051
28 31 5.23152
28 32 0.82891
28 33 3.7838
28 34 1.39757
28 35 1.40088
28 36 2.56201
28 37 2.92527
28 38 5.21162
28 39 5.29143
28 40 2.60403
28 41 1.30752
28 42 5.50521
28 43 3.67152
28 44 0.57762
28 45 3.81022
28 46 8.65722
28 47 3.85426
28 48 1.37171
28 49 2.64276
29 30 0.4168
29 31 1.55761
29 32 0.22532
29 33 3.90298
29 34 6.51936
29 35 7.66128
29 36 3.92786
29 37 8.62695
29 38 8.85128
29 39 0.53687
29 40 1.73148
29 41 2.02814
29 42 6.35937
29 43 2.90096
29 44 8.70671
29 45 8.33887
29 46 3.276
29 47 4.10887
29 48 3.89085
29 49 3.25214
30 31 3.89819
30 32 8.6287
30 33 1.1063
30 34 3.44202
30 35 7.44749
30 36 5.98781
30 37 3.82584
30 38 0.63004
30 39 2.043
30 40 8.75108
30 41 1.47678
30 42 6.0224
30 43 8.40666
30 44 2.62613
30 45 7.88829
30 46 1.9035
30 47 8.88734
30 48 1.23249
30 49 2.56582
31 32 0.92414
31 33 4.45231
31 34 2.74411
31 35 1.4547
31 36 0.2798
31 37 5.1565
31 38 5.51036
31 39 4.24169
31 40 7.07341
31 41 8.44924
31 42 1.25902
31 43 0.98612
31 44 7.48495
31 45 4.16727
31 46 2.68405
31 47 0.67071
31 48 3.73719
31 49 5.31927
32 33 4.88513
32 34 2.58472
32 35 2.27631
32 36 1.76328
32 37 0.34688
32 38 4.19203
32 39 5.20352
32 40 0.67904
32 41 2.05063
32 42 4.18534
32 43 0.49622
32 44 1.98336
32 45 0.77653
32 46 8.61183
32 47 4.28044
32 48 3.34208
32 49 6.33606
33 34 7.52825
33 35 5.25326
33 36 6.05025
33 37 7.34434
33 38 1.36794
33 39 4.88276
33 40 0.09604
33 41 5.34277
33 42 2.74936
33 43 1.74814
33 44 8.21978
33 45 6.1429
33 46 8.58709
33 47 2.52848
33 48 2.51403
33 49 8.54499
34 35 5.54509
34 36 3.71368
34 37 0.25946
34 38 3.4143
34 39 7.72802
34 40 7.60712
34 41 3.53772
34 42 1.38371
34 43 0.99296
34 44 0.76478
34 45 6.85253
34 46 0.03663
34 47 0.31001
34 48 8.01229
34 49 4.88915
35 36 5.61646
35 37 1.98039
35 38 5.48859
35 39 0.39644
35 40 4.65378
35 41 0.90886
35 42 3.50312
35 43 6.68223
35 44 7.22068
35 45 1.55893
35 46 6.03547
35 47 0.01688
35 48 1.07832
35 49 1.18181
36 37 5.64464
36 38 6.04514
36 39 8.46452
36 40 4.9725
36 41 3.14005
36 42 2.01378
36 43 1.33341
36 44 8.5115
36 45 0.2493
36 46 0.23086
36 47 0.93078
36 48 6.62399
36 49 8.62349
37 38 6.24445
37 39 5.87125
37 40 1.32849
37 41 8.19669
37 42 3.47962
37 43 4.59493
37 44 5.84112
37 45 8.23803
37 46 5.05828
37 47 8.94788
37 48 7.75452
37 49 8.45288
38 39 5.96925
38 40 3.11464
38 41 8.96573
38 42 1.61184
38 43 3.53217
38 44 4.06952
38 45 8.05493
38 46 2.33309
38 47 1.51417
38 48 0.09075
38 49 5.4384
39 40 7.46944
39 41 2.48409
39 42 1.92145
39 43 6.45226
39 44 6.0957
39 45 0.85908
39 46 0.0261
39 47 5.17713
39 48 5.2506
39 49 1.33652
40 41 8.83537
40 42 2.13133
40 43 6.80594
40 44 5.19334
40 45 0.11184
40 46 2.41466
40 47 7.19167
40 48 6.56078
40 49 7.71295
41 42 2.07634
41 43 2.07804
41 44 3.49029
41 45 4.87865
41 46 4.27248
41 47 4.14914
41 48 5.4233
41 49 5.89367
42 43 6.62708
42 44 1.66439
42 45 3.43534
42 46 6.18121
42 47 6.06072
42 48 8.13454
42 49 4.53077
43 44 5.71862
43 45 5.71623
43 46 6.70652
43 47 7.67905
43 48 0.27288
43 49 5.04873
44 45 0.53222
44 46 1.78606
44 47 7.1312
44 48 5.54373
44 49 6.99947
45 46 4.74241
45 47 1.49812
45 48 2.46223
45 49 8.75007
46 47 8.26168
46 48 0.62738
46 49 8.23126
47 48 3.25235
47 49 0.39424
48 49 5.85484
