50 12
0 1 4.88415
0 2 7.18681
0 3 4.96909
0 4 2.96569
0 5 1.6576
0 6 8.10483
0 7 6.44624
0 8 7.02724
0 9 0.86694
0 10 1.10941
0 11 2.37482
0 12 2.61742
0 13 2.57807
0 14 1.30299
0 15 1.08232
0 16 1.04332
0 17 7.63182
0 18 5.49925
0 19 5.92178
0 20 3.77284
0 21 1.45734
0 22 5.27289
0 23 0.42873
0 24 5.74396
0 25 3.60174
0 26 0.76403
0 27 5.88184
0 28 6.2151
0 29 3.83352
0 30 2.29365
0 31 4.65874
0 32 1.21354
0 33 5.62402
0 34 4.58885
0 35 4.85636
0 36 7.73579
0 37 5.39455
0 38 6.11071
0 39 3.87269
0 40 2.50421
0 41 2.96642
0 42 7.56128
0 43 0.75309
0 44 6.12827
0 45 1.10205
0 46 1.63543
0 47 1.07416
0 48 8.43189
0 49 4.74152
1 2 0.89879
1 3 3.24375
1 4 2.17671
1 5 6.91559
1 6 8.01625
1 7 4.16034
1 8 3.76364
1 9 7.19651
1 10 4.30324
1 11 7.52487
1 12 1.3749
1 13 3.27794
1 14 4.96022
1 15 5.3649
1 16 4.72419
1 17 8.29914
1 18 3.7686
1 19 8.38615
1 20 1.06996
1 21 4.65691
1 22 4.60703
1 23 3.98023
1 24 8.91857
1 25 6.30378
1 26 6.20464
1 27 1.06003
1 28 7.72638
1 29 8.80477
1 30 5.40468
1 31 3.58379
1 32 7.9734
1 33 1.28357
1 34 8.01832
1 35 4.29135
1 36 6.84639
1 37 4.46354
1 38 7.86333
1 39 1.61754
1 40 3.64235
1 41 6.1738
1 42 8.79475
1 43 6.79491
1 44 7.9279
1 45 0.66636
1 46 4.40179
1 47 7.73728
1 48 1.4459
1 49 0.87021
2 3 0.96261
2 4 7.06792
2 5 7.15908
2 6 1.51747
2 7 8.15186
2 8 4.48434
2 9 0.99955
2 10 8.29205
2 11 6.1496
2 12 5.2705
2 13 4.8556
2 14 3.36575
2 15 7.90178
2 16 2.11667
2 17 6.9486
2 18 7.64021
2 19 5.04504
2 20 5.05393
2 21 0.69121
2 22 1.42349
2 23 5.55888
2 24 6.42445
2 25 6.56204
2 26 1.12995
2 27 4.02161
2 28 7.00159
2 29 2.527
2 30 4.13432
2 31 0.403
2 32 6.72553
2 33 4.81127
2 34 8.2769
2 35 8.47019
2 36 2.84877
2 37 0.25385
2 38 0.43139
2 39 5.91456
2 40 6.04683
2 41 0.3075
2 42 8.5543
2 43 2.92615
2 44 7.43
2 45 7.09813
2 46 6.89964
2 47 7.78324
2 48 4.87561
2 49 4.41855
3 4 4.45045
3 5 4.85784
3 6 2.60628
3 7 6.53035
3 8 1.97309
3 9 7.66672
3 10 5.89734
3 11 0.59071
3 12 1.9377
3 13 7.78562
3 14 2.82029
3 15 1.84343
3 16 7.29085
3 17 2.10656
3 18 2.51762
3 19 5.64933
3 20 3.46162
3 21 1.30203
3 22 4.80393
3 23 1.02123
3 24 6.46098
3 25 0.67523
3 26 0.29739
3 27 3.83535
3 28 7.58877
3 29 2.98189
3 30 4.25622
3 31 1.88027
3 32 3.10105
3 33 1.32719
3 34 7.10174
3 35 6.94442
3 36 3.81394
3 37 4.4734
3 38 7.73267
3 39 2.07123
3 40 2.46327
3 41 0.86653
3 42 0.98079
3 43 7.48499
3 44 3.70317
3 45 7.05345
3 46 5.81706
3 47 7.76
3 48 4.55459
3 49 6.6584
4 5 7.36101
4 6 8.1943
4 7 0.59236
4 8 4.66282
4 9 4.85021
4 10 2.49641
4 11 1.85365
4 12 2.04747
4 13 2.57937
4 14 8.32926
4 15 7.79906
4 16 0.98675
4 17 3.36839
4 18 7.84138
4 19 1.43095
4 20 0.0273
4 21 2.96024
4 22 5.77951
4 23 7.45521
4 24 7.65572
4 25 3.29557
4 26 5.51866
4 27 5.09923
4 28 0.20574
4 29 6.58794
4 30 0.38935
4 31 1.26471
4 32 7.28996
4 33 5.90575
4 34 5.16953
4 35 1.81173
4 36 1.36283
4 37 0.80794
4 38 0.52996
4 39 0.28509
4 40 6.42572
4 41 7.13773
4 42 7.74353
4 43 1.79683
4 44 6.825
4 45 1.27211
4 46 1.11095
4 47 4.71004
4 48 8.03316
4 49 3.07489
5 6 0.39538
5 7 0.68038
5 8 6.92063
5 9 3.92799
5 10 6.58103
5 11 3.38239
5 12 4.37038
5 13 4.99454
5 14 8.8736
5 15 1.535
5 16 6.11477
5 17 2.09554
5 18 0.39126
5 19 0.79493
5 20 1.84619
5 21 6.19805
5 22 8.59362
5 23 6.96858
5 24 6.60055
5 25 1.30614
5 26 2.72887
5 27 8.56018
5 28 8.78542
5 29 3.27806
5 30 4.63431
5 31 2.28999
5 32 1.83081
5 33 7.35098
5 34 2.08952
5 35 0.95362
5 36 0.84255
5 37 4.48284
5 38 5.66709
5 39 8.03957
5 40 2.96213
5 41 6.57775
5 42 4.39059
5 43 1.11462
5 44 7.51377
5 45 8.73753
5 46 0.31931
5 47 1.15582
5 48 3.32491
5 49 7.03929
6 7 0.43822
6 8 0.61119
6 9 6.24964
6 10 6.01436
6 11 7.06814
6 12 3.31295
6 13 7.04273
6 14 3.92286
6 15 4.04799
6 16 8.21753
6 17 6.41633
6 18 6.52222
6 19 7.48827
6 20 3.48985
6 21 5.38855
6 22 7.51261
6 23 2.59774
6 24 0.10265
6 25 3.49594
6 26 6.14024
6 27 2.87594
6 28 0.67477
6 29 5.52142
6 30 3.87325
6 31 7.3328
6 32 3.79301
6 33 8.45245
6 34 5.92238
6 35 3.57942
6 36 3.60303
6 37 7.18486
6 38 3.45628
6 39 3.21092
6 40 3.91246
6 41 0.83379
6 42 8.56172
6 43 6.46353
6 44 0.57456
6 45 7.99899
6 46 8.5858
6 47 8.34817
6 48 0.32868
6 49 6.53026
7 8 2.32591
7 9 4.52899
7 10 3.61588
7 11 4.55429
7 12 0.72279
7 13 5.52824
7 14 6.01743
7 15 0.88635
7 16 7.71852
7 17 5.24786
7 18 6.81332
7 19 4.73299
7 20 1.32313
7 21 0.4847
7 22 4.0255
7 23 3.22757
7 24 3.45969
7 25 7.75698
7 26 1.9133
7 27 3.87027
7 28 1.98247
7 29 2.44997
7 30 3.88071
7 31 2.03186
7 32 5.89425
7 33 7.11187
7 34 3.97506
7 35 3.65805
7 36 3.99262
7 37 5.09078
7 38 3.70036
7 39 3.64993
7 40 2.85122
7 41 8.1631
7 42 4.19721
7 43 5.63404
7 44 3.73891
7 45 1.53956
7 46 7.48357
7 47 7.48155
7 48 7.31059
7 49 8.05553
8 9 5.68579
8 10 6.9089
8 11 4.16636
8 12 4.57235
8 13 6.89625
8 14 5.17153
8 15 7.19862
8 16 1.30812
8 17 7.91456
8 18 7.30546
8 19 0.70679
8 20 3.4335
8 21 5.10706
8 22 8.33773
8 23 8.17737
8 24 4.02567
8 25 3.56968
8 26 8.21366
8 27 4.63256
8 28 2.9207
8 29 2.487
8 30 8.64262
8 31 4.79675
8 32 2.08503
8 33 0.48907
8 34 7.23605
8 35 7.52566
8 36 1.5549
8 37 4.67062
8 38 5.14202
8 39 8.25085
8 40 4.15327
8 41 1.74354
8 42 0.20336
8 43 3.69866
8 44 8.5674
8 45 4.37179
8 46 3.13653
8 47 1.33843
8 48 3.77992
8 49 1.41216
9 10 4.92039
9 11 1.41253
9 12 5.19824
9 13 3.3216
9 14 4.69762
9 15 0.57405
9 16 4.46734
9 17 7.13451
9 18 3.91178
9 19 1.66237
9 20 4.87533
9 21 0.51679
9 22 6.17519
9 23 5.70683
9 24 0.39204
9 25 0.331
9 26 2.90937
9 27 1.11944
9 28 0.99776
9 29 7.07553
9 30 5.78646
9 31 0.43248
9 32 1.93534
9 33 0.11757
9 34 2.30513
9 35 0.33339
9 36 2.11584
9 37 6.01116
9 38 8.16373
9 39 2.70418
9 40 1.51608
9 41 4.06257
9 42 1.41851
9 43 0.01567
9 44 6.15982
9 45 6.77923
9 46 5.97682
9 47 5.40749
9 48 2.58566
9 49 2.99139
10 11 2.31266
10 12 2.62379
10 13 3.85419
10 14 1.95827
10 15 4.89881
10 16 3.92959
10 17 7.10538
10 18 4.25812
10 19 3.50494
10 20 4.0778
10 21 5.81863
10 22 3.52953
10 23 0.18354
10 24 4.62348
10 25 8.60264
10 26 4.4624
10 27 0.2797
10 28 6.14
10 29 4.10745
10 30 0.58017
10 31 6.89411
10 32 2.37219
10 33 6.70009
10 34 1.80125
10 35 0.51988
10 36 7.0923
10 37 6.67562
10 38 8.82403
10 39 4.93384
10 40 6.45246
10 41 7.64184
10 42 7.56487
10 43 5.01406
10 44 6.37122
10 45 3.63062
10 46 6.30328
10 47 7.9403
10 48 8.898
10 49 6.63761
11 12 6.34433
11 13 6.66093
11 14 8.996
11 15 3.02524
11 16 4.08171
11 17 3.55281
11 18 1.92516
11 19 0.271
11 20 2.86409
11 21 5.28281
11 22 0.90248
11 23 2.51234
11 24 7.37364
11 25 8.1265
11 26 1.75098
11 27 4.22183
11 28 4.63309
11 29 2.68739
11 30 7.17366
11 31 4.04515
11 32 5.93899
11 33 8.67782
11 34 0.01535
11 35 4.01853
11 36 0.32561
11 37 4.61878
11 38 2.94327
11 39 4.24273
11 40 8.1882
11 41 7.48947
11 42 4.46298
11 43 3.04252
11 44 1.54772
11 45 8.98705
11 46 0.66315
11 47 3.55398
11 48 8.66136
11 49 2.85996
12 13 6.36343
12 14 3.45889
12 15 6.00974
12 16 3.04872
12 17 1.14139
12 18 8.21659
12 19 3.21897
12 20 2.10768
12 21 2.61732
12 22 3.71024
12 23 0.58663
12 24 7.93839
12 25 0.12761
12 26 6.2862
12 27 8.60297
12 28 7.67249
12 29 0.3884
12 30 7.49695
12 31 8.65919
12 32 7.76832
12 33 4.04368
12 34 2.20871
12 35 6.48289
12 36 5.77695
12 37 7.39441
12 38 4.40792
12 39 6.64368
12 40 2.58414
12 41 1.72581
12 42 0.74079
12 43 6.60351
12 44 4.28795
12 45 1.94686
12 46 3.99815
12 47 3.15321
12 48 2.91984
12 49 8.58677
13 14 5.08585
13 15 0.28916
13 16 1.82014
13 17 4.76116
13 18 0.38957
13 19 1.60232
13 20 4.72029
13 21 3.87433
13 22 7.02462
13 23 5.4703
13 24 3.4396
13 25 0.98545
13 26 3.11863
13 27 5.8167
13 28 8.60466
13 29 6.55281
13 30 6.1881
13 31 2.6218
13 32 7.02281
13 33 6.49238
13 34 5.02643
13 35 3.61457
13 36 0.40129
13 37 0.66215
13 38 1.79208
13 39 1.29292
13 40 6.68366
13 41 3.40174
13 42 3.42553
13 43 8.96085
13 44 5.85276
13 45 6.90659
13 46 1.83693
13 47 5.09078
13 48 5.75571
13 49 8.0931
14 15 6.0042
14 16 8.44391
14 17 3.05172
14 18 0.50199
14 19 1.80047
14 20 4.80877
14 21 7.92767
14 22 7.81307
14 23 6.23817
14 24 7.53897
14 25 2.38375
14 26 7.79248
14 27 8.79872
14 28 0.55395
14 29 8.80426
14 30 5.04044
14 31 6.58128
14 32 2.4801
14 33 5.90306
14 34 2.74094
14 35 0.9566
14 36 2.03597
14 37 1.79685
14 38 4.12528
14 39 1.72994
14 40 0.50561
14 41 2.45946
14 42 5.65182
14 43 1.14069
14 44 0.86083
14 45 2.64395
14 46 1.53926
14 47 4.28472
14 48 7.75299
14 49 6.77789
15 16 4.51749
15 17 5.50384
15 18 3.85388
15 19 7.90433
15 20 7.7355
15 21 0.02706
15 22 5.9842
15 23 0.96241
15 24 3.39323
15 25 0.74938
15 26 5.2764
15 27 0.50091
15 28 1.54676
15 29 2.86012
15 30 3.34086
15 31 2.76129
15 32 0.19948
15 33 8.87515
15 34 8.7528
15 35 2.91633
15 36 4.3802
15 37 1.89987
15 38 5.8529
15 39 6.39394
15 40 1.29565
15 41 7.06354
15 42 4.74541
15 43 7.57383
15 44 7.1549
15 45 6.87437
15 46 6.53677
15 47 8.60624
15 48 6.2149
15 49 7.52424
16 17 1.23656
16 18 7.1253
16 19 6.10151
16 20 2.85502
16 21 7.73832
16 22 6.18794
16 23 5.66586
16 24 0.28665
16 25 7.32165
16 26 8.72894
16 27 0.85134
16 28 7.6394
16 29 6.79802
16 30 7.85203
16 31 6.66419
16 32 4.0272
16 33 7.18365
16 34 5.69508
16 35 3.7844
16 36 1.03626
16 37 2.56236
16 38 8.18136
16 39 8.26702
16 40 5.25588
16 41 7.85716
16 42 8.95
16 43 2.27177
16 44 6.51705
16 45 5.24663
16 46 5.15083
16 47 3.79416
16 48 1.16595
16 49 7.81247
17 18 6.96597
17 19 0.23101
17 20 6.9073
17 21 0.55733
17 22 8.42199
17 23 2.21587
17 24 7.12526
17 25 1.28651
17 26 6.80781
17 27 2.18258
17 28 2.67302
17 29 3.33222
17 30 1.05104
17 31 5.39122
17 32 3.91491
17 33 5.50775
17 34 2.90709
17 35 0.72734
17 36 3.84166
17 37 5.0653
17 38 5.00005
17 39 7.40126
17 40 2.4282
17 41 1.43534
17 42 1.0078
17 43 2.53708
17 44 2.5193
17 45 6.36253
17 46 3.10325
17 47 5.63836
17 48 3.80261
17 49 6.06116
18 19 1.40659
18 20 6.06803
18 21 2.01887
18 22 8.96831
18 23 4.93106
18 24 3.74665
18 25 2.33334
18 26 3.01508
18 27 6.17466
18 28 8.42524
18 29 6.26379
18 30 1.96541
18 31 3.61126
18 32 7.4601
18 33 0.0318
18 34 4.75686
18 35 7.62918
18 36 4.21732
18 37 1.42636
18 38 2.3097
18 39 6.44969
18 40 5.3654
18 41 1.0217
18 42 1.9117
18 43 3.24355
18 44 7.37174
18 45 7.55803
18 46 7.16854
18 47 8.47547
18 48 5.7197
18 49 0.82586
19 20 8.32245
19 21 4.10592
19 22 0.19412
19 23 8.5858
19 24 0.35996
19 25 1.22855
19 26 3.45089
19 27 0.83012
19 28 4.61524
19 29 0.32903
19 30 8.97557
19 31 7.34488
19 32 4.99265
19 33 7.05243
19 34 7.91361
19 35 6.25735
19 36 2.71707
19 37 1.64438
19 38 1.05768
19 39 8.72579
19 40 7.77422
19 41 4.30931
19 42 3.0201
19 43 1.62224
19 44 6.655
19 45 7.43478
19 46 2.47473
19 47 6.83736
19 48 5.83242
19 49 7.24512
20 21 7.41357
20 22 7.49735
20 23 4.20742
20 24 1.22002
20 25 1.09983
20 26 3.47641
20 27 7.7821
20 28 4.41738
20 29 4.35479
20 30 0.43912
20 31 3.15253
20 32 8.25865
20 33 2.3681
20 34 7.66788
20 35 6.24981
20 36 3.37227
20 37 3.96903
20 38 4.46482
20 39 6.19891
20 40 8.76126
20 41 7.91353
20 42 1.16083
20 43 0.45371
20 44 2.07212
20 45 7.5309
20 46 7.1238
20 47 7.87853
20 48 4.56589
20 49 3.84368
21 22 8.35535
21 23 4.34155
21 24 4.85705
21 25 2.39125
21 26 3.58728
21 27 3.47305
21 28 5.82057
21 29 2.62835
21 30 8.79306
21 31 8.02255
21 32 8.2651
21 33 3.67215
21 34 3.73556
21 35 7.68907
21 36 4.69201
21 37 4.83123
21 38 4.45326
21 39 2.66894
21 40 2.73085
21 41 2.39709
21 42 0.16549
21 43 4.0657
21 44 8.45049
21 45 3.76111
21 46 7.60106
21 47 3.31131
21 48 1.50351
21 49 2.58846
22 23 8.06719
22 24 5.84539
22 25 3.41056
22 26 6.27903
22 27 1.56523
22 28 0.69989
22 29 4.68628
22 30 2.85484
22 31 7.25671
22 32 7.50877
22 33 8.97105
22 34 2.99517
22 35 0.11189
22 36 8.15455
22 37 2.46138
22 38 7.69525
22 39 2.94732
22 40 8.3128
22 41 5.8365
22 42 5.64855
22 43 2.00653
22 44 7.6882
22 45 0.57492
22 46 4.40812
22 47 7.4873
22 48 5.72784
22 49 8.23307
23 24 5.38908
23 25 3.21929
23 26 4.78998
23 27 8.48579
23 28 5.40433
23 29 5.25693
23 30 2.67486
23 31 2.49168
23 32 6.67148
23 33 3.28721
23 34 7.39847
23 35 8.84209
23 36 6.5754
23 37 3.03493
23 38 7.66733
23 39 2.93898
23 40 2.0718
23 41 4.27189
23 42 0.40454
23 43 6.12514
23 44 0.11049
23 45 1.24464
23 46 1.48922
23 47 3.04425
23 48 2.19432
23 49 2.68624
24 25 8.8079
24 26 1.43986
24 27 6.2476
24 28 6.93313
24 29 2.33654
24 30 8.41452
24 31 2.45384
24 32 2.13028
24 33 8.31637
24 34 8.54431
24 35 5.83489
24 36 0.70416
24 37 1.91827
24 38 0.46949
24 39 2.20933
24 40 6.091
24 41 7.32234
24 42 7.81402
24 43 4.09289
24 44 6.26212
24 45 5.04143
24 46 1.44077
24 47 6.04522
24 48 3.98694
24 49 3.12777
25 26 2.17374
25 27 6.23553
25 28 3.73743
25 29 5.94384
25 30 1.00507
25 31 4.90673
25 32 5.348
25 33 6.82931
25 34 4.47912
25 35 8.84309
25 36 2.5112
25 37 3.61611
25 38 2.88201
25 39 5.26266
25 40 1.51325
25 41 2.75076
25 42 3.41138
25 43 1.70226
25 44 0.98602
25 45 3.39079
25 46 1.97308
25 47 2.96927
25 48 5.04619
25 49 5.19727
26 27 4.96212
26 28 5.24708
26 29 0.95688
26 30 6.25256
26 31 4.02148
26 32 3.80771
26 33 5.65031
26 34 5.27577
26 35 5.62224
26 36 6.12344
26 37 3.34872
26 38 8.43343
26 39 5.47176
26 40 8.63888
26 41 0.91013
26 42 3.48961
26 43 7.90193
26 44 3.94749
26 45 7.52231
26 46 6.66093
26 47 7.03842
26 48 7.75987
26 49 0.36955
27 28 2.62182
27 29 7.88049
27 30 1.1881
27 31 0.25109
27 32 4.36808
27 33 6.70001
27 34 3.62624
27 35 3.63762
27 36 4.84131
27 37 6.14413
27 38 8.49227
27 39 6.69903
27 40 6.34984
27 41 5.96116
27 42 2.09892
27 43 8.15026
27 44 4.41524
27 45 4.5344
27 46 0.62692
27 47 6.01407
27 48 1.52579
27 49 5.02567
28 29 6.43381
28 30 7.07201
28 31 6.13305
28 32 5.42501
28 33 0.71952
28 34 0.09889
28 35 7.04663
28 36 6.06
28 37 0.35974
28 38 7.941
28 39 3.96604
28 40 0.8324
28 41 3.02506
28 42 2.09227
28 43 2.28356
28 44 8.72541
28 45 1.51841
28 46 8.34677
28 47 7.54478
28 48 5.81552
28 49 8.73911
29 30 6.63938
29 31 2.50093
29 32 2.20049
29 33 6.65079
29 34 0.50244
29 35 7.61732
29 36 3.76539
29 37 6.12683
29 38 3.38202
29 39 1.7313
29 40 7.59913
29 41 1.65396
29 42 2.55714
29 43 3.33303
29 44 8.98996
29 45 7.81571
29 46 7.05271
29 47 1.21142
29 48 1.19138
29 49 4.7098
30 31 5.82237
30 32 8.56853
30 33 4.43274
30 34 5.014
30 35 7.79658
30 36 5.89169
30 37 6.49826
30 38 5.08352
30 39 2.35352
30 40 0.04751
30 41 3.78718
30 42 0.03765
30 43 8.0602
30 44 0.56095
30 45 1.67809
30 46 8.66545
30 47 4.30608
30 48 2.01475
30 49 6.65377
31 32 5.62861
31 33 0.95357
31 34 1.18993
31 35 0.2173
31 36 3.4374
31 37 3.26237
31 38 6.27613
31 39 0.21452
31 40 6.21474
31 41 0.01603
31 42 8.70725
31 43 2.09164
31 44 6.42435
31 45 0.56283
31 46 4.32493
31 47 2.71108
31 48 2.17207
31 49 2.32421
32 33 8.88783
32 34 5.6871
32 35 8.14597
32 36 1.67511
32 37 2.14563
32 38 2.8308
32 39 3.74213
32 40 5.61299
32 41 6.25414
32 42 3.77608
32 43 8.42686
32 44 2.76763
32 45 1.53139
32 46 5.60215
32 47 1.71678
32 48 4.84731
32 49 3.66318
33 34 0.89412
33 35 4.65015
33 36 4.83013
33 37 2.14451
33 38 1.75874
33 39 1.55605
33 40 0.53852
33 41 8.50163
33 42 3.23283
33 43 4.83116
33 44 5.07196
33 45 1.94618
33 46 0.65098
33 47 2.25281
33 48 4.87852
33 49 6.4385
34 35 7.56522
34 36 1.67536
34 37 4.79537
34 38 6.95252
34 39 2.9284
34 40 1.36082
34 41 8.1038
34 42 6.71421
34 43 5.03608
34 44 7.1474
34 45 2.50208
34 46 3.54
34 47 5.3423
34 48 3.58843
34 49 0.45437
35 36 5.44139
35 37 5.36681
35 38 8.56724
35 39 6.6468
35 40 2.32443
35 41 4.50249
35 42 8.57507
35 43 3.41029
35 44 5.06579
35 45 8.57603
35 46 3.65278
35 47 8.74661
35 48 8.86751
35 49 1.76373
36 37 4.7583
36 38 7.00073
36 39 3.81257
36 40 2.3132
36 41 5.20406
36 42 6.36329
36 43 6.70818
36 44 2.71406
36 45 8.24772
36 46 6.46994
36 47 0.83324
36 48 0.59993
36 49 7.28883
37 38 7.72482
37 39 7.52847
37 40 7.66883
37 41 5.34437
37 42 2.22611
37 43 6.45439
37 44 5.15323
37 45 7.37414
37 46 7.1173
37 47 0.36215
37 48 5.79283
37 49 0.14858
38 39 8.16111
38 40 4.02508
38 41 7.62221
38 42 8.75295
38 43 5.80116
38 44 0.87595
38 45 6.00085
38 46 6.71846
38 47 1.94029
38 48 3.6023
38 49 7.13119
39 40 8.33
39 41 2.60081
39 42 7.08727
39 43 6.93142
39 44 6.84454
39 45 3.51228
39 46 2.57755
39 47 6.31751
39 48 5.3547
39 49 1.34758
40 41 8.98219
40 42 8.61378
40 43 5.13635
40 44 2.4957
40 45 7.95551
40 46 4.74443
40 47 1.25627
40 48 3.76168
40 49 6.54974
41 42 5.86879
41 43 2.87712
41 44 8.1954
41 45 3.00997
41 46 2.98046
41 47 3.97999
41 48 6.15829
41 49 1.97521
42 43 4.53783
42 44 7.57803
42 45 3.52194
42 46 2.28642
42 47 8.79008
42 48 7.91614
42 49 1.86725
43 44 8.98929
43 45 5.63831
43 46 2.27735
43 47 0.55467
43 48 6.00571
43 49 8.83887
44 45 7.98519
44 46 5.21196
44 47 8.84535
44 48 4.39375
44 49 0.88707
45 46 1.71856
45 47 7.27168
45 48 4.97793
45 49 1.73976
46 47 0.43802
46 48 7.32231
46 49 6.55068
47 48 0.04454
47 49 7.17942
48 49 2.64375
