100 30
0 1 5.36314
0 2 8.28407
0 3 7.81173
0 4 7.81569
0 5 8.83891
0 6 5.94516
0 7 4.82387
0 8 2.87832
0 9 1.40698
0 10 3.90444
0 11 7.52909
0 12 7.3289
0 13 0.22068
0 14 3.16295
0 15 2.19679
0 16 1.95851
0 17 1.54202
0 18 5.80577
0 19 5.66747
0 20 4.5927
0 21 6.33485
0 22 4.26801
0 23 1.98675
0 24 7.4541
0 25 4.28583
0 26 4.21443
0 27 2.40025
0 28 5.09847
0 29 3.63513
0 30 6.68414
0 31 4.86286
0 32 5.62205
0 33 4.82063
0 34 3.45881
0 35 2.19818
0 36 0.2247
0 37 6.03962
0 38 6.11632
0 39 3.24001
0 40 0.77777
0 41 2.97653
0 42 8.76888
0 43 0.31734
0 44 6.43732
0 45 4.25969
0 46 5.03627
0 47 7.80468
0 48 3.30565
0 49 1.55477
0 50 7.15415
0 51 3.69016
0 52 2.54064
0 53 2.243
0 54 3.69482
0 55 5.15534
0 56 6.57697
0 57 3.70756
0 58 4.05074
0 59 0.8905
0 60 5.06847
0 61 6.5825
0 62 1.38324
0 63 3.08279
0 64 7.47285
0 65 0.46176
0 66 4.21072
0 67 5.73635
0 68 5.50873
0 69 3.3183
0 70 4.58744
0 71 6.81686
0 72 4.01276
0 73 7.8784
0 74 4.4089
0 75 7.44592
0 76 3.02064
0 77 7.90652
0 78 1.01084
0 79 5.13725
0 80 0.01463
0 81 3.58059
0 82 1.83706
0 83 7.03709
0 84 4.05446
0 85 8.56972
0 86 2.09568
0 87 7.10447
0 88 3.76634
0 89 0.74196
0 90 4.15294
0 91 6.12614
0 92 5.08207
0 93 3.6125
0 94 4.88108
0 95 7.87792
0 96 0.35447
0 97 0.75727
0 98 8.62444
0 99 8.98775
1 2 1.18712
1 3 8.45046
1 4 7.7777
1 5 6.7332
1 6 8.38207
1 7 6.44043
1 8 0.55915
1 9 4.62626
1 10 3.90111
1 11 2.35528
1 12 3.98117
1 13 6.02666
1 14 5.04353
1 15 1.2863
1 16 3.53492
1 17 0.09921
1 18 6.39095
1 19 6.44003
1 20 5.80762
1 21 3.24628
1 22 2.6986
1 23 6.47031
1 24 5.28776
1 25 4.32662
1 26 6.22216
1 27 3.96923
1 28 4.99367
1 29 6.23454
1 30 1.86963
1 31 6.11913
1 32 7.82876
1 33 6.54326
1 34 8.12068
1 35 2.58141
1 36 4.32776
1 37 5.35837
1 38 0.20825
1 39 5.93549
1 40 6.36373
1 41 6.06325
1 42 5.6352
1 43 4.10736
1 44 6.65228
1 45 6.18338
1 46 4.12263
1 47 2.83989
1 48 1.67347
1 49 3.49134
1 50 0.47166
1 51 8.1449
1 52 7.62932
1 53 0.00788
1 54 4.72367
1 55 1.35927
1 56 7.24633
1 57 4.3256
1 58 8.52628
1 59 1.31631
1 60 7.40241
1 61 8.50449
1 62 5.30358
1 63 0.59618
1 64 2.31997
1 65 6.99304
1 66 7.29634
1 67 0.77251
1 68 6.57673
1 69 7.56507
1 70 5.39099
1 71 6.62034
1 72 1.75177
1 73 5.85079
1 74 8.73457
1 75 3.30217
1 76 7.95788
1 77 1.81407
1 78 4.66725
1 79 4.95904
1 80 7.45507
1 81 1.32072
1 82 7.27274
1 83 0.21651
1 84 8.74806
1 85 2.24228
1 86 1.90813
1 87 6.89765
1 88 7.74222
1 89 0.45602
1 90 4.18539
1 91 6.67086
1 92 5.05655
1 93 1.71759
1 94 2.21898
1 95 2.99391
1 96 8.58978
1 97 0.13096
1 98 3.45231
1 99 4.00994
2 3 1.80679
2 4 3.04595
2 5 5.13692
2 6 4.38029
2 7 4.95119
2 8 6.08316
2 9 0.33132
2 10 2.16743
2 11 0.07806
2 12 0.00436
2 13 2.47813
2 14 0.22296
2 15 7.04187
2 16 3.18222
2 17 1.9959
2 18 7.57945
2 19 6.13141
2 20 7.78461
2 21 0.55669
2 22 8.775
2 23 1.50766
2 24 8.8301
2 25 3.13383
2 26 2.10049
2 27 5.26861
2 28 6.3926
2 29 0.16338
2 30 6.13888
2 31 8.2938
2 32 3.01879
2 33 0.78238
2 34 6.68209
2 35 2.52155
2 36 2.81926
2 37 4.70696
2 38 6.52723
2 39 2.32009
2 40 4.00108
2 41 1.73115
2 42 7.24336
2 43 0.84776
2 44 7.16596
2 45 6.80126
2 46 6.48202
2 47 2.06841
2 48 7.30814
2 49 5.30596
2 50 4.2503
2 51 8.65999
2 52 8.3403
2 53 4.16332
2 54 8.98292
2 55 6.14866
2 56 0.75297
2 57 1.61006
2 58 2.15453
2 59 5.79267
2 60 1.02012
2 61 8.18771
2 62 4.86537
2 63 6.38634
2 64 5.84807
2 65 8.15961
2 66 7.6597
2 67 8.50206
2 68 5.58602
2 69 6.1196
2 70 8.9015
2 71 2.23292
2 72 6.36345
2 73 2.89358
2 74 5.26645
2 75 8.46492
2 76 8.25909
2 77 8.77149
2 78 0.09954
2 79 5.75001
2 80 1.45781
2 81 8.82723
2 82 4.21418
2 83 0.28575
2 84 0.22672
2 85 2.97026
2 86 0.93975
2 87 0.33581
2 88 1.27599
2 89 3.22324
2 90 1.68994
2 91 8.04977
2 92 3.39055
2 93 2.95552
2 94 2.86408
2 95 6.9304
2 96 7.00595
2 97 6.47925
2 98 5.4342
2 99 7.06761
3 4 2.3857
3 5 1.37708
3 6 4.36786
3 7 3.46789
3 8 0.63222
3 9 2.37636
3 10 2.84728
3 11 3.65069
3 12 5.52156
3 13 5.34521
3 14 4.01064
3 15 7.8385
3 16 6.87636
3 17 8.32052
3 18 7.28921
3 19 3.39891
3 20 0.39247
3 21 5.79149
3 22 8.7642
3 23 2.77221
3 24 8.484
3 25 8.59154
3 26 0.43552
3 27 6.50204
3 28 6.10005
3 29 7.62839
3 30 8.25102
3 31 1.42238
3 32 5.36563
3 33 5.34366
3 34 7.71766
3 35 0.33227
3 36 1.81928
3 37 1.12119
3 38 8.43175
3 39 4.26877
3 40 6.45842
3 41 1.95752
3 42 1.86477
3 43 3.89644
3 44 1.53449
3 45 5.73808
3 46 2.6454
3 47 0.66078
3 48 7.14681
3 49 7.24876
3 50 8.69941
3 51 0.59332
3 52 7.24835
3 53 3.77904
3 54 5.85835
3 55 7.89395
3 56 3.94773
3 57 2.81528
3 58 6.8534
3 59 2.35497
3 60 2.46448
3 61 0.72831
3 62 1.32467
3 63 1.625
3 64 6.07651
3 65 1.59638
3 66 4.70797
3 67 6.03709
3 68 0.54305
3 69 8.21302
3 70 6.55806
3 71 8.57939
3 72 2.198
3 73 1.99509
3 74 1.39563
3 75 8.94855
3 76 6.56511
3 77 5.21832
3 78 6.01228
3 79 8.39822
3 80 4.82534
3 81 4.18764
3 82 1.0238
3 83 0.34378
3 84 8.50161
3 85 7.22912
3 86 2.64044
3 87 1.41432
3 88 0.32503
3 89 5.2591
3 90 3.19319
3 91 0.69616
3 92 2.17664
3 93 5.54901
3 94 5.69848
3 95 3.50707
3 96 4.35278
3 97 4.59174
3 98 0.10413
3 99 0.593
4 5 0.53576
4 6 4.2835
4 7 5.6717
4 8 7.7663
4 9 8.93317
4 10 0.96639
4 11 7.57183
4 12 1.67782
4 13 8.96761
4 14 4.69736
4 15 4.5462
4 16 4.76915
4 17 3.06629
4 18 3.44569
4 19 0.81566
4 20 1.82939
4 21 5.27561
4 22 3.94899
4 23 3.75541
4 24 1.3617
4 25 1.63678
4 26 5.90576
4 27 3.32201
4 28 3.00301
4 29 5.07371
4 30 8.51771
4 31 3.17821
4 32 7.01819
4 33 7.941
4 34 7.12122
4 35 0.66012
4 36 6.36141
4 37 8.11587
4 38 6.88305
4 39 7.28141
4 40 7.95426
4 41 7.96792
4 42 2.41114
4 43 6.34748
4 44 7.46935
4 45 0.03553
4 46 6.19544
4 47 6.60639
4 48 4.86888
4 49 6.65126
4 50 0.41456
4 51 0.54481
4 52 7.49363
4 53 7.0728
4 54 1.70455
4 55 7.14732
4 56 7.29193
4 57 1.57609
4 58 7.37859
4 59 7.33954
4 60 6.77305
4 61 5.17683
4 62 5.99938
4 63 1.2375
4 64 1.18216
4 65 7.36926
4 66 1.1865
4 67 2.02434
4 68 6.24742
4 69 1.46088
4 70 4.48868
4 71 8.85505
4 72 5.87987
4 73 5.67873
4 74 3.72771
4 75 7.63346
4 76 3.5972
4 77 3.51972
4 78 8.63337
4 79 5.95282
4 80 3.0182
4 81 3.53354
4 82 1.53262
4 83 3.89274
4 84 8.61904
4 85 3.70329
4 86 1.57301
4 87 0.03148
4 88 6.18908
4 89 5.15043
4 90 6.40987
4 91 8.81985
4 92 4.92156
4 93 0.32572
4 94 7.77322
4 95 6.74328
4 96 6.53977
4 97 7.63146
4 98 3.28997
4 99 1.28873
5 6 3.83167
5 7 4.76447
5 8 6.4642
5 9 1.33018
5 10 8.66966
5 11 0.63258
5 12 1.47863
5 13 5.47586
5 14 8.2927
5 15 5.52067
5 16 3.58726
5 17 5.92548
5 18 3.63373
5 19 3.34006
5 20 8.6891
5 21 8.0218
5 22 0.38898
5 23 7.53003
5 24 2.42533
5 25 8.40501
5 26 8.95611
5 27 7.68849
5 28 7.63901
5 29 7.30823
5 30 6.02388
5 31 0.95861
5 32 1.37789
5 33 2.26386
5 34 3.43129
5 35 1.20758
5 36 5.15447
5 37 1.65739
5 38 7.16217
5 39 7.08303
5 40 5.70931
5 41 5.47774
5 42 8.02123
5 43 4.82114
5 44 6.68671
5 45 0.73057
5 46 0.02974
5 47 8.71183
5 48 4.81936
5 49 3.42666
5 50 2.50917
5 51 8.42556
5 52 5.307
5 53 0.51033
5 54 8.02438
5 55 0.30404
5 56 0.23318
5 57 6.08928
5 58 0.18075
5 59 8.68449
5 60 6.58012
5 61 5.91524
5 62 0.04939
5 63 4.19754
5 64 5.6205
5 65 7.58209
5 66 8.45198
5 67 7.6453
5 68 2.80811
5 69 4.76432
5 70 4.14794
5 71 7.33294
5 72 0.76675
5 73 6.46402
5 74 5.51506
5 75 8.49146
5 76 8.35143
5 77 2.53827
5 78 2.98941
5 79 7.09665
5 80 0.58892
5 81 2.51574
5 82 4.80048
5 83 7.12109
5 84 8.52053
5 85 4.23197
5 86 1.73518
5 87 6.86057
5 88 7.37366
5 89 4.78491
5 90 3.52669
5 91 2.99134
5 92 8.33024
5 93 6.3894
5 94 3.90398
5 95 6.15915
5 96 7.45791
5 97 5.52863
5 98 3.01821
5 99 0.09875
6 7 2.66312
6 8 6.64337
6 9 5.75034
6 10 8.27127
6 11 2.02416
6 12 7.93977
6 13 1.16881
6 14 6.73424
6 15 6.8678
6 16 4.33052
6 17 8.23191
6 18 7.22886
6 19 2.2694
6 20 7.96608
6 21 7.87129
6 22 8.42987
6 23 2.55814
6 24 6.17587
6 25 1.54516
6 26 2.77007
6 27 7.79958
6 28 2.28975
6 29 4.5491
6 30 8.11169
6 31 0.83103
6 32 0.87106
6 33 5.28151
6 34 2.97221
6 35 0.83084
6 36 4.45109
6 37 4.86001
6 38 1.13521
6 39 3.47391
6 40 7.54325
6 41 8.09502
6 42 0.57694
6 43 2.0901
6 44 4.52339
6 45 3.62084
6 46 0.06001
6 47 3.42838
6 48 0.41952
6 49 7.88713
6 50 4.06533
6 51 8.84152
6 52 1.33881
6 53 8.19092
6 54 0.87107
6 55 3.22441
6 56 1.14248
6 57 8.73385
6 58 3.01916
6 59 6.89952
6 60 4.35078
6 61 7.95909
6 62 0.2009
6 63 1.02303
6 64 7.6078
6 65 1.90833
6 66 5.50887
6 67 4.76647
6 68 6.80568
6 69 2.38804
6 70 3.50366
6 71 6.12025
6 72 0.92877
6 73 5.09615
6 74 4.30817
6 75 0.35682
6 76 5.40063
6 77 3.26172
6 78 0.8232
6 79 6.69063
6 80 7.66959
6 81 5.09503
6 82 8.56768
6 83 2.70057
6 84 6.00632
6 85 1.40585
6 86 2.57258
6 87 3.32662
6 88 1.6806
6 89 1.28038
6 90 6.46936
6 91 0.45603
6 92 5.22767
6 93 1.59196
6 94 8.95985
6 95 7.23774
6 96 1.6542
6 97 0.82364
6 98 1.75418
6 99 3.12936
7 8 2.78172
7 9 7.39832
7 10 7.56117
7 11 8.61775
7 12 8.00139
7 13 0.66346
7 14 7.76399
7 15 1.90238
7 16 1.38182
7 17 4.28932
7 18 1.07386
7 19 2.50509
7 20 1.1704
7 21 1.00571
7 22 4.13008
7 23 5.35816
7 24 4.13971
7 25 7.93664
7 26 4.97139
7 27 2.55563
7 28 2.86796
7 29 4.84572
7 30 0.82839
7 31 5.22802
7 32 5.96459
7 33 5.93963
7 34 7.26828
7 35 8.25938
7 36 7.58111
7 37 8.20683
7 38 5.13604
7 39 0.6654
7 40 8.7985
7 41 0.97138
7 42 8.71997
7 43 4.37548
7 44 0.4739
7 45 6.02447
7 46 5.58597
7 47 3.01599
7 48 3.06577
7 49 5.52029
7 50 4.50371
7 51 4.86374
7 52 4.00734
7 53 6.39427
7 54 0.31339
7 55 7.18725
7 56 4.60549
7 57 6.72658
7 58 2.40605
7 59 3.53485
7 60 8.65064
7 61 5.18758
7 62 7.21769
7 63 6.95614
7 64 6.00568
7 65 8.71493
7 66 1.60664
7 67 0.11525
7 68 0.01093
7 69 6.84169
7 70 1.53014
7 71 8.39768
7 72 7.15982
7 73 4.85174
7 74 8.94629
7 75 7.09747
7 76 2.92429
7 77 8.38111
7 78 5.5329
7 79 3.27359
7 80 2.88795
7 81 7.13694
7 82 8.07213
7 83 2.3528
7 84 2.23963
7 85 7.62011
7 86 6.65414
7 87 6.64212
7 88 1.16006
7 89 1.30845
7 90 0.4182
7 91 7.26047
7 92 5.70546
7 93 7.92995
7 94 2.15524
7 95 4.41104
7 96 2.60979
7 97 5.62398
7 98 4.85606
7 99 5.4364
8 9 0.13924
8 10 6.58457
8 11 1.7424
8 12 0.1178
8 13 5.00592
8 14 6.55285
8 15 2.06833
8 16 8.78145
8 17 2.8404
8 18 7.79581
8 19 1.93746
8 20 4.87101
8 21 5.83872
8 22 4.74637
8 23 2.25804
8 24 4.66298
8 25 1.91758
8 26 2.00929
8 27 6.18457
8 28 2.58293
8 29 5.27837
8 30 8.978
8 31 5.84078
8 32 4.06499
8 33 5.17697
8 34 5.04556
8 35 4.04691
8 36 4.02199
8 37 2.33847
8 38 8.75922
8 39 6.09391
8 40 5.33226
8 41 8.31742
8 42 0.85497
8 43 8.70608
8 44 0.30856
8 45 5.20687
8 46 1.24766
8 47 5.30565
8 48 0.99869
8 49 6.47273
8 50 5.19833
8 51 5.31324
8 52 5.86379
8 53 1.03419
8 54 2.93793
8 55 0.20926
8 56 0.11461
8 57 7.5177
8 58 0.27864
8 59 4.03503
8 60 3.55402
8 61 3.69878
8 62 4.44601
8 63 3.55914
8 64 4.95936
8 65 0.13766
8 66 5.18446
8 67 5.14594
8 68 2.82654
8 69 7.1086
8 70 0.46961
8 71 7.21533
8 72 0.3788
8 73 0.37645
8 74 1.827
8 75 7.30296
8 76 4.44404
8 77 4.74521
8 78 8.09178
8 79 0.57555
8 80 3.81708
8 81 7.0903
8 82 6.90913
8 83 7.93969
8 84 0.96924
8 85 1.01586
8 86 1.79517
8 87 4.83179
8 88 8.57642
8 89 1.1808
8 90 8.88087
8 91 6.74432
8 92 0.01388
8 93 3.69921
8 94 7.36162
8 95 6.50623
8 96 4.80268
8 97 6.04478
8 98 6.23407
8 99 4.92439
9 10 6.52527
9 11 7.82236
9 12 7.11125
9 13 6.27459
9 14 7.33378
9 15 3.60498
9 16 6.01625
9 17 1.54034
9 18 0.31099
9 19 2.7479
9 20 5.85433
9 21 6.69923
9 22 6.30365
9 23 4.20493
9 24 3.4965
9 25 7.59497
9 26 3.46864
9 27 5.65611
9 28 0.31757
9 29 0.29664
9 30 5.00678
9 31 6.61233
9 32 0.90501
9 33 0.8945
9 34 4.1383
9 35 2.30712
9 36 0.93907
9 37 7.79601
9 38 5.16027
9 39 2.43077
9 40 6.67252
9 41 1.07306
9 42 4.71637
9 43 3.04861
9 44 4.00909
9 45 5.7185
9 46 2.11491
9 47 3.49849
9 48 2.7777
9 49 4.2683
9 50 4.51594
9 51 5.86493
9 52 3.14738
9 53 2.25617
9 54 3.95815
9 55 6.41149
9 56 8.04933
9 57 3.22821
9 58 7.14722
9 59 3.64274
9 60 4.51725
9 61 8.8641
9 62 8.86141
9 63 6.25535
9 64 5.74934
9 65 0.62611
9 66 7.85609
9 67 1.22346
9 68 6.776
9 69 0.22108
9 70 2.92824
9 71 8.55758
9 72 2.5677
9 73 7.19012
9 74 6.94497
9 75 0.48492
9 76 4.59204
9 77 5.23355
9 78 2.99562
9 79 2.51779
9 80 7.0964
9 81 4.67466
9 82 6.77058
9 83 2.68416
9 84 4.81251
9 85 7.48299
9 86 1.70424
9 87 2.49612
9 88 6.46429
9 89 4.29926
9 90 5.15393
9 91 4.77805
9 92 4.69413
9 93 4.85288
9 94 5.55166
9 95 1.89026
9 96 3.99076
9 97 7.2981
9 98 8.62697
9 99 3.08912
10 11 6.90672
10 12 4.89288
10 13 5.37234
10 14 0.63036
10 15 8.51413
10 16 5.53579
10 17 7.33013
10 18 0.72417
10 19 4.62963
10 20 5.01263
10 21 3.92952
10 22 0.2831
10 23 1.11814
10 24 3.92197
10 25 0.34704
10 26 7.20422
10 27 5.2941
10 28 8.89878
10 29 0.61295
10 30 8.51997
10 31 0.82809
10 32 6.94932
10 33 1.15992
10 34 3.62287
10 35 5.08129
10 36 4.15459
10 37 3.36952
10 38 7.03274
10 39 7.11541
10 40 6.66464
10 41 1.0383
10 42 5.51076
10 43 5.5455
10 44 5.03421
10 45 4.93725
10 46 7.36174
10 47 4.24998
10 48 5.96699
10 49 8.22724
10 50 1.81506
10 51 8.77439
10 52 6.18389
10 53 1.37502
10 54 6.20746
10 55 0.8283
10 56 7.42028
10 57 4.27488
10 58 2.2955
10 59 4.80665
10 60 3.06492
10 61 4.15267
10 62 3.07886
10 63 7.26425
10 64 3.08329
10 65 0.86063
10 66 5.36684
10 67 7.97558
10 68 4.08961
10 69 3.40512
10 70 0.05054
10 71 1.54683
10 72 5.60989
10 73 8.21923
10 74 4.73868
10 75 2.64062
10 76 5.48742
10 77 6.89542
10 78 0.01328
10 79 0.52288
10 80 1.4428
10 81 7.4865
10 82 8.86387
10 83 0.31062
10 84 1.93094
10 85 2.45269
10 86 5.12104
10 87 4.18682
10 88 6.60287
10 89 5.20077
10 90 6.71026
10 91 4.97294
10 92 8.2156
10 93 1.89758
10 94 5.07661
10 95 8.32173
10 96 0.37241
10 97 2.285
10 98 4.22559
10 99 3.34427
11 12 7.18511
11 13 7.53177
11 14 5.70663
11 15 0.46794
11 16 4.14639
11 17 6.18353
11 18 2.92743
11 19 3.81466
11 20 1.42823
11 21 6.06232
11 22 0.39694
11 23 3.32608
11 24 2.21797
11 25 6.44347
11 26 2.84796
11 27 2.26948
11 28 1.28451
11 29 5.63249
11 30 7.87417
11 31 3.81701
11 32 3.31772
11 33 6.30871
11 34 2.95142
11 35 8.77612
11 36 0.13426
11 37 3.59375
11 38 3.96982
11 39 5.76959
11 40 2.92923
11 41 6.89484
11 42 3.43414
11 43 8.67602
11 44 0.66893
11 45 7.33746
11 46 8.5632
11 47 7.47265
11 48 4.63367
11 49 3.23235
11 50 3.04085
11 51 7.33609
11 52 4.63143
11 53 4.86657
11 54 2.54966
11 55 4.34278
11 56 4.1513
11 57 4.57306
11 58 8.05651
11 59 7.82355
11 60 0.09907
11 61 6.62348
11 62 6.33864
11 63 1.2615
11 64 6.94537
11 65 6.56268
11 66 7.26898
11 67 5.12238
11 68 3.54574
11 69 7.47675
11 70 6.71541
11 71 3.36523
11 72 6.66744
11 73 0.29213
11 74 1.29228
11 75 0.62807
11 76 3.66564
11 77 6.05639
11 78 6.57116
11 79 5.94523
11 80 4.09434
11 81 1.74692
11 82 0.2196
11 83 5.45695
11 84 1.38215
11 85 8.601
11 86 6.53223
11 87 5.02791
11 88 2.74732
11 89 7.00727
11 90 2.56559
11 91 7.85512
11 92 3.28316
11 93 4.81731
11 94 8.07173
11 95 5.25614
11 96 8.71522
11 97 1.29473
11 98 0.04598
11 99 2.32017
12 13 5.3648
12 14 6.81338
12 15 8.02419
12 16 8.55285
12 17 8.97064
12 18 4.69375
12 19 8.48267
12 20 4.45056
12 21 1.17266
12 22 6.97391
12 23 2.79352
12 24 5.27659
12 25 6.80822
12 26 6.56397
12 27 5.32038
12 28 5.71221
12 29 1.16037
12 30 2.55779
12 31 0.77748
12 32 3.19733
12 33 6.65855
12 34 3.51236
12 35 1.8374
12 36 6.16633
12 37 4.04673
12 38 5.33003
12 39 6.39251
12 40 4.82814
12 41 7.9256
12 42 5.34608
12 43 3.4379
12 44 5.71423
12 45 4.28192
12 46 3.28079
12 47 2.2782
12 48 6.35677
12 49 3.25641
12 50 2.71254
12 51 7.806
12 52 2.49182
12 53 8.12301
12 54 4.16871
12 55 8.5086
12 56 2.95036
12 57 4.76281
12 58 3.13553
12 59 3.85618
12 60 4.40587
12 61 3.38582
12 62 5.44953
12 63 6.10753
12 64 0.58844
12 65 5.74372
12 66 0.33863
12 67 2.89691
12 68 7.58313
12 69 4.63582
12 70 8.97546
12 71 7.89298
12 72 1.96033
12 73 4.44366
12 74 0.03504
12 75 7.06819
12 76 6.07517
12 77 2.35886
12 78 6.42626
12 79 1.53661
12 80 2.90568
12 81 2.8753
12 82 2.09774
12 83 5.45951
12 84 1.17774
12 85 7.70348
12 86 8.38581
12 87 7.90523
12 88 0.65717
12 89 3.96019
12 90 6.86275
12 91 0.48104
12 92 0.9472
12 93 6.80223
12 94 5.811
12 95 0.35673
12 96 8.19634
12 97 8.61833
12 98 4.87033
12 99 4.1235
13 14 5.19248
13 15 7.52173
13 16 0.6101
13 17 5.61182
13 18 2.71704
13 19 4.34686
13 20 4.13123
13 21 6.6487
13 22 4.96964
13 23 6.90559
13 24 1.81413
13 25 4.64887
13 26 3.92233
13 27 0.06938
13 28 1.79627
13 29 1.66618
13 30 3.78248
13 31 7.22885
13 32 1.06878
13 33 8.46649
13 34 8.13388
13 35 5.84346
13 36 5.9782
13 37 2.3117
13 38 5.21129
13 39 3.75636
13 40 0.10695
13 41 7.30859
13 42 4.99516
13 43 7.7749
13 44 0.15078
13 45 5.74308
13 46 7.18175
13 47 6.7676
13 48 0.67568
13 49 4.65354
13 50 6.98263
13 51 0.02981
13 52 3.20004
13 53 0.68643
13 54 2.10485
13 55 0.96978
13 56 8.11216
13 57 2.43791
13 58 4.02747
13 59 2.44168
13 60 5.81682
13 61 2.71679
13 62 5.42268
13 63 5.16187
13 64 7.74687
13 65 2.0507
13 66 7.58484
13 67 6.21716
13 68 6.26588
13 69 1.21632
13 70 5.0769
13 71 0.14162
13 72 0.01396
13 73 2.0963
13 74 7.53259
13 75 0.59903
13 76 2.60629
13 77 8.02897
13 78 2.13079
13 79 5.37503
13 80 7.92077
13 81 7.6241
13 82 3.65767
13 83 4.03258
13 84 8.16254
13 85 3.18194
13 86 0.69595
13 87 5.2017
13 88 6.91837
13 89 7.41474
13 90 8.40643
13 91 6.84021
13 92 5.67438
13 93 6.52517
13 94 6.86436
13 95 0.49682
13 96 3.98887
13 97 3.0695
13 98 6.24394
13 99 3.09869
14 15 0.05687
14 16 2.77294
14 17 6.19401
14 18 4.61822
14 19 3.9741
14 20 3.57849
14 21 6.38771
14 22 6.12591
14 23 1.97105
14 24 1.58022
14 25 7.7189
14 26 5.05414
14 27 8.66015
14 28 1.2652
14 29 7.48551
14 30 3.43089
14 31 8.35968
14 32 0.62657
14 33 4.80742
14 34 3.75007
14 35 6.44086
14 36 8.34195
14 37 1.04593
14 38 0.99662
14 39 6.58616
14 40 7.39049
14 41 5.90526
14 42 8.83121
14 43 5.91449
14 44 4.24491
14 45 4.07171
14 46 2.1815
14 47 2.44507
14 48 1.86781
14 49 8.5791
14 50 6.95769
14 51 6.37602
14 52 1.38803
14 53 8.12808
14 54 0.43873
14 55 2.36348
14 56 2.42863
14 57 8.27524
14 58 2.8507
14 59 5.49911
14 60 6.08499
14 61 6.23962
14 62 5.45054
14 63 2.08485
14 64 5.39214
14 65 7.10555
14 66 5.97546
14 67 6.41865
14 68 6.02116
14 69 7.45841
14 70 5.13388
14 71 2.43511
14 72 5.45017
14 73 1.53257
14 74 1.02755
14 75 3.16403
14 76 0.0237
14 77 5.09871
14 78 8.4688
14 79 4.70867
14 80 8.12391
14 81 4.78572
14 82 7.36726
14 83 5.03631
14 84 1.96637
14 85 1.83442
14 86 5.23619
14 87 6.68011
14 88 3.04251
14 89 4.11086
14 90 3.42452
14 91 7.06357
14 92 0.4925
14 93 7.79926
14 94 6.28193
14 95 3.17582
14 96 5.79599
14 97 0.60162
14 98 2.44059
14 99 4.48877
15 16 6.65948
15 17 7.49299
15 18 2.99181
15 19 4.06084
15 20 4.39182
15 21 6.71926
15 22 6.9593
15 23 5.91071
15 24 8.66393
15 25 1.66576
15 26 4.61705
15 27 3.29866
15 28 8.12074
15 29 7.06193
15 30 0.07303
15 31 6.52612
15 32 4.45486
15 33 1.73842
15 34 4.22452
15 35 7.95255
15 36 3.30506
15 37 3.91525
15 38 3.46691
15 39 1.11795
15 40 4.56615
15 41 3.05939
15 42 7.17802
15 43 8.80631
15 44 5.0788
15 45 5.8671
15 46 6.25518
15 47 7.11122
15 48 1.22893
15 49 6.35981
15 50 6.27901
15 51 1.65977
15 52 1.88885
15 53 3.51016
15 54 1.83531
15 55 3.50706
15 56 6.63916
15 57 5.02023
15 58 5.57751
15 59 2.57981
15 60 8.7016
15 61 7.42276
15 62 4.92271
15 63 3.42839
15 64 6.33824
15 65 4.25832
15 66 3.41451
15 67 8.91792
15 68 7.71892
15 69 3.52923
15 70 7.35052
15 71 8.96914
15 72 0.71187
15 73 6.98886
15 74 0.3727
15 75 5.48769
15 76 5.7261
15 77 3.8493
15 78 6.38545
15 79 5.18333
15 80 1.37644
15 81 4.75242
15 82 6.19147
15 83 5.38946
15 84 8.89429
15 85 4.41791
15 86 0.52451
15 87 3.76297
15 88 5.54286
15 89 5.61871
15 90 1.35537
15 91 7.93119
15 92 7.14856
15 93 0.90138
15 94 1.85083
15 95 8.39623
15 96 5.08435
15 97 2.67376
15 98 2.40861
15 99 8.24017
16 17 3.14649
16 18 8.03634
16 19 2.53185
16 20 2.21398
16 21 1.9302
16 22 3.76613
16 23 3.03118
16 24 6.97539
16 25 5.19215
16 26 3.93111
16 27 4.28482
16 28 0.02867
16 29 8.02279
16 30 2.59105
16 31 1.78496
16 32 5.19372
16 33 1.11869
16 34 0.84672
16 35 8.90857
16 36 2.35254
16 37 7.57469
16 38 1.02344
16 39 6.68197
16 40 5.30036
16 41 4.14958
16 42 2.05108
16 43 5.61443
16 44 2.1521
16 45 4.73122
16 46 3.48655
16 47 1.12766
16 48 6.53822
16 49 4.6645
16 50 2.63632
16 51 2.6914
16 52 7.83305
16 53 3.00324
16 54 8.45819
16 55 2.3452
16 56 6.91286
16 57 3.95505
16 58 0.63668
16 59 5.05425
16 60 2.39851
16 61 1.53001
16 62 6.19538
16 63 7.49034
16 64 5.68797
16 65 5.27588
16 66 1.58089
16 67 1.2812
16 68 8.86557
16 69 2.96826
16 70 4.19407
16 71 0.34408
16 72 1.97853
16 73 5.46758
16 74 1.4592
16 75 2.48323
16 76 6.85929
16 77 6.84941
16 78 8.71824
16 79 6.45766
16 80 3.3319
16 81 6.35831
16 82 3.83356
16 83 0.02575
16 84 2.17984
16 85 1.18274
16 86 4.36928
16 87 6.98224
16 88 5.05755
16 89 3.25497
16 90 7.84917
16 91 4.92231
16 92 6.55179
16 93 7.77181
16 94 1.28984
16 95 4.48005
16 96 8.45018
16 97 6.24758
16 98 2.71395
16 99 5.94977
17 18 8.55549
17 19 6.00763
17 20 1.78163
17 21 8.77491
17 22 3.56965
17 23 7.35066
17 24 4.53918
17 25 4.12885
17 26 8.07929
17 27 1.82721
17 28 5.49502
17 29 6.95049
17 30 2.49017
17 31 3.61488
17 32 2.25545
17 33 3.65747
17 34 0.55366
17 35 4.4502
17 36 6.83265
17 37 5.86769
17 38 5.93623
17 39 1.93778
17 40 2.42561
17 41 0.37364
17 42 1.89679
17 43 4.21871
17 44 0.80197
17 45 3.02239
17 46 6.84594
17 47 5.47964
17 48 5.32722
17 49 4.44766
17 50 5.16191
17 51 3.55574
17 52 3.59762
17 53 4.4109
17 54 1.77295
17 55 7.1845
17 56 4.43163
17 57 5.70118
17 58 5.30109
17 59 7.35523
17 60 7.32609
17 61 2.12194
17 62 0.4891
17 63 3.73019
17 64 7.2405
17 65 4.71435
17 66 3.83067
17 67 1.40314
17 68 0.84411
17 69 2.9213
17 70 6.36592
17 71 2.19275
17 72 5.84577
17 73 5.96286
17 74 2.47316
17 75 0.08869
17 76 3.50162
17 77 1.91167
17 78 1.26144
17 79 2.8808
17 80 0.7739
17 81 2.31843
17 82 5.76648
17 83 0.95831
17 84 4.72288
17 85 8.94105
17 86 3.17937
17 87 4.72768
17 88 3.74942
17 89 8.01425
17 90 5.76003
17 91 1.84168
17 92 1.31337
17 93 0.65288
17 94 0.59048
17 95 8.88841
17 96 1.31041
17 97 0.1157
17 98 0.71553
17 99 8.16259
18 19 2.21646
18 20 2.17379
18 21 3.07239
18 22 7.8087
18 23 2.7923
18 24 8.57396
18 25 5.43326
18 26 2.88804
18 27 1.89747
18 28 4.4166
18 29 0.9224
18 30 4.45899
18 31 7.62852
18 32 1.56684
18 33 6.69052
18 34 0.75602
18 35 1.01794
18 36 5.52821
18 37 8.32405
18 38 5.46722
18 39 7.72795
18 40 7.28933
18 41 7.16592
18 42 4.7668
18 43 0.90703
18 44 4.99103
18 45 2.73985
18 46 5.14427
18 47 0.84171
18 48 2.68099
18 49 4.94704
18 50 8.49211
18 51 6.43542
18 52 7.69641
18 53 0.81987
18 54 0.46277
18 55 4.75785
18 56 0.71072
18 57 8.69368
18 58 8.55207
18 59 6.37513
18 60 8.48093
18 61 1.1254
18 62 2.57435
18 63 2.88447
18 64 2.95035
18 65 1.48948
18 66 6.70079
18 67 6.8974
18 68 5.69647
18 69 2.93846
18 70 5.76086
18 71 7.7019
18 72 2.00624
18 73 0.46228
18 74 0.51286
18 75 1.42677
18 76 7.72365
18 77 6.47297
18 78 0.29376
18 79 0.52516
18 80 4.90531
18 81 7.75915
18 82 0.60894
18 83 1.94187
18 84 3.98332
18 85 0.66381
18 86 4.05911
18 87 5.34863
18 88 6.9322
18 89 6.14837
18 90 8.93086
18 91 5.94014
18 92 3.06094
18 93 7.5903
18 94 4.04385
18 95 4.47335
18 96 5.50451
18 97 8.60371
18 98 2.31423
18 99 1.97495
19 20 8.91421
19 21 0.31706
19 22 2.86162
19 23 4.94478
19 24 3.28937
19 25 2.70034
19 26 4.29135
19 27 7.70992
19 28 6.25854
19 29 6.38229
19 30 0.05886
19 31 5.52831
19 32 1.9881
19 33 5.6684
19 34 2.41091
19 35 0.09736
19 36 4.15452
19 37 2.73676
19 38 5.73318
19 39 6.56531
19 40 0.40596
19 41 2.46652
19 42 7.55798
19 43 2.92079
19 44 5.28176
19 45 0.39254
19 46 0.32168
19 47 3.07199
19 48 3.54306
19 49 6.68281
19 50 5.81927
19 51 4.17977
19 52 8.87248
19 53 6.18795
19 54 5.07236
19 55 3.24396
19 56 7.51735
19 57 8.66188
19 58 0.30753
19 59 3.71971
19 60 3.61637
19 61 3.94693
19 62 6.01037
19 63 4.03775
19 64 0.36581
19 65 1.87053
19 66 3.8768
19 67 7.31933
19 68 2.13973
19 69 4.79796
19 70 4.20762
19 71 0.06325
19 72 6.543
19 73 3.12327
19 74 7.94329
19 75 8.84048
19 76 5.50394
19 77 7.26892
19 78 1.58563
19 79 1.71029
19 80 1.14096
19 81 8.72703
19 82 5.37825
19 83 7.97006
19 84 3.54525
19 85 5.28796
19 86 2.42372
19 87 7.97976
19 88 3.3737
19 89 6.75297
19 90 3.21237
19 91 7.35541
19 92 6.98354
19 93 0.74565
19 94 3.1835
19 95 7.7637
19 96 2.698
19 97 8.34494
19 98 0.47795
19 99 2.28066
20 21 7.60515
20 22 8.49778
20 23 7.44439
20 24 1.27808
20 25 5.43494
20 26 6.36052
20 27 4.87954
20 28 6.17696
20 29 6.25338
20 30 8.32506
20 31 2.92837
20 32 7.78031
20 33 1.44979
20 34 4.7137
20 35 8.8519
20 36 7.31451
20 37 3.19593
20 38 8.00447
20 39 4.80157
20 40 2.64349
20 41 7.1607
20 42 8.80289
20 43 5.91657
20 44 5.13311
20 45 1.92744
20 46 1.77051
20 47 2.70035
20 48 7.96904
20 49 4.9991
20 50 1.43865
20 51 8.25107
20 52 4.37187
20 53 3.33872
20 54 7.71952
20 55 1.87187
20 56 3.93017
20 57 8.76688
20 58 3.50766
20 59 2.98746
20 60 1.95823
20 61 5.64098
20 62 2.53109
20 63 5.92899
20 64 6.91821
20 65 2.83171
20 66 1.9581
20 67 6.0681
20 68 3.80428
20 69 2.05683
20 70 0.85223
20 71 2.06157
20 72 8.94204
20 73 8.14328
20 74 4.82583
20 75 3.64469
20 76 8.63447
20 77 8.26413
20 78 6.91225
20 79 0.3202
20 80 6.03492
20 81 5.15943
20 82 7.87122
20 83 8.16628
20 84 3.30684
20 85 8.00767
20 86 7.94025
20 87 4.32155
20 88 4.91948
20 89 8.18567
20 90 2.41423
20 91 8.92178
20 92 1.45395
20 93 0.96244
20 94 1.25943
20 95 1.23765
20 96 5.99501
20 97 2.62352
20 98 7.77345
20 99 1.53328
21 22 4.14078
21 23 2.26211
21 24 1.03521
21 25 0.61787
21 26 7.77815
21 27 5.01802
21 28 6.51714
21 29 2.39286
21 30 5.28266
21 31 4.00184
21 32 3.3636
21 33 0.54972
21 34 4.53968
21 35 0.86686
21 36 5.38633
21 37 1.39123
21 38 6.22912
21 39 5.56397
21 40 7.3475
21 41 2.20473
21 42 1.69989
21 43 4.92397
21 44 4.00853
21 45 8.02763
21 46 7.76214
21 47 8.68366
21 48 1.21699
21 49 5.08597
21 50 0.13486
21 51 5.23193
21 52 6.17397
21 53 6.40626
21 54 5.16597
21 55 0.9144
21 56 6.63079
21 57 4.09989
21 58 4.59302
21 59 7.47875
21 60 0.17867
21 61 7.42655
21 62 7.19693
21 63 4.19389
21 64 8.93509
21 65 3.76572
21 66 1.69268
21 67 6.37594
21 68 5.58891
21 69 8.87319
21 70 5.02052
21 71 8.67967
21 72 2.70751
21 73 5.12099
21 74 8.45219
21 75 7.64734
21 76 7.21881
21 77 2.29577
21 78 5.25011
21 79 1.17551
21 80 8.66696
21 81 0.10628
21 82 5.68034
21 83 6.84057
21 84 1.52663
21 85 2.87424
21 86 3.4705
21 87 4.62862
21 88 0.50125
21 89 3.824
21 90 6.68299
21 91 6.88263
21 92 2.54511
21 93 1.43896
21 94 6.06319
21 95 6.82052
21 96 6.25949
21 97 4.88892
21 98 6.31367
21 99 0.60003
22 23 3.40855
22 24 6.79225
22 25 8.95435
22 26 3.08296
22 27 7.94723
22 28 5.40697
22 29 2.82771
22 30 4.07188
22 31 0.68171
22 32 7.73487
22 33 7.27919
22 34 6.82126
22 35 1.24596
22 36 8.55662
22 37 5.83148
22 38 2.877
22 39 4.58851
22 40 4.80361
22 41 2.2012
22 42 2.39791
22 43 0.12379
22 44 3.1636
22 45 3.4269
22 46 2.52996
22 47 1.16802
22 48 7.16836
22 49 3.88181
22 50 3.22379
22 51 2.9934
22 52 7.13902
22 53 5.06957
22 54 1.93556
22 55 7.61439
22 56 6.16734
22 57 6.76078
22 58 7.77069
22 59 0.7165
22 60 6.37448
22 61 4.51885
22 62 6.14269
22 63 8.26754
22 64 6.31377
22 65 3.18133
22 66 2.74798
22 67 6.31386
22 68 5.90452
22 69 3.45423
22 70 5.17537
22 71 5.92302
22 72 1.12452
22 73 0.02792
22 74 4.72988
22 75 3.75819
22 76 4.17916
22 77 0.64092
22 78 5.93908
22 79 0.34274
22 80 0.19998
22 81 2.67445
22 82 6.44338
22 83 5.45821
22 84 4.49878
22 85 8.61369
22 86 3.49913
22 87 6.85685
22 88 8.30717
22 89 0.52176
22 90 8.92798
22 91 2.70391
22 92 4.3816
22 93 2.3687
22 94 3.66006
22 95 5.82593
22 96 8.50105
22 97 2.19915
22 98 3.3904
22 99 6.60076
23 24 7.72169
23 25 6.92619
23 26 8.468
23 27 1.81952
23 28 2.53705
23 29 4.49804
23 30 1.64247
23 31 8.11603
23 32 7.05363
23 33 6.52121
23 34 2.00665
23 35 4.37908
23 36 6.53993
23 37 0.33303
23 38 0.16452
23 39 6.93057
23 40 8.76922
23 41 5.27536
23 42 5.07766
23 43 8.62321
23 44 8.72294
23 45 4.07887
23 46 7.36029
23 47 8.01387
23 48 4.25714
23 49 2.676
23 50 0.39184
23 51 2.13897
23 52 8.3097
23 53 2.00949
23 54 1.05681
23 55 3.95793
23 56 7.85671
23 57 1.8004
23 58 2.33377
23 59 8.36801
23 60 3.67369
23 61 6.22316
23 62 0.17443
23 63 3.89478
23 64 1.6089
23 65 5.21666
23 66 5.42621
23 67 2.54366
23 68 5.5267
23 69 5.89545
23 70 2.44617
23 71 0.22196
23 72 5.54042
23 73 7.95068
23 74 5.75436
23 75 3.34685
23 76 5.96526
23 77 4.93982
23 78 5.18595
23 79 2.53719
23 80 7.78367
23 81 7.25264
23 82 4.41163
23 83 5.23631
23 84 4.74008
23 85 7.15749
23 86 1.3613
23 87 3.33306
23 88 6.16323
23 89 2.73904
23 90 4.69895
23 91 2.9224
23 92 4.34152
23 93 5.78521
23 94 3.80442
23 95 1.5421
23 96 0.92799
23 97 0.97455
23 98 2.72818
23 99 2.89334
24 25 0.39495
24 26 1.28988
24 27 4.78618
24 28 5.53484
24 29 2.30881
24 30 0.26061
24 31 4.29436
24 32 8.51544
24 33 6.30783
24 34 8.37551
24 35 7.42844
24 36 8.00726
24 37 2.27435
24 38 2.1499
24 39 5.40833
24 40 0.75616
24 41 8.42303
24 42 3.11929
24 43 2.76071
24 44 2.49443
24 45 6.44134
24 46 6.45213
24 47 4.72342
24 48 8.67578
24 49 4.00117
24 50 6.84577
24 51 7.72069
24 52 3.1816
24 53 6.06569
24 54 4.6977
24 55 8.53503
24 56 4.39805
24 57 8.07595
24 58 3.98578
24 59 3.7306
24 60 1.20729
24 61 4.25589
24 62 5.22051
24 63 1.25381
24 64 8.77502
24 65 1.46522
24 66 7.38985
24 67 8.38922
24 68 5.87547
24 69 7.46764
24 70 2.64367
24 71 1.64548
24 72 7.1532
24 73 1.09202
24 74 7.06162
24 75 1.06134
24 76 8.12365
24 77 6.417
24 78 8.96764
24 79 4.9412
24 80 8.28912
24 81 2.22722
24 82 8.86484
24 83 2.48176
24 84 3.57034
24 85 2.41975
24 86 7.88946
24 87 7.94593
24 88 5.25013
24 89 1.17247
24 90 8.1973
24 91 6.7324
24 92 4.08862
24 93 7.70737
24 94 4.17306
24 95 0.78917
24 96 6.81003
24 97 5.08107
24 98 2.59696
24 99 2.0123
25 26 6.16674
25 27 8.49996
25 28 8.97286
25 29 5.42833
25 30 5.44822
25 31 4.07053
25 32 1.53832
25 33 2.72735
25 34 0.55674
25 35 6.84109
25 36 8.25781
25 37 3.97626
25 38 8.78686
25 39 0.92486
25 40 2.13831
25 41 5.5383
25 42 3.65404
25 43 8.54007
25 44 1.6226
25 45 6.64462
25 46 4.32966
25 47 3.30242
25 48 0.79532
25 49 8.70931
25 50 8.62455
25 51 8.53351
25 52 7.75218
25 53 0.35094
25 54 6.01764
25 55 8.95556
25 56 5.08284
25 57 6.64989
25 58 0.35238
25 59 2.69496
25 60 2.87621
25 61 5.50048
25 62 7.24284
25 63 0.86034
25 64 6.68188
25 65 7.41323
25 66 4.42881
25 67 6.95224
25 68 8.82531
25 69 5.19081
25 70 3.37059
25 71 2.68362
25 72 1.91057
25 73 3.81105
25 74 5.38822
25 75 5.6498
25 76 5.24988
25 77 5.34878
25 78 1.10922
25 79 2.3046
25 80 6.01492
25 81 3.5502
25 82 7.26588
25 83 7.83377
25 84 0.62497
25 85 3.94355
25 86 8.41054
25 87 3.12717
25 88 5.20136
25 89 6.1553
25 90 5.27636
25 91 3.31949
25 92 0.3976
25 93 0.29224
25 94 2.38812
25 95 2.20745
25 96 7.9642
25 97 4.85332
25 98 5.67192
25 99 5.42709
26 27 7.95409
26 28 1.01077
26 29 4.86291
26 30 7.09842
26 31 2.4657
26 32 7.2797
26 33 2.37225
26 34 2.57077
26 35 7.50032
26 36 2.60738
26 37 2.64696
26 38 1.8968
26 39 0.44574
26 40 5.8486
26 41 8.66713
26 42 3.21101
26 43 8.89511
26 44 8.70358
26 45 3.39643
26 46 3.89603
26 47 2.32493
26 48 4.96214
26 49 2.27735
26 50 6.24528
26 51 4.36577
26 52 8.64628
26 53 1.6373
26 54 0.78679
26 55 2.95635
26 56 0.521
26 57 3.12308
26 58 7.8199
26 59 5.74765
26 60 1.00244
26 61 7.22224
26 62 7.83497
26 63 8.39343
26 64 5.37907
26 65 1.48783
26 66 3.04173
26 67 5.14559
26 68 3.71203
26 69 3.41992
26 70 7.43909
26 71 8.43038
26 72 5.96846
26 73 0.28865
26 74 4.53909
26 75 0.46654
26 76 2.89728
26 77 1.96358
26 78 3.55218
26 79 4.39582
26 80 2.91867
26 81 6.22443
26 82 1.81823
26 83 3.09525
26 84 5.65128
26 85 6.6101
26 86 2.66658
26 87 3.00364
26 88 2.84768
26 89 4.20413
26 90 7.92514
26 91 3.01389
26 92 6.50581
26 93 7.71893
26 94 3.31744
26 95 8.02429
26 96 5.37769
26 97 6.95073
26 98 7.44171
26 99 0.72716
27 28 1.97025
27 29 5.66979
27 30 8.17891
27 31 0.05361
27 32 8.62683
27 33 3.26245
27 34 6.48939
27 35 7.03287
27 36 8.03876
27 37 2.07302
27 38 7.80604
27 39 5.28665
27 40 5.86453
27 41 2.12053
27 42 2.18726
27 43 3.50356
27 44 3.87009
27 45 3.08979
27 46 4.75447
27 47 4.84799
27 48 7.40823
27 49 0.70773
27 50 4.1226
27 51 7.28065
27 52 4.40554
27 53 1.6672
27 54 4.09642
27 55 4.6587
27 56 6.04998
27 57 2.53223
27 58 4.32349
27 59 3.58294
27 60 3.39026
27 61 7.94938
27 62 3.0991
27 63 4.65011
27 64 2.71373
27 65 7.11658
27 66 6.59705
27 67 5.60745
27 68 1.18273
27 69 7.8042
27 70 0.3547
27 71 7.40308
27 72 7.07605
27 73 3.8145
27 74 6.95015
27 75 5.54787
27 76 6.35489
27 77 1.12999
27 78 7.84052
27 79 5.84502
27 80 7.56611
27 81 2.18707
27 82 3.40451
27 83 8.30445
27 84 1.63014
27 85 7.90446
27 86 1.621
27 87 8.95557
27 88 7.69615
27 89 6.93814
27 90 6.49714
27 91 3.54207
27 92 1.70591
27 93 5.75251
27 94 5.08878
27 95 5.30198
27 96 6.41485
27 97 4.15801
27 98 5.20901
27 99 8.26812
28 29 8.39542
28 30 0.00013
28 31 1.89086
28 32 1.11442
28 33 4.47528
28 34 4.13661
28 35 8.28148
28 36 2.5835
28 37 3.22195
28 38 5.96279
28 39 7.627
28 40 2.33195
28 41 6.92743
28 42 2.3219
28 43 6.0651
28 44 8.23941
28 45 1.01529
28 46 7.32988
28 47 1.76646
28 48 4.84426
28 49 1.41286
28 50 8.51549
28 51 7.03067
28 52 4.97679
28 53 4.93114
28 54 0.20732
28 55 0.72183
28 56 8.77514
28 57 4.17533
28 58 6.78355
28 59 6.141
28 60 5.82432
28 61 3.37723
28 62 6.77803
28 63 6.7621
28 64 8.63636
28 65 8.36965
28 66 7.8849
28 67 7.91825
28 68 2.66848
28 69 5.57534
28 70 2.74577
28 71 2.05585
28 72 4.83841
28 73 1.707
28 74 2.623
28 75 3.01069
28 76 2.85036
28 77 3.96717
28 78 4.81224
28 79 3.99154
28 80 0.87359
28 81 3.25435
28 82 4.0465
28 83 0.43001
28 84 7.95103
28 85 1.60714
28 86 8.77263
28 87 7.38782
28 88 2.83122
28 89 6.74682
28 90 6.26562
28 91 8.75692
28 92 7.18267
28 93 0.51398
28 94 4.65209
28 95 3.49713
28 96 3.61914
28 97 1.10182
28 98 2.06223
28 99 8.31793
29 30 7.78014
29 31 1.47688
29 32 4.28298
29 33 3.38553
29 34 3.65765
29 35 3.23235
29 36 8.05517
29 37 7.77151
29 38 4.02063
29 39 8.82885
29 40 7.47455
29 41 4.97499
29 42 5.30036
29 43 8.38963
29 44 4.8817
29 45 2.34768
29 46 6.3412
29 47 7.7629
29 48 6.87599
29 49 5.81499
29 50 0.74525
29 51 8.01735
29 52 1.9574
29 53 4.83652
29 54 0.96352
29 55 1.35542
29 56 5.83574
29 57 3.80787
29 58 1.26933
29 59 5.69964
29 60 5.42167
29 61 4.6291
29 62 3.5582
29 63 2.28763
29 64 8.69013
29 65 4.97501
29 66 0.07638
29 67 1.92942
29 68 1.3504
29 69 0.36156
29 70 2.2863
29 71 8.0427
29 72 5.07297
29 73 4.00454
29 74 4.13068
29 75 3.91647
29 76 3.08398
29 77 1.41111
29 78 7.65197
29 79 1.39232
29 80 6.70799
29 81 2.54545
29 82 3.88183
29 83 7.81057
29 84 2.2833
29 85 6.90666
29 86 3.05822
29 87 7.33722
29 88 5.66905
29 89 3.53259
29 90 5.7923
29 91 3.05436
29 92 6.95646
29 93 7.23462
29 94 3.00228
29 95 5.68683
29 96 8.66885
29 97 1.46834
29 98 4.21583
29 99 6.55068
30 31 2.11143
30 32 7.52135
30 33 8.60883
30 34 3.26288
30 35 6.9689
30 36 5.4769
30 37 5.74392
30 38 8.80285
30 39 2.83192
30 40 4.84547
30 41 8.56206
30 42 0.96895
30 43 3.51295
30 44 5.66917
30 45 4.22593
30 46 0.32268
30 47 2.18609
30 48 0.94049
30 49 3.25919
30 50 1.48453
30 51 1.59759
30 52 0.97473
30 53 3.90926
30 54 3.3927
30 55 5.60189
30 56 0.02418
30 57 4.83959
30 58 0.46555
30 59 4.35581
30 60 6.50473
30 61 3.41658
30 62 2.14054
30 63 4.25425
30 64 5.4075
30 65 7.93101
30 66 4.08936
30 67 6.0368
30 68 4.98991
30 69 5.91018
30 70 3.55175
30 71 0.89508
30 72 6.39503
30 73 8.89088
30 74 2.10236
30 75 2.67411
30 76 1.47961
30 77 2.84439
30 78 1.97593
30 79 1.54186
30 80 7.49143
30 81 7.92839
30 82 0.56912
30 83 0.25335
30 84 1.04547
30 85 2.51413
30 86 0.62565
30 87 8.67933
30 88 4.01355
30 89 1.22507
30 90 3.50337
30 91 0.78152
30 92 6.30643
30 93 1.25884
30 94 5.91297
30 95 2.51781
30 96 7.98516
30 97 3.85201
30 98 6.61301
30 99 5.41249
31 32 3.64054
31 33 1.19996
31 34 1.1046
31 35 6.95122
31 36 1.02801
31 37 6.62521
31 38 7.65821
31 39 4.78376
31 40 5.97461
31 41 6.21939
31 42 2.18053
31 43 2.75501
31 44 6.8419
31 45 8.93543
31 46 3.77267
31 47 7.4757
31 48 1.41513
31 49 5.91658
31 50 7.24312
31 51 3.61219
31 52 7.50689
31 53 5.71432
31 54 2.69292
31 55 2.60205
31 56 0.46552
31 57 7.38009
31 58 2.26048
31 59 3.86784
31 60 3.73341
31 61 7.05976
31 62 3.48532
31 63 1.09245
31 64 4.45003
31 65 0.24714
31 66 8.85108
31 67 1.37265
31 68 5.51656
31 69 1.13719
31 70 2.44364
31 71 2.50562
31 72 4.26166
31 73 0.96601
31 74 7.21757
31 75 4.71735
31 76 0.37599
31 77 6.55269
31 78 1.44476
31 79 7.27775
31 80 8.54159
31 81 4.07063
31 82 2.3904
31 83 1.49491
31 84 0.8582
31 85 1.47275
31 86 8.12845
31 87 1.95155
31 88 2.0354
31 89 1.47643
31 90 2.5515
31 91 0.75867
31 92 3.19625
31 93 0.67757
31 94 8.69056
31 95 1.56071
31 96 8.13435
31 97 0.11264
31 98 7.57699
31 99 8.51636
32 33 7.41844
32 34 2.83206
32 35 8.41832
32 36 3.93345
32 37 5.36671
32 38 3.57837
32 39 3.9234
32 40 8.97151
32 41 6.05338
32 42 6.28378
32 43 5.18588
32 44 0.28602
32 45 5.31452
32 46 8.20339
32 47 1.91739
32 48 2.80706
32 49 0.63188
32 50 2.90118
32 51 2.7644
32 52 7.11414
32 53 7.41559
32 54 3.23106
32 55 7.62442
32 56 7.85671
32 57 0.00199
32 58 3.86476
32 59 8.48432
32 60 5.48782
32 61 2.8469
32 62 5.04561
32 63 2.47315
32 64 7.42599
32 65 0.51212
32 66 7.71994
32 67 4.35795
32 68 3.85752
32 69 6.20857
32 70 6.15147
32 71 7.92276
32 72 6.14519
32 73 5.32588
32 74 5.41323
32 75 4.88057
32 76 2.08822
32 77 3.28959
32 78 6.9284
32 79 0.10618
32 80 5.87242
32 81 8.1716
32 82 4.60495
32 83 8.70257
32 84 7.57668
32 85 6.47284
32 86 1.77526
32 87 4.35876
32 88 0.13902
32 89 7.39715
32 90 8.88624
32 91 0.95367
32 92 7.72502
32 93 2.39371
32 94 3.08219
32 95 7.23542
32 96 8.98606
32 97 3.3122
32 98 7.56187
32 99 8.8068
33 34 6.46143
33 35 4.25592
33 36 3.27948
33 37 7.32005
33 38 4.07015
33 39 0.1338
33 40 7.77866
33 41 0.33622
33 42 0.92664
33 43 3.57681
33 44 6.96823
33 45 6.80468
33 46 0.57752
33 47 5.33102
33 48 4.2094
33 49 4.56366
33 50 5.48264
33 51 7.66512
33 52 2.99137
33 53 1.47457
33 54 5.31956
33 55 6.14339
33 56 6.1581
33 57 2.40416
33 58 1.24134
33 59 2.87275
33 60 4.2396
33 61 3.80934
33 62 3.43932
33 63 8.25706
33 64 8.87095
33 65 3.13765
33 66 7.75096
33 67 2.16554
33 68 8.51912
33 69 5.10518
33 70 2.5419
33 71 3.48281
33 72 6.3631
33 73 2.3777
33 74 2.22243
33 75 7.12799
33 76 5.39083
33 77 6.24328
33 78 7.8849
33 79 8.28126
33 80 6.80195
33 81 7.96318
33 82 7.33964
33 83 0.87373
33 84 2.17148
33 85 1.36373
33 86 5.48939
33 87 7.28215
33 88 7.59484
33 89 6.48337
33 90 2.57894
33 91 6.4599
33 92 7.25537
33 93 5.06473
33 94 2.17065
33 95 1.07239
33 96 0.28935
33 97 8.89311
33 98 4.20096
33 99 8.31323
34 35 4.11133
34 36 5.07764
34 37 1.09863
34 38 5.21153
34 39 3.9591
34 40 2.80963
34 41 7.51774
34 42 0.70227
34 43 6.36273
34 44 7.86916
34 45 0.80239
34 46 0.57933
34 47 7.03016
34 48 0.12166
34 49 0.21712
34 50 0.91968
34 51 8.46785
34 52 6.6265
34 53 7.06215
34 54 0.07604
34 55 0.78237
34 56 6.81688
34 57 4.47035
34 58 4.51479
34 59 4.10367
34 60 4.65099
34 61 8.0071
34 62 0.57245
34 63 7.17329
34 64 1.43305
34 65 6.0774
34 66 5.80839
34 67 5.73084
34 68 6.70309
34 69 1.89601
34 70 5.93843
34 71 1.03362
34 72 1.30255
34 73 8.79089
34 74 8.79196
34 75 7.29441
34 76 2.75772
34 77 8.32168
34 78 3.5007
34 79 2.49165
34 80 0.60204
34 81 3.25068
34 82 1.7821
34 83 0.24013
34 84 0.02426
34 85 8.90666
34 86 0.81477
34 87 5.44564
34 88 5.48231
34 89 8.70704
34 90 6.2297
34 91 8.15503
34 92 5.29692
34 93 8.77566
34 94 4.97833
34 95 7.49577
34 96 0.75689
34 97 2.04589
34 98 0.58464
34 99 0.59098
35 36 8.63778
35 37 0.06737
35 38 0.77611
35 39 3.8105
35 40 3.0913
35 41 0.83936
35 42 1.18179
35 43 6.534
35 44 6.37931
35 45 8.1026
35 46 6.07708
35 47 1.456
35 48 4.19461
35 49 0.08499
35 50 3.33562
35 51 4.67198
35 52 7.53472
35 53 4.80938
35 54 2.14914
35 55 8.07583
35 56 3.82697
35 57 4.37048
35 58 5.97494
35 59 5.85622
35 60 7.1868
35 61 2.26655
35 62 6.65279
35 63 5.98748
35 64 1.3679
35 65 5.42669
35 66 1.39395
35 67 4.8865
35 68 4.43144
35 69 4.57379
35 70 2.37586
35 71 6.05389
35 72 4.69449
35 73 8.30216
35 74 7.89787
35 75 3.04212
35 76 7.90594
35 77 1.52731
35 78 4.65434
35 79 3.44863
35 80 6.71245
35 81 1.40705
35 82 4.80406
35 83 3.40246
35 84 8.79239
35 85 7.66681
35 86 4.94559
35 87 8.87562
35 88 2.88534
35 89 0.21028
35 90 7.25838
35 91 0.786
35 92 1.49079
35 93 2.91826
35 94 1.41667
35 95 8.88052
35 96 5.14176
35 97 3.99177
35 98 7.05662
35 99 5.2261
36 37 7.15166
36 38 1.7757
36 39 3.93883
36 40 7.28146
36 41 2.58449
36 42 7.06678
36 43 5.59886
36 44 2.77176
36 45 7.67294
36 46 1.10724
36 47 6.66239
36 48 7.34655
36 49 2.88241
36 50 8.26003
36 51 7.39513
36 52 1.84442
36 53 2.1785
36 54 1.27681
36 55 2.17233
36 56 1.42595
36 57 4.33617
36 58 6.98429
36 59 5.73371
36 60 4.7596
36 61 3.05297
36 62 5.65296
36 63 6.1134
36 64 3.69135
36 65 0.31011
36 66 6.7856
36 67 3.02765
36 68 4.92248
36 69 4.48182
36 70 4.22552
36 71 7.49948
36 72 5.64699
36 73 5.7346
36 74 2.65616
36 75 7.04513
36 76 7.71729
36 77 6.73057
36 78 0.71225
36 79 5.17385
36 80 8.45813
36 81 3.46088
36 82 4.94817
36 83 6.33638
36 84 3.70707
36 85 8.42654
36 86 3.42111
36 87 3.03197
36 88 7.73895
36 89 7.62393
36 90 1.62859
36 91 0.66299
36 92 5.55372
36 93 8.04434
36 94 6.49135
36 95 8.56946
36 96 8.59474
36 97 3.73765
36 98 1.06572
36 99 8.94037
37 38 8.31355
37 39 1.49614
37 40 1.16281
37 41 2.43161
37 42 0.07145
37 43 2.99809
37 44 1.68114
37 45 8.07903
37 46 8.61985
37 47 4.40763
37 48 8.7272
37 49 0.78068
37 50 4.81184
37 51 3.80754
37 52 2.21979
37 53 1.4811
37 54 4.4703
37 55 1.16322
37 56 2.84874
37 57 8.84097
37 58 8.67917
37 59 0.00692
37 60 0.90427
37 61 4.48873
37 62 8.81383
37 63 7.99232
37 64 7.1799
37 65 4.34943
37 66 2.96032
37 67 2.48593
37 68 1.88819
37 69 3.44114
37 70 0.89987
37 71 1.9415
37 72 3.08747
37 73 3.22949
37 74 7.97336
37 75 6.27196
37 76 4.31507
37 77 6.82702
37 78 1.79758
37 79 3.06331
37 80 5.90633
37 81 7.02659
37 82 6.71881
37 83 1.40507
37 84 8.97544
37 85 2.16088
37 86 4.95695
37 87 8.6836
37 88 5.3223
37 89 8.73183
37 90 5.09618
37 91 8.10277
37 92 0.62463
37 93 2.07021
37 94 6.87276
37 95 0.3322
37 96 0.78628
37 97 7.42139
37 98 1.9221
37 99 8.07343
38 39 6.994
38 40 3.38804
38 41 6.95767
38 42 6.60032
38 43 3.15627
38 44 1.42258
38 45 3.80443
38 46 0.81741
38 47 4.19018
38 48 7.409
38 49 1.69661
38 50 3.64073
38 51 3.08214
38 52 6.708
38 53 1.29905
38 54 6.92498
38 55 2.13658
38 56 5.40169
38 57 3.00192
38 58 7.49972
38 59 1.10137
38 60 1.82308
38 61 8.62955
38 62 8.84887
38 63 5.02502
38 64 4.37087
38 65 4.65033
38 66 2.35368
38 67 7.91661
38 68 8.7911
38 69 4.83025
38 70 4.9709
38 71 8.53712
38 72 4.10503
38 73 3.63911
38 74 2.80389
38 75 8.27825
38 76 6.81493
38 77 8.44663
38 78 3.53078
38 79 5.89116
38 80 5.27774
38 81 0.96304
38 82 3.86974
38 83 2.42883
38 84 2.72962
38 85 3.24335
38 86 6.69315
38 87 4.20028
38 88 8.91224
38 89 5.06184
38 90 2.40283
38 91 2.21052
38 92 0.55304
38 93 5.14793
38 94 8.81484
38 95 8.54355
38 96 8.99557
38 97 1.32593
38 98 3.65214
38 99 1.98461
39 40 6.74344
39 41 0.08777
39 42 0.18164
39 43 8.22626
39 44 1.59656
39 45 0.02987
39 46 1.13782
39 47 3.43341
39 48 6.5785
39 49 7.75861
39 50 3.11266
39 51 2.89734
39 52 0.39123
39 53 8.21489
39 54 3.6285
39 55 2.99094
39 56 1.56339
39 57 0.91078
39 58 3.73213
39 59 0.82647
39 60 3.90612
39 61 7.45579
39 62 8.87834
39 63 8.3418
39 64 4.77013
39 65 2.22164
39 66 8.19202
39 67 5.25713
39 68 8.26254
39 69 3.65414
39 70 7.03123
39 71 5.37006
39 72 5.44649
39 73 6.86529
39 74 8.08592
39 75 4.7131
39 76 3.27168
39 77 5.35841
39 78 4.6182
39 79 5.60216
39 80 6.13552
39 81 2.85004
39 82 7.77657
39 83 8.60188
39 84 0.54592
39 85 6.57745
39 86 2.78689
39 87 4.99693
39 88 3.0309
39 89 4.42728
39 90 0.66345
39 91 7.92075
39 92 0.42975
39 93 5.21605
39 94 4.72347
39 95 2.63236
39 96 4.62644
39 97 0.22735
39 98 5.36017
39 99 3.30095
40 41 3.42062
40 42 1.7311
40 43 8.92065
40 44 6.26029
40 45 2.03
40 46 1.87966
40 47 2.37744
40 48 5.34081
40 49 7.50124
40 50 0.0513
40 51 7.29139
40 52 7.07964
40 53 8.94659
40 54 0.83867
40 55 3.60183
40 56 1.11778
40 57 2.90753
40 58 3.22526
40 59 0.76701
40 60 0.08911
40 61 5.77552
40 62 5.79021
40 63 5.4344
40 64 4.16581
40 65 1.71728
40 66 2.13002
40 67 1.5875
40 68 5.83922
40 69 1.29428
40 70 6.74828
40 71 3.45052
40 72 7.74437
40 73 3.50552
40 74 4.78862
40 75 1.71616
40 76 0.97096
40 77 5.91947
40 78 4.33703
40 79 0.62811
40 80 2.03502
40 81 4.25176
40 82 5.05918
40 83 4.50047
40 84 8.48636
40 85 4.89288
40 86 2.52374
40 87 7.0375
40 88 2.16397
40 89 7.37779
40 90 2.38729
40 91 6.41643
40 92 4.21527
40 93 3.5575
40 94 2.48332
40 95 3.4909
40 96 0.25147
40 97 8.97043
40 98 2.44926
40 99 4.45313
41 42 2.22804
41 43 2.28082
41 44 3.21599
41 45 2.81906
41 46 6.76992
41 47 3.67619
41 48 6.5178
41 49 8.46267
41 50 5.20638
41 51 8.28375
41 52 8.44492
41 53 2.94968
41 54 1.77695
41 55 1.8173
41 56 6.21245
41 57 3.55086
41 58 3.89066
41 59 3.33934
41 60 3.66824
41 61 1.98657
41 62 7.2824
41 63 4.58793
41 64 7.47452
41 65 7.54399
41 66 4.77223
41 67 3.9882
41 68 4.99969
41 69 5.53365
41 70 6.74377
41 71 1.37294
41 72 0.4107
41 73 6.51758
41 74 3.90498
41 75 3.59818
41 76 1.79621
41 77 4.01317
41 78 4.29533
41 79 6.37357
41 80 8.71296
41 81 8.8905
41 82 6.47955
41 83 3.40686
41 84 7.09027
41 85 8.42657
41 86 2.26924
41 87 4.87038
41 88 8.71541
41 89 8.48517
41 90 0.07308
41 91 7.28021
41 92 2.76183
41 93 8.98569
41 94 8.32494
41 95 5.98435
41 96 2.463
41 97 0.23147
41 98 3.71044
41 99 2.53425
42 43 5.78192
42 44 3.2401
42 45 3.05211
42 46 3.50348
42 47 2.95492
42 48 1.80371
42 49 5.41828
42 50 8.24482
42 51 7.39072
42 52 8.15301
42 53 4.44355
42 54 7.09088
42 55 4.5992
42 56 2.69133
42 57 3.52073
42 58 3.43826
42 59 8.51601
42 60 8.61513
42 61 8.38929
42 62 7.27421
42 63 0.93637
42 64 4.71757
42 65 2.33077
42 66 4.91498
42 67 7.06889
42 68 2.58188
42 69 7.88737
42 70 2.67564
42 71 8.51867
42 72 8.1377
42 73 0.93349
42 74 4.47858
42 75 4.8137
42 76 7.31304
42 77 0.81494
42 78 1.74238
42 79 8.10828
42 80 8.00416
42 81 1.0785
42 82 4.10088
42 83 7.71893
42 84 3.03743
42 85 0.31472
42 86 0.6248
42 87 2.0504
42 88 3.74063
42 89 1.76616
42 90 6.30926
42 91 0.87178
42 92 5.05261
42 93 7.1336
42 94 0.27822
42 95 7.6044
42 96 2.03438
42 97 8.19201
42 98 1.56862
42 99 5.96488
43 44 2.11647
43 45 6.08553
43 46 8.06899
43 47 8.53758
43 48 5.63706
43 49 7.24285
43 50 4.83913
43 51 4.79695
43 52 2.5144
43 53 1.50812
43 54 6.88622
43 55 1.53427
43 56 6.09696
43 57 7.7237
43 58 8.1296
43 59 5.89118
43 60 6.07435
43 61 6.06078
43 62 8.85318
43 63 7.72764
43 64 7.0064
43 65 3.77703
43 66 6.86998
43 67 7.87821
43 68 1.08496
43 69 6.77876
43 70 0.87004
43 71 1.34121
43 72 5.6667
43 73 4.58521
43 74 3.16362
43 75 3.28277
43 76 2.76454
43 77 2.26197
43 78 2.04607
43 79 7.78051
43 80 1.7574
43 81 1.24892
43 82 6.46794
43 83 3.67158
43 84 8.71372
43 85 8.52697
43 86 8.02508
43 87 7.74057
43 88 4.61201
43 89 3.96765
43 90 5.00069
43 91 0.68083
43 92 8.61001
43 93 0.03881
43 94 6.40538
43 95 1.671
43 96 7.68071
43 97 4.83987
43 98 2.97872
43 99 1.59712
44 45 3.1086
44 46 1.77224
44 47 8.47787
44 48 1.67719
44 49 3.30011
44 50 7.07989
44 51 3.40853
44 52 2.07671
44 53 2.79054
44 54 8.10736
44 55 2.89849
44 56 8.48414
44 57 1.34108
44 58 7.84941
44 59 7.69883
44 60 8.13107
44 61 4.39206
44 62 7.6158
44 63 5.62976
44 64 2.68307
44 65 0.55862
44 66 7.35967
44 67 4.16936
44 68 5.6504
44 69 6.2778
44 70 8.70429
44 71 2.62359
44 72 4.20668
44 73 0.40554
44 74 1.5577
44 75 2.95842
44 76 2.29384
44 77 6.04217
44 78 4.55104
44 79 4.66171
44 80 7.38018
44 81 2.55904
44 82 2.7238
44 83 4.91388
44 84 2.10021
44 85 2.11926
44 86 1.91506
44 87 1.71202
44 88 6.42388
44 89 7.16721
44 90 3.79356
44 91 6.60364
44 92 7.32813
44 93 5.4939
44 94 2.05512
44 95 1.63989
44 96 5.98636
44 97 7.1562
44 98 8.16324
44 99 4.24842
45 46 2.00377
45 47 6.834
45 48 3.07912
45 49 8.45141
45 50 2.66287
45 51 3.01517
45 52 6.28264
45 53 0.55065
45 54 0.28016
45 55 4.7414
45 56 1.64577
45 57 2.85175
45 58 1.26238
45 59 2.16351
45 60 6.2346
45 61 4.71956
45 62 5.08132
45 63 3.05985
45 64 2.14035
45 65 2.59447
45 66 5.00284
45 67 3.1464
45 68 7.37849
45 69 0.21314
45 70 1.86698
45 71 4.84598
45 72 8.65274
45 73 1.26264
45 74 7.42869
45 75 8.02505
45 76 0.55243
45 77 3.00202
45 78 0.63956
45 79 4.74216
45 80 0.7607
45 81 7.85214
45 82 3.63286
45 83 0.61739
45 84 0.07385
45 85 5.6753
45 86 0.28816
45 87 5.9296
45 88 8.2875
45 89 5.08414
45 90 5.63489
45 91 3.21569
45 92 6.15207
45 93 2.93534
45 94 7.61388
45 95 6.2014
45 96 5.6772
45 97 0.85082
45 98 7.75562
45 99 5.29838
46 47 1.11687
46 48 6.65537
46 49 3.32179
46 50 5.4336
46 51 4.7182
46 52 0.48915
46 53 4.50889
46 54 0.50624
46 55 6.87034
46 56 3.07027
46 57 6.56451
46 58 6.83784
46 59 2.19224
46 60 6.94614
46 61 5.08784
46 62 2.46679
46 63 4.26983
46 64 3.34826
46 65 4.89107
46 66 4.30003
46 67 8.6276
46 68 2.78132
46 69 2.19927
46 70 3.51934
46 71 0.53386
46 72 2.47927
46 73 0.88916
46 74 2.84545
46 75 4.84916
46 76 7.75561
46 77 5.8004
46 78 1.57954
46 79 2.38439
46 80 8.87903
46 81 4.63076
46 82 5.9753
46 83 7.8048
46 84 2.83748
46 85 2.8874
46 86 5.548
46 87 4.38158
46 88 5.22644
46 89 2.0517
46 90 2.73062
46 91 1.63392
46 92 3.50587
46 93 1.4138
46 94 8.48313
46 95 7.69113
46 96 6.52399
46 97 3.75849
46 98 2.75025
46 99 6.55705
47 48 8.30811
47 49 3.26156
47 50 7.27619
47 51 3.1655
47 52 7.68398
47 53 2.83707
47 54 6.35819
47 55 5.1986
47 56 6.94562
47 57 7.99013
47 58 5.69828
47 59 8.30639
47 60 2.23197
47 61 8.85114
47 62 3.80693
47 63 2.01035
47 64 8.62229
47 65 3.67537
47 66 7.92024
47 67 7.38515
47 68 2.97263
47 69 2.8971
47 70 7.1974
47 71 3.03904
47 72 0.69287
47 73 3.87004
47 74 3.03172
47 75 7.3478
47 76 7.75113
47 77 1.92431
47 78 8.73393
47 79 8.42537
47 80 8.14048
47 81 4.58732
47 82 3.66314
47 83 3.22067
47 84 4.75129
47 85 5.88616
47 86 7.01224
47 87 6.2273
47 88 2.49088
47 89 3.25145
47 90 4.32399
47 91 1.69444
47 92 1.72482
47 93 7.14391
47 94 6.94104
47 95 3.70779
47 96 4.97006
47 97 3.84899
47 98 8.59822
47 99 2.62164
48 49 6.06941
48 50 6.69964
48 51 3.00801
48 52 0.82174
48 53 2.57873
48 54 0.78516
48 55 1.44425
48 56 8.31523
48 57 7.15648
48 58 7.23935
48 59 0.85584
48 60 2.48361
48 61 3.40736
48 62 0.4614
48 63 2.87478
48 64 1.75602
48 65 0.92774
48 66 7.39182
48 67 6.68113
48 68 2.25063
48 69 6.79389
48 70 1.75392
48 71 1.28236
48 72 4.43766
48 73 8.01048
48 74 6.38282
48 75 2.87884
48 76 1.20711
48 77 7.26318
48 78 3.39866
48 79 8.86971
48 80 4.69548
48 81 2.75701
48 82 7.2582
48 83 7.94276
48 84 2.45609
48 85 0.46828
48 86 2.38883
48 87 3.25157
48 88 1.36164
48 89 1.86568
48 90 4.45514
48 91 1.55904
48 92 6.54414
48 93 4.34366
48 94 2.52091
48 95 6.35684
48 96 0.66899
48 97 6.07252
48 98 6.97046
48 99 8.5971
49 50 8.23939
49 51 0.19524
49 52 8.00179
49 53 8.96954
49 54 6.89485
49 55 6.1825
49 56 1.90709
49 57 5.33342
49 58 6.14474
49 59 8.64203
49 60 7.24188
49 61 4.69783
49 62 7.17525
49 63 2.57344
49 64 5.27303
49 65 5.02489
49 66 8.81046
49 67 0.43674
49 68 5.74151
49 69 2.83863
49 70 2.06727
49 71 3.19582
49 72 1.13493
49 73 4.942
49 74 4.25446
49 75 6.6715
49 76 2.98323
49 77 7.81674
49 78 2.3657
49 79 0.71017
49 80 5.83189
49 81 4.85163
49 82 2.66165
49 83 7.4136
49 84 6.25431
49 85 1.36856
49 86 2.12241
49 87 7.90417
49 88 2.87474
49 89 1.56605
49 90 1.78565
49 91 6.9356
49 92 5.06854
49 93 5.12169
49 94 7.44198
49 95 3.30961
49 96 4.95833
49 97 8.2399
49 98 1.56861
49 99 8.77807
50 51 6.86813
50 52 4.01246
50 53 6.97447
50 54 4.91834
50 55 4.30242
50 56 4.35722
50 57 0.42652
50 58 3.13752
50 59 1.93745
50 60 7.84552
50 61 3.23481
50 62 7.10454
50 63 6.30449
50 64 5.0016
50 65 6.82633
50 66 2.40648
50 67 8.10736
50 68 2.48402
50 69 1.64475
50 70 3.37476
50 71 2.89069
50 72 1.33329
50 73 5.57934
50 74 0.3068
50 75 1.38104
50 76 8.20407
50 77 4.96877
50 78 3.25585
50 79 2.71207
50 80 2.98152
50 81 7.56186
50 82 0.93171
50 83 4.81991
50 84 2.78936
50 85 5.85963
50 86 8.52079
50 87 1.81373
50 88 7.68938
50 89 2.63726
50 90 4.34582
50 91 8.68973
50 92 7.82383
50 93 1.74641
50 94 4.61477
50 95 5.8374
50 96 6.48826
50 97 2.65206
50 98 5.03062
50 99 8.65379
51 52 3.02337
51 53 1.75985
51 54 3.41721
51 55 0.27799
51 56 7.39442
51 57 5.37921
51 58 1.14922
51 59 5.9103
51 60 4.67018
51 61 4.63692
51 62 7.47964
51 63 2.14995
51 64 5.65758
51 65 8.13068
51 66 8.0935
51 67 7.66901
51 68 1.99754
51 69 5.24941
51 70 6.04004
51 71 8.36069
51 72 6.10285
51 73 0.22624
51 74 0.65319
51 75 6.93457
51 76 8.55928
51 77 1.58101
51 78 0.08224
51 79 8.6587
51 80 4.9984
51 81 4.25493
51 82 2.10037
51 83 8.97228
51 84 2.2515
51 85 5.02733
51 86 8.03719
51 87 0.93271
51 88 7.66073
51 89 3.42783
51 90 5.3297
51 91 6.7382
51 92 0.20577
51 93 4.94156
51 94 2.92482
51 95 5.18487
51 96 7.60337
51 97 4.66864
51 98 3.20226
51 99 3.86158
52 53 2.49997
52 54 7.87966
52 55 3.22152
52 56 8.76482
52 57 3.84706
52 58 6.63754
52 59 1.94773
52 60 0.64202
52 61 5.08139
52 62 3.16488
52 63 0.38197
52 64 3.25364
52 65 3.33453
52 66 1.70407
52 67 2.43167
52 68 6.97157
52 69 5.46963
52 70 2.76215
52 71 6.50126
52 72 2.39701
52 73 2.12038
52 74 2.61237
52 75 6.13729
52 76 6.06865
52 77 4.27772
52 78 4.09657
52 79 7.41029
52 80 7.86675
52 81 5.91674
52 82 0.79536
52 83 7.96916
52 84 1.3866
52 85 2.71937
52 86 8.27702
52 87 2.85085
52 88 4.82193
52 89 8.12479
52 90 6.66872
52 91 1.79256
52 92 2.38019
52 93 1.69162
52 94 2.30838
52 95 3.7216
52 96 7.84815
52 97 4.98935
52 98 5.47507
52 99 8.86096
53 54 0.9915
53 55 6.54686
53 56 1.51477
53 57 5.87783
53 58 1.93694
53 59 0.97137
53 60 1.32038
53 61 5.86597
53 62 5.54332
53 63 8.27892
53 64 7.27244
53 65 0.66193
53 66 1.52807
53 67 7.00603
53 68 8.07616
53 69 5.87736
53 70 2.06443
53 71 8.3456
53 72 3.04039
53 73 2.75977
53 74 0.31967
53 75 1.35119
53 76 5.50574
53 77 7.9116
53 78 3.07002
53 79 1.7229
53 80 5.95888
53 81 4.09197
53 82 4.0658
53 83 5.00718
53 84 6.97776
53 85 0.0733
53 86 4.30721
53 87 1.63973
53 88 7.35614
53 89 8.04452
53 90 6.27147
53 91 6.54059
53 92 1.89619
53 93 7.92915
53 94 8.18641
53 95 2.50874
53 96 2.08936
53 97 5.26132
53 98 2.61534
53 99 5.04218
54 55 8.92112
54 56 8.04124
54 57 7.55386
54 58 6.53943
54 59 1.42903
54 60 0.55277
54 61 5.87949
54 62 8.09313
54 63 6.92351
54 64 4.0229
54 65 5.66872
54 66 5.07034
54 67 0.56116
54 68 6.10159
54 69 4.72364
54 70 0.0028
54 71 3.10286
54 72 2.15696
54 73 0.62742
54 74 5.08793
54 75 2.18884
54 76 6.84979
54 77 5.21588
54 78 0.03797
54 79 2.65105
54 80 1.98954
54 81 0.6887
54 82 2.60081
54 83 6.78701
54 84 1.50195
54 85 8.66744
54 86 0.89729
54 87 5.05064
54 88 2.16558
54 89 6.58606
54 90 8.71215
54 91 8.81436
54 92 4.76744
54 93 6.39082
54 94 5.13317
54 95 3.06763
54 96 3.49095
54 97 7.452
54 98 2.32752
54 99 2.47202
55 56 1.78356
55 57 0.20631
55 58 2.92509
55 59 2.54418
55 60 5.06701
55 61 5.24368
55 62 2.89912
55 63 7.0964
55 64 0.13936
55 65 0.2394
55 66 8.30715
55 67 1.50566
55 68 0.21488
55 69 5.4293
55 70 1.76549
55 71 5.7372
55 72 7.30954
55 73 0.78538
55 74 5.75964
55 75 3.64295
55 76 2.51135
55 77 0.40588
55 78 6.90277
55 79 5.09286
55 80 3.9438
55 81 6.76378
55 82 1.88382
55 83 1.65368
55 84 2.48335
55 85 1.6446
55 86 5.89198
55 87 6.26167
55 88 8.14746
55 89 7.46216
55 90 2.05743
55 91 4.95844
55 92 8.46113
55 93 0.27574
55 94 2.3866
55 95 5.17251
55 96 5.40225
55 97 7.8666
55 98 4.85465
55 99 7.87203
56 57 2.53267
56 58 7.47158
56 59 4.34313
56 60 3.10323
56 61 5.63584
56 62 6.63622
56 63 3.89262
56 64 0.74674
56 65 4.25598
56 66 3.11676
56 67 4.6957
56 68 1.59036
56 69 7.35668
56 70 1.50887
56 71 1.93123
56 72 1.48408
56 73 2.25146
56 74 3.21993
56 75 0.47949
56 76 8.22301
56 77 4.81615
56 78 1.04395
56 79 2.37781
56 80 0.6123
56 81 6.49678
56 82 7.19421
56 83 5.03361
56 84 3.55644
56 85 1.35577
56 86 8.83635
56 87 4.69578
56 88 5.82841
56 89 2.4259
56 90 2.89112
56 91 3.96842
56 92 8.93205
56 93 0.752
56 94 8.63824
56 95 7.3321
56 96 7.98351
56 97 2.27826
56 98 2.33906
56 99 6.36064
57 58 3.95212
57 59 1.40735
57 60 6.9667
57 61 0.21145
57 62 1.90311
57 63 5.61229
57 64 1.64844
57 65 1.50035
57 66 8.77643
57 67 1.37967
57 68 4.55596
57 69 5.15951
57 70 3.73806
57 71 0.56701
57 72 5.7983
57 73 6.95811
57 74 7.98232
57 75 4.85443
57 76 1.81426
57 77 8.83251
57 78 3.39192
57 79 8.74467
57 80 8.49925
57 81 4.75485
57 82 3.84912
57 83 6.08849
57 84 7.31359
57 85 2.35933
57 86 6.3089
57 87 4.19764
57 88 1.82704
57 89 4.72158
57 90 7.67888
57 91 1.40423
57 92 6.55114
57 93 7.52479
57 94 4.94365
57 95 3.32183
57 96 4.76328
57 97 7.2003
57 98 7.38002
57 99 1.08483
58 59 1.05223
58 60 8.64934
58 61 1.25184
58 62 7.21464
58 63 7.69141
58 64 8.52471
58 65 5.63375
58 66 6.62476
58 67 7.60057
58 68 8.17899
58 69 7.05415
58 70 3.98597
58 71 6.04219
58 72 7.31932
58 73 0.89288
58 74 2.75159
58 75 4.09664
58 76 7.72677
58 77 3.0092
58 78 0.24289
58 79 8.60199
58 80 2.53332
58 81 0.31479
58 82 4.32526
58 83 6.99984
58 84 5.01691
58 85 0.09713
58 86 6.53741
58 87 6.16241
58 88 5.3594
58 89 3.29819
58 90 0.6674
58 91 2.00255
58 92 7.21908
58 93 0.95614
58 94 5.50741
58 95 0.4977
58 96 7.05914
58 97 0.73417
58 98 4.255
58 99 0.83625
59 60 0.31878
59 61 0.41915
59 62 2.5082
59 63 3.50032
59 64 4.67952
59 65 8.06557
59 66 7.54733
59 67 6.85113
59 68 7.55147
59 69 8.77417
59 70 8.24531
59 71 0.33956
59 72 1.82198
59 73 8.35743
59 74 8.96655
59 75 6.49154
59 76 8.52435
59 77 7.71511
59 78 7.91439
59 79 8.07236
59 80 5.04752
59 81 3.22995
59 82 7.54577
59 83 6.91502
59 84 3.08358
59 85 1.1546
59 86 5.61214
59 87 3.40985
59 88 0.97839
59 89 3.92683
59 90 3.74027
59 91 8.18245
59 92 5.09516
59 93 0.48968
59 94 8.3967
59 95 8.3565
59 96 5.05525
59 97 8.84851
59 98 4.02959
59 99 3.2383
60 61 8.37075
60 62 7.03556
60 63 5.51152
60 64 8.4389
60 65 7.14747
60 66 3.54891
60 67 5.74882
60 68 8.7774
60 69 6.97619
60 70 4.61719
60 71 0.00607
60 72 1.47089
60 73 5.59007
60 74 6.63859
60 75 3.3934
60 76 5.88345
60 77 5.00003
60 78 1.79778
60 79 0.18997
60 80 8.64177
60 81 6.31615
60 82 7.91277
60 83 2.15887
60 84 4.90001
60 85 1.34468
60 86 8.84174
60 87 7.77335
60 88 0.41017
60 89 0.39927
60 90 5.42354
60 91 0.25292
60 92 1.92193
60 93 6.85913
60 94 2.04051
60 95 5.7922
60 96 0.59898
60 97 4.84655
60 98 5.04129
60 99 3.1025
61 62 1.58142
61 63 4.03879
61 64 2.63302
61 65 7.98469
61 66 5.02709
61 67 2.03033
61 68 4.07589
61 69 4.12637
61 70 7.65682
61 71 1.09101
61 72 8.29378
61 73 5.98256
61 74 6.15303
61 75 7.15127
61 76 7.98959
61 77 0.35509
61 78 3.51797
61 79 8.56345
61 80 5.20384
61 81 7.32468
61 82 6.0514
61 83 6.14983
61 84 5.11456
61 85 0.01572
61 86 5.20632
61 87 4.54516
61 88 4.49888
61 89 8.81156
61 90 0.36583
61 91 5.64822
61 92 3.68607
61 93 3.5285
61 94 2.63734
61 95 7.28373
61 96 2.22803
61 97 6.99195
61 98 4.72649
61 99 8.56711
62 63 3.32705
62 64 2.98629
62 65 3.70234
62 66 3.80597
62 67 6.61762
62 68 7.34034
62 69 5.58991
62 70 5.7259
62 71 8.22219
62 72 5.51627
62 73 2.02177
62 74 4.84944
62 75 7.29714
62 76 8.92893
62 77 7.26636
62 78 0.1002
62 79 7.31706
62 80 2.45603
62 81 8.12904
62 82 5.47546
62 83 3.62134
62 84 0.98329
62 85 3.26565
62 86 8.01573
62 87 5.29089
62 88 2.22448
62 89 8.75227
62 90 5.85719
62 91 5.24189
62 92 0.22633
62 93 4.94438
62 94 7.23236
62 95 5.7152
62 96 1.48724
62 97 7.70221
62 98 1.35621
62 99 8.11964
63 64 4.90492
63 65 8.96271
63 66 0.1183
63 67 5.16215
63 68 7.2224
63 69 0.68454
63 70 8.6569
63 71 0.16943
63 72 2.39322
63 73 7.3732
63 74 5.01588
63 75 2.8942
63 76 7.96791
63 77 2.85753
63 78 2.25329
63 79 8.19714
63 80 2.5846
63 81 7.48408
63 82 8.31505
63 83 2.41965
63 84 8.47008
63 85 2.13412
63 86 8.20443
63 87 6.05435
63 88 6.76941
63 89 6.9621
63 90 6.3158
63 91 0.79264
63 92 5.80399
63 93 0.767
63 94 1.21601
63 95 3.63983
63 96 5.58015
63 97 8.78319
63 98 3.05998
63 99 3.50733
64 65 7.88539
64 66 5.6423
64 67 1.08941
64 68 5.49815
64 69 5.68868
64 70 4.13757
64 71 3.38666
64 72 7.20487
64 73 8.70474
64 74 3.80656
64 75 3.58993
64 76 4.82136
64 77 5.595
64 78 7.61051
64 79 4.7244
64 80 6.0621
64 81 1.91655
64 82 6.37702
64 83 4.63589
64 84 5.44257
64 85 6.68136
64 86 0.54
64 87 2.69783
64 88 8.29548
64 89 5.87873
64 90 1.08319
64 91 1.95896
64 92 6.70062
64 93 1.58039
64 94 3.90851
64 95 8.4435
64 96 7.77944
64 97 4.37142
64 98 7.396
64 99 0.2387
65 66 2.94404
65 67 1.89208
65 68 5.63827
65 69 5.76418
65 70 4.18323
65 71 2.10789
65 72 7.56165
65 73 1.5592
65 74 5.27855
65 75 5.23761
65 76 3.08967
65 77 0.09199
65 78 1.82771
65 79 8.1744
65 80 2.14735
65 81 5.92734
65 82 7.94368
65 83 3.79047
65 84 2.47052
65 85 3.32186
65 86 5.61701
65 87 7.96115
65 88 0.5573
65 89 7.66668
65 90 3.34828
65 91 5.51265
65 92 3.85496
65 93 0.78765
65 94 6.43005
65 95 2.15251
65 96 4.2152
65 97 7.77786
65 98 1.5636
65 99 3.35441
66 67 0.12044
66 68 3.73333
66 69 8.67611
66 70 7.4957
66 71 2.16161
66 72 5.05256
66 73 7.24319
66 74 7.53949
66 75 7.35332
66 76 8.63462
66 77 8.21304
66 78 2.2591
66 79 7.89151
66 80 3.16421
66 81 4.37466
66 82 7.20521
66 83 4.89902
66 84 2.81689
66 85 0.90478
66 86 3.04815
66 87 6.91761
66 88 8.76331
66 89 5.32604
66 90 1.53443
66 91 6.06896
66 92 3.5261
66 93 8.00662
66 94 1.12146
66 95 2.76118
66 96 8.5246
66 97 7.95689
66 98 6.44026
66 99 4.42458
67 68 7.84567
67 69 4.20275
67 70 3.37461
67 71 0.23362
67 72 1.31172
67 73 2.24504
67 74 6.02493
67 75 5.00263
67 76 0.71435
67 77 2.31069
67 78 3.06917
67 79 2.32616
67 80 1.24812
67 81 5.59372
67 82 8.97466
67 83 7.09626
67 84 8.17955
67 85 1.60975
67 86 7.21881
67 87 3.86343
67 88 8.95033
67 89 6.13094
67 90 0.37787
67 91 1.565
67 92 2.80357
67 93 1.85399
67 94 2.10851
67 95 4.50122
67 96 4.67031
67 97 8.19345
67 98 1.52244
67 99 4.19594
68 69 4.37591
68 70 6.71933
68 71 2.06141
68 72 4.10877
68 73 3.91516
68 74 7.68301
68 75 0.7951
68 76 5.43853
68 77 8.13001
68 78 4.6688
68 79 7.54447
68 80 0.35192
68 81 2.81858
68 82 1.07934
68 83 0.1243
68 84 8.56505
68 85 3.03988
68 86 4.40695
68 87 0.90163
68 88 1.99694
68 89 6.57907
68 90 3.87879
68 91 3.62571
68 92 7.73097
68 93 0.43697
68 94 5.67001
68 95 1.69433
68 96 1.20015
68 97 3.1373
68 98 6.78711
68 99 1.59544
69 70 5.79034
69 71 0.71763
69 72 7.39947
69 73 2.12326
69 74 5.76437
69 75 6.35229
69 76 4.37568
69 77 2.02178
69 78 2.87788
69 79 3.12661
69 80 3.31517
69 81 2.68015
69 82 1.16519
69 83 0.28796
69 84 2.24531
69 85 1.22745
69 86 7.29769
69 87 6.52768
69 88 6.29227
69 89 2.25916
69 90 8.61351
69 91 8.83678
69 92 7.11353
69 93 4.56906
69 94 5.59363
69 95 3.33649
69 96 5.63197
69 97 3.23834
69 98 0.79238
69 99 1.80927
70 71 1.43607
70 72 8.30177
70 73 6.39173
70 74 3.18551
70 75 4.94673
70 76 1.311
70 77 1.88771
70 78 6.01651
70 79 1.69647
70 80 7.58469
70 81 6.85194
70 82 8.73386
70 83 5.1259
70 84 2.88203
70 85 4.90775
70 86 1.25739
70 87 3.061
70 88 7.74048
70 89 6.6825
70 90 1.92297
70 91 2.13959
70 92 6.62101
70 93 3.8914
70 94 0.5798
70 95 3.42435
70 96 2.95218
70 97 0.26922
70 98 7.83111
70 99 7.1088
71 72 8.72404
71 73 8.6029
71 74 8.88501
71 75 3.52684
71 76 7.28835
71 77 5.08216
71 78 1.29432
71 79 6.31463
71 80 1.33148
71 81 2.48974
71 82 4.55896
71 83 0.34122
71 84 3.23142
71 85 8.26376
71 86 1.96594
71 87 3.00413
71 88 1.67801
71 89 3.73391
71 90 2.50711
71 91 1.2695
71 92 1.45697
71 93 3.91185
71 94 4.30351
71 95 7.99957
71 96 6.38872
71 97 8.13163
71 98 6.80489
71 99 1.17048
72 73 0.71408
72 74 8.81494
72 75 2.77914
72 76 6.32537
72 77 1.60686
72 78 0.97791
72 79 4.92701
72 80 2.7117
72 81 7.31185
72 82 0.17168
72 83 0.11346
72 84 3.43768
72 85 7.98932
72 86 4.34318
72 87 4.35228
72 88 4.24351
72 89 6.06546
72 90 8.23358
72 91 4.03546
72 92 6.64575
72 93 4.76394
72 94 1.00548
72 95 5.50019
72 96 6.76556
72 97 5.33513
72 98 7.73045
72 99 7.55497
73 74 0.9252
73 75 2.55754
73 76 4.76177
73 77 8.1255
73 78 7.06744
73 79 6.46111
73 80 6.20103
73 81 0.76598
73 82 3.29412
73 83 8.99736
73 84 8.95258
73 85 8.12382
73 86 7.49421
73 87 3.84137
73 88 0.41082
73 89 6.98187
73 90 5.66566
73 91 0.64306
73 92 5.57759
73 93 0.4519
73 94 6.42948
73 95 8.93687
73 96 8.56677
73 97 0.96315
73 98 3.69757
73 99 0.07675
74 75 2.31383
74 76 6.61339
74 77 4.84211
74 78 1.67076
74 79 7.1496
74 80 2.95688
74 81 8.56287
74 82 6.11896
74 83 4.5883
74 84 5.41801
74 85 0.3555
74 86 4.23032
74 87 8.14172
74 88 2.89607
74 89 5.1175
74 90 3.42428
74 91 8.14091
74 92 3.62212
74 93 1.97374
74 94 0.99916
74 95 4.46063
74 96 6.45304
74 97 2.53044
74 98 3.14963
74 99 7.43349
75 76 7.48503
75 77 7.1564
75 78 5.46631
75 79 0.53429
75 80 7.54484
75 81 1.6895
75 82 0.14553
75 83 2.2325
75 84 8.78845
75 85 6.98824
75 86 6.4559
75 87 4.62671
75 88 4.65359
75 89 5.15781
75 90 4.11179
75 91 4.61331
75 92 1.91162
75 93 8.13607
75 94 3.10748
75 95 1.78284
75 96 1.17888
75 97 3.08414
75 98 2.2328
75 99 4.35014
76 77 3.42428
76 78 1.35564
76 79 2.65037
76 80 8.99975
76 81 0.56848
76 82 3.41158
76 83 0.64134
76 84 8.29561
76 85 1.21316
76 86 2.51359
76 87 6.66439
76 88 2.7331
76 89 8.74774
76 90 3.41433
76 91 0.91932
76 92 2.48229
76 93 1.62276
76 94 2.35564
76 95 8.46083
76 96 3.97763
76 97 2.0672
76 98 1.01144
76 99 0.09376
77 78 1.62773
77 79 5.67734
77 80 7.54587
77 81 6.64835
77 82 1.51673
77 83 3.11121
77 84 3.6196
77 85 6.97014
77 86 7.62491
77 87 2.90937
77 88 0.52751
77 89 8.58372
77 90 4.27861
77 91 1.62065
77 92 7.82389
77 93 3.8249
77 94 4.82136
77 95 1.98534
77 96 4.9414
77 97 6.24837
77 98 8.9221
77 99 1.94214
78 79 5.36948
78 80 4.0283
78 81 7.7691
78 82 6.47868
78 83 3.37851
78 84 2.03502
78 85 5.81906
78 86 5.26101
78 87 3.63932
78 88 6.32244
78 89 6.72988
78 90 2.722
78 91 7.12339
78 92 1.6832
78 93 8.50059
78 94 5.99849
78 95 8.61048
78 96 1.88102
78 97 5.83555
78 98 0.17091
78 99 8.54285
79 80 5.50251
79 81 6.57935
79 82 5.3699
79 83 5.64606
79 84 5.56007
79 85 5.83342
79 86 1.66434
79 87 6.0274
79 88 6.44504
79 89 7.65261
79 90 3.87479
79 91 1.76794
79 92 4.79829
79 93 6.30936
79 94 7.31791
79 95 7.22927
79 96 2.42401
79 97 4.40309
79 98 6.55067
79 99 8.00173
80 81 1.19293
80 82 7.37741
80 83 3.02288
80 84 3.36809
80 85 8.28305
80 86 8.39187
80 87 1.26374
80 88 2.04768
80 89 3.16058
80 90 3.82171
80 91 7.40549
80 92 8.33167
80 93 3.46919
80 94 1.26276
80 95 4.29552
80 96 0.21258
80 97 3.81774
80 98 3.62001
80 99 6.67342
81 82 0.6928
81 83 0.06163
81 84 8.49213
81 85 7.08966
81 86 0.6342
81 87 1.56442
81 88 6.18813
81 89 3.54562
81 90 7.72728
81 91 3.3231
81 92 1.71376
81 93 2.6795
81 94 7.62074
81 95 3.53545
81 96 6.42967
81 97 3.839
81 98 4.503
81 99 3.17462
82 83 1.28822
82 84 4.80909
82 85 0.03315
82 86 6.79634
82 87 1.88313
82 88 3.28644
82 89 5.56717
82 90 1.11288
82 91 5.96399
82 92 7.01534
82 93 8.27192
82 94 5.60463
82 95 7.08084
82 96 6.7622
82 97 8.72575
82 98 4.92918
82 99 8.79634
83 84 7.42619
83 85 7.13498
83 86 5.0345
83 87 2.89015
83 88 2.31327
83 89 2.20852
83 90 2.4788
83 91 4.52296
83 92 4.003
83 93 4.90677
83 94 2.37399
83 95 2.64823
83 96 6.57917
83 97 0.32177
83 98 0.04662
83 99 7.66307
84 85 6.45449
84 86 2.57763
84 87 4.79649
84 88 2.46088
84 89 4.3978
84 90 7.05318
84 91 8.93157
84 92 3.09116
84 93 2.28316
84 94 4.04339
84 95 2.87707
84 96 8.80263
84 97 3.48785
84 98 2.90873
84 99 2.03356
85 86 7.09155
85 87 1.42032
85 88 5.76589
85 89 3.65081
85 90 7.66678
85 91 0.67625
85 92 3.66333
85 93 2.09529
85 94 2.40771
85 95 4.94253
85 96 3.08398
85 97 1.91641
85 98 4.82224
85 99 8.81352
86 87 7.12605
86 88 4.86902
86 89 4.94062
86 90 2.90736
86 91 4.24716
86 92 5.05834
86 93 3.68569
86 94 1.60825
86 95 1.98064
86 96 6.61979
86 97 1.34429
86 98 7.15928
86 99 6.11904
87 88 0.08053
87 89 7.2298
87 90 2.85277
87 91 5.43455
87 92 5.88758
87 93 3.94561
87 94 8.57974
87 95 5.53126
87 96 5.59076
87 97 8.23997
87 98 4.03003
87 99 5.55683
88 89 3.89379
88 90 2.79463
88 91 0.22507
88 92 3.70793
88 93 7.16291
88 94 0.90662
88 95 5.653
88 96 3.88236
88 97 8.83894
88 98 1.5516
88 99 6.62981
89 90 1.6258
89 91 3.89195
89 92 5.54801
89 93 5.21145
89 94 4.25922
89 95 5.43429
89 96 6.80864
89 97 3.19514
89 98 5.4297
89 99 2.13855
90 91 1.64884
90 92 7.66509
90 93 7.46162
90 94 3.59843
90 95 3.40768
90 96 6.71208
90 97 2.50187
90 98 1.95151
90 99 7.63836
91 92 0.45319
91 93 4.19656
91 94 3.48333
91 95 6.83701
91 96 4.45896
91 97 8.93518
91 98 1.97117
91 99 7.04054
92 93 7.61539
92 94 1.39439
92 95 8.21469
92 96 6.76043
92 97 3.30409
92 98 6.72906
92 99 8.86333
93 94 3.52403
93 95 4.56784
93 96 7.86134
93 97 2.2062
93 98 0.5423
93 99 3.8365
94 95 8.31645
94 96 5.03054
94 97 5.90521
94 98 5.70123
94 99 7.62031
95 96 6.24972
95 97 3.03686
95 98 7.09969
95 99 8.83623
96 97 5.3266
96 98 8.89945
96 99 5.06381
97 98 0.4067
97 99 3.40031
98 99 8.42857
