100 10
0 1 6.02428
0 2 3.06838
0 3 2.76488
0 4 6.01554
0 5 5.52736
0 6 0.2947
0 7 3.60659
0 8 8.86587
0 9 6.42005
0 10 5.63657
0 11 3.09696
0 12 6.6567
0 13 4.00054
0 14 6.77828
0 15 7.82845
0 16 6.08683
0 17 8.14855
0 18 3.70139
0 19 0.60399
0 20 3.47056
0 21 3.34292
0 22 3.97818
0 23 0.05409
0 24 3.31706
0 25 7.66498
0 26 8.929
0 27 3.23465
0 28 3.30877
0 29 6.88782
0 30 0.55141
0 31 5.18208
0 32 4.38153
0 33 0.34738
0 34 8.23883
0 35 8.13642
0 36 7.75378
0 37 7.69475
0 38 1.544
0 39 6.25768
0 40 6.16867
0 41 1.27628
0 42 3.28933
0 43 2.79623
0 44 6.46468
0 45 2.4188
0 46 7.12709
0 47 3.08057
0 48 1.236
0 49 8.89556
0 50 5.71777
0 51 3.95174
0 52 1.7049
0 53 8.06526
0 54 6.61419
0 55 8.9054
0 56 8.94338
0 57 2.90692
0 58 4.84661
0 59 0.20355
0 60 1.95915
0 61 3.16848
0 62 0.80703
0 63 0.33026
0 64 0.29164
0 65 2.58331
0 66 6.47696
0 67 3.94409
0 68 6.41994
0 69 7.62734
0 70 1.21293
0 71 7.08899
0 72 2.67659
0 73 7.05712
0 74 3.29189
0 75 6.34888
0 76 5.55004
0 77 8.47796
0 78 4.53506
0 79 4.86944
0 80 4.47257
0 81 8.63087
0 82 1.2089
0 83 6.00915
0 84 4.66183
0 85 8.31494
0 86 6.08576
0 87 1.77777
0 88 8.87961
0 89 7.80707
0 90 8.93884
0 91 0.2795
0 92 3.91423
0 93 4.55181
0 94 1.63391
0 95 0.42932
0 96 3.69706
0 97 7.72507
0 98 8.23379
0 99 2.52741
1 2 4.4459
1 3 2.76046
1 4 0.95083
1 5 0.61509
1 6 3.22069
1 7 6.59137
1 8 6.09427
1 9 7.64132
1 10 8.8006
1 11 6.39058
1 12 3.26828
1 13 2.48019
1 14 1.58192
1 15 3.81507
1 16 7.67024
1 17 1.85416
1 18 3.95152
1 19 6.52694
1 20 3.1728
1 21 6.16981
1 22 7.40509
1 23 4.14238
1 24 3.98422
1 25 8.3809
1 26 1.18734
1 27 3.07828
1 28 3.6644
1 29 8.10739
1 30 5.25828
1 31 0.99314
1 32 7.91339
1 33 4.87491
1 34 2.32579
1 35 1.34756
1 36 3.2492
1 37 7.76749
1 38 5.60739
1 39 6.15591
1 40 4.16425
1 41 6.05713
1 42 8.19192
1 43 6.86352
1 44 2.86073
1 45 1.01509
1 46 8.62496
1 47 3.48632
1 48 0.74604
1 49 3.60492
1 50 3.65453
1 51 7.8457
1 52 5.87985
1 53 1.69783
1 54 5.53294
1 55 0.84638
1 56 2.98813
1 57 8.46665
1 58 1.24786
1 59 8.37394
1 60 6.27087
1 61 0.85737
1 62 1.88981
1 63 0.91337
1 64 3.3672
1 65 2.69476
1 66 6.1149
1 67 5.17173
1 68 7.95395
1 69 5.05301
1 70 8.33415
1 71 7.32671
1 72 5.17273
1 73 2.51546
1 74 1.94152
1 75 3.99468
1 76 5.12158
1 77 4.0524
1 78 3.05769
1 79 8.69537
1 80 5.28067
1 81 3.59944
1 82 0.8728
1 83 3.89633
1 84 5.7922
1 85 0.73611
1 86 0.54044
1 87 3.39782
1 88 5.99607
1 89 6.64712
1 90 1.47304
1 91 4.0384
1 92 8.83393
1 93 3.66094
1 94 0.32618
1 95 7.75108
1 96 6.97043
1 97 8.11705
1 98 1.23838
1 99 4.0668
2 3 8.85263
2 4 7.21479
2 5 2.54534
2 6 7.53316
2 7 1.10115
2 8 1.70111
2 9 3.70099
2 10 5.03567
2 11 6.63267
2 12 7.23958
2 13 3.20674
2 14 7.26205
2 15 1.22104
2 16 3.50895
2 17 7.65516
2 18 4.86498
2 19 8.81586
2 20 4.13587
2 21 7.15616
2 22 5.249
2 23 2.58773
2 24 6.61084
2 25 5.2718
2 26 2.51435
2 27 8.63672
2 28 0.05469
2 29 3.7473
2 30 6.51049
2 31 6.47705
2 32 6.35139
2 33 1.16862
2 34 1.40288
2 35 1.80956
2 36 6.93692
2 37 7.46738
2 38 6.47207
2 39 6.20845
2 40 2.15319
2 41 1.49265
2 42 1.45824
2 43 3.62126
2 44 1.85644
2 45 6.83191
2 46 2.80401
2 47 2.12417
2 48 0.24222
2 49 4.82285
2 50 3.62006
2 51 0.44876
2 52 3.2672
2 53 7.82931
2 54 3.65623
2 55 0.51429
2 56 4.00827
2 57 3.90482
2 58 7.83176
2 59 1.73683
2 60 8.75382
2 61 2.83746
2 62 2.88766
2 63 1.96832
2 64 8.12548
2 65 4.77953
2 66 5.7974
2 67 8.27033
2 68 7.54378
2 69 8.90959
2 70 3.77603
2 71 4.09752
2 72 6.62053
2 73 7.30599
2 74 0.89851
2 75 5.26102
2 76 0.23414
2 77 5.57024
2 78 5.24134
2 79 3.98047
2 80 5.6148
2 81 2.13969
2 82 7.47268
2 83 4.31049
2 84 2.23598
2 85 1.67383
2 86 0.21601
2 87 7.00576
2 88 2.49928
2 89 7.89809
2 90 8.52664
2 91 7.05559
2 92 8.55243
2 93 4.56983
2 94 6.28507
2 95 0.30188
2 96 5.91936
2 97 5.87932
2 98 1.24302
2 99 3.6308
3 4 4.00879
3 5 5.95147
3 6 1.53354
3 7 4.09792
3 8 1.6811
3 9 2.74766
3 10 3.00102
3 11 0.17737
3 12 3.13234
3 13 8.2083
3 14 2.1228
3 15 7.29487
3 16 8.96909
3 17 1.40005
3 18 1.3355
3 19 1.77338
3 20 8.34563
3 21 5.30857
3 22 7.13871
3 23 7.69541
3 24 8.78053
3 25 3.06761
3 26 6.68959
3 27 4.56155
3 28 0.67533
3 29 7.56133
3 30 5.22326
3 31 2.34605
3 32 2.24272
3 33 4.95189
3 34 4.49282
3 35 2.0306
3 36 8.84733
3 37 1.67393
3 38 1.59142
3 39 7.43691
3 40 6.16081
3 41 6.38928
3 42 7.91129
3 43 2.1931
3 44 3.51958
3 45 1.46699
3 46 6.8803
3 47 5.32685
3 48 5.12994
3 49 7.57734
3 50 7.89165
3 51 4.14567
3 52 8.08076
3 53 7.02838
3 54 5.97707
3 55 5.81364
3 56 2.91139
3 57 2.13747
3 58 4.53597
3 59 7.17517
3 60 3.76231
3 61 4.21061
3 62 4.87115
3 63 6.09512
3 64 4.36138
3 65 1.82506
3 66 1.04157
3 67 2.71888
3 68 3.94606
3 69 4.93878
3 70 0.83743
3 71 8.07485
3 72 2.90903
3 73 8.53715
3 74 3.64841
3 75 3.91272
3 76 2.14815
3 77 3.84214
3 78 2.94825
3 79 8.90639
3 80 4.86881
3 81 7.15113
3 82 5.12212
3 83 6.89733
3 84 5.39185
3 85 5.99659
3 86 5.24597
3 87 8.47309
3 88 6.95919
3 89 5.34582
3 90 5.85996
3 91 2.53453
3 92 7.48536
3 93 7.74373
3 94 0.25441
3 95 1.69381
3 96 6.66902
3 97 1.42191
3 98 5.50678
3 99 8.77633
4 5 5.24297
4 6 0.85197
4 7 6.35601
4 8 3.11891
4 9 3.917
4 10 4.10554
4 11 2.47098
4 12 4.27385
4 13 7.26541
4 14 0.35259
4 15 4.06499
4 16 2.71285
4 17 2.71347
4 18 6.54332
4 19 7.96231
4 20 0.3698
4 21 0.58378
4 22 1.50718
4 23 0.85866
4 24 8.23909
4 25 7.8958
4 26 0.85456
4 27 4.33403
4 28 6.91538
4 29 5.49846
4 30 2.91344
4 31 0.7045
4 32 1.14322
4 33 5.10652
4 34 1.454
4 35 2.15621
4 36 7.15058
4 37 3.88145
4 38 3.99229
4 39 4.40542
4 40 7.31747
4 41 5.30166
4 42 8.10816
4 43 3.44755
4 44 3.42228
4 45 7.30726
4 46 1.74105
4 47 8.03095
4 48 0.94579
4 49 4.28667
4 50 2.5819
4 51 2.63724
4 52 4.46112
4 53 2.40138
4 54 5.30064
4 55 0.57759
4 56 6.93135
4 57 3.39292
4 58 7.70753
4 59 2.77017
4 60 1.6946
4 61 7.5812
4 62 4.92011
4 63 5.77801
4 64 1.04701
4 65 8.2052
4 66 5.79975
4 67 5.0621
4 68 5.48491
4 69 6.39522
4 70 6.33067
4 71 0.17187
4 72 1.96316
4 73 8.0295
4 74 5.31912
4 75 4.93697
4 76 2.26555
4 77 4.57868
4 78 4.02259
4 79 8.94943
4 80 2.58398
4 81 1.10619
4 82 6.38472
4 83 3.9288
4 84 2.26774
4 85 0.44873
4 86 8.36657
4 87 8.69657
4 88 6.45255
4 89 6.96521
4 90 2.48799
4 91 4.3314
4 92 1.13877
4 93 0.06082
4 94 3.97319
4 95 1.17768
4 96 6.57129
4 97 2.06483
4 98 4.10461
4 99 1.72339
5 6 3.93253
5 7 7.96768
5 8 0.16933
5 9 5.35621
5 10 6.48343
5 11 1.45019
5 12 5.79764
5 13 0.68256
5 14 4.6368
5 15 8.53091
5 16 2.45394
5 17 3.7447
5 18 1.67005
5 19 0.51489
5 20 4.28182
5 21 4.71388
5 22 1.43269
5 23 8.59745
5 24 6.7183
5 25 6.67255
5 26 2.61891
5 27 0.7162
5 28 4.89244
5 29 1.33207
5 30 3.22264
5 31 1.7643
5 32 6.32573
5 33 0.77424
5 34 4.71348
5 35 6.96886
5 36 8.41213
5 37 3.06194
5 38 7.24668
5 39 6.4658
5 40 6.23929
5 41 1.87669
5 42 7.83949
5 43 6.6885
5 44 6.29546
5 45 5.29205
5 46 1.86523
5 47 5.52213
5 48 7.74627
5 49 6.77137
5 50 3.3258
5 51 7.43593
5 52 0.49456
5 53 1.36882
5 54 7.28741
5 55 2.97051
5 56 6.51527
5 57 1.69499
5 58 3.26413
5 59 1.8372
5 60 2.95072
5 61 6.54995
5 62 1.85415
5 63 0.82174
5 64 3.23668
5 65 5.78587
5 66 0.40685
5 67 7.27555
5 68 0.58311
5 69 6.23342
5 70 4.44334
5 71 7.9423
5 72 0.01331
5 73 0.87102
5 74 8.64854
5 75 1.81005
5 76 1.33739
5 77 3.4524
5 78 3.88752
5 79 6.2123
5 80 7.65842
5 81 2.36579
5 82 3.99653
5 83 0.07526
5 84 2.02036
5 85 4.86598
5 86 0.47501
5 87 6.61058
5 88 8.35891
5 89 3.96909
5 90 6.46919
5 91 3.94463
5 92 1.02767
5 93 7.09081
5 94 8.03331
5 95 3.2686
5 96 7.89462
5 97 8.00419
5 98 2.99469
5 99 3.5449
6 7 2.9863
6 8 1.80524
6 9 4.11396
6 10 3.46953
6 11 5.83266
6 12 4.80934
6 13 3.60074
6 14 4.98366
6 15 4.91945
6 16 0.05025
6 17 3.96383
6 18 6.78496
6 19 8.79691
6 20 2.82754
6 21 5.51682
6 22 4.69218
6 23 8.45458
6 24 2.49129
6 25 6.10575
6 26 6.89075
6 27 4.2191
6 28 1.78158
6 29 3.21332
6 30 2.45272
6 31 4.27732
6 32 1.61687
6 33 8.65355
6 34 8.41186
6 35 1.50155
6 36 5.85373
6 37 4.30641
6 38 1.90509
6 39 1.75013
6 40 2.52688
6 41 8.88158
6 42 5.02943
6 43 4.48924
6 44 0.28393
6 45 0.80789
6 46 2.99298
6 47 6.92683
6 48 7.06072
6 49 8.60902
6 50 6.05686
6 51 3.32337
6 52 6.3065
6 53 8.28882
6 54 7.54169
6 55 1.01909
6 56 1.54327
6 57 7.2889
6 58 2.44758
6 59 1.30713
6 60 6.98339
6 61 2.04406
6 62 7.21351
6 63 6.21847
6 64 1.58144
6 65 5.89546
6 66 4.36158
6 67 5.36025
6 68 4.05261
6 69 5.57725
6 70 7.20045
6 71 0.77933
6 72 8.62904
6 73 5.17448
6 74 1.07024
6 75 4.29672
6 76 5.60252
6 77 1.7694
6 78 0.57765
6 79 2.12825
6 80 6.00289
6 81 2.62736
6 82 2.47837
6 83 3.01326
6 84 0.85917
6 85 5.95142
6 86 4.45563
6 87 4.39717
6 88 1.29276
6 89 5.54944
6 90 6.58377
6 91 2.00321
6 92 5.75586
6 93 1.71401
6 94 3.16056
6 95 7.22792
6 96 7.91057
6 97 1.82487
6 98 7.34289
6 99 8.48617
7 8 2.37456
7 9 2.06212
7 10 0.94522
7 11 8.22899
7 12 8.07392
7 13 4.72996
7 14 6.15597
7 15 6.99324
7 16 8.18381
7 17 3.08183
7 18 0.59356
7 19 5.34071
7 20 7.20292
7 21 3.05087
7 22 0.4646
7 23 3.31922
7 24 4.65026
7 25 6.2715
7 26 1.96837
7 27 0.21088
7 28 6.80267
7 29 3.45101
7 30 6.37121
7 31 2.05835
7 32 5.7613
7 33 2.64336
7 34 2.73653
7 35 6.41212
7 36 5.28691
7 37 3.66552
7 38 1.26991
7 39 8.91299
7 40 3.54172
7 41 1.60735
7 42 4.25734
7 43 3.36513
7 44 1.99375
7 45 1.18902
7 46 4.73697
7 47 1.59451
7 48 8.48554
7 49 0.02406
7 50 8.19568
7 51 2.84779
7 52 7.57233
7 53 3.61381
7 54 1.16357
7 55 7.49917
7 56 2.92575
7 57 2.31369
7 58 4.93663
7 59 4.62265
7 60 7.98389
7 61 5.81727
7 62 1.40659
7 63 0.89479
7 64 8.31287
7 65 5.24775
7 66 2.63718
7 67 0.51698
7 68 7.83398
7 69 7.6649
7 70 8.81483
7 71 8.58986
7 72 1.51641
7 73 2.72058
7 74 5.66298
7 75 6.26162
7 76 4.26785
7 77 2.37951
7 78 6.65478
7 79 7.74706
7 80 5.65259
7 81 6.5493
7 82 2.8061
7 83 1.24419
7 84 1.95361
7 85 0.12319
7 86 4.76319
7 87 2.80228
7 88 7.55245
7 89 6.67487
7 90 1.69301
7 91 0.03723
7 92 2.86211
7 93 2.01993
7 94 1.63805
7 95 0.98887
7 96 1.67822
7 97 0.04607
7 98 5.23245
7 99 3.38213
8 9 6.40877
8 10 1.2179
8 11 6.23541
8 12 1.97653
8 13 3.68038
8 14 0.24629
8 15 3.17434
8 16 3.95747
8 17 3.54868
8 18 0.83359
8 19 2.84679
8 20 2.64373
8 21 5.48657
8 22 6.26881
8 23 8.099
8 24 6.28915
8 25 4.32032
8 26 1.6745
8 27 2.76088
8 28 6.34049
8 29 5.78361
8 30 4.04539
8 31 4.34819
8 32 6.24092
8 33 5.84398
8 34 6.10827
8 35 6.24387
8 36 1.10332
8 37 7.76578
8 38 2.09752
8 39 7.64616
8 40 4.47
8 41 1.14925
8 42 7.62286
8 43 2.379
8 44 5.21171
8 45 7.27078
8 46 3.38333
8 47 2.1616
8 48 4.59544
8 49 1.43404
8 50 6.94197
8 51 4.60076
8 52 1.20091
8 53 4.03263
8 54 1.0845
8 55 4.32573
8 56 7.41436
8 57 6.15358
8 58 2.47062
8 59 5.60832
8 60 0.63742
8 61 4.64375
8 62 0.79277
8 63 0.44975
8 64 5.9121
8 65 6.14654
8 66 7.23528
8 67 5.75515
8 68 2.03644
8 69 5.29522
8 70 1.63673
8 71 1.55872
8 72 5.69662
8 73 1.40338
8 74 5.22256
8 75 6.39811
8 76 1.89113
8 77 1.17327
8 78 7.85273
8 79 4.15455
8 80 3.09643
8 81 3.32836
8 82 6.46109
8 83 8.62252
8 84 3.07705
8 85 3.45284
8 86 2.38698
8 87 6.40319
8 88 6.03182
8 89 5.12092
8 90 4.08018
8 91 5.61836
8 92 4.9493
8 93 4.52121
8 94 5.76276
8 95 3.60358
8 96 1.01984
8 97 5.47458
8 98 4.81935
8 99 1.8116
9 10 5.69672
9 11 7.93143
9 12 2.698
9 13 4.21374
9 14 5.95195
9 15 7.67673
9 16 5.34693
9 17 5.91861
9 18 0.2777
9 19 8.20841
9 20 0.86864
9 21 4.43799
9 22 6.84614
9 23 1.37903
9 24 1.40288
9 25 0.01414
9 26 7.66759
9 27 3.41664
9 28 3.15259
9 29 8.20601
9 30 5.18724
9 31 1.96544
9 32 4.38768
9 33 6.20874
9 34 6.58649
9 35 6.98547
9 36 1.40939
9 37 3.88972
9 38 7.76558
9 39 3.10988
9 40 3.65373
9 41 1.44173
9 42 6.50476
9 43 3.95352
9 44 1.201
9 45 8.34442
9 46 7.71378
9 47 6.93077
9 48 4.2418
9 49 8.76125
9 50 5.69109
9 51 7.99352
9 52 1.482
9 53 4.45173
9 54 4.42958
9 55 4.01408
9 56 8.24256
9 57 2.23728
9 58 7.08691
9 59 0.57635
9 60 3.93281
9 61 5.45959
9 62 4.27045
9 63 6.2447
9 64 2.50837
9 65 3.80855
9 66 6.82504
9 67 5.75261
9 68 8.49354
9 69 1.85521
9 70 5.69753
9 71 4.89716
9 72 0.37226
9 73 0.84019
9 74 6.28105
9 75 2.13243
9 76 5.85912
9 77 1.06403
9 78 5.26665
9 79 1.49715
9 80 2.6094
9 81 2.70887
9 82 7.46173
9 83 5.70678
9 84 4.02636
9 85 6.26772
9 86 5.03396
9 87 2.48196
9 88 4.91476
9 89 4.11428
9 90 4.74227
9 91 7.42178
9 92 8.30504
9 93 4.72852
9 94 6.98374
9 95 5.14167
9 96 0.64316
9 97 5.01661
9 98 4.06086
9 99 7.45931
10 11 1.67218
10 12 3.62756
10 13 0.17229
10 14 2.64301
10 15 8.24829
10 16 0.33362
10 17 2.75319
10 18 4.00707
10 19 5.14255
10 20 1.48301
10 21 7.57471
10 22 4.5727
10 23 4.99546
10 24 1.13335
10 25 6.56847
10 26 0.53222
10 27 1.49703
10 28 8.33643
10 29 6.82979
10 30 5.92303
10 31 5.1698
10 32 2.69547
10 33 3.7086
10 34 2.09226
10 35 4.64007
10 36 6.24742
10 37 0.55724
10 38 5.80915
10 39 0.63995
10 40 2.37131
10 41 2.27577
10 42 6.16642
10 43 7.61507
10 44 6.9548
10 45 4.53837
10 46 7.61815
10 47 0.14896
10 48 0.80992
10 49 6.48417
10 50 4.41221
10 51 7.1454
10 52 8.33143
10 53 5.74261
10 54 2.97933
10 55 5.74915
10 56 3.45944
10 57 3.7553
10 58 4.61704
10 59 5.47689
10 60 1.63825
10 61 6.51796
10 62 4.68934
10 63 8.14996
10 64 0.10627
10 65 5.74756
10 66 0.66932
10 67 8.3593
10 68 2.77175
10 69 4.98169
10 70 2.73827
10 71 7.49515
10 72 1.72438
10 73 2.61974
10 74 1.50536
10 75 5.0478
10 76 3.60904
10 77 7.28503
10 78 0.41169
10 79 6.54403
10 80 2.73774
10 81 0.55288
10 82 0.98276
10 83 8.0743
10 84 6.08116
10 85 8.21065
10 86 0.1777
10 87 6.43885
10 88 2.01714
10 89 5.56638
10 90 4.43389
10 91 3.46295
10 92 4.2887
10 93 4.15193
10 94 8.05022
10 95 5.6239
10 96 6.56901
10 97 2.09399
10 98 4.38862
10 99 8.7222
11 12 1.35101
11 13 1.38471
11 14 7.01548
11 15 7.62988
11 16 3.96158
11 17 7.6693
11 18 3.30639
11 19 3.72299
11 20 8.96557
11 21 6.93605
11 22 0.88237
11 23 8.74783
11 24 4.73026
11 25 8.67322
11 26 6.47399
11 27 8.72926
11 28 5.06418
11 29 5.19552
11 30 5.90196
11 31 3.14094
11 32 2.92159
11 33 2.50861
11 34 7.93829
11 35 0.76499
11 36 1.47646
11 37 8.29427
11 38 5.60347
11 39 6.88195
11 40 0.0135
11 41 1.22922
11 42 7.97221
11 43 7.46468
11 44 8.9462
11 45 2.19435
11 46 8.36835
11 47 4.96563
11 48 1.93425
11 49 1.88063
11 50 4.89099
11 51 1.77166
11 52 8.92946
11 53 5.75071
11 54 5.29679
11 55 1.22444
11 56 1.86446
11 57 3.06418
11 58 1.67872
11 59 8.38193
11 60 0.66851
11 61 3.29602
11 62 7.857
11 63 1.47413
11 64 5.28858
11 65 4.88732
11 66 4.9124
11 67 3.94407
11 68 7.14202
11 69 3.23002
11 70 5.58004
11 71 3.80074
11 72 8.8623
11 73 5.09088
11 74 3.02337
11 75 0.5948
11 76 4.60599
11 77 0.16091
11 78 7.98219
11 79 2.65898
11 80 0.13
11 81 6.28802
11 82 2.82705
11 83 2.12644
11 84 6.75221
11 85 1.2183
11 86 0.23592
11 87 8.79319
11 88 6.3497
11 89 2.11224
11 90 2.22423
11 91 7.77386
11 92 2.72781
11 93 4.42562
11 94 7.08783
11 95 7.58348
11 96 7.62981
11 97 0.13094
11 98 6.45136
11 99 0.15952
12 13 1.18623
12 14 0.28714
12 15 7.28013
12 16 7.10904
12 17 7.35115
12 18 8.86391
12 19 8.50433
12 20 4.92231
12 21 1.05453
12 22 7.13322
12 23 1.22373
12 24 0.61542
12 25 8.26338
12 26 2.63158
12 27 4.50872
12 28 2.90106
12 29 7.90372
12 30 0.34556
12 31 1.7913
12 32 5.08782
12 33 5.19138
12 34 8.12719
12 35 0.44666
12 36 5.65813
12 37 2.66934
12 38 4.77195
12 39 4.07193
12 40 2.39776
12 41 1.17015
12 42 6.23289
12 43 3.41509
12 44 3.92924
12 45 1.44166
12 46 7.98948
12 47 3.4857
12 48 1.39946
12 49 0.90747
12 50 2.22212
12 51 7.7669
12 52 2.21506
12 53 8.73997
12 54 2.93331
12 55 3.63825
12 56 1.29739
12 57 8.34748
12 58 0.34318
12 59 0.86376
12 60 1.90002
12 61 0.45082
12 62 5.8169
12 63 3.75055
12 64 8.86435
12 65 1.2444
12 66 8.10599
12 67 3.60784
12 68 1.23002
12 69 2.34585
12 70 4.18952
12 71 8.51047
12 72 2.65397
12 73 0.52863
12 74 5.05894
12 75 0.11764
12 76 7.60339
12 77 5.33469
12 78 1.44312
12 79 4.68499
12 80 5.6232
12 81 1.81028
12 82 6.41601
12 83 2.27502
12 84 6.42937
12 85 3.40751
12 86 0.0878
12 87 5.38323
12 88 0.94962
12 89 0.13607
12 90 5.99728
12 91 1.49105
12 92 0.87799
12 93 8.12792
12 94 0.28348
12 95 1.51187
12 96 4.2871
12 97 1.88574
12 98 2.91471
12 99 4.37122
13 14 1.21505
13 15 8.28649
13 16 3.75761
13 17 1.21213
13 18 6.55886
13 19 8.44402
13 20 0.36662
13 21 1.4265
13 22 6.6698
13 23 2.61142
13 24 2.63784
13 25 1.24969
13 26 1.44116
13 27 6.2818
13 28 1.55172
13 29 1.91045
13 30 7.07825
13 31 2.40023
13 32 8.58149
13 33 2.31784
13 34 0.31236
13 35 4.26425
13 36 3.22921
13 37 3.95624
13 38 8.31479
13 39 2.06892
13 40 2.53543
13 41 0.40927
13 42 7.63217
13 43 4.44465
13 44 5.78519
13 45 6.65848
13 46 4.18953
13 47 6.94432
13 48 0.656
13 49 4.90133
13 50 6.81991
13 51 3.47862
13 52 2.05675
13 53 0.32961
13 54 2.19478
13 55 3.94219
13 56 5.20179
13 57 0.01386
13 58 6.90151
13 59 4.74326
13 60 8.60679
13 61 4.57293
13 62 2.97224
13 63 6.29009
13 64 6.89302
13 65 7.13303
13 66 3.58132
13 67 0.51744
13 68 6.82315
13 69 2.3052
13 70 0.00509
13 71 2.15057
13 72 4.91976
13 73 5.1175
13 74 8.94937
13 75 7.96588
13 76 6.55548
13 77 0.45293
13 78 3.83523
13 79 0.84073
13 80 2.48465
13 81 4.48332
13 82 8.92891
13 83 6.35615
13 84 1.00629
13 85 1.55156
13 86 4.88092
13 87 4.93798
13 88 5.73802
13 89 5.47886
13 90 7.71404
13 91 4.90713
13 92 8.21641
13 93 6.25659
13 94 4.4679
13 95 1.64993
13 96 0.92754
13 97 0.8739
13 98 3.49956
13 99 4.57492
14 15 3.54924
14 16 3.41763
14 17 1.32011
14 18 4.87756
14 19 1.53842
14 20 5.50439
14 21 0.84477
14 22 0.60477
14 23 5.10915
14 24 1.59248
14 25 4.29182
14 26 0.80569
14 27 6.66264
14 28 2.24617
14 29 4.61069
14 30 1.88021
14 31 4.47758
14 32 0.10988
14 33 3.67538
14 34 6.45476
14 35 0.84111
14 36 0.5742
14 37 4.69003
14 38 6.245
14 39 7.9619
14 40 2.45247
14 41 7.27721
14 42 3.70969
14 43 3.48328
14 44 4.68378
14 45 0.77761
14 46 3.29826
14 47 1.25468
14 48 5.69667
14 49 7.90153
14 50 2.0101
14 51 1.32584
14 52 8.38976
14 53 4.90432
14 54 0.0697
14 55 8.69018
14 56 1.93002
14 57 1.95727
14 58 4.45839
14 59 4.87885
14 60 6.51894
14 61 3.18342
14 62 3.03167
14 63 5.06228
14 64 2.47637
14 65 5.32899
14 66 8.90498
14 67 8.18377
14 68 4.60365
14 69 2.78971
14 70 3.46657
14 71 5.99936
14 72 0.49915
14 73 3.51961
14 74 2.22899
14 75 1.34504
14 76 7.20417
14 77 2.93979
14 78 0.19408
14 79 8.41286
14 80 6.81723
14 81 8.07886
14 82 8.1568
14 83 0.89876
14 84 4.60702
14 85 1.97204
14 86 3.04311
14 87 8.99542
14 88 0.81801
14 89 0.99997
14 90 0.8673
14 91 0.76329
14 92 0.18853
14 93 2.48692
14 94 2.91265
14 95 4.51261
14 96 6.49354
14 97 2.68281
14 98 4.49118
14 99 3.09023
15 16 4.5707
15 17 7.48476
15 18 1.71916
15 19 7.32022
15 20 6.09944
15 21 6.77512
15 22 3.12616
15 23 4.61549
15 24 8.9891
15 25 1.57888
15 26 8.14724
15 27 4.18422
15 28 1.32863
15 29 7.62847
15 30 1.4885
15 31 6.23941
15 32 3.9727
15 33 1.68897
15 34 4.04721
15 35 8.82101
15 36 4.30194
15 37 3.14757
15 38 4.51346
15 39 3.7699
15 40 6.24074
15 41 8.93965
15 42 0.22295
15 43 8.21674
15 44 7.01605
15 45 3.24729
15 46 7.18439
15 47 3.23659
15 48 1.52044
15 49 5.48692
15 50 4.34252
15 51 4.37621
15 52 1.21203
15 53 3.38765
15 54 6.12842
15 55 7.02781
15 56 0.49996
15 57 6.71791
15 58 5.99095
15 59 3.8041
15 60 4.92527
15 61 8.85002
15 62 6.28054
15 63 4.60141
15 64 8.23069
15 65 0.15178
15 66 8.85599
15 67 0.00206
15 68 5.74424
15 69 4.9405
15 70 5.83618
15 71 3.63848
15 72 6.3737
15 73 0.19076
15 74 1.85328
15 75 7.0582
15 76 6.45149
15 77 7.6322
15 78 7.1486
15 79 0.2106
15 80 6.99693
15 81 6.71914
15 82 5.9621
15 83 1.73588
15 84 6.85942
15 85 4.63447
15 86 3.14099
15 87 3.09759
15 88 0.3726
15 89 2.00968
15 90 2.8806
15 91 0.36671
15 92 3.68748
15 93 7.69852
15 94 6.3065
15 95 7.524
15 96 4.44226
15 97 8.07273
15 98 3.27622
15 99 2.38652
16 17 5.32721
16 18 5.43136
16 19 2.48512
16 20 2.30193
16 21 2.34952
16 22 2.40885
16 23 5.91432
16 24 3.94173
16 25 6.75523
16 26 3.65293
16 27 2.81553
16 28 4.66647
16 29 7.61243
16 30 7.62056
16 31 4.10503
16 32 4.50346
16 33 5.72245
16 34 8.35984
16 35 7.78571
16 36 5.56561
16 37 2.96287
16 38 1.94027
16 39 1.87881
16 40 6.57646
16 41 5.09276
16 42 8.92167
16 43 6.91186
16 44 1.23652
16 45 8.92989
16 46 1.79726
16 47 6.59607
16 48 2.67597
16 49 0.87664
16 50 4.98319
16 51 3.60937
16 52 3.15309
16 53 6.22213
16 54 3.33691
16 55 2.44703
16 56 8.51511
16 57 4.61779
16 58 7.35899
16 59 1.01315
16 60 4.38793
16 61 7.77938
16 62 3.76723
16 63 5.13801
16 64 8.99714
16 65 7.46802
16 66 1.87095
16 67 6.52414
16 68 7.39102
16 69 0.98468
16 70 8.05595
16 71 1.34952
16 72 7.91388
16 73 8.52949
16 74 8.81651
16 75 1.85049
16 76 1.90005
16 77 6.85808
16 78 4.07602
16 79 4.94533
16 80 3.95281
16 81 4.9607
16 82 6.8376
16 83 8.74342
16 84 6.75567
16 85 7.48974
16 86 8.45486
16 87 4.33068
16 88 8.32989
16 89 4.02953
16 90 8.31825
16 91 0.29507
16 92 5.34781
16 93 8.54273
16 94 5.89741
16 95 5.97373
16 96 1.17955
16 97 1.75681
16 98 5.72775
16 99 4.7708
17 18 5.95979
17 19 3.69436
17 20 4.97657
17 21 3.19157
17 22 7.72926
17 23 2.95091
17 24 2.1815
17 25 1.026
17 26 3.52068
17 27 1.31874
17 28 5.75371
17 29 7.17192
17 30 1.34418
17 31 4.16675
17 32 3.54187
17 33 6.04539
17 34 5.45765
17 35 6.12899
17 36 7.06474
17 37 1.28928
17 38 1.26093
17 39 7.10477
17 40 4.19756
17 41 2.91484
17 42 2.88073
17 43 2.01544
17 44 6.01619
17 45 3.88632
17 46 2.62347
17 47 2.36569
17 48 5.62398
17 49 6.3625
17 50 7.30224
17 51 4.49261
17 52 8.57136
17 53 6.71649
17 54 8.50178
17 55 5.7676
17 56 7.2907
17 57 0.65467
17 58 1.44596
17 59 0.22471
17 60 6.57143
17 61 7.93937
17 62 8.10321
17 63 5.55721
17 64 0.3959
17 65 2.75841
17 66 3.53226
17 67 7.2988
17 68 0.71046
17 69 5.10011
17 70 1.19117
17 71 5.59511
17 72 6.76107
17 73 1.60962
17 74 3.01597
17 75 6.70737
17 76 1.01918
17 77 7.25226
17 78 1.65298
17 79 4.61162
17 80 8.37235
17 81 3.94735
17 82 3.78155
17 83 4.12297
17 84 8.52314
17 85 7.03662
17 86 5.05693
17 87 4.68819
17 88 4.61017
17 89 5.20219
17 90 3.46814
17 91 1.45061
17 92 1.04886
17 93 5.54888
17 94 7.1267
17 95 0.94964
17 96 2.98361
17 97 8.88331
17 98 8.56225
17 99 5.2199
18 19 1.60501
18 20 3.06371
18 21 4.49299
18 22 1.95008
18 23 5.03416
18 24 8.40478
18 25 2.94262
18 26 0.75405
18 27 3.02407
18 28 7.51052
18 29 3.83002
18 30 4.22059
18 31 2.25548
18 32 4.8875
18 33 7.93573
18 34 3.54416
18 35 3.40469
18 36 0.52276
18 37 2.36785
18 38 5.6508
18 39 1.91656
18 40 2.69584
18 41 6.92535
18 42 8.82294
18 43 1.89698
18 44 2.09797
18 45 7.94922
18 46 4.93047
18 47 3.88426
18 48 0.65314
18 49 6.76047
18 50 0.40609
18 51 2.89985
18 52 0.48914
18 53 6.25797
18 54 6.4537
18 55 6.9277
18 56 4.10273
18 57 3.99939
18 58 1.54
18 59 5.53554
18 60 1.95723
18 61 7.15932
18 62 3.20054
18 63 3.54639
18 64 8.18153
18 65 6.47314
18 66 0.06443
18 67 3.87484
18 68 7.07063
18 69 5.43617
18 70 0.84828
18 71 0.18775
18 72 3.82555
18 73 6.95048
18 74 5.89939
18 75 6.20105
18 76 2.80499
18 77 5.65498
18 78 3.01808
18 79 1.61876
18 80 2.30248
18 81 5.07916
18 82 2.49815
18 83 3.29389
18 84 8.13926
18 85 8.40341
18 86 4.27361
18 87 6.51307
18 88 8.95406
18 89 0.96508
18 90 5.11011
18 91 6.23286
18 92 7.60422
18 93 2.6538
18 94 3.28063
18 95 2.63491
18 96 8.88706
18 97 7.78529
18 98 5.86703
18 99 4.4912
19 20 3.70909
19 21 6.79141
19 22 6.75944
19 23 7.45268
19 24 0.12915
19 25 5.65445
19 26 1.81968
19 27 8.50004
19 28 1.56678
19 29 4.94119
19 30 5.8877
19 31 3.45452
19 32 8.76082
19 33 1.15683
19 34 4.41556
19 35 6.43991
19 36 4.4524
19 37 1.6226
19 38 4.09243
19 39 4.02882
19 40 4.81995
19 41 0.89816
19 42 8.48239
19 43 4.32508
19 44 8.52188
19 45 4.69434
19 46 3.83372
19 47 5.39183
19 48 4.17176
19 49 7.87712
19 50 5.84299
19 51 8.60957
19 52 7.22071
19 53 2.84521
19 54 3.53427
19 55 4.14295
19 56 6.72897
19 57 3.09974
19 58 1.76653
19 59 3.57812
19 60 1.62282
19 61 5.49172
19 62 2.06281
19 63 3.11618
19 64 6.05501
19 65 1.89228
19 66 3.19552
19 67 3.92976
19 68 3.42885
19 69 4.91614
19 70 0.54231
19 71 0.65932
19 72 2.32914
19 73 4.47291
19 74 1.40917
19 75 5.82627
19 76 7.29058
19 77 4.70165
19 78 1.04397
19 79 3.90433
19 80 1.31528
19 81 5.89821
19 82 2.0633
19 83 6.54708
19 84 8.85764
19 85 6.13978
19 86 3.72622
19 87 5.2386
19 88 2.46458
19 89 0.06945
19 90 5.88558
19 91 4.35587
19 92 3.36664
19 93 3.99658
19 94 4.07368
19 95 0.74774
19 96 7.44846
19 97 5.43165
19 98 5.33708
19 99 3.88491
20 21 1.35021
20 22 8.18495
20 23 0.24947
20 24 4.65959
20 25 0.96055
20 26 5.90467
20 27 0.07782
20 28 5.94165
20 29 4.21488
20 30 4.41361
20 31 4.66702
20 32 6.11771
20 33 2.30269
20 34 8.59517
20 35 0.24675
20 36 1.08215
20 37 8.23804
20 38 5.66746
20 39 1.67222
20 40 2.8649
20 41 6.08531
20 42 2.66173
20 43 4.84376
20 44 3.88826
20 45 3.17165
20 46 6.12147
20 47 7.05321
20 48 2.83495
20 49 4.68283
20 50 8.5974
20 51 5.43715
20 52 0.33762
20 53 2.76363
20 54 4.4127
20 55 6.96942
20 56 6.55578
20 57 8.24794
20 58 3.86679
20 59 4.24412
20 60 6.3389
20 61 1.02615
20 62 3.22112
20 63 3.93428
20 64 8.87577
20 65 2.81329
20 66 4.87801
20 67 4.92919
20 68 6.08316
20 69 2.87917
20 70 3.8341
20 71 0.00221
20 72 0.63256
20 73 7.73787
20 74 6.49403
20 75 3.66223
20 76 4.501
20 77 7.914
20 78 8.87489
20 79 3.49875
20 80 2.75804
20 81 4.68395
20 82 3.31068
20 83 4.92833
20 84 3.95082
20 85 1.32931
20 86 7.54637
20 87 6.50191
20 88 7.04019
20 89 2.30098
20 90 1.12816
20 91 5.57071
20 92 7.96245
20 93 4.18062
20 94 4.31388
20 95 0.52317
20 96 3.26774
20 97 3.77737
20 98 8.02305
20 99 3.86532
21 22 7.79395
21 23 4.47273
21 24 4.04773
21 25 8.12315
21 26 7.21293
21 27 8.39837
21 28 3.2656
21 29 2.67002
21 30 4.98069
21 31 6.8968
21 32 7.25489
21 33 3.49222
21 34 6.93077
21 35 3.38315
21 36 2.83083
21 37 8.54529
21 38 4.68303
21 39 2.06018
21 40 4.15534
21 41 2.5039
21 42 1.33621
21 43 1.47491
21 44 8.34702
21 45 0.11267
21 46 8.09066
21 47 4.0806
21 48 8.6918
21 49 0.61032
21 50 5.95801
21 51 6.95083
21 52 3.63516
21 53 7.44792
21 54 1.55212
21 55 0.44779
21 56 8.35182
21 57 1.17483
21 58 6.67792
21 59 3.11493
21 60 6.41931
21 61 2.50272
21 62 3.14613
21 63 3.9066
21 64 5.31651
21 65 6.25718
21 66 1.28064
21 67 3.67938
21 68 6.74292
21 69 4.80255
21 70 8.11628
21 71 7.05753
21 72 6.91676
21 73 3.81621
21 74 3.19004
21 75 1.46564
21 76 2.31841
21 77 0.25041
21 78 7.26348
21 79 2.68788
21 80 1.16085
21 81 5.25504
21 82 6.99156
21 83 7.60716
21 84 4.56907
21 85 6.72767
21 86 3.82566
21 87 0.44558
21 88 8.18582
21 89 5.08322
21 90 3.17596
21 91 8.54846
21 92 6.98031
21 93 3.07165
21 94 5.94174
21 95 6.81722
21 96 8.07324
21 97 6.79959
21 98 2.03185
21 99 1.90342
22 23 7.43848
22 24 4.65566
22 25 2.16161
22 26 7.05772
22 27 4.03846
22 28 1.73976
22 29 4.3183
22 30 5.74029
22 31 8.07128
22 32 2.56352
22 33 2.70484
22 34 0.04115
22 35 2.01009
22 36 2.34336
22 37 8.75461
22 38 0.00913
22 39 2.21032
22 40 8.36277
22 41 8.77057
22 42 0.73526
22 43 8.29292
22 44 6.6744
22 45 4.77783
22 46 5.52978
22 47 8.05522
22 48 5.49435
22 49 2.73179
22 50 5.03862
22 51 0.60869
22 52 5.04987
22 53 8.06084
22 54 2.65907
22 55 2.91287
22 56 8.69204
22 57 6.20253
22 58 1.10255
22 59 3.47455
22 60 4.31958
22 61 8.46774
22 62 8.46043
22 63 6.89052
22 64 4.75455
22 65 1.64174
22 66 1.26369
22 67 1.12427
22 68 3.49309
22 69 4.40915
22 70 5.63784
22 71 2.50119
22 72 4.06421
22 73 2.10465
22 74 7.76487
22 75 4.51264
22 76 7.88941
22 77 4.59066
22 78 4.83575
22 79 5.01207
22 80 4.29783
22 81 7.27638
22 82 8.32034
22 83 1.67475
22 84 2.49953
22 85 6.27841
22 86 0.21127
22 87 5.27095
22 88 4.65264
22 89 2.06875
22 90 8.3871
22 91 7.87274
22 92 2.15352
22 93 6.82696
22 94 6.12747
22 95 8.84951
22 96 7.6701
22 97 1.79684
22 98 4.74802
22 99 1.00625
23 24 5.1623
23 25 0.67402
23 26 0.98249
23 27 0.75145
23 28 0.86051
23 29 4.01072
23 30 7.05627
23 31 8.7612
23 32 7.11959
23 33 1.09674
23 34 5.10006
23 35 4.93576
23 36 5.3498
23 37 6.40234
23 38 3.96744
23 39 2.28295
23 40 2.80528
23 41 2.59819
23 42 6.62597
23 43 8.26972
23 44 0.47175
23 45 7.27971
23 46 2.34594
23 47 5.41564
23 48 0.48399
23 49 1.67133
23 50 4.41417
23 51 1.65971
23 52 8.98994
23 53 1.34696
23 54 6.70442
23 55 0.23222
23 56 6.47744
23 57 3.57945
23 58 6.74598
23 59 6.7177
23 60 0.52613
23 61 8.24632
23 62 8.47527
23 63 3.1037
23 64 4.91413
23 65 4.1408
23 66 1.0725
23 67 6.96879
23 68 0.30214
23 69 1.20831
23 70 7.22949
23 71 4.74968
23 72 3.18463
23 73 5.58224
23 74 5.31466
23 75 4.42056
23 76 1.20649
23 77 8.77627
23 78 0.58416
23 79 7.11285
23 80 2.60989
23 81 6.70696
23 82 5.0211
23 83 4.20961
23 84 2.26407
23 85 4.59935
23 86 5.09727
23 87 0.57632
23 88 1.03832
23 89 0.23443
23 90 1.4355
23 91 4.622
23 92 2.02839
23 93 6.69935
23 94 7.5341
23 95 7.16553
23 96 2.76952
23 97 7.10384
23 98 1.92253
23 99 8.35313
24 25 6.41858
24 26 4.40701
24 27 2.90463
24 28 6.98983
24 29 6.86188
24 30 5.72214
24 31 3.3685
24 32 3.0497
24 33 2.8458
24 34 0.46569
24 35 3.6456
24 36 0.18371
24 37 4.02261
24 38 7.88929
24 39 1.22229
24 40 6.00993
24 41 2.12904
24 42 5.55195
24 43 7.38639
24 44 4.48843
24 45 0.13719
24 46 0.64684
24 47 6.53907
24 48 2.89713
24 49 8.46119
24 50 5.07023
24 51 7.25105
24 52 2.68107
24 53 1.74698
24 54 0.00602
24 55 3.39066
24 56 2.47113
24 57 4.45187
24 58 0.84131
24 59 7.44018
24 60 3.14755
24 61 1.81894
24 62 2.83415
24 63 5.35865
24 64 8.32472
24 65 1.61059
24 66 0.22568
24 67 7.15809
24 68 8.2232
24 69 3.2206
24 70 8.4725
24 71 5.04887
24 72 3.95375
24 73 8.93044
24 74 7.29022
24 75 3.45464
24 76 7.20802
24 77 4.98587
24 78 8.19197
24 79 2.64036
24 80 8.67398
24 81 4.75535
24 82 6.9623
24 83 1.50568
24 84 8.42067
24 85 6.38819
24 86 4.31253
24 87 0.93951
24 88 3.36002
24 89 3.70021
24 90 4.47072
24 91 7.4863
24 92 7.17453
24 93 0.26069
24 94 0.1019
24 95 1.12261
24 96 3.33684
24 97 0.57557
24 98 1.53339
24 99 8.78163
25 26 0.36312
25 27 1.71376
25 28 8.36838
25 29 3.9108
25 30 0.15026
25 31 1.57014
25 32 5.8685
25 33 4.57488
25 34 7.27104
25 35 4.88239
25 36 5.37479
25 37 6.4109
25 38 7.35632
25 39 7.17782
25 40 7.29201
25 41 3.65051
25 42 5.17327
25 43 3.09183
25 44 3.17956
25 45 2.38996
25 46 8.77656
25 47 2.84228
25 48 5.70053
25 49 3.48678
25 50 0.96725
25 51 5.41192
25 52 3.32714
25 53 2.63834
25 54 8.12738
25 55 8.18778
25 56 7.01124
25 57 8.71635
25 58 7.80412
25 59 1.62382
25 60 4.34154
25 61 8.67111
25 62 8.452
25 63 3.41489
25 64 3.87329
25 65 1.49247
25 66 8.10623
25 67 3.94834
25 68 5.37534
25 69 7.81432
25 70 5.94293
25 71 4.44321
25 72 0.95043
25 73 6.23993
25 74 6.88541
25 75 6.58549
25 76 1.48683
25 77 1.01095
25 78 5.84799
25 79 6.74584
25 80 5.89287
25 81 3.44048
25 82 0.04931
25 83 3.68789
25 84 0.45972
25 85 5.70936
25 86 3.55634
25 87 6.94938
25 88 4.74312
25 89 7.18471
25 90 2.34641
25 91 1.81116
25 92 4.20294
25 93 8.29984
25 94 4.82433
25 95 4.33009
25 96 1.14507
25 97 1.27624
25 98 6.68022
25 99 3.94965
26 27 8.62503
26 28 5.30254
26 29 0.42215
26 30 8.90448
26 31 0.06336
26 32 7.6712
26 33 5.7251
26 34 2.28943
26 35 6.72398
26 36 2.05094
26 37 7.651
26 38 0.20697
26 39 1.44191
26 40 1.99299
26 41 2.76282
26 42 0.7907
26 43 7.08479
26 44 2.65883
26 45 0.83995
26 46 5.14329
26 47 0.73509
26 48 7.20154
26 49 2.05078
26 50 2.33293
26 51 3.46149
26 52 2.92123
26 53 1.93544
26 54 4.24399
26 55 8.54513
26 56 6.45932
26 57 3.96032
26 58 6.56346
26 59 5.03876
26 60 3.62836
26 61 6.43425
26 62 1.44217
26 63 5.29843
26 64 4.80066
26 65 6.89448
26 66 3.24801
26 67 5.35958
26 68 4.98154
26 69 4.66325
26 70 7.47153
26 71 0.79118
26 72 2.54092
26 73 5.45647
26 74 4.27926
26 75 2.88767
26 76 0.85138
26 77 4.29675
26 78 2.18356
26 79 7.44112
26 80 6.73634
26 81 1.85333
26 82 1.93318
26 83 3.22786
26 84 5.04304
26 85 6.30463
26 86 2.32613
26 87 4.81151
26 88 6.90032
26 89 1.39445
26 90 6.24679
26 91 1.63917
26 92 3.35563
26 93 0.23246
26 94 6.67926
26 95 3.48795
26 96 3.50023
26 97 0.67235
26 98 3.29133
26 99 8.02235
27 28 5.47933
27 29 7.25592
27 30 5.03827
27 31 1.95565
27 32 3.17616
27 33 6.20041
27 34 3.61374
27 35 3.20161
27 36 5.41068
27 37 1.59712
27 38 0.8028
27 39 6.58517
27 40 7.77463
27 41 6.02546
27 42 5.67788
27 43 8.87865
27 44 2.80702
27 45 1.82278
27 46 8.85612
27 47 1.85818
27 48 1.85218
27 49 1.46133
27 50 0.58103
27 51 1.39876
27 52 6.39156
27 53 1.84938
27 54 1.30389
27 55 8.38817
27 56 5.87976
27 57 8.23223
27 58 7.13187
27 59 2.13166
27 60 3.73665
27 61 1.89861
27 62 4.23308
27 63 2.70597
27 64 5.86362
27 65 1.69745
27 66 5.00849
27 67 6.37534
27 68 5.72329
27 69 8.16736
27 70 2.59625
27 71 6.81022
27 72 5.97377
27 73 1.31541
27 74 1.35246
27 75 8.37184
27 76 3.59317
27 77 7.35532
27 78 5.18205
27 79 8.43488
27 80 4.70215
27 81 2.08242
27 82 1.40272
27 83 2.69531
27 84 3.96044
27 85 5.87582
27 86 6.32142
27 87 5.53466
27 88 4.74416
27 89 6.64323
27 90 1.02723
27 91 5.35597
27 92 4.77782
27 93 6.41804
27 94 1.07095
27 95 3.25959
27 96 8.05147
27 97 3.72724
27 98 5.38295
27 99 1.14801
28 29 8.68299
28 30 8.75019
28 31 0.32609
28 32 4.29752
28 33 5.30033
28 34 4.4678
28 35 8.62361
28 36 3.83777
28 37 4.42881
28 38 6.64873
28 39 4.12668
28 40 6.15944
28 41 6.1744
28 42 4.32207
28 43 7.99515
28 44 5.05197
28 45 6.70157
28 46 8.92656
28 47 5.05277
28 48 1.20492
28 49 2.21308
28 50 3.91223
28 51 4.41388
28 52 2.63772
28 53 5.29933
28 54 7.51271
28 55 1.33431
28 56 0.1247
28 57 7.99019
28 58 8.69151
28 59 7.203
28 60 7.49716
28 61 8.03337
28 62 4.30188
28 63 6.50571
28 64 3.08221
28 65 5.84032
28 66 3.27197
28 67 4.14523
28 68 6.2601
28 69 3.48162
28 70 1.72827
28 71 8.64222
28 72 6.95838
28 73 0.15267
28 74 2.57356
28 75 1.40734
28 76 2.21805
28 77 0.15544
28 78 7.47614
28 79 4.53512
28 80 5.65835
28 81 3.53817
28 82 1.44701
28 83 5.41264
28 84 5.72185
28 85 7.33943
28 86 3.18295
28 87 0.65071
28 88 0.39714
28 89 2.98799
28 90 5.16135
28 91 8.54446
28 92 7.25129
28 93 0.5562
28 94 2.21567
28 95 7.20867
28 96 4.96004
28 97 2.80556
28 98 7.22701
28 99 5.42251
29 30 5.69575
29 31 6.68826
29 32 8.95381
29 33 3.3333
29 34 3.23492
29 35 4.53801
29 36 8.52245
29 37 3.69211
29 38 4.51324
29 39 4.66642
29 40 0.8455
29 41 8.58842
29 42 1.78075
29 43 4.58269
29 44 1.89089
29 45 8.95901
29 46 8.83283
29 47 8.4742
29 48 8.8163
29 49 1.11135
29 50 8.5768
29 51 0.7791
29 52 3.40256
29 53 8.82022
29 54 6.79678
29 55 3.15286
29 56 4.75617
29 57 4.57742
29 58 5.21837
29 59 7.03022
29 60 2.28327
29 61 2.88922
29 62 1.10044
29 63 7.32217
29 64 1.96905
29 65 0.86196
29 66 5.21111
29 67 0.00995
29 68 8.63824
29 69 1.64221
29 70 8.91003
29 71 7.21947
29 72 2.4829
29 73 1.68915
29 74 2.99772
29 75 8.15498
29 76 7.37259
29 77 6.44852
29 78 6.43125
29 79 7.66829
29 80 6.93861
29 81 5.29888
29 82 3.3242
29 83 5.02443
29 84 7.86938
29 85 3.17808
29 86 8.19618
29 87 8.69144
29 88 3.20642
29 89 2.29654
29 90 0.23307
29 91 1.69864
29 92 6.05703
29 93 2.82972
29 94 1.54981
29 95 4.91137
29 96 5.61633
29 97 7.91461
29 98 4.17004
29 99 3.34183
30 31 8.41727
30 32 8.92643
30 33 4.05556
30 34 6.12312
30 35 8.4012
30 36 6.58524
30 37 4.69813
30 38 3.22764
30 39 0.00439
30 40 2.25273
30 41 3.53215
30 42 6.64093
30 43 2.38334
30 44 3.47073
30 45 6.17774
30 46 6.22318
30 47 1.20644
30 48 4.75192
30 49 8.64051
30 50 0.0041
30 51 0.03313
30 52 4.87507
30 53 0.67097
30 54 8.66346
30 55 2.4646
30 56 5.12705
30 57 6.40895
30 58 5.25511
30 59 3.62177
30 60 4.51492
30 61 0.626
30 62 3.48685
30 63 0.28206
30 64 2.50686
30 65 4.31672
30 66 8.91614
30 67 0.50509
30 68 7.2175
30 69 4.18924
30 70 5.25647
30 71 3.69398
30 72 3.52321
30 73 1.70093
30 74 6.63032
30 75 6.15616
30 76 8.75449
30 77 0.82962
30 78 5.50687
30 79 6.87298
30 80 2.87219
30 81 4.47693
30 82 1.70822
30 83 2.64993
30 84 8.21624
30 85 4.75592
30 86 8.75438
30 87 5.93818
30 88 0.30813
30 89 7.99274
30 90 4.40095
30 91 4.32483
30 92 3.46611
30 93 6.88429
30 94 1.37336
30 95 8.50553
30 96 2.85789
30 97 0.44979
30 98 2.95402
30 99 2.23269
31 32 0.94848
31 33 5.07706
31 34 1.25212
31 35 4.38705
31 36 0.74396
31 37 6.01156
31 38 0.01789
31 39 2.4174
31 40 5.91979
31 41 5.75519
31 42 8.95019
31 43 3.70553
31 44 3.84577
31 45 4.84418
31 46 4.98903
31 47 1.58787
31 48 2.72917
31 49 1.03765
31 50 7.02531
31 51 4.63641
31 52 2.30885
31 53 5.74986
31 54 6.33324
31 55 6.61003
31 56 6.99003
31 57 3.85509
31 58 6.73874
31 59 5.27097
31 60 5.0926
31 61 7.54498
31 62 5.00915
31 63 5.67968
31 64 3.166
31 65 8.4309
31 66 8.85231
31 67 8.31608
31 68 6.71838
31 69 2.65083
31 70 2.83583
31 71 3.00456
31 72 5.43981
31 73 0.1229
31 74 2.52955
31 75 8.21011
31 76 1.08371
31 77 4.36204
31 78 4.2585
31 79 8.37359
31 80 1.7206
31 81 2.91567
31 82 2.35448
31 83 4.95784
31 84 1.04092
31 85 2.69877
31 86 1.05298
31 87 8.83279
31 88 4.55043
31 89 0.82061
31 90 3.56055
31 91 0.79494
31 92 3.7648
31 93 8.26082
31 94 4.86168
31 95 3.92204
31 96 4.46729
31 97 1.19701
31 98 1.90461
31 99 0.07442
32 33 1.48383
32 34 0.07768
32 35 3.21544
32 36 5.07409
32 37 1.10798
32 38 5.26713
32 39 3.07925
32 40 8.14543
32 41 5.88133
32 42 4.03028
32 43 6.62474
32 44 3.98693
32 45 0.62512
32 46 0.13422
32 47 2.83808
32 48 4.68857
32 49 8.16163
32 50 3.0529
32 51 3.83503
32 52 0.65173
32 53 6.10061
32 54 1.71925
32 55 0.78639
32 56 4.58464
32 57 2.75226
32 58 4.96702
32 59 8.40715
32 60 8.77029
32 61 2.05832
32 62 3.27898
32 63 6.68992
32 64 4.48203
32 65 7.04103
32 66 7.99246
32 67 7.40824
32 68 5.63041
32 69 3.84403
32 70 7.88437
32 71 6.70681
32 72 8.69834
32 73 0.84835
32 74 2.31445
32 75 0.15586
32 76 5.61967
32 77 4.31041
32 78 8.67339
32 79 0.7534
32 80 2.95311
32 81 4.56708
32 82 5.74088
32 83 2.64065
32 84 5.56799
32 85 5.60193
32 86 6.26871
32 87 6.0564
32 88 8.88664
32 89 0.24364
32 90 2.0295
32 91 6.47085
32 92 8.33443
32 93 2.15681
32 94 5.02923
32 95 1.822
32 96 4.32952
32 97 3.12188
32 98 8.81775
32 99 4.92503
33 34 5.81781
33 35 5.89436
33 36 2.88778
33 37 7.17099
33 38 6.50862
33 39 0.84232
33 40 5.62982
33 41 3.49859
33 42 0.35935
33 43 1.32183
33 44 1.60061
33 45 0.95634
33 46 1.47899
33 47 4.02993
33 48 5.10752
33 49 2.01923
33 50 2.97612
33 51 0.8787
33 52 0.88763
33 53 6.03877
33 54 6.55259
33 55 2.89976
33 56 2.79137
33 57 4.12354
33 58 0.36816
33 59 4.69176
33 60 1.15126
33 61 4.78234
33 62 6.81361
33 63 3.0402
33 64 2.19749
33 65 0.89456
33 66 5.11556
33 67 8.59959
33 68 1.78557
33 69 5.33185
33 70 6.00013
33 71 5.59584
33 72 4.94734
33 73 0.78241
33 74 6.22405
33 75 8.72723
33 76 3.34316
33 77 1.29668
33 78 4.51936
33 79 0.8777
33 80 0.7124
33 81 1.39266
33 82 6.46199
33 83 8.50224
33 84 5.21994
33 85 6.99363
33 86 2.31609
33 87 5.31318
33 88 6.84327
33 89 8.06256
33 90 2.94173
33 91 4.02722
33 92 2.90777
33 93 0.34983
33 94 0.31513
33 95 4.52436
33 96 5.28495
33 97 3.5516
33 98 3.18938
33 99 1.89742
34 35 5.02539
34 36 1.70523
34 37 8.92742
34 38 1.08552
34 39 5.56708
34 40 7.65182
34 41 4.03707
34 42 8.17809
34 43 3.00801
34 44 2.52944
34 45 2.1837
34 46 2.40093
34 47 7.31006
34 48 6.92258
34 49 6.41491
34 50 6.87522
34 51 1.59888
34 52 5.18374
34 53 4.97239
34 54 6.3135
34 55 6.64075
34 56 6.51277
34 57 7.42597
34 58 3.45773
34 59 8.77662
34 60 6.21317
34 61 4.9445
34 62 2.40225
34 63 3.9067
34 64 8.38454
34 65 1.73809
34 66 2.02799
34 67 4.59076
34 68 3.38765
34 69 5.54101
34 70 6.48783
34 71 3.44214
34 72 3.47763
34 73 3.00227
34 74 5.78987
34 75 0.96618
34 76 3.65505
34 77 1.80707
34 78 4.26122
34 79 5.72124
34 80 6.67107
34 81 3.21891
34 82 2.45158
34 83 2.73108
34 84 3.90741
34 85 1.7687
34 86 4.55259
34 87 5.02687
34 88 0.73293
34 89 6.17972
34 90 3.59888
34 91 1.05323
34 92 2.76843
34 93 3.64344
34 94 4.37186
34 95 3.48079
34 96 2.45911
34 97 5.30381
34 98 6.23267
34 99 7.46441
35 36 6.74916
35 37 7.97066
35 38 4.54173
35 39 7.20884
35 40 1.60136
35 41 0.07904
35 42 3.38072
35 43 2.11948
35 44 7.7956
35 45 4.00332
35 46 1.20687
35 47 4.69012
35 48 8.53312
35 49 3.57365
35 50 2.53498
35 51 4.49233
35 52 4.50164
35 53 7.43621
35 54 2.78281
35 55 0.79545
35 56 5.37577
35 57 8.11348
35 58 7.10961
35 59 8.12966
35 60 0.15981
35 61 1.83371
35 62 3.8854
35 63 2.67161
35 64 0.53492
35 65 3.26565
35 66 4.01225
35 67 1.26871
35 68 4.60159
35 69 5.1872
35 70 4.69334
35 71 8.09173
35 72 5.31338
35 73 8.42949
35 74 1.65564
35 75 1.54863
35 76 0.57575
35 77 5.64288
35 78 3.97488
35 79 0.82035
35 80 7.84595
35 81 0.96437
35 82 3.74539
35 83 4.04332
35 84 2.34243
35 85 6.42518
35 86 0.24821
35 87 0.41366
35 88 1.4213
35 89 7.95062
35 90 6.21813
35 91 7.00596
35 92 1.83517
35 93 8.75263
35 94 2.1851
35 95 8.07536
35 96 8.69643
35 97 2.68954
35 98 4.09498
35 99 8.27145
36 37 2.03664
36 38 5.14902
36 39 3.62858
36 40 6.60124
36 41 3.228
36 42 2.28146
36 43 5.41711
36 44 0.51078
36 45 5.50611
36 46 5.99781
36 47 8.36994
36 48 1.28888
36 49 0.05171
36 50 8.758
36 51 0.65352
36 52 2.13818
36 53 4.37998
36 54 5.65954
36 55 2.59572
36 56 3.54916
36 57 1.33257
36 58 7.0878
36 59 5.60015
36 60 6.09203
36 61 6.95124
36 62 3.94995
36 63 4.18029
36 64 2.74384
36 65 4.49522
36 66 8.43674
36 67 6.40636
36 68 1.4159
36 69 4.11071
36 70 3.8256
36 71 7.42234
36 72 4.07648
36 73 3.49942
36 74 8.11846
36 75 0.94088
36 76 4.94083
36 77 8.15801
36 78 5.76074
36 79 8.25676
36 80 7.32033
36 81 3.92651
36 82 1.49617
36 83 7.51486
36 84 7.5238
36 85 5.8124
36 86 8.38321
36 87 5.20269
36 88 0.56356
36 89 0.72512
36 90 5.41008
36 91 7.03297
36 92 3.04799
36 93 0.09557
36 94 8.73572
36 95 7.72507
36 96 2.5527
36 97 6.17766
36 98 4.24542
36 99 2.15671
37 38 5.231
37 39 3.81034
37 40 7.9503
37 41 1.01342
37 42 8.6526
37 43 1.45407
37 44 0.97927
37 45 1.25716
37 46 4.6685
37 47 5.61636
37 48 3.30298
37 49 3.82701
37 50 4.73927
37 51 6.90796
37 52 8.96468
37 53 6.51624
37 54 5.80688
37 55 8.82475
37 56 1.80063
37 57 5.21691
37 58 0.98899
37 59 7.22047
37 60 7.2269
37 61 3.34166
37 62 4.91782
37 63 3.7672
37 64 4.31111
37 65 3.85268
37 66 0.34329
37 67 2.24145
37 68 5.47522
37 69 2.85399
37 70 7.16909
37 71 7.67889
37 72 1.66103
37 73 7.30174
37 74 8.7499
37 75 7.18782
37 76 7.36932
37 77 0.13519
37 78 2.94052
37 79 8.18116
37 80 6.62384
37 81 6.71897
37 82 7.78049
37 83 3.6097
37 84 2.27539
37 85 4.39903
37 86 7.5038
37 87 8.40578
37 88 2.74126
37 89 1.47908
37 90 7.08832
37 91 4.86353
37 92 6.3157
37 93 3.21868
37 94 7.60171
37 95 7.25224
37 96 7.54588
37 97 5.66495
37 98 1.66829
37 99 2.92247
38 39 4.06063
38 40 7.32779
38 41 0.0927
38 42 4.29885
38 43 0.46383
38 44 5.45327
38 45 0.77707
38 46 8.26444
38 47 6.73294
38 48 2.9085
38 49 3.89867
38 50 4.46606
38 51 4.39581
38 52 7.8365
38 53 1.34332
38 54 6.67319
38 55 8.01607
38 56 0.06957
38 57 4.43541
38 58 1.47286
38 59 7.41961
38 60 2.16799
38 61 8.22385
38 62 2.1798
38 63 3.83412
38 64 8.6223
38 65 8.91852
38 66 7.04933
38 67 4.42661
38 68 5.43178
38 69 0.82952
38 70 0.13855
38 71 8.30392
38 72 2.57333
38 73 3.51456
38 74 1.43075
38 75 3.91722
38 76 6.06637
38 77 8.72551
38 78 6.42373
38 79 2.90467
38 80 6.16541
38 81 4.99396
38 82 6.67394
38 83 1.3646
38 84 2.5423
38 85 8.61645
38 86 8.13946
38 87 0.53274
38 88 1.95339
38 89 7.89667
38 90 8.03279
38 91 3.17859
38 92 7.63047
38 93 7.20101
38 94 2.23918
38 95 2.50312
38 96 1.47207
38 97 7.39106
38 98 6.32854
38 99 4.61429
39 40 0.81179
39 41 8.73537
39 42 7.76622
39 43 7.66522
39 44 6.91801
39 45 5.1904
39 46 0.93462
39 47 7.63982
39 48 5.17362
39 49 5.23943
39 50 4.72915
39 51 3.9014
39 52 3.58703
39 53 0.72785
39 54 8.07259
39 55 4.51313
39 56 3.49543
39 57 8.02599
39 58 2.75872
39 59 7.15624
39 60 2.16362
39 61 7.74447
39 62 5.10534
39 63 8.20224
39 64 7.03221
39 65 2.82913
39 66 8.65849
39 67 0.53069
39 68 0.02131
39 69 5.52818
39 70 6.97695
39 71 1.00199
39 72 3.64638
39 73 4.60434
39 74 3.446
39 75 1.08438
39 76 0.57327
39 77 6.92979
39 78 2.79008
39 79 2.84364
39 80 3.84508
39 81 8.31238
39 82 1.32047
39 83 4.0669
39 84 8.1342
39 85 2.18671
39 86 5.10735
39 87 0.87876
39 88 3.11823
39 89 8.1569
39 90 3.19303
39 91 1.23894
39 92 3.62496
39 93 4.76104
39 94 6.87114
39 95 8.77243
39 96 5.18387
39 97 6.99651
39 98 6.76648
39 99 7.24519
40 41 7.02585
40 42 5.95235
40 43 3.96604
40 44 2.4072
40 45 2.69797
40 46 6.17014
40 47 8.35299
40 48 8.63741
40 49 1.46909
40 50 4.0456
40 51 6.99738
40 52 2.13616
40 53 0.70781
40 54 4.4404
40 55 8.35754
40 56 8.71959
40 57 4.42914
40 58 5.65338
40 59 6.92508
40 60 3.39828
40 61 0.80504
40 62 0.18026
40 63 3.95631
40 64 3.19218
40 65 1.99694
40 66 2.59923
40 67 2.878
40 68 0.31019
40 69 8.17932
40 70 1.20109
40 71 1.22245
40 72 5.76675
40 73 7.07945
40 74 0.27245
40 75 2.66969
40 76 6.45097
40 77 4.7549
40 78 0.82206
40 79 8.6814
40 80 5.15436
40 81 2.15117
40 82 0.74139
40 83 6.596
40 84 0.35446
40 85 0.89072
40 86 4.65313
40 87 7.67916
40 88 5.61877
40 89 3.59256
40 90 7.79638
40 91 0.10916
40 92 0.98308
40 93 8.25038
40 94 0.31348
40 95 4.57684
40 96 2.82951
40 97 1.69966
40 98 3.68079
40 99 8.82091
41 42 5.30341
41 43 4.39742
41 44 3.93367
41 45 1.03654
41 46 5.06041
41 47 3.66589
41 48 4.65722
41 49 8.03816
41 50 1.30847
41 51 7.93833
41 52 0.08067
41 53 4.84529
41 54 5.60091
41 55 4.96446
41 56 4.22175
41 57 7.44642
41 58 2.24516
41 59 4.74146
41 60 7.66575
41 61 8.52393
41 62 5.21251
41 63 8.77508
41 64 1.71207
41 65 7.99979
41 66 4.39872
41 67 5.06411
41 68 0.76585
41 69 7.26157
41 70 0.46874
41 71 6.81075
41 72 3.75635
41 73 4.91205
41 74 7.88214
41 75 4.22726
41 76 3.82797
41 77 0.06467
41 78 4.81238
41 79 3.60477
41 80 7.98108
41 81 3.93563
41 82 8.12403
41 83 5.11109
41 84 5.44522
41 85 7.324
41 86 1.22681
41 87 3.21965
41 88 1.1717
41 89 5.64434
41 90 6.58007
41 91 0.50191
41 92 3.17431
41 93 1.15494
41 94 7.66185
41 95 8.96465
41 96 4.61798
41 97 8.85233
41 98 4.80632
41 99 3.98493
42 43 4.91443
42 44 4.99307
42 45 6.30514
42 46 6.19108
42 47 2.77093
42 48 8.26716
42 49 7.15774
42 50 1.54554
42 51 7.2861
42 52 0.28769
42 53 0.6838
42 54 0.38701
42 55 5.84867
42 56 4.78665
42 57 8.4457
42 58 0.27036
42 59 0.23803
42 60 2.70452
42 61 7.68034
42 62 0.58914
42 63 4.53851
42 64 8.99496
42 65 5.16448
42 66 1.21102
42 67 4.21312
42 68 3.35963
42 69 4.04788
42 70 6.5516
42 71 1.27155
42 72 2.44425
42 73 1.23218
42 74 8.97699
42 75 6.87441
42 76 6.79546
42 77 0.49736
42 78 4.75631
42 79 6.95616
42 80 8.1867
42 81 4.86202
42 82 2.31446
42 83 2.86357
42 84 0.93625
42 85 7.61907
42 86 2.76521
42 87 6.61739
42 88 1.18127
42 89 5.77615
42 90 8.2514
42 91 8.28716
42 92 8.60212
42 93 3.84534
42 94 8.37369
42 95 2.46207
42 96 2.88827
42 97 2.20032
42 98 5.41442
42 99 8.24165
43 44 4.22745
43 45 7.63416
43 46 2.53376
43 47 3.86002
43 48 6.35764
43 49 8.07926
43 50 3.99153
43 51 7.43526
43 52 6.35929
43 53 5.8789
43 54 2.35551
43 55 0.2652
43 56 7.73875
43 57 2.60206
43 58 4.72001
43 59 4.52379
43 60 6.51843
43 61 8.88994
43 62 4.64721
43 63 6.63408
43 64 6.54553
43 65 8.77551
43 66 7.71213
43 67 8.56061
43 68 8.55156
43 69 4.09941
43 70 2.49157
43 71 1.29635
43 72 0.87059
43 73 0.21725
43 74 2.55897
43 75 7.58396
43 76 5.91469
43 77 8.6764
43 78 5.73393
43 79 3.65992
43 80 6.3171
43 81 0.86679
43 82 6.07515
43 83 5.88125
43 84 4.41512
43 85 3.9303
43 86 2.43125
43 87 0.55261
43 88 7.85285
43 89 1.38275
43 90 5.15168
43 91 8.75479
43 92 8.91004
43 93 5.16802
43 94 8.80046
43 95 5.84114
43 96 1.38071
43 97 8.00164
43 98 1.72505
43 99 4.45702
44 45 1.16559
44 46 6.4869
44 47 2.00527
44 48 5.09428
44 49 7.19277
44 50 2.39866
44 51 5.37492
44 52 7.4469
44 53 5.88842
44 54 3.39087
44 55 2.11029
44 56 6.8122
44 57 2.97899
44 58 6.55217
44 59 6.45145
44 60 4.42315
44 61 1.90885
44 62 6.91535
44 63 8.08763
44 64 2.43734
44 65 2.9576
44 66 6.50114
44 67 5.18495
44 68 7.91403
44 69 0.6547
44 70 2.72452
44 71 2.64053
44 72 3.6228
44 73 5.65832
44 74 3.27176
44 75 6.47041
44 76 6.05973
44 77 3.26426
44 78 6.3725
44 79 0.68955
44 80 6.91238
44 81 7.53166
44 82 6.76591
44 83 8.70142
44 84 6.30869
44 85 0.38066
44 86 2.51625
44 87 1.54686
44 88 1.95679
44 89 4.88467
44 90 4.12603
44 91 5.97087
44 92 7.81654
44 93 4.84779
44 94 3.60449
44 95 6.04878
44 96 0.2877
44 97 5.54743
44 98 7.28078
44 99 3.44951
45 46 2.22636
45 47 0.58789
45 48 6.61096
45 49 8.92739
45 50 3.20902
45 51 7.63457
45 52 6.67512
45 53 6.30666
45 54 5.64676
45 55 3.90407
45 56 3.15768
45 57 8.91572
45 58 7.85481
45 59 3.13078
45 60 7.00226
45 61 5.36871
45 62 3.2465
45 63 0.20436
45 64 0.44247
45 65 4.03725
45 66 6.57622
45 67 6.06102
45 68 1.30345
45 69 4.89881
45 70 4.4646
45 71 3.6942
45 72 1.69412
45 73 3.54765
45 74 2.40569
45 75 1.30903
45 76 5.27308
45 77 3.15047
45 78 5.31286
45 79 5.74709
45 80 7.56658
45 81 5.88613
45 82 0.16947
45 83 3.81003
45 84 4.22087
45 85 0.28815
45 86 2.16782
45 87 7.44999
45 88 1.23509
45 89 1.97173
45 90 7.29559
45 91 8.63629
45 92 8.89687
45 93 8.63947
45 94 4.04896
45 95 4.79412
45 96 7.04974
45 97 6.76848
45 98 8.58689
45 99 8.17218
46 47 1.44692
46 48 1.85755
46 49 6.37563
46 50 3.31723
46 51 8.28165
46 52 4.00351
46 53 5.76423
46 54 2.79513
46 55 8.33814
46 56 7.6819
46 57 6.24758
46 58 3.39194
46 59 3.73615
46 60 7.95818
46 61 4.93194
46 62 2.9013
46 63 8.06507
46 64 2.95628
46 65 0.82098
46 66 0.59619
46 67 2.70489
46 68 0.48868
46 69 5.01139
46 70 2.40341
46 71 0.19406
46 72 8.94919
46 73 4.201
46 74 2.76921
46 75 8.87229
46 76 4.55234
46 77 6.78847
46 78 8.63348
46 79 0.18004
46 80 7.25703
46 81 5.49805
46 82 1.59327
46 83 0.75832
46 84 4.69666
46 85 5.0232
46 86 8.64341
46 87 3.30119
46 88 4.38392
46 89 4.60672
46 90 8.64647
46 91 2.85629
46 92 1.35251
46 93 6.94572
46 94 5.47591
46 95 2.16529
46 96 1.43426
46 97 0.16064
46 98 3.58047
46 99 7.16554
47 48 7.50477
47 49 4.18331
47 50 1.00525
47 51 8.89577
47 52 7.67045
47 53 5.45052
47 54 4.10901
47 55 4.16004
47 56 2.67621
47 57 0.30751
47 58 2.11619
47 59 6.104
47 60 3.18617
47 61 1.1157
47 62 0.02089
47 63 8.8389
47 64 3.33086
47 65 7.53558
47 66 3.55208
47 67 8.95016
47 68 5.99122
47 69 6.43656
47 70 3.23727
47 71 4.21514
47 72 2.60381
47 73 3.02976
47 74 7.78809
47 75 6.58433
47 76 1.78096
47 77 6.86957
47 78 4.71384
47 79 3.02028
47 80 6.97627
47 81 0.76204
47 82 1.9138
47 83 0.54165
47 84 6.65536
47 85 7.72174
47 86 1.65199
47 87 2.46315
47 88 7.91741
47 89 1.38901
47 90 2.57172
47 91 6.68878
47 92 1.20165
47 93 3.23212
47 94 6.49505
47 95 2.25068
47 96 5.57959
47 97 4.94873
47 98 0.23903
47 99 8.48256
48 49 8.64684
48 50 4.62269
48 51 8.25748
48 52 2.60743
48 53 6.85344
48 54 0.10682
48 55 7.17412
48 56 0.57839
48 57 3.96975
48 58 4.89851
48 59 5.85916
48 60 7.5326
48 61 0.43342
48 62 7.13437
48 63 8.02071
48 64 4.78671
48 65 6.69672
48 66 4.61606
48 67 6.12198
48 68 4.39988
48 69 8.56322
48 70 1.8918
48 71 8.13161
48 72 7.99012
48 73 0.72557
48 74 1.78184
48 75 3.16396
48 76 5.67411
48 77 2.08086
48 78 2.90598
48 79 0.27452
48 80 7.15212
48 81 1.67429
48 82 8.46857
48 83 8.3721
48 84 0.01593
48 85 7.17406
48 86 5.09956
48 87 7.68725
48 88 3.66548
48 89 0.7009
48 90 0.11469
48 91 3.07815
48 92 1.38045
48 93 3.46903
48 94 0.54631
48 95 0.74012
48 96 8.96745
48 97 7.08128
48 98 5.32885
48 99 6.30226
49 50 6.5682
49 51 2.74823
49 52 0.89
49 53 6.90335
49 54 7.80657
49 55 3.42189
49 56 2.03869
49 57 0.42434
49 58 7.70222
49 59 8.37944
49 60 1.14794
49 61 3.39827
49 62 6.5143
49 63 1.74345
49 64 4.00053
49 65 8.93939
49 66 3.28777
49 67 3.04772
49 68 4.6818
49 69 2.98075
49 70 4.08128
49 71 1.02832
49 72 6.27289
49 73 1.34736
49 74 6.42669
49 75 3.59217
49 76 3.80862
49 77 7.28582
49 78 4.41696
49 79 0.49439
49 80 7.84326
49 81 4.39467
49 82 8.29776
49 83 6.08213
49 84 8.86824
49 85 7.40893
49 86 2.35533
49 87 3.90244
49 88 4.6431
49 89 3.59181
49 90 2.70215
49 91 0.97186
49 92 5.98301
49 93 1.56846
49 94 1.26827
49 95 5.32429
49 96 4.5589
49 97 2.0794
49 98 5.57701
49 99 6.38871
50 51 0.64196
50 52 8.08261
50 53 8.44248
50 54 0.70927
50 55 6.7244
50 56 4.89146
50 57 6.76562
50 58 4.87786
50 59 5.83527
50 60 7.03439
50 61 4.02235
50 62 6.37585
50 63 2.49488
50 64 8.37015
50 65 8.25247
50 66 0.64308
50 67 5.28222
50 68 6.48648
50 69 1.05787
50 70 1.33171
50 71 5.02604
50 72 7.037
50 73 6.88441
50 74 8.71435
50 75 7.59787
50 76 2.07229
50 77 5.28753
50 78 5.04259
50 79 6.95178
50 80 1.11409
50 81 7.90189
50 82 4.6614
50 83 0.48644
50 84 4.30756
50 85 8.68903
50 86 0.88632
50 87 2.32193
50 88 3.17247
50 89 6.31498
50 90 4.16895
50 91 3.7795
50 92 7.99763
50 93 7.05532
50 94 0.75057
50 95 8.78428
50 96 4.07399
50 97 8.38173
50 98 6.43724
50 99 6.65807
51 52 4.10902
51 53 3.26448
51 54 5.4987
51 55 2.71948
51 56 6.73287
51 57 2.14525
51 58 1.88421
51 59 6.29851
51 60 6.93803
51 61 0.20767
51 62 0.56852
51 63 7.27961
51 64 7.8744
51 65 4.34347
51 66 4.16933
51 67 5.17045
51 68 5.74323
51 69 8.75536
51 70 1.03178
51 71 5.35854
51 72 8.11494
51 73 1.95241
51 74 6.93714
51 75 3.16038
51 76 5.8169
51 77 2.95718
51 78 5.11397
51 79 4.13986
51 80 2.85137
51 81 7.11134
51 82 1.02186
51 83 5.30285
51 84 8.61996
51 85 8.91908
51 86 6.87183
51 87 4.37792
51 88 4.42324
51 89 6.06394
51 90 6.2794
51 91 2.59282
51 92 8.11306
51 93 0.61256
51 94 3.45861
51 95 8.48071
51 96 6.37479
51 97 8.1347
51 98 7.06862
51 99 4.15412
52 53 8.79444
52 54 3.85272
52 55 0.17731
52 56 1.88987
52 57 5.05374
52 58 5.76091
52 59 7.87016
52 60 0.64026
52 61 6.0416
52 62 1.30738
52 63 8.09901
52 64 5.27211
52 65 3.92871
52 66 7.10708
52 67 8.26795
52 68 2.62768
52 69 6.67033
52 70 0.75554
52 71 0.40352
52 72 5.71029
52 73 2.98323
52 74 8.25942
52 75 7.64794
52 76 5.80845
52 77 7.03823
52 78 6.51678
52 79 2.70348
52 80 5.72334
52 81 4.41571
52 82 2.86093
52 83 6.58442
52 84 2.03931
52 85 8.69938
52 86 0.03715
52 87 1.44038
52 88 1.22251
52 89 8.05805
52 90 0.12121
52 91 4.37776
52 92 0.32112
52 93 7.63759
52 94 8.59989
52 95 6.34719
52 96 3.47712
52 97 0.46714
52 98 1.58312
52 99 0.48629
53 54 4.00873
53 55 4.92003
53 56 8.32176
53 57 6.5506
53 58 6.4561
53 59 5.97178
53 60 1.62054
53 61 4.21423
53 62 5.90851
53 63 5.29972
53 64 2.53556
53 65 4.24043
53 66 4.70951
53 67 6.46617
53 68 0.94655
53 69 7.20869
53 70 4.34568
53 71 8.11853
53 72 0.37858
53 73 4.86699
53 74 0.83032
53 75 8.24048
53 76 8.93659
53 77 8.69109
53 78 4.2262
53 79 8.74558
53 80 1.67604
53 81 5.13885
53 82 1.80809
53 83 2.33089
53 84 5.59206
53 85 6.33805
53 86 5.97862
53 87 5.46868
53 88 2.27081
53 89 2.79365
53 90 8.97024
53 91 6.00236
53 92 5.9012
53 93 1.41076
53 94 0.24055
53 95 1.43005
53 96 8.15857
53 97 3.12426
53 98 0.90534
53 99 2.02289
54 55 6.90922
54 56 0.06701
54 57 7.24209
54 58 1.22881
54 59 2.70124
54 60 8.76141
54 61 8.37927
54 62 6.77836
54 63 5.22386
54 64 0.29762
54 65 6.23679
54 66 0.80492
54 67 7.8996
54 68 5.70435
54 69 3.56142
54 70 6.70612
54 71 4.69455
54 72 2.76037
54 73 2.6256
54 74 2.47037
54 75 6.9771
54 76 8.72495
54 77 6.98659
54 78 6.59664
54 79 1.79094
54 80 6.37571
54 81 5.86136
54 82 6.6037
54 83 4.11
54 84 4.26582
54 85 6.13849
54 86 4.41035
54 87 6.15016
54 88 5.11446
54 89 7.41766
54 90 4.27502
54 91 4.42805
54 92 6.8134
54 93 4.34542
54 94 3.12371
54 95 7.2546
54 96 2.65875
54 97 5.43452
54 98 1.32991
54 99 2.02374
55 56 7.98383
55 57 7.8435
55 58 3.33801
55 59 6.69936
55 60 4.09167
55 61 1.1593
55 62 3.74533
55 63 6.32165
55 64 8.73502
55 65 3.85223
55 66 3.68009
55 67 3.63255
55 68 4.44204
55 69 1.58323
55 70 5.91785
55 71 7.70479
55 72 3.43972
55 73 7.34684
55 74 0.74714
55 75 8.82014
55 76 7.34895
55 77 1.36546
55 78 3.52842
55 79 6.52541
55 80 6.96097
55 81 4.37916
55 82 8.07529
55 83 0.42976
55 84 3.90173
55 85 3.33391
55 86 1.3767
55 87 7.95293
55 88 0.58868
55 89 3.26887
55 90 3.33876
55 91 7.73024
55 92 7.97577
55 93 7.27884
55 94 8.27772
55 95 6.78478
55 96 5.96157
55 97 6.61922
55 98 6.82782
55 99 0.58865
56 57 5.61365
56 58 2.55466
56 59 4.35516
56 60 3.28344
56 61 5.42164
56 62 3.5603
56 63 6.64998
56 64 1.18914
56 65 4.53076
56 66 0.3315
56 67 2.00515
56 68 7.90201
56 69 0.64234
56 70 0.45208
56 71 8.48631
56 72 2.86634
56 73 7.51785
56 74 1.30774
56 75 3.19652
56 76 5.35899
56 77 7.35663
56 78 6.46563
56 79 0.06139
56 80 3.61686
56 81 0.78058
56 82 0.24301
56 83 5.52314
56 84 3.51493
56 85 1.85127
56 86 3.64803
56 87 6.61023
56 88 5.29129
56 89 6.56618
56 90 5.46515
56 91 0.81753
56 92 3.30559
56 93 4.15547
56 94 2.71298
56 95 3.46528
56 96 8.59929
56 97 8.7095
56 98 1.82273
56 99 8.94926
57 58 0.68889
57 59 2.57207
57 60 5.17003
57 61 5.44429
57 62 7.00431
57 63 8.32176
57 64 2.01801
57 65 7.69761
57 66 6.39899
57 67 1.50646
57 68 7.71584
57 69 5.78989
57 70 0.62628
57 71 0.30147
57 72 7.81117
57 73 5.19724
57 74 7.31173
57 75 1.15134
57 76 2.60105
57 77 1.80337
57 78 3.92363
57 79 8.50782
57 80 7.25594
57 81 0.75896
57 82 3.23686
57 83 4.59841
57 84 7.31702
57 85 0.4912
57 86 8.26483
57 87 1.21579
57 88 6.84373
57 89 0.83734
57 90 3.07338
57 91 7.49078
57 92 3.803
57 93 5.30416
57 94 0.97723
57 95 1.56424
57 96 0.52072
57 97 3.67867
57 98 3.2731
57 99 2.63121
58 59 1.87348
58 60 0.86956
58 61 5.96363
58 62 6.16988
58 63 2.31506
58 64 5.2171
58 65 6.24408
58 66 4.97609
58 67 5.12291
58 68 6.64752
58 69 4.85161
58 70 6.40471
58 71 7.60917
58 72 4.3804
58 73 7.70479
58 74 6.28919
58 75 7.34649
58 76 7.45962
58 77 8.93917
58 78 8.45525
58 79 5.65037
58 80 4.60299
58 81 7.47782
58 82 0.23269
58 83 2.14044
58 84 1.54035
58 85 4.05467
58 86 6.55666
58 87 7.83481
58 88 3.22519
58 89 1.83231
58 90 4.05673
58 91 5.79231
58 92 5.26425
58 93 5.64167
58 94 2.94039
58 95 2.71338
58 96 7.98769
58 97 2.76405
58 98 7.06597
58 99 7.99708
59 60 3.4865
59 61 8.20935
59 62 6.70629
59 63 5.87453
59 64 1.60285
59 65 3.27213
59 66 5.41345
59 67 3.27436
59 68 5.94827
59 69 8.73958
59 70 5.36005
59 71 3.49081
59 72 6.0652
59 73 0.64057
59 74 7.57479
59 75 4.46985
59 76 2.6429
59 77 6.14905
59 78 6.05308
59 79 0.5472
59 80 7.88496
59 81 8.55305
59 82 6.59832
59 83 6.89414
59 84 2.15206
59 85 4.58273
59 86 5.04356
59 87 4.99859
59 88 5.18451
59 89 4.31616
59 90 0.24608
59 91 6.3948
59 92 5.56425
59 93 5.87409
59 94 1.83109
59 95 2.22835
59 96 7.97464
59 97 0.04482
59 98 8.61001
59 99 5.08895
60 61 1.70359
60 62 6.98066
60 63 7.30183
60 64 3.77201
60 65 6.84836
60 66 8.56033
60 67 1.25608
60 68 1.14619
60 69 1.05403
60 70 4.25384
60 71 3.38937
60 72 5.85627
60 73 2.21796
60 74 4.64635
60 75 1.74543
60 76 1.43121
60 77 3.50021
60 78 4.65402
60 79 4.23855
60 80 3.19303
60 81 1.96547
60 82 7.78806
60 83 5.77707
60 84 6.05513
60 85 6.71491
60 86 7.06966
60 87 5.79475
60 88 0.88968
60 89 2.26056
60 90 7.88096
60 91 1.3049
60 92 8.1029
60 93 3.8608
60 94 2.59737
60 95 6.14459
60 96 6.83733
60 97 4.17146
60 98 0.36009
60 99 4.07324
61 62 0.09932
61 63 1.14938
61 64 4.92555
61 65 4.44189
61 66 7.32172
61 67 6.30536
61 68 2.42966
61 69 5.46722
61 70 0.2601
61 71 1.79461
61 72 8.75869
61 73 3.7569
61 74 7.97312
61 75 1.19097
61 76 8.41388
61 77 6.50025
61 78 2.43163
61 79 8.97128
61 80 6.75531
61 81 3.03172
61 82 0.27431
61 83 8.74519
61 84 4.7384
61 85 1.62727
61 86 8.37957
61 87 6.44041
61 88 4.13947
61 89 8.79479
61 90 4.27693
61 91 7.21081
61 92 4.98583
61 93 6.4584
61 94 6.04048
61 95 1.15754
61 96 5.52807
61 97 4.54922
61 98 2.47881
61 99 5.18485
62 63 6.81349
62 64 5.47203
62 65 7.52003
62 66 6.1446
62 67 7.32237
62 68 5.76177
62 69 4.64902
62 70 8.51364
62 71 6.81632
62 72 1.30606
62 73 2.74326
62 74 8.34564
62 75 8.68029
62 76 2.22701
62 77 1.63427
62 78 7.2631
62 79 7.9278
62 80 3.11439
62 81 0.34901
62 82 3.32055
62 83 2.63644
62 84 2.70212
62 85 3.71174
62 86 8.03864
62 87 3.39047
62 88 4.69802
62 89 8.54157
62 90 5.99851
62 91 3.96108
62 92 0.0927
62 93 0.83181
62 94 1.13701
62 95 3.36784
62 96 1.21421
62 97 5.85588
62 98 1.42186
62 99 2.80798
63 64 1.59329
63 65 5.07507
63 66 4.53983
63 67 3.60805
63 68 6.15838
63 69 0.71852
63 70 4.55671
63 71 1.67424
63 72 1.80787
63 73 6.91384
63 74 4.77165
63 75 4.53094
63 76 6.31721
63 77 2.23938
63 78 2.88636
63 79 0.01927
63 80 8.947
63 81 6.51171
63 82 3.92342
63 83 1.32787
63 84 4.3913
63 85 6.82729
63 86 1.23576
63 87 5.54526
63 88 1.59375
63 89 2.26971
63 90 2.96808
63 91 4.88295
63 92 1.70274
63 93 2.67555
63 94 2.17445
63 95 4.2431
63 96 1.298
63 97 4.80293
63 98 0.16002
63 99 1.47089
64 65 1.72314
64 66 4.87802
64 67 6.11581
64 68 0.65663
64 69 8.7869
64 70 0.74854
64 71 3.34251
64 72 5.40881
64 73 4.24876
64 74 1.18488
64 75 1.33774
64 76 2.64121
64 77 8.68999
64 78 4.97688
64 79 8.03576
64 80 6.95583
64 81 2.47748
64 82 3.70118
64 83 0.44536
64 84 2.17092
64 85 3.74251
64 86 0.09141
64 87 8.07409
64 88 5.72895
64 89 1.66424
64 90 8.58672
64 91 8.89173
64 92 2.96171
64 93 4.01751
64 94 2.36102
64 95 1.36805
64 96 1.94897
64 97 6.00574
64 98 0.10081
64 99 5.81423
65 66 0.29355
65 67 0.91654
65 68 2.52783
65 69 6.71883
65 70 0.81415
65 71 0.28636
65 72 4.08619
65 73 2.45184
65 74 1.77101
65 75 6.77083
65 76 7.97441
65 77 8.96288
65 78 1.30502
65 79 2.15294
65 80 7.80099
65 81 6.62746
65 82 5.85874
65 83 1.30039
65 84 7.15736
65 85 1.99087
65 86 4.58589
65 87 2.06863
65 88 3.28942
65 89 8.4937
65 90 6.04818
65 91 3.25679
65 92 5.07865
65 93 5.38699
65 94 6.61661
65 95 6.26886
65 96 2.53703
65 97 0.90775
65 98 2.83653
65 99 3.10895
66 67 0.13802
66 68 6.72988
66 69 2.26583
66 70 8.89751
66 71 5.74872
66 72 3.65686
66 73 4.00289
66 74 8.2902
66 75 5.67463
66 76 8.93312
66 77 4.89531
66 78 4.38691
66 79 8.084
66 80 4.58425
66 81 8.44357
66 82 4.37243
66 83 6.61264
66 84 1.1833
66 85 2.39951
66 86 0.51095
66 87 8.94517
66 88 5.62194
66 89 6.35696
66 90 3.22359
66 91 7.38179
66 92 2.90874
66 93 6.16399
66 94 1.99825
66 95 1.57888
66 96 1.72017
66 97 1.97837
66 98 8.03473
66 99 3.15801
67 68 8.34055
67 69 6.75435
67 70 6.73966
67 71 3.69041
67 72 4.12321
67 73 0.9997
67 74 3.27
67 75 7.0712
67 76 8.4049
67 77 2.39392
67 78 3.02067
67 79 2.76574
67 80 7.77976
67 81 4.67697
67 82 2.69597
67 83 0.84016
67 84 3.59532
67 85 6.97215
67 86 0.05653
67 87 1.18407
67 88 7.04763
67 89 2.4554
67 90 4.11645
67 91 8.7135
67 92 5.09517
67 93 4.41887
67 94 2.8013
67 95 5.81455
67 96 6.78434
67 97 6.38776
67 98 0.75267
67 99 7.04737
68 69 6.44523
68 70 6.46053
68 71 7.58648
68 72 4.80183
68 73 4.7376
68 74 4.73069
68 75 4.84229
68 76 0.18464
68 77 2.49058
68 78 2.68648
68 79 8.90312
68 80 7.95913
68 81 6.64631
68 82 3.79718
68 83 6.02686
68 84 8.20826
68 85 3.04396
68 86 8.07281
68 87 2.34479
68 88 1.84249
68 89 7.10554
68 90 7.82629
68 91 8.58499
68 92 7.44456
68 93 0.18139
68 94 7.97412
68 95 3.61767
68 96 1.87542
68 97 2.26053
68 98 0.87552
68 99 6.58856
69 70 1.30398
69 71 7.04539
69 72 7.13339
69 73 4.79984
69 74 1.42222
69 75 0.12297
69 76 1.31071
69 77 2.47131
69 78 7.29296
69 79 6.68993
69 80 0.3794
69 81 5.44979
69 82 5.87546
69 83 1.44057
69 84 8.79418
69 85 2.84453
69 86 3.18418
69 87 3.8087
69 88 0.12623
69 89 0.29694
69 90 7.12324
69 91 5.56831
69 92 0.1067
69 93 0.51797
69 94 1.99171
69 95 2.22788
69 96 2.65719
69 97 1.81851
69 98 0.51532
69 99 1.27383
70 71 0.37226
70 72 4.38036
70 73 4.07992
70 74 0.97189
70 75 8.12605
70 76 8.01519
70 77 2.38024
70 78 6.85286
70 79 0.30685
70 80 0.41388
70 81 3.33164
70 82 1.79441
70 83 3.91536
70 84 1.2469
70 85 4.65744
70 86 7.88265
70 87 0.94391
70 88 3.58104
70 89 3.85505
70 90 4.01152
70 91 7.86582
70 92 7.77774
70 93 6.22627
70 94 3.54462
70 95 2.34229
70 96 0.8225
70 97 8.43045
70 98 4.94333
70 99 1.20357
71 72 7.20415
71 73 4.77362
71 74 5.09536
71 75 0.5895
71 76 1.45884
71 77 6.69606
71 78 3.39607
71 79 5.48931
71 80 1.0692
71 81 4.84728
71 82 1.96555
71 83 6.85988
71 84 1.85793
71 85 1.77695
71 86 5.65513
71 87 5.71977
71 88 1.77756
71 89 6.31263
71 90 0.08057
71 91 1.04931
71 92 1.78476
71 93 4.44219
71 94 6.43027
71 95 4.59655
71 96 4.86297
71 97 2.27601
71 98 1.23546
71 99 0.63807
72 73 8.6349
72 74 6.94967
72 75 4.71981
72 76 3.86608
72 77 7.3421
72 78 6.96663
72 79 4.43768
72 80 4.69901
72 81 0.53811
72 82 4.30841
72 83 0.28123
72 84 2.34573
72 85 0.11126
72 86 0.80915
72 87 2.61536
72 88 0.30698
72 89 2.93297
72 90 4.14527
72 91 0.41767
72 92 7.28441
72 93 2.7015
72 94 6.96061
72 95 1.95643
72 96 4.63534
72 97 7.24032
72 98 8.08184
72 99 7.41576
73 74 8.7581
73 75 0.63019
73 76 6.4821
73 77 8.4192
73 78 1.92137
73 79 4.2011
73 80 8.85327
73 81 5.13899
73 82 0.20983
73 83 0.03627
73 84 5.21079
73 85 4.99057
73 86 4.84509
73 87 1.70785
73 88 4.72307
73 89 2.61946
73 90 7.32973
73 91 0.3464
73 92 4.63922
73 93 4.61266
73 94 2.73449
73 95 5.42629
73 96 6.84771
73 97 2.0006
73 98 2.35213
73 99 7.01762
74 75 6.66037
74 76 1.40871
74 77 0.58767
74 78 2.66522
74 79 7.14272
74 80 7.14468
74 81 2.63655
74 82 1.02897
74 83 2.35061
74 84 0.39313
74 85 4.25444
74 86 0.9434
74 87 2.21029
74 88 3.9695
74 89 4.74182
74 90 3.18804
74 91 4.86377
74 92 0.72972
74 93 7.92512
74 94 7.37609
74 95 3.2379
74 96 8.6207
74 97 3.01677
74 98 8.71786
74 99 2.06905
75 76 8.466
75 77 7.68521
75 78 1.72793
75 79 4.18059
75 80 4.47346
75 81 8.71126
75 82 7.29403
75 83 3.3014
75 84 2.92197
75 85 8.73283
75 86 6.18441
75 87 0.25387
75 88 3.29087
75 89 8.33612
75 90 2.10921
75 91 3.21399
75 92 1.58882
75 93 3.76396
75 94 4.34372
75 95 1.98758
75 96 3.82347
75 97 2.43416
75 98 2.02274
75 99 6.16045
76 77 1.46191
76 78 0.107
76 79 8.9397
76 80 5.21581
76 81 4.56303
76 82 2.25788
76 83 8.43656
76 84 0.27719
76 85 1.39497
76 86 6.81163
76 87 7.16198
76 88 1.2759
76 89 8.08677
76 90 1.60873
76 91 0.79124
76 92 4.50541
76 93 5.42524
76 94 8.12426
76 95 8.3391
76 96 1.99596
76 97 1.69954
76 98 3.2524
76 99 8.59139
77 78 7.74353
77 79 5.59151
77 80 2.5056
77 81 5.09434
77 82 8.67954
77 83 6.6046
77 84 6.74716
77 85 5.06622
77 86 7.86423
77 87 0.10825
77 88 0.05989
77 89 7.01707
77 90 3.87607
77 91 7.05452
77 92 2.11926
77 93 8.12705
77 94 8.03997
77 95 6.67934
77 96 2.83623
77 97 7.47561
77 98 0.26217
77 99 1.07818
78 79 5.84189
78 80 0.81438
78 81 3.74402
78 82 7.92221
78 83 6.04065
78 84 5.93283
78 85 3.16006
78 86 1.71317
78 87 0.40082
78 88 3.23865
78 89 7.80446
78 90 3.94739
78 91 7.26598
78 92 6.26511
78 93 7.14552
78 94 1.04965
78 95 7.27555
78 96 0.7873
78 97 6.74565
78 98 2.55861
78 99 0.62504
79 80 8.84277
79 81 0.24865
79 82 5.655
79 83 0.81736
79 84 6.38394
79 85 0.47149
79 86 6.72835
79 87 5.21587
79 88 4.94094
79 89 3.46111
79 90 7.0225
79 91 2.39804
79 92 6.65671
79 93 6.68909
79 94 1.70764
79 95 0.55774
79 96 1.03646
79 97 2.29899
79 98 6.34328
79 99 1.53025
80 81 6.55289
80 82 4.56181
80 83 6.48248
80 84 2.70627
80 85 2.55322
80 86 1.86963
80 87 6.33296
80 88 1.31465
80 89 1.36884
80 90 4.53599
80 91 1.9352
80 92 8.04357
80 93 5.20393
80 94 1.44605
80 95 4.37259
80 96 0.55485
80 97 8.40118
80 98 7.42324
80 99 3.6372
81 82 8.12889
81 83 6.61851
81 84 7.0428
81 85 3.55384
81 86 3.90697
81 87 0.30911
81 88 2.80092
81 89 3.44299
81 90 3.61559
81 91 2.52155
81 92 3.78977
81 93 5.57517
81 94 2.66778
81 95 6.32858
81 96 1.36522
81 97 0.73379
81 98 8.91063
81 99 8.74007
82 83 8.20355
82 84 1.38243
82 85 4.92519
82 86 4.7453
82 87 2.2513
82 88 3.55824
82 89 3.04759
82 90 3.38356
82 91 7.35155
82 92 7.31416
82 93 6.46187
82 94 0.95347
82 95 4.58419
82 96 7.1952
82 97 1.53486
82 98 6.73562
82 99 0.27904
83 84 4.81986
83 85 4.66684
83 86 4.87086
83 87 7.37428
83 88 4.6817
83 89 1.4943
83 90 0.18758
83 91 7.24594
83 92 2.99756
83 93 8.70111
83 94 4.90603
83 95 2.42885
83 96 2.34342
83 97 2.61057
83 98 6.78836
83 99 5.16297
84 85 7.31812
84 86 6.5828
84 87 1.43615
84 88 7.77606
84 89 7.50129
84 90 1.37409
84 91 4.31718
84 92 1.45531
84 93 3.9734
84 94 6.15421
84 95 6.80986
84 96 6.41342
84 97 7.55568
84 98 5.71625
84 99 2.23632
85 86 3.79044
85 87 1.1204
85 88 3.4669
85 89 4.49369
85 90 7.11395
85 91 7.88852
85 92 3.14686
85 93 7.13181
85 94 1.6631
85 95 8.78132
85 96 2.84794
85 97 2.18707
85 98 8.59375
85 99 3.18304
86 87 2.66255
86 88 0.85544
86 89 1.56622
86 90 6.46278
86 91 8.75441
86 92 0.47915
86 93 2.68075
86 94 4.83701
86 95 4.81833
86 96 3.40264
86 97 6.59563
86 98 1.68593
86 99 8.4387
87 88 8.20772
87 89 7.27679
87 90 8.47717
87 91 8.18958
87 92 3.61775
87 93 3.93029
87 94 7.98955
87 95 2.6519
87 96 1.71928
87 97 4.1076
87 98 8.7091
87 99 8.34248
88 89 8.80913
88 90 1.81733
88 91 6.70426
88 92 7.23532
88 93 1.63941
88 94 3.0598
88 95 1.83439
88 96 2.31788
88 97 3.096
88 98 1.49439
88 99 8.12337
89 90 0.28023
89 91 3.14129
89 92 3.87018
89 93 5.34088
89 94 0.07373
89 95 7.70638
89 96 3.01853
89 97 0.3155
89 98 0.78287
89 99 8.95068
90 91 7.94515
90 92 4.50818
90 93 2.91149
90 94 1.98987
90 95 8.2818
90 96 6.76261
90 97 8.93186
90 98 6.92142
90 99 4.49911
91 92 5.53706
91 93 2.05369
91 94 7.60063
91 95 6.32552
91 96 8.96138
91 97 4.08951
91 98 1.91272
91 99 3.35757
92 93 7.17702
92 94 2.11517
92 95 5.96661
92 96 1.02312
92 97 6.48727
92 98 8.41151
92 99 5.49636
93 94 6.83195
93 95 2.4692
93 96 2.55678
93 97 2.89275
93 98 3.97065
93 99 5.72399
94 95 2.01069
94 96 0.8921
94 97 6.06326
94 98 7.03898
94 99 1.18511
95 96 4.4963
95 97 4.64113
95 98 0.68447
95 99 3.54885
96 97 4.55696
96 98 8.65364
96 99 2.77555
97 98 0.78514
97 99 8.9072
98 99 3.71347
