50 5
0 1 5.81148
0 2 5.44487
0 3 5.01775
0 4 3.21125
0 5 6.87035
0 6 7.59226
0 7 1.78157
0 8 6.8608
0 9 0.89904
0 10 4.54127
0 11 5.01273
0 12 6.72635
0 13 2.31172
0 14 0.59519
0 15 2.06576
0 16 3.63583
0 17 6.00196
0 18 6.42174
0 19 1.12449
0 20 5.65153
0 21 0.94176
0 22 6.85939
0 23 7.80021
0 24 8.13875
0 25 0.20458
0 26 2.60463
0 27 5.16069
0 28 2.81437
0 29 7.64111
0 30 3.83497
0 31 6.43618
0 32 6.11725
0 33 6.97042
0 34 0.87466
0 35 5.83779
0 36 8.76378
0 37 7.98764
0 38 0.98862
0 39 7.4869
0 40 3.48325
0 41 2.54222
0 42 1.36303
0 43 8.22848
0 44 4.73839
0 45 3.18944
0 46 2.2343
0 47 7.04964
0 48 5.63811
0 49 0.14966
1 2 6.65232
1 3 4.33196
1 4 6.35916
1 5 6.92814
1 6 7.7253
1 7 1.85783
1 8 1.28957
1 9 7.84249
1 10 4.53051
1 11 2.78623
1 12 5.24928
1 13 4.37663
1 14 7.37405
1 15 8.74781
1 16 0.875
1 17 2.96664
1 18 3.45938
1 19 6.8003
1 20 5.33656
1 21 4.0934
1 22 6.14055
1 23 1.53163
1 24 6.05906
1 25 8.71543
1 26 8.6391
1 27 0.85453
1 28 5.31984
1 29 0.69095
1 30 2.38868
1 31 5.43939
1 32 6.67519
1 33 3.08527
1 34 4.52809
1 35 2.28188
1 36 1.82062
1 37 3.88172
1 38 5.97427
1 39 1.82879
1 40 3.77794
1 41 6.34406
1 42 6.93165
1 43 7.03834
1 44 7.58276
1 45 0.74512
1 46 7.74237
1 47 8.13758
1 48 4.06181
1 49 3.30326
2 3 7.60936
2 4 0.21949
2 5 3.3105
2 6 6.08903
2 7 4.38153
2 8 6.44497
2 9 8.42306
2 10 0.56885
2 11 0.68645
2 12 7.93961
2 13 5.38824
2 14 7.38525
2 15 0.19615
2 16 5.75572
2 17 0.5114
2 18 5.32693
2 19 5.72406
2 20 2.77184
2 21 3.09251
2 22 4.527
2 23 7.09432
2 24 7.25936
2 25 7.21052
2 26 3.43355
2 27 8.86934
2 28 2.75308
2 29 5.83348
2 30 8.27401
2 31 4.86728
2 32 0.60395
2 33 5.64907
2 34 7.97585
2 35 4.61538
2 36 1.47947
2 37 3.63329
2 38 8.25773
2 39 1.77743
2 40 7.85055
2 41 7.64025
2 42 4.40337
2 43 6.47548
2 44 4.84553
2 45 5.24017
2 46 7.04598
2 47 6.48492
2 48 7.50906
2 49 2.51291
3 4 3.00318
3 5 2.10598
3 6 6.97484
3 7 4.37834
3 8 6.01886
3 9 3.72185
3 10 4.83658
3 11 3.49786
3 12 7.47858
3 13 5.80843
3 14 1.65527
3 15 5.23697
3 16 5.24002
3 17 0.22784
3 18 1.02779
3 19 2.05114
3 20 0.62789
3 21 1.96008
3 22 8.78374
3 23 0.83502
3 24 2.61898
3 25 6.68966
3 26 3.80996
3 27 4.92523
3 28 5.61442
3 29 2.00948
3 30 5.18877
3 31 1.9655
3 32 3.14545
3 33 5.75917
3 34 2.92992
3 35 8.63535
3 36 2.74831
3 37 1.87963
3 38 1.0734
3 39 3.53553
3 40 1.16658
3 41 3.07983
3 42 4.71197
3 43 2.13377
3 44 1.55296
3 45 3.41902
3 46 2.92424
3 47 7.31806
3 48 1.35088
3 49 3.16943
4 5 6.35405
4 6 4.46354
4 7 6.33962
4 8 8.73258
4 9 2.57163
4 10 5.52086
4 11 8.9243
4 12 6.03916
4 13 1.38595
4 14 8.77988
4 15 0.48144
4 16 8.21547
4 17 3.74751
4 18 7.45963
4 19 5.12338
4 20 1.69507
4 21 6.42174
4 22 0.51019
4 23 3.80929
4 24 8.02458
4 25 8.67136
4 26 8.64619
4 27 3.12913
4 28 5.84061
4 29 8.07234
4 30 1.5127
4 31 0.05794
4 32 3.01909
4 33 1.22714
4 34 0.57077
4 35 6.32478
4 36 1.35768
4 37 0.01606
4 38 2.48179
4 39 8.19237
4 40 4.74425
4 41 0.48643
4 42 7.46966
4 43 7.34958
4 44 0.58122
4 45 8.66326
4 46 0.62297
4 47 0.169
4 48 1.88628
4 49 1.37717
5 6 1.67198
5 7 1.81611
5 8 5.41565
5 9 0.75792
5 10 1.79554
5 11 4.82538
5 12 0.66874
5 13 5.53696
5 14 0.91499
5 15 4.73604
5 16 6.02358
5 17 4.71631
5 18 6.80557
5 19 7.81711
5 20 1.78296
5 21 4.2807
5 22 8.45852
5 23 2.06065
5 24 3.79709
5 25 1.85593
5 26 3.20455
5 27 6.38429
5 28 0.61827
5 29 2.83339
5 30 8.08432
5 31 8.52578
5 32 3.74212
5 33 7.32269
5 34 0.05355
5 35 2.70024
5 36 8.82295
5 37 7.65598
5 38 7.63624
5 39 0.24064
5 40 8.31967
5 41 6.47112
5 42 5.46595
5 43 3.20814
5 44 6.18384
5 45 4.69675
5 46 5.89223
5 47 4.7001
5 48 7.04433
5 49 5.76618
6 7 5.88224
6 8 5.90723
6 9 1.45287
6 10 5.59108
6 11 1.92981
6 12 8.41244
6 13 8.7817
6 14 0.5485
6 15 1.16621
6 16 3.55804
6 17 7.52054
6 18 5.69137
6 19 1.11956
6 20 8.05037
6 21 7.85707
6 22 1.88832
6 23 2.76562
6 24 7.01549
6 25 8.28347
6 26 4.24254
6 27 3.63882
6 28 7.06758
6 29 2.72539
6 30 6.10899
6 31 1.04441
6 32 6.35081
6 33 0.30093
6 34 4.69733
6 35 5.72992
6 36 5.73555
6 37 5.8399
6 38 6.93997
6 39 5.51745
6 40 5.4816
6 41 3.94095
6 42 8.20374
6 43 3.44711
6 44 1.92911
6 45 2.33487
6 46 3.94787
6 47 4.39826
6 48 2.3444
6 49 4.97228
7 8 4.24978
7 9 7.26253
7 10 7.81995
7 11 6.7455
7 12 1.8595
7 13 0.77581
7 14 7.79847
7 15 2.78081
7 16 6.8462
7 17 4.7478
7 18 6.85604
7 19 6.80481
7 20 2.66335
7 21 8.29361
7 22 3.79476
7 23 8.62629
7 24 2.53459
7 25 4.47084
7 26 2.96692
7 27 6.8739
7 28 3.32089
7 29 8.88524
7 30 5.60961
7 31 7.8536
7 32 3.92746
7 33 1.32443
7 34 4.76648
7 35 5.07638
7 36 8.35231
7 37 4.39205
7 38 3.86212
7 39 2.35351
7 40 6.63074
7 41 0.20983
7 42 7.81021
7 43 5.15521
7 44 4.77838
7 45 0.98957
7 46 3.03875
7 47 7.76117
7 48 1.23077
7 49 4.7488
8 9 3.46629
8 10 2.61253
8 11 0.62076
8 12 8.89927
8 13 3.32755
8 14 6.86125
8 15 1.63528
8 16 7.24044
8 17 8.51299
8 18 0.05856
8 19 0.74868
8 20 1.70194
8 21 4.69269
8 22 0.58057
8 23 1.55054
8 24 4.82725
8 25 4.11921
8 26 3.27955
8 27 1.32378
8 28 1.91591
8 29 6.27912
8 30 8.70518
8 31 2.56641
8 32 5.9134
8 33 8.46036
8 34 5.26718
8 35 6.25716
8 36 7.59757
8 37 4.34523
8 38 7.24192
8 39 1.09712
8 40 7.49923
8 41 7.79526
8 42 5.89198
8 43 7.62673
8 44 2.88122
8 45 1.463
8 46 0.58371
8 47 2.62946
8 48 1.20008
8 49 5.15822
9 10 0.79422
9 11 6.19471
9 12 8.56499
9 13 6.68418
9 14 5.04105
9 15 4.33294
9 16 4.63624
9 17 3.88159
9 18 6.00481
9 19 8.73693
9 20 7.38445
9 21 5.33142
9 22 7.12195
9 23 6.00604
9 24 6.16757
9 25 4.35192
9 26 1.90387
9 27 2.87605
9 28 0.36112
9 29 4.01124
9 30 1.04441
9 31 0.05526
9 32 5.99813
9 33 6.57331
9 34 4.65429
9 35 0.92563
9 36 4.96554
9 37 2.74874
9 38 7.03653
9 39 8.87818
9 40 3.15043
9 41 4.94279
9 42 5.25296
9 43 7.33956
9 44 7.94132
9 45 6.73883
9 46 1.97996
9 47 2.49503
9 48 8.8343
9 49 8.40977
10 11 1.58065
10 12 0.92495
10 13 6.70017
10 14 4.9995
10 15 3.01862
10 16 4.05382
10 17 5.665
10 18 0.57742
10 19 5.93853
10 20 8.85116
10 21 0.82117
10 22 2.96668
10 23 8.36131
10 24 6.80456
10 25 2.88638
10 26 1.85939
10 27 4.85615
10 28 7.29707
10 29 8.49727
10 30 4.60873
10 31 6.69262
10 32 1.78161
10 33 8.46914
10 34 4.47149
10 35 5.42799
10 36 3.2456
10 37 6.06461
10 38 4.99125
10 39 5.4619
10 40 7.08873
10 41 4.96224
10 42 4.4763
10 43 2.72653
10 44 0.92282
10 45 4.78772
10 46 5.74883
10 47 7.47155
10 48 8.60414
10 49 8.60443
11 12 0.17839
11 13 8.34366
11 14 7.93234
11 15 1.09127
11 16 4.98106
11 17 5.67289
11 18 5.43521
11 19 6.76934
11 20 6.62311
11 21 1.56138
11 22 2.30838
11 23 6.59378
11 24 3.52969
11 25 5.04362
11 26 4.17909
11 27 5.96969
11 28 5.84609
11 29 0.24146
11 30 3.05631
11 31 1.08801
11 32 2.13349
11 33 1.22927
11 34 6.02351
11 35 0.17921
11 36 7.89932
11 37 1.44217
11 38 8.74745
11 39 0.22067
11 40 8.57684
11 41 0.18436
11 42 1.47111
11 43 6.86201
11 44 6.86413
11 45 8.09933
11 46 0.18601
11 47 0.53779
11 48 7.55255
11 49 7.4604
12 13 1.40546
12 14 6.16055
12 15 0.46229
12 16 6.22685
12 17 5.35393
12 18 8.65481
12 19 2.71174
12 20 5.17676
12 21 0.94427
12 22 0.48535
12 23 1.84988
12 24 0.25885
12 25 0.02102
12 26 8.05676
12 27 7.37559
12 28 5.95757
12 29 6.77537
12 30 4.90914
12 31 8.11764
12 32 8.79835
12 33 0.488
12 34 3.62486
12 35 5.69488
12 36 8.11945
12 37 3.643
12 38 5.06677
12 39 6.85933
12 40 3.37603
12 41 2.13851
12 42 2.45845
12 43 7.66074
12 44 8.40009
12 45 5.85975
12 46 4.72421
12 47 3.18972
12 48 7.66798
12 49 0.74956
13 14 4.07027
13 15 5.20392
13 16 2.40797
13 17 6.98606
13 18 8.62957
13 19 8.87846
13 20 7.13596
13 21 5.73809
13 22 2.4713
13 23 1.15848
13 24 3.66693
13 25 6.44349
13 26 5.42436
13 27 4.2972
13 28 0.32835
13 29 6.8737
13 30 8.84094
13 31 1.45762
13 32 2.66314
13 33 2.85003
13 34 2.55275
13 35 1.28883
13 36 7.98958
13 37 4.39138
13 38 4.81043
13 39 7.90279
13 40 3.60838
13 41 8.19953
13 42 0.95363
13 43 3.06236
13 44 0.26122
13 45 0.00884
13 46 8.95058
13 47 5.69954
13 48 7.05052
13 49 1.92036
14 15 1.35213
14 16 7.56448
14 17 0.29638
14 18 2.3243
14 19 0.78204
14 20 2.52904
14 21 7.75091
14 22 8.77985
14 23 0.45151
14 24 1.18159
14 25 8.00076
14 26 8.29094
14 27 3.36442
14 28 1.55015
14 29 1.18748
14 30 1.99103
14 31 2.10014
14 32 5.34602
14 33 1.68366
14 34 3.95176
14 35 3.31191
14 36 5.46893
14 37 2.4726
14 38 1.44701
14 39 8.36544
14 40 8.94518
14 41 3.07016
14 42 5.03115
14 43 0.27044
14 44 7.61315
14 45 8.12225
14 46 4.89162
14 47 7.35773
14 48 3.88967
14 49 8.4179
15 16 8.68993
15 17 7.17706
15 18 0.2352
15 19 0.04751
15 20 1.10442
15 21 5.14829
15 22 3.70936
15 23 2.90286
15 24 2.6338
15 25 0.99286
15 26 0.73542
15 27 2.06677
15 28 8.95663
15 29 4.61496
15 30 1.93545
15 31 7.9648
15 32 5.66048
15 33 7.19559
15 34 6.68216
15 35 4.99091
15 36 2.24217
15 37 2.67336
15 38 6.42333
15 39 8.64414
15 40 5.07075
15 41 4.50128
15 42 6.55644
15 43 1.87562
15 44 8.14977
15 45 8.08632
15 46 3.50161
15 47 5.14381
15 48 8.07176
15 49 1.05896
16 17 6.57555
16 18 5.58232
16 19 8.70623
16 20 8.89952
16 21 1.89274
16 22 4.60052
16 23 3.32652
16 24 4.24777
16 25 8.78139
16 26 3.1974
16 27 0.71024
16 28 7.642
16 29 7.18717
16 30 4.4055
16 31 1.55575
16 32 2.82338
16 33 5.22432
16 34 7.15073
16 35 7.83596
16 36 2.51163
16 37 2.68434
16 38 0.0788
16 39 4.74166
16 40 5.15623
16 41 3.28536
16 42 1.91162
16 43 6.60553
16 44 0.15824
16 45 6.90784
16 46 8.01001
16 47 6.297
16 48 6.51406
16 49 2.69705
17 18 1.65205
17 19 4.66497
17 20 7.17166
17 21 1.90738
17 22 1.0636
17 23 5.02626
17 24 0.06337
17 25 0.44022
17 26 1.647
17 27 6.67934
17 28 8.27598
17 29 2.26645
17 30 8.29619
17 31 4.07104
17 32 3.678
17 33 7.90196
17 34 7.79108
17 35 2.52577
17 36 8.94445
17 37 2.66406
17 38 2.62893
17 39 3.10894
17 40 8.23284
17 41 6.41928
17 42 7.09245
17 43 6.37018
17 44 5.43792
17 45 6.92465
17 46 3.79211
17 47 2.66259
17 48 2.39266
17 49 8.93439
18 19 6.67664
18 20 7.04253
18 21 3.21772
18 22 7.0756
18 23 1.26544
18 24 6.29695
18 25 2.6291
18 26 5.5967
18 27 4.81596
18 28 3.26901
18 29 6.13576
18 30 2.68708
18 31 1.51447
18 32 0.74858
18 33 2.4268
18 34 0.74121
18 35 2.97082
18 36 3.3484
18 37 3.05949
18 38 4.57816
18 39 7.11582
18 40 4.10304
18 41 7.20626
18 42 5.50636
18 43 4.36345
18 44 4.94544
18 45 6.46171
18 46 2.72668
18 47 5.70601
18 48 3.69585
18 49 3.8139
19 20 0.9355
19 21 8.9348
19 22 5.72819
19 23 7.56758
19 24 3.15228
19 25 7.44771
19 26 7.73201
19 27 0.88277
19 28 5.84939
19 29 7.83762
19 30 1.03992
19 31 2.41033
19 32 5.04883
19 33 6.56577
19 34 6.24095
19 35 7.20016
19 36 4.94985
19 37 3.57971
19 38 0.78369
19 39 7.00395
19 40 8.53289
19 41 8.4689
19 42 5.4947
19 43 5.06173
19 44 8.73199
19 45 8.94191
19 46 6.36801
19 47 2.10891
19 48 5.61165
19 49 7.9368
20 21 0.43966
20 22 8.83896
20 23 6.67092
20 24 7.34249
20 25 4.03301
20 26 0.65754
20 27 6.53299
20 28 3.15925
20 29 0.7574
20 30 3.91818
20 31 8.78982
20 32 0.49074
20 33 3.89801
20 34 6.26039
20 35 5.35703
20 36 0.44128
20 37 2.21515
20 38 8.31138
20 39 3.46966
20 40 2.02745
20 41 5.6056
20 42 1.19879
20 43 1.78424
20 44 2.57212
20 45 0.84043
20 46 5.67028
20 47 5.35696
20 48 2.23104
20 49 7.04875
21 22 1.31982
21 23 7.66677
21 24 6.41726
21 25 8.86296
21 26 4.28814
21 27 7.7728
21 28 4.44561
21 29 5.7475
21 30 8.61857
21 31 0.77627
21 32 8.61625
21 33 3.14035
21 34 3.39344
21 35 0.6422
21 36 0.75886
21 37 7.53088
21 38 5.842
21 39 1.45919
21 40 8.22886
21 41 6.74195
21 42 8.63297
21 43 3.70464
21 44 5.37541
21 45 5.11537
21 46 8.75757
21 47 1.54982
21 48 4.05103
21 49 0.3275
22 23 0.60898
22 24 7.97918
22 25 7.28139
22 26 0.18712
22 27 4.51104
22 28 4.86415
22 29 4.58379
22 30 8.9033
22 31 4.94442
22 32 4.85229
22 33 3.17314
22 34 6.5149
22 35 2.74993
22 36 6.00416
22 37 4.09993
22 38 8.08668
22 39 3.97581
22 40 3.01845
22 41 7.4353
22 42 5.6969
22 43 7.10924
22 44 1.29347
22 45 8.7848
22 46 7.32152
22 47 0.1069
22 48 3.79699
22 49 8.11106
23 24 0.65514
23 25 4.02932
23 26 1.76172
23 27 3.06318
23 28 3.97204
23 29 8.55664
23 30 1.35937
23 31 3.1967
23 32 8.1162
23 33 7.38618
23 34 3.83523
23 35 0.13011
23 36 5.86391
23 37 5.46318
23 38 3.54361
23 39 1.16248
23 40 5.1775
23 41 6.7434
23 42 3.08572
23 43 6.39347
23 44 8.47965
23 45 8.30688
23 46 7.27693
23 47 2.75797
23 48 5.82603
23 49 3.15971
24 25 0.99214
24 26 3.81827
24 27 2.4037
24 28 6.52415
24 29 4.8231
24 30 5.80468
24 31 7.8448
24 32 8.23082
24 33 3.46947
24 34 1.72503
24 35 6.01833
24 36 0.13155
24 37 7.86282
24 38 0.39356
24 39 0.02375
24 40 0.4986
24 41 4.74106
24 42 6.51976
24 43 7.35364
24 44 4.56495
24 45 0.94811
24 46 4.76512
24 47 1.59317
24 48 1.61594
24 49 1.96597
25 26 2.62147
25 27 1.54503
25 28 1.0389
25 29 7.36079
25 30 8.65752
25 31 1.23486
25 32 4.67342
25 33 3.84596
25 34 7.88471
25 35 8.65508
25 36 7.86705
25 37 8.19645
25 38 7.07718
25 39 6.81071
25 40 0.82864
25 41 1.089
25 42 0.95289
25 43 1.44477
25 44 6.75871
25 45 1.93226
25 46 8.40611
25 47 8.85515
25 48 7.7671
25 49 0.94236
26 27 5.05179
26 28 6.629
26 29 3.74994
26 30 7.35775
26 31 6.29012
26 32 7.52096
26 33 7.40447
26 34 0.41898
26 35 6.02041
26 36 5.97897
26 37 6.51618
26 38 6.15923
26 39 5.68013
26 40 8.09495
26 41 5.47782
26 42 3.27223
26 43 6.43531
26 44 8.71636
26 45 4.95888
26 46 4.62887
26 47 6.6545
26 48 0.8458
26 49 8.6863
27 28 1.46197
27 29 3.93494
27 30 8.73208
27 31 7.89772
27 32 4.27235
27 33 1.96616
27 34 8.92325
27 35 7.65569
27 36 6.39408
27 37 5.01994
27 38 6.9359
27 39 4.21672
27 40 1.82841
27 41 4.66269
27 42 3.40708
27 43 3.34865
27 44 4.38748
27 45 5.9632
27 46 4.50705
27 47 8.75951
27 48 3.19958
27 49 1.57995
28 29 3.76006
28 30 1.22576
28 31 4.44005
28 32 0.95146
28 33 1.55639
28 34 7.14008
28 35 1.59224
28 36 3.99825
28 37 6.01265
28 38 1.81959
28 39 8.12425
28 40 7.94058
28 41 8.22586
28 42 5.4517
28 43 6.18354
28 44 7.59948
28 45 5.78985
28 46 3.068
28 47 2.22294
28 48 1.95077
28 49 5.50563
29 30 8.71718
29 31 8.46389
29 32 5.31687
29 33 8.66989
29 34 8.10178
29 35 8.31774
29 36 7.44692
29 37 8.08408
29 38 0.55061
29 39 1.86018
29 40 5.06066
29 41 1.94474
29 42 6.26572
29 43 7.34972
29 44 5.8503
29 45 5.1287
29 46 0.99584
29 47 8.84657
29 48 8.62371
29 49 4.14791
30 31 0.61969
30 32 8.66703
30 33 7.32007
30 34 2.25343
30 35 8.21716
30 36 4.4083
30 37 0.23959
30 38 7.72322
30 39 1.77638
30 40 2.40726
30 41 0.58011
30 42 8.75794
30 43 3.48465
30 44 6.22335
30 45 7.73822
30 46 0.45921
30 47 8.18771
30 48 1.55901
30 49 2.83727
31 32 1.22296
31 33 7.99693
31 34 2.44561
31 35 8.30701
31 36 7.07836
31 37 3.85762
31 38 2.38014
31 39 3.24063
31 40 6.37562
31 41 4.96852
31 42 4.38613
31 43 1.27231
31 44 3.2406
31 45 1.74069
31 46 4.2066
31 47 7.6724
31 48 6.07467
31 49 4.32207
32 33 6.37907
32 34 0.31654
32 35 0.42959
32 36 7.60269
32 37 7.85405
32 38 6.34195
32 39 1.9412
32 40 8.22908
32 41 7.78745
32 42 0.07141
32 43 4.14368
32 44 7.97319
32 45 6.09524
32 46 3.71596
32 47 7.57615
32 48 7.04641
32 49 0.19361
33 34 7.36778
33 35 8.48616
33 36 5.7133
33 37 1.21132
33 38 6.2947
33 39 4.38726
33 40 4.96372
33 41 3.03519
33 42 6.3113
33 43 6.20075
33 44 0.81503
33 45 5.51686
33 46 3.67729
33 47 2.81972
33 48 7.33092
33 49 0.75641
34 35 5.65601
34 36 0.48416
34 37 3.61357
34 38 5.99392
34 39 1.82453
34 40 3.30662
34 41 3.81872
34 42 5.76767
34 43 0.76242
34 44 0.13107
34 45 1.21272
34 46 6.77663
34 47 6.34257
34 48 4.99043
34 49 6.95156
35 36 4.61349
35 37 6.80483
35 38 2.76795
35 39 1.95916
35 40 6.98299
35 41 8.28057
35 42 2.21205
35 43 8.16718
35 44 8.07236
35 45 3.12311
35 46 1.10182
35 47 3.18271
35 48 8.93377
35 49 1.90463
36 37 7.53746
36 38 8.10261
36 39 8.0357
36 40 4.86509
36 41 4.10729
36 42 5.60022
36 43 3.84105
36 44 5.80562
36 45 8.7326
36 46 4.92667
36 47 3.27179
36 48 2.71225
36 49 4.63208
37 38 3.04684
37 39 8.40741
37 40 2.95083
37 41 1.4521
37 42 8.09635
37 43 7.64568
37 44 4.46428
37 45 6.62825
37 46 1.5203
37 47 6.73231
37 48 2.24721
37 49 6.3147
38 39 0.01589
38 40 6.06921
38 41 6.25257
38 42 0.49791
38 43 7.91965
38 44 3.56038
38 45 7.19986
38 46 4.76896
38 47 4.3522
38 48 1.46949
38 49 4.31271
39 40 8.28056
39 41 8.32832
39 42 5.74763
39 43 5.2164
39 44 8.25018
39 45 5.36673
39 46 3.32809
39 47 1.26599
39 48 8.94759
39 49 3.06898
40 41 2.77574
40 42 5.40012
40 43 8.26904
40 44 6.61057
40 45 3.94653
40 46 1.36379
40 47 6.10869
40 48 7.65604
40 49 5.96867
41 42 4.12107
41 43 1.58104
41 44 6.88436
41 45 4.31251
41 46 8.93089
41 47 5.08733
41 48 2.88189
41 49 0.36168
42 43 6.05744
42 44 0.80032
42 45 4.10735
42 46 1.48554
42 47 2.20669
42 48 4.08855
42 49 1.7634
43 44 1.98681
43 45 3.22767
43 46 5.23761
43 47 4.33019
43 48 1.20866
43 49 8.9532
44 45 5.22826
44 46 8.85912
44 47 4.63697
44 48 8.09562
44 49 1.86509
45 46 3.51268
45 47 5.12566
45 48 3.73818
45 49 1.7228
46 47 6.91668
46 48 5.82454
46 49 4.74271
47 48 8.28135
47 49 6.14111
48 49 8.2512
