100 30
0 1 2.81162
0 2 7.81406
0 3 4.21751
0 4 4.64269
0 5 8.38744
0 6 4.33034
0 7 4.4203
0 8 2.60506
0 9 6.61222
0 10 6.59766
0 11 5.24973
0 12 8.32463
0 13 4.65383
0 14 2.10376
0 15 6.9006
0 16 6.49742
0 17 8.36367
0 18 5.78129
0 19 0.31453
0 20 3.23262
0 21 1.61211
0 22 0.11928
0 23 6.34036
0 24 2.2724
0 25 7.09936
0 26 0.42015
0 27 1.65819
0 28 1.82372
0 29 3.27701
0 30 1.88662
0 31 0.62888
0 32 1.64057
0 33 5.85467
0 34 7.12478
0 35 0.43754
0 36 0.66121
0 37 8.81484
0 38 2.58334
0 39 3.93702
0 40 6.86745
0 41 4.51651
0 42 5.0691
0 43 8.65449
0 44 6.8632
0 45 1.80513
0 46 1.48702
0 47 8.86143
0 48 6.13665
0 49 7.59796
0 50 3.34859
0 51 6.3065
0 52 2.11761
0 53 3.26315
0 54 6.22883
0 55 5.89428
0 56 3.81556
0 57 2.23096
0 58 4.79705
0 59 7.62884
0 60 8.40068
0 61 8.55324
0 62 2.98009
0 63 7.17137
0 64 8.73597
0 65 5.6557
0 66 1.56167
0 67 3.04844
0 68 5.97686
0 69 4.59616
0 70 7.83537
0 71 7.31053
0 72 3.66314
0 73 7.90777
0 74 7.5423
0 75 5.84693
0 76 3.68208
0 77 5.15204
0 78 5.64929
0 79 2.18057
0 80 6.90328
0 81 8.17687
0 82 7.46299
0 83 2.32119
0 84 0.27752
0 85 0.49016
0 86 7.88635
0 87 2.29596
0 88 1.99271
0 89 1.43272
0 90 0.11449
0 91 8.86621
0 92 3.4885
0 93 2.49731
0 94 5.22067
0 95 1.78428
0 96 2.94832
0 97 4.50919
0 98 1.48827
0 99 5.44462
1 2 0.39553
1 3 8.56625
1 4 6.60727
1 5 8.00814
1 6 7.65095
1 7 8.36379
1 8 5.62266
1 9 6.86394
1 10 4.99993
1 11 1.22797
1 12 5.0851
1 13 7.37374
1 14 0.56898
1 15 3.40779
1 16 3.76356
1 17 1.56884
1 18 6.96725
1 19 0.83849
1 20 7.82635
1 21 1.91441
1 22 1.71739
1 23 4.64468
1 24 3.07231
1 25 4.81812
1 26 5.08319
1 27 7.55942
1 28 4.91236
1 29 0.58207
1 30 1.37486
1 31 6.37371
1 32 0.13126
1 33 4.37317
1 34 7.95171
1 35 7.27547
1 36 3.31503
1 37 5.28598
1 38 3.14003
1 39 0.82664
1 40 7.39734
1 41 7.09564
1 42 0.64871
1 43 3.33249
1 44 2.00534
1 45 5.68407
1 46 6.09069
1 47 5.61245
1 48 6.76377
1 49 4.81869
1 50 3.27636
1 51 8.75945
1 52 0.11931
1 53 6.01824
1 54 2.4927
1 55 4.61568
1 56 2.49573
1 57 8.34148
1 58 3.59248
1 59 8.59056
1 60 4.97307
1 61 1.99441
1 62 2.01229
1 63 2.33907
1 64 0.96529
1 65 0.52921
1 66 3.78728
1 67 8.75082
1 68 6.19409
1 69 6.41463
1 70 7.92116
1 71 8.60956
1 72 8.02108
1 73 3.27454
1 74 3.82133
1 75 8.57068
1 76 8.64599
1 77 4.29608
1 78 1.49248
1 79 0.17052
1 80 3.0503
1 81 3.08174
1 82 2.11717
1 83 7.47087
1 84 2.27222
1 85 2.61629
1 86 0.34715
1 87 2.1143
1 88 8.14328
1 89 7.99273
1 90 0.72136
1 91 8.56441
1 92 7.80302
1 93 1.63973
1 94 7.19107
1 95 6.55427
1 96 0.77509
1 97 4.67565
1 98 1.51654
1 99 1.90299
2 3 5.32411
2 4 1.74363
2 5 2.41155
2 6 8.02905
2 7 8.71517
2 8 0.0863
2 9 7.42275
2 10 5.8818
2 11 3.89426
2 12 1.18467
2 13 3.32909
2 14 1.52597
2 15 7.97417
2 16 7.16617
2 17 4.67297
2 18 7.36587
2 19 3.16732
2 20 6.80787
2 21 0.88371
2 22 8.15115
2 23 6.27625
2 24 7.52423
2 25 3.38738
2 26 0.87271
2 27 6.72588
2 28 4.48395
2 29 6.99151
2 30 7.10596
2 31 1.18021
2 32 2.45271
2 33 5.51533
2 34 0.45996
2 35 2.84344
2 36 0.66333
2 37 6.93196
2 38 1.99241
2 39 5.54417
2 40 2.76835
2 41 2.99203
2 42 6.95838
2 43 8.86119
2 44 8.55472
2 45 8.67032
2 46 6.55868
2 47 1.85982
2 48 7.5929
2 49 7.01655
2 50 7.28882
2 51 7.17948
2 52 8.04185
2 53 4.31793
2 54 8.12765
2 55 2.33768
2 56 3.9926
2 57 4.15913
2 58 4.36232
2 59 4.5401
2 60 5.06892
2 61 2.45822
2 62 8.87269
2 63 1.0599
2 64 7.80423
2 65 6.17578
2 66 5.22169
2 67 4.49965
2 68 1.13124
2 69 8.60829
2 70 6.34897
2 71 3.86139
2 72 3.67691
2 73 0.61606
2 74 3.31673
2 75 0.53681
2 76 5.38778
2 77 2.39174
2 78 5.77946
2 79 3.8348
2 80 3.74266
2 81 5.49194
2 82 3.48249
2 83 3.56928
2 84 2.02422
2 85 0.7454
2 86 1.01035
2 87 7.9456
2 88 6.96749
2 89 1.83093
2 90 5.98098
2 91 8.52138
2 92 8.91102
2 93 8.54806
2 94 3.00643
2 95 6.97793
2 96 8.69049
2 97 0.61733
2 98 0.42369
2 99 2.51961
3 4 0.92954
3 5 0.36711
3 6 7.74953
3 7 1.96233
3 8 7.9174
3 9 0.32357
3 10 5.1062
3 11 3.30656
3 12 1.17307
3 13 1.66749
3 14 6.5342
3 15 4.07583
3 16 3.65122
3 17 5.0522
3 18 6.52723
3 19 1.10329
3 20 3.24741
3 21 7.28368
3 22 0.98757
3 23 5.40783
3 24 3.25675
3 25 0.38664
3 26 5.14075
3 27 3.01075
3 28 5.08346
3 29 2.17109
3 30 0.09407
3 31 7.20296
3 32 3.42205
3 33 3.42922
3 34 1.90982
3 35 6.25298
3 36 7.44912
3 37 2.07866
3 38 1.75074
3 39 3.11472
3 40 1.83198
3 41 3.65329
3 42 1.88084
3 43 7.40544
3 44 0.446
3 45 5.86383
3 46 4.82412
3 47 3.13463
3 48 1.96605
3 49 7.90926
3 50 4.25881
3 51 3.43138
3 52 8.84605
3 53 6.63054
3 54 8.66306
3 55 5.07614
3 56 4.23956
3 57 8.75964
3 58 8.01482
3 59 6.8586
3 60 0.55179
3 61 4.65777
3 62 5.21774
3 63 5.69749
3 64 7.89152
3 65 3.44717
3 66 1.75164
3 67 3.82726
3 68 7.11858
3 69 5.19355
3 70 6.27021
3 71 7.45708
3 72 2.1587
3 73 7.38314
3 74 3.57751
3 75 2.45296
3 76 5.87901
3 77 7.91235
3 78 3.07899
3 79 1.18887
3 80 3.78684
3 81 8.02838
3 82 6.41239
3 83 2.28213
3 84 1.42712
3 85 6.29372
3 86 6.60337
3 87 3.98549
3 88 7.17936
3 89 7.57502
3 90 3.5729
3 91 2.36296
3 92 7.87292
3 93 4.11631
3 94 4.43074
3 95 5.62981
3 96 2.59511
3 97 1.15837
3 98 0.16852
3 99 0.84342
4 5 8.82372
4 6 4.28508
4 7 7.85134
4 8 5.68946
4 9 6.91945
4 10 3.13529
4 11 2.97799
4 12 7.26003
4 13 4.50844
4 14 7.51249
4 15 1.13095
4 16 8.04884
4 17 8.95121
4 18 5.80834
4 19 6.5202
4 20 1.4972
4 21 6.69613
4 22 2.15716
4 23 0.30357
4 24 2.57076
4 25 3.11272
4 26 1.07004
4 27 5.4519
4 28 5.29912
4 29 3.54435
4 30 2.1145
4 31 2.77847
4 32 4.91754
4 33 7.5786
4 34 5.9019
4 35 0.45672
4 36 5.35854
4 37 8.39575
4 38 6.29611
4 39 0.79915
4 40 0.78436
4 41 3.30155
4 42 1.17298
4 43 2.45265
4 44 2.21536
4 45 3.5634
4 46 7.11891
4 47 7.99461
4 48 8.96242
4 49 8.46084
4 50 4.58129
4 51 6.18326
4 52 4.15346
4 53 3.96699
4 54 5.54443
4 55 0.72693
4 56 7.95864
4 57 1.80215
4 58 4.839
4 59 7.07352
4 60 8.97663
4 61 6.44794
4 62 6.47551
4 63 7.82001
4 64 5.07392
4 65 6.27086
4 66 2.54893
4 67 5.0164
4 68 2.16213
4 69 0.34591
4 70 2.34914
4 71 4.21239
4 72 1.07404
4 73 2.01979
4 74 4.34447
4 75 5.06663
4 76 3.35429
4 77 7.04127
4 78 7.35845
4 79 7.78735
4 80 7.05609
4 81 2.00527
4 82 3.14952
4 83 5.67361
4 84 5.17109
4 85 7.96724
4 86 6.24828
4 87 8.45768
4 88 3.64055
4 89 2.78406
4 90 6.54928
4 91 5.54287
4 92 8.13445
4 93 6.55478
4 94 4.99794
4 95 4.6521
4 96 6.79759
4 97 3.01552
4 98 8.34589
4 99 5.17499
5 6 8.25034
5 7 7.31341
5 8 0.45269
5 9 7.57301
5 10 0.18282
5 11 1.18941
5 12 2.04735
5 13 8.00426
5 14 0.05982
5 15 2.8094
5 16 7.51581
5 17 3.7061
5 18 3.87619
5 19 1.43249
5 20 0.33277
5 21 3.36431
5 22 0.39439
5 23 4.22359
5 24 3.25079
5 25 4.43144
5 26 1.27374
5 27 2.63936
5 28 1.9864
5 29 5.41137
5 30 0.10334
5 31 0.47587
5 32 1.34528
5 33 6.59513
5 34 8.17005
5 35 0.1017
5 36 4.69703
5 37 2.25752
5 38 5.56479
5 39 4.13427
5 40 0.94246
5 41 7.79222
5 42 2.75563
5 43 0.67881
5 44 0.73839
5 45 7.50286
5 46 8.24483
5 47 8.64314
5 48 5.52519
5 49 8.64561
5 50 3.33188
5 51 1.52348
5 52 2.07404
5 53 6.78112
5 54 5.1005
5 55 1.71437
5 56 8.87445
5 57 3.94938
5 58 2.64828
5 59 4.94537
5 60 7.09527
5 61 0.46614
5 62 7.42653
5 63 7.00314
5 64 7.26947
5 65 8.6603
5 66 7.95109
5 67 6.08939
5 68 7.12731
5 69 4.98237
5 70 1.79584
5 71 6.31134
5 72 3.95567
5 73 1.03089
5 74 3.4275
5 75 7.16835
5 76 2.73377
5 77 3.96035
5 78 0.22514
5 79 1.21539
5 80 1.7137
5 81 2.57921
5 82 0.06314
5 83 3.54041
5 84 3.79849
5 85 2.4625
5 86 0.67473
5 87 3.90544
5 88 0.77478
5 89 8.10152
5 90 2.71615
5 91 0.90246
5 92 3.59819
5 93 1.22934
5 94 2.96601
5 95 6.35038
5 96 0.38148
5 97 4.73241
5 98 6.46345
5 99 1.3907
6 7 7.74753
6 8 8.47547
6 9 5.72957
6 10 3.04866
6 11 3.30292
6 12 7.4786
6 13 1.68087
6 14 6.02348
6 15 4.22652
6 16 8.97405
6 17 8.6868
6 18 5.98615
6 19 6.32516
6 20 4.61723
6 21 5.29963
6 22 5.31337
6 23 6.03497
6 24 5.70382
6 25 7.61762
6 26 6.36593
6 27 0.47666
6 28 2.46882
6 29 7.2574
6 30 7.09859
6 31 4.51849
6 32 4.07223
6 33 3.48141
6 34 2.24406
6 35 3.46484
6 36 1.39392
6 37 6.05229
6 38 4.79773
6 39 7.94208
6 40 3.73987
6 41 0.97741
6 42 1.94077
6 43 5.32501
6 44 2.72036
6 45 7.44975
6 46 6.61377
6 47 1.02202
6 48 6.72657
6 49 2.90115
6 50 0.0364
6 51 5.47732
6 52 5.16724
6 53 5.11205
6 54 6.85981
6 55 3.23085
6 56 4.23869
6 57 2.58888
6 58 1.31781
6 59 4.93157
6 60 8.93491
6 61 0.19052
6 62 2.98776
6 63 3.59391
6 64 1.49131
6 65 8.07651
6 66 4.03427
6 67 6.94118
6 68 4.70786
6 69 6.94269
6 70 3.73669
6 71 4.44663
6 72 7.11593
6 73 5.40427
6 74 8.63182
6 75 4.29688
6 76 8.7186
6 77 3.34828
6 78 4.44083
6 79 0.6051
6 80 2.11119
6 81 8.9963
6 82 6.09446
6 83 3.22174
6 84 2.66377
6 85 4.27772
6 86 7.66732
6 87 2.16262
6 88 0.43631
6 89 8.35948
6 90 1.41797
6 91 2.26196
6 92 8.86375
6 93 4.28435
6 94 6.11974
6 95 5.6123
6 96 1.95888
6 97 2.33146
6 98 8.51732
6 99 2.00773
7 8 1.29659
7 9 5.51571
7 10 4.29856
7 11 8.94746
7 12 2.55597
7 13 7.72468
7 14 1.95318
7 15 1.53925
7 16 7.57971
7 17 6.32391
7 18 8.4792
7 19 6.71364
7 20 8.18368
7 21 4.10606
7 22 5.99862
7 23 3.32169
7 24 1.33365
7 25 4.05085
7 26 5.28493
7 27 2.24279
7 28 0.16787
7 29 6.0534
7 30 0.4545
7 31 6.50488
7 32 0.18754
7 33 2.78011
7 34 7.563
7 35 2.35923
7 36 8.35993
7 37 8.31975
7 38 7.95233
7 39 5.38995
7 40 0.4825
7 41 6.83063
7 42 8.05856
7 43 2.19488
7 44 6.59526
7 45 8.37834
7 46 6.79453
7 47 0.17273
7 48 7.03267
7 49 0.45794
7 50 2.6609
7 51 0.38964
7 52 0.87165
7 53 5.93569
7 54 3.91963
7 55 4.9783
7 56 7.14389
7 57 5.844
7 58 7.91107
7 59 8.34939
7 60 1.49349
7 61 1.89836
7 62 8.94706
7 63 2.81479
7 64 3.90481
7 65 1.79648
7 66 5.30121
7 67 3.60456
7 68 2.57275
7 69 0.64734
7 70 6.93302
7 71 6.63477
7 72 3.76432
7 73 4.07391
7 74 3.14177
7 75 5.55869
7 76 4.26272
7 77 3.25323
7 78 3.26758
7 79 4.20401
7 80 2.98744
7 81 4.64762
7 82 6.61938
7 83 3.10014
7 84 1.11775
7 85 8.50098
7 86 0.51119
7 87 0.23658
7 88 4.8359
7 89 0.69599
7 90 2.39683
7 91 1.12991
7 92 1.02959
7 93 7.06917
7 94 2.38802
7 95 3.13658
7 96 0.71952
7 97 3.18429
7 98 4.39973
7 99 7.22957
8 9 3.02329
8 10 4.28871
8 11 7.34637
8 12 8.57756
8 13 4.6533
8 14 0.48855
8 15 6.31286
8 16 8.1998
8 17 0.9963
8 18 8.92275
8 19 1.57209
8 20 2.79463
8 21 4.18249
8 22 3.45731
8 23 5.87903
8 24 0.02442
8 25 7.69484
8 26 3.49881
8 27 3.95724
8 28 5.44429
8 29 4.85503
8 30 7.42651
8 31 8.12242
8 32 8.56396
8 33 7.28374
8 34 4.01415
8 35 8.38434
8 36 4.49255
8 37 2.35321
8 38 0.11036
8 39 8.97878
8 40 1.53715
8 41 1.71523
8 42 0.42432
8 43 0.48583
8 44 6.41548
8 45 1.17622
8 46 2.27414
8 47 3.97075
8 48 5.27291
8 49 8.29884
8 50 3.28139
8 51 8.93676
8 52 8.67546
8 53 5.19623
8 54 4.68605
8 55 5.08526
8 56 4.14866
8 57 4.08476
8 58 3.46207
8 59 1.3281
8 60 5.53153
8 61 4.22012
8 62 5.92455
8 63 5.07921
8 64 2.03743
8 65 0.27623
8 66 6.84129
8 67 3.4304
8 68 3.74825
8 69 6.364
8 70 8.20021
8 71 8.48978
8 72 1.51035
8 73 4.35366
8 74 0.09369
8 75 2.46305
8 76 7.18761
8 77 8.62626
8 78 5.31312
8 79 0.91751
8 80 0.8818
8 81 8.48094
8 82 2.31785
8 83 4.14885
8 84 1.22385
8 85 1.78083
8 86 5.19215
8 87 8.92431
8 88 7.07987
8 89 2.03151
8 90 8.89198
8 91 6.32934
8 92 7.99849
8 93 8.20546
8 94 1.15333
8 95 1.01084
8 96 1.12064
8 97 8.5006
8 98 4.12886
8 99 8.48998
9 10 1.83995
9 11 5.01424
9 12 1.03892
9 13 0.60153
9 14 4.14692
9 15 6.66804
9 16 7.16552
9 17 6.48897
9 18 8.33086
9 19 8.21179
9 20 4.24441
9 21 3.85602
9 22 6.11597
9 23 8.86899
9 24 3.55208
9 25 5.07522
9 26 4.59715
9 27 0.03128
9 28 4.99711
9 29 1.69107
9 30 1.98595
9 31 6.18685
9 32 5.20415
9 33 5.51282
9 34 5.36557
9 35 7.48818
9 36 4.33651
9 37 0.019
9 38 8.37674
9 39 5.7368
9 40 2.39781
9 41 4.15486
9 42 1.20061
9 43 0.12764
9 44 8.98838
9 45 7.72579
9 46 0.63865
9 47 0.54469
9 48 1.43184
9 49 6.82468
9 50 7.11334
9 51 0.10672
9 52 5.20562
9 53 5.60151
9 54 0.61834
9 55 6.11634
9 56 0.15842
9 57 1.25512
9 58 6.41748
9 59 5.21486
9 60 3.99533
9 61 6.83849
9 62 6.34172
9 63 1.3092
9 64 0.13082
9 65 7.27514
9 66 7.58778
9 67 4.30101
9 68 4.90864
9 69 8.43757
9 70 8.21189
9 71 6.93841
9 72 3.07994
9 73 5.39413
9 74 3.31275
9 75 2.66234
9 76 3.49928
9 77 1.2169
9 78 4.39619
9 79 0.44281
9 80 1.30376
9 81 7.7124
9 82 4.11512
9 83 6.01843
9 84 5.12955
9 85 1.9442
9 86 5.2333
9 87 1.48881
9 88 7.92651
9 89 5.10529
9 90 4.3142
9 91 4.18039
9 92 8.93683
9 93 7.21962
9 94 8.1801
9 95 7.66486
9 96 0.04099
9 97 2.37691
9 98 7.49552
9 99 6.54577
10 11 4.6265
10 12 0.86217
10 13 6.71159
10 14 4.85961
10 15 1.21756
10 16 7.95235
10 17 8.72447
10 18 4.26768
10 19 5.08379
10 20 4.96555
10 21 1.78206
10 22 5.83027
10 23 5.4312
10 24 3.8991
10 25 4.17332
10 26 1.14789
10 27 5.02233
10 28 7.50571
10 29 5.38511
10 30 3.11177
10 31 3.29364
10 32 2.47832
10 33 0.83156
10 34 4.62633
10 35 2.62905
10 36 4.72154
10 37 6.86068
10 38 1.62287
10 39 6.257
10 40 3.64537
10 41 8.69665
10 42 6.60194
10 43 4.10151
10 44 6.83062
10 45 8.76602
10 46 4.42276
10 47 4.70681
10 48 8.81054
10 49 6.71007
10 50 7.94985
10 51 6.63289
10 52 8.38365
10 53 6.26704
10 54 8.28778
10 55 6.07209
10 56 3.95657
10 57 4.06433
10 58 5.60774
10 59 2.73284
10 60 3.48957
10 61 8.53936
10 62 4.53427
10 63 1.46739
10 64 7.70115
10 65 8.03176
10 66 8.19078
10 67 8.65439
10 68 5.92761
10 69 8.93405
10 70 5.89741
10 71 2.89528
10 72 0.15573
10 73 2.74483
10 74 1.16404
10 75 4.84213
10 76 8.24052
10 77 4.40262
10 78 3.74516
10 79 8.67324
10 80 6.01021
10 81 5.23327
10 82 7.60889
10 83 8.06161
10 84 0.46641
10 85 7.80262
10 86 2.12686
10 87 8.02791
10 88 5.78946
10 89 8.34735
10 90 3.63845
10 91 4.03371
10 92 4.62876
10 93 8.15954
10 94 3.89926
10 95 3.93762
10 96 1.52905
10 97 3.58873
10 98 8.67498
10 99 2.64009
11 12 0.55743
11 13 7.98549
11 14 4.48903
11 15 4.51615
11 16 8.24475
11 17 1.57799
11 18 1.77472
11 19 7.47597
11 20 6.23037
11 21 6.06606
11 22 4.4402
11 23 0.09788
11 24 3.18757
11 25 2.93345
11 26 7.09906
11 27 1.1458
11 28 2.62541
11 29 4.31449
11 30 2.60418
11 31 8.03002
11 32 8.68496
11 33 7.55252
11 34 2.91305
11 35 1.70471
11 36 0.63018
11 37 2.31623
11 38 2.48167
11 39 8.12885
11 40 5.12998
11 41 5.00239
11 42 6.58341
11 43 6.74715
11 44 0.64229
11 45 4.3574
11 46 3.63171
11 47 2.60355
11 48 6.04246
11 49 1.8308
11 50 7.35143
11 51 0.1434
11 52 8.30934
11 53 7.91243
11 54 1.94991
11 55 8.45905
11 56 8.28521
11 57 7.61194
11 58 5.4811
11 59 5.67427
11 60 7.68057
11 61 2.62438
11 62 7.00307
11 63 1.16343
11 64 2.11525
11 65 8.38662
11 66 4.65873
11 67 6.43737
11 68 1.63707
11 69 4.72791
11 70 1.7371
11 71 4.40141
11 72 3.48753
11 73 3.57376
11 74 0.84977
11 75 2.47351
11 76 8.33656
11 77 8.98137
11 78 6.4657
11 79 0.64642
11 80 1.03656
11 81 2.5352
11 82 7.91168
11 83 1.60132
11 84 7.20305
11 85 5.49484
11 86 7.46143
11 87 0.65075
11 88 3.13943
11 89 6.95668
11 90 2.2207
11 91 0.10442
11 92 2.032
11 93 3.19127
11 94 7.08602
11 95 0.22292
11 96 8.06918
11 97 7.35876
11 98 2.66912
11 99 1.54117
12 13 3.67322
12 14 7.2185
12 15 2.79536
12 16 6.6885
12 17 0.4147
12 18 7.45624
12 19 3.67535
12 20 0.01994
12 21 1.87872
12 22 3.24359
12 23 5.21662
12 24 3.56003
12 25 3.74011
12 26 1.96471
12 27 3.8228
12 28 6.25589
12 29 3.89391
12 30 1.484
12 31 5.62045
12 32 2.30554
12 33 8.98535
12 34 8.67815
12 35 8.89514
12 36 2.15777
12 37 1.20168
12 38 2.32224
12 39 6.62449
12 40 7.26709
12 41 5.68146
12 42 0.46331
12 43 7.9402
12 44 6.99036
12 45 8.85527
12 46 1.89621
12 47 3.05144
12 48 1.35342
12 49 0.21981
12 50 5.1324
12 51 4.20528
12 52 2.8562
12 53 1.81571
12 54 2.46097
12 55 5.01687
12 56 4.83343
12 57 0.27091
12 58 1.47085
12 59 0.19641
12 60 4.76391
12 61 6.46939
12 62 4.17489
12 63 5.89445
12 64 3.41493
12 65 4.6464
12 66 1.4524
12 67 8.73812
12 68 2.08931
12 69 1.39241
12 70 2.16992
12 71 8.75584
12 72 6.48668
12 73 5.14336
12 74 7.80954
12 75 8.57485
12 76 4.78451
12 77 0.15488
12 78 5.48322
12 79 2.6047
12 80 8.26084
12 81 7.22171
12 82 1.21014
12 83 2.5623
12 84 5.18525
12 85 5.93836
12 86 0.68588
12 87 6.54959
12 88 6.44488
12 89 4.69367
12 90 6.62806
12 91 5.14611
12 92 8.77885
12 93 7.93617
12 94 3.33334
12 95 3.77625
12 96 8.45116
12 97 7.89329
12 98 5.94342
12 99 0.34019
13 14 3.51524
13 15 1.5523
13 16 3.59296
13 17 0.40698
13 18 2.54453
13 19 3.05332
13 20 3.51192
13 21 6.80866
13 22 4.80135
13 23 3.99629
13 24 7.20167
13 25 7.86057
13 26 6.51774
13 27 1.14834
13 28 2.35518
13 29 1.88289
13 30 4.63497
13 31 1.07833
13 32 1.12892
13 33 3.96281
13 34 1.22093
13 35 1.39549
13 36 0.96127
13 37 7.34336
13 38 3.75975
13 39 1.3746
13 40 3.06834
13 41 8.23783
13 42 4.31926
13 43 7.80433
13 44 5.15731
13 45 0.7511
13 46 0.17517
13 47 7.13293
13 48 0.25932
13 49 4.71198
13 50 7.02622
13 51 6.8964
13 52 2.55219
13 53 4.87417
13 54 2.4585
13 55 4.71929
13 56 2.58772
13 57 8.87335
13 58 8.7691
13 59 7.45908
13 60 3.86164
13 61 1.44951
13 62 7.55005
13 63 5.33598
13 64 7.27863
13 65 0.61476
13 66 0.97187
13 67 4.75685
13 68 6.15075
13 69 2.10141
13 70 8.88939
13 71 2.63154
13 72 0.64043
13 73 8.99098
13 74 0.08413
13 75 1.55428
13 76 7.74692
13 77 6.31502
13 78 0.9922
13 79 6.00386
13 80 6.39584
13 81 3.05518
13 82 8.26933
13 83 3.51272
13 84 2.58833
13 85 7.03254
13 86 6.21878
13 87 7.02
13 88 8.3584
13 89 1.97603
13 90 6.8273
13 91 1.99458
13 92 2.41734
13 93 8.09609
13 94 5.03639
13 95 1.39259
13 96 6.76074
13 97 2.05247
13 98 3.55925
13 99 1.8141
14 15 0.14888
14 16 5.91203
14 17 0.69737
14 18 7.28133
14 19 2.68185
14 20 1.15537
14 21 1.52502
14 22 1.95219
14 23 5.50673
14 24 6.29855
14 25 1.75422
14 26 2.38381
14 27 3.36435
14 28 3.5288
14 29 7.69699
14 30 8.96637
14 31 4.88532
14 32 6.57676
14 33 8.44928
14 34 6.70397
14 35 4.3066
14 36 4.83347
14 37 5.50546
14 38 6.15524
14 39 6.09456
14 40 1.54064
14 41 5.46797
14 42 5.32669
14 43 0.29239
14 44 1.11874
14 45 2.69651
14 46 2.28965
14 47 1.38172
14 48 4.04775
14 49 6.30948
14 50 4.70051
14 51 3.48888
14 52 4.64186
14 53 6.66366
14 54 4.5561
14 55 5.91537
14 56 1.15158
14 57 4.09082
14 58 4.99001
14 59 3.35366
14 60 7.62447
14 61 0.48132
14 62 8.58927
14 63 0.43639
14 64 8.5712
14 65 4.71457
14 66 3.28562
14 67 6.30363
14 68 1.76042
14 69 1.63094
14 70 8.32656
14 71 2.09425
14 72 8.48165
14 73 5.91239
14 74 2.89211
14 75 2.72239
14 76 4.23734
14 77 4.31201
14 78 1.20028
14 79 8.31585
14 80 0.90743
14 81 3.03626
14 82 6.66539
14 83 6.66264
14 84 0.37568
14 85 6.72388
14 86 4.05108
14 87 3.4995
14 88 5.95121
14 89 7.6614
14 90 6.95167
14 91 8.26337
14 92 4.41545
14 93 1.74202
14 94 0.47282
14 95 1.88385
14 96 1.85916
14 97 1.45154
14 98 7.29447
14 99 3.62988
15 16 7.64296
15 17 6.34995
15 18 3.77394
15 19 2.87175
15 20 4.01616
15 21 8.54087
15 22 6.69795
15 23 0.52897
15 24 5.50101
15 25 3.3203
15 26 7.63381
15 27 4.25202
15 28 1.08973
15 29 3.24124
15 30 8.66011
15 31 1.70827
15 32 6.65076
15 33 1.61062
15 34 6.98454
15 35 7.03076
15 36 3.41349
15 37 6.90267
15 38 6.23211
15 39 6.45465
15 40 2.17429
15 41 7.65441
15 42 7.89707
15 43 7.69624
15 44 1.79958
15 45 5.61668
15 46 3.9968
15 47 8.30406
15 48 7.55681
15 49 8.09291
15 50 4.47563
15 51 8.67565
15 52 7.01875
15 53 6.75197
15 54 7.05368
15 55 5.94371
15 56 4.7309
15 57 3.6506
15 58 8.25734
15 59 4.23999
15 60 8.2358
15 61 3.07544
15 62 7.42509
15 63 8.05302
15 64 3.76853
15 65 7.69791
15 66 2.50773
15 67 4.56479
15 68 0.27898
15 69 1.40879
15 70 5.89311
15 71 0.21155
15 72 2.64931
15 73 5.12501
15 74 7.0456
15 75 8.98714
15 76 6.91878
15 77 4.78005
15 78 3.41006
15 79 2.66193
15 80 2.42602
15 81 5.72898
15 82 7.11479
15 83 3.17321
15 84 2.70217
15 85 6.8855
15 86 8.12265
15 87 2.13705
15 88 0.5559
15 89 8.18706
15 90 4.5168
15 91 8.32595
15 92 5.05434
15 93 5.75541
15 94 7.70301
15 95 8.19157
15 96 0.6613
15 97 1.48008
15 98 0.52779
15 99 0.08148
16 17 8.72557
16 18 6.11401
16 19 4.26725
16 20 8.36995
16 21 7.22245
16 22 5.0815
16 23 6.30533
16 24 2.75278
16 25 2.05472
16 26 8.23792
16 27 1.54158
16 28 2.36074
16 29 2.4813
16 30 4.90351
16 31 3.03451
16 32 5.5167
16 33 3.56308
16 34 4.96381
16 35 4.46687
16 36 8.65598
16 37 4.97415
16 38 8.0447
16 39 5.17433
16 40 6.93099
16 41 3.59588
16 42 4.65362
16 43 2.21654
16 44 8.11281
16 45 8.24871
16 46 4.85421
16 47 6.72934
16 48 3.83557
16 49 6.8882
16 50 1.78304
16 51 0.4322
16 52 5.73762
16 53 5.43883
16 54 3.76745
16 55 7.63247
16 56 6.03686
16 57 2.27035
16 58 6.08113
16 59 3.7929
16 60 2.6974
16 61 0.26868
16 62 7.96526
16 63 7.087
16 64 7.10017
16 65 7.03402
16 66 4.70228
16 67 4.19338
16 68 8.0747
16 69 4.0011
16 70 6.11325
16 71 5.469
16 72 6.33225
16 73 3.85977
16 74 8.04015
16 75 3.85404
16 76 1.0525
16 77 0.14736
16 78 2.64697
16 79 2.48015
16 80 3.06225
16 81 5.41773
16 82 4.03486
16 83 1.8869
16 84 0.82862
16 85 3.79621
16 86 6.39131
16 87 8.64421
16 88 0.7839
16 89 5.74286
16 90 4.62029
16 91 5.68643
16 92 0.31052
16 93 4.10696
16 94 7.77372
16 95 4.5585
16 96 6.77687
16 97 0.72799
16 98 4.95385
16 99 2.74672
17 18 0.80427
17 19 4.16668
17 20 2.83567
17 21 2.74683
17 22 7.23092
17 23 6.33789
17 24 6.39316
17 25 2.8674
17 26 2.59284
17 27 0.38538
17 28 7.92717
17 29 7.91898
17 30 4.04582
17 31 7.64094
17 32 0.01755
17 33 7.67182
17 34 1.86821
17 35 5.44688
17 36 4.40693
17 37 8.08032
17 38 2.8769
17 39 4.07093
17 40 3.72792
17 41 7.71238
17 42 5.8717
17 43 2.29535
17 44 8.71806
17 45 6.64092
17 46 1.86053
17 47 8.7339
17 48 3.94217
17 49 5.45935
17 50 2.8807
17 51 3.3097
17 52 1.51624
17 53 4.10619
17 54 1.87399
17 55 8.61183
17 56 8.10413
17 57 6.71174
17 58 3.66142
17 59 6.49989
17 60 0.1146
17 61 8.55979
17 62 1.90281
17 63 8.65971
17 64 0.82838
17 65 8.20792
17 66 7.56432
17 67 4.37497
17 68 6.24212
17 69 4.93309
17 70 8.96255
17 71 2.72129
17 72 0.13805
17 73 3.78367
17 74 2.9556
17 75 1.96682
17 76 1.81843
17 77 4.53181
17 78 3.91412
17 79 3.07775
17 80 0.48395
17 81 4.26804
17 82 0.39918
17 83 4.46401
17 84 5.67961
17 85 3.3568
17 86 6.04132
17 87 8.65826
17 88 4.01815
17 89 2.35948
17 90 5.6734
17 91 2.20741
17 92 4.69206
17 93 6.3162
17 94 4.17596
17 95 2.31896
17 96 8.4289
17 97 4.51522
17 98 3.93753
17 99 0.35256
18 19 4.4646
18 20 4.29421
18 21 6.61419
18 22 6.64721
18 23 3.05683
18 24 0.11505
18 25 5.65354
18 26 5.82366
18 27 8.27513
18 28 1.50578
18 29 1.97054
18 30 8.86692
18 31 4.41415
18 32 7.91043
18 33 8.89174
18 34 3.96176
18 35 1.08329
18 36 1.4125
18 37 4.86278
18 38 5.00473
18 39 8.70464
18 40 5.93419
18 41 4.45583
18 42 5.77997
18 43 7.65453
18 44 6.24101
18 45 7.48205
18 46 7.37098
18 47 7.63865
18 48 7.05564
18 49 0.61311
18 50 3.60823
18 51 0.31337
18 52 4.11268
18 53 4.80975
18 54 6.11667
18 55 0.47447
18 56 0.05387
18 57 8.61692
18 58 1.19501
18 59 8.51899
18 60 7.16533
18 61 2.51865
18 62 7.39639
18 63 2.34641
18 64 1.87334
18 65 7.33079
18 66 4.86897
18 67 4.03831
18 68 7.59263
18 69 6.14411
18 70 6.55504
18 71 8.09832
18 72 0.88558
18 73 2.62568
18 74 0.45701
18 75 5.39447
18 76 4.98922
18 77 0.23617
18 78 4.06835
18 79 3.88104
18 80 6.46442
18 81 0.33922
18 82 0.81524
18 83 4.85472
18 84 4.35516
18 85 4.86801
18 86 0.1983
18 87 6.70942
18 88 5.10763
18 89 3.60137
18 90 0.49832
18 91 3.85931
18 92 0.92142
18 93 4.86962
18 94 6.92076
18 95 7.0159
18 96 6.53187
18 97 3.76665
18 98 5.75199
18 99 3.80911
19 20 6.6663
19 21 7.58662
19 22 3.19419
19 23 7.73561
19 24 0.94887
19 25 4.29917
19 26 0.88586
19 27 4.99514
19 28 4.3333
19 29 7.09317
19 30 2.74941
19 31 7.33626
19 32 8.13362
19 33 6.30943
19 34 3.6207
19 35 2.9863
19 36 0.5552
19 37 4.45216
19 38 3.17213
19 39 2.06046
19 40 4.22294
19 41 3.77527
19 42 0.20852
19 43 0.49768
19 44 5.26032
19 45 1.21132
19 46 0.37825
19 47 7.58755
19 48 3.15928
19 49 8.87208
19 50 0.35587
19 51 4.54744
19 52 5.10848
19 53 5.75003
19 54 8.13892
19 55 4.63145
19 56 6.27345
19 57 7.50487
19 58 6.53368
19 59 6.17055
19 60 3.61401
19 61 5.01642
19 62 2.18079
19 63 8.7601
19 64 4.96223
19 65 7.39646
19 66 4.31669
19 67 7.0772
19 68 2.94137
19 69 5.92966
19 70 2.30956
19 71 0.59624
19 72 2.20329
19 73 4.38284
19 74 3.54849
19 75 5.78767
19 76 4.26333
19 77 1.829
19 78 6.9829
19 79 2.14197
19 80 4.59407
19 81 1.17074
19 82 0.92882
19 83 3.95711
19 84 4.61029
19 85 5.13705
19 86 8.2598
19 87 6.09846
19 88 5.77603
19 89 3.04684
19 90 0.37301
19 91 5.88093
19 92 3.01819
19 93 8.83882
19 94 4.39035
19 95 4.05562
19 96 2.41168
19 97 1.12667
19 98 4.36527
19 99 7.96738
20 21 3.80768
20 22 2.03489
20 23 0.66006
20 24 1.45006
20 25 7.57654
20 26 2.67341
20 27 1.2315
20 28 1.55044
20 29 6.44913
20 30 3.66966
20 31 6.4981
20 32 0.69087
20 33 4.76185
20 34 0.77446
20 35 1.60428
20 36 2.14628
20 37 2.06218
20 38 1.49754
20 39 0.60096
20 40 1.32302
20 41 8.18202
20 42 3.24322
20 43 4.40475
20 44 1.90986
20 45 0.45597
20 46 6.73315
20 47 7.35822
20 48 8.8932
20 49 0.15203
20 50 3.14031
20 51 5.47997
20 52 4.84144
20 53 1.68363
20 54 4.90389
20 55 1.85778
20 56 2.22141
20 57 5.64229
20 58 1.10209
20 59 0.24474
20 60 7.94915
20 61 1.13417
20 62 3.23914
20 63 1.5325
20 64 3.44451
20 65 5.05495
20 66 3.63153
20 67 0.57896
20 68 5.07434
20 69 5.30754
20 70 7.91975
20 71 1.92128
20 72 3.26557
20 73 2.90506
20 74 7.01062
20 75 1.89693
20 76 8.46897
20 77 1.29648
20 78 3.51703
20 79 8.12493
20 80 7.29763
20 81 0.70708
20 82 4.22661
20 83 2.75793
20 84 3.37721
20 85 5.57085
20 86 2.44149
20 87 5.02051
20 88 4.80143
20 89 7.75658
20 90 5.51196
20 91 4.33978
20 92 7.05259
20 93 4.06071
20 94 7.14428
20 95 0.84295
20 96 3.38097
20 97 8.64368
20 98 0.44367
20 99 2.68589
21 22 8.8374
21 23 2.45093
21 24 6.76246
21 25 7.02888
21 26 3.28394
21 27 3.17228
21 28 5.49817
21 29 0.86833
21 30 5.20724
21 31 0.14727
21 32 4.58668
21 33 5.80183
21 34 1.84236
21 35 7.57143
21 36 3.54327
21 37 8.32895
21 38 4.45937
21 39 3.381
21 40 1.79685
21 41 7.91664
21 42 5.31531
21 43 7.08613
21 44 3.26082
21 45 0.99998
21 46 3.52701
21 47 5.94174
21 48 3.18135
21 49 6.57639
21 50 7.20352
21 51 4.94004
21 52 6.22797
21 53 0.27868
21 54 4.71874
21 55 3.18483
21 56 2.63564
21 57 0.52709
21 58 6.03947
21 59 1.72309
21 60 6.73279
21 61 4.94474
21 62 0.06377
21 63 8.90549
21 64 7.74006
21 65 0.8726
21 66 5.53953
21 67 8.73649
21 68 4.27409
21 69 7.53822
21 70 3.32297
21 71 3.96357
21 72 4.97277
21 73 1.65956
21 74 4.50685
21 75 4.33256
21 76 1.79567
21 77 6.32245
21 78 3.08417
21 79 8.89144
21 80 1.56769
21 81 2.77251
21 82 3.68177
21 83 3.58533
21 84 1.24938
21 85 1.68369
21 86 2.06777
21 87 1.83964
21 88 5.77887
21 89 0.23688
21 90 2.5371
21 91 7.5743
21 92 1.81252
21 93 7.1162
21 94 7.37344
21 95 7.66841
21 96 2.42481
21 97 6.99751
21 98 1.84023
21 99 0.71546
22 23 7.27181
22 24 3.81392
22 25 8.53295
22 26 1.55461
22 27 7.02409
22 28 4.27909
22 29 0.45474
22 30 5.63077
22 31 4.6852
22 32 1.52069
22 33 7.79915
22 34 4.95655
22 35 7.45721
22 36 5.85988
22 37 8.4047
22 38 6.65024
22 39 3.70554
22 40 8.6436
22 41 0.34492
22 42 5.53511
22 43 4.2586
22 44 1.35592
22 45 3.52177
22 46 0.29112
22 47 6.68983
22 48 8.9232
22 49 6.80492
22 50 2.64428
22 51 0.46638
22 52 1.37618
22 53 5.32765
22 54 6.63946
22 55 6.29438
22 56 4.38048
22 57 7.38049
22 58 1.40004
22 59 0.94538
22 60 2.63745
22 61 7.12421
22 62 2.54398
22 63 5.99495
22 64 1.87713
22 65 4.09333
22 66 2.52315
22 67 7.27888
22 68 1.9037
22 69 2.6458
22 70 0.4372
22 71 6.69081
22 72 2.24918
22 73 1.89163
22 74 8.26177
22 75 4.32663
22 76 4.90636
22 77 1.45343
22 78 4.95496
22 79 5.05286
22 80 4.12444
22 81 1.97464
22 82 0.38193
22 83 7.66457
22 84 3.13468
22 85 2.90122
22 86 6.33515
22 87 2.52522
22 88 1.23744
22 89 1.96798
22 90 1.42066
22 91 4.41704
22 92 8.63089
22 93 8.52571
22 94 3.4736
22 95 7.96156
22 96 3.8515
22 97 4.55867
22 98 6.26995
22 99 7.68303
23 24 6.02317
23 25 1.30238
23 26 4.59709
23 27 5.56864
23 28 4.52328
23 29 8.20793
23 30 3.59943
23 31 7.34
23 32 5.86068
23 33 2.71534
23 34 1.02564
23 35 6.70184
23 36 6.6725
23 37 2.7385
23 38 5.2433
23 39 7.80656
23 40 2.86942
23 41 3.37474
23 42 3.13266
23 43 8.40937
23 44 5.83569
23 45 7.78215
23 46 1.76199
23 47 8.93024
23 48 7.12335
23 49 6.55355
23 50 2.20248
23 51 0.08045
23 52 7.14997
23 53 5.62816
23 54 8.12699
23 55 2.37235
23 56 8.44763
23 57 0.14858
23 58 7.21734
23 59 7.64082
23 60 0.22278
23 61 5.20256
23 62 6.12815
23 63 7.16378
23 64 6.75398
23 65 8.46541
23 66 6.84328
23 67 7.41471
23 68 5.2386
23 69 6.41206
23 70 1.00083
23 71 2.48233
23 72 7.01142
23 73 8.01474
23 74 1.48693
23 75 1.42939
23 76 4.8827
23 77 4.55674
23 78 8.92621
23 79 7.1451
23 80 3.15517
23 81 2.21741
23 82 0.37783
23 83 2.6152
23 84 0.28588
23 85 5.26395
23 86 2.65071
23 87 5.7291
23 88 7.25593
23 89 0.55576
23 90 0.33102
23 91 7.39054
23 92 4.91574
23 93 4.91677
23 94 2.54718
23 95 1.91378
23 96 3.68763
23 97 7.95542
23 98 4.01156
23 99 4.73342
24 25 8.15716
24 26 3.90205
24 27 1.05522
24 28 5.24085
24 29 5.39314
24 30 1.85638
24 31 3.23776
24 32 0.0769
24 33 3.30511
24 34 1.76609
24 35 3.28951
24 36 3.9734
24 37 2.68838
24 38 1.88369
24 39 0.39034
24 40 2.82886
24 41 1.01604
24 42 7.07911
24 43 8.81839
24 44 2.46727
24 45 2.93583
24 46 3.12984
24 47 2.99086
24 48 3.97247
24 49 2.75385
24 50 3.73234
24 51 3.61059
24 52 5.76164
24 53 1.0574
24 54 3.23931
24 55 1.21061
24 56 7.28138
24 57 7.30749
24 58 0.57666
24 59 7.38684
24 60 4.57009
24 61 6.74136
24 62 8.80884
24 63 0.64641
24 64 3.98829
24 65 1.29144
24 66 4.05994
24 67 3.74946
24 68 2.37994
24 69 4.30935
24 70 6.03651
24 71 4.77463
24 72 2.8523
24 73 2.91741
24 74 3.98757
24 75 3.75067
24 76 0.28578
24 77 0.41191
24 78 3.79913
24 79 5.47789
24 80 3.09267
24 81 4.46602
24 82 8.13056
24 83 3.30716
24 84 2.66166
24 85 0.52607
24 86 4.93419
24 87 2.40561
24 88 2.93683
24 89 7.66529
24 90 4.20545
24 91 3.12768
24 92 3.63801
24 93 1.2782
24 94 4.9297
24 95 6.71079
24 96 3.99703
24 97 1.83915
24 98 3.88535
24 99 2.59558
25 26 4.37716
25 27 4.07545
25 28 2.43916
25 29 8.95485
25 30 2.70068
25 31 6.75062
25 32 2.3372
25 33 7.37799
25 34 2.92211
25 35 5.75696
25 36 7.13523
25 37 0.2307
25 38 5.41308
25 39 1.49892
25 40 7.5856
25 41 7.15442
25 42 2.54682
25 43 7.0907
25 44 5.70483
25 45 4.65573
25 46 2.81025
25 47 3.56756
25 48 8.57428
25 49 2.1266
25 50 2.62451
25 51 0.27628
25 52 2.72896
25 53 0.55851
25 54 5.48829
25 55 5.93297
25 56 5.25841
25 57 8.03237
25 58 0.13475
25 59 5.34537
25 60 8.97736
25 61 8.80181
25 62 6.45335
25 63 8.00646
25 64 6.26616
25 65 7.93362
25 66 4.0991
25 67 1.52851
25 68 6.41882
25 69 0.71891
25 70 0.82027
25 71 3.69019
25 72 8.38556
25 73 7.28242
25 74 7.02357
25 75 7.23286
25 76 5.75336
25 77 2.95845
25 78 2.34371
25 79 7.71757
25 80 6.36425
25 81 5.41014
25 82 5.80468
25 83 8.4754
25 84 5.94202
25 85 5.40569
25 86 3.30412
25 87 6.63636
25 88 0.80252
25 89 2.64433
25 90 3.41076
25 91 4.32843
25 92 0.47945
25 93 2.60993
25 94 7.01268
25 95 3.02071
25 96 0.19304
25 97 6.674
25 98 3.60755
25 99 1.79983
26 27 4.60958
26 28 0.24666
26 29 2.2497
26 30 7.89667
26 31 6.51476
26 32 7.16736
26 33 3.01429
26 34 1.18381
26 35 1.68129
26 36 2.52968
26 37 0.38582
26 38 6.22083
26 39 5.36945
26 40 0.22473
26 41 7.91555
26 42 3.26323
26 43 1.83974
26 44 4.96085
26 45 0.02778
26 46 2.44931
26 47 7.35172
26 48 4.98728
26 49 8.95724
26 50 7.12541
26 51 0.90502
26 52 2.88413
26 53 3.46589
26 54 5.51523
26 55 8.00885
26 56 8.98472
26 57 7.10735
26 58 8.01936
26 59 8.18943
26 60 1.30953
26 61 7.11165
26 62 6.24867
26 63 3.29372
26 64 0.66064
26 65 4.45986
26 66 2.7557
26 67 6.82726
26 68 7.88555
26 69 7.11289
26 70 7.59486
26 71 0.29712
26 72 6.7085
26 73 5.54905
26 74 8.27435
26 75 6.17979
26 76 0.95914
26 77 1.14458
26 78 6.23677
26 79 4.54214
26 80 6.02364
26 81 3.31607
26 82 6.16401
26 83 8.27944
26 84 1.15176
26 85 8.95928
26 86 5.88559
26 87 8.84511
26 88 2.39392
26 89 8.66759
26 90 8.85762
26 91 3.20745
26 92 8.42608
26 93 1.80078
26 94 5.5827
26 95 4.62025
26 96 0.3614
26 97 4.77005
26 98 7.03673
26 99 7.06619
27 28 8.48
27 29 3.05823
27 30 0.33463
27 31 5.83076
27 32 6.61648
27 33 1.92026
27 34 4.27928
27 35 3.28174
27 36 4.49862
27 37 3.30894
27 38 5.83506
27 39 1.73443
27 40 0.64363
27 41 8.80375
27 42 8.14984
27 43 7.90643
27 44 4.60948
27 45 1.26264
27 46 6.15432
27 47 3.62812
27 48 2.03194
27 49 6.52688
27 50 5.37438
27 51 6.66823
27 52 4.61331
27 53 7.51371
27 54 8.05395
27 55 1.67463
27 56 3.3128
27 57 6.10291
27 58 2.7634
27 59 0.30571
27 60 0.14429
27 61 8.1587
27 62 1.14119
27 63 7.4412
27 64 8.96704
27 65 2.35752
27 66 0.91646
27 67 4.60939
27 68 4.2797
27 69 4.33417
27 70 0.00026
27 71 3.72582
27 72 5.40808
27 73 2.68325
27 74 8.06348
27 75 4.89073
27 76 2.42878
27 77 4.38145
27 78 4.10293
27 79 4.10853
27 80 7.35396
27 81 0.05841
27 82 0.18311
27 83 4.67843
27 84 1.78784
27 85 1.16777
27 86 0.74475
27 87 0.03519
27 88 2.37832
27 89 8.42031
27 90 5.20918
27 91 8.08913
27 92 3.93073
27 93 5.65052
27 94 3.3992
27 95 1.76488
27 96 5.64127
27 97 1.21137
27 98 4.31071
27 99 2.67021
28 29 8.03782
28 30 8.94802
28 31 8.4679
28 32 1.20302
28 33 7.12378
28 34 8.95961
28 35 4.27578
28 36 0.11712
28 37 7.29512
28 38 2.68314
28 39 7.33261
28 40 3.60448
28 41 0.52488
28 42 1.7822
28 43 0.86818
28 44 6.74587
28 45 6.67849
28 46 7.79667
28 47 1.63136
28 48 2.87815
28 49 8.81642
28 50 2.29749
28 51 4.97116
28 52 2.62067
28 53 1.60764
28 54 1.06039
28 55 5.03699
28 56 0.9671
28 57 2.14356
28 58 5.73119
28 59 2.17858
28 60 4.63362
28 61 7.18082
28 62 5.25288
28 63 3.54113
28 64 4.04361
28 65 1.60905
28 66 4.3477
28 67 0.77503
28 68 2.74053
28 69 4.94081
28 70 1.76835
28 71 3.59727
28 72 3.69061
28 73 1.42412
28 74 6.60091
28 75 1.57993
28 76 7.59019
28 77 6.76273
28 78 5.97562
28 79 4.5119
28 80 2.79465
28 81 4.96759
28 82 5.01996
28 83 7.35777
28 84 7.77372
28 85 7.86114
28 86 6.53825
28 87 2.64767
28 88 6.32367
28 89 0.9487
28 90 7.17886
28 91 1.09502
28 92 5.93763
28 93 2.55236
28 94 6.99408
28 95 1.84934
28 96 8.04539
28 97 1.47385
28 98 1.17045
28 99 2.22364
29 30 0.17241
29 31 6.72243
29 32 8.12352
29 33 1.41469
29 34 2.61603
29 35 0.0893
29 36 1.95075
29 37 0.23529
29 38 4.94179
29 39 2.08246
29 40 6.26659
29 41 7.60614
29 42 1.94246
29 43 0.62513
29 44 6.04868
29 45 5.87884
29 46 8.56075
29 47 7.80214
29 48 4.5395
29 49 0.7353
29 50 0.71763
29 51 2.21721
29 52 0.82429
29 53 8.97973
29 54 7.15159
29 55 5.86426
29 56 3.81246
29 57 0.56753
29 58 7.75564
29 59 1.52414
29 60 8.76208
29 61 6.94637
29 62 4.4803
29 63 8.29006
29 64 2.04802
29 65 7.29461
29 66 1.08895
29 67 8.7186
29 68 2.22283
29 69 4.57307
29 70 3.53446
29 71 6.05028
29 72 3.35738
29 73 4.17898
29 74 6.1328
29 75 3.90562
29 76 3.93181
29 77 1.46134
29 78 1.88291
29 79 4.26704
29 80 5.58632
29 81 0.84716
29 82 8.47929
29 83 6.18132
29 84 1.28016
29 85 7.95183
29 86 7.816
29 87 7.97903
29 88 0.39843
29 89 4.99817
29 90 1.97765
29 91 4.88039
29 92 2.14353
29 93 4.86009
29 94 4.57314
29 95 3.58541
29 96 4.55048
29 97 7.62483
29 98 0.77134
29 99 5.29543
30 31 2.96843
30 32 2.99026
30 33 2.99816
30 34 7.57099
30 35 4.53268
30 36 3.68581
30 37 1.17361
30 38 2.56285
30 39 6.87494
30 40 8.34503
30 41 5.5361
30 42 2.95696
30 43 3.50374
30 44 2.54256
30 45 6.76504
30 46 4.04846
30 47 1.97339
30 48 1.27445
30 49 8.05841
30 50 5.24016
30 51 0.91426
30 52 0.76762
30 53 7.89144
30 54 3.1921
30 55 7.87236
30 56 8.17448
30 57 8.78008
30 58 4.99986
30 59 6.56193
30 60 3.28238
30 61 3.711
30 62 1.21388
30 63 6.77009
30 64 6.81809
30 65 8.72945
30 66 6.86857
30 67 7.78396
30 68 6.50192
30 69 4.93287
30 70 1.67078
30 71 1.07209
30 72 3.11672
30 73 5.35887
30 74 7.14082
30 75 5.35313
30 76 1.91354
30 77 3.32286
30 78 4.57192
30 79 2.06018
30 80 6.88543
30 81 1.33717
30 82 5.2459
30 83 3.44024
30 84 8.48912
30 85 2.10718
30 86 5.78513
30 87 1.95008
30 88 0.34456
30 89 4.81946
30 90 0.09112
30 91 5.89002
30 92 3.09021
30 93 1.32197
30 94 1.20802
30 95 7.67266
30 96 8.72019
30 97 1.434
30 98 6.85772
30 99 1.6213
31 32 2.44692
31 33 5.51396
31 34 1.36165
31 35 5.84626
31 36 8.97191
31 37 5.09859
31 38 7.11759
31 39 8.34197
31 40 0.27888
31 41 2.61079
31 42 1.63977
31 43 7.96045
31 44 5.57694
31 45 2.08418
31 46 0.81818
31 47 3.31412
31 48 5.76004
31 49 5.55116
31 50 3.73854
31 51 8.95294
31 52 2.01541
31 53 3.88097
31 54 0.31567
31 55 8.33374
31 56 4.01828
31 57 4.16526
31 58 8.30406
31 59 1.85262
31 60 3.45026
31 61 5.7409
31 62 8.92648
31 63 2.45034
31 64 4.31434
31 65 1.32249
31 66 3.25943
31 67 3.36541
31 68 6.74971
31 69 8.11768
31 70 5.36001
31 71 4.8818
31 72 8.06325
31 73 1.75279
31 74 1.50494
31 75 2.03774
31 76 7.2153
31 77 0.59102
31 78 1.27903
31 79 0.45937
31 80 1.26539
31 81 2.84038
31 82 1.93029
31 83 2.89797
31 84 3.74678
31 85 7.02635
31 86 8.38282
31 87 8.6253
31 88 2.58703
31 89 8.45023
31 90 4.20605
31 91 5.68596
31 92 6.86897
31 93 3.6423
31 94 5.02114
31 95 4.99859
31 96 8.54313
31 97 0.27285
31 98 6.99964
31 99 8.41636
32 33 3.29636
32 34 7.94108
32 35 6.69438
32 36 0.70327
32 37 7.07109
32 38 7.08483
32 39 7.03385
32 40 3.71317
32 41 7.1638
32 42 3.59918
32 43 1.26125
32 44 5.30665
32 45 6.45956
32 46 7.49109
32 47 4.62224
32 48 6.6994
32 49 0.87338
32 50 1.23016
32 51 2.10395
32 52 3.48834
32 53 7.10627
32 54 0.22054
32 55 3.77159
32 56 4.66716
32 57 4.23188
32 58 8.09414
32 59 0.6831
32 60 8.39823
32 61 2.82188
32 62 6.21353
32 63 3.27139
32 64 2.4227
32 65 0.44565
32 66 6.30325
32 67 0.34761
32 68 2.76054
32 69 4.42518
32 70 1.57907
32 71 8.3273
32 72 4.71739
32 73 3.64375
32 74 7.4409
32 75 8.82171
32 76 7.66958
32 77 0.25842
32 78 1.23946
32 79 4.53901
32 80 6.8804
32 81 2.41679
32 82 6.85444
32 83 4.04477
32 84 6.75128
32 85 2.1244
32 86 4.45642
32 87 4.18305
32 88 5.78534
32 89 8.39432
32 90 2.69843
32 91 8.17293
32 92 6.43796
32 93 1.90276
32 94 1.55989
32 95 6.37947
32 96 1.25051
32 97 4.73708
32 98 1.47963
32 99 2.22762
33 34 7.18316
33 35 1.33273
33 36 3.47408
33 37 2.67628
33 38 1.17861
33 39 2.83699
33 40 0.8788
33 41 4.77982
33 42 7.45337
33 43 5.50399
33 44 1.65207
33 45 2.31461
33 46 1.99715
33 47 7.74883
33 48 5.7252
33 49 2.41338
33 50 2.29611
33 51 2.68615
33 52 4.54774
33 53 3.82666
33 54 0.5135
33 55 0.37679
33 56 7.93413
33 57 3.59855
33 58 8.15569
33 59 7.50119
33 60 8.23975
33 61 0.39885
33 62 7.69231
33 63 6.78048
33 64 4.88762
33 65 5.29148
33 66 5.87166
33 67 5.905
33 68 1.48519
33 69 4.95496
33 70 4.85526
33 71 1.29114
33 72 0.28974
33 73 8.85565
33 74 8.63795
33 75 6.70068
33 76 3.84926
33 77 4.02921
33 78 6.99588
33 79 4.95449
33 80 3.67107
33 81 8.53385
33 82 3.90685
33 83 3.79835
33 84 4.42049
33 85 8.26168
33 86 0.09969
33 87 8.21401
33 88 7.5354
33 89 7.49716
33 90 6.75341
33 91 3.91467
33 92 0.60543
33 93 7.80725
33 94 1.82299
33 95 7.02024
33 96 0.10134
33 97 8.96848
33 98 6.01184
33 99 3.45786
34 35 4.7973
34 36 8.91758
34 37 5.52954
34 38 2.38934
34 39 5.1813
34 40 1.2399
34 41 6.40758
34 42 5.70069
34 43 7.40016
34 44 4.09382
34 45 2.35852
34 46 3.92439
34 47 5.32261
34 48 7.00832
34 49 3.97763
34 50 4.00563
34 51 3.07651
34 52 8.54737
34 53 1.5758
34 54 2.81648
34 55 6.84522
34 56 3.38993
34 57 4.779
34 58 5.41599
34 59 7.8529
34 60 1.9859
34 61 7.91015
34 62 4.61355
34 63 2.74083
34 64 5.03301
34 65 2.62546
34 66 6.21225
34 67 5.30846
34 68 8.75265
34 69 5.83396
34 70 2.18744
34 71 6.7573
34 72 2.57455
34 73 6.81212
34 74 5.47537
34 75 7.82111
34 76 4.58573
34 77 0.7583
34 78 0.10222
34 79 5.15937
34 80 5.90042
34 81 2.71933
34 82 6.13325
34 83 7.36583
34 84 2.58728
34 85 1.46356
34 86 3.12717
34 87 0.94447
34 88 8.7329
34 89 0.57828
34 90 8.97192
34 91 1.14125
34 92 1.51513
34 93 6.89863
34 94 8.24963
34 95 8.19913
34 96 7.94136
34 97 4.50171
34 98 6.01054
34 99 8.30307
35 36 2.34067
35 37 0.56292
35 38 7.58283
35 39 2.92066
35 40 8.1748
35 41 3.48873
35 42 5.25117
35 43 0.12898
35 44 0.38999
35 45 3.48683
35 46 1.72182
35 47 7.96497
35 48 5.30938
35 49 4.40031
35 50 7.56228
35 51 7.4553
35 52 2.99792
35 53 2.91402
35 54 7.38752
35 55 0.83716
35 56 3.13907
35 57 8.74304
35 58 7.21763
35 59 6.35484
35 60 4.6893
35 61 3.68237
35 62 5.74001
35 63 5.3334
35 64 2.37375
35 65 3.92525
35 66 1.95786
35 67 8.1182
35 68 2.46194
35 69 8.82725
35 70 0.63444
35 71 3.38278
35 72 4.42953
35 73 6.14623
35 74 7.83773
35 75 0.55673
35 76 3.68949
35 77 2.91703
35 78 4.34392
35 79 5.06241
35 80 8.93463
35 81 5.73992
35 82 5.75925
35 83 5.07898
35 84 4.27787
35 85 3.62666
35 86 0.21507
35 87 7.13309
35 88 4.4358
35 89 3.07037
35 90 1.66624
35 91 6.00375
35 92 3.61213
35 93 1.77531
35 94 4.85872
35 95 1.44827
35 96 5.61817
35 97 1.78604
35 98 7.06849
35 99 7.41707
36 37 4.71692
36 38 1.03312
36 39 3.84588
36 40 0.92342
36 41 7.36023
36 42 3.64827
36 43 5.23889
36 44 7.69515
36 45 1.40107
36 46 2.95538
36 47 3.35625
36 48 3.76081
36 49 1.40717
36 50 2.94873
36 51 4.32376
36 52 1.89365
36 53 4.42214
36 54 7.30707
36 55 4.43032
36 56 4.87345
36 57 1.79074
36 58 1.42693
36 59 7.47992
36 60 7.81321
36 61 4.8062
36 62 1.60701
36 63 8.13307
36 64 4.09116
36 65 0.59428
36 66 4.38797
36 67 6.12611
36 68 2.27501
36 69 5.28619
36 70 1.23688
36 71 4.95994
36 72 8.72863
36 73 5.7133
36 74 8.04377
36 75 6.39707
36 76 6.58875
36 77 4.86535
36 78 2.33181
36 79 0.32303
36 80 6.05325
36 81 2.73233
36 82 7.44155
36 83 2.68188
36 84 0.39167
36 85 7.58127
36 86 7.85004
36 87 1.56972
36 88 1.8672
36 89 7.38132
36 90 0.049
36 91 2.07595
36 92 6.90297
36 93 5.20609
36 94 8.1231
36 95 3.07261
36 96 3.77331
36 97 4.22664
36 98 1.75867
36 99 2.77956
37 38 7.76498
37 39 8.63584
37 40 2.01724
37 41 0.35947
37 42 2.09831
37 43 5.62272
37 44 1.80579
37 45 0.22004
37 46 4.58301
37 47 5.26563
37 48 0.26403
37 49 7.29264
37 50 5.20893
37 51 1.53759
37 52 6.36419
37 53 6.39025
37 54 4.11059
37 55 8.92328
37 56 1.64669
37 57 8.2963
37 58 2.44314
37 59 7.45368
37 60 4.54984
37 61 2.48822
37 62 3.59132
37 63 8.64904
37 64 7.2397
37 65 4.753
37 66 0.81498
37 67 3.61911
37 68 1.39065
37 69 5.65965
37 70 6.93065
37 71 7.3177
37 72 4.98431
37 73 8.28421
37 74 0.98852
37 75 0.07851
37 76 2.75826
37 77 1.64351
37 78 1.46495
37 79 2.86642
37 80 8.19008
37 81 4.63606
37 82 8.47409
37 83 3.53669
37 84 2.64177
37 85 3.03857
37 86 0.68326
37 87 1.18528
37 88 7.36652
37 89 7.83866
37 90 2.10487
37 91 4.64226
37 92 7.80317
37 93 8.12231
37 94 2.1582
37 95 3.71047
37 96 1.54695
37 97 8.77516
37 98 0.34202
37 99 7.95497
38 39 0.32011
38 40 6.10842
38 41 0.8055
38 42 2.66604
38 43 7.67241
38 44 3.31385
38 45 7.2987
38 46 8.92859
38 47 5.75823
38 48 1.38411
38 49 8.04207
38 50 5.04397
38 51 5.77518
38 52 2.41411
38 53 8.37369
38 54 5.6186
38 55 8.41391
38 56 7.01663
38 57 2.93348
38 58 4.74743
38 59 3.35615
38 60 4.62258
38 61 1.43072
38 62 6.9194
38 63 1.71674
38 64 6.21259
38 65 7.81643
38 66 4.44241
38 67 8.4244
38 68 1.99121
38 69 7.34604
38 70 7.20125
38 71 2.28211
38 72 6.90466
38 73 7.2233
38 74 4.99775
38 75 8.43719
38 76 5.5818
38 77 4.03055
38 78 3.26598
38 79 5.82601
38 80 5.57475
38 81 7.18578
38 82 5.47017
38 83 2.13509
38 84 0.91433
38 85 8.97225
38 86 5.1436
38 87 0.00799
38 88 2.12606
38 89 2.31871
38 90 5.02449
38 91 1.79515
38 92 2.23173
38 93 0.69762
38 94 4.87476
38 95 8.1172
38 96 1.99455
38 97 2.10015
38 98 3.51372
38 99 2.28453
39 40 8.76451
39 41 5.4602
39 42 1.58404
39 43 3.17641
39 44 6.79654
39 45 5.50384
39 46 4.18082
39 47 2.95668
39 48 1.46403
39 49 0.79502
39 50 6.54301
39 51 4.66948
39 52 1.04515
39 53 3.64145
39 54 4.11265
39 55 2.2343
39 56 2.04977
39 57 4.78679
39 58 1.61889
39 59 8.08929
39 60 3.13029
39 61 4.8274
39 62 8.42977
39 63 1.05733
39 64 0.76439
39 65 1.46195
39 66 3.6311
39 67 4.65362
39 68 1.49226
39 69 7.6085
39 70 4.18094
39 71 8.00651
39 72 1.81329
39 73 4.62469
39 74 5.18019
39 75 0.25645
39 76 5.07214
39 77 8.58948
39 78 0.23502
39 79 2.79645
39 80 0.01104
39 81 1.1653
39 82 5.18921
39 83 1.89082
39 84 8.85424
39 85 4.67458
39 86 5.1817
39 87 5.3386
39 88 3.65513
39 89 3.5587
39 90 6.52554
39 91 7.31265
39 92 2.66544
39 93 1.54936
39 94 2.22343
39 95 1.38713
39 96 4.87221
39 97 2.31086
39 98 2.74168
39 99 4.81401
40 41 2.94791
40 42 2.2188
40 43 2.60558
40 44 6.28279
40 45 8.08538
40 46 8.68992
40 47 2.35535
40 48 8.56358
40 49 4.86838
40 50 3.85424
40 51 7.75923
40 52 4.36585
40 53 7.23279
40 54 6.42318
40 55 8.71451
40 56 5.49033
40 57 6.63195
40 58 2.13582
40 59 3.41227
40 60 4.12578
40 61 6.78454
40 62 3.07475
40 63 6.81902
40 64 5.45424
40 65 5.00642
40 66 4.00433
40 67 2.04397
40 68 3.98513
40 69 7.92853
40 70 5.38301
40 71 4.23024
40 72 4.97877
40 73 6.8259
40 74 6.12558
40 75 3.16428
40 76 1.42921
40 77 6.02586
40 78 7.57968
40 79 2.54038
40 80 7.0158
40 81 7.5186
40 82 5.02792
40 83 3.81869
40 84 1.50502
40 85 1.8881
40 86 2.47033
40 87 5.15054
40 88 7.06045
40 89 1.71736
40 90 0.69619
40 91 0.247
40 92 5.15384
40 93 0.11404
40 94 5.70153
40 95 1.08302
40 96 8.84681
40 97 0.37301
40 98 2.96492
40 99 6.09124
41 42 4.43762
41 43 2.38924
41 44 0.92687
41 45 4.36219
41 46 7.54409
41 47 5.30675
41 48 1.97795
41 49 5.63711
41 50 5.11804
41 51 1.38678
41 52 2.7245
41 53 0.55773
41 54 6.53718
41 55 3.14267
41 56 1.68103
41 57 0.69337
41 58 1.61969
41 59 0.94563
41 60 1.04174
41 61 1.79166
41 62 5.00922
41 63 0.73179
41 64 3.6845
41 65 5.25207
41 66 7.72162
41 67 0.67709
41 68 1.29708
41 69 6.5114
41 70 3.61307
41 71 0.17081
41 72 7.34508
41 73 5.8908
41 74 1.31566
41 75 4.19697
41 76 6.4342
41 77 2.7316
41 78 0.61789
41 79 6.63856
41 80 4.03269
41 81 7.34093
41 82 7.81847
41 83 8.10704
41 84 0.92099
41 85 0.80007
41 86 2.83449
41 87 7.50021
41 88 5.24984
41 89 2.08778
41 90 5.58259
41 91 7.21157
41 92 1.37167
41 93 1.27542
41 94 5.76209
41 95 2.64395
41 96 2.70598
41 97 7.98376
41 98 6.28798
41 99 5.62771
42 43 1.14656
42 44 0.04476
42 45 3.94791
42 46 7.03133
42 47 6.88808
42 48 6.10994
42 49 1.54254
42 50 5.16437
42 51 3.87803
42 52 1.80768
42 53 2.19561
42 54 0.37696
42 55 5.32857
42 56 8.36543
42 57 6.07438
42 58 7.67064
42 59 4.251
42 60 2.90226
42 61 8.84206
42 62 3.01705
42 63 6.95497
42 64 0.24377
42 65 8.46381
42 66 3.13446
42 67 5.81288
42 68 7.8582
42 69 3.95921
42 70 0.36511
42 71 7.07213
42 72 8.39463
42 73 6.37214
42 74 5.44897
42 75 4.98571
42 76 2.08236
42 77 4.34484
42 78 6.17547
42 79 5.53274
42 80 7.27761
42 81 1.45899
42 82 0.79442
42 83 5.4838
42 84 3.18469
42 85 4.1056
42 86 7.76443
42 87 6.31879
42 88 4.10469
42 89 8.27302
42 90 4.94273
42 91 3.21155
42 92 4.2954
42 93 5.81026
42 94 2.26898
42 95 5.79732
42 96 6.45453
42 97 0.55193
42 98 5.32015
42 99 2.43857
43 44 4.33126
43 45 6.86431
43 46 0.92248
43 47 1.11274
43 48 5.38271
43 49 0.47279
43 50 3.64326
43 51 5.75756
43 52 4.73629
43 53 8.85044
43 54 4.81119
43 55 2.96928
43 56 3.61373
43 57 1.49995
43 58 0.60811
43 59 3.62009
43 60 4.04902
43 61 7.14116
43 62 4.22882
43 63 7.00708
43 64 3.00288
43 65 3.41631
43 66 0.31963
43 67 7.92473
43 68 8.14133
43 69 6.23864
43 70 3.23358
43 71 2.78111
43 72 0.57155
43 73 5.32282
43 74 1.47631
43 75 8.77149
43 76 2.53464
43 77 1.73448
43 78 8.16528
43 79 4.71329
43 80 1.88237
43 81 5.62487
43 82 3.17389
43 83 4.72485
43 84 2.40933
43 85 5.8801
43 86 4.5886
43 87 3.05957
43 88 6.14231
43 89 4.43619
43 90 2.66235
43 91 6.25157
43 92 2.78871
43 93 5.5767
43 94 8.28163
43 95 2.38996
43 96 4.92665
43 97 5.48019
43 98 2.91782
43 99 3.05202
44 45 0.38099
44 46 3.66771
44 47 3.42687
44 48 6.11567
44 49 0.30465
44 50 8.25418
44 51 7.71354
44 52 6.37815
44 53 4.64497
44 54 1.58812
44 55 1.17326
44 56 4.5714
44 57 0.57634
44 58 1.4347
44 59 0.16086
44 60 0.87031
44 61 1.51066
44 62 8.66306
44 63 4.76741
44 64 3.67685
44 65 6.07405
44 66 2.55377
44 67 3.64908
44 68 5.30473
44 69 1.96551
44 70 6.77126
44 71 5.62038
44 72 8.44627
44 73 2.92451
44 74 5.25061
44 75 8.68411
44 76 7.57126
44 77 4.29198
44 78 4.86419
44 79 1.50828
44 80 0.47684
44 81 3.51424
44 82 0.96334
44 83 4.12033
44 84 5.93785
44 85 1.72064
44 86 8.79548
44 87 1.07034
44 88 3.25848
44 89 3.52411
44 90 6.09129
44 91 3.70388
44 92 1.77115
44 93 3.70507
44 94 2.12986
44 95 6.07702
44 96 1.41305
44 97 0.90832
44 98 0.61944
44 99 8.35941
45 46 5.07796
45 47 1.21456
45 48 0.00418
45 49 6.34672
45 50 3.93817
45 51 5.22784
45 52 8.60265
45 53 6.43294
45 54 0.57297
45 55 0.9063
45 56 6.46575
45 57 4.5228
45 58 6.55485
45 59 2.6161
45 60 5.70847
45 61 4.80633
45 62 4.99127
45 63 2.14786
45 64 7.26222
45 65 6.79066
45 66 6.84718
45 67 8.96289
45 68 5.36541
45 69 3.63469
45 70 4.32982
45 71 8.7381
45 72 5.85597
45 73 2.5074
45 74 0.2261
45 75 5.89882
45 76 4.28162
45 77 1.06785
45 78 3.53557
45 79 0.7713
45 80 0.23855
45 81 4.72905
45 82 1.99904
45 83 2.0552
45 84 7.02234
45 85 2.47614
45 86 0.10746
45 87 4.76585
45 88 1.5527
45 89 3.24148
45 90 2.65827
45 91 1.60621
45 92 3.93986
45 93 5.76824
45 94 6.73811
45 95 5.0566
45 96 3.15158
45 97 3.20476
45 98 4.44511
45 99 1.35289
46 47 3.81497
46 48 8.71116
46 49 4.36004
46 50 5.81108
46 51 3.74812
46 52 7.01812
46 53 5.22225
46 54 5.59591
46 55 7.85356
46 56 1.95507
46 57 3.04138
46 58 4.38835
46 59 5.46661
46 60 4.07637
46 61 4.99874
46 62 7.48995
46 63 3.50091
46 64 0.2051
46 65 1.11665
46 66 2.28224
46 67 8.34464
46 68 7.85355
46 69 1.42925
46 70 3.68484
46 71 6.38929
46 72 3.12111
46 73 1.94579
46 74 0.7098
46 75 0.72227
46 76 2.91455
46 77 0.61615
46 78 0.06746
46 79 1.77765
46 80 8.72306
46 81 2.9878
46 82 4.73178
46 83 2.24932
46 84 7.76871
46 85 0.38201
46 86 5.58952
46 87 2.38293
46 88 0.61
46 89 4.58189
46 90 3.39734
46 91 2.68277
46 92 6.87903
46 93 8.12343
46 94 6.90051
46 95 3.29039
46 96 3.08592
46 97 4.59035
46 98 1.24521
46 99 4.96306
47 48 6.42017
47 49 2.01549
47 50 2.59203
47 51 7.42973
47 52 5.59707
47 53 1.58082
47 54 7.57423
47 55 3.88204
47 56 0.68429
47 57 6.75475
47 58 7.84635
47 59 2.49123
47 60 1.9575
47 61 5.84485
47 62 1.08669
47 63 7.16792
47 64 3.09769
47 65 4.59479
47 66 2.73932
47 67 0.68664
47 68 6.09801
47 69 3.71464
47 70 2.57784
47 71 4.52123
47 72 7.29892
47 73 3.59913
47 74 8.86009
47 75 4.80829
47 76 7.35541
47 77 7.3484
47 78 5.37408
47 79 2.22742
47 80 8.87578
47 81 6.08302
47 82 8.31459
47 83 3.51544
47 84 0.35229
47 85 8.67079
47 86 6.40004
47 87 1.86637
47 88 4.45736
47 89 2.19958
47 90 5.81091
47 91 7.86225
47 92 8.76217
47 93 5.50299
47 94 1.44748
47 95 2.94765
47 96 3.41902
47 97 6.49636
47 98 7.13284
47 99 5.26659
48 49 8.06358
48 50 0.2988
48 51 8.41006
48 52 0.12022
48 53 4.22035
48 54 8.4918
48 55 1.74302
48 56 8.43126
48 57 2.38942
48 58 7.58662
48 59 4.85852
48 60 5.09351
48 61 4.26218
48 62 6.03457
48 63 1.33571
48 64 0.56247
48 65 6.36108
48 66 5.43614
48 67 7.03262
48 68 8.19338
48 69 2.89133
48 70 8.89737
48 71 7.45244
48 72 1.35642
48 73 3.44232
48 74 6.17501
48 75 7.68981
48 76 1.08788
48 77 5.26765
48 78 3.83979
48 79 8.61533
48 80 5.14377
48 81 6.25423
48 82 6.30983
48 83 2.75244
48 84 8.45439
48 85 1.15052
48 86 0.12927
48 87 4.60589
48 88 1.70705
48 89 3.73531
48 90 5.24128
48 91 2.23761
48 92 8.2037
48 93 1.32105
48 94 4.37394
48 95 5.98521
48 96 0.15208
48 97 7.62562
48 98 5.91257
48 99 4.77213
49 50 4.57959
49 51 5.42515
49 52 4.58831
49 53 5.42528
49 54 8.85089
49 55 7.0855
49 56 5.52621
49 57 6.0173
49 58 4.89721
49 59 1.62481
49 60 0.88816
49 61 8.69739
49 62 7.22749
49 63 1.59054
49 64 2.55884
49 65 3.84796
49 66 3.47807
49 67 6.97974
49 68 3.35986
49 69 7.30593
49 70 8.73949
49 71 0.24547
49 72 6.78487
49 73 4.65059
49 74 6.42829
49 75 3.42036
49 76 6.28722
49 77 5.24484
49 78 4.05176
49 79 0.94967
49 80 7.70833
49 81 1.45415
49 82 3.11262
49 83 1.08803
49 84 5.23218
49 85 2.89876
49 86 2.6345
49 87 6.60833
49 88 6.92265
49 89 7.14974
49 90 0.51818
49 91 8.00954
49 92 5.52963
49 93 8.24231
49 94 0.31692
49 95 6.53685
49 96 7.04442
49 97 8.94191
49 98 3.30816
49 99 8.99598
50 51 5.60961
50 52 4.35704
50 53 1.82039
50 54 4.18358
50 55 0.18026
50 56 6.58935
50 57 8.39448
50 58 1.33669
50 59 3.63576
50 60 3.11011
50 61 8.2279
50 62 7.41405
50 63 6.98931
50 64 3.96062
50 65 4.62318
50 66 1.15781
50 67 0.54973
50 68 0.07325
50 69 4.74712
50 70 7.55465
50 71 4.33974
50 72 1.98809
50 73 3.1892
50 74 5.91166
50 75 1.67516
50 76 4.32737
50 77 1.4722
50 78 2.81245
50 79 8.76535
50 80 8.42486
50 81 7.66952
50 82 6.98161
50 83 8.80719
50 84 3.81911
50 85 5.86679
50 86 5.28455
50 87 0.1843
50 88 0.04895
50 89 6.37959
50 90 4.24707
50 91 2.76885
50 92 0.0667
50 93 8.3454
50 94 2.9062
50 95 4.19956
50 96 6.34024
50 97 2.26457
50 98 2.81567
50 99 1.76878
51 52 4.64353
51 53 8.74155
51 54 2.66288
51 55 8.63984
51 56 2.33696
51 57 6.87049
51 58 2.44886
51 59 1.72249
51 60 8.09969
51 61 0.85053
51 62 1.62237
51 63 5.4954
51 64 5.81807
51 65 2.55579
51 66 0.78483
51 67 1.59356
51 68 3.92613
51 69 5.23742
51 70 5.38299
51 71 2.46879
51 72 5.09969
51 73 5.77084
51 74 5.77905
51 75 8.17926
51 76 7.83469
51 77 7.85028
51 78 0.46399
51 79 3.12705
51 80 6.97678
51 81 6.45647
51 82 5.01941
51 83 4.31597
51 84 4.51078
51 85 0.35845
51 86 4.31999
51 87 1.36103
51 88 5.0081
51 89 0.98349
51 90 1.29481
51 91 0.1704
51 92 7.14848
51 93 1.62156
51 94 7.56757
51 95 6.09766
51 96 3.43795
51 97 0.62688
51 98 0.28987
51 99 0.11256
52 53 3.35548
52 54 5.68663
52 55 1.12365
52 56 1.08153
52 57 2.3554
52 58 3.44825
52 59 1.39161
52 60 4.40801
52 61 5.49784
52 62 2.63832
52 63 6.11363
52 64 7.13106
52 65 7.4908
52 66 2.76052
52 67 2.2195
52 68 7.26801
52 69 6.13263
52 70 1.23572
52 71 0.63758
52 72 2.84774
52 73 1.17139
52 74 3.72505
52 75 1.38221
52 76 1.39957
52 77 7.50263
52 78 2.64326
52 79 2.61198
52 80 4.04113
52 81 6.84289
52 82 6.16071
52 83 2.72423
52 84 0.69934
52 85 2.1572
52 86 7.33253
52 87 4.78764
52 88 3.87674
52 89 8.72529
52 90 8.4121
52 91 7.78222
52 92 2.64994
52 93 7.5581
52 94 5.76705
52 95 5.44616
52 96 5.90213
52 97 8.02187
52 98 3.31199
52 99 4.70409
53 54 2.90211
53 55 1.67618
53 56 1.70251
53 57 3.30823
53 58 3.61927
53 59 6.11606
53 60 4.59747
53 61 2.10012
53 62 3.49532
53 63 0.64898
53 64 3.3241
53 65 3.33768
53 66 2.33336
53 67 4.35909
53 68 6.48129
53 69 6.33896
53 70 8.32798
53 71 4.75744
53 72 6.23937
53 73 4.59108
53 74 3.67397
53 75 3.19484
53 76 1.73327
53 77 1.24296
53 78 1.70585
53 79 3.51407
53 80 5.68257
53 81 5.5439
53 82 6.19253
53 83 0.8984
53 84 6.9484
53 85 8.14497
53 86 8.10598
53 87 7.71666
53 88 7.27337
53 89 7.86501
53 90 4.56774
53 91 0.08185
53 92 5.62807
53 93 7.59813
53 94 4.30449
53 95 1.59262
53 96 3.61812
53 97 4.24432
53 98 5.29417
53 99 7.16393
54 55 7.86885
54 56 4.31684
54 57 6.29652
54 58 3.54552
54 59 3.3684
54 60 5.0959
54 61 2.476
54 62 8.76429
54 63 4.32427
54 64 4.01648
54 65 1.9021
54 66 2.0996
54 67 1.39838
54 68 3.92777
54 69 4.64421
54 70 7.69223
54 71 7.64866
54 72 6.82029
54 73 4.0862
54 74 1.89466
54 75 2.70534
54 76 0.67811
54 77 7.661
54 78 7.13583
54 79 8.74882
54 80 6.14163
54 81 0.05901
54 82 0.81265
54 83 6.35308
54 84 7.00125
54 85 3.11038
54 86 8.81524
54 87 7.99785
54 88 8.60553
54 89 6.76709
54 90 4.66083
54 91 5.34824
54 92 4.90176
54 93 0.48753
54 94 3.47843
54 95 5.23417
54 96 3.84899
54 97 2.28076
54 98 2.31735
54 99 8.18587
55 56 7.79127
55 57 6.76325
55 58 5.08616
55 59 4.91114
55 60 0.74196
55 61 6.87578
55 62 1.9735
55 63 6.97875
55 64 3.11707
55 65 6.26298
55 66 4.55563
55 67 6.8335
55 68 5.80765
55 69 6.26265
55 70 0.41237
55 71 6.32638
55 72 3.02705
55 73 4.22008
55 74 7.57889
55 75 7.66325
55 76 6.87914
55 77 4.4352
55 78 2.79563
55 79 0.76605
55 80 2.93677
55 81 1.07275
55 82 8.21789
55 83 5.6952
55 84 4.51164
55 85 2.85094
55 86 7.77708
55 87 7.46858
55 88 8.75314
55 89 4.3744
55 90 2.43816
55 91 1.6312
55 92 1.01657
55 93 4.35224
55 94 1.26911
55 95 0.61497
55 96 8.58115
55 97 3.22893
55 98 0.8102
55 99 3.25861
56 57 7.55521
56 58 3.54162
56 59 4.99648
56 60 4.36591
56 61 8.05291
56 62 0.02406
56 63 1.66569
56 64 2.29169
56 65 7.54604
56 66 8.94134
56 67 4.58828
56 68 7.46603
56 69 8.10091
56 70 0.60936
56 71 6.71452
56 72 2.48416
56 73 0.54142
56 74 4.57445
56 75 8.94833
56 76 1.89462
56 77 1.2349
56 78 5.06187
56 79 5.77324
56 80 5.68952
56 81 8.00758
56 82 8.42561
56 83 7.26649
56 84 6.16565
56 85 7.15977
56 86 1.6779
56 87 0.61402
56 88 4.48487
56 89 5.77915
56 90 4.11525
56 91 0.97241
56 92 3.4831
56 93 4.35495
56 94 2.76302
56 95 3.54025
56 96 1.77502
56 97 7.92467
56 98 1.89998
56 99 2.16188
57 58 8.04666
57 59 7.77075
57 60 7.89641
57 61 2.85137
57 62 1.47572
57 63 1.81259
57 64 7.84774
57 65 7.19511
57 66 6.16421
57 67 5.7151
57 68 5.52805
57 69 4.97147
57 70 5.09681
57 71 5.86594
57 72 4.5334
57 73 2.68094
57 74 2.97243
57 75 0.97442
57 76 6.98561
57 77 5.25204
57 78 6.60659
57 79 4.57956
57 80 1.43642
57 81 4.40181
57 82 1.1266
57 83 8.69937
57 84 1.52992
57 85 1.27177
57 86 7.28289
57 87 7.29113
57 88 4.67884
57 89 4.18591
57 90 7.85847
57 91 3.78856
57 92 0.11832
57 93 5.05194
57 94 0.47848
57 95 1.87332
57 96 6.83162
57 97 1.81817
57 98 7.25616
57 99 5.99484
58 59 2.71105
58 60 4.4329
58 61 2.99863
58 62 7.17814
58 63 7.67125
58 64 7.47856
58 65 2.26125
58 66 0.04856
58 67 5.75226
58 68 3.56242
58 69 8.49232
58 70 1.97102
58 71 7.61804
58 72 7.58015
58 73 8.45272
58 74 1.56408
58 75 7.31253
58 76 8.47187
58 77 2.2899
58 78 1.27811
58 79 7.54969
58 80 1.27593
58 81 5.32038
58 82 3.02049
58 83 1.42189
58 84 7.728
58 85 6.97697
58 86 0.68961
58 87 0.21658
58 88 7.0371
58 89 8.1288
58 90 5.49422
58 91 4.77209
58 92 5.18718
58 93 1.93536
58 94 3.67528
58 95 5.22592
58 96 5.46566
58 97 7.55132
58 98 5.21921
58 99 7.034
59 60 8.52149
59 61 6.2187
59 62 0.76218
59 63 1.91186
59 64 6.94843
59 65 8.01376
59 66 1.42892
59 67 0.4533
59 68 1.97291
59 69 1.92123
59 70 2.23123
59 71 5.14805
59 72 6.2299
59 73 8.16393
59 74 2.96335
59 75 1.83361
59 76 8.28589
59 77 6.69455
59 78 7.86989
59 79 1.44227
59 80 0.46361
59 81 8.01177
59 82 2.01455
59 83 1.20381
59 84 5.84489
59 85 6.92455
59 86 2.68645
59 87 6.33233
59 88 3.41151
59 89 8.1375
59 90 8.71871
59 91 7.47189
59 92 2.21927
59 93 7.2332
59 94 8.82768
59 95 1.63621
59 96 3.65148
59 97 1.05436
59 98 5.02458
59 99 2.66487
60 61 8.15594
60 62 2.10889
60 63 3.58189
60 64 4.41494
60 65 3.47613
60 66 3.0175
60 67 2.9118
60 68 1.13614
60 69 5.96587
60 70 0.68002
60 71 2.79474
60 72 2.47331
60 73 4.78361
60 74 8.59298
60 75 0.5293
60 76 6.06979
60 77 0.49082
60 78 8.05283
60 79 7.90458
60 80 7.58273
60 81 3.89792
60 82 8.10244
60 83 4.73126
60 84 2.88827
60 85 6.42091
60 86 8.63559
60 87 1.76904
60 88 5.60955
60 89 1.68902
60 90 4.20795
60 91 2.30625
60 92 3.86248
60 93 0.93937
60 94 4.59119
60 95 4.90872
60 96 8.26774
60 97 1.33358
60 98 3.82528
60 99 2.56618
61 62 1.54721
61 63 8.19468
61 64 0.83105
61 65 8.25035
61 66 8.3499
61 67 2.15386
61 68 4.55932
61 69 5.03065
61 70 4.89079
61 71 2.36722
61 72 2.90513
61 73 7.98504
61 74 8.88081
61 75 8.86429
61 76 7.19434
61 77 4.93096
61 78 6.20365
61 79 1.15161
61 80 6.12526
61 81 2.21643
61 82 0.5963
61 83 8.79958
61 84 7.74554
61 85 4.32273
61 86 4.83945
61 87 4.25228
61 88 2.1503
61 89 7.84934
61 90 5.53562
61 91 0.02679
61 92 5.17667
61 93 4.30895
61 94 4.98979
61 95 5.04532
61 96 0.32281
61 97 2.74068
61 98 6.68297
61 99 1.43672
62 63 3.18479
62 64 7.67352
62 65 6.97137
62 66 7.51027
62 67 3.43968
62 68 8.90112
62 69 8.82679
62 70 8.11835
62 71 0.7135
62 72 5.41168
62 73 4.13103
62 74 4.82298
62 75 2.98491
62 76 1.06523
62 77 1.85592
62 78 0.91326
62 79 4.09449
62 80 2.75519
62 81 0.46681
62 82 2.37081
62 83 8.75806
62 84 8.25828
62 85 5.65532
62 86 2.06493
62 87 3.51845
62 88 0.41883
62 89 8.91878
62 90 1.02729
62 91 3.18233
62 92 0.04513
62 93 1.58556
62 94 8.60527
62 95 6.89419
62 96 1.90687
62 97 0.16698
62 98 2.07578
62 99 5.23415
63 64 0.68574
63 65 4.9047
63 66 3.19914
63 67 0.24742
63 68 8.91233
63 69 0.62903
63 70 3.70194
63 71 5.95544
63 72 4.22748
63 73 7.34604
63 74 0.67138
63 75 7.86973
63 76 5.8577
63 77 3.47789
63 78 1.0572
63 79 0.58855
63 80 7.94942
63 81 0.05914
63 82 6.85189
63 83 1.45127
63 84 7.59567
63 85 2.43116
63 86 0.97642
63 87 6.24057
63 88 7.65641
63 89 3.54607
63 90 2.54321
63 91 4.24618
63 92 8.27987
63 93 5.55291
63 94 3.09086
63 95 4.28193
63 96 6.7003
63 97 3.94274
63 98 2.54962
63 99 8.16189
64 65 8.0642
64 66 7.39016
64 67 4.37602
64 68 8.01109
64 69 1.04487
64 70 1.57959
64 71 6.94274
64 72 8.27434
64 73 5.40513
64 74 5.09464
64 75 6.90982
64 76 7.02722
64 77 0.57696
64 78 1.48202
64 79 7.25363
64 80 0.52143
64 81 5.08694
64 82 5.82723
64 83 4.60513
64 84 1.33039
64 85 1.89458
64 86 5.98308
64 87 2.26242
64 88 2.35155
64 89 3.97484
64 90 8.53051
64 91 0.0514
64 92 8.42233
64 93 4.9747
64 94 5.45467
64 95 5.70251
64 96 4.06517
64 97 0.17611
64 98 1.58818
64 99 1.76019
65 66 4.54427
65 67 7.26093
65 68 8.39725
65 69 6.86814
65 70 0.52515
65 71 6.89998
65 72 2.75657
65 73 8.15524
65 74 8.3493
65 75 0.60002
65 76 8.26875
65 77 0.3014
65 78 8.4284
65 79 3.82913
65 80 8.03028
65 81 1.34576
65 82 8.302
65 83 6.2306
65 84 3.04892
65 85 0.16886
65 86 4.28004
65 87 3.4511
65 88 1.57686
65 89 8.7144
65 90 3.32398
65 91 7.29891
65 92 0.58001
65 93 1.24554
65 94 5.45111
65 95 0.21894
65 96 6.62972
65 97 3.9959
65 98 5.37285
65 99 2.37906
66 67 6.07038
66 68 6.33984
66 69 6.24513
66 70 5.07666
66 71 2.2494
66 72 2.60125
66 73 5.82539
66 74 0.80472
66 75 4.24101
66 76 0.62711
66 77 1.40899
66 78 1.24604
66 79 4.65955
66 80 4.58633
66 81 8.8078
66 82 5.71822
66 83 1.57799
66 84 4.10836
66 85 0.88362
66 86 3.99372
66 87 7.46981
66 88 7.52389
66 89 8.32911
66 90 5.26191
66 91 4.80346
66 92 2.14758
66 93 0.02173
66 94 5.17795
66 95 8.14479
66 96 3.81444
66 97 8.40192
66 98 0.17567
66 99 1.07921
67 68 8.02099
67 69 4.79182
67 70 8.14294
67 71 3.97273
67 72 5.46465
67 73 3.63254
67 74 5.09716
67 75 4.01848
67 76 3.1473
67 77 8.01593
67 78 4.3534
67 79 2.74589
67 80 2.14631
67 81 5.72431
67 82 2.56689
67 83 5.24871
67 84 5.93722
67 85 8.00035
67 86 4.5549
67 87 5.53232
67 88 1.77597
67 89 8.38322
67 90 5.00895
67 91 2.78379
67 92 1.79225
67 93 4.97386
67 94 3.40331
67 95 4.21232
67 96 4.47709
67 97 3.47715
67 98 4.29233
67 99 0.5719
68 69 5.04916
68 70 6.35204
68 71 3.32356
68 72 3.16482
68 73 6.83354
68 74 3.16496
68 75 0.24887
68 76 7.66106
68 77 0.75743
68 78 6.32226
68 79 7.34894
68 80 8.50676
68 81 6.03365
68 82 7.59265
68 83 2.13079
68 84 1.32644
68 85 5.02316
68 86 8.00707
68 87 4.25469
68 88 5.89347
68 89 2.89552
68 90 1.67998
68 91 8.82372
68 92 0.23197
68 93 1.29464
68 94 7.99275
68 95 1.1713
68 96 5.82582
68 97 3.88938
68 98 5.00982
68 99 3.93866
69 70 6.63248
69 71 4.72258
69 72 0.46313
69 73 8.26679
69 74 1.07228
69 75 1.60167
69 76 1.19197
69 77 5.63684
69 78 0.23073
69 79 6.47455
69 80 3.43539
69 81 5.96171
69 82 7.72697
69 83 1.00854
69 84 5.16527
69 85 1.64007
69 86 8.60576
69 87 4.00724
69 88 8.67245
69 89 6.25064
69 90 3.55884
69 91 7.15329
69 92 2.04268
69 93 6.33769
69 94 2.77833
69 95 5.21985
69 96 0.95759
69 97 5.25276
69 98 7.75616
69 99 4.30876
70 71 6.62056
70 72 7.21237
70 73 1.40905
70 74 2.36513
70 75 1.55433
70 76 5.81042
70 77 7.70015
70 78 5.43946
70 79 4.9523
70 80 3.77567
70 81 2.17825
70 82 8.84338
70 83 5.6288
70 84 3.82207
70 85 1.04985
70 86 5.54408
70 87 6.43234
70 88 2.18545
70 89 6.748
70 90 8.93184
70 91 8.0083
70 92 2.0803
70 93 6.68795
70 94 6.70722
70 95 3.37995
70 96 6.84996
70 97 6.46809
70 98 7.7189
70 99 0.18923
71 72 8.39216
71 73 4.8148
71 74 0.09754
71 75 5.96351
71 76 7.05555
71 77 1.41982
71 78 0.0932
71 79 8.46266
71 80 3.09227
71 81 3.58399
71 82 5.07775
71 83 4.15368
71 84 3.07886
71 85 4.21987
71 86 2.28094
71 87 8.19846
71 88 6.8145
71 89 0.81811
71 90 7.3093
71 91 0.8313
71 92 6.56353
71 93 0.6458
71 94 7.64878
71 95 5.93257
71 96 5.13984
71 97 8.00277
71 98 5.92403
71 99 8.2313
72 73 0.70841
72 74 2.72603
72 75 7.82223
72 76 4.42219
72 77 0.85901
72 78 6.69983
72 79 4.06617
72 80 0.75873
72 81 2.97845
72 82 5.04182
72 83 4.8259
72 84 6.93695
72 85 4.24333
72 86 3.2388
72 87 0.66955
72 88 7.92938
72 89 2.76517
72 90 0.1076
72 91 0.16428
72 92 8.95755
72 93 5.55926
72 94 8.54058
72 95 2.30484
72 96 8.38414
72 97 7.4308
72 98 1.81954
72 99 5.48659
73 74 3.82804
73 75 5.82897
73 76 0.14106
73 77 3.57488
73 78 2.39558
73 79 3.70493
73 80 0.90842
73 81 7.76096
73 82 7.49803
73 83 4.26881
73 84 3.48859
73 85 0.83135
73 86 7.1996
73 87 3.44174
73 88 2.45311
73 89 3.29926
73 90 7.04109
73 91 3.01674
73 92 0.46629
73 93 6.46698
73 94 3.28243
73 95 2.0745
73 96 7.44245
73 97 7.64738
73 98 0.24157
73 99 0.38327
74 75 4.28106
74 76 2.73757
74 77 6.77492
74 78 4.62237
74 79 2.79189
74 80 0.27801
74 81 8.92599
74 82 0.13418
74 83 1.75045
74 84 3.09347
74 85 0.89305
74 86 7.0868
74 87 1.7843
74 88 0.91532
74 89 2.31468
74 90 2.88598
74 91 7.7801
74 92 4.54202
74 93 3.08696
74 94 8.2434
74 95 6.46225
74 96 6.62406
74 97 1.77174
74 98 2.9532
74 99 6.09137
75 76 1.30135
75 77 0.83176
75 78 7.19549
75 79 1.28916
75 80 5.69227
75 81 8.34732
75 82 8.24453
75 83 8.01478
75 84 3.6287
75 85 5.05902
75 86 2.95696
75 87 1.2469
75 88 7.80345
75 89 0.44651
75 90 6.70133
75 91 4.41173
75 92 3.51725
75 93 7.67036
75 94 6.68121
75 95 6.61824
75 96 3.56206
75 97 7.72033
75 98 3.99903
75 99 7.21706
76 77 3.89
76 78 3.31997
76 79 0.14841
76 80 4.84611
76 81 5.17968
76 82 0.27615
76 83 8.07291
76 84 0.80094
76 85 0.51652
76 86 3.12323
76 87 5.63798
76 88 0.56112
76 89 7.41761
76 90 5.61732
76 91 0.90268
76 92 6.32123
76 93 0.94442
76 94 7.82513
76 95 4.84554
76 96 4.62705
76 97 6.84876
76 98 6.1407
76 99 7.69809
77 78 3.66838
77 79 8.47892
77 80 0.89713
77 81 1.37216
77 82 6.52392
77 83 0.75017
77 84 5.83549
77 85 0.82048
77 86 7.24874
77 87 6.62304
77 88 4.71242
77 89 5.08418
77 90 1.38132
77 91 4.09538
77 92 8.73322
77 93 8.14131
77 94 7.19791
77 95 7.06803
77 96 8.62145
77 97 8.41716
77 98 0.18769
77 99 1.4614
78 79 2.63239
78 80 2.69669
78 81 7.83865
78 82 8.22955
78 83 5.95575
78 84 6.82838
78 85 3.91601
78 86 3.6796
78 87 2.57509
78 88 0.6965
78 89 4.17155
78 90 2.52723
78 91 8.05792
78 92 6.94151
78 93 4.12159
78 94 6.25467
78 95 6.57642
78 96 4.39694
78 97 7.65179
78 98 7.71213
78 99 8.31824
79 80 2.02985
79 81 0.33522
79 82 7.86826
79 83 4.53459
79 84 3.51141
79 85 0.11112
79 86 6.52321
79 87 1.40641
79 88 1.55674
79 89 0.45171
79 90 1.62893
79 91 7.31554
79 92 0.85159
79 93 8.26501
79 94 5.58084
79 95 8.37093
79 96 4.17729
79 97 0.30562
79 98 3.68138
79 99 1.27056
80 81 7.88847
80 82 1.50693
80 83 1.34867
80 84 5.27067
80 85 6.74473
80 86 2.75452
80 87 6.7383
80 88 6.2646
80 89 1.87408
80 90 4.17991
80 91 8.75416
80 92 1.4357
80 93 0.20935
80 94 8.33202
80 95 1.49242
80 96 8.00577
80 97 6.43137
80 98 7.00043
80 99 0.57109
81 82 5.0499
81 83 8.3443
81 84 1.89192
81 85 1.8711
81 86 8.61426
81 87 4.78158
81 88 6.68994
81 89 6.23659
81 90 5.79641
81 91 6.32287
81 92 4.72452
81 93 7.06099
81 94 2.38286
81 95 3.47091
81 96 2.12383
81 97 1.07266
81 98 6.87523
81 99 0.62649
82 83 7.89346
82 84 5.78269
82 85 0.93431
82 86 8.50042
82 87 5.4993
82 88 0.52003
82 89 7.66898
82 90 6.97599
82 91 0.54794
82 92 7.32312
82 93 2.19321
82 94 5.06385
82 95 1.08317
82 96 8.60112
82 97 3.05751
82 98 7.09475
82 99 3.90719
83 84 6.33062
83 85 0.44597
83 86 6.0245
83 87 6.73868
83 88 1.67866
83 89 5.58101
83 90 3.25603
83 91 2.55841
83 92 7.48329
83 93 4.62113
83 94 1.26066
83 95 8.09916
83 96 0.05627
83 97 4.10561
83 98 5.87777
83 99 7.88355
84 85 1.08558
84 86 4.95369
84 87 1.30012
84 88 6.02832
84 89 6.51599
84 90 2.01264
84 91 3.87926
84 92 5.61788
84 93 6.01627
84 94 0.63352
84 95 4.36256
84 96 3.33038
84 97 6.68062
84 98 4.76653
84 99 1.29216
85 86 2.00706
85 87 8.57399
85 88 5.56789
85 89 8.98938
85 90 2.54855
85 91 2.30386
85 92 7.27193
85 93 6.47953
85 94 0.26733
85 95 0.57374
85 96 5.05282
85 97 7.35448
85 98 6.70634
85 99 3.38489
86 87 0.98936
86 88 0.80979
86 89 6.30417
86 90 8.33354
86 91 1.96868
86 92 7.81593
86 93 3.93487
86 94 7.89951
86 95 5.39422
86 96 7.60673
86 97 6.50672
86 98 1.957
86 99 3.5729
87 88 0.3165
87 89 2.62423
87 90 7.76166
87 91 3.51973
87 92 3.51236
87 93 3.09447
87 94 5.06747
87 95 8.45014
87 96 3.88972
87 97 5.81447
87 98 5.50206
87 99 3.61204
88 89 5.96153
88 90 8.61144
88 91 1.49834
88 92 5.60881
88 93 6.45534
88 94 0.17674
88 95 5.50838
88 96 0.72396
88 97 1.67617
88 98 1.88908
88 99 4.92447
89 90 3.87328
89 91 5.12917
89 92 8.83494
89 93 4.77338
89 94 0.36892
89 95 0.91322
89 96 4.296
89 97 3.63699
89 98 7.72497
89 99 1.61219
90 91 7.63253
90 92 2.96912
90 93 1.67849
90 94 5.75812
90 95 2.0163
90 96 3.4542
90 97 5.78072
90 98 7.85225
90 99 3.19455
91 92 3.66016
91 93 0.1809
91 94 5.39454
91 95 3.87902
91 96 6.02434
91 97 0.45804
91 98 6.78539
91 99 7.70223
92 93 8.08426
92 94 7.66034
92 95 5.40435
92 96 7.09094
92 97 4.60217
92 98 8.97217
92 99 8.86354
93 94 6.19155
93 95 4.859
93 96 3.01417
93 97 7.89403
93 98 0.62383
93 99 4.84723
94 95 8.52722
94 96 2.62278
94 97 2.67292
94 98 7.54216
94 99 1.64682
95 96 3.21332
95 97 4.2904
95 98 7.82117
95 99 4.2305
96 97 3.30637
96 98 4.20986
96 99 0.61105
97 98 2.31352
97 99 7.0638
98 99 6.54217
