50 15
0 1 6.70139
0 2 5.80756
0 3 7.07211
0 4 2.65417
0 5 6.12932
0 6 7.78336
0 7 1.18728
0 8 3.67197
0 9 3.70927
0 10 3.7705
0 11 3.95993
0 12 0.94156
0 13 4.69541
0 14 0.8274
0 15 4.94374
0 16 3.9282
0 17 8.47101
0 18 1.53686
0 19 4.03889
0 20 7.67268
0 21 0.86603
0 22 5.01828
0 23 2.89767
0 24 1.6726
0 25 2.6014
0 26 8.78408
0 27 6.84437
0 28 1.10173
0 29 5.9385
0 30 7.42714
0 31 7.02911
0 32 5.16954
0 33 0.58839
0 34 0.22973
0 35 7.24413
0 36 1.49621
0 37 5.06551
0 38 8.60106
0 39 5.47965
0 40 7.53212
0 41 4.0253
0 42 5.40423
0 43 0.07026
0 44 1.93188
0 45 3.60415
0 46 6.63414
0 47 7.39981
0 48 8.28196
0 49 7.19458
1 2 3.6225
1 3 3.08919
1 4 1.86329
1 5 5.20504
1 6 5.03377
1 7 3.83059
1 8 3.85752
1 9 5.28694
1 10 3.58504
1 11 0.66369
1 12 2.21501
1 13 7.44783
1 14 0.19248
1 15 6.50776
1 16 1.55299
1 17 2.72946
1 18 0.13164
1 19 6.39354
1 20 3.9689
1 21 8.78222
1 22 6.29592
1 23 3.47453
1 24 6.89951
1 25 0.73577
1 26 7.34029
1 27 5.16905
1 28 0.41085
1 29 3.31128
1 30 6.60227
1 31 0.73149
1 32 5.99775
1 33 1.08598
1 34 3.15982
1 35 7.78049
1 36 4.8437
1 37 7.27235
1 38 8.66533
1 39 6.21154
1 40 7.55342
1 41 0.9977
1 42 0.32523
1 43 3.39088
1 44 8.40457
1 45 8.34044
1 46 5.19882
1 47 6.41808
1 48 0.42232
1 49 6.33189
2 3 2.78894
2 4 6.66558
2 5 5.88341
2 6 6.0997
2 7 7.46204
2 8 5.99942
2 9 7.92023
2 10 7.20807
2 11 7.44436
2 12 7.22402
2 13 2.04143
2 14 0.013
2 15 2.91908
2 16 2.17259
2 17 3.13106
2 18 2.76783
2 19 4.28509
2 20 0.66921
2 21 2.75197
2 22 6.99523
2 23 2.7613
2 24 7.11447
2 25 7.66548
2 26 5.68615
2 27 2.03124
2 28 0.08242
2 29 6.68534
2 30 4.84388
2 31 5.05418
2 32 4.99917
2 33 3.89088
2 34 4.01449
2 35 0.55025
2 36 6.79429
2 37 6.87237
2 38 0.48546
2 39 3.64038
2 40 6.71123
2 41 7.77767
2 42 0.51451
2 43 4.50246
2 44 6.48657
2 45 8.04424
2 46 3.47423
2 47 5.26432
2 48 5.9112
2 49 5.6593
3 4 4.80848
3 5 3.40245
3 6 1.97758
3 7 0.90643
3 8 0.02567
3 9 5.7731
3 10 1.51186
3 11 7.47648
3 12 4.66104
3 13 7.07172
3 14 2.02976
3 15 1.3423
3 16 2.67967
3 17 5.54411
3 18 6.90625
3 19 0.11295
3 20 7.28556
3 21 4.31833
3 22 4.81982
3 23 1.25212
3 24 6.02998
3 25 5.87064
3 26 4.97699
3 27 3.78654
3 28 7.9007
3 29 5.64969
3 30 8.51458
3 31 5.78867
3 32 2.6382
3 33 7.93143
3 34 3.76538
3 35 5.24863
3 36 3.38349
3 37 6.23711
3 38 6.25295
3 39 2.80164
3 40 7.90654
3 41 2.29856
3 42 1.35786
3 43 0.91687
3 44 6.03441
3 45 7.96581
3 46 6.71729
3 47 2.9528
3 48 1.69919
3 49 2.98819
4 5 5.31427
4 6 4.46765
4 7 5.16618
4 8 6.20354
4 9 0.08768
4 10 7.79304
4 11 0.35871
4 12 6.49512
4 13 8.13575
4 14 1.34035
4 15 3.77164
4 16 0.72009
4 17 4.72367
4 18 1.66936
4 19 7.40128
4 20 3.1171
4 21 3.90992
4 22 3.17899
4 23 6.07823
4 24 1.6384
4 25 5.37974
4 26 4.52646
4 27 6.60834
4 28 6.73853
4 29 1.7964
4 30 2.93906
4 31 4.89684
4 32 5.15501
4 33 8.40265
4 34 4.65855
4 35 6.93963
4 36 8.96549
4 37 8.52881
4 38 8.52897
4 39 7.19498
4 40 2.87545
4 41 0.94475
4 42 1.89083
4 43 8.90022
4 44 0.19152
4 45 4.73355
4 46 8.67023
4 47 2.52554
4 48 6.45106
4 49 0.06227
5 6 6.09447
5 7 1.1811
5 8 6.22505
5 9 5.62284
5 10 6.30051
5 11 8.37896
5 12 8.99904
5 13 0.15975
5 14 1.90088
5 15 1.86234
5 16 3.35459
5 17 1.67793
5 18 7.43556
5 19 1.85374
5 20 1.99338
5 21 0.12355
5 22 3.43443
5 23 3.90218
5 24 3.93774
5 25 8.4195
5 26 0.88986
5 27 6.57572
5 28 6.83376
5 29 2.53249
5 30 5.22307
5 31 4.90546
5 32 3.85282
5 33 7.18912
5 34 7.20565
5 35 1.08587
5 36 2.73293
5 37 4.22122
5 38 3.13436
5 39 4.75918
5 40 0.64834
5 41 7.59876
5 42 4.42659
5 43 0.53459
5 44 5.9524
5 45 4.46371
5 46 3.15314
5 47 0.64392
5 48 3.00936
5 49 6.0587
6 7 6.8935
6 8 6.62268
6 9 3.89767
6 10 4.20973
6 11 8.84528
6 12 5.08436
6 13 6.38415
6 14 8.54733
6 15 0.48274
6 16 8.49919
6 17 8.93234
6 18 8.32743
6 19 5.86418
6 20 2.08344
6 21 6.69076
6 22 4.19968
6 23 4.69562
6 24 1.92091
6 25 8.53212
6 26 2.05343
6 27 5.32906
6 28 5.15586
6 29 0.97964
6 30 7.69612
6 31 7.75864
6 32 0.01888
6 33 0.4235
6 34 2.23224
6 35 6.5656
6 36 7.66655
6 37 6.45547
6 38 6.09445
6 39 6.32147
6 40 3.00442
6 41 0.46816
6 42 8.17263
6 43 5.51194
6 44 1.39326
6 45 8.33259
6 46 8.27683
6 47 5.2443
6 48 4.30023
6 49 0.21242
7 8 2.92935
7 9 6.94376
7 10 0.14814
7 11 4.45353
7 12 4.34203
7 13 2.36953
7 14 0.91675
7 15 6.68328
7 16 5.21046
7 17 3.60212
7 18 7.49617
7 19 2.891
7 20 0.72114
7 21 3.73621
7 22 8.70445
7 23 3.93416
7 24 5.55837
7 25 5.23429
7 26 7.12025
7 27 4.15428
7 28 3.7484
7 29 4.31028
7 30 5.64775
7 31 2.81062
7 32 4.27493
7 33 4.4576
7 34 8.38425
7 35 6.05057
7 36 6.63815
7 37 4.10148
7 38 2.72255
7 39 2.59092
7 40 5.88525
7 41 3.17445
7 42 2.96079
7 43 8.9574
7 44 5.71098
7 45 0.85766
7 46 7.12316
7 47 4.00768
7 48 8.04338
7 49 7.69606
8 9 1.65737
8 10 7.21383
8 11 5.31018
8 12 0.67985
8 13 8.25303
8 14 7.83165
8 15 6.36851
8 16 0.47728
8 17 0.57396
8 18 4.3949
8 19 6.49436
8 20 0.83709
8 21 5.85061
8 22 6.92468
8 23 7.3474
8 24 3.47324
8 25 6.9132
8 26 8.0742
8 27 4.90373
8 28 8.74806
8 29 3.82844
8 30 6.34492
8 31 3.94854
8 32 1.67924
8 33 2.26727
8 34 1.3962
8 35 3.65987
8 36 7.11682
8 37 7.20199
8 38 4.89078
8 39 7.54784
8 40 0.95152
8 41 4.26978
8 42 3.22375
8 43 6.13047
8 44 1.9001
8 45 6.4424
8 46 2.37979
8 47 6.65189
8 48 3.93286
8 49 0.49593
9 10 4.93762
9 11 8.45363
9 12 0.74382
9 13 2.40125
9 14 4.93497
9 15 8.38843
9 16 2.6751
9 17 0.95649
9 18 0.48037
9 19 0.13487
9 20 8.99278
9 21 1.66214
9 22 4.79749
9 23 6.45561
9 24 8.1451
9 25 8.56482
9 26 5.31137
9 27 2.26981
9 28 4.60956
9 29 2.33559
9 30 6.98017
9 31 8.13457
9 32 6.93153
9 33 0.88453
9 34 7.19968
9 35 4.20364
9 36 0.35523
9 37 2.07884
9 38 3.00416
9 39 7.11261
9 40 5.14344
9 41 6.42687
9 42 0.7396
9 43 2.17603
9 44 0.07366
9 45 7.56288
9 46 8.15429
9 47 0.76968
9 48 1.03673
9 49 2.19878
10 11 7.61143
10 12 7.05595
10 13 1.99174
10 14 5.28822
10 15 6.40477
10 16 7.52176
10 17 7.99667
10 18 8.00273
10 19 1.01767
10 20 7.2795
10 21 0.70366
10 22 3.74767
10 23 3.22526
10 24 3.57629
10 25 0.81516
10 26 8.16979
10 27 4.15172
10 28 6.89357
10 29 6.50594
10 30 1.96554
10 31 1.61551
10 32 2.90232
10 33 8.47827
10 34 0.43096
10 35 2.22707
10 36 7.39692
10 37 8.1357
10 38 0.29177
10 39 6.55532
10 40 4.84239
10 41 8.21311
10 42 6.67501
10 43 1.88686
10 44 4.24512
10 45 6.38038
10 46 5.2675
10 47 5.88871
10 48 2.18729
10 49 3.14621
11 12 4.73132
11 13 4.9666
11 14 5.71715
11 15 4.21891
11 16 0.44684
11 17 1.77459
11 18 4.91049
11 19 2.10721
11 20 2.36186
11 21 2.56908
11 22 2.18286
11 23 7.76061
11 24 1.10654
11 25 7.35399
11 26 3.73114
11 27 1.83904
11 28 0.96536
11 29 4.16065
11 30 3.29542
11 31 7.81797
11 32 4.15958
11 33 7.75917
11 34 1.51538
11 35 2.24053
11 36 6.27013
11 37 2.59339
11 38 6.0483
11 39 7.78135
11 40 3.41011
11 41 7.06032
11 42 4.58488
11 43 5.86703
11 44 8.75529
11 45 5.395
11 46 7.18521
11 47 7.66721
11 48 4.8983
11 49 8.73386
12 13 4.2729
12 14 4.47892
12 15 0.43951
12 16 8.01943
12 17 3.94456
12 18 6.5285
12 19 7.12528
12 20 1.12845
12 21 3.2624
12 22 2.18665
12 23 5.8173
12 24 7.49941
12 25 5.97124
12 26 5.19364
12 27 8.17162
12 28 1.8515
12 29 7.43987
12 30 8.89678
12 31 4.97308
12 32 3.77602
12 33 0.82388
12 34 5.18567
12 35 0.22353
12 36 5.39334
12 37 4.9527
12 38 5.07935
12 39 7.1295
12 40 3.101
12 41 8.80173
12 42 1.13424
12 43 0.78964
12 44 0.31532
12 45 2.17298
12 46 0.06996
12 47 2.07396
12 48 8.38769
12 49 6.66524
13 14 6.4655
13 15 0.86296
13 16 8.87501
13 17 3.10238
13 18 6.767
13 19 3.8537
13 20 6.40174
13 21 3.22724
13 22 1.53179
13 23 4.50182
13 24 5.8152
13 25 6.85855
13 26 4.91188
13 27 6.53159
13 28 6.74626
13 29 5.8525
13 30 0.23376
13 31 0.70135
13 32 2.51172
13 33 3.08817
13 34 1.72757
13 35 1.06076
13 36 2.32276
13 37 1.33226
13 38 1.95367
13 39 2.89657
13 40 6.9312
13 41 5.58867
13 42 3.53866
13 43 1.74938
13 44 4.32542
13 45 1.39317
13 46 7.39603
13 47 6.06408
13 48 1.26111
13 49 8.12991
14 15 0.02253
14 16 5.85697
14 17 1.36705
14 18 6.64035
14 19 5.97613
14 20 7.51116
14 21 5.02509
14 22 8.80563
14 23 2.0746
14 24 0.98431
14 25 8.9864
14 26 6.57227
14 27 4.39677
14 28 4.45987
14 29 2.23909
14 30 2.80904
14 31 7.22049
14 32 3.88788
14 33 8.79383
14 34 8.73612
14 35 7.95301
14 36 1.41994
14 37 2.68816
14 38 2.81467
14 39 5.52171
14 40 4.42671
14 41 8.3077
14 42 0.73429
14 43 1.86312
14 44 4.86632
14 45 6.26524
14 46 3.36413
14 47 8.1976
14 48 8.15073
14 49 5.07356
15 16 4.08533
15 17 4.67511
15 18 2.26668
15 19 5.99359
15 20 3.06884
15 21 0.67013
15 22 2.0195
15 23 2.29526
15 24 2.71703
15 25 5.45019
15 26 0.03727
15 27 2.98902
15 28 6.62331
15 29 4.11693
15 30 8.92342
15 31 0.01063
15 32 2.54504
15 33 7.13334
15 34 0.36751
15 35 6.68572
15 36 0.83906
15 37 6.34881
15 38 6.4182
15 39 0.95712
15 40 8.29928
15 41 1.91055
15 42 5.91972
15 43 5.46402
15 44 2.34925
15 45 7.98355
15 46 2.32604
15 47 4.19811
15 48 7.25021
15 49 7.58809
16 17 3.5432
16 18 1.36181
16 19 0.51398
16 20 4.4866
16 21 3.52912
16 22 4.31054
16 23 8.15712
16 24 7.97577
16 25 5.527
16 26 5.78935
16 27 1.01822
16 28 5.4666
16 29 2.88489
16 30 5.51008
16 31 8.99372
16 32 7.31288
16 33 3.38686
16 34 4.82736
16 35 8.95236
16 36 0.38568
16 37 1.9348
16 38 1.43998
16 39 5.29874
16 40 0.23559
16 41 6.72006
16 42 0.17689
16 43 8.81979
16 44 0.03869
16 45 4.41651
16 46 1.14512
16 47 1.34227
16 48 7.77526
16 49 8.25556
17 18 1.59419
17 19 0.04896
17 20 7.92772
17 21 6.28346
17 22 8.40056
17 23 2.09741
17 24 0.88137
17 25 0.42925
17 26 2.34111
17 27 2.81584
17 28 6.98233
17 29 8.41197
17 30 3.0712
17 31 7.16677
17 32 0.50689
17 33 7.84106
17 34 3.78156
17 35 0.90399
17 36 4.16832
17 37 2.20765
17 38 6.79908
17 39 6.71043
17 40 1.42861
17 41 7.79906
17 42 7.54799
17 43 4.37349
17 44 4.22368
17 45 5.36875
17 46 2.72276
17 47 7.44682
17 48 3.1888
17 49 2.19809
18 19 4.25822
18 20 5.29162
18 21 0.04196
18 22 1.10566
18 23 8.27229
18 24 8.30496
18 25 7.54762
18 26 3.72151
18 27 2.90291
18 28 4.88941
18 29 8.07148
18 30 1.1695
18 31 3.97014
18 32 5.68428
18 33 2.03737
18 34 1.87204
18 35 7.42897
18 36 2.82069
18 37 4.63188
18 38 3.85989
18 39 0.80317
18 40 5.85388
18 41 2.20933
18 42 8.4578
18 43 6.81056
18 44 7.41457
18 45 4.61826
18 46 3.63898
18 47 1.72916
18 48 2.54409
18 49 0.09566
19 20 6.96049
19 21 6.55403
19 22 7.0965
19 23 8.50429
19 24 3.84392
19 25 8.17286
19 26 4.0762
19 27 3.20148
19 28 5.65287
19 29 4.44446
19 30 5.44882
19 31 0.72843
19 32 7.63716
19 33 8.27039
19 34 8.09767
19 35 6.61848
19 36 8.74733
19 37 1.40045
19 38 7.42092
19 39 6.92838
19 40 4.00804
19 41 4.27273
19 42 2.939
19 43 3.18993
19 44 8.44582
19 45 8.19099
19 46 4.69153
19 47 1.01352
19 48 0.98033
19 49 1.32472
20 21 7.06534
20 22 8.0057
20 23 7.54568
20 24 3.89219
20 25 4.09451
20 26 6.1553
20 27 2.58613
20 28 0.44291
20 29 3.31681
20 30 8.99542
20 31 0.80478
20 32 4.81978
20 33 4.90418
20 34 3.08951
20 35 7.04166
20 36 7.1489
20 37 5.74935
20 38 2.99305
20 39 8.32183
20 40 7.46476
20 41 6.84084
20 42 1.24252
20 43 5.51073
20 44 8.65887
20 45 2.36216
20 46 1.31403
20 47 5.67407
20 48 7.16604
20 49 7.41034
21 22 6.46584
21 23 7.14899
21 24 0.83379
21 25 1.17163
21 26 8.16032
21 27 6.05389
21 28 1.25588
21 29 1.49029
21 30 3.36877
21 31 4.83062
21 32 4.20386
21 33 6.59239
21 34 6.50561
21 35 5.02805
21 36 4.8191
21 37 6.12969
21 38 4.08992
21 39 6.95969
21 40 6.79577
21 41 8.84685
21 42 6.4855
21 43 4.23371
21 44 7.73012
21 45 7.45624
21 46 6.0662
21 47 2.45951
21 48 8.31545
21 49 2.20095
22 23 4.21889
22 24 1.49084
22 25 7.13113
22 26 6.2584
22 27 8.56082
22 28 4.40415
22 29 1.15657
22 30 4.45581
22 31 1.2697
22 32 6.8047
22 33 0.11415
22 34 5.73068
22 35 0.34538
22 36 2.70474
22 37 1.25393
22 38 8.91244
22 39 7.5126
22 40 7.14641
22 41 5.26749
22 42 7.24104
22 43 0.30002
22 44 3.93946
22 45 1.18658
22 46 7.09894
22 47 8.86892
22 48 6.26005
22 49 6.70721
23 24 2.7289
23 25 2.58938
23 26 8.48239
23 27 0.133
23 28 8.08433
23 29 2.47404
23 30 2.666
23 31 3.75634
23 32 3.61085
23 33 4.65204
23 34 4.17091
23 35 2.04893
23 36 6.86334
23 37 5.13369
23 38 3.79582
23 39 4.72793
23 40 2.50369
23 41 7.65406
23 42 0.07838
23 43 3.87439
23 44 0.82967
23 45 7.34973
23 46 8.69665
23 47 3.20205
23 48 7.7611
23 49 7.73665
24 25 1.55069
24 26 1.15414
24 27 6.64731
24 28 3.6123
24 29 0.52507
24 30 7.09034
24 31 5.9285
24 32 0.9773
24 33 0.90895
24 34 1.15773
24 35 6.95793
24 36 1.50918
24 37 4.91439
24 38 4.25203
24 39 8.58827
24 40 0.10654
24 41 3.70225
24 42 8.66035
24 43 8.9747
24 44 2.41445
24 45 4.17098
24 46 2.00878
24 47 1.94229
24 48 5.28731
24 49 6.35975
25 26 6.28035
25 27 5.65515
25 28 8.7004
25 29 0.09717
25 30 8.04686
25 31 1.67513
25 32 3.38468
25 33 3.32906
25 34 5.06208
25 35 1.13942
25 36 5.96979
25 37 8.97101
25 38 6.5127
25 39 7.35198
25 40 1.71161
25 41 6.58746
25 42 6.61844
25 43 7.59962
25 44 0.04427
25 45 2.34871
25 46 1.26272
25 47 4.69694
25 48 8.49954
25 49 5.20394
26 27 7.36192
26 28 6.73281
26 29 8.17719
26 30 7.28255
26 31 1.90564
26 32 7.37298
26 33 2.1104
26 34 5.09847
26 35 4.76841
26 36 2.44849
26 37 6.58774
26 38 5.94489
26 39 3.5395
26 40 3.14742
26 41 8.41887
26 42 6.31128
26 43 7.67301
26 44 4.79241
26 45 1.0074
26 46 5.16506
26 47 7.20819
26 48 4.79974
26 49 0.69963
27 28 8.61362
27 29 8.84881
27 30 0.83856
27 31 4.74509
27 32 8.8913
27 33 0.89297
27 34 2.67026
27 35 8.93628
27 36 3.6309
27 37 8.2848
27 38 5.68112
27 39 7.08818
27 40 8.5817
27 41 0.08294
27 42 6.7208
27 43 8.07482
27 44 2.83715
27 45 3.28131
27 46 7.11855
27 47 6.13563
27 48 0.47012
27 49 8.90741
28 29 4.65931
28 30 1.1867
28 31 5.12038
28 32 2.14962
28 33 0.46221
28 34 1.22056
28 35 8.61062
28 36 7.45171
28 37 8.90203
28 38 6.0759
28 39 6.40768
28 40 7.17385
28 41 2.1177
28 42 2.06637
28 43 3.97877
28 44 4.56754
28 45 6.76239
28 46 4.1607
28 47 4.29427
28 48 5.01645
28 49 8.79257
29 30 2.69585
29 31 6.43539
29 32 3.9135
29 33 5.999
29 34 3.52386
29 35 3.40667
29 36 0.82806
29 37 4.94872
29 38 1.69692
29 39 8.95463
29 40 4.35704
29 41 6.95571
29 42 1.74565
29 43 6.05995
29 44 3.95013
29 45 3.49973
29 46 1.57337
29 47 8.22934
29 48 4.83475
29 49 1.90853
30 31 1.60348
30 32 3.99685
30 33 2.8595
30 34 4.79347
30 35 7.65722
30 36 4.09255
30 37 2.51881
30 38 5.36726
30 39 3.86849
30 40 0.10594
30 41 6.2978
30 42 7.88591
30 43 4.42473
30 44 1.74815
30 45 5.94576
30 46 8.7526
30 47 2.07735
30 48 7.02149
30 49 3.92683
31 32 0.48646
31 33 2.67082
31 34 5.95055
31 35 7.14999
31 36 2.23335
31 37 6.99246
31 38 6.34213
31 39 0.96872
31 40 3.16561
31 41 5.82075
31 42 6.58846
31 43 0.8585
31 44 4.02262
31 45 6.36059
31 46 2.61945
31 47 1.42877
31 48 3.84903
31 49 1.81341
32 33 3.67273
32 34 7.45784
32 35 3.70318
32 36 8.6592
32 37 5.41757
32 38 8.71545
32 39 2.62212
32 40 7.77332
32 41 4.9733
32 42 8.49898
32 43 2.43895
32 44 2.57197
32 45 5.04485
32 46 3.92269
32 47 7.64361
32 48 3.04705
32 49 1.65405
33 34 1.91887
33 35 2.53383
33 36 7.87267
33 37 6.62616
33 38 0.25116
33 39 6.11589
33 40 2.88891
33 41 4.70631
33 42 6.61101
33 43 7.63132
33 44 1.21435
33 45 0.26383
33 46 2.60804
33 47 5.50108
33 48 0.45615
33 49 3.22218
34 35 7.44912
34 36 6.16579
34 37 1.65096
34 38 4.44712
34 39 2.09155
34 40 0.05376
34 41 3.62296
34 42 2.05544
34 43 3.65113
34 44 1.85424
34 45 2.43477
34 46 4.29914
34 47 4.60662
34 48 3.9326
34 49 6.50921
35 36 8.60176
35 37 5.82344
35 38 0.47958
35 39 5.42295
35 40 6.54903
35 41 2.31109
35 42 0.80909
35 43 4.90048
35 44 5.39335
35 45 2.34588
35 46 5.75263
35 47 3.29837
35 48 5.53757
35 49 0.30703
36 37 0.56978
36 38 0.25758
36 39 1.20955
36 40 3.80553
36 41 8.49142
36 42 1.39874
36 43 7.37484
36 44 1.89465
36 45 0.89452
36 46 1.30071
36 47 2.76841
36 48 7.88019
36 49 1.20298
37 38 3.63022
37 39 8.4286
37 40 5.75754
37 41 7.27014
37 42 6.0323
37 43 5.61373
37 44 4.13854
37 45 0.14216
37 46 0.42373
37 47 4.14886
37 48 7.33932
37 49 1.51873
38 39 4.94956
38 40 0.18883
38 41 0.45947
38 42 3.08549
38 43 4.13333
38 44 1.86818
38 45 7.66898
38 46 4.76526
38 47 8.85602
38 48 6.41932
38 49 0.06519
39 40 7.11791
39 41 4.25306
39 42 2.87449
39 43 3.08203
39 44 8.78123
39 45 8.81427
39 46 6.35927
39 47 4.13559
39 48 1.78968
39 49 4.54944
40 41 3.32644
40 42 7.66397
40 43 0.02249
40 44 0.63349
40 45 1.99639
40 46 7.34972
40 47 6.16175
40 48 1.84817
40 49 6.16299
41 42 3.17001
41 43 4.11316
41 44 2.42591
41 45 1.81538
41 46 0.00191
41 47 2.45125
41 48 4.4885
41 49 5.12479
42 43 6.67926
42 44 8.73127
42 45 8.60222
42 46 1.12466
42 47 8.38135
42 48 3.23688
42 49 6.00422
43 44 5.13263
43 45 6.20846
43 46 8.94596
43 47 4.68063
43 48 6.59726
43 49 4.99412
44 45 8.73361
44 46 5.02291
44 47 6.32547
44 48 0.83191
44 49 4.58545
45 46 2.57795
45 47 0.8971
45 48 7.70526
45 49 2.52658
46 47 8.60301
46 48 2.2716
46 49 3.09483
47 48 3.39184
47 49 1.85109
48 49 6.63754
