100 40
0 1 2.7315
0 2 6.50007
0 3 8.13342
0 4 0.0252
0 5 4.56324
0 6 4.05311
0 7 5.49002
0 8 1.85959
0 9 6.71502
0 10 3.08362
0 11 4.70717
0 12 2.95482
0 13 5.45422
0 14 6.66335
0 15 6.13723
0 16 3.31613
0 17 7.52045
0 18 1.50376
0 19 4.25209
0 20 7.2118
0 21 1.78594
0 22 7.23764
0 23 2.35202
0 24 8.89687
0 25 0.31151
0 26 3.68705
0 27 5.72508
0 28 8.47521
0 29 6.96319
0 30 8.79568
0 31 0.28599
0 32 1.3193
0 33 8.29163
0 34 4.81824
0 35 6.46036
0 36 8.09812
0 37 1.99715
0 38 8.59131
0 39 3.78816
0 40 5.37484
0 41 8.56732
0 42 7.0941
0 43 7.98886
0 44 6.59034
0 45 8.40062
0 46 5.71213
0 47 3.40292
0 48 3.69661
0 49 4.94153
0 50 0.07642
0 51 7.61657
0 52 0.39252
0 53 1.83131
0 54 6.64423
0 55 6.05608
0 56 0.5934
0 57 4.6872
0 58 4.54855
0 59 6.2498
0 60 7.77696
0 61 3.46873
0 62 4.01017
0 63 3.53057
0 64 8.5329
0 65 6.23036
0 66 8.54523
0 67 5.7564
0 68 1.74676
0 69 1.19527
0 70 2.77738
0 71 4.6978
0 72 3.88693
0 73 6.89779
0 74 0.77023
0 75 7.611
0 76 6.84101
0 77 3.50033
0 78 2.96428
0 79 7.44624
0 80 7.86071
0 81 6.75759
0 82 8.66161
0 83 8.36268
0 84 7.50638
0 85 8.80207
0 86 4.64657
0 87 3.79753
0 88 0.81204
0 89 6.43289
0 90 1.38296
0 91 5.06748
0 92 5.63122
0 93 1.26581
0 94 0.68615
0 95 2.079
0 96 4.80517
0 97 3.86226
0 98 0.00728
0 99 0.88229
1 2 1.7436
1 3 1.66391
1 4 3.0848
1 5 5.97267
1 6 3.02248
1 7 7.04973
1 8 0.58998
1 9 1.88039
1 10 2.40011
1 11 7.82522
1 12 3.31974
1 13 8.43671
1 14 2.91335
1 15 0.13619
1 16 6.42541
1 17 3.53142
1 18 0.55781
1 19 2.05805
1 20 7.87404
1 21 3.32891
1 22 8.94173
1 23 6.62814
1 24 6.70198
1 25 6.3352
1 26 8.99316
1 27 3.02944
1 28 5.29948
1 29 4.72128
1 30 8.29039
1 31 7.44715
1 32 6.54911
1 33 1.19358
1 34 4.05533
1 35 8.03425
1 36 6.6022
1 37 5.93806
1 38 4.85097
1 39 5.56597
1 40 5.45665
1 41 5.16839
1 42 3.06846
1 43 2.61924
1 44 2.68633
1 45 4.27085
1 46 0.78633
1 47 4.25323
1 48 2.86762
1 49 3.71484
1 50 4.35788
1 51 1.32946
1 52 5.37259
1 53 3.77504
1 54 6.51945
1 55 2.12969
1 56 5.33772
1 57 0.64687
1 58 6.38021
1 59 8.07235
1 60 0.23752
1 61 7.08449
1 62 2.97802
1 63 8.33353
1 64 4.6355
1 65 7.93508
1 66 3.92018
1 67 2.25129
1 68 4.88181
1 69 6.50196
1 70 7.61076
1 71 8.19437
1 72 1.57293
1 73 8.01851
1 74 6.63373
1 75 7.24307
1 76 4.56074
1 77 2.43511
1 78 4.07191
1 79 0.24449
1 80 5.49417
1 81 5.3332
1 82 0.27618
1 83 1.16829
1 84 6.75375
1 85 8.45689
1 86 1.5521
1 87 4.98724
1 88 2.14819
1 89 3.63192
1 90 7.24667
1 91 6.63223
1 92 8.93816
1 93 8.1411
1 94 6.86972
1 95 8.62599
1 96 2.96121
1 97 7.17862
1 98 6.1858
1 99 3.2402
2 3 1.71191
2 4 3.44853
2 5 7.18042
2 6 6.29823
2 7 6.40239
2 8 2.8537
2 9 0.54859
2 10 4.75755
2 11 1.44633
2 12 2.3177
2 13 3.91679
2 14 8.66262
2 15 0.59136
2 16 8.02901
2 17 2.51137
2 18 2.99956
2 19 5.14167
2 20 8.20713
2 21 5.12448
2 22 1.23705
2 23 7.71153
2 24 7.28269
2 25 8.66692
2 26 0.42382
2 27 1.77899
2 28 0.95622
2 29 2.34876
2 30 2.92611
2 31 0.49844
2 32 1.80466
2 33 4.11907
2 34 2.45715
2 35 0.57502
2 36 7.75948
2 37 4.79295
2 38 5.99615
2 39 6.7433
2 40 1.12983
2 41 5.905
2 42 1.61027
2 43 2.55082
2 44 6.06868
2 45 8.07665
2 46 2.77244
2 47 0.71275
2 48 8.93167
2 49 6.3041
2 50 4.37123
2 51 8.80093
2 52 5.41069
2 53 3.98683
2 54 2.84281
2 55 6.76789
2 56 1.60172
2 57 7.95744
2 58 1.82232
2 59 4.19532
2 60 6.83292
2 61 5.8004
2 62 6.05369
2 63 7.39194
2 64 6.04471
2 65 1.47103
2 66 7.31167
2 67 6.53397
2 68 4.37785
2 69 0.57827
2 70 7.65663
2 71 1.86185
2 72 7.67153
2 73 6.31752
2 74 8.20252
2 75 5.04991
2 76 1.43037
2 77 4.86439
2 78 0.56878
2 79 2.93037
2 80 0.27638
2 81 5.62029
2 82 5.73144
2 83 2.39175
2 84 3.24888
2 85 0.48017
2 86 7.67545
2 87 8.61887
2 88 4.99872
2 89 6.75718
2 90 4.74248
2 91 1.4151
2 92 0.35049
2 93 4.72026
2 94 3.71425
2 95 8.23916
2 96 5.24136
2 97 6.13258
2 98 8.83398
2 99 5.08449
3 4 2.0725
3 5 7.37365
3 6 4.76333
3 7 4.21155
3 8 1.49684
3 9 7.88323
3 10 6.78091
3 11 0.22048
3 12 4.21935
3 13 8.71405
3 14 2.99359
3 15 3.71296
3 16 6.4537
3 17 1.11625
3 18 1.62776
3 19 3.55682
3 20 2.19755
3 21 3.17509
3 22 8.74363
3 23 2.83846
3 24 3.94103
3 25 6.14857
3 26 3.01349
3 27 7.13888
3 28 1.18131
3 29 5.81384
3 30 3.4935
3 31 1.75177
3 32 6.94781
3 33 0.75853
3 34 2.58539
3 35 1.36783
3 36 3.90527
3 37 1.79631
3 38 0.40863
3 39 6.6616
3 40 8.98222
3 41 8.77527
3 42 6.24623
3 43 7.67732
3 44 7.82392
3 45 4.81875
3 46 2.17626
3 47 5.39372
3 48 8.8708
3 49 7.48556
3 50 8.13885
3 51 4.83287
3 52 3.34492
3 53 3.18093
3 54 6.41605
3 55 0.28309
3 56 8.79307
3 57 4.48068
3 58 7.36448
3 59 8.57363
3 60 7.66986
3 61 0.84738
3 62 6.29653
3 63 4.93084
3 64 2.55605
3 65 7.35586
3 66 0.94251
3 67 6.50645
3 68 3.30475
3 69 5.35246
3 70 2.34978
3 71 6.50165
3 72 7.00475
3 73 4.64522
3 74 8.60078
3 75 1.30534
3 76 7.65941
3 77 3.38275
3 78 3.3738
3 79 5.75411
3 80 0.41149
3 81 1.06957
3 82 8.3869
3 83 0.93873
3 84 6.99563
3 85 7.16762
3 86 1.84502
3 87 1.4052
3 88 6.61281
3 89 2.86313
3 90 1.39659
3 91 6.1598
3 92 6.93019
3 93 1.91238
3 94 2.9349
3 95 0.66811
3 96 2.04884
3 97 1.68402
3 98 4.27018
3 99 2.06853
4 5 1.71236
4 6 0.06067
4 7 5.60656
4 8 3.06337
4 9 2.56513
4 10 3.4055
4 11 6.49097
4 12 3.75779
4 13 4.3553
4 14 7.58124
4 15 0.2096
4 16 3.45123
4 17 5.89517
4 18 0.20588
4 19 1.64329
4 20 1.5036
4 21 8.59695
4 22 0.77391
4 23 5.79721
4 24 2.88644
4 25 8.17414
4 26 4.39779
4 27 7.1504
4 28 0.54111
4 29 6.71662
4 30 7.79638
4 31 8.77829
4 32 3.91482
4 33 5.96736
4 34 2.0248
4 35 7.51664
4 36 8.35518
4 37 1.95233
4 38 2.87174
4 39 6.17467
4 40 5.48599
4 41 6.15321
4 42 8.31326
4 43 7.13631
4 44 3.37756
4 45 6.26242
4 46 4.37622
4 47 5.50536
4 48 7.55361
4 49 6.38609
4 50 3.8892
4 51 8.49327
4 52 7.6569
4 53 3.5606
4 54 6.69694
4 55 8.38521
4 56 7.18709
4 57 6.82694
4 58 4.62128
4 59 8.30596
4 60 7.81032
4 61 4.02337
4 62 2.0956
4 63 5.58941
4 64 4.60889
4 65 8.46839
4 66 6.24409
4 67 7.3329
4 68 0.46507
4 69 5.91067
4 70 1.68043
4 71 6.1871
4 72 0.52077
4 73 6.19025
4 74 2.13923
4 75 0.7868
4 76 8.65169
4 77 3.2574
4 78 3.80647
4 79 3.30145
4 80 5.5822
4 81 6.08149
4 82 1.70671
4 83 0.35512
4 84 1.6708
4 85 5.97215
4 86 6.44463
4 87 1.21805
4 88 7.25444
4 89 7.38798
4 90 0.64051
4 91 8.90758
4 92 8.99276
4 93 2.00552
4 94 4.91772
4 95 2.45326
4 96 4.46571
4 97 6.67593
4 98 1.64476
4 99 8.60051
5 6 8.25656
5 7 6.6889
5 8 4.13348
5 9 4.95211
5 10 1.70987
5 11 0.45689
5 12 3.43267
5 13 0.61478
5 14 0.29777
5 15 2.26638
5 16 7.16228
5 17 0.34462
5 18 7.20663
5 19 1.44158
5 20 2.19693
5 21 5.34666
5 22 3.35299
5 23 7.95323
5 24 6.69634
5 25 0.11168
5 26 5.32315
5 27 6.84669
5 28 4.47574
5 29 0.95508
5 30 2.89768
5 31 2.01804
5 32 5.2289
5 33 5.9911
5 34 2.62438
5 35 1.26738
5 36 8.54384
5 37 4.58995
5 38 6.02023
5 39 1.53929
5 40 1.06753
5 41 8.4155
5 42 6.84541
5 43 0.5197
5 44 4.38307
5 45 3.36473
5 46 3.31539
5 47 5.44572
5 48 2.48815
5 49 7.41521
5 50 0.25033
5 51 8.02659
5 52 0.95421
5 53 3.17645
5 54 0.78544
5 55 2.64371
5 56 5.88206
5 57 1.49117
5 58 0.18017
5 59 4.04979
5 60 4.49627
5 61 8.75164
5 62 1.90686
5 63 1.40956
5 64 0.76192
5 65 0.50961
5 66 1.29953
5 67 6.18314
5 68 1.72126
5 69 8.20708
5 70 3.89803
5 71 5.68551
5 72 6.488
5 73 3.23202
5 74 4.97241
5 75 3.71728
5 76 3.73781
5 77 6.65477
5 78 2.27078
5 79 2.47303
5 80 8.00927
5 81 4.80498
5 82 1.21802
5 83 8.73584
5 84 6.07376
5 85 7.16852
5 86 3.53621
5 87 2.07087
5 88 1.28005
5 89 3.39956
5 90 3.87178
5 91 7.70421
5 92 0.40824
5 93 4.68255
5 94 6.90089
5 95 6.20493
5 96 4.00432
5 97 7.68636
5 98 3.805
5 99 1.70534
6 7 0.262
6 8 7.09686
6 9 4.5299
6 10 4.72554
6 11 0.46504
6 12 3.84977
6 13 2.45626
6 14 2.05215
6 15 5.70987
6 16 0.49413
6 17 4.67924
6 18 8.09304
6 19 5.19695
6 20 7.17576
6 21 8.58795
6 22 6.1396
6 23 4.42182
6 24 7.62342
6 25 8.04344
6 26 1.60872
6 27 4.63138
6 28 3.09867
6 29 7.75062
6 30 5.84199
6 31 7.15072
6 32 1.91001
6 33 7.2655
6 34 5.87057
6 35 3.17827
6 36 6.04434
6 37 8.41791
6 38 0.11091
6 39 1.14562
6 40 2.76542
6 41 8.73382
6 42 0.81324
6 43 0.74778
6 44 0.67128
6 45 4.49614
6 46 0.20353
6 47 5.12078
6 48 6.13739
6 49 3.33897
6 50 0.0196
6 51 1.44187
6 52 2.97137
6 53 0.72282
6 54 4.69373
6 55 8.30673
6 56 0.03031
6 57 0.7437
6 58 4.23145
6 59 1.74721
6 60 3.86419
6 61 3.90497
6 62 7.26362
6 63 1.99387
6 64 2.19204
6 65 4.92081
6 66 3.59976
6 67 4.01654
6 68 0.90084
6 69 4.33623
6 70 3.92549
6 71 8.10752
6 72 7.98247
6 73 5.56611
6 74 4.86103
6 75 2.36206
6 76 4.28274
6 77 1.55269
6 78 1.5129
6 79 3.74461
6 80 2.95916
6 81 6.98631
6 82 7.97449
6 83 6.83637
6 84 3.63247
6 85 2.17736
6 86 5.02861
6 87 0.62197
6 88 2.35661
6 89 8.42015
6 90 1.36169
6 91 6.09425
6 92 0.9859
6 93 7.97072
6 94 2.92913
6 95 4.11353
6 96 2.93753
6 97 8.96413
6 98 6.58171
6 99 1.3707
7 8 1.82181
7 9 0.88826
7 10 2.67849
7 11 6.57612
7 12 3.85678
7 13 5.8219
7 14 3.25374
7 15 6.46855
7 16 5.3901
7 17 8.56945
7 18 7.57499
7 19 1.23906
7 20 0.4668
7 21 8.35653
7 22 5.83934
7 23 4.12644
7 24 7.7605
7 25 6.74831
7 26 7.47983
7 27 2.48865
7 28 5.10958
7 29 4.38128
7 30 2.42925
7 31 3.15846
7 32 5.73814
7 33 8.02616
7 34 2.38897
7 35 3.39225
7 36 4.4457
7 37 5.53548
7 38 1.73038
7 39 0.38987
7 40 7.44887
7 41 2.07235
7 42 7.00416
7 43 1.05048
7 44 5.59426
7 45 3.3249
7 46 0.30539
7 47 7.0224
7 48 3.68726
7 49 8.14645
7 50 0.7387
7 51 6.89016
7 52 0.00906
7 53 3.32358
7 54 6.17687
7 55 5.74511
7 56 0.58106
7 57 1.85397
7 58 7.08491
7 59 6.56919
7 60 3.86105
7 61 8.06089
7 62 6.88371
7 63 3.99119
7 64 6.06704
7 65 1.8287
7 66 3.98332
7 67 2.28661
7 68 8.31442
7 69 3.97244
7 70 1.68075
7 71 8.21873
7 72 1.00653
7 73 3.74774
7 74 1.74331
7 75 5.63039
7 76 2.22863
7 77 8.92752
7 78 7.99293
7 79 0.79851
7 80 0.56948
7 81 7.74684
7 82 8.63855
7 83 7.56802
7 84 8.39492
7 85 2.90846
7 86 7.0096
7 87 0.46456
7 88 6.71434
7 89 1.60839
7 90 6.65037
7 91 3.62802
7 92 5.54427
7 93 3.03145
7 94 5.20745
7 95 3.05577
7 96 1.79159
7 97 3.87518
7 98 1.79469
7 99 2.21123
8 9 7.86666
8 10 6.11651
8 11 3.63777
8 12 2.08605
8 13 5.96975
8 14 6.00031
8 15 8.99203
8 16 5.97221
8 17 1.79983
8 18 6.5151
8 19 5.01656
8 20 2.86375
8 21 5.42505
8 22 1.02475
8 23 4.54984
8 24 6.72638
8 25 0.05994
8 26 4.45493
8 27 1.92132
8 28 6.0538
8 29 3.58977
8 30 2.62789
8 31 8.68942
8 32 6.0051
8 33 6.46554
8 34 8.1829
8 35 7.28241
8 36 2.26339
8 37 1.54571
8 38 6.51595
8 39 8.14271
8 40 8.06285
8 41 8.8599
8 42 0.47674
8 43 7.5581
8 44 0.2144
8 45 5.68808
8 46 5.21125
8 47 1.17081
8 48 5.9572
8 49 4.99443
8 50 1.47328
8 51 8.1392
8 52 1.15251
8 53 4.0697
8 54 1.24624
8 55 7.48059
8 56 7.61872
8 57 7.55964
8 58 0.07741
8 59 0.32848
8 60 5.62306
8 61 8.99156
8 62 5.51554
8 63 3.05592
8 64 7.04709
8 65 2.19868
8 66 3.40147
8 67 3.08759
8 68 4.60095
8 69 1.22409
8 70 1.03321
8 71 7.62648
8 72 0.97191
8 73 1.12868
8 74 1.39807
8 75 6.06342
8 76 4.41517
8 77 3.49277
8 78 4.01829
8 79 0.63974
8 80 5.81208
8 81 2.38652
8 82 6.23465
8 83 7.29162
8 84 8.10502
8 85 7.82766
8 86 4.27007
8 87 8.33749
8 88 8.06789
8 89 5.76664
8 90 6.32913
8 91 4.44129
8 92 7.74567
8 93 6.54339
8 94 1.29919
8 95 8.46068
8 96 1.12629
8 97 5.05304
8 98 8.67487
8 99 7.48648
9 10 5.10651
9 11 0.41768
9 12 5.09715
9 13 3.91357
9 14 0.0709
9 15 8.92869
9 16 3.34871
9 17 1.05103
9 18 2.90971
9 19 1.78013
9 20 4.94941
9 21 7.81247
9 22 0.83309
9 23 2.87268
9 24 6.29691
9 25 0.26472
9 26 8.53008
9 27 6.78185
9 28 2.84427
9 29 0.02045
9 30 4.40851
9 31 0.7008
9 32 1.1083
9 33 2.66167
9 34 2.5589
9 35 3.67911
9 36 1.30667
9 37 4.01844
9 38 4.3778
9 39 7.60609
9 40 6.93607
9 41 7.48256
9 42 7.31083
9 43 4.58371
9 44 3.11627
9 45 4.03317
9 46 5.99762
9 47 1.80452
9 48 3.60482
9 49 1.39867
9 50 4.23984
9 51 1.51016
9 52 3.37529
9 53 1.33115
9 54 0.39942
9 55 4.81802
9 56 3.05513
9 57 5.93768
9 58 2.90642
9 59 4.16164
9 60 3.81025
9 61 1.55267
9 62 6.9391
9 63 8.13373
9 64 1.77038
9 65 0.82417
9 66 5.29254
9 67 4.05933
9 68 3.91724
9 69 4.57676
9 70 1.88376
9 71 7.73258
9 72 6.67558
9 73 4.48617
9 74 7.57848
9 75 0.03921
9 76 2.88826
9 77 5.79597
9 78 8.0321
9 79 2.71376
9 80 6.27756
9 81 2.34377
9 82 8.95586
9 83 4.1041
9 84 8.5349
9 85 0.65077
9 86 4.1655
9 87 0.60093
9 88 2.63909
9 89 4.51171
9 90 5.33962
9 91 4.52855
9 92 6.59997
9 93 8.59288
9 94 1.79568
9 95 7.71894
9 96 0.18798
9 97 1.36253
9 98 8.51147
9 99 8.06542
10 11 4.43755
10 12 6.22918
10 13 3.94387
10 14 1.75022
10 15 7.9956
10 16 5.91992
10 17 6.06289
10 18 3.10463
10 19 1.09175
10 20 4.73952
10 21 2.60219
10 22 0.0676
10 23 6.76365
10 24 0.80884
10 25 5.97365
10 26 3.85604
10 27 7.83856
10 28 5.6722
10 29 0.26838
10 30 2.57942
10 31 7.25172
10 32 2.94116
10 33 7.96794
10 34 5.39999
10 35 7.27678
10 36 4.69981
10 37 2.27472
10 38 2.2918
10 39 4.47423
10 40 8.65763
10 41 4.33183
10 42 7.88632
10 43 2.33824
10 44 4.57554
10 45 1.66359
10 46 2.49162
10 47 0.70115
10 48 4.06427
10 49 5.05222
10 50 5.73085
10 51 5.12755
10 52 5.41198
10 53 7.37972
10 54 0.22772
10 55 0.76497
10 56 0.69876
10 57 3.05241
10 58 8.11647
10 59 1.34011
10 60 7.03932
10 61 2.24522
10 62 4.24106
10 63 8.075
10 64 0.03026
10 65 3.95586
10 66 8.60735
10 67 3.47142
10 68 1.02111
10 69 6.71818
10 70 0.67706
10 71 8.08157
10 72 2.46003
10 73 1.95079
10 74 7.60627
10 75 4.52981
10 76 3.2492
10 77 5.22672
10 78 5.15762
10 79 0.14836
10 80 6.35825
10 81 3.2329
10 82 3.46276
10 83 7.84963
10 84 4.00689
10 85 4.11118
10 86 3.66659
10 87 5.5842
10 88 6.47937
10 89 7.8231
10 90 1.15778
10 91 2.43969
10 92 7.124
10 93 2.10659
10 94 2.02408
10 95 7.05463
10 96 4.46274
10 97 2.91792
10 98 5.01081
10 99 1.04282
11 12 7.52753
11 13 3.08656
11 14 8.00141
11 15 4.30802
11 16 6.78271
11 17 6.95517
11 18 2.96238
11 19 0.17986
11 20 8.65185
11 21 5.66733
11 22 1.50264
11 23 1.55605
11 24 1.45375
11 25 7.63589
11 26 5.75259
11 27 5.65614
11 28 0.48774
11 29 6.96866
11 30 4.18897
11 31 2.33128
11 32 2.41012
11 33 2.12358
11 34 3.17248
11 35 1.3576
11 36 2.54156
11 37 0.73091
11 38 1.22682
11 39 6.48165
11 40 8.49201
11 41 7.05836
11 42 5.7513
11 43 4.07254
11 44 5.03599
11 45 8.736
11 46 8.92809
11 47 8.47299
11 48 7.47231
11 49 2.70191
11 50 4.02293
11 51 2.91716
11 52 3.61027
11 53 6.92615
11 54 5.37492
11 55 0.51579
11 56 8.0462
11 57 7.15922
11 58 1.89462
11 59 6.32587
11 60 6.85436
11 61 7.39395
11 62 2.97144
11 63 4.09317
11 64 4.88302
11 65 1.4446
11 66 3.59886
11 67 0.65972
11 68 4.87356
11 69 0.25072
11 70 2.87495
11 71 3.24079
11 72 6.04643
11 73 7.63263
11 74 0.84393
11 75 0.19043
11 76 4.1022
11 77 3.41329
11 78 4.29007
11 79 2.61911
11 80 5.21137
11 81 8.76546
11 82 4.88569
11 83 4.38705
11 84 5.38194
11 85 4.65596
11 86 1.81034
11 87 5.51106
11 88 8.78368
11 89 0.62134
11 90 1.37932
11 91 5.83472
11 92 6.33587
11 93 7.79036
11 94 3.0541
11 95 1.20831
11 96 0.47391
11 97 0.23257
11 98 4.01282
11 99 0.90985
12 13 2.66376
12 14 8.70654
12 15 2.01074
12 16 5.53666
12 17 4.33463
12 18 5.24205
12 19 1.95154
12 20 0.24586
12 21 6.96079
12 22 1.74066
12 23 6.2651
12 24 1.48447
12 25 8.93234
12 26 2.59594
12 27 0.33591
12 28 2.02452
12 29 4.23368
12 30 2.40761
12 31 5.38563
12 32 4.89555
12 33 3.79855
12 34 6.70674
12 35 1.0252
12 36 1.25388
12 37 6.70584
12 38 7.68342
12 39 4.63841
12 40 0.44937
12 41 7.89604
12 42 8.07764
12 43 1.7333
12 44 8.05797
12 45 3.03792
12 46 2.5978
12 47 5.78033
12 48 4.90721
12 49 6.90511
12 50 3.15759
12 51 2.16458
12 52 7.24472
12 53 3.83267
12 54 2.13211
12 55 0.51092
12 56 3.3915
12 57 4.44839
12 58 2.1315
12 59 7.5381
12 60 2.71232
12 61 4.98633
12 62 2.07908
12 63 7.56253
12 64 5.95936
12 65 8.04032
12 66 6.82621
12 67 1.21045
12 68 0.33194
12 69 7.37282
12 70 2.8133
12 71 7.44339
12 72 1.2199
12 73 2.52816
12 74 1.38502
12 75 0.01543
12 76 7.82675
12 77 1.71119
12 78 8.35453
12 79 5.36587
12 80 6.36501
12 81 7.49929
12 82 6.52283
12 83 8.53527
12 84 6.55464
12 85 3.69381
12 86 6.59975
12 87 7.69422
12 88 6.79791
12 89 3.56569
12 90 4.86678
12 91 2.41453
12 92 8.24967
12 93 2.82339
12 94 3.90398
12 95 7.70283
12 96 5.87252
12 97 4.63254
12 98 2.18407
12 99 3.36809
13 14 5.26563
13 15 0.57561
13 16 1.93558
13 17 3.46263
13 18 6.2558
13 19 6.20071
13 20 6.90279
13 21 0.20931
13 22 1.06039
13 23 4.66747
13 24 7.38948
13 25 6.57799
13 26 5.83553
13 27 1.19282
13 28 7.21179
13 29 0.20613
13 30 4.95141
13 31 6.25911
13 32 7.17923
13 33 3.00554
13 34 2.71932
13 35 5.61093
13 36 0.62702
13 37 3.16939
13 38 5.67127
13 39 3.60808
13 40 2.56889
13 41 7.00085
13 42 5.22862
13 43 3.06309
13 44 5.35757
13 45 6.3817
13 46 0.70729
13 47 5.52772
13 48 6.06696
13 49 2.03189
13 50 3.08725
13 51 2.304
13 52 1.77833
13 53 3.16283
13 54 3.66717
13 55 3.89644
13 56 5.26934
13 57 7.7387
13 58 6.32467
13 59 0.57339
13 60 6.88415
13 61 2.09939
13 62 8.58287
13 63 8.70302
13 64 2.28575
13 65 8.79887
13 66 5.40948
13 67 0.96854
13 68 6.67702
13 69 7.67659
13 70 6.58322
13 71 7.65308
13 72 5.80889
13 73 6.76676
13 74 7.27753
13 75 1.85868
13 76 1.5268
13 77 4.91149
13 78 7.84433
13 79 0.41057
13 80 2.16146
13 81 7.69729
13 82 8.78234
13 83 8.70994
13 84 4.45818
13 85 7.56675
13 86 1.50992
13 87 8.29366
13 88 8.33975
13 89 3.80518
13 90 0.61681
13 91 5.24611
13 92 6.49015
13 93 0.70119
13 94 8.68097
13 95 7.32715
13 96 4.34197
13 97 5.10233
13 98 2.74706
13 99 8.07531
14 15 7.00896
14 16 4.54448
14 17 4.79721
14 18 8.69155
14 19 7.75411
14 20 1.35526
14 21 4.66167
14 22 5.59616
14 23 2.84182
14 24 2.33402
14 25 2.61977
14 26 5.12116
14 27 2.72759
14 28 6.03036
14 29 5.23833
14 30 6.40835
14 31 1.23985
14 32 8.88713
14 33 2.45207
14 34 8.74821
14 35 4.26324
14 36 8.51509
14 37 1.62204
14 38 3.52166
14 39 1.14105
14 40 1.14365
14 41 7.48463
14 42 4.53843
14 43 4.54474
14 44 4.49969
14 45 7.91269
14 46 7.81476
14 47 5.29498
14 48 2.72187
14 49 0.46768
14 50 5.78976
14 51 0.42035
14 52 5.98716
14 53 1.87317
14 54 7.65882
14 55 0.11555
14 56 6.96127
14 57 4.85584
14 58 8.9638
14 59 6.24247
14 60 8.24957
14 61 0.14638
14 62 8.86395
14 63 4.22439
14 64 8.26979
14 65 6.68747
14 66 6.84296
14 67 8.79831
14 68 5.89053
14 69 0.42673
14 70 4.66595
14 71 5.92127
14 72 5.06926
14 73 7.38001
14 74 7.50924
14 75 8.67329
14 76 3.6861
14 77 8.65003
14 78 8.02682
14 79 1.45527
14 80 0.23261
14 81 0.74116
14 82 4.37426
14 83 1.78914
14 84 2.22402
14 85 6.64799
14 86 4.36453
14 87 6.4392
14 88 1.91969
14 89 6.99829
14 90 3.32872
14 91 7.91175
14 92 0.0149
14 93 2.1028
14 94 7.67733
14 95 8.12025
14 96 5.61901
14 97 2.47032
14 98 3.08801
14 99 2.87846
15 16 5.19789
15 17 0.38977
15 18 0.05686
15 19 1.33152
15 20 8.59423
15 21 0.42715
15 22 5.60324
15 23 0.4564
15 24 3.10801
15 25 3.63884
15 26 8.59603
15 27 6.72635
15 28 0.56197
15 29 1.93136
15 30 3.69462
15 31 2.41542
15 32 7.5335
15 33 1.70985
15 34 1.53818
15 35 3.56275
15 36 2.49453
15 37 7.95392
15 38 6.06511
15 39 8.97777
15 40 8.83424
15 41 5.24324
15 42 5.25859
15 43 0.84651
15 44 5.92055
15 45 5.67677
15 46 3.0573
15 47 1.61594
15 48 6.15941
15 49 8.71117
15 50 5.55183
15 51 6.21502
15 52 3.66275
15 53 1.5771
15 54 1.47039
15 55 8.48413
15 56 4.27537
15 57 3.40281
15 58 5.24446
15 59 6.01225
15 60 7.70092
15 61 6.79673
15 62 6.12468
15 63 3.33962
15 64 3.94364
15 65 2.65906
15 66 6.13409
15 67 6.35884
15 68 5.85309
15 69 4.47754
15 70 6.02825
15 71 2.1108
15 72 1.95591
15 73 1.78761
15 74 3.26333
15 75 3.00255
15 76 4.9534
15 77 2.20916
15 78 1.57941
15 79 6.98883
15 80 3.48079
15 81 2.64539
15 82 2.1365
15 83 3.21312
15 84 7.15096
15 85 3.39842
15 86 0.15715
15 87 4.4686
15 88 8.87906
15 89 3.17831
15 90 2.39397
15 91 7.80894
15 92 1.31693
15 93 0.46399
15 94 3.54317
15 95 1.14245
15 96 6.69636
15 97 4.60243
15 98 1.42052
15 99 0.83562
16 17 2.67894
16 18 4.73167
16 19 0.11514
16 20 2.25374
16 21 0.14671
16 22 3.16971
16 23 7.93329
16 24 0.79261
16 25 8.50075
16 26 7.62907
16 27 3.03328
16 28 0.84665
16 29 2.31272
16 30 7.48531
16 31 4.43242
16 32 7.92086
16 33 3.18424
16 34 0.01111
16 35 2.84754
16 36 7.92671
16 37 4.9071
16 38 5.4133
16 39 1.55033
16 40 6.52118
16 41 3.74221
16 42 8.47931
16 43 0.2487
16 44 6.63552
16 45 3.95721
16 46 4.82391
16 47 8.68834
16 48 7.60328
16 49 5.35285
16 50 7.40914
16 51 2.29103
16 52 8.50053
16 53 5.67291
16 54 1.12758
16 55 0.63289
16 56 7.61603
16 57 1.15244
16 58 3.53821
16 59 8.53166
16 60 1.89256
16 61 3.70868
16 62 6.1962
16 63 0.99679
16 64 6.32527
16 65 5.68654
16 66 8.26974
16 67 5.11319
16 68 3.93693
16 69 0.33461
16 70 8.89111
16 71 7.01853
16 72 7.78421
16 73 0.45183
16 74 6.18225
16 75 2.05756
16 76 1.68921
16 77 8.25644
16 78 1.27544
16 79 0.30861
16 80 5.07814
16 81 1.87664
16 82 3.3121
16 83 0.82955
16 84 4.36412
16 85 1.9616
16 86 8.64019
16 87 5.73556
16 88 5.76659
16 89 5.09201
16 90 8.42288
16 91 0.94046
16 92 5.09623
16 93 7.21992
16 94 0.33532
16 95 0.10386
16 96 0.27515
16 97 1.39227
16 98 2.37172
16 99 7.12344
17 18 5.52176
17 19 8.66132
17 20 0.56602
17 21 3.67977
17 22 7.99764
17 23 5.6744
17 24 8.53208
17 25 2.0683
17 26 5.63603
17 27 4.91939
17 28 2.12236
17 29 6.04951
17 30 2.02787
17 31 0.31406
17 32 4.62089
17 33 3.80186
17 34 1.28052
17 35 7.31849
17 36 4.49714
17 37 4.69525
17 38 2.70142
17 39 1.92473
17 40 6.17274
17 41 2.83068
17 42 5.02345
17 43 0.9377
17 44 4.33491
17 45 4.15915
17 46 6.15495
17 47 0.20609
17 48 0.94123
17 49 1.13663
17 50 1.06049
17 51 8.73078
17 52 2.44574
17 53 4.91169
17 54 1.79118
17 55 6.87399
17 56 7.22793
17 57 5.39796
17 58 2.82932
17 59 8.79079
17 60 4.33011
17 61 0.96785
17 62 0.8453
17 63 7.58692
17 64 5.01495
17 65 2.83915
17 66 6.62866
17 67 4.11617
17 68 8.17683
17 69 4.26732
17 70 1.56626
17 71 1.89994
17 72 0.40058
17 73 8.436
17 74 5.0525
17 75 1.48775
17 76 4.07462
17 77 3.60067
17 78 3.5032
17 79 5.25208
17 80 8.51638
17 81 0.31648
17 82 7.28241
17 83 0.82839
17 84 6.7037
17 85 4.46876
17 86 6.90524
17 87 6.00873
17 88 8.52989
17 89 0.57869
17 90 7.60889
17 91 8.79904
17 92 8.31855
17 93 1.81597
17 94 4.79051
17 95 4.20404
17 96 3.9302
17 97 2.31358
17 98 5.27313
17 99 7.23198
18 19 3.08798
18 20 4.85632
18 21 2.2586
18 22 2.76789
18 23 1.25965
18 24 1.63399
18 25 7.06225
18 26 8.94443
18 27 0.65174
18 28 0.35835
18 29 5.40979
18 30 5.33601
18 31 7.9382
18 32 4.63446
18 33 1.22302
18 34 1.98567
18 35 7.36913
18 36 4.18763
18 37 4.60778
18 38 5.46144
18 39 5.89926
18 40 4.55008
18 41 1.08862
18 42 8.11022
18 43 2.70354
18 44 1.24388
18 45 1.08477
18 46 2.81553
18 47 3.34273
18 48 5.85305
18 49 0.22907
18 50 2.99085
18 51 2.34294
18 52 2.25319
18 53 2.02933
18 54 1.62208
18 55 5.02499
18 56 0.15174
18 57 8.11882
18 58 7.42926
18 59 4.50122
18 60 4.30602
18 61 4.19628
18 62 8.70437
18 63 7.41718
18 64 2.20725
18 65 6.4558
18 66 2.49347
18 67 1.32536
18 68 5.44931
18 69 1.91931
18 70 4.72056
18 71 3.70644
18 72 1.22319
18 73 3.63621
18 74 6.24311
18 75 2.98656
18 76 6.93282
18 77 8.97377
18 78 3.24939
18 79 0.75422
18 80 5.94316
18 81 3.3638
18 82 6.66924
18 83 1.12295
18 84 8.40299
18 85 7.2956
18 86 1.48175
18 87 5.36173
18 88 6.55958
18 89 1.19165
18 90 1.29906
18 91 8.15778
18 92 5.88566
18 93 2.80394
18 94 6.4464
18 95 8.68871
18 96 2.57825
18 97 2.7281
18 98 3.92222
18 99 6.85898
19 20 5.18178
19 21 6.38072
19 22 0.89115
19 23 5.6868
19 24 7.34926
19 25 2.90046
19 26 2.47298
19 27 4.27472
19 28 7.12137
19 29 1.14382
19 30 6.29854
19 31 7.22184
19 32 6.99357
19 33 2.02416
19 34 5.03333
19 35 5.39179
19 36 3.04405
19 37 3.83715
19 38 0.80882
19 39 4.14021
19 40 5.20561
19 41 8.67814
19 42 3.85372
19 43 3.34458
19 44 6.40555
19 45 8.82106
19 46 7.63675
19 47 5.29471
19 48 7.85282
19 49 6.15098
19 50 8.54246
19 51 7.57496
19 52 5.51062
19 53 4.53649
19 54 5.59068
19 55 3.29065
19 56 0.99567
19 57 4.23826
19 58 2.19687
19 59 8.77134
19 60 5.28869
19 61 5.93729
19 62 0.30686
19 63 4.07793
19 64 0.29821
19 65 8.05755
19 66 8.87701
19 67 8.90634
19 68 6.73361
19 69 1.84731
19 70 3.78479
19 71 1.08317
19 72 4.55352
19 73 5.52594
19 74 8.82409
19 75 0.7342
19 76 6.04934
19 77 6.7555
19 78 3.26428
19 79 0.15007
19 80 2.1679
19 81 6.07942
19 82 4.30666
19 83 6.20419
19 84 1.82753
19 85 0.64274
19 86 5.71886
19 87 4.49633
19 88 3.53259
19 89 5.49876
19 90 7.34319
19 91 7.12286
19 92 8.64266
19 93 4.62879
19 94 3.27311
19 95 0.75808
19 96 5.78484
19 97 6.42914
19 98 2.33809
19 99 3.79672
20 21 5.42063
20 22 4.44131
20 23 0.78649
20 24 2.60852
20 25 1.42541
20 26 0.66159
20 27 5.62205
20 28 2.48197
20 29 6.12756
20 30 0.14633
20 31 0.37037
20 32 8.87241
20 33 5.60275
20 34 3.66126
20 35 2.08964
20 36 1.15427
20 37 0.87829
20 38 0.61578
20 39 3.018
20 40 0.74561
20 41 6.53294
20 42 3.0731
20 43 8.08584
20 44 5.18858
20 45 8.21595
20 46 2.09933
20 47 4.10163
20 48 2.10371
20 49 6.48985
20 50 6.53407
20 51 7.91763
20 52 8.39466
20 53 7.15012
20 54 2.67298
20 55 7.24789
20 56 8.38216
20 57 8.2119
20 58 6.44812
20 59 3.13182
20 60 6.28509
20 61 7.02958
20 62 2.39245
20 63 2.05086
20 64 1.16936
20 65 1.38796
20 66 4.97072
20 67 4.22722
20 68 6.11982
20 69 4.76656
20 70 0.8541
20 71 6.484
20 72 5.8281
20 73 3.84504
20 74 8.52599
20 75 5.82665
20 76 2.39166
20 77 5.97343
20 78 4.62704
20 79 1.56688
20 80 5.50412
20 81 2.02638
20 82 0.71165
20 83 3.53625
20 84 3.44574
20 85 1.94486
20 86 1.95212
20 87 8.12321
20 88 2.35574
20 89 2.20744
20 90 5.65149
20 91 0.48907
20 92 2.70168
20 93 2.44145
20 94 0.4689
20 95 5.98878
20 96 5.77464
20 97 8.81002
20 98 3.55497
20 99 3.65195
21 22 8.44033
21 23 4.30712
21 24 3.80853
21 25 0.72203
21 26 5.73587
21 27 5.54659
21 28 3.25454
21 29 8.49736
21 30 2.17949
21 31 0.6201
21 32 5.94894
21 33 4.26134
21 34 7.83205
21 35 4.46438
21 36 3.96912
21 37 4.40118
21 38 6.17461
21 39 7.32875
21 40 1.58775
21 41 1.92717
21 42 4.52137
21 43 6.77963
21 44 7.45187
21 45 7.0464
21 46 0.58484
21 47 5.43628
21 48 0.26683
21 49 7.96008
21 50 4.73866
21 51 4.24057
21 52 1.43797
21 53 4.92029
21 54 6.53813
21 55 1.30026
21 56 7.55472
21 57 3.45504
21 58 0.21989
21 59 8.22603
21 60 8.7123
21 61 4.7495
21 62 2.69372
21 63 4.43963
21 64 8.75883
21 65 3.79559
21 66 3.31478
21 67 6.40391
21 68 5.61789
21 69 6.69754
21 70 4.65067
21 71 6.96
21 72 7.13041
21 73 6.46108
21 74 5.30095
21 75 7.84971
21 76 1.02793
21 77 0.12268
21 78 7.89446
21 79 1.83307
21 80 8.30304
21 81 8.13656
21 82 4.23145
21 83 7.01287
21 84 0.40704
21 85 2.91957
21 86 2.79267
21 87 1.90605
21 88 0.39171
21 89 1.47418
21 90 3.91288
21 91 8.73981
21 92 0.6281
21 93 3.38165
21 94 4.03746
21 95 4.26032
21 96 8.19451
21 97 6.29493
21 98 4.8468
21 99 5.40361
22 23 6.25674
22 24 6.71018
22 25 2.94169
22 26 8.3529
22 27 0.32278
22 28 0.85053
22 29 5.17324
22 30 6.67106
22 31 8.12061
22 32 7.57047
22 33 5.79424
22 34 6.10545
22 35 5.571
22 36 4.20116
22 37 4.45413
22 38 1.11888
22 39 1.01625
22 40 5.8659
22 41 8.49423
22 42 2.13144
22 43 0.6735
22 44 5.67777
22 45 7.35356
22 46 3.2406
22 47 2.91872
22 48 2.23119
22 49 0.88266
22 50 2.99752
22 51 2.17056
22 52 7.70763
22 53 1.93864
22 54 2.07726
22 55 4.93105
22 56 5.64294
22 57 4.31602
22 58 1.08837
22 59 6.21206
22 60 7.75599
22 61 0.97547
22 62 8.27251
22 63 7.72491
22 64 4.2475
22 65 1.25909
22 66 2.31769
22 67 8.4619
22 68 3.32165
22 69 1.70976
22 70 0.01583
22 71 0.19096
22 72 6.22595
22 73 6.13479
22 74 3.12756
22 75 5.16281
22 76 3.8633
22 77 6.52322
22 78 2.86627
22 79 1.6737
22 80 5.4108
22 81 3.26967
22 82 7.68394
22 83 7.00508
22 84 7.36219
22 85 1.96328
22 86 2.32672
22 87 6.6078
22 88 4.88199
22 89 2.55886
22 90 1.13976
22 91 0.6598
22 92 5.44206
22 93 8.61353
22 94 4.91668
22 95 3.83204
22 96 0.29506
22 97 0.33752
22 98 1.54081
22 99 2.72183
23 24 8.82207
23 25 4.68103
23 26 4.33868
23 27 0.01803
23 28 7.75964
23 29 6.9303
23 30 1.79993
23 31 6.85515
23 32 2.99754
23 33 2.76724
23 34 1.18066
23 35 2.36895
23 36 7.32281
23 37 8.44323
23 38 0.46724
23 39 2.96818
23 40 5.45226
23 41 4.55967
23 42 0.71114
23 43 8.09464
23 44 5.91642
23 45 1.5761
23 46 0.29177
23 47 5.21462
23 48 1.45579
23 49 6.87778
23 50 7.718
23 51 2.80228
23 52 8.71273
23 53 2.71298
23 54 0.13472
23 55 2.40767
23 56 5.41486
23 57 8.91459
23 58 5.55952
23 59 6.77094
23 60 3.6702
23 61 0.12246
23 62 8.21376
23 63 6.26398
23 64 2.22009
23 65 1.27466
23 66 2.6775
23 67 7.32757
23 68 2.09132
23 69 6.58354
23 70 8.73112
23 71 6.44542
23 72 3.10298
23 73 3.63319
23 74 3.70802
23 75 0.98577
23 76 3.70608
23 77 7.55297
23 78 6.96517
23 79 2.4568
23 80 7.78516
23 81 2.09975
23 82 7.46621
23 83 6.97411
23 84 2.64091
23 85 1.15647
23 86 1.06339
23 87 3.29717
23 88 2.79399
23 89 1.71711
23 90 6.92246
23 91 6.74058
23 92 1.18683
23 93 8.18913
23 94 1.56159
23 95 3.79458
23 96 2.29271
23 97 3.11698
23 98 5.47117
23 99 3.54262
24 25 0.00449
24 26 2.93693
24 27 0.94141
24 28 5.9505
24 29 5.37741
24 30 8.26069
24 31 5.70211
24 32 4.50048
24 33 7.13813
24 34 2.45113
24 35 1.78741
24 36 5.8037
24 37 0.98322
24 38 0.24412
24 39 5.58419
24 40 0.77905
24 41 7.22153
24 42 7.87701
24 43 8.34571
24 44 3.25765
24 45 3.4298
24 46 5.62852
24 47 6.38571
24 48 2.64208
24 49 3.68737
24 50 3.79165
24 51 3.5714
24 52 8.68253
24 53 0.09068
24 54 8.28797
24 55 5.17498
24 56 0.24924
24 57 0.15374
24 58 6.93056
24 59 6.36545
24 60 5.76736
24 61 5.82069
24 62 4.62975
24 63 2.44054
24 64 5.29185
24 65 2.68387
24 66 4.62014
24 67 2.70884
24 68 0.71447
24 69 2.49948
24 70 2.25184
24 71 8.47249
24 72 1.04303
24 73 6.84209
24 74 2.08049
24 75 7.31291
24 76 8.50485
24 77 0.17784
24 78 6.41801
24 79 0.0634
24 80 8.31792
24 81 7.26525
24 82 6.75604
24 83 3.18806
24 84 5.20391
24 85 5.76742
24 86 4.91058
24 87 8.90907
24 88 0.21342
24 89 1.1903
24 90 6.78733
24 91 3.58921
24 92 1.95223
24 93 1.09539
24 94 6.27914
24 95 4.61501
24 96 1.133
24 97 8.41058
24 98 1.78403
24 99 2.30295
25 26 2.40794
25 27 7.45559
25 28 7.36484
25 29 6.72257
25 30 3.64818
25 31 1.43279
25 32 0.73389
25 33 7.41378
25 34 8.45443
25 35 4.44745
25 36 1.2846
25 37 0.08332
25 38 2.17118
25 39 2.8154
25 40 3.80398
25 41 3.19161
25 42 8.09228
25 43 3.48966
25 44 2.2239
25 45 3.06325
25 46 4.85133
25 47 8.2545
25 48 4.44209
25 49 3.63311
25 50 0.86368
25 51 3.30347
25 52 6.64077
25 53 4.75646
25 54 2.27465
25 55 5.99661
25 56 7.50656
25 57 4.43821
25 58 0.60721
25 59 0.34401
25 60 3.63567
25 61 3.55881
25 62 5.08831
25 63 5.03261
25 64 8.64644
25 65 0.93572
25 66 3.46505
25 67 1.40633
25 68 3.63486
25 69 6.88365
25 70 2.61941
25 71 7.28793
25 72 8.5803
25 73 3.91135
25 74 5.08088
25 75 1.03789
25 76 6.83693
25 77 5.43634
25 78 5.43968
25 79 7.12306
25 80 4.92228
25 81 8.44898
25 82 4.16098
25 83 0.76908
25 84 5.51911
25 85 5.28241
25 86 7.50332
25 87 2.54777
25 88 0.03049
25 89 2.84875
25 90 7.94501
25 91 4.08375
25 92 2.96221
25 93 5.63957
25 94 8.50007
25 95 2.55385
25 96 3.4925
25 97 8.36722
25 98 1.98979
25 99 5.20748
26 27 4.96515
26 28 1.66134
26 29 4.76422
26 30 2.92788
26 31 8.72038
26 32 7.01879
26 33 3.39841
26 34 4.57282
26 35 1.88161
26 36 4.33468
26 37 1.95501
26 38 0.55302
26 39 6.9256
26 40 4.44954
26 41 8.58786
26 42 4.65637
26 43 7.32378
26 44 8.17417
26 45 6.22562
26 46 3.17426
26 47 6.1826
26 48 7.15
26 49 6.47763
26 50 1.3927
26 51 0.69342
26 52 2.25842
26 53 2.43204
26 54 1.60279
26 55 4.69512
26 56 7.75081
26 57 1.63144
26 58 6.18501
26 59 0.12517
26 60 7.723
26 61 2.54901
26 62 3.0631
26 63 4.29357
26 64 6.07169
26 65 0.775
26 66 0.40977
26 67 7.85837
26 68 1.14688
26 69 1.54437
26 70 5.51361
26 71 5.02959
26 72 7.92245
26 73 0.15646
26 74 4.19041
26 75 8.22308
26 76 8.53605
26 77 0.42786
26 78 3.46509
26 79 5.53599
26 80 0.64693
26 81 4.82982
26 82 5.54013
26 83 3.6914
26 84 6.83702
26 85 7.58901
26 86 6.85265
26 87 0.52346
26 88 4.60728
26 89 1.36393
26 90 3.41647
26 91 7.338
26 92 8.05952
26 93 0.3651
26 94 2.03513
26 95 7.26027
26 96 3.68525
26 97 0.51042
26 98 3.16897
26 99 6.89955
27 28 6.14248
27 29 1.77592
27 30 7.44159
27 31 3.10752
27 32 3.15503
27 33 8.96489
27 34 6.12713
27 35 3.78904
27 36 5.64171
27 37 2.69128
27 38 8.66622
27 39 8.36043
27 40 8.85525
27 41 5.51645
27 42 5.51375
27 43 8.08556
27 44 4.02007
27 45 6.06234
27 46 3.48955
27 47 1.00116
27 48 1.99702
27 49 3.73822
27 50 5.65607
27 51 1.9751
27 52 0.57176
27 53 0.40404
27 54 5.11494
27 55 5.4738
27 56 5.26213
27 57 7.20405
27 58 3.83691
27 59 6.85093
27 60 1.02804
27 61 0.27307
27 62 0.03592
27 63 6.71408
27 64 7.48544
27 65 2.05283
27 66 6.34305
27 67 5.85011
27 68 2.35478
27 69 4.56738
27 70 7.79261
27 71 2.04738
27 72 2.47929
27 73 5.50117
27 74 7.14001
27 75 0.52898
27 76 8.98155
27 77 3.88468
27 78 3.65787
27 79 3.03068
27 80 0.55193
27 81 6.14892
27 82 6.29745
27 83 8.8981
27 84 4.77997
27 85 2.82828
27 86 0.06857
27 87 8.19765
27 88 8.45338
27 89 3.78802
27 90 3.146
27 91 2.41244
27 92 3.6595
27 93 5.59613
27 94 7.81806
27 95 0.35013
27 96 1.57462
27 97 5.62115
27 98 0.06761
27 99 7.98678
28 29 4.23685
28 30 4.47276
28 31 6.96574
28 32 1.57389
28 33 8.68223
28 34 2.94768
28 35 0.43748
28 36 6.05255
28 37 2.20777
28 38 2.19885
28 39 0.40137
28 40 2.83799
28 41 7.72071
28 42 4.242
28 43 2.3611
28 44 8.29284
28 45 6.28112
28 46 1.28565
28 47 0.60134
28 48 6.87685
28 49 1.65176
28 50 7.67448
28 51 6.74084
28 52 8.68549
28 53 6.9935
28 54 0.38103
28 55 5.87419
28 56 3.46624
28 57 8.87674
28 58 7.74472
28 59 8.91391
28 60 3.98093
28 61 7.57515
28 62 8.08409
28 63 5.20351
28 64 2.4039
28 65 0.33405
28 66 2.84853
28 67 7.82473
28 68 7.58303
28 69 3.07255
28 70 2.64019
28 71 5.05649
28 72 3.20198
28 73 5.30545
28 74 3.99638
28 75 3.46878
28 76 2.17276
28 77 3.38375
28 78 0.68305
28 79 3.7592
28 80 6.09367
28 81 0.71122
28 82 5.9642
28 83 0.81682
28 84 5.73238
28 85 6.25695
28 86 0.84957
28 87 7.18
28 88 0.67638
28 89 7.14884
28 90 3.73217
28 91 4.93767
28 92 7.49879
28 93 0.48435
28 94 4.25012
28 95 4.95414
28 96 8.09069
28 97 4.32686
28 98 4.62987
28 99 3.47709
29 30 0.13903
29 31 5.66596
29 32 5.66861
29 33 0.96045
29 34 4.85185
29 35 0.84691
29 36 7.54669
29 37 7.49697
29 38 0.41664
29 39 5.52812
29 40 7.79524
29 41 4.96254
29 42 0.89943
29 43 6.09256
29 44 3.39514
29 45 2.34157
29 46 6.25226
29 47 5.82531
29 48 4.68318
29 49 6.64733
29 50 4.90918
29 51 6.51314
29 52 6.10024
29 53 0.53499
29 54 1.10865
29 55 5.55174
29 56 2.67516
29 57 1.57635
29 58 7.3018
29 59 1.1923
29 60 5.36206
29 61 8.8029
29 62 0.68055
29 63 6.69483
29 64 1.31043
29 65 0.17355
29 66 7.24716
29 67 3.38662
29 68 0.73749
29 69 4.04801
29 70 0.76694
29 71 3.10141
29 72 3.54853
29 73 4.92333
29 74 0.42316
29 75 5.48703
29 76 7.76962
29 77 6.33233
29 78 8.94085
29 79 3.64486
29 80 8.54725
29 81 5.88391
29 82 7.88754
29 83 4.74606
29 84 3.80615
29 85 0.95643
29 86 0.10315
29 87 1.97302
29 88 3.32007
29 89 7.52347
29 90 4.29413
29 91 2.35769
29 92 7.46586
29 93 4.11037
29 94 1.39259
29 95 7.7723
29 96 5.76651
29 97 1.14878
29 98 2.63086
29 99 7.51084
30 31 8.49399
30 32 7.01787
30 33 6.76649
30 34 1.51395
30 35 8.98901
30 36 0.20019
30 37 8.79514
30 38 4.50246
30 39 8.11807
30 40 6.12631
30 41 8.50884
30 42 8.42642
30 43 1.14658
30 44 3.99429
30 45 0.2241
30 46 1.8787
30 47 1.90645
30 48 2.54747
30 49 2.20982
30 50 6.43351
30 51 6.38385
30 52 3.07172
30 53 1.35905
30 54 5.41004
30 55 3.36349
30 56 0.86971
30 57 0.307
30 58 0.47956
30 59 7.7667
30 60 1.57134
30 61 7.481
30 62 7.20283
30 63 5.33764
30 64 1.06762
30 65 8.10572
30 66 5.85214
30 67 0.87013
30 68 7.22163
30 69 1.51357
30 70 1.06261
30 71 5.51099
30 72 5.47974
30 73 0.48086
30 74 7.04425
30 75 3.83701
30 76 8.29567
30 77 4.06797
30 78 0.1852
30 79 0.08291
30 80 3.5585
30 81 3.92702
30 82 6.00005
30 83 8.1662
30 84 4.40357
30 85 2.22598
30 86 6.80448
30 87 1.4322
30 88 8.99557
30 89 3.57732
30 90 5.02727
30 91 3.66241
30 92 8.84335
30 93 7.0342
30 94 4.30764
30 95 8.1058
30 96 2.43207
30 97 5.19406
30 98 4.25402
30 99 7.66607
31 32 2.36351
31 33 8.92655
31 34 2.83932
31 35 1.15897
31 36 7.5406
31 37 7.60923
31 38 4.15026
31 39 0.08697
31 40 6.24132
31 41 4.58463
31 42 5.21386
31 43 6.70284
31 44 1.5574
31 45 1.68329
31 46 7.42051
31 47 5.5022
31 48 0.25421
31 49 7.33378
31 50 1.00905
31 51 4.20938
31 52 6.26859
31 53 6.3226
31 54 7.01989
31 55 7.2975
31 56 2.87189
31 57 6.46424
31 58 1.64545
31 59 4.48418
31 60 4.60673
31 61 0.58484
31 62 1.74517
31 63 5.02677
31 64 1.40493
31 65 4.19182
31 66 6.4832
31 67 0.37541
31 68 3.08059
31 69 0.35125
31 70 0.08442
31 71 6.23318
31 72 0.75261
31 73 7.38205
31 74 3.88863
31 75 1.01869
31 76 6.67607
31 77 3.2966
31 78 6.14002
31 79 6.68477
31 80 3.95849
31 81 8.86665
31 82 6.30463
31 83 0.4379
31 84 3.06038
31 85 4.10939
31 86 0.72685
31 87 3.12679
31 88 0.69632
31 89 8.78856
31 90 8.54352
31 91 8.23045
31 92 5.08594
31 93 3.04228
31 94 5.58161
31 95 1.47796
31 96 3.40585
31 97 7.04565
31 98 4.75986
31 99 8.07302
32 33 5.77123
32 34 4.88365
32 35 4.75019
32 36 6.2717
32 37 0.21202
32 38 7.16494
32 39 8.29699
32 40 0.67279
32 41 7.38467
32 42 8.36116
32 43 6.84496
32 44 5.64668
32 45 8.90629
32 46 1.1783
32 47 8.41414
32 48 8.9247
32 49 3.7366
32 50 0.41303
32 51 2.28309
32 52 5.38549
32 53 8.88126
32 54 2.69387
32 55 8.37079
32 56 7.35293
32 57 8.28356
32 58 3.48042
32 59 4.89477
32 60 8.69767
32 61 5.39124
32 62 7.28489
32 63 5.69298
32 64 6.14505
32 65 6.60168
32 66 0.89765
32 67 1.65888
32 68 7.0406
32 69 4.70333
32 70 5.9332
32 71 7.03054
32 72 0.64681
32 73 4.80153
32 74 6.03097
32 75 2.08963
32 76 3.80274
32 77 2.43913
32 78 8.58707
32 79 6.82749
32 80 6.50626
32 81 6.47181
32 82 8.1735
32 83 8.27839
32 84 4.57021
32 85 8.94399
32 86 7.24663
32 87 7.74496
32 88 4.57522
32 89 5.09368
32 90 1.1655
32 91 6.4246
32 92 2.79457
32 93 7.21636
32 94 3.00031
32 95 0.63609
32 96 1.22568
32 97 2.90426
32 98 5.2611
32 99 4.4795
33 34 4.64786
33 35 6.67117
33 36 8.96955
33 37 3.31788
33 38 3.88463
33 39 4.80187
33 40 1.88693
33 41 7.22508
33 42 2.74349
33 43 5.917
33 44 5.57304
33 45 7.21882
33 46 1.40368
33 47 0.04033
33 48 7.11538
33 49 0.42808
33 50 1.40275
33 51 8.49378
33 52 3.84541
33 53 0.05526
33 54 2.98825
33 55 3.84001
33 56 4.06609
33 57 4.64807
33 58 0.10013
33 59 8.70968
33 60 7.39169
33 61 8.64282
33 62 3.99363
33 63 7.16417
33 64 5.60139
33 65 7.9894
33 66 1.07242
33 67 1.70891
33 68 3.6966
33 69 0.09259
33 70 8.53371
33 71 1.79793
33 72 4.35711
33 73 4.66324
33 74 7.6224
33 75 7.24489
33 76 7.4782
33 77 8.72788
33 78 5.96667
33 79 3.97783
33 80 0.65629
33 81 2.50363
33 82 0.89828
33 83 6.22806
33 84 3.42879
33 85 8.00825
33 86 2.21445
33 87 6.63241
33 88 1.96426
33 89 3.15433
33 90 4.02897
33 91 8.31791
33 92 5.84315
33 93 2.6427
33 94 7.41776
33 95 8.32502
33 96 5.27332
33 97 2.76642
33 98 0.94069
33 99 2.97452
34 35 3.53436
34 36 3.14129
34 37 1.5214
34 38 1.55955
34 39 7.43572
34 40 3.95535
34 41 2.63269
34 42 0.15626
34 43 2.49394
34 44 4.30634
34 45 4.63356
34 46 6.29164
34 47 8.52266
34 48 5.13733
34 49 8.157
34 50 2.55817
34 51 0.54996
34 52 8.26206
34 53 2.95192
34 54 5.82626
34 55 6.86748
34 56 8.04151
34 57 8.0591
34 58 0.50671
34 59 0.97079
34 60 3.2042
34 61 8.3321
34 62 1.8865
34 63 2.45045
34 64 2.61041
34 65 6.77468
34 66 2.21225
34 67 5.94949
34 68 0.5891
34 69 8.81987
34 70 4.19521
34 71 4.32832
34 72 7.71249
34 73 1.02966
34 74 4.91262
34 75 5.88475
34 76 4.92705
34 77 3.45753
34 78 2.49877
34 79 2.09601
34 80 4.26785
34 81 3.31302
34 82 5.54288
34 83 6.71674
34 84 3.69205
34 85 8.92232
34 86 4.06315
34 87 7.11127
34 88 2.34619
34 89 1.66935
34 90 4.16793
34 91 0.99262
34 92 3.2934
34 93 7.00253
34 94 5.46787
34 95 3.16341
34 96 0.24329
34 97 4.61123
34 98 8.73274
34 99 3.43436
35 36 4.11199
35 37 5.29618
35 38 2.03996
35 39 8.72892
35 40 3.28981
35 41 7.55844
35 42 2.6584
35 43 7.6838
35 44 5.53962
35 45 3.35859
35 46 2.01922
35 47 4.80115
35 48 1.32675
35 49 5.46591
35 50 3.52882
35 51 3.28789
35 52 3.71464
35 53 8.26507
35 54 7.1566
35 55 2.21933
35 56 4.1527
35 57 2.02105
35 58 0.32127
35 59 6.38476
35 60 7.82105
35 61 7.43837
35 62 4.60957
35 63 1.14321
35 64 4.0487
35 65 5.12767
35 66 3.59845
35 67 0.95368
35 68 6.77619
35 69 3.06611
35 70 5.70208
35 71 1.14515
35 72 8.64866
35 73 4.33277
35 74 7.52614
35 75 4.93036
35 76 8.29284
35 77 8.73534
35 78 2.87497
35 79 6.66711
35 80 1.52521
35 81 3.92088
35 82 4.47633
35 83 0.3952
35 84 8.66982
35 85 7.15591
35 86 2.8717
35 87 6.88934
35 88 6.17724
35 89 0.45283
35 90 4.00188
35 91 4.59876
35 92 3.24295
35 93 8.35696
35 94 0.76403
35 95 5.78323
35 96 4.17412
35 97 5.99936
35 98 3.47081
35 99 4.39529
36 37 5.71927
36 38 4.36124
36 39 7.96168
36 40 5.88125
36 41 8.30795
36 42 2.73889
36 43 6.94598
36 44 4.22764
36 45 2.25673
36 46 8.73995
36 47 0.74836
36 48 7.0337
36 49 5.75172
36 50 3.64896
36 51 8.91882
36 52 3.64894
36 53 5.16992
36 54 1.13451
36 55 4.53995
36 56 0.92646
36 57 3.60399
36 58 0.00407
36 59 7.45737
36 60 8.87685
36 61 3.28548
36 62 8.58242
36 63 4.6722
36 64 4.57143
36 65 4.48939
36 66 3.93903
36 67 4.407
36 68 1.23155
36 69 2.33837
36 70 1.31573
36 71 0.68173
36 72 2.58884
36 73 0.89631
36 74 2.06906
36 75 5.00466
36 76 3.98481
36 77 1.84993
36 78 1.3249
36 79 7.66864
36 80 0.00547
36 81 0.37725
36 82 4.39392
36 83 2.6881
36 84 5.0505
36 85 1.01649
36 86 1.96652
36 87 0.98817
36 88 3.65083
36 89 6.89815
36 90 4.69954
36 91 3.92507
36 92 1.83051
36 93 6.15819
36 94 3.95874
36 95 5.51789
36 96 7.02883
36 97 1.87306
36 98 4.32369
36 99 1.21898
37 38 0.82651
37 39 5.82736
37 40 3.85268
37 41 7.59145
37 42 0.2347
37 43 2.25244
37 44 2.5237
37 45 7.64952
37 46 0.63208
37 47 3.16934
37 48 6.9275
37 49 2.38582
37 50 0.74345
37 51 4.2562
37 52 8.49082
37 53 5.32732
37 54 7.84854
37 55 5.07006
37 56 8.68083
37 57 1.91492
37 58 0.10006
37 59 3.63755
37 60 4.143
37 61 0.24781
37 62 8.44585
37 63 0.52781
37 64 2.10432
37 65 0.69069
37 66 0.44699
37 67 4.75091
37 68 7.74846
37 69 0.64892
37 70 4.01694
37 71 8.8189
37 72 6.02123
37 73 0.81622
37 74 3.50481
37 75 2.05202
37 76 6.18579
37 77 4.3989
37 78 5.51255
37 79 3.68709
37 80 5.59742
37 81 8.25726
37 82 8.26517
37 83 8.82796
37 84 0.11471
37 85 1.91597
37 86 8.21463
37 87 2.90767
37 88 0.01031
37 89 5.55435
37 90 7.81077
37 91 3.06392
37 92 8.03213
37 93 0.61026
37 94 7.77116
37 95 0.53757
37 96 8.06359
37 97 5.28423
37 98 7.00307
37 99 5.6731
38 39 3.20636
38 40 8.23748
38 41 7.56627
38 42 3.80405
38 43 2.0385
38 44 8.21908
38 45 7.41604
38 46 4.60839
38 47 3.66885
38 48 5.77243
38 49 6.20838
38 50 3.78725
38 51 7.60122
38 52 4.61804
38 53 7.52101
38 54 0.40645
38 55 1.94613
38 56 0.22961
38 57 8.21934
38 58 4.18735
38 59 4.61678
38 60 6.21344
38 61 5.55938
38 62 8.72565
38 63 6.14028
38 64 4.79375
38 65 8.86762
38 66 6.42223
38 67 7.66485
38 68 8.42747
38 69 7.7425
38 70 3.82024
38 71 3.07934
38 72 4.81585
38 73 7.28941
38 74 0.34236
38 75 8.56489
38 76 4.47508
38 77 5.88289
38 78 4.39345
38 79 5.34186
38 80 2.29288
38 81 7.16023
38 82 3.47696
38 83 4.41007
38 84 0.56361
38 85 2.35981
38 86 0.2064
38 87 0.002
38 88 1.93052
38 89 2.76784
38 90 6.23463
38 91 7.09265
38 92 6.47802
38 93 0.22303
38 94 2.19272
38 95 4.10396
38 96 5.25926
38 97 8.74367
38 98 8.0301
38 99 0.63886
39 40 0.66349
39 41 3.03972
39 42 7.07335
39 43 5.12661
39 44 4.13706
39 45 4.48765
39 46 3.72727
39 47 7.72971
39 48 8.2503
39 49 8.35
39 50 5.73153
39 51 2.08826
39 52 8.3373
39 53 6.99699
39 54 1.86987
39 55 8.61418
39 56 0.41952
39 57 7.24172
39 58 1.57814
39 59 5.58641
39 60 7.45349
39 61 3.66945
39 62 1.39867
39 63 6.11082
39 64 5.66141
39 65 5.95279
39 66 8.39446
39 67 2.316
39 68 5.94544
39 69 3.48232
39 70 4.61714
39 71 2.88496
39 72 8.58527
39 73 1.3513
39 74 1.412
39 75 0.43849
39 76 5.53964
39 77 5.22846
39 78 2.61703
39 79 3.4892
39 80 7.66529
39 81 5.29825
39 82 5.64407
39 83 3.50062
39 84 6.85985
39 85 8.43113
39 86 8.12569
39 87 8.02206
39 88 6.12128
39 89 3.26305
39 90 8.16674
39 91 7.41766
39 92 7.72362
39 93 5.05702
39 94 5.43752
39 95 4.88066
39 96 2.19864
39 97 7.01277
39 98 6.89375
39 99 4.34093
40 41 6.40215
40 42 5.62403
40 43 1.50827
40 44 5.89121
40 45 5.12545
40 46 7.78998
40 47 0.32632
40 48 7.5178
40 49 2.42172
40 50 4.43195
40 51 4.38483
40 52 7.03447
40 53 6.30419
40 54 6.4378
40 55 1.67298
40 56 2.21813
40 57 4.4193
40 58 5.85869
40 59 0.41577
40 60 1.80209
40 61 3.47036
40 62 7.57419
40 63 4.0456
40 64 2.80205
40 65 8.83337
40 66 1.30662
40 67 3.38893
40 68 8.063
40 69 0.91343
40 70 6.71821
40 71 6.59779
40 72 0.13617
40 73 2.18224
40 74 8.34119
40 75 5.15406
40 76 6.01909
40 77 0.0886
40 78 8.7948
40 79 8.6769
40 80 5.29806
40 81 4.12311
40 82 3.6203
40 83 5.79919
40 84 2.10737
40 85 1.57125
40 86 5.25431
40 87 6.51112
40 88 5.43396
40 89 5.11337
40 90 8.80303
40 91 4.2184
40 92 5.86367
40 93 8.31479
40 94 7.43319
40 95 3.32953
40 96 1.68694
40 97 5.24399
40 98 4.07891
40 99 2.4074
41 42 6.77431
41 43 8.58953
41 44 0.963
41 45 2.13029
41 46 2.08387
41 47 8.12406
41 48 6.15798
41 49 0.04045
41 50 7.51463
41 51 1.13548
41 52 1.118
41 53 0.66022
41 54 1.93915
41 55 8.34552
41 56 6.75349
41 57 6.45775
41 58 2.18993
41 59 1.05435
41 60 7.30971
41 61 6.74674
41 62 0.6344
41 63 8.89707
41 64 4.41303
41 65 6.89996
41 66 0.5141
41 67 3.73664
41 68 8.97422
41 69 1.20688
41 70 7.21089
41 71 5.01395
41 72 0.55516
41 73 5.83643
41 74 0.9037
41 75 2.47305
41 76 1.79515
41 77 0.65822
41 78 6.90741
41 79 1.98167
41 80 1.25614
41 81 4.88868
41 82 3.95453
41 83 0.05418
41 84 2.28942
41 85 3.78957
41 86 2.45252
41 87 7.91233
41 88 0.00192
41 89 6.52188
41 90 0.62717
41 91 2.78283
41 92 7.81169
41 93 0.54213
41 94 6.58584
41 95 3.13974
41 96 8.51926
41 97 7.33718
41 98 7.6978
41 99 8.05311
42 43 2.01978
42 44 8.51068
42 45 3.41765
42 46 1.46718
42 47 8.34884
42 48 2.19796
42 49 6.82675
42 50 6.25987
42 51 7.11069
42 52 3.68679
42 53 8.65332
42 54 8.67147
42 55 4.02026
42 56 5.75876
42 57 8.02875
42 58 2.59275
42 59 7.62738
42 60 2.73526
42 61 1.50044
42 62 6.53871
42 63 8.13114
42 64 2.41164
42 65 0.21332
42 66 0.25916
42 67 3.36583
42 68 3.13118
42 69 4.65611
42 70 6.79369
42 71 8.04595
42 72 7.01563
42 73 0.0101
42 74 8.77692
42 75 1.98329
42 76 5.81066
42 77 7.97825
42 78 0.05367
42 79 6.21361
42 80 8.74818
42 81 3.52012
42 82 8.26816
42 83 4.18988
42 84 4.98511
42 85 3.80702
42 86 8.05602
42 87 0.51303
42 88 8.1729
42 89 3.28259
42 90 3.73664
42 91 7.69515
42 92 2.96768
42 93 6.05855
42 94 6.39239
42 95 8.39745
42 96 3.57648
42 97 1.12433
42 98 4.62959
42 99 3.14039
43 44 5.62598
43 45 0.48362
43 46 7.77474
43 47 0.14099
43 48 1.51144
43 49 3.22777
43 50 0.99745
43 51 1.09871
43 52 6.9848
43 53 2.78872
43 54 7.45702
43 55 4.99659
43 56 5.68762
43 57 1.27486
43 58 5.14647
43 59 2.09077
43 60 6.93176
43 61 6.92434
43 62 6.2775
43 63 3.24368
43 64 5.50717
43 65 3.19809
43 66 8.26009
43 67 8.94783
43 68 6.8674
43 69 0.77832
43 70 8.18362
43 71 4.57293
43 72 7.94552
43 73 1.93694
43 74 6.71762
43 75 1.05341
43 76 2.17681
43 77 6.95222
43 78 0.71864
43 79 6.30516
43 80 1.21877
43 81 4.52568
43 82 5.62583
43 83 4.28643
43 84 2.09437
43 85 3.91605
43 86 1.68477
43 87 2.75301
43 88 4.22983
43 89 1.40444
43 90 4.53441
43 91 2.19414
43 92 1.87785
43 93 1.54769
43 94 6.04297
43 95 7.22335
43 96 0.09988
43 97 0.66909
43 98 8.18512
43 99 5.72978
44 45 4.06457
44 46 3.30491
44 47 0.93723
44 48 8.60581
44 49 1.47073
44 50 4.18656
44 51 2.4163
44 52 2.05013
44 53 0.95476
44 54 4.61875
44 55 6.76333
44 56 1.21471
44 57 8.45207
44 58 0.37039
44 59 1.08368
44 60 8.85769
44 61 6.27315
44 62 6.98271
44 63 8.55184
44 64 0.88074
44 65 4.77228
44 66 6.18746
44 67 6.79491
44 68 1.88005
44 69 4.24726
44 70 2.09017
44 71 6.76953
44 72 0.5523
44 73 5.29481
44 74 1.63947
44 75 3.93782
44 76 4.70443
44 77 8.40291
44 78 4.485
44 79 0.59677
44 80 7.13376
44 81 2.97921
44 82 5.85648
44 83 4.08213
44 84 6.76817
44 85 6.88169
44 86 4.8467
44 87 6.67299
44 88 5.21193
44 89 2.92206
44 90 3.52645
44 91 8.51527
44 92 1.29438
44 93 3.94821
44 94 5.46679
44 95 7.72742
44 96 3.27764
44 97 7.16821
44 98 4.92365
44 99 7.86264
45 46 2.50854
45 47 2.21536
45 48 8.89091
45 49 0.35504
45 50 0.46042
45 51 2.22803
45 52 3.11261
45 53 6.62049
45 54 2.95545
45 55 8.11167
45 56 2.06365
45 57 1.85149
45 58 5.16656
45 59 8.1829
45 60 0.52555
45 61 5.46399
45 62 5.66524
45 63 6.86175
45 64 1.66129
45 65 3.67123
45 66 5.51705
45 67 0.24248
45 68 7.65416
45 69 1.73106
45 70 8.2651
45 71 6.84868
45 72 1.19229
45 73 7.61481
45 74 0.15522
45 75 2.57888
45 76 7.92712
45 77 4.98748
45 78 1.79946
45 79 3.69981
45 80 3.69592
45 81 5.8103
45 82 6.69759
45 83 6.95589
45 84 6.37133
45 85 5.08669
45 86 6.00727
45 87 1.52685
45 88 5.15811
45 89 1.87643
45 90 3.68664
45 91 2.42889
45 92 7.58557
45 93 4.20037
45 94 4.733
45 95 6.11945
45 96 0.69323
45 97 5.47312
45 98 8.79006
45 99 2.49628
46 47 1.22595
46 48 5.9888
46 49 6.25805
46 50 6.36957
46 51 1.1704
46 52 6.32387
46 53 5.29528
46 54 8.63876
46 55 6.88435
46 56 5.0061
46 57 4.49848
46 58 2.42034
46 59 0.10312
46 60 2.59009
46 61 7.63831
46 62 7.19487
46 63 7.59606
46 64 6.89155
46 65 4.22472
46 66 6.80784
46 67 2.38113
46 68 5.07322
46 69 5.81525
46 70 0.42629
46 71 3.84392
46 72 4.39717
46 73 2.29835
46 74 8.71906
46 75 4.76109
46 76 3.38536
46 77 1.6779
46 78 7.15301
46 79 4.9356
46 80 2.16547
46 81 5.74312
46 82 5.3973
46 83 3.14573
46 84 0.96081
46 85 5.34381
46 86 0.4146
46 87 0.23968
46 88 3.73349
46 89 0.48976
46 90 1.73696
46 91 7.59255
46 92 6.14802
46 93 0.2622
46 94 4.50198
46 95 4.44638
46 96 0.61675
46 97 8.88173
46 98 2.31072
46 99 5.14267
47 48 4.86785
47 49 5.19962
47 50 1.60856
47 51 8.60793
47 52 1.06597
47 53 2.49335
47 54 7.68469
47 55 0.4257
47 56 5.73731
47 57 2.6709
47 58 0.19108
47 59 7.4609
47 60 4.74761
47 61 4.22912
47 62 7.51171
47 63 0.39219
47 64 7.46794
47 65 0.26914
47 66 2.26273
47 67 1.83137
47 68 7.52606
47 69 4.95144
47 70 5.65108
47 71 5.1347
47 72 1.29488
47 73 0.36599
47 74 6.25033
47 75 3.88763
47 76 1.30946
47 77 6.04875
47 78 3.54919
47 79 2.83201
47 80 8.36931
47 81 6.00847
47 82 8.99627
47 83 4.48312
47 84 8.80999
47 85 5.15696
47 86 3.5271
47 87 6.45522
47 88 7.99346
47 89 7.02004
47 90 6.99045
47 91 5.00195
47 92 5.05962
47 93 0.57806
47 94 1.01911
47 95 7.99672
47 96 3.33694
47 97 4.85767
47 98 2.04769
47 99 6.57154
48 49 0.94599
48 50 3.79534
48 51 2.3152
48 52 7.02138
48 53 7.68652
48 54 8.45091
48 55 0.06861
48 56 5.41956
48 57 7.04312
48 58 0.35821
48 59 3.43518
48 60 3.17975
48 61 5.14019
48 62 7.80204
48 63 8.98648
48 64 8.32989
48 65 4.25758
48 66 6.93375
48 67 6.90019
48 68 1.20282
48 69 8.60777
48 70 7.7615
48 71 1.2201
48 72 1.88572
48 73 8.48724
48 74 4.7846
48 75 5.02392
48 76 3.61804
48 77 2.88227
48 78 1.90105
48 79 6.73994
48 80 0.50809
48 81 1.84628
48 82 1.49196
48 83 4.24673
48 84 0.36977
48 85 6.61588
48 86 8.31717
48 87 5.68804
48 88 3.70032
48 89 0.50574
48 90 4.61615
48 91 4.8394
48 92 8.17459
48 93 4.54024
48 94 6.72143
48 95 5.15243
48 96 0.97317
48 97 3.3624
48 98 8.95192
48 99 6.67073
49 50 2.14951
49 51 2.39145
49 52 4.06831
49 53 4.67844
49 54 7.07575
49 55 1.19646
49 56 5.94476
49 57 1.998
49 58 3.316
49 59 2.23381
49 60 0.37891
49 61 4.763
49 62 8.11411
49 63 1.54508
49 64 5.0104
49 65 4.68544
49 66 6.57227
49 67 6.38296
49 68 1.07889
49 69 0.96704
49 70 6.08125
49 71 4.5547
49 72 2.19665
49 73 4.02643
49 74 0.64286
49 75 5.46155
49 76 2.09483
49 77 1.60381
49 78 8.85136
49 79 3.3452
49 80 5.71798
49 81 7.85849
49 82 1.448
49 83 7.14615
49 84 4.76732
49 85 0.22327
49 86 8.33114
49 87 1.07677
49 88 1.28247
49 89 6.3299
49 90 0.24487
49 91 1.58111
49 92 6.45715
49 93 0.36075
49 94 3.07086
49 95 0.80717
49 96 6.34126
49 97 8.53748
49 98 2.8926
49 99 0.87236
50 51 4.2296
50 52 5.63392
50 53 3.93763
50 54 2.3494
50 55 5.16298
50 56 1.63481
50 57 2.98847
50 58 3.75115
50 59 4.7646
50 60 8.81683
50 61 2.44077
50 62 1.9714
50 63 3.36594
50 64 5.30416
50 65 6.85526
50 66 7.51017
50 67 6.95479
50 68 1.50791
50 69 2.82963
50 70 5.85152
50 71 8.035
50 72 7.82865
50 73 8.97051
50 74 2.41157
50 75 7.36339
50 76 0.02671
50 77 0.84413
50 78 2.91839
50 79 6.32993
50 80 6.61638
50 81 3.3662
50 82 2.11188
50 83 8.85776
50 84 4.87134
50 85 4.7352
50 86 2.79958
50 87 4.80985
50 88 3.7119
50 89 2.49248
50 90 2.73565
50 91 3.75866
50 92 6.961
50 93 2.62809
50 94 5.03266
50 95 1.6939
50 96 8.10384
50 97 6.797
50 98 1.65006
50 99 3.18381
51 52 0.71246
51 53 1.96836
51 54 7.24384
51 55 0.3437
51 56 6.81074
51 57 7.38283
51 58 1.21511
51 59 7.35007
51 60 3.35457
51 61 7.60686
51 62 5.12832
51 63 7.08351
51 64 0.81744
51 65 5.69727
51 66 1.5146
51 67 0.65394
51 68 8.86806
51 69 6.93998
51 70 1.33974
51 71 5.778
51 72 2.07816
51 73 7.3968
51 74 5.26901
51 75 1.26424
51 76 5.9665
51 77 7.49571
51 78 1.75858
51 79 1.67196
51 80 1.19991
51 81 6.58519
51 82 6.72312
51 83 1.42894
51 84 3.78872
51 85 1.18033
51 86 7.972
51 87 7.81176
51 88 3.46191
51 89 4.17154
51 90 2.91373
51 91 5.50367
51 92 5.36314
51 93 0.42315
51 94 6.00898
51 95 3.01485
51 96 6.86922
51 97 4.24048
51 98 3.85179
51 99 5.46297
52 53 3.41753
52 54 3.75582
52 55 6.16186
52 56 0.17491
52 57 3.23817
52 58 8.04332
52 59 5.49227
52 60 5.05781
52 61 7.88327
52 62 6.24428
52 63 0.79723
52 64 1.88602
52 65 1.61913
52 66 6.93315
52 67 2.1854
52 68 4.78311
52 69 7.6058
52 70 6.62757
52 71 0.55993
52 72 3.06042
52 73 4.38257
52 74 8.76932
52 75 8.83567
52 76 4.53826
52 77 2.99892
52 78 5.29172
52 79 0.62361
52 80 5.54216
52 81 4.93096
52 82 7.33813
52 83 7.1599
52 84 7.10882
52 85 0.18458
52 86 0.38163
52 87 4.69415
52 88 4.92206
52 89 8.05717
52 90 4.21633
52 91 5.0879
52 92 1.41506
52 93 3.0856
52 94 6.74436
52 95 1.05669
52 96 0.08765
52 97 8.55029
52 98 3.13453
52 99 1.32821
53 54 3.34719
53 55 4.63406
53 56 2.03367
53 57 8.92604
53 58 6.58497
53 59 0.64094
53 60 2.86919
53 61 5.53605
53 62 1.31168
53 63 0.57036
53 64 7.26605
53 65 0.48465
53 66 3.55922
53 67 7.9812
53 68 1.85684
53 69 0.15379
53 70 8.89964
53 71 4.43613
53 72 4.16661
53 73 5.63644
53 74 8.73327
53 75 0.99337
53 76 4.39669
53 77 8.73597
53 78 0.64661
53 79 1.32688
53 80 0.83145
53 81 7.95149
53 82 7.50736
53 83 8.60367
53 84 0.94342
53 85 7.45811
53 86 1.15647
53 87 6.39145
53 88 5.78427
53 89 3.71926
53 90 2.07842
53 91 5.66859
53 92 5.62913
53 93 6.93065
53 94 7.15554
53 95 3.92864
53 96 7.03133
53 97 8.75463
53 98 7.69196
53 99 1.01516
54 55 4.95613
54 56 5.15154
54 57 4.21519
54 58 4.284
54 59 7.34325
54 60 0.23093
54 61 8.17779
54 62 1.1408
54 63 1.8442
54 64 1.26045
54 65 0.82583
54 66 2.77272
54 67 5.9013
54 68 0.07177
54 69 6.99986
54 70 4.39864
54 71 5.48358
54 72 6.60584
54 73 8.85822
54 74 2.24101
54 75 8.8703
54 76 7.84643
54 77 7.31934
54 78 1.18969
54 79 8.84611
54 80 8.0431
54 81 3.01911
54 82 2.69447
54 83 8.74789
54 84 8.05662
54 85 4.61802
54 86 6.24309
54 87 5.41054
54 88 3.76519
54 89 0.61959
54 90 2.26002
54 91 3.81565
54 92 7.58522
54 93 5.90045
54 94 2.05847
54 95 5.8081
54 96 8.22157
54 97 7.96909
54 98 8.27163
54 99 3.19067
55 56 0.04673
55 57 3.86355
55 58 2.4422
55 59 2.89041
55 60 1.45273
55 61 6.81197
55 62 6.23889
55 63 2.10495
55 64 3.59356
55 65 1.64962
55 66 3.03667
55 67 0.56104
55 68 1.87031
55 69 4.60111
55 70 0.62649
55 71 5.54772
55 72 4.21679
55 73 1.98281
55 74 3.54521
55 75 3.35189
55 76 4.25305
55 77 2.5039
55 78 8.65808
55 79 0.2984
55 80 1.79757
55 81 7.89197
55 82 7.19136
55 83 5.04187
55 84 5.02722
55 85 6.7283
55 86 2.57134
55 87 1.16591
55 88 5.2876
55 89 5.44041
55 90 3.61191
55 91 3.11394
55 92 0.75602
55 93 0.10108
55 94 4.22349
55 95 8.05675
55 96 1.07574
55 97 6.4513
55 98 5.80368
55 99 0.29786
56 57 0.02431
56 58 0.14093
56 59 6.90646
56 60 2.79808
56 61 1.73053
56 62 3.20718
56 63 5.04317
56 64 1.55172
56 65 3.97582
56 66 6.41536
56 67 2.20078
56 68 6.51759
56 69 8.58352
56 70 8.9053
56 71 3.17751
56 72 7.27148
56 73 1.40834
56 74 8.03655
56 75 3.97634
56 76 1.78746
56 77 4.74188
56 78 4.09985
56 79 7.25918
56 80 8.011
56 81 1.07422
56 82 6.22787
56 83 2.38527
56 84 7.89053
56 85 8.08679
56 86 3.92408
56 87 6.51764
56 88 4.07834
56 89 1.48211
56 90 8.04375
56 91 8.28849
56 92 1.62452
56 93 1.13157
56 94 2.30143
56 95 5.51102
56 96 8.12832
56 97 2.02175
56 98 3.01438
56 99 7.70293
57 58 6.14127
57 59 2.16508
57 60 5.83271
57 61 0.21223
57 62 0.58929
57 63 8.51109
57 64 6.32559
57 65 8.78622
57 66 0.81024
57 67 7.06285
57 68 1.49667
57 69 2.8846
57 70 3.39378
57 71 4.42336
57 72 7.40419
57 73 2.05952
57 74 7.44574
57 75 0.65328
57 76 3.37245
57 77 5.15066
57 78 5.59067
57 79 8.66766
57 80 6.99838
57 81 6.85898
57 82 0.8794
57 83 2.21652
57 84 8.18498
57 85 5.84207
57 86 7.19684
57 87 4.21847
57 88 8.31553
57 89 5.98779
57 90 8.51431
57 91 4.55669
57 92 5.90526
57 93 3.81387
57 94 5.41394
57 95 7.1807
57 96 0.28954
57 97 3.81337
57 98 0.0244
57 99 4.95839
58 59 8.59037
58 60 3.40029
58 61 8.15806
58 62 6.58833
58 63 6.28044
58 64 2.26276
58 65 4.79456
58 66 4.36625
58 67 8.72752
58 68 4.20954
58 69 1.04584
58 70 1.79236
58 71 7.87309
58 72 1.57784
58 73 0.34556
58 74 6.04348
58 75 0.86718
58 76 3.56934
58 77 6.5067
58 78 4.97487
58 79 0.52714
58 80 3.96756
58 81 1.47089
58 82 3.92283
58 83 4.31279
58 84 2.45951
58 85 5.21175
58 86 2.09357
58 87 4.84881
58 88 6.75995
58 89 1.98605
58 90 8.18026
58 91 8.43169
58 92 0.65414
58 93 7.35191
58 94 0.5418
58 95 5.14075
58 96 8.35476
58 97 7.03875
58 98 1.79562
58 99 2.8246
59 60 3.53492
59 61 6.39896
59 62 2.33271
59 63 8.11225
59 64 0.71523
59 65 7.86829
59 66 4.51228
59 67 5.00307
59 68 8.98687
59 69 1.44198
59 70 7.43179
59 71 3.09491
59 72 1.10455
59 73 4.87842
59 74 1.52264
59 75 0.14852
59 76 0.98752
59 77 7.07897
59 78 2.25098
59 79 0.56273
59 80 1.62798
59 81 3.68866
59 82 2.45392
59 83 3.26449
59 84 2.82069
59 85 4.70708
59 86 5.64669
59 87 1.31093
59 88 7.7865
59 89 6.71642
59 90 4.33318
59 91 5.09861
59 92 3.30109
59 93 6.18084
59 94 3.50418
59 95 6.7847
59 96 8.81684
59 97 6.70705
59 98 4.4033
59 99 4.88482
60 61 5.59406
60 62 4.69578
60 63 0.68628
60 64 4.68267
60 65 5.21087
60 66 0.27496
60 67 6.4724
60 68 0.88703
60 69 5.38374
60 70 2.95079
60 71 7.55219
60 72 7.03094
60 73 1.30449
60 74 2.289
60 75 0.19024
60 76 8.17225
60 77 5.79613
60 78 5.79673
60 79 0.86738
60 80 4.42622
60 81 0.18532
60 82 2.81819
60 83 5.58178
60 84 0.58705
60 85 1.12689
60 86 0.57857
60 87 7.5135
60 88 5.26455
60 89 5.8347
60 90 8.19279
60 91 3.61754
60 92 3.19046
60 93 6.20834
60 94 8.59201
60 95 5.26738
60 96 7.69226
60 97 8.92525
60 98 5.17389
60 99 4.6763
61 62 6.98017
61 63 2.63114
61 64 6.57787
61 65 8.5511
61 66 8.15407
61 67 0.82224
61 68 6.08112
61 69 0.03067
61 70 3.15363
61 71 8.82271
61 72 8.60283
61 73 3.10531
61 74 8.41528
61 75 1.64527
61 76 0.05108
61 77 7.05399
61 78 4.57565
61 79 0.32942
61 80 6.08838
61 81 8.14711
61 82 8.70702
61 83 1.30743
61 84 3.39408
61 85 0.87696
61 86 7.59612
61 87 0.02038
61 88 6.41331
61 89 1.45767
61 90 3.36145
61 91 7.71336
61 92 5.87984
61 93 0.25282
61 94 5.52312
61 95 1.92216
61 96 2.01521
61 97 7.28712
61 98 8.87041
61 99 2.75586
62 63 6.02169
62 64 3.78622
62 65 6.87992
62 66 3.69643
62 67 0.50394
62 68 2.59075
62 69 4.23101
62 70 6.44483
62 71 1.13728
62 72 1.98445
62 73 1.83785
62 74 8.96626
62 75 2.23609
62 76 6.37386
62 77 4.67291
62 78 1.87037
62 79 8.8354
62 80 2.49382
62 81 3.95415
62 82 2.487
62 83 6.44459
62 84 3.91179
62 85 1.65198
62 86 5.5627
62 87 2.78459
62 88 4.46255
62 89 6.47222
62 90 8.8759
62 91 7.2534
62 92 5.63663
62 93 6.39373
62 94 4.46483
62 95 1.50571
62 96 4.08954
62 97 8.33563
62 98 3.75237
62 99 4.79853
63 64 8.74168
63 65 5.69445
63 66 2.75311
63 67 4.93443
63 68 0.83489
63 69 1.47615
63 70 1.22534
63 71 7.62599
63 72 2.19968
63 73 0.65079
63 74 1.63102
63 75 6.21046
63 76 8.69412
63 77 0.10602
63 78 4.38019
63 79 0.09979
63 80 6.61859
63 81 0.49574
63 82 1.31481
63 83 6.66534
63 84 8.91094
63 85 2.39446
63 86 4.03159
63 87 5.42098
63 88 2.96521
63 89 2.36022
63 90 5.01187
63 91 7.25924
63 92 3.01499
63 93 2.79424
63 94 5.08196
63 95 6.89669
63 96 5.07929
63 97 0.03485
63 98 1.17971
63 99 8.03236
64 65 8.97574
64 66 2.55189
64 67 0.68463
64 68 7.68481
64 69 7.43894
64 70 7.5385
64 71 1.75196
64 72 7.27834
64 73 2.65147
64 74 2.25683
64 75 1.17313
64 76 1.87575
64 77 6.87137
64 78 2.31181
64 79 1.88911
64 80 4.23289
64 81 4.34838
64 82 2.91942
64 83 5.8025
64 84 4.85637
64 85 3.85675
64 86 8.91699
64 87 4.84375
64 88 1.81413
64 89 0.39351
64 90 1.42891
64 91 6.47575
64 92 3.81565
64 93 2.59009
64 94 4.00005
64 95 1.43603
64 96 4.36555
64 97 0.105
64 98 3.70317
64 99 5.13458
65 66 3.49483
65 67 1.99161
65 68 3.94446
65 69 3.3511
65 70 2.51053
65 71 6.29559
65 72 4.21673
65 73 7.81911
65 74 5.48091
65 75 7.58787
65 76 6.3025
65 77 3.0611
65 78 5.44931
65 79 6.34321
65 80 8.73348
65 81 6.6779
65 82 5.36157
65 83 4.53782
65 84 7.67721
65 85 1.82888
65 86 1.04012
65 87 2.62002
65 88 7.00095
65 89 7.21799
65 90 1.31653
65 91 2.80134
65 92 2.27513
65 93 7.45405
65 94 6.88524
65 95 7.78156
65 96 0.12153
65 97 3.31112
65 98 2.54009
65 99 7.37352
66 67 6.77187
66 68 6.13607
66 69 1.1054
66 70 3.72886
66 71 5.29658
66 72 2.94797
66 73 4.67065
66 74 2.92782
66 75 8.3306
66 76 4.50589
66 77 8.14875
66 78 3.97656
66 79 4.75047
66 80 3.28906
66 81 7.59957
66 82 2.50574
66 83 0.30773
66 84 6.08524
66 85 8.93621
66 86 4.7675
66 87 8.2417
66 88 1.75115
66 89 5.26692
66 90 4.51341
66 91 2.54351
66 92 6.82143
66 93 8.67669
66 94 8.64612
66 95 5.50281
66 96 7.53734
66 97 1.05655
66 98 1.38629
66 99 7.95676
67 68 4.15169
67 69 8.72149
67 70 0.28499
67 71 4.51867
67 72 4.02565
67 73 4.08083
67 74 3.07205
67 75 0.40273
67 76 7.14155
67 77 5.72339
67 78 1.20825
67 79 4.66212
67 80 8.35424
67 81 1.12482
67 82 5.96629
67 83 2.16979
67 84 3.70411
67 85 7.71037
67 86 7.56164
67 87 7.91659
67 88 5.03694
67 89 4.59421
67 90 4.75985
67 91 5.45473
67 92 7.95464
67 93 0.654
67 94 5.73212
67 95 2.72221
67 96 7.6897
67 97 5.66257
67 98 5.16912
67 99 7.38518
68 69 8.81017
68 70 1.03424
68 71 3.10804
68 72 3.12825
68 73 4.27376
68 74 2.26294
68 75 4.99178
68 76 6.44506
68 77 1.12727
68 78 3.27348
68 79 6.84852
68 80 5.928
68 81 8.37951
68 82 0.17595
68 83 7.07399
68 84 3.53331
68 85 8.90733
68 86 1.53515
68 87 0.74782
68 88 6.14052
68 89 8.33259
68 90 5.01299
68 91 3.92612
68 92 2.42925
68 93 2.1117
68 94 7.30736
68 95 6.0852
68 96 5.80079
68 97 8.48647
68 98 1.96209
68 99 2.92516
69 70 5.59199
69 71 4.76644
69 72 1.93847
69 73 3.49897
69 74 4.77905
69 75 8.53082
69 76 3.82915
69 77 0.41901
69 78 4.60485
69 79 8.23071
69 80 4.45946
69 81 5.46422
69 82 6.59032
69 83 6.31681
69 84 6.89401
69 85 4.40421
69 86 8.58854
69 87 4.78528
69 88 8.62604
69 89 7.09633
69 90 5.48552
69 91 4.68777
69 92 6.13232
69 93 3.7059
69 94 1.92334
69 95 5.75622
69 96 5.51921
69 97 5.09056
69 98 6.3893
69 99 4.56569
70 71 6.1515
70 72 7.51669
70 73 6.5998
70 74 7.6704
70 75 7.79294
70 76 3.45967
70 77 8.10827
70 78 3.05564
70 79 6.98783
70 80 0.77729
70 81 4.85357
70 82 2.87842
70 83 0.29708
70 84 8.99156
70 85 5.89651
70 86 6.11314
70 87 8.51877
70 88 5.45101
70 89 4.00735
70 90 5.76661
70 91 4.34172
70 92 3.79959
70 93 8.17524
70 94 1.17369
70 95 1.11595
70 96 6.26971
70 97 0.25766
70 98 6.86155
70 99 7.66977
71 72 2.44466
71 73 8.82033
71 74 7.24647
71 75 5.71502
71 76 7.29452
71 77 7.74958
71 78 1.12114
71 79 3.39922
71 80 6.22278
71 81 7.68084
71 82 4.05975
71 83 6.0761
71 84 2.98913
71 85 4.83367
71 86 1.35059
71 87 7.71364
71 88 8.84154
71 89 4.87174
71 90 6.47229
71 91 3.64471
71 92 7.49845
71 93 2.78848
71 94 2.17006
71 95 0.48818
71 96 3.86461
71 97 2.58317
71 98 6.45835
71 99 7.70912
72 73 1.70067
72 74 8.68114
72 75 2.19955
72 76 5.96798
72 77 8.02385
72 78 4.09839
72 79 7.69754
72 80 0.9223
72 81 0.62337
72 82 3.61617
72 83 5.06392
72 84 1.50299
72 85 3.25972
72 86 8.48164
72 87 2.41432
72 88 7.14912
72 89 7.78903
72 90 6.56924
72 91 4.04457
72 92 6.12035
72 93 2.36766
72 94 8.30177
72 95 0.2411
72 96 0.04668
72 97 1.27259
72 98 3.84429
72 99 6.37538
73 74 6.56389
73 75 4.26279
73 76 1.25072
73 77 4.0747
73 78 6.30803
73 79 8.71076
73 80 7.41413
73 81 0.3344
73 82 3.36129
73 83 0.4116
73 84 5.47853
73 85 3.15696
73 86 7.60605
73 87 6.417
73 88 0.22703
73 89 4.97378
73 90 7.99604
73 91 6.94276
73 92 8.65306
73 93 4.04304
73 94 8.6182
73 95 7.72072
73 96 2.60875
73 97 7.5731
73 98 2.62689
73 99 1.54902
74 75 8.15486
74 76 4.58896
74 77 3.79009
74 78 8.90019
74 79 4.91331
74 80 3.2976
74 81 2.0017
74 82 3.49168
74 83 5.97649
74 84 7.52455
74 85 2.35652
74 86 7.7238
74 87 6.88954
74 88 6.56792
74 89 2.2162
74 90 7.41245
74 91 6.76816
74 92 6.75934
74 93 1.35175
74 94 3.28193
74 95 8.62644
74 96 5.42139
74 97 1.08067
74 98 6.89255
74 99 2.31589
75 76 4.43924
75 77 6.35576
75 78 0.82458
75 79 3.79664
75 80 4.04434
75 81 4.32977
75 82 3.04443
75 83 4.99485
75 84 4.96621
75 85 3.67293
75 86 2.51491
75 87 6.01129
75 88 8.49828
75 89 0.57022
75 90 3.1797
75 91 7.33911
75 92 6.34496
75 93 5.01805
75 94 2.26834
75 95 0.21364
75 96 7.97515
75 97 2.72913
75 98 7.336
75 99 5.82038
76 77 0.55044
76 78 0.96729
76 79 7.77197
76 80 2.93491
76 81 7.9446
76 82 2.03465
76 83 3.24297
76 84 5.08203
76 85 7.12175
76 86 6.56804
76 87 0.92588
76 88 3.75039
76 89 0.17577
76 90 7.91472
76 91 0.19711
76 92 6.84081
76 93 8.60505
76 94 5.70648
76 95 1.22749
76 96 7.16093
76 97 2.01654
76 98 0.84502
76 99 0.56002
77 78 3.69346
77 79 4.16438
77 80 4.75037
77 81 5.73491
77 82 4.3762
77 83 0.76321
77 84 5.49829
77 85 7.72807
77 86 2.58475
77 87 6.29895
77 88 7.81255
77 89 6.42107
77 90 7.77026
77 91 2.59096
77 92 5.28481
77 93 5.15055
77 94 6.11086
77 95 2.47324
77 96 6.94277
77 97 5.857
77 98 1.29227
77 99 1.63571
78 79 3.21631
78 80 5.62322
78 81 7.49182
78 82 7.31432
78 83 2.51548
78 84 8.30066
78 85 1.73489
78 86 6.90815
78 87 5.55788
78 88 3.29419
78 89 1.99113
78 90 3.85824
78 91 7.75135
78 92 5.95225
78 93 7.45891
78 94 3.90896
78 95 3.95169
78 96 2.00741
78 97 4.40903
78 98 6.41184
78 99 6.34521
79 80 3.32294
79 81 2.86876
79 82 1.22072
79 83 4.57762
79 84 4.15958
79 85 6.36328
79 86 4.97948
79 87 4.00905
79 88 5.9268
79 89 6.64665
79 90 6.44302
79 91 3.91918
79 92 8.0857
79 93 3.20009
79 94 3.82975
79 95 5.6417
79 96 0.78721
79 97 0.99965
79 98 5.30071
79 99 3.17809
80 81 7.53105
80 82 4.18154
80 83 2.61203
80 84 6.0809
80 85 6.42293
80 86 7.89813
80 87 4.57481
80 88 3.45058
80 89 1.58723
80 90 8.31433
80 91 3.80304
80 92 6.04976
80 93 0.25885
80 94 4.33471
80 95 1.53581
80 96 5.37252
80 97 4.81768
80 98 2.29624
80 99 0.804
81 82 4.82194
81 83 8.09463
81 84 7.79609
81 85 3.82964
81 86 1.48744
81 87 0.67836
81 88 4.78893
81 89 1.24377
81 90 7.16432
81 91 5.26946
81 92 5.6209
81 93 7.94371
81 94 7.83648
81 95 2.2358
81 96 0.5177
81 97 1.57434
81 98 3.54527
81 99 1.41879
82 83 8.62032
82 84 7.73604
82 85 3.61811
82 86 2.11607
82 87 2.78985
82 88 2.69958
82 89 7.90919
82 90 8.1625
82 91 0.47077
82 92 6.32896
82 93 5.83859
82 94 8.89451
82 95 4.71877
82 96 8.91968
82 97 3.33907
82 98 0.90221
82 99 8.24252
83 84 8.56947
83 85 0.74965
83 86 4.95137
83 87 3.74006
83 88 2.7243
83 89 2.49416
83 90 0.59753
83 91 7.32626
83 92 7.55492
83 93 5.13323
83 94 0.1582
83 95 2.60072
83 96 0.75074
83 97 7.71012
83 98 0.99971
83 99 8.03753
84 85 0.80149
84 86 5.03541
84 87 4.52672
84 88 1.42091
84 89 0.75875
84 90 7.34629
84 91 8.29268
84 92 7.95719
84 93 3.65769
84 94 0.35054
84 95 6.74128
84 96 6.64632
84 97 3.73458
84 98 7.37266
84 99 1.90151
85 86 5.97742
85 87 8.03878
85 88 5.30567
85 89 6.73507
85 90 0.9515
85 91 2.31433
85 92 7.22828
85 93 5.26918
85 94 5.99586
85 95 7.49767
85 96 3.89426
85 97 3.98467
85 98 2.63359
85 99 1.74911
86 87 1.91343
86 88 5.19604
86 89 4.3636
86 90 7.34285
86 91 2.70947
86 92 2.18057
86 93 5.31571
86 94 5.44477
86 95 4.92373
86 96 3.81543
86 97 7.28419
86 98 7.83958
86 99 2.4031
87 88 8.69586
87 89 4.89643
87 90 6.82543
87 91 2.55656
87 92 0.33774
87 93 5.08211
87 94 0.0824
87 95 5.47961
87 96 5.44098
87 97 1.21519
87 98 7.57723
87 99 7.31245
88 89 0.88179
88 90 5.67876
88 91 1.49578
88 92 6.49927
88 93 6.79195
88 94 4.32897
88 95 4.02731
88 96 5.80471
88 97 5.25003
88 98 2.99504
88 99 2.02049
89 90 4.02362
89 91 2.64014
89 92 3.88915
89 93 7.19
89 94 1.45514
89 95 0.13992
89 96 2.06966
89 97 3.05053
89 98 1.79719
89 99 4.0313
90 91 7.43661
90 92 1.179
90 93 5.7415
90 94 8.62946
90 95 2.6279
90 96 7.36731
90 97 8.99106
90 98 8.4903
90 99 4.10655
91 92 4.32307
91 93 7.11695
91 94 1.39681
91 95 6.83712
91 96 0.80193
91 97 8.57738
91 98 1.61142
91 99 8.83486
92 93 7.54045
92 94 1.05372
92 95 0.11739
92 96 2.28609
92 97 0.86482
92 98 5.29815
92 99 5.3179
93 94 3.39801
93 95 1.79688
93 96 6.87002
93 97 6.69058
93 98 6.55606
93 99 4.53977
94 95 4.62457
94 96 5.05015
94 97 4.0214
94 98 0.60571
94 99 8.09547
95 96 5.22978
95 97 8.95107
95 98 7.00582
95 99 1.81689
96 97 7.32313
96 98 7.59349
96 99 5.6228
97 98 4.24807
97 99 7.22203
98 99 0.71562
