100 20
0 1 6.96817
0 2 2.06843
0 3 8.71992
0 4 2.29072
0 5 1.57012
0 6 4.36118
0 7 5.42626
0 8 3.98007
0 9 3.27558
0 10 1.54934
0 11 4.69372
0 12 1.06939
0 13 6.09059
0 14 2.47835
0 15 6.58356
0 16 7.02901
0 17 7.66796
0 18 8.37535
0 19 7.9596
0 20 4.04713
0 21 3.94412
0 22 8.39235
0 23 7.84074
0 24 2.21579
0 25 6.76631
0 26 2.91278
0 27 8.42155
0 28 3.55239
0 29 8.24338
0 30 1.68878
0 31 7.51714
0 32 0.53955
0 33 3.38845
0 34 8.48912
0 35 7.80514
0 36 0.00321
0 37 7.05553
0 38 2.75735
0 39 5.17402
0 40 4.55293
0 41 6.24944
0 42 0.1063
0 43 8.46282
0 44 4.10991
0 45 0.28455
0 46 1.01719
0 47 7.63088
0 48 2.65812
0 49 8.43875
0 50 5.1504
0 51 7.98666
0 52 2.64167
0 53 7.68046
0 54 4.6142
0 55 5.21973
0 56 1.03743
0 57 2.60458
0 58 6.01174
0 59 4.90506
0 60 2.58885
0 61 1.57656
0 62 7.61247
0 63 3.5338
0 64 4.83653
0 65 8.27135
0 66 4.90169
0 67 8.63742
0 68 3.57499
0 69 5.09722
0 70 8.4172
0 71 2.39002
0 72 3.45138
0 73 4.05291
0 74 7.96657
0 75 6.33349
0 76 8.51181
0 77 6.60787
0 78 7.76273
0 79 2.44222
0 80 3.96211
0 81 0.94519
0 82 7.69612
0 83 4.67795
0 84 7.36629
0 85 0.89289
0 86 6.4032
0 87 8.44802
0 88 7.12921
0 89 6.96042
0 90 2.20163
0 91 6.15822
0 92 8.14669
0 93 0.16709
0 94 2.18802
0 95 0.63991
0 96 7.00846
0 97 0.16985
0 98 1.22912
0 99 2.79774
1 2 3.40247
1 3 5.48176
1 4 8.1616
1 5 7.4751
1 6 5.66983
1 7 1.68891
1 8 0.7022
1 9 7.64581
1 10 2.53438
1 11 8.51597
1 12 6.62134
1 13 8.13492
1 14 3.87445
1 15 6.29002
1 16 5.05163
1 17 8.27095
1 18 6.00039
1 19 5.44366
1 20 5.34822
1 21 7.03503
1 22 6.9131
1 23 3.20361
1 24 8.91699
1 25 8.54712
1 26 2.73112
1 27 3.54029
1 28 2.9379
1 29 6.65867
1 30 1.78571
1 31 0.5907
1 32 8.63739
1 33 3.60646
1 34 8.13094
1 35 1.75702
1 36 3.04301
1 37 2.69614
1 38 7.93607
1 39 8.38138
1 40 7.34888
1 41 5.12417
1 42 6.96742
1 43 8.06506
1 44 8.56225
1 45 7.76
1 46 6.67559
1 47 4.3137
1 48 7.86118
1 49 5.34657
1 50 0.47107
1 51 1.95607
1 52 7.81434
1 53 0.48548
1 54 3.11824
1 55 2.8473
1 56 2.13024
1 57 0.05343
1 58 0.91641
1 59 5.30149
1 60 4.92145
1 61 8.61642
1 62 4.18059
1 63 4.9081
1 64 0.21242
1 65 0.27459
1 66 6.09041
1 67 1.58127
1 68 6.24281
1 69 0.37481
1 70 4.30508
1 71 7.58152
1 72 5.14881
1 73 0.54951
1 74 6.408
1 75 3.91839
1 76 3.97699
1 77 5.18293
1 78 6.2682
1 79 8.53067
1 80 7.91104
1 81 2.51825
1 82 1.81554
1 83 1.03137
1 84 0.77
1 85 6.29187
1 86 0.38631
1 87 6.02995
1 88 8.92067
1 89 5.13425
1 90 6.82869
1 91 1.11144
1 92 0.25588
1 93 1.18278
1 94 1.44789
1 95 6.56373
1 96 4.71868
1 97 6.64365
1 98 8.78412
1 99 7.92561
2 3 7.96787
2 4 4.91084
2 5 7.09292
2 6 3.31029
2 7 5.25174
2 8 6.46103
2 9 0.31646
2 10 0.39103
2 11 5.32051
2 12 0.73098
2 13 1.31308
2 14 0.70491
2 15 3.47582
2 16 4.62181
2 17 8.33454
2 18 2.94756
2 19 3.28747
2 20 0.23579
2 21 5.3506
2 22 1.28394
2 23 8.68299
2 24 1.02596
2 25 4.36272
2 26 2.88163
2 27 2.44723
2 28 6.74417
2 29 7.55347
2 30 0.87976
2 31 3.65703
2 32 5.77631
2 33 6.17683
2 34 4.70746
2 35 6.28606
2 36 1.47968
2 37 7.09275
2 38 8.51389
2 39 6.65724
2 40 7.78225
2 41 3.99458
2 42 1.36912
2 43 4.51463
2 44 8.18033
2 45 7.57568
2 46 4.40787
2 47 6.36507
2 48 6.00353
2 49 0.21246
2 50 5.56615
2 51 3.42057
2 52 8.79874
2 53 6.42024
2 54 1.40931
2 55 5.91451
2 56 8.29074
2 57 4.35263
2 58 6.1193
2 59 0.19637
2 60 2.41577
2 61 6.59294
2 62 3.66016
2 63 2.11789
2 64 2.70245
2 65 5.39086
2 66 2.10769
2 67 1.69079
2 68 5.48278
2 69 4.95065
2 70 1.66486
2 71 1.75143
2 72 3.8965
2 73 5.57678
2 74 3.32592
2 75 3.47138
2 76 2.18569
2 77 5.52955
2 78 5.82962
2 79 6.24223
2 80 3.70673
2 81 0.9419
2 82 1.06798
2 83 0.98202
2 84 3.77195
2 85 1.42275
2 86 7.69235
2 87 8.62411
2 88 5.57589
2 89 8.35564
2 90 8.38591
2 91 1.21713
2 92 4.41791
2 93 0.86527
2 94 2.59151
2 95 8.10669
2 96 4.85227
2 97 5.56715
2 98 8.53651
2 99 7.18222
3 4 3.62287
3 5 0.74927
3 6 1.65065
3 7 0.09226
3 8 5.90687
3 9 4.81949
3 10 2.26705
3 11 2.76633
3 12 5.21804
3 13 1.47687
3 14 8.25676
3 15 5.38194
3 16 3.96505
3 17 5.04068
3 18 4.96066
3 19 1.75116
3 20 7.8786
3 21 5.94766
3 22 8.93147
3 23 6.7729
3 24 0.99219
3 25 1.31292
3 26 6.10218
3 27 6.16215
3 28 1.19567
3 29 7.62678
3 30 7.35932
3 31 1.75537
3 32 6.59215
3 33 7.25141
3 34 4.00396
3 35 4.55336
3 36 7.78545
3 37 5.29005
3 38 2.73857
3 39 2.99834
3 40 1.71376
3 41 2.88234
3 42 4.6254
3 43 0.73287
3 44 2.09044
3 45 0.9499
3 46 7.06601
3 47 8.76481
3 48 5.82343
3 49 1.30437
3 50 2.96073
3 51 4.5557
3 52 4.74025
3 53 0.80942
3 54 5.46622
3 55 5.9656
3 56 7.75742
3 57 3.19878
3 58 6.07696
3 59 0.07341
3 60 6.70988
3 61 4.27791
3 62 0.38603
3 63 6.66875
3 64 5.3141
3 65 6.92381
3 66 0.40073
3 67 5.19352
3 68 2.90063
3 69 2.627
3 70 7.50723
3 71 6.01046
3 72 0.42358
3 73 7.89867
3 74 6.26326
3 75 1.00782
3 76 4.27657
3 77 4.74918
3 78 3.20302
3 79 2.73912
3 80 0.88218
3 81 3.47169
3 82 6.39973
3 83 6.40139
3 84 6.06842
3 85 8.14191
3 86 5.85868
3 87 0.12574
3 88 1.44977
3 89 4.87673
3 90 5.40235
3 91 0.89483
3 92 1.83813
3 93 8.59723
3 94 7.32689
3 95 8.29736
3 96 0.88591
3 97 8.63333
3 98 7.19503
3 99 7.25228
4 5 1.03374
4 6 3.81399
4 7 5.68534
4 8 1.62938
4 9 7.71494
4 10 3.62492
4 11 6.91602
4 12 6.73081
4 13 8.05379
4 14 6.01813
4 15 2.07191
4 16 2.02145
4 17 6.77513
4 18 1.15107
4 19 8.72488
4 20 8.29588
4 21 0.32194
4 22 1.6902
4 23 1.6851
4 24 2.91378
4 25 5.02108
4 26 7.81464
4 27 8.43541
4 28 5.19754
4 29 6.64356
4 30 8.09199
4 31 7.36865
4 32 2.52457
4 33 4.80027
4 34 7.87314
4 35 7.47897
4 36 2.33133
4 37 4.89031
4 38 5.85837
4 39 7.85797
4 40 3.85252
4 41 0.10254
4 42 8.65839
4 43 4.09218
4 44 0.46662
4 45 3.30556
4 46 5.72585
4 47 0.93966
4 48 4.49763
4 49 7.08179
4 50 1.13162
4 51 8.11646
4 52 8.7304
4 53 3.34716
4 54 5.20791
4 55 6.58696
4 56 5.68558
4 57 5.51557
4 58 8.8942
4 59 1.10505
4 60 4.08246
4 61 3.49714
4 62 0.81528
4 63 7.05475
4 64 0.26319
4 65 6.4461
4 66 1.36097
4 67 1.48054
4 68 2.90546
4 69 5.80132
4 70 5.30715
4 71 0.50991
4 72 1.16758
4 73 0.72886
4 74 4.96172
4 75 1.44753
4 76 5.87557
4 77 4.17825
4 78 2.36703
4 79 8.52073
4 80 5.92618
4 81 0.96445
4 82 5.7751
4 83 8.34321
4 84 3.77742
4 85 5.82832
4 86 0.2767
4 87 2.14426
4 88 5.92247
4 89 7.9469
4 90 8.75808
4 91 1.56284
4 92 0.19684
4 93 4.44612
4 94 2.66403
4 95 4.35764
4 96 1.15411
4 97 1.95513
4 98 3.01037
4 99 5.71145
5 6 2.50431
5 7 7.24106
5 8 0.98261
5 9 0.01342
5 10 1.24883
5 11 7.09115
5 12 6.89166
5 13 4.31928
5 14 2.63223
5 15 7.49777
5 16 5.09463
5 17 3.95969
5 18 0.62442
5 19 3.91583
5 20 8.48395
5 21 1.48426
5 22 4.53061
5 23 5.56755
5 24 2.04755
5 25 1.62488
5 26 5.28987
5 27 5.71803
5 28 1.98882
5 29 2.37807
5 30 6.64416
5 31 6.397
5 32 2.79487
5 33 0.20164
5 34 1.07079
5 35 3.47899
5 36 6.43105
5 37 4.34635
5 38 6.23191
5 39 7.18057
5 40 7.05088
5 41 2.36709
5 42 6.68587
5 43 0.00884
5 44 3.36443
5 45 0.37983
5 46 5.38454
5 47 7.60759
5 48 1.78475
5 49 4.28488
5 50 3.07891
5 51 8.43704
5 52 7.55859
5 53 2.66435
5 54 1.07965
5 55 2.96474
5 56 0.87754
5 57 2.65648
5 58 0.79032
5 59 1.32782
5 60 8.98295
5 61 0.3095
5 62 2.35997
5 63 2.11754
5 64 4.05175
5 65 2.69973
5 66 6.04137
5 67 7.25778
5 68 8.07142
5 69 7.93067
5 70 2.363
5 71 0.61122
5 72 1.45026
5 73 4.00118
5 74 5.57518
5 75 0.8357
5 76 0.84888
5 77 6.64118
5 78 8.34106
5 79 3.01791
5 80 8.63113
5 81 8.55486
5 82 8.80807
5 83 1.80692
5 84 4.61982
5 85 7.12108
5 86 4.28534
5 87 2.33783
5 88 2.36174
5 89 6.57811
5 90 3.47456
5 91 3.54399
5 92 1.12606
5 93 2.21016
5 94 1.01549
5 95 2.1247
5 96 6.36911
5 97 4.06437
5 98 2.99571
5 99 3.14499
6 7 3.81845
6 8 7.15822
6 9 4.91497
6 10 2.05554
6 11 2.22534
6 12 5.9626
6 13 1.28956
6 14 0.88541
6 15 6.70236
6 16 6.34112
6 17 7.4197
6 18 7.12606
6 19 7.95716
6 20 0.77842
6 21 3.9156
6 22 5.63254
6 23 1.29553
6 24 7.02017
6 25 6.5902
6 26 6.50935
6 27 7.94118
6 28 5.44101
6 29 1.1328
6 30 3.93546
6 31 0.04222
6 32 2.71856
6 33 0.3087
6 34 2.3242
6 35 6.58071
6 36 3.1276
6 37 6.81882
6 38 8.7626
6 39 7.26087
6 40 5.61452
6 41 4.54892
6 42 4.70616
6 43 6.00848
6 44 2.75915
6 45 4.87276
6 46 2.8647
6 47 3.06285
6 48 1.87839
6 49 8.6717
6 50 8.08245
6 51 6.09671
6 52 2.06629
6 53 7.05737
6 54 7.33348
6 55 4.111
6 56 2.75189
6 57 0.53248
6 58 5.99819
6 59 7.42635
6 60 5.70698
6 61 0.03481
6 62 1.14239
6 63 2.14313
6 64 2.88061
6 65 5.17902
6 66 4.70627
6 67 4.45554
6 68 6.87421
6 69 5.57734
6 70 3.29191
6 71 4.57969
6 72 2.63804
6 73 7.80183
6 74 3.28436
6 75 1.85863
6 76 8.42094
6 77 3.39109
6 78 2.36274
6 79 8.96831
6 80 4.64012
6 81 0.0139
6 82 4.88951
6 83 3.36306
6 84 3.23866
6 85 1.86198
6 86 3.77228
6 87 8.60603
6 88 5.72122
6 89 7.00775
6 90 8.66023
6 91 0.80556
6 92 6.41675
6 93 7.08578
6 94 7.15637
6 95 7.72552
6 96 0.57125
6 97 6.5788
6 98 0.1908
6 99 7.11348
7 8 3.75469
7 9 4.02247
7 10 6.56279
7 11 8.21954
7 12 5.8821
7 13 6.0709
7 14 6.44103
7 15 1.13579
7 16 0.33161
7 17 8.67639
7 18 0.11277
7 19 8.7067
7 20 6.87098
7 21 0.81404
7 22 8.3112
7 23 7.89776
7 24 4.5675
7 25 1.03164
7 26 1.91821
7 27 2.02641
7 28 5.13123
7 29 7.77594
7 30 4.88293
7 31 0.76719
7 32 1.00699
7 33 3.64252
7 34 7.59762
7 35 3.81017
7 36 4.40324
7 37 0.72129
7 38 1.30842
7 39 6.21075
7 40 5.9058
7 41 6.95293
7 42 1.85859
7 43 7.62733
7 44 8.03516
7 45 4.44208
7 46 0.44211
7 47 7.12564
7 48 8.63145
7 49 6.55391
7 50 8.11169
7 51 1.59779
7 52 3.57689
7 53 6.91896
7 54 8.82241
7 55 3.52011
7 56 1.6186
7 57 5.73098
7 58 3.77979
7 59 0.49592
7 60 6.23409
7 61 7.23417
7 62 2.78903
7 63 8.52081
7 64 8.00933
7 65 6.17281
7 66 8.29647
7 67 4.0719
7 68 4.5184
7 69 8.74169
7 70 1.03324
7 71 8.02306
7 72 5.58063
7 73 7.65309
7 74 5.43754
7 75 6.71959
7 76 3.19396
7 77 4.81269
7 78 1.54034
7 79 8.48029
7 80 0.17571
7 81 5.71643
7 82 5.49051
7 83 3.22836
7 84 4.16139
7 85 6.23914
7 86 7.47935
7 87 8.93606
7 88 3.33799
7 89 5.14295
7 90 2.17602
7 91 7.27094
7 92 6.60079
7 93 1.48349
7 94 0.35859
7 95 3.93736
7 96 2.10827
7 97 2.63294
7 98 7.10378
7 99 7.10559
8 9 0.24242
8 10 3.34723
8 11 3.82203
8 12 1.78586
8 13 6.31597
8 14 6.35139
8 15 1.32539
8 16 1.06687
8 17 8.45524
8 18 7.83871
8 19 5.01139
8 20 7.16076
8 21 6.58563
8 22 7.01414
8 23 4.0763
8 24 1.68903
8 25 2.09906
8 26 2.52053
8 27 6.51585
8 28 3.38335
8 29 5.48946
8 30 5.06644
8 31 3.59028
8 32 7.37176
8 33 5.98344
8 34 1.88527
8 35 6.98531
8 36 6.22056
8 37 7.76105
8 38 8.0898
8 39 0.74695
8 40 3.66258
8 41 3.87534
8 42 3.39789
8 43 3.04833
8 44 6.63212
8 45 2.5522
8 46 4.18316
8 47 3.16517
8 48 6.62421
8 49 2.52913
8 50 4.08669
8 51 7.52077
8 52 1.34871
8 53 8.70281
8 54 5.74078
8 55 6.71164
8 56 6.14292
8 57 5.94106
8 58 7.33102
8 59 0.61196
8 60 5.17259
8 61 2.01172
8 62 5.73028
8 63 6.67931
8 64 6.08224
8 65 7.05235
8 66 2.41493
8 67 1.81929
8 68 6.32091
8 69 3.84761
8 70 1.26252
8 71 7.99134
8 72 8.29357
8 73 7.4838
8 74 4.80256
8 75 1.73702
8 76 7.28405
8 77 5.00357
8 78 0.84402
8 79 2.06349
8 80 8.23907
8 81 0.67143
8 82 0.30138
8 83 8.71861
8 84 1.00334
8 85 4.8298
8 86 7.26142
8 87 2.1969
8 88 7.68012
8 89 7.90579
8 90 2.72254
8 91 5.91693
8 92 5.29314
8 93 2.71644
8 94 2.84128
8 95 7.68062
8 96 2.95295
8 97 2.66864
8 98 1.77704
8 99 4.04498
9 10 4.73501
9 11 1.79514
9 12 3.09653
9 13 5.05795
9 14 1.37681
9 15 4.16964
9 16 1.4311
9 17 6.19274
9 18 7.80068
9 19 7.3523
9 20 1.02302
9 21 1.94883
9 22 1.21782
9 23 1.7591
9 24 3.50891
9 25 2.27054
9 26 8.59304
9 27 5.85976
9 28 6.90386
9 29 1.11904
9 30 7.668
9 31 8.81759
9 32 2.2067
9 33 8.52925
9 34 8.91431
9 35 1.28296
9 36 5.15141
9 37 4.56958
9 38 2.32791
9 39 6.96166
9 40 3.63776
9 41 7.84771
9 42 6.9303
9 43 4.32827
9 44 7.34
9 45 2.3518
9 46 0.80116
9 47 3.68241
9 48 0.68266
9 49 5.48339
9 50 0.83142
9 51 1.49296
9 52 3.69645
9 53 2.94548
9 54 0.77769
9 55 7.24579
9 56 6.36047
9 57 6.49894
9 58 8.99183
9 59 6.2951
9 60 5.30374
9 61 2.72518
9 62 3.5207
9 63 8.81237
9 64 1.4542
9 65 8.18691
9 66 8.21439
9 67 4.3
9 68 6.73376
9 69 3.63482
9 70 2.72911
9 71 1.3586
9 72 2.46081
9 73 2.99262
9 74 3.88704
9 75 3.73579
9 76 3.7086
9 77 1.39723
9 78 1.39982
9 79 3.06671
9 80 1.26743
9 81 3.32557
9 82 2.12034
9 83 4.51936
9 84 7.6229
9 85 0.84669
9 86 3.46519
9 87 4.86651
9 88 8.08774
9 89 8.5808
9 90 1.7703
9 91 2.52315
9 92 1.55473
9 93 6.0933
9 94 1.52584
9 95 2.09463
9 96 3.10633
9 97 0.59031
9 98 0.84419
9 99 3.47445
10 11 7.50478
10 12 3.02835
10 13 1.27629
10 14 7.19749
10 15 3.13054
10 16 4.91267
10 17 2.7522
10 18 1.95848
10 19 3.56768
10 20 5.41449
10 21 4.4354
10 22 8.64875
10 23 8.99297
10 24 3.94502
10 25 4.98239
10 26 5.03016
10 27 0.26809
10 28 3.02959
10 29 6.78165
10 30 6.01137
10 31 2.59924
10 32 8.49392
10 33 8.11782
10 34 2.76379
10 35 6.23724
10 36 0.75481
10 37 6.93516
10 38 3.75754
10 39 0.5297
10 40 0.90119
10 41 2.76195
10 42 0.86046
10 43 2.01912
10 44 4.12035
10 45 5.63961
10 46 3.12275
10 47 5.71527
10 48 6.41803
10 49 4.49213
10 50 3.03591
10 51 4.75197
10 52 5.00685
10 53 7.67295
10 54 7.4909
10 55 0.34789
10 56 8.14841
10 57 0.33251
10 58 6.6559
10 59 3.9223
10 60 4.49128
10 61 1.82298
10 62 7.49972
10 63 0.09687
10 64 2.50383
10 65 0.7726
10 66 7.69756
10 67 5.5976
10 68 7.67873
10 69 4.79686
10 70 4.23965
10 71 8.71446
10 72 5.05952
10 73 7.55883
10 74 0.59413
10 75 8.80054
10 76 7.3976
10 77 3.41453
10 78 5.23333
10 79 5.05051
10 80 4.40899
10 81 4.41853
10 82 4.35188
10 83 8.29899
10 84 8.80079
10 85 2.11383
10 86 8.44224
10 87 6.81369
10 88 7.69786
10 89 2.26738
10 90 2.62889
10 91 7.08035
10 92 4.01325
10 93 5.61396
10 94 5.40868
10 95 0.87929
10 96 0.03725
10 97 3.72511
10 98 5.24667
10 99 3.24656
11 12 4.12485
11 13 3.10823
11 14 6.71004
11 15 0.7208
11 16 6.24456
11 17 7.73421
11 18 5.46474
11 19 4.20715
11 20 6.07563
11 21 2.44072
11 22 8.96201
11 23 2.70247
11 24 0.98818
11 25 0.30124
11 26 1.76437
11 27 2.83682
11 28 4.78264
11 29 5.55982
11 30 7.84822
11 31 8.13493
11 32 2.84908
11 33 8.26218
11 34 1.68399
11 35 2.01221
11 36 4.55164
11 37 5.07879
11 38 2.86143
11 39 7.85627
11 40 7.71477
11 41 5.99675
11 42 0.12303
11 43 6.46973
11 44 4.94252
11 45 5.78289
11 46 5.17679
11 47 3.04414
11 48 6.16049
11 49 8.53004
11 50 4.62075
11 51 2.89273
11 52 3.41841
11 53 4.98736
11 54 1.48118
11 55 1.87129
11 56 8.85693
11 57 3.52272
11 58 1.45559
11 59 7.60088
11 60 2.66995
11 61 3.95745
11 62 1.87105
11 63 5.48879
11 64 2.7543
11 65 8.98928
11 66 6.7338
11 67 8.41393
11 68 3.64871
11 69 6.98563
11 70 0.51989
11 71 0.41045
11 72 1.67251
11 73 6.53128
11 74 5.26416
11 75 0.86516
11 76 2.28896
11 77 1.6355
11 78 3.15805
11 79 4.96625
11 80 2.27272
11 81 4.75986
11 82 3.30411
11 83 6.8075
11 84 8.86664
11 85 7.33615
11 86 4.27995
11 87 1.2424
11 88 4.834
11 89 6.32959
11 90 6.32495
11 91 3.37379
11 92 1.70102
11 93 7.9092
11 94 5.24724
11 95 5.5095
11 96 7.13988
11 97 4.05858
11 98 3.3249
11 99 8.37787
12 13 3.74992
12 14 7.53543
12 15 6.84513
12 16 6.93507
12 17 2.82264
12 18 2.10522
12 19 6.31957
12 20 6.25198
12 21 6.99263
12 22 3.94361
12 23 6.03276
12 24 2.96638
12 25 4.62382
12 26 8.03738
12 27 6.2115
12 28 2.58456
12 29 2.94642
12 30 0.73993
12 31 1.95164
12 32 8.7019
12 33 4.91055
12 34 2.0116
12 35 2.21395
12 36 4.80349
12 37 2.77986
12 38 7.73557
12 39 5.8194
12 40 0.29621
12 41 5.71406
12 42 3.64351
12 43 6.07997
12 44 2.3247
12 45 4.63466
12 46 0.81913
12 47 4.67698
12 48 3.02073
12 49 2.39313
12 50 8.59522
12 51 7.43156
12 52 8.42309
12 53 7.21376
12 54 5.1153
12 55 4.85904
12 56 6.3008
12 57 8.80452
12 58 6.94484
12 59 6.70345
12 60 5.62048
12 61 0.59786
12 62 3.10594
12 63 7.41713
12 64 0.77083
12 65 3.79433
12 66 2.53569
12 67 0.77306
12 68 3.27208
12 69 8.65538
12 70 2.43643
12 71 8.65435
12 72 3.33144
12 73 6.81592
12 74 6.48333
12 75 5.9497
12 76 7.29342
12 77 8.69761
12 78 4.53204
12 79 7.58932
12 80 4.93812
12 81 4.70335
12 82 0.71553
12 83 8.87089
12 84 4.60116
12 85 7.52588
12 86 5.24996
12 87 0.97049
12 88 3.93715
12 89 4.40437
12 90 3.29937
12 91 2.34801
12 92 8.52439
12 93 4.08309
12 94 1.38909
12 95 4.75763
12 96 4.04846
12 97 1.56204
12 98 1.55635
12 99 8.12632
13 14 8.65793
13 15 2.113
13 16 1.64145
13 17 3.64517
13 18 1.78314
13 19 1.02187
13 20 2.83411
13 21 0.58103
13 22 3.72844
13 23 0.26167
13 24 2.54367
13 25 5.21547
13 26 1.9046
13 27 2.26053
13 28 7.51346
13 29 4.80972
13 30 5.41731
13 31 1.01084
13 32 8.78721
13 33 0.30727
13 34 2.41083
13 35 3.90737
13 36 0.02408
13 37 8.98973
13 38 5.80196
13 39 1.54214
13 40 5.20921
13 41 5.48328
13 42 7.63765
13 43 1.6743
13 44 6.10934
13 45 5.22389
13 46 7.74776
13 47 5.77871
13 48 6.57849
13 49 8.93339
13 50 5.29027
13 51 1.38889
13 52 3.8029
13 53 6.57763
13 54 2.51423
13 55 2.33557
13 56 7.80057
13 57 2.06212
13 58 5.60865
13 59 8.76899
13 60 6.42308
13 61 7.68274
13 62 1.88428
13 63 7.47034
13 64 2.84235
13 65 4.81057
13 66 0.92296
13 67 7.24511
13 68 5.17005
13 69 7.09551
13 70 0.26769
13 71 7.27687
13 72 6.02712
13 73 0.63897
13 74 6.55055
13 75 3.18211
13 76 8.02185
13 77 1.73139
13 78 3.94361
13 79 8.11494
13 80 4.77387
13 81 0.32122
13 82 8.75011
13 83 3.97636
13 84 4.72597
13 85 0.88062
13 86 0.42231
13 87 3.07716
13 88 8.83643
13 89 3.93631
13 90 4.11074
13 91 8.19736
13 92 1.62623
13 93 3.46913
13 94 5.33612
13 95 4.7215
13 96 6.22094
13 97 3.06433
13 98 5.68303
13 99 7.91376
14 15 1.65306
14 16 0.74762
14 17 0.74559
14 18 7.25747
14 19 0.3004
14 20 6.00038
14 21 7.63117
14 22 8.05465
14 23 0.82
14 24 5.17858
14 25 5.73363
14 26 5.79279
14 27 4.20862
14 28 0.97394
14 29 7.04897
14 30 6.64689
14 31 4.34739
14 32 5.99911
14 33 3.78446
14 34 7.88716
14 35 6.46995
14 36 5.65355
14 37 6.12051
14 38 7.13361
14 39 0.86271
14 40 7.93674
14 41 2.44434
14 42 2.5693
14 43 7.84855
14 44 2.737
14 45 8.6725
14 46 7.07489
14 47 5.50781
14 48 6.26938
14 49 5.19426
14 50 6.00126
14 51 7.06715
14 52 2.32818
14 53 7.97617
14 54 5.67783
14 55 4.54368
14 56 4.93943
14 57 0.53537
14 58 1.46011
14 59 6.48659
14 60 7.71516
14 61 3.99377
14 62 7.14419
14 63 4.35267
14 64 1.18559
14 65 5.38356
14 66 8.88716
14 67 8.04166
14 68 1.62366
14 69 8.44927
14 70 0.05723
14 71 4.95262
14 72 6.74761
14 73 8.91742
14 74 1.39827
14 75 1.98172
14 76 8.50991
14 77 5.31466
14 78 3.85848
14 79 7.82018
14 80 5.75416
14 81 3.96057
14 82 1.93852
14 83 5.86885
14 84 7.10709
14 85 7.42972
14 86 4.82147
14 87 5.21226
14 88 7.61191
14 89 3.89473
14 90 2.32035
14 91 4.92692
14 92 2.86613
14 93 2.47085
14 94 2.66193
14 95 6.22924
14 96 7.0089
14 97 0.65807
14 98 2.06521
14 99 7.11055
15 16 7.04739
15 17 2.54143
15 18 2.65065
15 19 2.92911
15 20 3.43298
15 21 2.74803
15 22 6.59666
15 23 6.70599
15 24 2.89768
15 25 5.92059
15 26 5.23819
15 27 5.96079
15 28 2.6892
15 29 0.31706
15 30 0.73115
15 31 5.18711
15 32 4.57621
15 33 5.6105
15 34 5.00788
15 35 3.50464
15 36 0.74383
15 37 0.21544
15 38 6.28997
15 39 5.09504
15 40 4.4855
15 41 1.43201
15 42 1.60111
15 43 3.38597
15 44 6.52588
15 45 2.95179
15 46 0.46757
15 47 7.76618
15 48 2.56722
15 49 1.00561
15 50 4.92646
15 51 2.95976
15 52 2.15894
15 53 1.59326
15 54 7.45428
15 55 2.8723
15 56 6.46333
15 57 5.95158
15 58 2.78566
15 59 8.74796
15 60 7.11648
15 61 1.36628
15 62 0.55023
15 63 1.34074
15 64 6.83881
15 65 2.13046
15 66 6.87619
15 67 7.47097
15 68 0.8287
15 69 6.15591
15 70 0.70796
15 71 2.30165
15 72 1.35886
15 73 0.12366
15 74 4.10615
15 75 2.50765
15 76 1.09788
15 77 3.22148
15 78 5.80083
15 79 5.12017
15 80 6.01697
15 81 4.63776
15 82 0.24024
15 83 3.24297
15 84 8.95824
15 85 2.90759
15 86 3.65987
15 87 3.80772
15 88 2.63552
15 89 8.93333
15 90 2.24418
15 91 8.95872
15 92 0.73732
15 93 7.86179
15 94 8.15504
15 95 6.53442
15 96 4.01372
15 97 0.51542
15 98 1.35018
15 99 8.24643
16 17 6.07553
16 18 7.99671
16 19 1.45604
16 20 4.17511
16 21 6.27351
16 22 0.17789
16 23 7.16093
16 24 5.54042
16 25 0.66141
16 26 4.2445
16 27 2.63787
16 28 2.84501
16 29 1.22934
16 30 7.06313
16 31 8.05377
16 32 4.5185
16 33 7.74343
16 34 5.1099
16 35 2.52757
16 36 0.50476
16 37 0.21998
16 38 8.84165
16 39 3.34982
16 40 1.8773
16 41 2.54207
16 42 3.77978
16 43 8.63059
16 44 7.09795
16 45 3.77313
16 46 8.65811
16 47 6.71574
16 48 7.43337
16 49 5.93205
16 50 5.79124
16 51 7.13904
16 52 8.9232
16 53 2.98728
16 54 5.8773
16 55 3.30131
16 56 1.00903
16 57 8.8468
16 58 0.95444
16 59 8.46582
16 60 6.35382
16 61 6.28528
16 62 8.83102
16 63 6.48094
16 64 1.15021
16 65 5.55729
16 66 0.64999
16 67 7.81482
16 68 1.50345
16 69 2.19243
16 70 0.06698
16 71 3.50154
16 72 3.89964
16 73 5.83407
16 74 2.08918
16 75 2.11478
16 76 4.7611
16 77 6.75508
16 78 3.17086
16 79 7.94692
16 80 8.47802
16 81 0.76606
16 82 4.28039
16 83 7.8555
16 84 1.20209
16 85 2.994
16 86 6.70187
16 87 8.53522
16 88 8.38497
16 89 2.34738
16 90 3.85925
16 91 6.46661
16 92 8.31298
16 93 4.22913
16 94 1.16858
16 95 6.99762
16 96 3.50983
16 97 0.59664
16 98 8.43798
16 99 7.95416
17 18 8.74879
17 19 2.90445
17 20 8.8837
17 21 5.28133
17 22 5.74131
17 23 3.70364
17 24 6.60758
17 25 7.68451
17 26 3.68776
17 27 5.90926
17 28 5.51988
17 29 8.54834
17 30 5.83053
17 31 4.94037
17 32 0.7319
17 33 0.34615
17 34 6.02936
17 35 1.0186
17 36 5.63652
17 37 5.05514
17 38 4.32493
17 39 7.04919
17 40 7.59661
17 41 7.70154
17 42 5.44581
17 43 4.87804
17 44 1.25472
17 45 7.81353
17 46 8.03797
17 47 5.46655
17 48 4.43402
17 49 1.86615
17 50 4.01764
17 51 0.6294
17 52 5.03309
17 53 6.26001
17 54 7.2191
17 55 3.83077
17 56 2.69034
17 57 6.80844
17 58 5.83036
17 59 7.52839
17 60 7.49489
17 61 5.4155
17 62 1.17641
17 63 4.85479
17 64 2.22509
17 65 8.37038
17 66 2.86588
17 67 5.67648
17 68 3.82683
17 69 5.58744
17 70 7.87057
17 71 2.9878
17 72 8.36938
17 73 2.77055
17 74 7.1548
17 75 5.14199
17 76 8.44528
17 77 3.90044
17 78 1.88674
17 79 3.6429
17 80 6.40574
17 81 7.5406
17 82 8.55277
17 83 3.91735
17 84 0.40257
17 85 8.39136
17 86 2.71766
17 87 0.18932
17 88 4.92061
17 89 3.5917
17 90 2.57882
17 91 0.73766
17 92 2.07419
17 93 0.4213
17 94 1.63722
17 95 8.23013
17 96 2.23057
17 97 7.89384
17 98 7.48769
17 99 8.13257
18 19 1.77197
18 20 2.08681
18 21 3.31646
18 22 2.71169
18 23 1.25177
18 24 6.02657
18 25 1.02607
18 26 7.79638
18 27 0.18566
18 28 8.10914
18 29 0.45118
18 30 6.627
18 31 3.95159
18 32 2.24916
18 33 1.82119
18 34 5.31847
18 35 1.70676
18 36 3.36687
18 37 8.65168
18 38 5.83915
18 39 5.47574
18 40 2.15226
18 41 0.18447
18 42 8.51976
18 43 0.30403
18 44 0.5917
18 45 6.93035
18 46 5.16052
18 47 1.85011
18 48 7.62393
18 49 2.52352
18 50 0.93006
18 51 3.51934
18 52 4.06448
18 53 4.34028
18 54 5.85262
18 55 1.77493
18 56 3.91203
18 57 1.82601
18 58 6.45915
18 59 4.08758
18 60 4.53967
18 61 1.27994
18 62 8.29051
18 63 0.67106
18 64 8.63228
18 65 1.76927
18 66 6.18536
18 67 4.71192
18 68 5.44428
18 69 6.40948
18 70 1.65297
18 71 3.64444
18 72 7.46769
18 73 4.81712
18 74 2.65777
18 75 0.04645
18 76 7.11983
18 77 0.53873
18 78 2.91419
18 79 6.04974
18 80 4.86524
18 81 6.67865
18 82 2.36305
18 83 1.75054
18 84 1.98718
18 85 1.26823
18 86 1.69723
18 87 6.81527
18 88 3.75091
18 89 2.33569
18 90 4.87976
18 91 8.97714
18 92 8.14992
18 93 6.08081
18 94 1.78659
18 95 4.8521
18 96 8.6569
18 97 4.9433
18 98 4.88809
18 99 8.03335
19 20 0.33556
19 21 5.26324
19 22 1.35325
19 23 4.43817
19 24 8.52742
19 25 7.01319
19 26 6.27784
19 27 2.83939
19 28 1.86837
19 29 2.04701
19 30 5.67442
19 31 1.15821
19 32 6.13338
19 33 5.78336
19 34 1.09491
19 35 4.17217
19 36 5.38163
19 37 4.9231
19 38 6.37366
19 39 4.05637
19 40 1.2003
19 41 0.18576
19 42 2.05956
19 43 3.54778
19 44 4.58853
19 45 4.66215
19 46 1.55929
19 47 0.79797
19 48 0.07915
19 49 2.06531
19 50 2.62963
19 51 5.11328
19 52 3.95222
19 53 2.6012
19 54 5.83531
19 55 5.01272
19 56 5.85632
19 57 2.9912
19 58 4.77204
19 59 8.20109
19 60 2.23373
19 61 0.06981
19 62 3.64096
19 63 1.36318
19 64 1.89742
19 65 3.99318
19 66 0.54585
19 67 2.56463
19 68 4.7886
19 69 1.35293
19 70 5.52532
19 71 8.84918
19 72 0.266
19 73 1.55179
19 74 5.49612
19 75 5.79455
19 76 7.29222
19 77 1.56342
19 78 4.93167
19 79 1.67789
19 80 8.78913
19 81 3.10098
19 82 8.10506
19 83 7.70094
19 84 2.48681
19 85 5.17776
19 86 4.0923
19 87 5.60957
19 88 4.71269
19 89 0.21655
19 90 4.29233
19 91 5.67403
19 92 7.55105
19 93 5.23834
19 94 0.60657
19 95 3.19826
19 96 2.42089
19 97 8.87423
19 98 4.12232
19 99 3.78544
20 21 6.9515
20 22 4.32165
20 23 8.78569
20 24 6.33553
20 25 4.53477
20 26 5.72941
20 27 7.64913
20 28 7.78023
20 29 1.39706
20 30 3.13937
20 31 0.78524
20 32 3.94258
20 33 6.33294
20 34 6.08237
20 35 5.39543
20 36 5.22336
20 37 1.10768
20 38 7.58772
20 39 1.97966
20 40 0.4933
20 41 2.72712
20 42 7.8767
20 43 1.5826
20 44 8.28313
20 45 2.53717
20 46 0.62193
20 47 2.43418
20 48 8.81987
20 49 4.68738
20 50 7.68871
20 51 3.27188
20 52 4.22036
20 53 7.82993
20 54 0.64032
20 55 8.96632
20 56 0.95345
20 57 7.60842
20 58 8.77621
20 59 7.9284
20 60 5.3858
20 61 4.85459
20 62 7.30577
20 63 8.27902
20 64 5.3293
20 65 6.00061
20 66 7.63563
20 67 0.61133
20 68 1.77021
20 69 7.66232
20 70 4.621
20 71 6.12772
20 72 7.9033
20 73 3.27018
20 74 3.46318
20 75 5.88345
20 76 6.15564
20 77 1.83278
20 78 0.94595
20 79 7.28576
20 80 6.93547
20 81 2.50382
20 82 8.57993
20 83 7.20181
20 84 6.6904
20 85 2.32304
20 86 0.14179
20 87 2.30941
20 88 3.92014
20 89 8.72693
20 90 5.35796
20 91 1.59201
20 92 0.78291
20 93 0.51706
20 94 1.21581
20 95 4.92181
20 96 4.88243
20 97 4.22454
20 98 2.31256
20 99 3.34728
21 22 3.00036
21 23 5.69411
21 24 6.90719
21 25 4.79834
21 26 6.039
21 27 2.98773
21 28 4.40702
21 29 0.05216
21 30 4.41846
21 31 6.13447
21 32 4.49758
21 33 5.20789
21 34 0.05707
21 35 1.54959
21 36 3.23679
21 37 2.97591
21 38 7.29292
21 39 3.24985
21 40 1.4788
21 41 3.16938
21 42 6.31877
21 43 1.95785
21 44 6.45948
21 45 8.85004
21 46 7.68672
21 47 4.10104
21 48 7.61884
21 49 6.52278
21 50 4.26874
21 51 8.238
21 52 7.70598
21 53 7.25401
21 54 1.75712
21 55 1.50914
21 56 2.03803
21 57 1.97109
21 58 0.61632
21 59 2.08182
21 60 5.49569
21 61 0.72797
21 62 6.96411
21 63 3.92847
21 64 7.43527
21 65 0.54669
21 66 5.31686
21 67 3.10718
21 68 5.49543
21 69 4.94388
21 70 1.86424
21 71 5.473
21 72 0.76788
21 73 5.37266
21 74 1.04191
21 75 5.49368
21 76 5.76095
21 77 0.35811
21 78 3.27541
21 79 3.85811
21 80 4.69257
21 81 4.13482
21 82 6.07644
21 83 4.82632
21 84 5.75678
21 85 0.49374
21 86 3.94688
21 87 8.76774
21 88 1.96099
21 89 0.89344
21 90 6.4181
21 91 4.6716
21 92 2.845
21 93 4.39552
21 94 8.21222
21 95 1.03363
21 96 7.32643
21 97 1.37578
21 98 4.23084
21 99 0.24278
22 23 1.62065
22 24 4.80586
22 25 5.61546
22 26 0.71385
22 27 1.28074
22 28 5.60145
22 29 2.47736
22 30 6.93347
22 31 0.63851
22 32 1.91408
22 33 7.65253
22 34 1.03558
22 35 6.77413
22 36 2.65768
22 37 4.80063
22 38 7.13138
22 39 3.63143
22 40 1.33632
22 41 7.13644
22 42 0.3607
22 43 6.49433
22 44 2.9075
22 45 5.06952
22 46 3.64996
22 47 8.27437
22 48 8.36762
22 49 2.31958
22 50 4.43114
22 51 6.71715
22 52 3.40326
22 53 5.24736
22 54 4.63293
22 55 0.15156
22 56 7.34355
22 57 8.50817
22 58 4.64287
22 59 4.59261
22 60 1.36615
22 61 0.20008
22 62 5.34635
22 63 1.3266
22 64 4.28337
22 65 7.97572
22 66 0.81728
22 67 4.2231
22 68 5.51878
22 69 4.17812
22 70 0.62514
22 71 6.72369
22 72 1.51515
22 73 8.5251
22 74 1.73441
22 75 7.76432
22 76 4.63581
22 77 8.70615
22 78 7.58947
22 79 0.686
22 80 1.89258
22 81 5.12908
22 82 5.09811
22 83 4.25577
22 84 7.81639
22 85 0.89273
22 86 8.71958
22 87 1.96438
22 88 5.36242
22 89 2.04952
22 90 6.34201
22 91 7.93857
22 92 6.03948
22 93 3.62029
22 94 6.66399
22 95 6.5272
22 96 3.5455
22 97 0.61892
22 98 6.78566
22 99 2.32184
23 24 1.90251
23 25 0.40677
23 26 0.3273
23 27 1.04513
23 28 6.90633
23 29 4.54778
23 30 0.91831
23 31 8.24014
23 32 4.66164
23 33 2.89118
23 34 6.19883
23 35 3.35008
23 36 2.68152
23 37 3.72619
23 38 1.01435
23 39 0.01951
23 40 5.67253
23 41 6.67281
23 42 1.77454
23 43 4.15906
23 44 1.05272
23 45 6.22126
23 46 6.42722
23 47 7.36211
23 48 3.05982
23 49 1.21396
23 50 3.81794
23 51 0.68879
23 52 3.26152
23 53 4.71859
23 54 0.17467
23 55 7.2147
23 56 7.08932
23 57 3.29575
23 58 7.07136
23 59 2.1976
23 60 4.81354
23 61 4.02641
23 62 6.65259
23 63 6.94093
23 64 2.34086
23 65 6.36727
23 66 4.97485
23 67 7.65495
23 68 7.10947
23 69 5.47563
23 70 3.40333
23 71 4.17607
23 72 8.14841
23 73 4.22066
23 74 2.97287
23 75 1.25411
23 76 5.36134
23 77 0.18621
23 78 8.51066
23 79 8.29078
23 80 1.07804
23 81 0.73451
23 82 5.19692
23 83 7.22871
23 84 5.95598
23 85 8.53729
23 86 2.71992
23 87 1.98867
23 88 0.66711
23 89 2.2108
23 90 2.70173
23 91 3.14695
23 92 3.51374
23 93 6.97753
23 94 1.49311
23 95 2.14803
23 96 7.93244
23 97 1.48697
23 98 2.87362
23 99 8.92194
24 25 8.62154
24 26 8.52758
24 27 7.36584
24 28 2.57636
24 29 7.5303
24 30 0.90049
24 31 1.92035
24 32 5.56338
24 33 4.89411
24 34 5.88064
24 35 6.89343
24 36 0.89897
24 37 2.19417
24 38 4.88761
24 39 7.573
24 40 0.3718
24 41 0.90952
24 42 8.22598
24 43 7.84906
24 44 7.98045
24 45 0.42926
24 46 8.34794
24 47 7.2604
24 48 7.56217
24 49 8.43153
24 50 8.66314
24 51 1.40364
24 52 1.88802
24 53 5.13101
24 54 6.25871
24 55 2.36289
24 56 8.015
24 57 0.88918
24 58 7.53202
24 59 4.61313
24 60 0.95544
24 61 8.07983
24 62 4.62932
24 63 6.01404
24 64 5.45259
24 65 2.01873
24 66 0.17352
24 67 5.39844
24 68 4.26624
24 69 2.21193
24 70 7.56879
24 71 1.98805
24 72 7.17101
24 73 6.86738
24 74 1.64726
24 75 0.18468
24 76 6.19932
24 77 7.79543
24 78 6.6031
24 79 3.74379
24 80 3.79402
24 81 7.32963
24 82 4.31329
24 83 7.47161
24 84 8.197
24 85 1.57956
24 86 6.72781
24 87 7.62941
24 88 3.79972
24 89 2.03938
24 90 3.60879
24 91 2.64228
24 92 3.30181
24 93 8.21985
24 94 4.66748
24 95 1.16742
24 96 3.12272
24 97 0.87589
24 98 4.8013
24 99 4.36422
25 26 8.51649
25 27 3.76684
25 28 3.36461
25 29 3.69708
25 30 1.557
25 31 8.82059
25 32 7.02275
25 33 5.18371
25 34 4.41733
25 35 1.59114
25 36 8.96401
25 37 2.09346
25 38 7.00127
25 39 5.32244
25 40 1.02189
25 41 5.23794
25 42 8.11417
25 43 0.73545
25 44 8.48008
25 45 0.09805
25 46 3.59424
25 47 6.43455
25 48 0.80265
25 49 3.58987
25 50 1.05244
25 51 2.9196
25 52 3.76567
25 53 3.62968
25 54 3.46907
25 55 1.2931
25 56 4.29904
25 57 8.04384
25 58 6.27847
25 59 8.23848
25 60 4.27807
25 61 2.73947
25 62 2.45141
25 63 2.40754
25 64 6.72198
25 65 5.501
25 66 6.10185
25 67 8.36991
25 68 5.1919
25 69 1.48423
25 70 2.28813
25 71 1.05849
25 72 3.80544
25 73 1.14126
25 74 6.10276
25 75 3.02532
25 76 3.52733
25 77 6.29739
25 78 4.63553
25 79 1.46923
25 80 4.98465
25 81 1.89647
25 82 1.60387
25 83 1.46475
25 84 1.44118
25 85 5.04015
25 86 4.72717
25 87 5.19827
25 88 6.89627
25 89 2.19129
25 90 6.51473
25 91 4.09506
25 92 4.24291
25 93 6.05943
25 94 0.74265
25 95 7.07899
25 96 2.1368
25 97 0.94394
25 98 1.84713
25 99 5.58463
26 27 1.61792
26 28 3.29416
26 29 1.26138
26 30 7.93143
26 31 0.52713
26 32 6.12432
26 33 8.1787
26 34 2.80173
26 35 2.98785
26 36 1.1992
26 37 5.62833
26 38 0.44039
26 39 0.18099
26 40 6.99932
26 41 5.20468
26 42 7.38986
26 43 5.05909
26 44 5.57809
26 45 1.32211
26 46 4.6151
26 47 2.53573
26 48 4.61804
26 49 4.98509
26 50 2.55926
26 51 6.71877
26 52 3.70283
26 53 4.47512
26 54 4.63823
26 55 7.69008
26 56 6.12233
26 57 3.11326
26 58 1.75968
26 59 3.31389
26 60 8.73436
26 61 2.08383
26 62 0.02573
26 63 8.38345
26 64 2.21036
26 65 0.4024
26 66 6.47347
26 67 5.53341
26 68 1.34432
26 69 8.86245
26 70 4.63378
26 71 3.91751
26 72 0.52018
26 73 4.06053
26 74 4.3608
26 75 7.01668
26 76 5.79114
26 77 2.72465
26 78 7.57556
26 79 8.48147
26 80 1.46883
26 81 6.07189
26 82 2.47329
26 83 1.3962
26 84 8.24815
26 85 7.0988
26 86 8.84961
26 87 4.5385
26 88 2.19648
26 89 4.60076
26 90 7.52019
26 91 0.78795
26 92 7.52593
26 93 4.12937
26 94 6.7145
26 95 7.78309
26 96 1.74488
26 97 3.05027
26 98 6.10463
26 99 3.21777
27 28 6.83123
27 29 5.66119
27 30 6.13353
27 31 1.40228
27 32 3.89675
27 33 2.8655
27 34 7.12165
27 35 0.62375
27 36 2.18506
27 37 5.9855
27 38 2.83701
27 39 1.43424
27 40 1.67652
27 41 3.13926
27 42 3.51406
27 43 4.67229
27 44 0.71215
27 45 3.66752
27 46 1.75573
27 47 2.42468
27 48 2.12791
27 49 6.38836
27 50 4.9308
27 51 6.04088
27 52 8.07813
27 53 5.55771
27 54 0.93254
27 55 4.81289
27 56 7.78823
27 57 1.0643
27 58 2.30683
27 59 3.29368
27 60 2.08435
27 61 2.74121
27 62 1.64839
27 63 8.86834
27 64 5.33933
27 65 4.83652
27 66 8.30197
27 67 8.09398
27 68 2.64075
27 69 6.52778
27 70 3.43301
27 71 6.26586
27 72 5.47859
27 73 5.66155
27 74 2.62652
27 75 6.76393
27 76 7.46383
27 77 1.07398
27 78 5.46282
27 79 5.57166
27 80 4.27431
27 81 3.51641
27 82 2.47264
27 83 5.23785
27 84 8.66739
27 85 6.22278
27 86 0.57234
27 87 7.22712
27 88 7.30779
27 89 5.75906
27 90 2.72585
27 91 6.84732
27 92 5.50941
27 93 2.64697
27 94 4.56551
27 95 7.03097
27 96 0.78987
27 97 4.53048
27 98 8.0541
27 99 1.67365
28 29 8.17504
28 30 1.25876
28 31 1.07911
28 32 6.68595
28 33 7.03837
28 34 7.27537
28 35 6.6746
28 36 1.17128
28 37 6.62449
28 38 1.79465
28 39 3.07942
28 40 5.93821
28 41 1.32995
28 42 8.97919
28 43 6.7597
28 44 5.43712
28 45 0.10308
28 46 1.05001
28 47 2.10205
28 48 1.63185
28 49 8.34538
28 50 2.65095
28 51 2.27913
28 52 6.89033
28 53 6.80093
28 54 3.1727
28 55 1.008
28 56 6.46886
28 57 4.64468
28 58 6.02334
28 59 4.11408
28 60 0.17331
28 61 4.52814
28 62 2.14251
28 63 5.56338
28 64 4.28627
28 65 3.12853
28 66 3.00848
28 67 5.82959
28 68 2.00642
28 69 6.04244
28 70 8.58113
28 71 1.16226
28 72 7.53965
28 73 4.33766
28 74 5.78588
28 75 8.06787
28 76 0.53152
28 77 5.02286
28 78 7.45777
28 79 4.81228
28 80 0.23736
28 81 0.30865
28 82 5.30234
28 83 4.18937
28 84 4.21739
28 85 2.75122
28 86 5.64927
28 87 1.65848
28 88 1.26241
28 89 1.39176
28 90 6.4756
28 91 4.20083
28 92 6.57337
28 93 3.43244
28 94 2.97775
28 95 5.88842
28 96 8.73889
28 97 3.72376
28 98 4.09183
28 99 1.41695
29 30 3.50265
29 31 5.5148
29 32 8.26014
29 33 8.46962
29 34 0.33572
29 35 3.29721
29 36 7.82576
29 37 4.65731
29 38 0.49124
29 39 7.22533
29 40 1.32723
29 41 4.867
29 42 7.42848
29 43 5.8452
29 44 4.34786
29 45 8.82595
29 46 7.61779
29 47 0.60941
29 48 0.93297
29 49 2.80825
29 50 2.94339
29 51 4.0081
29 52 7.57591
29 53 3.99165
29 54 2.78002
29 55 5.86697
29 56 5.95899
29 57 8.48135
29 58 2.06325
29 59 5.4369
29 60 1.98462
29 61 1.46332
29 62 3.26264
29 63 0.75741
29 64 5.78643
29 65 4.56888
29 66 6.82377
29 67 5.26993
29 68 8.10357
29 69 1.2139
29 70 1.76861
29 71 3.79391
29 72 6.13372
29 73 5.96512
29 74 5.36491
29 75 4.94698
29 76 6.32314
29 77 8.02402
29 78 1.90237
29 79 3.39229
29 80 7.83472
29 81 5.67205
29 82 5.62466
29 83 1.14024
29 84 6.97634
29 85 8.9375
29 86 0.80915
29 87 3.28876
29 88 0.64386
29 89 5.08991
29 90 4.96891
29 91 2.89198
29 92 1.74051
29 93 0.46491
29 94 1.41448
29 95 2.63645
29 96 0.31335
29 97 8.91838
29 98 7.62976
29 99 7.69153
30 31 7.80837
30 32 4.57835
30 33 7.48156
30 34 8.80334
30 35 2.98536
30 36 7.68644
30 37 5.26786
30 38 8.15556
30 39 6.87894
30 40 8.8513
30 41 4.97335
30 42 0.43568
30 43 3.9714
30 44 6.49539
30 45 7.23104
30 46 5.88589
30 47 7.73211
30 48 7.05474
30 49 1.50087
30 50 7.63096
30 51 1.37123
30 52 0.43007
30 53 8.32999
30 54 5.76259
30 55 3.05849
30 56 4.55757
30 57 0.15539
30 58 3.79836
30 59 3.05468
30 60 1.72575
30 61 5.65257
30 62 6.42075
30 63 3.34837
30 64 4.97363
30 65 7.91688
30 66 2.49651
30 67 2.96177
30 68 3.77912
30 69 6.03742
30 70 4.47994
30 71 0.15794
30 72 3.46629
30 73 2.65608
30 74 2.91609
30 75 4.73437
30 76 7.90007
30 77 1.12918
30 78 5.67097
30 79 8.56899
30 80 5.35702
30 81 1.26504
30 82 6.74777
30 83 3.83506
30 84 1.96907
30 85 6.02303
30 86 2.31639
30 87 5.8818
30 88 1.85868
30 89 8.37783
30 90 5.92127
30 91 8.9608
30 92 7.04856
30 93 0.65416
30 94 8.88453
30 95 2.30907
30 96 1.6434
30 97 2.59524
30 98 6.1969
30 99 4.44467
31 32 7.82963
31 33 1.36703
31 34 1.69675
31 35 1.14499
31 36 4.08024
31 37 4.67317
31 38 2.57316
31 39 2.3692
31 40 6.41439
31 41 0.4515
31 42 6.44728
31 43 3.77104
31 44 6.53724
31 45 2.54966
31 46 7.85663
31 47 5.15057
31 48 7.3287
31 49 2.10812
31 50 0.12071
31 51 1.85462
31 52 8.73002
31 53 6.41302
31 54 5.92324
31 55 5.46817
31 56 1.02874
31 57 2.73898
31 58 5.51186
31 59 5.69034
31 60 6.6762
31 61 2.98986
31 62 4.78822
31 63 5.8938
31 64 1.39822
31 65 8.7678
31 66 2.30601
31 67 8.42322
31 68 1.47445
31 69 0.72561
31 70 1.58956
31 71 7.90326
31 72 8.36749
31 73 2.83238
31 74 7.62377
31 75 6.30664
31 76 5.82702
31 77 6.95075
31 78 5.17357
31 79 2.50239
31 80 2.15155
31 81 7.87023
31 82 3.78503
31 83 1.50137
31 84 0.69297
31 85 0.08598
31 86 5.68108
31 87 0.36114
31 88 4.61656
31 89 3.97346
31 90 5.45462
31 91 8.79884
31 92 7.55477
31 93 8.99781
31 94 1.28021
31 95 0.65708
31 96 8.21069
31 97 6.81914
31 98 2.27255
31 99 1.59253
32 33 7.51453
32 34 6.59408
32 35 8.72761
32 36 7.43226
32 37 3.64975
32 38 3.67093
32 39 3.70088
32 40 5.59474
32 41 3.79964
32 42 6.14109
32 43 2.89385
32 44 8.63432
32 45 1.75208
32 46 0.83293
32 47 1.16806
32 48 6.5583
32 49 6.80266
32 50 5.72585
32 51 0.81027
32 52 4.28241
32 53 2.44545
32 54 5.97873
32 55 1.21524
32 56 5.21075
32 57 0.27787
32 58 6.85327
32 59 6.64054
32 60 7.78744
32 61 0.2028
32 62 8.28152
32 63 7.01333
32 64 3.01201
32 65 1.15183
32 66 1.42378
32 67 5.60861
32 68 8.09114
32 69 1.13058
32 70 1.42433
32 71 0.42414
32 72 3.11201
32 73 8.02007
32 74 2.91108
32 75 1.86246
32 76 1.46546
32 77 7.42292
32 78 6.83636
32 79 4.92527
32 80 3.42937
32 81 6.55827
32 82 3.90744
32 83 4.78693
32 84 6.63773
32 85 3.14111
32 86 4.41036
32 87 3.69296
32 88 6.28204
32 89 7.5099
32 90 8.12001
32 91 0.0189
32 92 7.54663
32 93 8.06629
32 94 3.83692
32 95 0.05351
32 96 3.313
32 97 2.67055
32 98 4.00408
32 99 0.92503
33 34 4.44336
33 35 6.0994
33 36 7.55244
33 37 0.11734
33 38 6.8233
33 39 5.58301
33 40 7.89026
33 41 7.63958
33 42 5.85142
33 43 2.47804
33 44 7.45046
33 45 2.9584
33 46 1.78155
33 47 6.20867
33 48 6.48581
33 49 0.40112
33 50 3.15367
33 51 3.15382
33 52 2.05951
33 53 4.25474
33 54 6.31619
33 55 3.2747
33 56 2.25994
33 57 1.08014
33 58 7.2936
33 59 3.65399
33 60 6.72551
33 61 7.15885
33 62 3.66785
33 63 4.37874
33 64 7.19249
33 65 6.08042
33 66 8.79052
33 67 3.57127
33 68 0.6796
33 69 4.05682
33 70 1.18121
33 71 6.02875
33 72 1.54697
33 73 0.56406
33 74 4.87044
33 75 1.10333
33 76 8.75581
33 77 2.88165
33 78 0.23606
33 79 3.82968
33 80 0.57666
33 81 5.56626
33 82 2.06663
33 83 4.31247
33 84 8.41629
33 85 7.9455
33 86 1.59951
33 87 5.88086
33 88 3.00454
33 89 6.29755
33 90 3.46813
33 91 5.52903
33 92 7.03707
33 93 4.31391
33 94 8.11993
33 95 0.02827
33 96 2.31735
33 97 0.7789
33 98 3.13571
33 99 1.45922
34 35 3.42618
34 36 0.16622
34 37 6.88648
34 38 5.70866
34 39 6.75858
34 40 4.94833
34 41 5.75124
34 42 5.55188
34 43 7.39902
34 44 1.50405
34 45 5.06596
34 46 7.05897
34 47 6.21956
34 48 3.99756
34 49 5.86438
34 50 1.73814
34 51 4.90672
34 52 0.92832
34 53 5.53697
34 54 5.69623
34 55 3.57948
34 56 1.41595
34 57 4.87808
34 58 8.45497
34 59 5.31112
34 60 4.87223
34 61 0.0999
34 62 0.39693
34 63 8.3086
34 64 0.99813
34 65 8.49226
34 66 1.31349
34 67 8.16408
34 68 6.74154
34 69 1.95309
34 70 6.6305
34 71 4.7631
34 72 0.09532
34 73 6.34708
34 74 6.66207
34 75 4.29944
34 76 6.80701
34 77 4.45261
34 78 7.99684
34 79 8.77672
34 80 2.50207
34 81 7.50465
34 82 6.09767
34 83 0.55996
34 84 2.49767
34 85 0.41274
34 86 5.95388
34 87 7.74958
34 88 4.37355
34 89 4.84741
34 90 2.65864
34 91 1.0813
34 92 1.03317
34 93 7.27012
34 94 4.32373
34 95 2.88849
34 96 6.55986
34 97 1.25387
34 98 2.30992
34 99 1.31141
35 36 4.02422
35 37 6.89442
35 38 0.4602
35 39 6.11573
35 40 7.26039
35 41 7.52563
35 42 0.21879
35 43 2.67642
35 44 3.65048
35 45 8.21999
35 46 5.67518
35 47 2.70075
35 48 7.66039
35 49 6.43171
35 50 6.4553
35 51 0.41517
35 52 3.8234
35 53 6.8578
35 54 7.11882
35 55 8.69984
35 56 4.34548
35 57 0.27313
35 58 0.32486
35 59 1.27652
35 60 4.59542
35 61 2.31501
35 62 3.20704
35 63 2.05293
35 64 4.73797
35 65 0.82023
35 66 8.38382
35 67 1.38011
35 68 3.41094
35 69 0.83672
35 70 5.42773
35 71 4.93028
35 72 1.08524
35 73 1.22332
35 74 4.42934
35 75 0.80969
35 76 7.4483
35 77 7.64546
35 78 2.95216
35 79 5.05717
35 80 3.58157
35 81 0.74065
35 82 6.30671
35 83 7.96494
35 84 5.00757
35 85 7.73079
35 86 1.06067
35 87 8.37902
35 88 8.6171
35 89 0.01383
35 90 7.99538
35 91 3.6867
35 92 7.34432
35 93 5.16398
35 94 6.98199
35 95 2.55678
35 96 6.36985
35 97 2.70455
35 98 4.10503
35 99 4.53659
36 37 1.70696
36 38 3.48662
36 39 1.44756
36 40 1.74161
36 41 6.36082
36 42 3.52697
36 43 7.72055
36 44 5.15663
36 45 0.65775
36 46 4.01171
36 47 3.51836
36 48 8.76099
36 49 8.36
36 50 4.65935
36 51 4.85539
36 52 5.14754
36 53 8.43988
36 54 1.01049
36 55 2.5195
36 56 5.97618
36 57 8.19572
36 58 8.44878
36 59 6.04656
36 60 8.28561
36 61 8.87241
36 62 2.48053
36 63 1.80448
36 64 2.67127
36 65 3.86854
36 66 0.39271
36 67 4.19416
36 68 6.43505
36 69 8.44403
36 70 2.53348
36 71 3.96913
36 72 4.35827
36 73 1.88376
36 74 7.3387
36 75 1.798
36 76 5.28586
36 77 2.36356
36 78 5.91073
36 79 5.77152
36 80 8.83743
36 81 6.56461
36 82 7.21997
36 83 3.22279
36 84 0.55547
36 85 7.6052
36 86 7.47738
36 87 3.17042
36 88 4.46502
36 89 2.36374
36 90 0.6725
36 91 7.69144
36 92 7.06099
36 93 1.91949
36 94 7.28109
36 95 6.44552
36 96 2.78203
36 97 6.63883
36 98 8.24533
36 99 2.17938
37 38 6.65991
37 39 4.77867
37 40 3.45803
37 41 7.66488
37 42 7.54945
37 43 2.07809
37 44 6.68641
37 45 2.83326
37 46 3.26365
37 47 3.20184
37 48 5.98549
37 49 6.79295
37 50 6.27854
37 51 8.41119
37 52 5.92036
37 53 5.71442
37 54 4.31351
37 55 2.71688
37 56 3.64024
37 57 2.65745
37 58 5.30315
37 59 8.55881
37 60 4.5494
37 61 5.99241
37 62 7.22326
37 63 8.92522
37 64 6.56483
37 65 5.50941
37 66 2.47837
37 67 3.38896
37 68 8.96753
37 69 3.30617
37 70 5.63651
37 71 3.68009
37 72 5.60371
37 73 5.97411
37 74 7.38565
37 75 0.60762
37 76 2.21106
37 77 0.31619
37 78 7.72443
37 79 3.85533
37 80 1.51246
37 81 4.70636
37 82 4.47502
37 83 4.95422
37 84 0.7425
37 85 6.79276
37 86 8.83514
37 87 3.47575
37 88 3.171
37 89 1.37695
37 90 4.92251
37 91 3.76372
37 92 7.1534
37 93 7.44961
37 94 8.90019
37 95 6.84487
37 96 8.46597
37 97 1.88581
37 98 2.63736
37 99 6.33004
38 39 1.21908
38 40 3.88467
38 41 1.5818
38 42 8.94858
38 43 8.72111
38 44 8.21184
38 45 7.96585
38 46 4.9781
38 47 8.49044
38 48 7.1601
38 49 0.35715
38 50 5.21758
38 51 4.22809
38 52 2.31291
38 53 7.43889
38 54 6.01989
38 55 7.56365
38 56 3.44247
38 57 8.52322
38 58 0.34583
38 59 0.1885
38 60 1.21421
38 61 2.381
38 62 1.98533
38 63 6.22599
38 64 3.9655
38 65 3.50787
38 66 0.05303
38 67 7.94345
38 68 7.33146
38 69 2.91188
38 70 6.05836
38 71 4.21697
38 72 5.2572
38 73 7.83009
38 74 6.50367
38 75 5.7914
38 76 7.29387
38 77 3.64687
38 78 3.83147
38 79 7.2708
38 80 7.83495
38 81 0.5568
38 82 0.57919
38 83 1.69794
38 84 3.45668
38 85 2.53215
38 86 6.91362
38 87 1.16216
38 88 0.4824
38 89 0.38521
38 90 1.88459
38 91 3.44719
38 92 5.46823
38 93 2.11772
38 94 0.94775
38 95 1.78755
38 96 8.5713
38 97 0.10267
38 98 3.84634
38 99 1.00669
39 40 5.85415
39 41 1.16712
39 42 8.37455
39 43 5.65324
39 44 4.86173
39 45 4.77743
39 46 0.90344
39 47 3.83397
39 48 0.65878
39 49 3.63848
39 50 6.05219
39 51 1.01738
39 52 4.89942
39 53 6.86095
39 54 5.22491
39 55 3.71956
39 56 4.94013
39 57 7.81191
39 58 8.75695
39 59 4.19891
39 60 2.56901
39 61 2.91616
39 62 0.61486
39 63 6.16748
39 64 4.16324
39 65 0.56119
39 66 0.87923
39 67 2.62445
39 68 4.44723
39 69 4.00618
39 70 6.80111
39 71 7.88386
39 72 0.92739
39 73 0.97347
39 74 4.56325
39 75 3.66756
39 76 2.24083
39 77 8.36126
39 78 5.76458
39 79 1.79919
39 80 3.02505
39 81 2.69973
39 82 2.78963
39 83 4.37405
39 84 2.28271
39 85 0.8329
39 86 3.9209
39 87 7.18277
39 88 0.60235
39 89 5.88356
39 90 7.64591
39 91 7.14966
39 92 8.54316
39 93 5.54065
39 94 8.53056
39 95 5.52197
39 96 5.05882
39 97 7.36818
39 98 1.95517
39 99 5.4134
40 41 3.66154
40 42 5.79984
40 43 2.65891
40 44 0.73039
40 45 5.99561
40 46 8.47648
40 47 1.52325
40 48 6.0052
40 49 4.85764
40 50 1.23982
40 51 8.23735
40 52 6.08937
40 53 8.05386
40 54 3.52087
40 55 1.15679
40 56 5.56417
40 57 5.9201
40 58 7.5822
40 59 6.00792
40 60 5.24564
40 61 8.147
40 62 4.39957
40 63 1.05552
40 64 6.64076
40 65 3.41188
40 66 8.90973
40 67 4.54799
40 68 3.03907
40 69 8.32266
40 70 5.7989
40 71 8.7799
40 72 3.60898
40 73 8.60098
40 74 1.49129
40 75 1.99664
40 76 7.41507
40 77 4.47948
40 78 1.97552
40 79 1.87919
40 80 8.8476
40 81 3.97235
40 82 5.0751
40 83 1.18169
40 84 0.82943
40 85 4.09803
40 86 7.20425
40 87 7.61916
40 88 8.1121
40 89 8.5606
40 90 2.01918
40 91 5.31193
40 92 8.93348
40 93 1.4792
40 94 1.35555
40 95 4.71525
40 96 7.64085
40 97 7.03195
40 98 1.93819
40 99 2.16996
41 42 3.5106
41 43 4.44522
41 44 7.63108
41 45 4.8032
41 46 2.67127
41 47 7.69715
41 48 3.04889
41 49 5.31526
41 50 7.19875
41 51 1.81798
41 52 0.7104
41 53 0.82196
41 54 7.87394
41 55 7.30408
41 56 8.88932
41 57 6.76166
41 58 4.12684
41 59 6.09248
41 60 2.04922
41 61 5.71865
41 62 4.34017
41 63 8.38276
41 64 4.34172
41 65 3.72195
41 66 8.91791
41 67 0.94841
41 68 3.75125
41 69 3.72987
41 70 6.01424
41 71 3.85478
41 72 2.0801
41 73 6.03681
41 74 6.98897
41 75 4.36017
41 76 0.34495
41 77 6.54301
41 78 7.11919
41 79 3.31086
41 80 5.01753
41 81 7.56962
41 82 6.46507
41 83 8.47104
41 84 0.21656
41 85 6.63413
41 86 1.41355
41 87 0.66503
41 88 5.09848
41 89 6.38861
41 90 1.46298
41 91 8.8867
41 92 1.13526
41 93 7.38488
41 94 4.65618
41 95 0.95017
41 96 2.64894
41 97 5.29386
41 98 7.52143
41 99 2.15635
42 43 6.06046
42 44 3.7795
42 45 1.46048
42 46 6.97971
42 47 2.63355
42 48 6.83452
42 49 4.13005
42 50 6.35212
42 51 4.04393
42 52 8.89838
42 53 6.26896
42 54 1.96713
42 55 6.57503
42 56 1.97626
42 57 2.3741
42 58 0.18294
42 59 8.98044
42 60 5.63046
42 61 3.6402
42 62 5.82305
42 63 2.06611
42 64 4.21708
42 65 2.86217
42 66 2.37425
42 67 3.51535
42 68 3.84729
42 69 0.42528
42 70 0.17659
42 71 7.27696
42 72 5.23946
42 73 3.77993
42 74 7.38651
42 75 4.11203
42 76 4.44327
42 77 4.2483
42 78 5.62339
42 79 3.83157
42 80 2.21284
42 81 7.41737
42 82 5.27112
42 83 1.15677
42 84 3.74086
42 85 0.82959
42 86 5.51401
42 87 8.60135
42 88 1.9223
42 89 6.23072
42 90 0.32726
42 91 6.35677
42 92 8.55268
42 93 5.93083
42 94 8.01292
42 95 2.25415
42 96 7.52567
42 97 4.34316
42 98 4.91386
42 99 8.46873
43 44 1.90527
43 45 8.26958
43 46 1.245
43 47 7.48756
43 48 2.59205
43 49 1.85504
43 50 6.039
43 51 8.54288
43 52 6.33014
43 53 8.12174
43 54 5.76762
43 55 8.03027
43 56 3.81698
43 57 0.52547
43 58 3.51749
43 59 7.87906
43 60 5.85452
43 61 8.22969
43 62 8.19494
43 63 5.24964
43 64 4.09574
43 65 0.48888
43 66 4.43368
43 67 4.28142
43 68 7.90206
43 69 6.13047
43 70 8.98404
43 71 6.21824
43 72 0.66152
43 73 5.75329
43 74 6.1563
43 75 3.42579
43 76 2.05105
43 77 3.73239
43 78 3.78283
43 79 3.70884
43 80 3.79502
43 81 3.99796
43 82 0.78659
43 83 2.87069
43 84 1.57205
43 85 6.77937
43 86 7.79761
43 87 0.31762
43 88 7.52131
43 89 1.36225
43 90 4.59608
43 91 2.82234
43 92 3.71619
43 93 1.50857
43 94 3.44253
43 95 3.07451
43 96 6.94889
43 97 1.35389
43 98 7.36071
43 99 1.02013
44 45 5.20639
44 46 4.65534
44 47 2.55139
44 48 6.49672
44 49 8.52503
44 50 7.40963
44 51 7.54742
44 52 4.63624
44 53 0.39118
44 54 6.70732
44 55 7.71124
44 56 6.06513
44 57 4.33164
44 58 8.81322
44 59 7.50651
44 60 2.87279
44 61 2.25842
44 62 1.10716
44 63 5.16912
44 64 1.76067
44 65 5.15718
44 66 6.733
44 67 3.4709
44 68 0.73686
44 69 8.32114
44 70 7.87976
44 71 6.01659
44 72 2.9163
44 73 7.85562
44 74 1.27015
44 75 4.28272
44 76 6.21829
44 77 1.01286
44 78 6.12451
44 79 7.93234
44 80 2.80385
44 81 5.96829
44 82 6.58105
44 83 2.75936
44 84 7.77781
44 85 2.62984
44 86 5.5455
44 87 4.37033
44 88 2.30445
44 89 6.63187
44 90 3.04171
44 91 1.73709
44 92 0.94567
44 93 4.44797
44 94 1.69921
44 95 2.31575
44 96 5.53635
44 97 2.04919
44 98 8.2163
44 99 5.93597
45 46 8.02621
45 47 8.13892
45 48 0.11836
45 49 0.07537
45 50 2.75784
45 51 4.02446
45 52 6.30871
45 53 0.9254
45 54 1.11783
45 55 0.30828
45 56 1.32016
45 57 7.10803
45 58 2.58304
45 59 1.45822
45 60 7.59129
45 61 6.54164
45 62 8.32306
45 63 1.79405
45 64 4.7809
45 65 6.6895
45 66 1.144
45 67 7.05986
45 68 4.40436
45 69 2.19972
45 70 8.8873
45 71 3.23403
45 72 8.57143
45 73 6.60617
45 74 0.64521
45 75 5.87989
45 76 1.50776
45 77 4.68639
45 78 0.38531
45 79 6.8485
45 80 2.58399
45 81 8.27932
45 82 3.6698
45 83 3.71151
45 84 3.99542
45 85 8.99008
45 86 8.57347
45 87 3.08374
45 88 0.16268
45 89 3.56062
45 90 0.00873
45 91 5.20415
45 92 5.54449
45 93 8.51143
45 94 2.58797
45 95 3.15043
45 96 4.33493
45 97 2.49575
45 98 6.94864
45 99 3.71894
46 47 4.34331
46 48 0.91959
46 49 8.3936
46 50 4.04263
46 51 6.30072
46 52 4.6865
46 53 8.77847
46 54 1.31366
46 55 8.22167
46 56 2.2468
46 57 8.42871
46 58 3.64436
46 59 6.8363
46 60 8.24299
46 61 8.35805
46 62 1.03429
46 63 8.90496
46 64 1.10939
46 65 8.66897
46 66 6.19818
46 67 6.36032
46 68 7.06745
46 69 0.91289
46 70 0.61576
46 71 2.0605
46 72 7.92987
46 73 7.06578
46 74 0.94319
46 75 2.12886
46 76 2.71869
46 77 4.07344
46 78 0.56291
46 79 7.23135
46 80 0.12315
46 81 8.73384
46 82 6.98076
46 83 7.02783
46 84 4.4889
46 85 4.86854
46 86 3.96305
46 87 7.57004
46 88 0.27475
46 89 4.54328
46 90 8.94166
46 91 5.20085
46 92 6.29944
46 93 6.45453
46 94 6.88252
46 95 4.42095
46 96 5.79002
46 97 8.2373
46 98 4.09053
46 99 2.50299
47 48 8.65538
47 49 5.39717
47 50 2.48401
47 51 8.20776
47 52 1.21909
47 53 6.74007
47 54 8.82419
47 55 1.43072
47 56 8.79474
47 57 5.36482
47 58 8.73598
47 59 1.15454
47 60 5.51077
47 61 1.56995
47 62 6.71331
47 63 4.01678
47 64 0.99256
47 65 5.9901
47 66 8.50369
47 67 0.43261
47 68 0.93181
47 69 2.57179
47 70 8.66659
47 71 8.28974
47 72 6.53941
47 73 8.21323
47 74 0.55915
47 75 7.77943
47 76 3.52199
47 77 7.86191
47 78 4.79142
47 79 8.38405
47 80 8.79541
47 81 3.0018
47 82 4.33935
47 83 4.55109
47 84 5.20369
47 85 4.39893
47 86 0.77395
47 87 8.33163
47 88 7.18569
47 89 2.12271
47 90 4.32967
47 91 2.53634
47 92 1.98896
47 93 1.03293
47 94 0.9082
47 95 5.13389
47 96 6.25672
47 97 5.4578
47 98 0.10252
47 99 8.01509
48 49 8.79537
48 50 0.60338
48 51 8.02033
48 52 0.20888
48 53 1.07095
48 54 2.57048
48 55 2.42795
48 56 7.85731
48 57 3.80513
48 58 4.7539
48 59 0.32974
48 60 3.28998
48 61 5.90301
48 62 2.3757
48 63 3.15727
48 64 5.7703
48 65 8.71307
48 66 0.38142
48 67 4.26075
48 68 6.57599
48 69 1.76389
48 70 3.31188
48 71 3.70787
48 72 6.11226
48 73 3.40421
48 74 8.78622
48 75 2.65373
48 76 2.81159
48 77 0.15054
48 78 8.58792
48 79 1.8171
48 80 4.68456
48 81 3.50127
48 82 1.01207
48 83 4.733
48 84 0.71581
48 85 7.79702
48 86 7.49247
48 87 8.927
48 88 8.62546
48 89 4.48577
48 90 1.07134
48 91 1.51942
48 92 4.80228
48 93 8.78578
48 94 2.52302
48 95 5.19524
48 96 0.9862
48 97 4.13458
48 98 6.47701
48 99 8.37886
49 50 8.77487
49 51 2.33135
49 52 2.98661
49 53 0.26692
49 54 8.3142
49 55 7.83949
49 56 4.67251
49 57 0.65712
49 58 3.78046
49 59 8.92513
49 60 8.29936
49 61 7.74151
49 62 1.33284
49 63 0.17951
49 64 0.60431
49 65 7.57575
49 66 5.72827
49 67 5.12145
49 68 1.05273
49 69 6.84861
49 70 3.05194
49 71 6.52554
49 72 0.92542
49 73 5.15844
49 74 2.07996
49 75 8.81034
49 76 5.37125
49 77 5.92268
49 78 2.2508
49 79 5.06326
49 80 1.73835
49 81 5.68076
49 82 8.86392
49 83 2.18418
49 84 0.83956
49 85 0.87418
49 86 6.43214
49 87 0.56315
49 88 7.8674
49 89 3.10052
49 90 8.88475
49 91 1.19427
49 92 1.40551
49 93 2.61677
49 94 4.99327
49 95 8.59225
49 96 7.50567
49 97 2.72127
49 98 6.99375
49 99 1.7368
50 51 8.59214
50 52 5.79237
50 53 4.22551
50 54 7.45999
50 55 5.0773
50 56 8.85267
50 57 5.88455
50 58 2.7914
50 59 0.96496
50 60 0.88354
50 61 6.05007
50 62 7.67066
50 63 6.22433
50 64 5.51564
50 65 7.57671
50 66 3.91438
50 67 4.06844
50 68 6.89462
50 69 3.52168
50 70 2.37241
50 71 2.71843
50 72 0.70967
50 73 6.33597
50 74 1.12921
50 75 2.21621
50 76 1.76668
50 77 8.94686
50 78 0.6837
50 79 6.44249
50 80 1.65611
50 81 2.58538
50 82 1.09691
50 83 5.03145
50 84 7.08366
50 85 0.52122
50 86 0.80615
50 87 7.22737
50 88 4.19279
50 89 2.30953
50 90 0.94081
50 91 1.65933
50 92 7.42173
50 93 1.39856
50 94 0.10316
50 95 6.62618
50 96 5.78858
50 97 4.87995
50 98 0.83728
50 99 6.86455
51 52 3.19795
51 53 1.83849
51 54 2.94796
51 55 3.51221
51 56 7.28364
51 57 6.81009
51 58 2.5645
51 59 2.16632
51 60 8.97388
51 61 0.23158
51 62 5.07332
51 63 7.08847
51 64 7.28895
51 65 1.03902
51 66 6.2121
51 67 5.08783
51 68 6.46475
51 69 0.40225
51 70 6.32381
51 71 8.45962
51 72 0.04719
51 73 4.76459
51 74 8.16076
51 75 4.22242
51 76 3.65653
51 77 7.9308
51 78 1.05189
51 79 7.44705
51 80 5.96174
51 81 3.87252
51 82 7.54918
51 83 0.42541
51 84 1.4764
51 85 4.94678
51 86 3.41307
51 87 3.11697
51 88 6.69709
51 89 1.07262
51 90 1.29762
51 91 3.30215
51 92 3.97978
51 93 8.93616
51 94 1.20014
51 95 2.3095
51 96 2.66355
51 97 3.08978
51 98 6.04467
51 99 7.36887
52 53 1.14059
52 54 5.47471
52 55 5.07058
52 56 5.93796
52 57 0.46134
52 58 7.30382
52 59 5.79646
52 60 3.55458
52 61 5.45704
52 62 4.35837
52 63 0.755
52 64 2.49304
52 65 5.04897
52 66 4.29832
52 67 8.1728
52 68 5.8871
52 69 0.42937
52 70 4.58489
52 71 8.41493
52 72 7.80025
52 73 7.50214
52 74 6.77863
52 75 7.17336
52 76 6.16712
52 77 4.99943
52 78 5.77141
52 79 5.29982
52 80 6.82117
52 81 5.07681
52 82 7.15735
52 83 6.80615
52 84 5.7058
52 85 1.14817
52 86 2.89021
52 87 1.47423
52 88 3.59224
52 89 5.72739
52 90 1.86487
52 91 1.8952
52 92 6.58149
52 93 6.73003
52 94 2.55506
52 95 6.06213
52 96 4.1821
52 97 8.48686
52 98 2.61677
52 99 5.97945
53 54 0.22476
53 55 7.30055
53 56 2.89859
53 57 6.79503
53 58 7.96063
53 59 3.0729
53 60 2.98616
53 61 5.7139
53 62 2.31809
53 63 2.4993
53 64 7.697
53 65 7.43952
53 66 3.98981
53 67 1.03074
53 68 5.95268
53 69 2.77729
53 70 0.70128
53 71 1.20026
53 72 8.50605
53 73 6.71483
53 74 4.81478
53 75 3.21225
53 76 2.94785
53 77 7.27743
53 78 7.68203
53 79 0.94885
53 80 6.32033
53 81 0.90462
53 82 0.03799
53 83 1.53524
53 84 1.85878
53 85 7.37101
53 86 6.8343
53 87 7.20373
53 88 3.63464
53 89 3.16183
53 90 7.67659
53 91 7.64297
53 92 1.96194
53 93 4.43376
53 94 4.61115
53 95 6.78142
53 96 8.48384
53 97 6.82425
53 98 4.9333
53 99 2.62229
54 55 0.09498
54 56 3.43061
54 57 7.95648
54 58 7.16733
54 59 6.12625
54 60 8.38588
54 61 5.40674
54 62 0.17835
54 63 8.50554
54 64 7.73811
54 65 2.13681
54 66 2.99282
54 67 5.01915
54 68 8.67186
54 69 1.38242
54 70 5.12226
54 71 5.24608
54 72 8.19464
54 73 8.93846
54 74 0.78907
54 75 3.7545
54 76 1.83038
54 77 4.33373
54 78 7.39169
54 79 4.51698
54 80 0.39913
54 81 6.06224
54 82 3.42958
54 83 5.24696
54 84 4.19401
54 85 4.08873
54 86 6.33198
54 87 7.46322
54 88 7.94787
54 89 4.61251
54 90 2.51644
54 91 7.57678
54 92 1.95536
54 93 4.59023
54 94 8.88791
54 95 8.15628
54 96 0.08295
54 97 8.0873
54 98 6.90962
54 99 0.14472
55 56 0.68084
55 57 7.43593
55 58 8.67623
55 59 4.56336
55 60 5.91153
55 61 2.36569
55 62 2.69487
55 63 1.68647
55 64 0.23039
55 65 5.19649
55 66 5.62871
55 67 3.21607
55 68 3.43825
55 69 3.77427
55 70 4.28465
55 71 7.30384
55 72 4.11362
55 73 2.87381
55 74 5.72453
55 75 4.74256
55 76 1.68188
55 77 2.06804
55 78 2.02866
55 79 2.21938
55 80 8.90828
55 81 8.79562
55 82 5.48148
55 83 6.25215
55 84 5.25132
55 85 1.95117
55 86 0.28612
55 87 1.02224
55 88 7.19147
55 89 0.82367
55 90 0.17846
55 91 1.05223
55 92 7.45485
55 93 6.56281
55 94 0.05248
55 95 2.70552
55 96 3.3496
55 97 8.44008
55 98 0.5234
55 99 1.08061
56 57 1.16289
56 58 2.925
56 59 4.85868
56 60 1.74861
56 61 3.04778
56 62 4.57115
56 63 6.96313
56 64 2.58887
56 65 0.44761
56 66 8.21384
56 67 3.14436
56 68 4.49655
56 69 4.12056
56 70 0.47068
56 71 1.74157
56 72 2.32062
56 73 2.56596
56 74 4.39569
56 75 8.10142
56 76 2.40375
56 77 1.67422
56 78 8.59343
56 79 6.45121
56 80 2.3483
56 81 7.61337
56 82 7.51143
56 83 4.82898
56 84 4.64016
56 85 3.22107
56 86 1.88292
56 87 3.46901
56 88 1.02506
56 89 4.35318
56 90 4.78268
56 91 5.8568
56 92 1.93833
56 93 6.78789
56 94 2.62925
56 95 3.54646
56 96 5.01412
56 97 2.1471
56 98 0.934
56 99 2.66757
57 58 3.2478
57 59 1.32225
57 60 8.14976
57 61 7.00147
57 62 3.60664
57 63 5.03923
57 64 1.88969
57 65 1.20588
57 66 2.78354
57 67 0.10953
57 68 5.08366
57 69 2.50026
57 70 2.43088
57 71 5.20415
57 72 3.03334
57 73 5.10781
57 74 6.94666
57 75 2.94106
57 76 8.34466
57 77 6.48734
57 78 7.85059
57 79 6.3991
57 80 4.82722
57 81 3.38416
57 82 2.21233
57 83 0.64496
57 84 4.32404
57 85 3.42061
57 86 1.04309
57 87 2.32616
57 88 2.29372
57 89 6.41212
57 90 8.46874
57 91 8.95902
57 92 8.19763
57 93 1.00061
57 94 5.86472
57 95 4.01668
57 96 5.82498
57 97 3.97232
57 98 0.37483
57 99 2.89099
58 59 8.08688
58 60 2.5553
58 61 8.05746
58 62 0.95124
58 63 3.42136
58 64 1.48399
58 65 7.7689
58 66 0.81788
58 67 8.91808
58 68 1.03665
58 69 5.94101
58 70 0.5729
58 71 0.81685
58 72 0.10905
58 73 2.78718
58 74 0.15723
58 75 1.43154
58 76 7.31935
58 77 1.74059
58 78 7.8857
58 79 4.86408
58 80 7.26921
58 81 1.27284
58 82 0.01354
58 83 8.10976
58 84 2.82319
58 85 1.48307
58 86 7.55899
58 87 4.85608
58 88 5.01756
58 89 4.88449
58 90 8.40435
58 91 6.84379
58 92 6.86624
58 93 5.80948
58 94 6.80851
58 95 6.29846
58 96 2.18815
58 97 3.53753
58 98 5.76547
58 99 6.08824
59 60 6.36864
59 61 1.75988
59 62 6.47615
59 63 3.80584
59 64 1.82562
59 65 8.78948
59 66 1.21738
59 67 1.13475
59 68 4.91619
59 69 8.33257
59 70 2.32152
59 71 7.27053
59 72 7.23123
59 73 7.89918
59 74 7.99863
59 75 7.68657
59 76 8.45209
59 77 4.7102
59 78 0.75359
59 79 1.51946
59 80 8.68603
59 81 6.45855
59 82 7.75116
59 83 7.08088
59 84 4.52427
59 85 0.31723
59 86 8.79629
59 87 4.1123
59 88 5.68656
59 89 7.389
59 90 0.45033
59 91 4.72476
59 92 7.87958
59 93 6.06167
59 94 7.66603
59 95 6.06439
59 96 5.63527
59 97 6.60511
59 98 3.95421
59 99 8.4866
60 61 1.61213
60 62 8.37877
60 63 7.50874
60 64 2.47207
60 65 4.3724
60 66 5.86112
60 67 2.32676
60 68 0.6456
60 69 1.72366
60 70 6.134
60 71 0.055
60 72 4.0741
60 73 4.40463
60 74 8.92715
60 75 4.8189
60 76 1.99686
60 77 8.17883
60 78 0.21627
60 79 3.91693
60 80 4.72107
60 81 8.72076
60 82 5.47038
60 83 8.45481
60 84 0.75636
60 85 5.92708
60 86 7.6869
60 87 1.65219
60 88 2.95689
60 89 0.2401
60 90 8.62947
60 91 8.70861
60 92 2.02677
60 93 0.23806
60 94 5.29017
60 95 4.67504
60 96 2.39516
60 97 4.70195
60 98 0.42555
60 99 2.7526
61 62 7.97926
61 63 6.49012
61 64 3.00887
61 65 8.30354
61 66 3.52647
61 67 0.41022
61 68 6.31748
61 69 5.84797
61 70 0.53173
61 71 4.01008
61 72 1.44545
61 73 1.43385
61 74 2.00566
61 75 1.49068
61 76 8.25383
61 77 3.2881
61 78 5.49822
61 79 5.45018
61 80 2.12092
61 81 6.0165
61 82 6.8443
61 83 2.62267
61 84 4.61389
61 85 2.99905
61 86 5.8098
61 87 1.15326
61 88 6.64962
61 89 5.97307
61 90 7.98796
61 91 5.20648
61 92 2.35903
61 93 8.66594
61 94 6.2763
61 95 7.18645
61 96 2.47189
61 97 4.26487
61 98 8.38757
61 99 2.05358
62 63 6.77438
62 64 4.0894
62 65 4.43235
62 66 1.98676
62 67 6.38249
62 68 2.66102
62 69 4.34101
62 70 7.0995
62 71 3.14891
62 72 0.25647
62 73 0.66875
62 74 0.28667
62 75 8.53643
62 76 8.05611
62 77 1.42228
62 78 3.10525
62 79 8.08967
62 80 0.05075
62 81 3.84939
62 82 5.29805
62 83 3.56466
62 84 4.63576
62 85 1.35686
62 86 0.40204
62 87 7.5841
62 88 8.94445
62 89 1.66282
62 90 3.16464
62 91 0.02627
62 92 2.21804
62 93 4.04529
62 94 5.35322
62 95 3.8895
62 96 3.90504
62 97 1.78494
62 98 2.3806
62 99 0.12645
63 64 7.38651
63 65 7.23257
63 66 2.76095
63 67 0.00437
63 68 5.43114
63 69 3.04858
63 70 1.57939
63 71 6.39762
63 72 8.5979
63 73 6.90714
63 74 2.68996
63 75 2.15063
63 76 2.69706
63 77 7.5833
63 78 0.27347
63 79 0.12695
63 80 6.08879
63 81 0.15452
63 82 6.21998
63 83 1.12559
63 84 8.28545
63 85 6.2553
63 86 8.1279
63 87 7.12991
63 88 8.9549
63 89 5.07753
63 90 0.20416
63 91 0.32064
63 92 5.79939
63 93 6.69291
63 94 8.82257
63 95 5.80513
63 96 1.64289
63 97 6.00015
63 98 6.36723
63 99 3.74815
64 65 0.45468
64 66 7.25013
64 67 3.37867
64 68 2.30684
64 69 2.12814
64 70 6.87118
64 71 1.85034
64 72 7.89809
64 73 2.22246
64 74 1.92516
64 75 8.69722
64 76 2.5784
64 77 1.75809
64 78 8.96679
64 79 1.63662
64 80 7.95864
64 81 2.77544
64 82 1.69073
64 83 7.13061
64 84 7.48192
64 85 2.27092
64 86 2.71928
64 87 6.30037
64 88 3.53556
64 89 1.91426
64 90 5.52754
64 91 8.99695
64 92 0.81343
64 93 8.03181
64 94 7.96179
64 95 0.47714
64 96 0.5038
64 97 7.65851
64 98 1.52549
64 99 0.24769
65 66 4.07354
65 67 2.45647
65 68 2.59667
65 69 5.7112
65 70 0.56247
65 71 4.34956
65 72 1.53258
65 73 3.36704
65 74 0.74537
65 75 3.30528
65 76 5.88155
65 77 1.81206
65 78 7.51969
65 79 3.99013
65 80 2.92847
65 81 6.25343
65 82 6.80176
65 83 7.21547
65 84 6.85935
65 85 1.53624
65 86 7.67531
65 87 1.15379
65 88 5.94932
65 89 7.70057
65 90 6.96748
65 91 2.53104
65 92 2.12469
65 93 5.03362
65 94 5.76706
65 95 1.48625
65 96 0.84391
65 97 3.7821
65 98 2.10636
65 99 5.13703
66 67 0.62453
66 68 2.05945
66 69 8.40688
66 70 0.79842
66 71 8.86948
66 72 0.68475
66 73 7.58395
66 74 2.10851
66 75 3.01064
66 76 8.38051
66 77 0.56632
66 78 8.85813
66 79 3.16732
66 80 3.283
66 81 3.04567
66 82 3.27321
66 83 4.91808
66 84 4.74279
66 85 3.6067
66 86 3.54269
66 87 4.97981
66 88 3.8684
66 89 5.15416
66 90 4.68845
66 91 6.20123
66 92 7.45761
66 93 3.36433
66 94 4.02031
66 95 8.42066
66 96 7.35293
66 97 1.26292
66 98 5.77286
66 99 5.44972
67 68 4.46003
67 69 4.69811
67 70 8.58217
67 71 4.57063
67 72 8.60494
67 73 1.24187
67 74 4.893
67 75 7.35581
67 76 1.4459
67 77 6.86592
67 78 8.09999
67 79 0.11165
67 80 1.74566
67 81 0.75773
67 82 5.14071
67 83 8.36733
67 84 4.25627
67 85 7.27494
67 86 4.89479
67 87 5.0582
67 88 5.101
67 89 0.89457
67 90 2.9664
67 91 7.75081
67 92 8.74858
67 93 2.49576
67 94 1.77591
67 95 1.14657
67 96 3.53593
67 97 8.4963
67 98 6.81372
67 99 8.45479
68 69 6.84195
68 70 5.77225
68 71 1.51553
68 72 7.55902
68 73 1.43158
68 74 1.19441
68 75 7.07557
68 76 3.54786
68 77 4.99697
68 78 3.88728
68 79 0.40153
68 80 5.04936
68 81 8.43524
68 82 8.00925
68 83 7.62021
68 84 1.39283
68 85 0.14914
68 86 2.68946
68 87 4.97013
68 88 5.43288
68 89 1.3647
68 90 1.25943
68 91 5.69466
68 92 4.1109
68 93 6.86163
68 94 0.12974
68 95 5.02038
68 96 8.81266
68 97 5.1793
68 98 6.84142
68 99 1.41199
69 70 5.27411
69 71 4.69163
69 72 1.58373
69 73 0.1225
69 74 3.15583
69 75 8.66015
69 76 2.46266
69 77 3.36046
69 78 6.60068
69 79 0.6255
69 80 0.03468
69 81 3.92418
69 82 6.99989
69 83 1.4552
69 84 3.10956
69 85 3.33197
69 86 8.27255
69 87 7.75683
69 88 8.64103
69 89 3.65858
69 90 6.36582
69 91 0.7473
69 92 5.31325
69 93 3.94267
69 94 3.63063
69 95 1.55848
69 96 1.12339
69 97 7.11707
69 98 8.02423
69 99 5.04171
70 71 1.24909
70 72 5.51126
70 73 4.33067
70 74 8.17381
70 75 2.20095
70 76 4.19156
70 77 7.79906
70 78 6.93939
70 79 3.7873
70 80 2.59496
70 81 5.38613
70 82 6.41181
70 83 5.91477
70 84 4.11396
70 85 3.28697
70 86 3.30154
70 87 8.84519
70 88 6.41186
70 89 4.37442
70 90 3.49122
70 91 6.47654
70 92 6.91785
70 93 7.98124
70 94 4.16793
70 95 6.8864
70 96 8.25215
70 97 8.02545
70 98 2.7405
70 99 6.15737
71 72 5.62108
71 73 2.93888
71 74 6.41829
71 75 6.23554
71 76 1.51338
71 77 7.50457
71 78 3.3413
71 79 8.99915
71 80 2.42355
71 81 1.95145
71 82 4.90684
71 83 1.75747
71 84 7.94893
71 85 5.22953
71 86 0.30801
71 87 0.81987
71 88 7.61458
71 89 7.46141
71 90 1.59035
71 91 2.90042
71 92 5.2566
71 93 8.16581
71 94 2.50726
71 95 7.83374
71 96 3.50177
71 97 5.89841
71 98 7.70052
71 99 2.36891
72 73 8.26076
72 74 5.82132
72 75 0.19439
72 76 7.53828
72 77 8.02799
72 78 3.35342
72 79 1.02922
72 80 6.78282
72 81 7.09224
72 82 8.86708
72 83 6.4156
72 84 1.43798
72 85 0.36258
72 86 2.06435
72 87 4.61936
72 88 6.37134
72 89 3.45986
72 90 3.7975
72 91 8.68876
72 92 7.47439
72 93 3.30758
72 94 4.3876
72 95 2.9766
72 96 3.8615
72 97 4.93565
72 98 8.87296
72 99 6.84209
73 74 8.47937
73 75 7.32408
73 76 3.16464
73 77 8.38448
73 78 2.46536
73 79 1.53984
73 80 4.80659
73 81 7.56541
73 82 5.69127
73 83 1.17491
73 84 0.87039
73 85 2.30555
73 86 4.83128
73 87 3.88271
73 88 6.73051
73 89 8.55994
73 90 7.78773
73 91 4.40732
73 92 7.34817
73 93 0.74933
73 94 0.59115
73 95 4.62818
73 96 5.32999
73 97 4.10357
73 98 6.4557
73 99 5.78262
74 75 3.96276
74 76 4.87533
74 77 8.76833
74 78 1.7459
74 79 5.06657
74 80 5.99463
74 81 1.62594
74 82 2.48537
74 83 0.69133
74 84 0.54535
74 85 7.56466
74 86 3.84899
74 87 3.5453
74 88 5.41658
74 89 7.96873
74 90 5.06299
74 91 7.53598
74 92 1.35504
74 93 6.45088
74 94 4.7983
74 95 3.44468
74 96 0.9133
74 97 2.2322
74 98 7.29018
74 99 8.01798
75 76 0.72137
75 77 5.05959
75 78 8.15287
75 79 7.18423
75 80 2.65065
75 81 7.06357
75 82 1.84186
75 83 3.32601
75 84 7.57807
75 85 0.12679
75 86 4.54154
75 87 8.01355
75 88 6.83654
75 89 3.63402
75 90 6.23374
75 91 5.78585
75 92 8.74264
75 93 0.52793
75 94 1.68336
75 95 5.73467
75 96 7.40596
75 97 1.96936
75 98 7.89129
75 99 4.73331
76 77 7.57777
76 78 1.629
76 79 2.71535
76 80 8.24772
76 81 5.63487
76 82 5.97444
76 83 7.6563
76 84 6.96504
76 85 2.1422
76 86 6.95308
76 87 1.3808
76 88 5.04351
76 89 3.48297
76 90 7.10668
76 91 5.38409
76 92 8.29685
76 93 3.97428
76 94 5.44833
76 95 0.10077
76 96 5.62317
76 97 7.22756
76 98 0.58812
76 99 6.60849
77 78 4.41571
77 79 3.74115
77 80 6.84704
77 81 3.15668
77 82 4.56165
77 83 6.4214
77 84 1.58901
77 85 2.01417
77 86 3.71248
77 87 5.98792
77 88 5.85831
77 89 1.23262
77 90 1.83807
77 91 1.16353
77 92 8.10146
77 93 4.60026
77 94 7.76221
77 95 1.16487
77 96 4.11302
77 97 2.52873
77 98 4.89867
77 99 0.14159
78 79 3.8572
78 80 8.74384
78 81 8.88487
78 82 6.79569
78 83 2.89694
78 84 0.87624
78 85 2.95568
78 86 3.37002
78 87 7.33008
78 88 8.71512
78 89 7.82871
78 90 4.01092
78 91 1.93616
78 92 4.12474
78 93 7.6269
78 94 2.40741
78 95 2.22322
78 96 1.57541
78 97 3.24696
78 98 1.53901
78 99 6.86536
79 80 6.01386
79 81 0.17075
79 82 6.74929
79 83 5.99324
79 84 1.85259
79 85 1.28813
79 86 5.7606
79 87 5.86631
79 88 2.10599
79 89 4.8224
79 90 4.56518
79 91 6.1213
79 92 8.19221
79 93 1.05237
79 94 2.90832
79 95 6.4067
79 96 7.40327
79 97 5.76756
79 98 8.12109
79 99 4.39182
80 81 2.42315
80 82 0.81889
80 83 5.91988
80 84 6.95696
80 85 4.05238
80 86 4.98269
80 87 0.9775
80 88 0.14782
80 89 1.22231
80 90 7.73493
80 91 8.37226
80 92 5.22355
80 93 6.5258
80 94 7.66832
80 95 5.28422
80 96 1.33844
80 97 0.76762
80 98 6.56704
80 99 5.05601
81 82 1.08109
81 83 3.88679
81 84 3.65786
81 85 5.84266
81 86 0.32142
81 87 1.6426
81 88 2.99465
81 89 0.59858
81 90 5.39109
81 91 4.751
81 92 6.132
81 93 7.03175
81 94 0.13881
81 95 5.14228
81 96 8.46138
81 97 5.86668
81 98 5.16795
81 99 0.35456
82 83 6.96711
82 84 7.18257
82 85 4.22579
82 86 5.85624
82 87 6.36665
82 88 4.68435
82 89 4.88733
82 90 3.7729
82 91 4.5055
82 92 3.86308
82 93 5.88617
82 94 5.58723
82 95 5.73533
82 96 6.12286
82 97 2.6426
82 98 1.55439
82 99 6.62326
83 84 3.19208
83 85 8.83919
83 86 2.7748
83 87 4.90617
83 88 8.07262
83 89 1.70846
83 90 0.83047
83 91 2.50972
83 92 3.67879
83 93 1.68131
83 94 3.62228
83 95 2.70037
83 96 2.1975
83 97 5.96924
83 98 8.40858
83 99 6.0117
84 85 2.97699
84 86 1.95899
84 87 0.02546
84 88 0.19819
84 89 1.03091
84 90 3.72397
84 91 0.25613
84 92 0.17066
84 93 3.41564
84 94 2.22386
84 95 7.14808
84 96 2.39559
84 97 0.54348
84 98 3.70513
84 99 8.73305
85 86 3.70892
85 87 0.23753
85 88 5.562
85 89 5.26313
85 90 2.60196
85 91 1.2374
85 92 5.16902
85 93 3.46569
85 94 7.29258
85 95 4.88838
85 96 8.10075
85 97 5.09544
85 98 2.66532
85 99 5.85259
86 87 2.72695
86 88 5.45418
86 89 3.74098
86 90 3.87068
86 91 7.60384
86 92 6.84343
86 93 1.7015
86 94 2.21455
86 95 2.94802
86 96 1.20866
86 97 2.45983
86 98 0.83313
86 99 4.97043
87 88 6.03223
87 89 1.79539
87 90 7.50978
87 91 6.34636
87 92 3.70887
87 93 3.75725
87 94 3.56257
87 95 2.10037
87 96 7.26267
87 97 2.21487
87 98 7.35404
87 99 6.16663
88 89 7.18548
88 90 0.90823
88 91 7.24562
88 92 4.61897
88 93 7.82634
88 94 8.65983
88 95 8.4267
88 96 3.58524
88 97 5.70005
88 98 4.85256
88 99 6.35241
89 90 0.75324
89 91 7.20096
89 92 3.87978
89 93 7.19077
89 94 2.89253
89 95 5.52843
89 96 3.42935
89 97 4.31157
89 98 6.95027
89 99 1.46033
90 91 0.9475
90 92 8.77145
90 93 3.69188
90 94 8.5466
90 95 8.95691
90 96 8.81092
90 97 1.4632
90 98 4.81155
90 99 7.9416
91 92 6.92627
91 93 1.98557
91 94 4.81103
91 95 6.24628
91 96 0.17474
91 97 5.30663
91 98 3.51603
91 99 5.95434
92 93 5.60425
92 94 3.08039
92 95 7.55462
92 96 5.837
92 97 6.65817
92 98 2.06451
92 99 5.47734
93 94 8.5633
93 95 3.08565
93 96 0.3858
93 97 1.13148
93 98 6.38732
93 99 7.39323
94 95 8.76753
94 96 5.85188
94 97 3.25046
94 98 6.41346
94 99 1.5022
95 96 2.31748
95 97 0.57472
95 98 1.87253
95 99 0.00537
96 97 1.24812
96 98 3.50999
96 99 1.85952
97 98 1.29624
97 99 7.43726
98 99 0.52909
