100 10
0 1 3.4326
0 2 2.85844
0 3 7.74709
0 4 5.98928
0 5 5.4097
0 6 1.95507
0 7 8.59185
0 8 5.26783
0 9 4.45335
0 10 2.80468
0 11 5.51768
0 12 8.15999
0 13 5.38051
0 14 1.5914
0 15 2.63841
0 16 7.8597
0 17 5.48594
0 18 2.56113
0 19 2.08681
0 20 3.58182
0 21 4.55207
0 22 4.80598
0 23 4.09996
0 24 5.96285
0 25 1.71498
0 26 7.35241
0 27 4.81736
0 28 4.55694
0 29 1.25492
0 30 2.68816
0 31 2.29333
0 32 7.59681
0 33 7.67178
0 34 6.05434
0 35 1.06386
0 36 8.72639
0 37 8.33023
0 38 8.22774
0 39 7.24671
0 40 7.42823
0 41 0.52029
0 42 2.1198
0 43 7.84298
0 44 8.0902
0 45 7.93173
0 46 2.58498
0 47 3.53769
0 48 5.5296
0 49 5.01215
0 50 3.73724
0 51 7.54508
0 52 1.1299
0 53 1.22246
0 54 5.2397
0 55 7.38732
0 56 5.66861
0 57 7.83907
0 58 0.64646
0 59 5.10278
0 60 4.3037
0 61 6.97221
0 62 3.54903
0 63 3.34603
0 64 4.9578
0 65 1.83639
0 66 7.82935
0 67 5.48792
0 68 3.68713
0 69 2.47497
0 70 4.28572
0 71 3.11997
0 72 4.21173
0 73 6.15659
0 74 1.66744
0 75 1.36208
0 76 0.40888
0 77 7.3593
0 78 4.61555
0 79 1.70062
0 80 2.10864
0 81 4.22633
0 82 4.73512
0 83 8.86611
0 84 8.46046
0 85 2.62448
0 86 8.47895
0 87 3.85213
0 88 7.58924
0 89 8.55237
0 90 1.29464
0 91 6.45011
0 92 8.60428
0 93 1.36331
0 94 7.38385
0 95 0.47899
0 96 6.82416
0 97 2.48137
0 98 7.80887
0 99 0.98476
1 2 6.67989
1 3 6.03543
1 4 1.95474
1 5 0.21492
1 6 4.40071
1 7 2.68611
1 8 2.97005
1 9 1.2203
1 10 6.75205
1 11 3.27277
1 12 3.77418
1 13 8.61746
1 14 7.56799
1 15 4.98973
1 16 5.79618
1 17 8.37556
1 18 3.3846
1 19 7.27424
1 20 3.83124
1 21 8.06791
1 22 1.62952
1 23 7.14341
1 24 3.13206
1 25 7.66174
1 26 1.52463
1 27 8.38017
1 28 0.62408
1 29 8.85295
1 30 6.89853
1 31 1.37767
1 32 3.03771
1 33 1.61343
1 34 3.40806
1 35 2.00808
1 36 8.93319
1 37 6.29263
1 38 7.33343
1 39 1.54674
1 40 8.55905
1 41 3.96137
1 42 4.41546
1 43 4.70856
1 44 0.29277
1 45 6.56464
1 46 0.14989
1 47 1.60295
1 48 4.04937
1 49 8.61326
1 50 4.91231
1 51 4.19828
1 52 4.20861
1 53 8.1586
1 54 7.67564
1 55 1.42955
1 56 7.46425
1 57 7.80718
1 58 0.3866
1 59 7.70429
1 60 4.59978
1 61 5.00376
1 62 7.30044
1 63 7.37809
1 64 0.41183
1 65 6.73063
1 66 7.91156
1 67 5.30488
1 68 3.26198
1 69 7.46755
1 70 4.01536
1 71 6.94004
1 72 4.13114
1 73 8.61426
1 74 4.49397
1 75 6.55574
1 76 0.4873
1 77 2.3529
1 78 0.16688
1 79 5.36642
1 80 3.4379
1 81 0.38688
1 82 5.28311
1 83 0.97432
1 84 1.86047
1 85 3.36555
1 86 4.27973
1 87 6.80651
1 88 7.05484
1 89 3.53444
1 90 3.36089
1 91 1.49089
1 92 4.50323
1 93 1.36952
1 94 1.1268
1 95 3.65859
1 96 7.93119
1 97 0.54903
1 98 8.48818
1 99 5.15764
2 3 6.77215
2 4 5.44973
2 5 3.99598
2 6 3.80505
2 7 3.44467
2 8 3.64815
2 9 8.10432
2 10 3.42736
2 11 2.45619
2 12 7.10876
2 13 4.26566
2 14 0.6255
2 15 2.31237
2 16 1.50975
2 17 6.14769
2 18 2.89684
2 19 6.33145
2 20 0.66737
2 21 7.41114
2 22 0.59077
2 23 6.82024
2 24 0.93435
2 25 0.83412
2 26 5.44073
2 27 4.96894
2 28 7.55671
2 29 5.17162
2 30 3.94595
2 31 8.40044
2 32 1.55163
2 33 4.38173
2 34 4.46355
2 35 4.32157
2 36 6.5272
2 37 0.23467
2 38 8.06952
2 39 0.71545
2 40 8.60181
2 41 4.16405
2 42 6.68573
2 43 2.66822
2 44 2.36854
2 45 6.63935
2 46 5.37037
2 47 3.23984
2 48 7.16161
2 49 0.63821
2 50 3.46324
2 51 6.17532
2 52 6.99629
2 53 4.15165
2 54 2.4123
2 55 1.62748
2 56 3.77436
2 57 4.67918
2 58 6.72752
2 59 8.95213
2 60 6.32457
2 61 7.52143
2 62 3.42936
2 63 2.83792
2 64 4.64596
2 65 1.51481
2 66 3.56559
2 67 5.58643
2 68 2.59414
2 69 2.50958
2 70 5.64678
2 71 5.87446
2 72 4.10061
2 73 1.99046
2 74 4.55212
2 75 4.69375
2 76 7.22455
2 77 8.02238
2 78 8.37396
2 79 0.87761
2 80 6.55092
2 81 5.13527
2 82 3.03232
2 83 2.87093
2 84 2.43822
2 85 1.58026
2 86 5.89457
2 87 4.99495
2 88 6.98671
2 89 5.16978
2 90 3.57896
2 91 0.50259
2 92 8.04607
2 93 0.72739
2 94 4.46551
2 95 3.64121
2 96 8.39876
2 97 5.85689
2 98 1.83864
2 99 3.13147
3 4 8.36345
3 5 0.87494
3 6 2.16418
3 7 2.93999
3 8 3.5103
3 9 8.38514
3 10 2.30495
3 11 8.60408
3 12 3.3376
3 13 4.4079
3 14 8.62737
3 15 1.03024
3 16 6.11677
3 17 4.37102
3 18 1.88983
3 19 7.28129
3 20 2.31976
3 21 8.96325
3 22 6.49068
3 23 2.20388
3 24 5.33449
3 25 2.63496
3 26 2.2044
3 27 4.70102
3 28 3.90285
3 29 0.92894
3 30 6.94828
3 31 0.35281
3 32 0.98354
3 33 3.58203
3 34 1.84145
3 35 8.38386
3 36 8.40897
3 37 8.67681
3 38 7.80021
3 39 3.62335
3 40 3.23099
3 41 2.71619
3 42 4.64954
3 43 6.82042
3 44 4.32215
3 45 5.8982
3 46 4.33315
3 47 8.27885
3 48 6.27144
3 49 4.38113
3 50 7.85128
3 51 8.26289
3 52 5.91508
3 53 3.14143
3 54 2.28179
3 55 3.77368
3 56 1.56657
3 57 8.61575
3 58 3.64859
3 59 4.27496
3 60 5.52209
3 61 3.01109
3 62 3.55537
3 63 6.88118
3 64 6.91154
3 65 0.55877
3 66 0.57741
3 67 3.20475
3 68 4.97007
3 69 8.47555
3 70 5.51612
3 71 3.65495
3 72 5.32088
3 73 5.66935
3 74 7.17943
3 75 3.92453
3 76 8.7296
3 77 6.59637
3 78 0.34069
3 79 4.18761
3 80 6.78645
3 81 1.93072
3 82 5.87716
3 83 2.50876
3 84 5.4644
3 85 1.82284
3 86 5.82489
3 87 1.34241
3 88 1.82069
3 89 8.92726
3 90 7.43357
3 91 7.31247
3 92 5.85185
3 93 3.41397
3 94 8.17678
3 95 4.53067
3 96 1.10983
3 97 3.27225
3 98 2.07291
3 99 1.61134
4 5 2.08103
4 6 6.53435
4 7 0.07237
4 8 7.04812
4 9 1.59003
4 10 8.96172
4 11 1.11335
4 12 1.88811
4 13 4.3409
4 14 3.11214
4 15 8.91454
4 16 0.12865
4 17 8.21946
4 18 2.54272
4 19 8.26607
4 20 2.45434
4 21 2.27717
4 22 0.86402
4 23 8.05546
4 24 1.18279
4 25 1.16432
4 26 6.40574
4 27 7.7564
4 28 4.11143
4 29 5.7061
4 30 2.08531
4 31 7.71321
4 32 5.33506
4 33 0.9479
4 34 2.84651
4 35 4.88421
4 36 8.86647
4 37 3.96438
4 38 1.41077
4 39 7.36254
4 40 8.9159
4 41 7.21176
4 42 8.11214
4 43 5.79026
4 44 8.11304
4 45 0.59874
4 46 0.56332
4 47 8.91134
4 48 5.43281
4 49 6.67769
4 50 0.71022
4 51 2.01931
4 52 0.67432
4 53 5.76959
4 54 2.86873
4 55 8.96304
4 56 0.75623
4 57 6.46639
4 58 7.94506
4 59 4.52696
4 60 2.09893
4 61 4.17213
4 62 5.25608
4 63 8.13445
4 64 1.94747
4 65 8.76782
4 66 1.56255
4 67 2.47827
4 68 4.30473
4 69 4.99303
4 70 2.42878
4 71 1.23116
4 72 1.77403
4 73 2.78908
4 74 0.14348
4 75 4.24358
4 76 1.11014
4 77 7.1795
4 78 1.10329
4 79 7.39587
4 80 6.40764
4 81 6.63258
4 82 5.88315
4 83 0.42534
4 84 1.06879
4 85 8.944
4 86 8.21789
4 87 2.7833
4 88 7.21558
4 89 8.15783
4 90 2.66212
4 91 4.7365
4 92 0.82405
4 93 4.88434
4 94 1.4324
4 95 5.18621
4 96 6.1108
4 97 1.06522
4 98 8.84116
4 99 1.41828
5 6 0.15242
5 7 6.58141
5 8 7.56885
5 9 3.27154
5 10 7.98286
5 11 7.53808
5 12 5.70298
5 13 3.55596
5 14 4.28417
5 15 4.73355
5 16 0.49714
5 17 0.30072
5 18 2.52288
5 19 1.10754
5 20 7.83831
5 21 1.08016
5 22 4.44678
5 23 8.8176
5 24 5.62334
5 25 7.07976
5 26 0.14967
5 27 1.66077
5 28 8.39758
5 29 5.91198
5 30 2.71046
5 31 1.14138
5 32 0.95128
5 33 8.64998
5 34 8.72054
5 35 8.77883
5 36 2.59867
5 37 2.59622
5 38 7.34431
5 39 1.1345
5 40 5.23462
5 41 1.38736
5 42 6.15552
5 43 5.26367
5 44 1.02242
5 45 6.7808
5 46 8.12014
5 47 7.78544
5 48 1.29688
5 49 8.68782
5 50 2.19696
5 51 0.743
5 52 6.55153
5 53 2.04863
5 54 8.60459
5 55 2.72542
5 56 6.02977
5 57 7.89184
5 58 6.17621
5 59 5.50481
5 60 2.04783
5 61 1.46733
5 62 8.59224
5 63 5.36654
5 64 1.29932
5 65 0.96096
5 66 6.67957
5 67 3.76623
5 68 8.93596
5 69 4.54172
5 70 7.15127
5 71 0.81991
5 72 2.72047
5 73 1.21339
5 74 4.26847
5 75 3.01861
5 76 8.83502
5 77 0.58485
5 78 6.56889
5 79 3.67633
5 80 0.77724
5 81 0.41288
5 82 6.67569
5 83 7.47175
5 84 3.18874
5 85 8.286
5 86 3.63949
5 87 1.23323
5 88 8.35984
5 89 6.93445
5 90 7.11669
5 91 5.90103
5 92 8.11839
5 93 2.52438
5 94 0.01598
5 95 7.04202
5 96 5.48772
5 97 5.48686
5 98 2.58518
5 99 7.97502
6 7 1.7319
6 8 1.03445
6 9 6.06722
6 10 7.46339
6 11 7.79436
6 12 1.45801
6 13 6.96748
6 14 4.96087
6 15 6.15713
6 16 7.32772
6 17 0.05539
6 18 1.44316
6 19 6.67092
6 20 7.79024
6 21 0.09763
6 22 8.93522
6 23 8.31849
6 24 3.01058
6 25 6.49667
6 26 4.06495
6 27 3.82458
6 28 2.75896
6 29 6.94322
6 30 8.05417
6 31 6.69265
6 32 7.75442
6 33 7.78981
6 34 7.59036
6 35 0.73829
6 36 1.79722
6 37 5.40307
6 38 4.3187
6 39 1.49768
6 40 5.7273
6 41 1.36145
6 42 2.94473
6 43 5.28415
6 44 8.88779
6 45 2.12554
6 46 7.27364
6 47 7.44145
6 48 7.26691
6 49 4.20411
6 50 4.90404
6 51 8.41529
6 52 5.74712
6 53 6.37848
6 54 3.79548
6 55 2.29439
6 56 7.41721
6 57 0.74292
6 58 4.91239
6 59 2.31579
6 60 6.21076
6 61 8.70715
6 62 6.32162
6 63 2.9448
6 64 6.70701
6 65 0.95942
6 66 7.73549
6 67 4.61721
6 68 5.95594
6 69 1.09936
6 70 6.04317
6 71 7.12452
6 72 4.21062
6 73 8.68693
6 74 3.03285
6 75 4.49085
6 76 8.95926
6 77 8.33062
6 78 2.75298
6 79 7.27446
6 80 3.77364
6 81 7.46958
6 82 5.6327
6 83 0.16971
6 84 7.66853
6 85 4.31441
6 86 4.87912
6 87 3.36198
6 88 7.07409
6 89 4.40188
6 90 8.45743
6 91 2.20067
6 92 5.60445
6 93 5.2197
6 94 2.8805
6 95 4.97674
6 96 1.75894
6 97 3.56634
6 98 8.93888
6 99 2.15993
7 8 1.52141
7 9 1.46599
7 10 6.78449
7 11 5.59987
7 12 5.87633
7 13 2.54651
7 14 5.21536
7 15 3.34587
7 16 6.40434
7 17 2.97762
7 18 0.57664
7 19 4.76503
7 20 4.1272
7 21 3.21963
7 22 7.78276
7 23 4.40508
7 24 4.29149
7 25 6.52972
7 26 7.62725
7 27 3.1519
7 28 6.84197
7 29 0.69671
7 30 4.4459
7 31 3.21373
7 32 7.81271
7 33 6.9495
7 34 7.89561
7 35 8.4582
7 36 5.48862
7 37 6.59921
7 38 6.02937
7 39 7.95125
7 40 6.15396
7 41 3.13311
7 42 1.64135
7 43 8.82768
7 44 6.08766
7 45 3.26318
7 46 8.53983
7 47 8.97556
7 48 2.33043
7 49 7.26988
7 50 5.0366
7 51 2.49612
7 52 1.15926
7 53 7.29355
7 54 2.45492
7 55 6.94531
7 56 2.72384
7 57 2.37054
7 58 3.72105
7 59 0.25229
7 60 0.79038
7 61 0.71524
7 62 0.89338
7 63 6.46068
7 64 8.90284
7 65 7.91159
7 66 8.85451
7 67 8.30145
7 68 5.04121
7 69 6.44175
7 70 7.46306
7 71 0.65905
7 72 8.89554
7 73 7.20515
7 74 3.22003
7 75 8.42373
7 76 8.01211
7 77 3.4626
7 78 0.93849
7 79 1.86458
7 80 2.11349
7 81 3.45626
7 82 2.58968
7 83 8.09685
7 84 7.17988
7 85 5.97199
7 86 3.30774
7 87 7.26085
7 88 2.07175
7 89 6.3231
7 90 3.46663
7 91 1.88618
7 92 0.85309
7 93 1.32531
7 94 3.7202
7 95 4.87691
7 96 2.84666
7 97 2.06815
7 98 1.75546
7 99 2.45646
8 9 6.28667
8 10 1.64005
8 11 2.41793
8 12 4.58641
8 13 1.54768
8 14 7.68127
8 15 3.79335
8 16 3.17397
8 17 8.15651
8 18 6.0817
8 19 0.89818
8 20 4.39162
8 21 0.86766
8 22 8.26663
8 23 3.64222
8 24 3.7918
8 25 4.44028
8 26 4.22926
8 27 7.6334
8 28 3.08099
8 29 1.46337
8 30 2.79087
8 31 5.9972
8 32 5.68705
8 33 4.50724
8 34 3.66812
8 35 7.22083
8 36 1.65664
8 37 5.91199
8 38 2.80756
8 39 5.58037
8 40 6.43397
8 41 0.78606
8 42 7.60779
8 43 5.94454
8 44 6.17854
8 45 8.85406
8 46 7.5496
8 47 0.67274
8 48 1.91713
8 49 2.89209
8 50 6.06961
8 51 8.59542
8 52 6.56626
8 53 7.06069
8 54 0.72926
8 55 2.91048
8 56 3.03578
8 57 8.47469
8 58 5.22456
8 59 3.23742
8 60 1.6491
8 61 8.36591
8 62 5.99971
8 63 3.21983
8 64 3.69093
8 65 7.77719
8 66 2.33673
8 67 6.46296
8 68 8.50641
8 69 8.07324
8 70 0.57455
8 71 4.99929
8 72 6.81018
8 73 4.19951
8 74 5.43252
8 75 1.76197
8 76 8.37997
8 77 4.0038
8 78 0.27512
8 79 0.41004
8 80 7.17192
8 81 2.87156
8 82 0.16444
8 83 0.01802
8 84 8.26972
8 85 5.62172
8 86 7.14499
8 87 3.63199
8 88 0.61847
8 89 6.58986
8 90 0.87522
8 91 0.07045
8 92 0.70619
8 93 6.88689
8 94 2.9828
8 95 3.36238
8 96 3.24252
8 97 2.15472
8 98 7.44231
8 99 7.40968
9 10 0.09843
9 11 6.33445
9 12 0.29028
9 13 1.66967
9 14 7.84552
9 15 3.07712
9 16 4.27349
9 17 2.8948
9 18 6.8709
9 19 5.49812
9 20 0.18789
9 21 1.72619
9 22 4.21165
9 23 3.79541
9 24 3.55747
9 25 5.7235
9 26 1.13969
9 27 0.13697
9 28 2.09809
9 29 5.30903
9 30 8.27199
9 31 1.56134
9 32 0.27772
9 33 0.69228
9 34 4.21826
9 35 5.75231
9 36 5.45903
9 37 0.55359
9 38 7.96028
9 39 4.58849
9 40 0.37913
9 41 8.65085
9 42 6.7611
9 43 1.92896
9 44 5.27533
9 45 3.34527
9 46 3.32714
9 47 6.63603
9 48 1.46298
9 49 7.6857
9 50 4.03324
9 51 3.08032
9 52 0.87743
9 53 0.23508
9 54 0.16081
9 55 1.6434
9 56 6.27511
9 57 7.84652
9 58 7.52723
9 59 2.03499
9 60 3.20957
9 61 0.44953
9 62 7.93084
9 63 6.3524
9 64 4.91799
9 65 4.67631
9 66 3.40082
9 67 8.53805
9 68 6.79163
9 69 4.3547
9 70 7.71397
9 71 2.34293
9 72 4.33828
9 73 3.42763
9 74 1.58976
9 75 7.83311
9 76 2.05377
9 77 2.56905
9 78 3.31321
9 79 5.746
9 80 5.09163
9 81 5.70419
9 82 0.64022
9 83 3.50404
9 84 5.72795
9 85 7.19451
9 86 1.8075
9 87 1.40325
9 88 0.13613
9 89 1.35208
9 90 8.46592
9 91 8.06366
9 92 5.10671
9 93 5.43194
9 94 7.549
9 95 1.36042
9 96 6.16434
9 97 8.07725
9 98 6.17582
9 99 4.94242
10 11 1.33578
10 12 7.35556
10 13 3.70062
10 14 7.27859
10 15 1.58311
10 16 3.41448
10 17 4.52998
10 18 2.68024
10 19 5.9376
10 20 8.1901
10 21 5.39919
10 22 3.49533
10 23 4.8736
10 24 2.55239
10 25 0.25578
10 26 8.43893
10 27 0.1035
10 28 3.40662
10 29 3.75911
10 30 4.06733
10 31 3.12181
10 32 0.96056
10 33 5.13045
10 34 3.32062
10 35 0.7949
10 36 4.39214
10 37 3.383
10 38 5.00211
10 39 8.7371
10 40 6.84259
10 41 8.166
10 42 2.79912
10 43 2.05575
10 44 8.961
10 45 6.91209
10 46 5.84019
10 47 8.05425
10 48 2.74278
10 49 3.29152
10 50 4.41948
10 51 8.35772
10 52 6.84122
10 53 5.48525
10 54 7.43347
10 55 2.25326
10 56 0.30124
10 57 0.3212
10 58 8.99856
10 59 7.14865
10 60 6.6566
10 61 5.61912
10 62 7.23625
10 63 2.88967
10 64 6.32455
10 65 7.05172
10 66 5.09114
10 67 2.59599
10 68 4.23423
10 69 5.95649
10 70 1.10953
10 71 8.32154
10 72 8.77277
10 73 8.9778
10 74 3.693
10 75 6.41956
10 76 2.8802
10 77 6.47391
10 78 6.71906
10 79 7.39478
10 80 4.47951
10 81 7.05469
10 82 4.22133
10 83 8.72729
10 84 4.45216
10 85 0.74497
10 86 3.09917
10 87 3.10363
10 88 5.50931
10 89 2.51898
10 90 3.261
10 91 5.73377
10 92 7.25471
10 93 6.30559
10 94 4.68893
10 95 4.88929
10 96 1.3111
10 97 1.48134
10 98 5.00805
10 99 2.64872
11 12 8.67115
11 13 2.86125
11 14 6.44796
11 15 2.31101
11 16 3.01582
11 17 4.828
11 18 6.00358
11 19 4.70349
11 20 0.32616
11 21 6.0329
11 22 5.04821
11 23 2.68087
11 24 6.76989
11 25 1.61577
11 26 8.5874
11 27 8.79483
11 28 6.06733
11 29 4.41739
11 30 2.76852
11 31 2.31168
11 32 8.04624
11 33 2.71934
11 34 8.74959
11 35 4.74254
11 36 7.98122
11 37 3.26079
11 38 8.87883
11 39 3.8266
11 40 0.98196
11 41 5.41002
11 42 0.37767
11 43 5.72877
11 44 0.28573
11 45 6.73719
11 46 6.52729
11 47 4.74133
11 48 5.77723
11 49 2.38611
11 50 0.79193
11 51 4.86561
11 52 6.12473
11 53 5.54484
11 54 1.87785
11 55 2.34892
11 56 8.94275
11 57 3.35593
11 58 3.64385
11 59 1.66844
11 60 6.7558
11 61 0.21036
11 62 1.82231
11 63 3.82652
11 64 5.3343
11 65 4.97287
11 66 4.22721
11 67 2.35157
11 68 3.04662
11 69 0.4528
11 70 7.56134
11 71 0.25157
11 72 5.17992
11 73 1.05452
11 74 7.35494
11 75 5.51682
11 76 0.78716
11 77 1.95242
11 78 1.95105
11 79 0.26887
11 80 6.05025
11 81 1.90101
11 82 1.87149
11 83 0.31688
11 84 4.02316
11 85 2.39619
11 86 7.11551
11 87 2.97874
11 88 5.51345
11 89 5.31354
11 90 5.90376
11 91 8.64377
11 92 2.309
11 93 7.73695
11 94 6.1709
11 95 3.31083
11 96 3.39039
11 97 3.48035
11 98 1.6022
11 99 2.32647
12 13 7.68208
12 14 7.93941
12 15 6.81055
12 16 4.79102
12 17 3.60259
12 18 2.34684
12 19 5.84878
12 20 1.29535
12 21 0.00984
12 22 3.26459
12 23 2.77934
12 24 7.54553
12 25 2.33194
12 26 8.70217
12 27 1.28499
12 28 7.15143
12 29 1.77011
12 30 8.48021
12 31 7.71546
12 32 6.45959
12 33 3.52319
12 34 6.85957
12 35 2.87886
12 36 2.38964
12 37 8.02489
12 38 7.60902
12 39 6.57685
12 40 6.13374
12 41 3.01434
12 42 1.86868
12 43 1.7281
12 44 5.05608
12 45 2.70965
12 46 8.99271
12 47 0.9674
12 48 5.60083
12 49 5.79915
12 50 2.98736
12 51 1.92192
12 52 8.67288
12 53 5.28165
12 54 4.70276
12 55 1.72236
12 56 6.60173
12 57 0.37653
12 58 4.59889
12 59 0.75496
12 60 3.92931
12 61 3.72457
12 62 5.46465
12 63 8.72371
12 64 2.29717
12 65 8.24539
12 66 1.39339
12 67 2.70213
12 68 3.71515
12 69 4.10495
12 70 8.85343
12 71 2.17357
12 72 1.75778
12 73 0.85147
12 74 2.62204
12 75 1.48071
12 76 1.92169
12 77 1.38561
12 78 7.8003
12 79 6.25448
12 80 6.60607
12 81 5.66491
12 82 7.45134
12 83 4.18154
12 84 5.92436
12 85 2.31989
12 86 2.60437
12 87 2.41634
12 88 5.3939
12 89 3.0761
12 90 1.38337
12 91 7.46961
12 92 1.6274
12 93 4.90672
12 94 0.31142
12 95 8.82639
12 96 8.31547
12 97 5.9907
12 98 3.60032
12 99 5.54697
13 14 5.85648
13 15 6.29898
13 16 3.79214
13 17 6.86008
13 18 5.18656
13 19 4.91628
13 20 0.36571
13 21 5.02046
13 22 8.57733
13 23 6.69107
13 24 3.83186
13 25 4.06044
13 26 0.26265
13 27 2.15066
13 28 2.16096
13 29 2.37658
13 30 4.78223
13 31 7.88187
13 32 4.78072
13 33 3.38579
13 34 0.01058
13 35 0.51478
13 36 1.66882
13 37 8.22004
13 38 0.50377
13 39 1.92419
13 40 7.986
13 41 4.21607
13 42 5.63547
13 43 3.07894
13 44 5.55127
13 45 5.64702
13 46 8.40329
13 47 8.1795
13 48 5.49703
13 49 6.42762
13 50 5.10036
13 51 2.90241
13 52 7.40102
13 53 8.39183
13 54 4.11686
13 55 5.54136
13 56 0.02059
13 57 2.14148
13 58 5.43979
13 59 8.82036
13 60 7.81346
13 61 8.67707
13 62 6.91668
13 63 5.08717
13 64 4.94131
13 65 1.51441
13 66 7.06553
13 67 6.34249
13 68 5.02391
13 69 7.5364
13 70 2.71589
13 71 8.16355
13 72 2.81792
13 73 8.8471
13 74 2.48636
13 75 6.08729
13 76 0.04678
13 77 3.03234
13 78 6.88055
13 79 0.52705
13 80 4.48819
13 81 4.16002
13 82 4.16856
13 83 7.99291
13 84 6.59497
13 85 4.21717
13 86 3.03564
13 87 5.47061
13 88 4.4446
13 89 2.64143
13 90 6.52361
13 91 3.8401
13 92 0.70293
13 93 6.22378
13 94 6.54432
13 95 2.32455
13 96 4.50769
13 97 7.14792
13 98 0.44375
13 99 2.15996
14 15 1.05696
14 16 6.49068
14 17 3.71351
14 18 7.18601
14 19 7.62164
14 20 6.32641
14 21 4.38894
14 22 3.60895
14 23 3.71008
14 24 8.97812
14 25 3.94193
14 26 4.38486
14 27 0.65427
14 28 3.03701
14 29 5.8105
14 30 3.38927
14 31 1.54932
14 32 4.19595
14 33 2.36741
14 34 8.22959
14 35 0.48277
14 36 4.58792
14 37 2.25402
14 38 0.72301
14 39 7.61167
14 40 6.86535
14 41 8.16921
14 42 4.19566
14 43 3.80228
14 44 1.79858
14 45 7.47907
14 46 7.53961
14 47 6.76861
14 48 2.24108
14 49 0.02569
14 50 0.87852
14 51 8.34775
14 52 6.11003
14 53 7.71304
14 54 8.86495
14 55 3.41246
14 56 1.60517
14 57 2.74146
14 58 5.36117
14 59 4.21959
14 60 0.0511
14 61 3.37058
14 62 7.80315
14 63 2.0096
14 64 2.9602
14 65 8.41845
14 66 8.055
14 67 3.99179
14 68 4.06086
14 69 2.7837
14 70 5.60252
14 71 5.23509
14 72 4.07091
14 73 4.36262
14 74 0.2137
14 75 1.36222
14 76 5.6106
14 77 1.75009
14 78 5.41723
14 79 0.38177
14 80 8.00005
14 81 6.05757
14 82 4.3438
14 83 5.2251
14 84 4.72025
14 85 5.95992
14 86 7.13139
14 87 8.0578
14 88 6.29436
14 89 0.63716
14 90 8.72549
14 91 0.62488
14 92 5.97486
14 93 3.74635
14 94 1.40714
14 95 6.94336
14 96 1.7314
14 97 4.71559
14 98 2.06584
14 99 7.95146
15 16 3.37768
15 17 6.57615
15 18 3.32353
15 19 0.99056
15 20 6.51576
15 21 8.39267
15 22 0.84286
15 23 4.31584
15 24 6.51693
15 25 0.3652
15 26 3.23675
15 27 5.20024
15 28 6.40184
15 29 6.37018
15 30 5.80897
15 31 5.96753
15 32 1.28073
15 33 2.67969
15 34 6.41008
15 35 4.65175
15 36 4.10118
15 37 3.06437
15 38 6.68878
15 39 6.15821
15 40 3.98787
15 41 8.45598
15 42 4.99021
15 43 8.68671
15 44 3.42303
15 45 6.90814
15 46 3.38179
15 47 5.05271
15 48 5.58186
15 49 2.10824
15 50 7.52489
15 51 2.00967
15 52 1.96398
15 53 0.17185
15 54 7.61003
15 55 1.00672
15 56 2.18599
15 57 6.22375
15 58 0.89327
15 59 2.60503
15 60 4.83909
15 61 1.91489
15 62 7.93217
15 63 3.06646
15 64 4.14092
15 65 1.92279
15 66 3.9928
15 67 5.34981
15 68 5.74279
15 69 7.58839
15 70 7.06904
15 71 0.59495
15 72 1.97894
15 73 3.22908
15 74 0.45758
15 75 2.37271
15 76 5.27603
15 77 7.95127
15 78 3.54373
15 79 3.55072
15 80 4.17318
15 81 7.63449
15 82 5.2734
15 83 3.00791
15 84 0.82455
15 85 8.08037
15 86 2.59959
15 87 1.21433
15 88 1.52693
15 89 6.03292
15 90 7.94663
15 91 8.33306
15 92 1.92557
15 93 3.81607
15 94 1.37177
15 95 4.53591
15 96 3.58327
15 97 8.12019
15 98 2.29204
15 99 8.69687
16 17 6.07708
16 18 3.19038
16 19 8.07147
16 20 6.86781
16 21 5.32434
16 22 1.13243
16 23 2.09156
16 24 2.99675
16 25 2.29221
16 26 7.03991
16 27 0.82321
16 28 7.42036
16 29 0.96406
16 30 7.05193
16 31 1.35144
16 32 0.48625
16 33 6.89133
16 34 2.76313
16 35 5.44759
16 36 8.55947
16 37 2.37043
16 38 1.87126
16 39 6.87978
16 40 2.58307
16 41 5.51397
16 42 7.52218
16 43 1.64744
16 44 7.3219
16 45 3.10091
16 46 4.66619
16 47 4.62739
16 48 7.24306
16 49 0.27313
16 50 0.0333
16 51 4.69886
16 52 1.88471
16 53 7.26034
16 54 8.73511
16 55 1.13572
16 56 0.34559
16 57 6.83684
16 58 0.56909
16 59 2.09296
16 60 0.27086
16 61 7.04181
16 62 6.72541
16 63 8.58554
16 64 8.20812
16 65 6.26452
16 66 8.52209
16 67 6.21349
16 68 2.0402
16 69 3.20603
16 70 5.52136
16 71 6.71298
16 72 2.14823
16 73 6.27717
16 74 7.54116
16 75 2.04719
16 76 6.55318
16 77 5.64895
16 78 1.47827
16 79 2.94764
16 80 2.81716
16 81 1.00467
16 82 4.86873
16 83 4.28457
16 84 7.78241
16 85 5.94376
16 86 1.48383
16 87 1.19241
16 88 7.97569
16 89 0.62857
16 90 1.46805
16 91 1.13384
16 92 8.07151
16 93 1.11545
16 94 8.24981
16 95 2.12303
16 96 5.01358
16 97 7.21042
16 98 3.01287
16 99 2.09301
17 18 1.44688
17 19 7.40073
17 20 2.41909
17 21 5.62236
17 22 8.14558
17 23 1.3855
17 24 5.5512
17 25 6.84219
17 26 3.74504
17 27 1.49088
17 28 7.71706
17 29 0.40641
17 30 5.03864
17 31 7.27816
17 32 7.29057
17 33 3.83259
17 34 7.15786
17 35 1.95463
17 36 7.3863
17 37 2.69729
17 38 4.59532
17 39 1.73074
17 40 7.43145
17 41 8.43109
17 42 6.78453
17 43 3.77587
17 44 6.6166
17 45 5.86446
17 46 2.67444
17 47 5.9529
17 48 7.68218
17 49 3.64023
17 50 2.58047
17 51 4.10067
17 52 1.94658
17 53 4.08573
17 54 2.72498
17 55 1.43164
17 56 3.77185
17 57 5.41858
17 58 6.94152
17 59 0.66739
17 60 3.24349
17 61 5.0705
17 62 1.13903
17 63 5.3338
17 64 3.86326
17 65 5.14791
17 66 6.214
17 67 6.11957
17 68 5.70909
17 69 6.5093
17 70 7.45006
17 71 0.24912
17 72 5.84938
17 73 4.74032
17 74 2.44986
17 75 3.59444
17 76 0.03333
17 77 0.1319
17 78 1.27512
17 79 2.06511
17 80 2.15496
17 81 3.19617
17 82 4.59356
17 83 5.34621
17 84 4.57333
17 85 2.02668
17 86 5.56401
17 87 6.37939
17 88 5.77776
17 89 4.00857
17 90 3.48858
17 91 1.15527
17 92 7.506
17 93 4.51342
17 94 6.91369
17 95 4.89407
17 96 8.81463
17 97 5.81152
17 98 0.58633
17 99 4.66148
18 19 7.91131
18 20 8.98574
18 21 0.74215
18 22 4.2203
18 23 1.00621
18 24 8.40936
18 25 5.81604
18 26 4.6706
18 27 2.05476
18 28 6.20247
18 29 0.19427
18 30 7.49537
18 31 0.48104
18 32 7.48683
18 33 5.90126
18 34 2.46584
18 35 8.14471
18 36 1.59724
18 37 4.76644
18 38 3.62427
18 39 6.60556
18 40 6.15249
18 41 3.66554
18 42 0.71115
18 43 3.16409
18 44 6.86949
18 45 7.65004
18 46 7.32403
18 47 1.39474
18 48 2.38074
18 49 7.19238
18 50 4.26864
18 51 2.55661
18 52 6.96281
18 53 2.20465
18 54 7.01521
18 55 2.97912
18 56 7.79376
18 57 2.42935
18 58 7.0139
18 59 3.53479
18 60 2.32587
18 61 2.01139
18 62 0.94716
18 63 8.06949
18 64 2.30534
18 65 4.44383
18 66 1.55238
18 67 4.41661
18 68 6.63877
18 69 8.5668
18 70 1.78013
18 71 8.14584
18 72 6.47902
18 73 3.47072
18 74 6.56858
18 75 8.46933
18 76 0.48319
18 77 2.96693
18 78 0.07656
18 79 6.24816
18 80 2.83856
18 81 5.38851
18 82 8.6663
18 83 7.30757
18 84 7.63449
18 85 0.02087
18 86 1.91945
18 87 5.5204
18 88 2.87336
18 89 7.58945
18 90 5.63425
18 91 4.62562
18 92 0.07822
18 93 6.5023
18 94 5.77347
18 95 3.35338
18 96 0.62563
18 97 5.65817
18 98 0.17368
18 99 7.82108
19 20 8.68641
19 21 8.17917
19 22 5.59545
19 23 0.91919
19 24 2.14866
19 25 1.19543
19 26 0.98954
19 27 1.59041
19 28 1.03215
19 29 5.43583
19 30 0.02874
19 31 5.58315
19 32 8.85722
19 33 5.79171
19 34 0.2016
19 35 3.77096
19 36 0.06718
19 37 3.7908
19 38 7.07786
19 39 4.71344
19 40 8.60473
19 41 0.6099
19 42 4.98507
19 43 0.39318
19 44 5.71573
19 45 6.42657
19 46 3.45875
19 47 3.8469
19 48 4.80216
19 49 8.29909
19 50 2.72739
19 51 4.46862
19 52 2.33488
19 53 0.36915
19 54 7.31664
19 55 4.58483
19 56 4.27226
19 57 5.68702
19 58 7.80438
19 59 0.28584
19 60 3.9031
19 61 2.88586
19 62 6.06848
19 63 0.06549
19 64 5.54586
19 65 6.35105
19 66 2.28638
19 67 3.93673
19 68 5.46803
19 69 7.19594
19 70 7.88065
19 71 0.58841
19 72 4.93751
19 73 5.67925
19 74 8.97174
19 75 8.87471
19 76 0.9501
19 77 1.08387
19 78 2.38963
19 79 4.15453
19 80 4.62487
19 81 5.75569
19 82 1.28422
19 83 2.01351
19 84 1.92523
19 85 6.39356
19 86 3.94722
19 87 2.53114
19 88 2.47948
19 89 4.79678
19 90 3.62913
19 91 7.64966
19 92 0.17057
19 93 7.38742
19 94 4.81602
19 95 1.66553
19 96 7.48527
19 97 8.54034
19 98 8.10469
19 99 2.79956
20 21 1.75923
20 22 5.17502
20 23 7.17873
20 24 8.69021
20 25 6.83161
20 26 7.88977
20 27 5.35229
20 28 6.279
20 29 6.82603
20 30 4.0242
20 31 7.78467
20 32 6.63323
20 33 8.01042
20 34 7.86229
20 35 4.50155
20 36 6.44276
20 37 3.87243
20 38 8.31192
20 39 5.40901
20 40 3.96597
20 41 4.32483
20 42 5.30408
20 43 2.04199
20 44 1.86983
20 45 3.97541
20 46 4.32244
20 47 3.06433
20 48 3.46225
20 49 2.9708
20 50 8.00207
20 51 6.04809
20 52 8.86276
20 53 6.6325
20 54 7.72102
20 55 4.38718
20 56 0.96712
20 57 3.39916
20 58 7.06536
20 59 6.93242
20 60 8.18988
20 61 7.59476
20 62 4.60015
20 63 5.39881
20 64 6.89447
20 65 8.46347
20 66 0.01835
20 67 2.64223
20 68 7.86626
20 69 3.384
20 70 6.94068
20 71 6.447
20 72 6.22314
20 73 5.11089
20 74 7.99043
20 75 1.09027
20 76 3.96781
20 77 1.51844
20 78 6.8234
20 79 8.35312
20 80 8.50769
20 81 2.9621
20 82 6.82013
20 83 6.01088
20 84 7.79849
20 85 0.0954
20 86 3.92788
20 87 3.61397
20 88 6.27433
20 89 5.71021
20 90 4.31426
20 91 4.8123
20 92 3.21919
20 93 1.41823
20 94 3.82714
20 95 4.10359
20 96 1.15002
20 97 4.07945
20 98 2.4218
20 99 8.67752
21 22 4.83087
21 23 0.44844
21 24 3.70193
21 25 6.096
21 26 0.0259
21 27 7.71447
21 28 6.73638
21 29 8.62588
21 30 1.64717
21 31 6.69042
21 32 2.23586
21 33 6.811
21 34 0.26824
21 35 6.65643
21 36 5.56211
21 37 5.45587
21 38 4.46793
21 39 7.3965
21 40 0.29221
21 41 8.35822
21 42 0.65899
21 43 4.14014
21 44 1.8528
21 45 2.77509
21 46 7.17798
21 47 8.44542
21 48 1.85012
21 49 0.72204
21 50 6.28483
21 51 7.65685
21 52 1.2552
21 53 2.27057
21 54 3.23706
21 55 2.37844
21 56 8.0968
21 57 5.11786
21 58 2.21822
21 59 4.43577
21 60 7.85708
21 61 3.64335
21 62 2.64332
21 63 8.99264
21 64 2.72236
21 65 5.30294
21 66 7.2729
21 67 0.08387
21 68 0.00605
21 69 2.21163
21 70 0.42455
21 71 1.3347
21 72 7.93112
21 73 0.20191
21 74 0.04829
21 75 3.49688
21 76 0.3246
21 77 1.36288
21 78 1.24558
21 79 1.45558
21 80 1.00289
21 81 4.56782
21 82 5.1823
21 83 2.75869
21 84 3.75476
21 85 0.15905
21 86 7.02204
21 87 1.30674
21 88 5.87188
21 89 1.90391
21 90 6.21595
21 91 8.75864
21 92 8.32829
21 93 5.78279
21 94 5.51502
21 95 6.05452
21 96 8.16703
21 97 0.77187
21 98 4.82722
21 99 3.40843
22 23 5.31337
22 24 3.65512
22 25 1.26765
22 26 0.12285
22 27 4.124
22 28 0.13065
22 29 5.14319
22 30 3.4128
22 31 7.03023
22 32 2.67319
22 33 6.02555
22 34 7.97329
22 35 4.48087
22 36 8.73273
22 37 3.74128
22 38 0.96854
22 39 6.15619
22 40 3.87779
22 41 8.21141
22 42 1.26387
22 43 5.80225
22 44 8.98456
22 45 5.33449
22 46 1.38501
22 47 2.52326
22 48 4.43698
22 49 4.26804
22 50 6.30278
22 51 1.57907
22 52 2.95904
22 53 8.88719
22 54 6.08452
22 55 8.42216
22 56 6.14712
22 57 4.19744
22 58 6.57798
22 59 5.71281
22 60 2.50729
22 61 8.60173
22 62 6.90331
22 63 1.68768
22 64 2.94936
22 65 6.44446
22 66 6.84514
22 67 4.74121
22 68 5.30276
22 69 1.65123
22 70 4.26074
22 71 6.20975
22 72 4.50378
22 73 2.88707
22 74 6.10418
22 75 7.16767
22 76 1.85873
22 77 7.56688
22 78 1.30705
22 79 6.30596
22 80 4.77715
22 81 5.17315
22 82 2.39096
22 83 2.62578
22 84 2.89548
22 85 4.35553
22 86 3.11236
22 87 0.09502
22 88 8.89645
22 89 8.23846
22 90 0.4696
22 91 7.52607
22 92 0.01911
22 93 5.32518
22 94 6.17316
22 95 4.56514
22 96 2.98721
22 97 2.1444
22 98 3.07328
22 99 3.45218
23 24 6.27946
23 25 2.51688
23 26 2.8073
23 27 6.82644
23 28 3.93114
23 29 0.72303
23 30 0.83533
23 31 6.93865
23 32 0.89153
23 33 2.84896
23 34 0.60569
23 35 0.73471
23 36 2.66071
23 37 6.71614
23 38 5.36091
23 39 8.55447
23 40 7.83982
23 41 4.40427
23 42 6.56421
23 43 6.56104
23 44 5.5721
23 45 4.03976
23 46 5.14584
23 47 2.15952
23 48 3.37904
23 49 1.15674
23 50 4.44619
23 51 6.03761
23 52 7.48567
23 53 0.99962
23 54 3.51212
23 55 2.50946
23 56 2.02822
23 57 2.82845
23 58 8.63941
23 59 2.21214
23 60 0.70276
23 61 5.43364
23 62 4.71163
23 63 7.01655
23 64 2.08562
23 65 0.95847
23 66 8.92244
23 67 1.66184
23 68 8.61791
23 69 0.13223
23 70 8.38314
23 71 5.54744
23 72 3.35182
23 73 3.64514
23 74 4.88117
23 75 3.14725
23 76 8.35349
23 77 5.86177
23 78 4.95492
23 79 6.19146
23 80 7.76656
23 81 8.89875
23 82 8.31258
23 83 8.59938
23 84 2.90645
23 85 8.41893
23 86 4.79663
23 87 3.10137
23 88 8.38298
23 89 3.71987
23 90 8.56988
23 91 1.63204
23 92 4.59438
23 93 4.26324
23 94 2.61736
23 95 0.13131
23 96 1.23739
23 97 5.05011
23 98 4.65185
23 99 2.96114
24 25 5.61188
24 26 7.39777
24 27 0.56852
24 28 2.62529
24 29 6.05876
24 30 1.59652
24 31 6.37134
24 32 2.87384
24 33 8.16281
24 34 1.68589
24 35 0.39426
24 36 4.0704
24 37 7.99959
24 38 0.40943
24 39 0.83748
24 40 7.71525
24 41 8.95196
24 42 8.93255
24 43 1.25477
24 44 1.02909
24 45 1.78645
24 46 5.26248
24 47 7.3899
24 48 7.10455
24 49 2.59389
24 50 5.53577
24 51 6.34862
24 52 3.16596
24 53 0.11604
24 54 8.24152
24 55 1.4141
24 56 8.74693
24 57 6.66709
24 58 2.57916
24 59 5.92485
24 60 5.70367
24 61 8.18885
24 62 1.82381
24 63 7.19781
24 64 3.09955
24 65 7.97768
24 66 0.33563
24 67 4.59927
24 68 3.09663
24 69 2.53969
24 70 6.22778
24 71 3.15053
24 72 8.14917
24 73 0.95171
24 74 0.93644
24 75 1.32829
24 76 6.72293
24 77 8.80947
24 78 6.86063
24 79 3.59431
24 80 6.36696
24 81 2.77828
24 82 4.08686
24 83 0.92125
24 84 0.08957
24 85 4.66029
24 86 8.37614
24 87 0.3361
24 88 4.66784
24 89 3.06554
24 90 8.28276
24 91 4.05551
24 92 8.17487
24 93 6.40857
24 94 8.47672
24 95 2.52388
24 96 6.29583
24 97 4.14247
24 98 6.38878
24 99 2.31044
25 26 5.63386
25 27 8.05292
25 28 6.34117
25 29 5.33
25 30 4.05684
25 31 5.16532
25 32 0.5103
25 33 3.14693
25 34 0.37902
25 35 3.63686
25 36 8.68354
25 37 2.37076
25 38 6.59032
25 39 4.33031
25 40 5.23661
25 41 3.82258
25 42 6.84771
25 43 3.75249
25 44 4.73349
25 45 4.19737
25 46 5.56248
25 47 0.62455
25 48 5.59961
25 49 4.72561
25 50 8.84765
25 51 8.32949
25 52 0.84521
25 53 6.30052
25 54 2.24698
25 55 4.33202
25 56 8.04955
25 57 6.9451
25 58 7.19543
25 59 7.35501
25 60 3.3349
25 61 0.74146
25 62 6.29556
25 63 4.18916
25 64 4.58682
25 65 8.5295
25 66 5.59401
25 67 8.65551
25 68 4.46698
25 69 4.42528
25 70 8.82743
25 71 4.22424
25 72 0.18793
25 73 5.86285
25 74 5.64056
25 75 4.86031
25 76 4.62232
25 77 0.99095
25 78 4.12718
25 79 4.84771
25 80 1.22614
25 81 5.12409
25 82 1.59533
25 83 5.91983
25 84 1.35439
25 85 2.64538
25 86 4.71901
25 87 7.08527
25 88 7.22246
25 89 3.18632
25 90 1.05771
25 91 0.25007
25 92 7.06754
25 93 0.26825
25 94 7.55358
25 95 1.36161
25 96 0.77478
25 97 0.34374
25 98 6.58472
25 99 0.42332
26 27 2.69428
26 28 4.82192
26 29 4.29459
26 30 2.68404
26 31 8.84816
26 32 0.18511
26 33 7.57899
26 34 1.97933
26 35 2.72655
26 36 4.92118
26 37 8.00778
26 38 2.12269
26 39 6.5109
26 40 1.9712
26 41 0.37571
26 42 5.04239
26 43 0.93539
26 44 3.94215
26 45 5.96306
26 46 6.36083
26 47 2.61931
26 48 2.36373
26 49 5.65866
26 50 4.85189
26 51 1.88287
26 52 4.86368
26 53 7.01264
26 54 1.05901
26 55 1.70222
26 56 0.85529
26 57 4.96943
26 58 0.11135
26 59 5.01358
26 60 4.5714
26 61 0.10802
26 62 1.61806
26 63 7.11641
26 64 5.17718
26 65 1.42422
26 66 8.52859
26 67 2.47511
26 68 1.08629
26 69 7.86086
26 70 2.55666
26 71 0.15304
26 72 2.33482
26 73 4.99633
26 74 4.84386
26 75 3.28244
26 76 8.17746
26 77 2.37734
26 78 0.22645
26 79 0.70624
26 80 8.39284
26 81 8.88205
26 82 1.43247
26 83 4.52454
26 84 2.79372
26 85 6.29372
26 86 7.64388
26 87 7.43603
26 88 1.77522
26 89 7.30208
26 90 8.32451
26 91 2.23382
26 92 4.91676
26 93 7.1822
26 94 1.92801
26 95 6.98388
26 96 6.86224
26 97 1.03841
26 98 2.25788
26 99 8.5133
27 28 5.8352
27 29 4.09284
27 30 7.25113
27 31 7.73094
27 32 6.82985
27 33 7.84835
27 34 3.05972
27 35 7.98057
27 36 2.67953
27 37 3.73058
27 38 7.44697
27 39 1.73671
27 40 8.62687
27 41 6.76694
27 42 1.13983
27 43 6.91615
27 44 8.22344
27 45 5.10415
27 46 1.4706
27 47 1.4196
27 48 0.84073
27 49 0.4354
27 50 1.23571
27 51 1.09646
27 52 2.34721
27 53 8.36886
27 54 3.41958
27 55 1.13753
27 56 7.91331
27 57 6.40636
27 58 0.86072
27 59 6.40417
27 60 5.60456
27 61 0.25613
27 62 7.2347
27 63 0.05531
27 64 0.99593
27 65 7.86136
27 66 6.63237
27 67 5.70678
27 68 6.8048
27 69 1.62603
27 70 6.47524
27 71 1.40317
27 72 1.83672
27 73 7.56768
27 74 4.5206
27 75 6.50638
27 76 1.88763
27 77 8.93716
27 78 1.18851
27 79 2.88565
27 80 7.91124
27 81 5.973
27 82 3.28811
27 83 0.20873
27 84 8.22351
27 85 1.67216
27 86 5.83927
27 87 7.76718
27 88 5.78177
27 89 1.78569
27 90 0.26191
27 91 1.00483
27 92 7.4294
27 93 6.15322
27 94 3.82145
27 95 7.13834
27 96 2.95841
27 97 5.89562
27 98 0.83418
27 99 7.16403
28 29 2.85686
28 30 4.29531
28 31 5.1911
28 32 1.34694
28 33 1.19612
28 34 0.2087
28 35 4.45723
28 36 4.277
28 37 3.3847
28 38 2.76948
28 39 1.8234
28 40 3.94033
28 41 5.17426
28 42 5.65252
28 43 4.80571
28 44 7.5219
28 45 5.39036
28 46 2.47968
28 47 8.84362
28 48 3.54951
28 49 0.04082
28 50 2.25351
28 51 5.96177
28 52 2.87045
28 53 1.55146
28 54 3.95121
28 55 7.5219
28 56 0.47784
28 57 4.2085
28 58 4.39299
28 59 2.74003
28 60 0.45823
28 61 1.80439
28 62 3.10379
28 63 3.32511
28 64 1.3937
28 65 0.1469
28 66 6.53391
28 67 8.01766
28 68 2.38007
28 69 5.51136
28 70 0.69025
28 71 4.45252
28 72 4.847
28 73 6.71877
28 74 4.38363
28 75 4.1457
28 76 3.05743
28 77 7.26987
28 78 6.13741
28 79 4.11062
28 80 1.40555
28 81 8.35266
28 82 6.23705
28 83 4.59137
28 84 7.02958
28 85 1.01694
28 86 7.9764
28 87 7.45883
28 88 4.58614
28 89 6.17247
28 90 6.04726
28 91 6.65317
28 92 6.00846
28 93 4.78075
28 94 5.76343
28 95 7.76451
28 96 2.54964
28 97 6.8064
28 98 4.24759
28 99 2.0743
29 30 7.70917
29 31 7.68669
29 32 0.08617
29 33 2.5341
29 34 6.55336
29 35 0.21834
29 36 4.92983
29 37 0.75947
29 38 6.01687
29 39 0.27908
29 40 3.28524
29 41 4.10008
29 42 0.14446
29 43 4.82761
29 44 0.66743
29 45 5.7106
29 46 1.54692
29 47 8.12695
29 48 3.55906
29 49 3.60171
29 50 8.40882
29 51 7.02916
29 52 0.43759
29 53 4.71533
29 54 8.74968
29 55 1.41558
29 56 0.9702
29 57 3.55127
29 58 7.45427
29 59 2.15335
29 60 5.92017
29 61 6.54531
29 62 7.30014
29 63 3.40625
29 64 5.4164
29 65 0.57355
29 66 5.68442
29 67 0.42575
29 68 7.07872
29 69 3.77881
29 70 6.35275
29 71 6.20712
29 72 7.45477
29 73 2.41077
29 74 7.00681
29 75 1.33074
29 76 3.4771
29 77 1.05594
29 78 2.60733
29 79 3.04646
29 80 4.99368
29 81 5.31398
29 82 1.76763
29 83 8.0238
29 84 1.84628
29 85 4.14439
29 86 7.84746
29 87 5.91284
29 88 2.53257
29 89 5.38251
29 90 6.28164
29 91 0.01918
29 92 3.22207
29 93 0.96625
29 94 0.54553
29 95 1.14041
29 96 4.32623
29 97 6.4591
29 98 2.89058
29 99 0.5183
30 31 0.53656
30 32 7.56906
30 33 2.0806
30 34 4.99054
30 35 7.56457
30 36 2.97454
30 37 5.80829
30 38 8.82269
30 39 4.09071
30 40 7.56329
30 41 7.09148
30 42 0.38419
30 43 7.75594
30 44 7.78847
30 45 8.50502
30 46 1.25361
30 47 3.95795
30 48 4.19477
30 49 7.36649
30 50 6.88966
30 51 1.34104
30 52 2.58381
30 53 5.18518
30 54 7.97553
30 55 5.16417
30 56 7.49525
30 57 1.97779
30 58 7.18941
30 59 2.75691
30 60 5.08719
30 61 0.22449
30 62 1.97964
30 63 0.83258
30 64 2.54613
30 65 6.27046
30 66 4.27172
30 67 6.22163
30 68 7.12479
30 69 2.96263
30 70 8.83688
30 71 8.24835
30 72 1.21173
30 73 4.69551
30 74 0.41507
30 75 6.0898
30 76 8.45478
30 77 3.70812
30 78 6.77044
30 79 5.8712
30 80 6.0273
30 81 6.72163
30 82 2.45126
30 83 6.91341
30 84 6.76497
30 85 0.14449
30 86 5.51057
30 87 4.62045
30 88 8.09649
30 89 5.86357
30 90 7.81133
30 91 5.31329
30 92 4.27217
30 93 1.47067
30 94 1.73568
30 95 3.73764
30 96 8.62814
30 97 1.21138
30 98 1.15315
30 99 6.89544
31 32 5.18918
31 33 6.40466
31 34 8.89202
31 35 8.63453
31 36 6.01951
31 37 8.11025
31 38 1.19773
31 39 7.20849
31 40 1.8972
31 41 1.02126
31 42 3.03623
31 43 4.04
31 44 3.212
31 45 1.34321
31 46 6.04569
31 47 8.03641
31 48 4.35707
31 49 6.96522
31 50 0.15754
31 51 7.59898
31 52 7.51904
31 53 3.46121
31 54 8.07199
31 55 4.14718
31 56 6.77591
31 57 1.55449
31 58 8.13795
31 59 6.80118
31 60 0.99664
31 61 6.97027
31 62 7.88472
31 63 6.06198
31 64 7.24489
31 65 4.23505
31 66 0.55368
31 67 3.95455
31 68 8.10785
31 69 2.6908
31 70 4.88311
31 71 8.39223
31 72 2.82818
31 73 2.82431
31 74 8.4807
31 75 7.8729
31 76 1.42636
31 77 7.51332
31 78 3.43802
31 79 8.87445
31 80 6.13627
31 81 0.99332
31 82 0.39683
31 83 3.14879
31 84 7.1758
31 85 5.8017
31 86 6.41605
31 87 2.56095
31 88 4.06522
31 89 6.84022
31 90 1.96375
31 91 0.78564
31 92 8.97016
31 93 2.70452
31 94 3.35876
31 95 2.6215
31 96 8.54056
31 97 4.47875
31 98 1.92726
31 99 8.01121
32 33 5.82839
32 34 7.96213
32 35 8.27935
32 36 1.69908
32 37 6.50543
32 38 0.27706
32 39 7.06955
32 40 3.32707
32 41 7.61791
32 42 5.42808
32 43 3.73926
32 44 5.12597
32 45 0.57915
32 46 4.9282
32 47 2.2463
32 48 4.12974
32 49 2.39776
32 50 2.06853
32 51 0.67653
32 52 5.13283
32 53 4.21761
32 54 2.81789
32 55 1.52137
32 56 2.63567
32 57 6.21123
32 58 8.29336
32 59 5.61485
32 60 1.10149
32 61 2.85292
32 62 5.1981
32 63 0.94157
32 64 6.29649
32 65 3.71298
32 66 2.1372
32 67 8.65926
32 68 2.16904
32 69 5.07256
32 70 5.3698
32 71 7.89973
32 72 2.65704
32 73 8.69714
32 74 8.71191
32 75 3.55331
32 76 6.06032
32 77 8.11848
32 78 5.84004
32 79 5.5852
32 80 1.49964
32 81 3.70823
32 82 4.28942
32 83 8.36895
32 84 8.09385
32 85 8.93885
32 86 4.81045
32 87 5.60707
32 88 1.68949
32 89 6.48445
32 90 8.5681
32 91 4.92507
32 92 2.52113
32 93 5.21357
32 94 8.48308
32 95 6.66405
32 96 1.15269
32 97 7.57766
32 98 8.96993
32 99 6.33708
33 34 8.31821
33 35 0.10285
33 36 5.13991
33 37 4.15527
33 38 2.09782
33 39 4.14172
33 40 5.13637
33 41 2.08225
33 42 0.63421
33 43 5.08532
33 44 0.23789
33 45 6.85385
33 46 3.61884
33 47 8.7629
33 48 5.65965
33 49 0.83649
33 50 8.14608
33 51 7.09327
33 52 6.66953
33 53 6.3589
33 54 5.23555
33 55 5.1287
33 56 1.71872
33 57 1.32557
33 58 4.37445
33 59 4.83934
33 60 4.42404
33 61 4.05276
33 62 7.05426
33 63 5.51431
33 64 7.8566
33 65 6.44759
33 66 0.18128
33 67 6.25433
33 68 0.17338
33 69 4.26324
33 70 0.88617
33 71 2.9583
33 72 4.10699
33 73 2.61729
33 74 6.47483
33 75 8.46652
33 76 7.35489
33 77 6.13456
33 78 1.81131
33 79 4.14012
33 80 0.26232
33 81 7.49732
33 82 0.30346
33 83 4.47241
33 84 8.66453
33 85 3.44206
33 86 7.52405
33 87 1.63604
33 88 3.89091
33 89 5.1582
33 90 6.5457
33 91 5.55894
33 92 7.76614
33 93 7.23333
33 94 5.44734
33 95 8.91749
33 96 1.67345
33 97 3.9622
33 98 6.44676
33 99 8.53998
34 35 8.98844
34 36 7.8078
34 37 7.91224
34 38 4.75299
34 39 5.17564
34 40 1.49443
34 41 5.15314
34 42 5.22194
34 43 6.40357
34 44 3.4723
34 45 0.65851
34 46 3.23989
34 47 4.39199
34 48 5.48237
34 49 7.31338
34 50 1.9566
34 51 5.01202
34 52 1.12747
34 53 7.31721
34 54 0.90395
34 55 1.38144
34 56 6.31911
34 57 4.21978
34 58 7.80736
34 59 0.9044
34 60 6.48031
34 61 7.22232
34 62 1.74091
34 63 5.62874
34 64 6.33291
34 65 7.9755
34 66 1.27876
34 67 3.42961
34 68 4.47394
34 69 0.00599
34 70 2.86536
34 71 0.84096
34 72 2.15025
34 73 3.88483
34 74 0.21861
34 75 4.84932
34 76 8.82796
34 77 6.46839
34 78 4.24263
34 79 0.7063
34 80 7.6281
34 81 3.92444
34 82 0.63036
34 83 3.10369
34 84 4.75681
34 85 2.48327
34 86 2.65882
34 87 4.44793
34 88 4.69649
34 89 2.86085
34 90 3.74778
34 91 6.32917
34 92 4.14673
34 93 5.47515
34 94 2.25943
34 95 8.55788
34 96 3.80306
34 97 7.60085
34 98 8.66512
34 99 5.5476
35 36 6.34461
35 37 5.87047
35 38 4.51245
35 39 1.07005
35 40 8.81573
35 41 8.74757
35 42 4.17637
35 43 7.79104
35 44 1.68082
35 45 7.86572
35 46 0.16965
35 47 8.08974
35 48 0.54643
35 49 7.90877
35 50 0.92744
35 51 6.0296
35 52 0.86551
35 53 8.94614
35 54 6.81917
35 55 6.73071
35 56 5.87766
35 57 7.33038
35 58 6.00356
35 59 6.69288
35 60 2.28387
35 61 3.30899
35 62 2.51867
35 63 8.4204
35 64 5.49388
35 65 0.62554
35 66 4.49078
35 67 4.91081
35 68 8.4462
35 69 2.69966
35 70 5.26073
35 71 0.72262
35 72 3.65818
35 73 8.41802
35 74 6.50467
35 75 5.32686
35 76 1.05551
35 77 4.29744
35 78 3.35838
35 79 3.14241
35 80 6.76284
35 81 3.75494
35 82 1.09216
35 83 7.96135
35 84 4.57531
35 85 8.18871
35 86 5.99777
35 87 1.98633
35 88 5.3684
35 89 0.89082
35 90 4.31745
35 91 3.25793
35 92 7.25649
35 93 5.51224
35 94 6.15265
35 95 4.15256
35 96 6.18941
35 97 2.76767
35 98 5.07407
35 99 6.74618
36 37 7.31248
36 38 8.21439
36 39 1.87135
36 40 0.08633
36 41 0.14626
36 42 8.01898
36 43 1.94888
36 44 2.30104
36 45 3.28033
36 46 2.60013
36 47 7.65953
36 48 8.35865
36 49 2.67913
36 50 1.08334
36 51 4.91904
36 52 2.69419
36 53 2.36722
36 54 7.89129
36 55 7.39043
36 56 3.71729
36 57 1.41227
36 58 5.57928
36 59 0.69524
36 60 8.06636
36 61 0.57991
36 62 0.60572
36 63 4.64207
36 64 6.37424
36 65 6.06378
36 66 2.72053
36 67 2.30403
36 68 7.53292
36 69 0.56754
36 70 1.17607
36 71 8.00195
36 72 7.58341
36 73 6.47653
36 74 8.7452
36 75 1.54589
36 76 2.08843
36 77 1.22392
36 78 7.35292
36 79 2.58433
36 80 5.28476
36 81 1.93099
36 82 6.48315
36 83 5.68003
36 84 6.20646
36 85 5.69766
36 86 6.58571
36 87 0.85315
36 88 8.05236
36 89 4.27606
36 90 3.19503
36 91 6.57447
36 92 3.29483
36 93 8.02665
36 94 4.36396
36 95 3.0352
36 96 5.10047
36 97 8.98548
36 98 4.43587
36 99 2.45848
37 38 3.69669
37 39 8.16246
37 40 4.10667
37 41 4.8906
37 42 2.61347
37 43 1.58799
37 44 2.34474
37 45 2.85141
37 46 3.41321
37 47 4.6375
37 48 1.41229
37 49 6.66332
37 50 0.3993
37 51 2.47732
37 52 0.28768
37 53 6.31493
37 54 1.21393
37 55 1.41428
37 56 5.23419
37 57 0.53822
37 58 8.27904
37 59 7.02077
37 60 1.86603
37 61 6.73117
37 62 8.60488
37 63 1.71076
37 64 3.44454
37 65 7.82589
37 66 5.28142
37 67 5.35929
37 68 1.36388
37 69 2.89055
37 70 3.81915
37 71 3.12372
37 72 0.25062
37 73 6.12377
37 74 6.40887
37 75 3.79664
37 76 0.81896
37 77 8.57917
37 78 7.50811
37 79 7.51417
37 80 6.92455
37 81 2.24453
37 82 5.48993
37 83 5.12402
37 84 1.86755
37 85 0.63241
37 86 0.93639
37 87 1.3475
37 88 5.25148
37 89 5.65138
37 90 2.03816
37 91 1.90791
37 92 7.0778
37 93 2.02313
37 94 3.1294
37 95 7.16131
37 96 8.19259
37 97 5.4606
37 98 8.89268
37 99 5.43697
38 39 4.33953
38 40 0.48922
38 41 1.33011
38 42 0.34179
38 43 6.08094
38 44 7.66674
38 45 2.1886
38 46 3.95456
38 47 7.58866
38 48 6.95143
38 49 3.68575
38 50 5.16391
38 51 5.55223
38 52 8.95692
38 53 2.28545
38 54 2.66712
38 55 4.19561
38 56 2.03609
38 57 6.71134
38 58 8.28279
38 59 1.42079
38 60 3.75953
38 61 2.71093
38 62 1.8793
38 63 5.34885
38 64 1.39569
38 65 4.41865
38 66 2.98173
38 67 0.0648
38 68 5.44809
38 69 3.98085
38 70 1.65638
38 71 8.6711
38 72 4.35614
38 73 5.83966
38 74 1.86368
38 75 3.13519
38 76 3.22535
38 77 6.43315
38 78 5.86059
38 79 4.34042
38 80 5.91624
38 81 2.04554
38 82 8.13122
38 83 6.59726
38 84 5.65084
38 85 6.50772
38 86 3.85841
38 87 1.75419
38 88 8.66279
38 89 0.64971
38 90 4.75373
38 91 8.90458
38 92 8.09156
38 93 5.82079
38 94 7.2899
38 95 0.85932
38 96 0.95254
38 97 0.75105
38 98 1.23353
38 99 7.87465
39 40 8.79817
39 41 4.30545
39 42 6.43053
39 43 6.79955
39 44 0.60674
39 45 2.3816
39 46 4.05207
39 47 7.66083
39 48 4.15373
39 49 5.61165
39 50 7.22994
39 51 6.94801
39 52 7.85212
39 53 1.90047
39 54 6.54042
39 55 6.37169
39 56 8.84517
39 57 3.59803
39 58 0.92582
39 59 6.48404
39 60 5.04877
39 61 3.13199
39 62 4.67307
39 63 8.27526
39 64 4.47115
39 65 4.28653
39 66 0.94513
39 67 7.44494
39 68 7.34749
39 69 1.62072
39 70 4.89014
39 71 1.44651
39 72 6.47337
39 73 3.40594
39 74 8.53019
39 75 3.43402
39 76 0.85333
39 77 0.21219
39 78 8.95927
39 79 5.4065
39 80 8.60613
39 81 4.51038
39 82 6.03458
39 83 3.41403
39 84 7.01518
39 85 4.31169
39 86 8.41807
39 87 0.43744
39 88 4.63159
39 89 6.25566
39 90 4.84115
39 91 5.06171
39 92 3.07391
39 93 8.13648
39 94 7.71285
39 95 2.60509
39 96 2.44688
39 97 2.25343
39 98 8.62382
39 99 1.78335
40 41 1.74221
40 42 8.28671
40 43 7.57327
40 44 3.8967
40 45 5.51398
40 46 5.65433
40 47 2.77301
40 48 4.54432
40 49 8.04322
40 50 2.75146
40 51 1.34737
40 52 4.79361
40 53 8.27962
40 54 8.84224
40 55 6.01904
40 56 6.30552
40 57 0.61827
40 58 5.75189
40 59 1.76366
40 60 5.5597
40 61 1.38381
40 62 3.07605
40 63 4.98033
40 64 2.05616
40 65 5.8283
40 66 1.42279
40 67 1.64205
40 68 2.75459
40 69 0.00356
40 70 5.56047
40 71 8.36669
40 72 6.83769
40 73 0.24692
40 74 3.40421
40 75 1.99223
40 76 4.94305
40 77 4.0868
40 78 1.86708
40 79 0.68791
40 80 0.69068
40 81 0.72686
40 82 4.98456
40 83 6.5333
40 84 4.01603
40 85 5.77192
40 86 0.30571
40 87 8.6889
40 88 3.68996
40 89 4.11698
40 90 6.82938
40 91 3.48525
40 92 2.78426
40 93 4.65482
40 94 3.07131
40 95 5.59468
40 96 0.25977
40 97 7.01007
40 98 4.8748
40 99 0.89145
41 42 0.46597
41 43 7.86701
41 44 5.23278
41 45 2.14513
41 46 7.55614
41 47 2.58289
41 48 5.54246
41 49 8.87276
41 50 1.98907
41 51 3.58031
41 52 5.82706
41 53 4.5357
41 54 3.5511
41 55 3.0471
41 56 7.49688
41 57 4.64069
41 58 5.14025
41 59 3.13956
41 60 5.01436
41 61 3.4489
41 62 7.66472
41 63 2.95253
41 64 8.97171
41 65 3.06736
41 66 7.38989
41 67 8.32063
41 68 0.30368
41 69 8.23794
41 70 6.09758
41 71 5.3838
41 72 8.70834
41 73 6.22077
41 74 5.25258
41 75 3.74462
41 76 2.95845
41 77 6.09144
41 78 2.85183
41 79 3.40696
41 80 1.48059
41 81 4.70658
41 82 4.82593
41 83 7.06086
41 84 7.55363
41 85 8.6423
41 86 0.52951
41 87 5.14321
41 88 6.67859
41 89 7.89954
41 90 8.87983
41 91 2.00053
41 92 1.35797
41 93 7.96307
41 94 8.03637
41 95 2.85787
41 96 7.40518
41 97 6.41795
41 98 2.09504
41 99 0.62249
42 43 8.68633
42 44 2.16982
42 45 3.12859
42 46 1.58998
42 47 6.86183
42 48 2.40325
42 49 3.49729
42 50 3.78995
42 51 1.37008
42 52 1.36109
42 53 7.17911
42 54 0.96555
42 55 8.74812
42 56 2.89655
42 57 1.89674
42 58 7.18287
42 59 3.47063
42 60 1.65742
42 61 5.98184
42 62 2.32821
42 63 0.97627
42 64 2.26069
42 65 1.55811
42 66 8.42391
42 67 2.27674
42 68 2.30522
42 69 0.83082
42 70 2.93376
42 71 6.17888
42 72 2.2292
42 73 0.63749
42 74 7.78951
42 75 2.43696
42 76 0.94863
42 77 1.29948
42 78 7.02809
42 79 4.82302
42 80 6.39612
42 81 7.68178
42 82 3.37484
42 83 4.81033
42 84 3.91874
42 85 1.53588
42 86 6.79951
42 87 4.72034
42 88 6.32319
42 89 8.34164
42 90 0.98338
42 91 7.94543
42 92 0.37483
42 93 1.57112
42 94 4.61994
42 95 4.10025
42 96 7.02514
42 97 1.82263
42 98 6.17409
42 99 5.11109
43 44 0.12107
43 45 7.24918
43 46 4.32619
43 47 5.88881
43 48 3.24459
43 49 3.17984
43 50 5.34368
43 51 3.80863
43 52 7.58566
43 53 4.96924
43 54 8.01103
43 55 8.12015
43 56 7.61819
43 57 8.84383
43 58 2.27679
43 59 3.35808
43 60 1.81714
43 61 5.38914
43 62 3.95465
43 63 8.04859
43 64 6.54037
43 65 2.48746
43 66 0.99457
43 67 2.59068
43 68 7.79971
43 69 0.61021
43 70 0.18321
43 71 7.47804
43 72 4.97285
43 73 5.43197
43 74 1.37092
43 75 0.38794
43 76 1.00494
43 77 3.96849
43 78 6.17517
43 79 2.54768
43 80 1.64464
43 81 8.79337
43 82 8.38536
43 83 4.47875
43 84 2.99925
43 85 6.85301
43 86 1.50369
43 87 8.53805
43 88 3.17204
43 89 7.25343
43 90 0.1767
43 91 5.15433
43 92 6.55386
43 93 8.22557
43 94 1.20847
43 95 4.13473
43 96 2.84477
43 97 0.63215
43 98 2.98509
43 99 7.93817
44 45 3.95203
44 46 7.4164
44 47 2.93152
44 48 5.96761
44 49 3.24197
44 50 7.14214
44 51 0.19933
44 52 6.06469
44 53 3.46648
44 54 6.31871
44 55 8.49851
44 56 5.33612
44 57 3.99835
44 58 4.02159
44 59 8.1449
44 60 5.64206
44 61 5.38305
44 62 0.56729
44 63 6.94845
44 64 4.02342
44 65 4.12184
44 66 3.82673
44 67 7.66368
44 68 6.8504
44 69 1.08462
44 70 6.03439
44 71 0.88287
44 72 0.44081
44 73 3.05354
44 74 7.87602
44 75 8.97774
44 76 4.62577
44 77 1.36414
44 78 8.73484
44 79 6.99466
44 80 6.25108
44 81 5.9658
44 82 1.32794
44 83 1.27171
44 84 5.94244
44 85 0.26578
44 86 6.3155
44 87 6.15065
44 88 1.67617
44 89 8.26031
44 90 1.55541
44 91 7.96224
44 92 8.23241
44 93 0.99015
44 94 2.27609
44 95 4.72862
44 96 2.64017
44 97 8.22561
44 98 8.05714
44 99 3.29602
45 46 7.74499
45 47 3.50307
45 48 7.16408
45 49 4.18296
45 50 8.84
45 51 1.36048
45 52 2.24248
45 53 3.77549
45 54 7.94946
45 55 3.53644
45 56 0.0351
45 57 2.77835
45 58 4.32285
45 59 8.26853
45 60 2.6981
45 61 8.92474
45 62 4.34865
45 63 0.83885
45 64 5.64865
45 65 3.32044
45 66 5.41369
45 67 1.4065
45 68 5.46308
45 69 6.32213
45 70 1.63392
45 71 0.65788
45 72 2.07775
45 73 8.58629
45 74 7.21156
45 75 2.58161
45 76 1.84364
45 77 3.10304
45 78 1.0497
45 79 7.8965
45 80 8.24743
45 81 1.64578
45 82 6.61272
45 83 1.73997
45 84 0.48744
45 85 2.84723
45 86 8.73141
45 87 7.60121
45 88 4.9524
45 89 7.60571
45 90 8.64186
45 91 7.68556
45 92 5.88435
45 93 4.644
45 94 1.88239
45 95 4.25713
45 96 5.99766
45 97 0.14409
45 98 2.95055
45 99 0.1401
46 47 2.09436
46 48 0.76803
46 49 6.76078
46 50 0.22506
46 51 2.24811
46 52 3.20521
46 53 6.62298
46 54 3.40222
46 55 8.36689
46 56 7.81618
46 57 1.95244
46 58 4.06538
46 59 1.95728
46 60 6.62752
46 61 2.83864
46 62 5.49867
46 63 6.48863
46 64 6.64327
46 65 6.94966
46 66 5.76203
46 67 3.13581
46 68 5.997
46 69 7.12986
46 70 3.55522
46 71 7.59629
46 72 8.03024
46 73 0.74351
46 74 6.74819
46 75 3.77632
46 76 6.06719
46 77 7.22231
46 78 2.83597
46 79 6.59936
46 80 8.62804
46 81 5.37703
46 82 2.21369
46 83 3.91973
46 84 7.18867
46 85 0.89437
46 86 2.43169
46 87 7.08915
46 88 1.57711
46 89 8.44784
46 90 1.58565
46 91 6.58348
46 92 3.16721
46 93 1.86892
46 94 0.61469
46 95 2.59979
46 96 8.66884
46 97 5.16195
46 98 7.93882
46 99 2.03824
47 48 5.45691
47 49 6.66276
47 50 8.08386
47 51 2.67073
47 52 6.44674
47 53 7.80003
47 54 6.10572
47 55 0.55232
47 56 7.54841
47 57 5.73415
47 58 7.31722
47 59 2.27969
47 60 0.51898
47 61 8.75205
47 62 2.1294
47 63 3.16065
47 64 3.88024
47 65 3.8837
47 66 3.85489
47 67 7.46662
47 68 5.27586
47 69 2.51616
47 70 5.65321
47 71 1.49046
47 72 8.34439
47 73 7.52385
47 74 1.79698
47 75 1.64992
47 76 2.14123
47 77 6.45619
47 78 5.21106
47 79 5.80105
47 80 6.60179
47 81 5.95938
47 82 0.83078
47 83 0.57363
47 84 1.45871
47 85 4.46938
47 86 7.02148
47 87 5.83625
47 88 1.63662
47 89 7.72618
47 90 4.24599
47 91 3.39617
47 92 8.63256
47 93 5.52825
47 94 6.86748
47 95 7.81475
47 96 8.74476
47 97 1.8844
47 98 5.68992
47 99 5.38851
48 49 0.87134
48 50 3.29618
48 51 4.61041
48 52 3.0694
48 53 6.67923
48 54 7.05392
48 55 6.81025
48 56 5.62438
48 57 8.01393
48 58 6.31095
48 59 8.66591
48 60 3.21884
48 61 0.8033
48 62 4.83444
48 63 8.99283
48 64 6.8955
48 65 5.3117
48 66 1.71945
48 67 2.91812
48 68 6.68017
48 69 0.31121
48 70 8.68816
48 71 0.38961
48 72 5.78542
48 73 3.84938
48 74 1.40822
48 75 3.023
48 76 6.07287
48 77 7.9376
48 78 1.84238
48 79 2.71502
48 80 3.7067
48 81 5.4797
48 82 2.45713
48 83 5.59368
48 84 0.89243
48 85 7.06797
48 86 1.67422
48 87 0.57869
48 88 0.27241
48 89 1.77822
48 90 5.36732
48 91 6.95596
48 92 5.80241
48 93 2.2374
48 94 4.77183
48 95 6.83118
48 96 4.57558
48 97 6.78298
48 98 0.2222
48 99 0.42008
49 50 0.40892
49 51 0.45415
49 52 1.44106
49 53 3.62976
49 54 2.48057
49 55 1.13433
49 56 8.81861
49 57 5.43764
49 58 3.04896
49 59 7.69708
49 60 6.96507
49 61 4.7032
49 62 2.45401
49 63 1.27225
49 64 0.54515
49 65 2.36618
49 66 0.2759
49 67 8.34482
49 68 8.63614
49 69 0.01298
49 70 1.80807
49 71 5.09824
49 72 0.51907
49 73 1.27906
49 74 6.7596
49 75 4.78487
49 76 1.88128
49 77 7.79491
49 78 2.34679
49 79 6.74405
49 80 1.55602
49 81 1.55977
49 82 7.43852
49 83 6.27528
49 84 8.60688
49 85 7.62859
49 86 4.76923
49 87 4.90504
49 88 4.11864
49 89 7.69723
49 90 1.7799
49 91 3.73121
49 92 4.51488
49 93 3.41061
49 94 4.30387
49 95 0.00158
49 96 7.179
49 97 2.84801
49 98 0.45528
49 99 0.91989
50 51 3.82178
50 52 8.01004
50 53 8.18758
50 54 1.81385
50 55 1.8434
50 56 6.32641
50 57 3.54693
50 58 4.15737
50 59 7.22863
50 60 0.6937
50 61 6.07408
50 62 3.75647
50 63 4.89483
50 64 0.76567
50 65 3.38625
50 66 0.12313
50 67 1.5565
50 68 1.48045
50 69 8.18215
50 70 1.93618
50 71 4.96977
50 72 1.65136
50 73 7.40414
50 74 0.64658
50 75 4.10841
50 76 4.1008
50 77 7.23286
50 78 1.99729
50 79 5.19001
50 80 6.26806
50 81 6.18588
50 82 5.43788
50 83 7.20723
50 84 3.02693
50 85 2.21484
50 86 2.68895
50 87 3.09272
50 88 8.74524
50 89 8.504
50 90 6.41711
50 91 2.66555
50 92 3.92098
50 93 1.69967
50 94 2.56583
50 95 3.79955
50 96 0.51814
50 97 2.34364
50 98 4.74463
50 99 1.37557
51 52 2.44872
51 53 2.48575
51 54 3.50303
51 55 1.81715
51 56 2.8547
51 57 8.31302
51 58 5.57475
51 59 8.09909
51 60 1.00465
51 61 7.85913
51 62 3.59166
51 63 1.32636
51 64 5.85411
51 65 2.90934
51 66 7.17642
51 67 2.42469
51 68 6.5888
51 69 7.94223
51 70 3.51951
51 71 4.20373
51 72 4.66873
51 73 4.10416
51 74 0.0093
51 75 6.3718
51 76 3.62125
51 77 4.67306
51 78 4.43554
51 79 2.88434
51 80 6.23092
51 81 0.8912
51 82 3.7755
51 83 5.64593
51 84 8.35402
51 85 7.77137
51 86 8.92467
51 87 5.18559
51 88 5.18341
51 89 4.65062
51 90 6.1971
51 91 0.07276
51 92 6.10424
51 93 0.2963
51 94 5.89674
51 95 6.80028
51 96 3.7153
51 97 4.5874
51 98 8.75746
51 99 2.46429
52 53 1.10883
52 54 7.28306
52 55 3.42534
52 56 2.40739
52 57 7.8985
52 58 5.1525
52 59 8.33826
52 60 1.25765
52 61 8.14947
52 62 8.58651
52 63 5.33413
52 64 1.22944
52 65 7.75666
52 66 3.76012
52 67 2.94195
52 68 1.71066
52 69 7.74715
52 70 4.41086
52 71 2.45802
52 72 7.58892
52 73 8.93969
52 74 2.62747
52 75 1.12051
52 76 6.90455
52 77 7.96024
52 78 5.32137
52 79 6.39338
52 80 4.23972
52 81 4.80204
52 82 5.42257
52 83 4.24277
52 84 1.79297
52 85 8.5612
52 86 6.5741
52 87 8.05008
52 88 8.36367
52 89 7.37066
52 90 7.31982
52 91 1.75782
52 92 8.23239
52 93 8.57186
52 94 6.81003
52 95 4.09464
52 96 0.65958
52 97 4.35439
52 98 5.05928
52 99 8.85054
53 54 0.25736
53 55 2.73774
53 56 8.02421
53 57 5.50835
53 58 7.14366
53 59 0.33736
53 60 1.78104
53 61 6.02056
53 62 1.80963
53 63 5.34767
53 64 0.43901
53 65 0.63738
53 66 6.98223
53 67 5.49945
53 68 0.23743
53 69 3.43906
53 70 0.49462
53 71 4.71391
53 72 8.99926
53 73 6.85629
53 74 8.1914
53 75 8.52572
53 76 1.74287
53 77 3.72068
53 78 1.50659
53 79 3.73066
53 80 4.26234
53 81 6.43339
53 82 4.4002
53 83 4.64942
53 84 7.43679
53 85 5.79396
53 86 3.15421
53 87 3.67389
53 88 8.24923
53 89 0.82678
53 90 6.2139
53 91 4.74714
53 92 6.47678
53 93 1.25525
53 94 7.90673
53 95 2.2676
53 96 4.93137
53 97 4.51473
53 98 5.8392
53 99 2.46344
54 55 4.65684
54 56 4.46224
54 57 3.25759
54 58 4.55349
54 59 5.14237
54 60 3.13971
54 61 3.70738
54 62 0.1326
54 63 7.80922
54 64 8.35143
54 65 2.55235
54 66 8.07113
54 67 5.45966
54 68 1.71776
54 69 7.33777
54 70 6.35646
54 71 1.22229
54 72 8.20854
54 73 5.35966
54 74 2.68876
54 75 8.33673
54 76 3.78202
54 77 5.61705
54 78 0.07029
54 79 2.45565
54 80 2.29016
54 81 8.95584
54 82 8.70949
54 83 7.14502
54 84 2.4971
54 85 5.90971
54 86 7.94319
54 87 5.80607
54 88 4.98063
54 89 1.791
54 90 3.22397
54 91 5.32608
54 92 4.74324
54 93 4.78653
54 94 0.25502
54 95 0.39608
54 96 5.36035
54 97 1.51516
54 98 3.13586
54 99 7.75086
55 56 4.7083
55 57 5.00336
55 58 5.00768
55 59 0.15555
55 60 6.27746
55 61 1.27409
55 62 1.3011
55 63 8.93369
55 64 5.72326
55 65 0.4417
55 66 8.75403
55 67 0.98156
55 68 4.3254
55 69 7.18934
55 70 8.73595
55 71 0.64555
55 72 8.07067
55 73 5.37447
55 74 6.3907
55 75 8.28698
55 76 4.98514
55 77 1.5636
55 78 3.22462
55 79 7.51286
55 80 5.71795
55 81 6.88017
55 82 5.67483
55 83 5.2766
55 84 5.38143
55 85 3.86018
55 86 4.20071
55 87 4.40713
55 88 0.63326
55 89 7.32771
55 90 6.74645
55 91 7.76185
55 92 4.21244
55 93 0.76431
55 94 6.9584
55 95 7.1632
55 96 6.5413
55 97 5.8984
55 98 5.50721
55 99 1.51433
56 57 0.24868
56 58 0.91887
56 59 8.99874
56 60 2.8088
56 61 2.27109
56 62 5.55883
56 63 1.01873
56 64 6.25779
56 65 4.39106
56 66 8.41766
56 67 0.16239
56 68 2.13445
56 69 6.64682
56 70 0.87578
56 71 8.87113
56 72 5.93245
56 73 4.27471
56 74 3.68044
56 75 8.88643
56 76 0.03285
56 77 4.54256
56 78 6.41401
56 79 8.38516
56 80 5.18695
56 81 2.09702
56 82 2.40169
56 83 1.2001
56 84 7.91415
56 85 7.56897
56 86 4.42404
56 87 3.17913
56 88 0.74717
56 89 1.48108
56 90 6.48801
56 91 0.66102
56 92 4.41526
56 93 0.07227
56 94 7.32705
56 95 7.99938
56 96 1.17399
56 97 7.75598
56 98 2.13546
56 99 0.2379
57 58 2.30621
57 59 7.82039
57 60 1.13634
57 61 7.84976
57 62 7.40942
57 63 6.75056
57 64 6.92118
57 65 5.21076
57 66 2.59362
57 67 1.16922
57 68 5.54408
57 69 6.35896
57 70 3.13395
57 71 3.05357
57 72 1.20361
57 73 1.19775
57 74 4.58143
57 75 2.59654
57 76 5.14525
57 77 5.44984
57 78 8.0694
57 79 4.97862
57 80 6.03273
57 81 1.44149
57 82 1.06792
57 83 5.95212
57 84 4.19734
57 85 8.15275
57 86 2.98842
57 87 4.62596
57 88 0.72841
57 89 7.67369
57 90 0.24729
57 91 4.34002
57 92 4.1714
57 93 6.70416
57 94 8.35446
57 95 8.63363
57 96 1.52612
57 97 2.68856
57 98 6.24948
57 99 1.9197
58 59 0.96165
58 60 8.91736
58 61 6.29055
58 62 6.28672
58 63 8.69611
58 64 3.17223
58 65 4.72693
58 66 3.56915
58 67 1.73933
58 68 7.16928
58 69 8.07108
58 70 4.78772
58 71 5.73727
58 72 5.44823
58 73 4.17516
58 74 7.66314
58 75 3.1064
58 76 0.59567
58 77 6.74353
58 78 1.45483
58 79 6.24614
58 80 3.24187
58 81 3.45987
58 82 3.19988
58 83 8.31989
58 84 8.37349
58 85 6.89034
58 86 5.13404
58 87 1.04548
58 88 8.55776
58 89 8.46606
58 90 6.96641
58 91 3.85606
58 92 6.15426
58 93 2.92009
58 94 7.39316
58 95 7.37691
58 96 8.76257
58 97 7.52834
58 98 1.44596
58 99 6.32608
59 60 7.26059
59 61 4.96044
59 62 7.60422
59 63 4.63366
59 64 2.3365
59 65 4.09359
59 66 4.53387
59 67 8.51457
59 68 5.21731
59 69 3.42521
59 70 3.63751
59 71 2.66815
59 72 3.21976
59 73 5.49932
59 74 3.50116
59 75 0.59952
59 76 8.79979
59 77 3.35792
59 78 2.97871
59 79 8.44947
59 80 5.53697
59 81 7.88299
59 82 0.93191
59 83 3.77014
59 84 0.35874
59 85 5.94951
59 86 5.6854
59 87 6.79406
59 88 4.85347
59 89 0.39274
59 90 3.64032
59 91 2.98294
59 92 0.48876
59 93 5.06499
59 94 2.73965
59 95 2.63669
59 96 2.27517
59 97 7.02659
59 98 7.08398
59 99 5.09424
60 61 1.51383
60 62 4.26714
60 63 8.72664
60 64 4.78237
60 65 3.00962
60 66 6.55184
60 67 0.1182
60 68 4.92803
60 69 5.10647
60 70 8.79578
60 71 7.96241
60 72 5.85945
60 73 4.37373
60 74 4.85347
60 75 4.61414
60 76 2.59008
60 77 4.89669
60 78 7.52395
60 79 6.92988
60 80 7.71567
60 81 5.2389
60 82 0.50222
60 83 5.39662
60 84 4.68338
60 85 0.3874
60 86 6.51256
60 87 2.65498
60 88 3.09797
60 89 0.85762
60 90 7.14064
60 91 1.65056
60 92 6.9814
60 93 4.4538
60 94 8.09005
60 95 0.96284
60 96 3.45565
60 97 3.62663
60 98 5.56938
60 99 6.85982
61 62 8.91282
61 63 1.66138
61 64 2.00562
61 65 3.13196
61 66 0.0686
61 67 8.19358
61 68 4.45935
61 69 8.08588
61 70 0.81056
61 71 7.0596
61 72 4.25983
61 73 3.95522
61 74 6.74073
61 75 3.65205
61 76 0.04483
61 77 3.57292
61 78 2.002
61 79 3.41666
61 80 4.67417
61 81 5.87966
61 82 2.14489
61 83 7.29027
61 84 5.4957
61 85 8.45113
61 86 1.58888
61 87 6.81794
61 88 7.66405
61 89 8.68403
61 90 1.10045
61 91 0.76512
61 92 2.77126
61 93 6.58823
61 94 5.69789
61 95 0.16411
61 96 5.90566
61 97 0.70376
61 98 5.94597
61 99 5.64418
62 63 0.7756
62 64 2.41845
62 65 6.9474
62 66 1.56305
62 67 1.48053
62 68 6.90702
62 69 0.76427
62 70 4.79426
62 71 4.27543
62 72 1.28508
62 73 1.26478
62 74 0.37114
62 75 3.67702
62 76 2.24119
62 77 4.86305
62 78 0.6082
62 79 1.24755
62 80 6.52451
62 81 2.62672
62 82 7.17358
62 83 1.67859
62 84 8.39396
62 85 7.01868
62 86 7.68267
62 87 3.36757
62 88 1.02011
62 89 1.74647
62 90 1.77632
62 91 3.93473
62 92 4.24782
62 93 3.02167
62 94 5.57781
62 95 7.38751
62 96 8.04002
62 97 1.28705
62 98 4.02875
62 99 6.05838
63 64 8.24047
63 65 0.15381
63 66 7.54846
63 67 5.51808
63 68 2.6737
63 69 5.38781
63 70 6.09323
63 71 8.78512
63 72 7.6916
63 73 7.15047
63 74 0.59538
63 75 2.4191
63 76 0.96158
63 77 5.62062
63 78 8.94848
63 79 0.87654
63 80 2.12767
63 81 7.90375
63 82 5.12463
63 83 4.40746
63 84 6.38976
63 85 3.50634
63 86 5.23516
63 87 8.52645
63 88 4.01384
63 89 8.89811
63 90 3.56672
63 91 7.78236
63 92 4.13024
63 93 2.24374
63 94 0.95144
63 95 6.7952
63 96 3.3492
63 97 4.55981
63 98 0.67019
63 99 3.89449
64 65 6.41567
64 66 7.38517
64 67 0.62226
64 68 7.41026
64 69 8.23519
64 70 8.06235
64 71 1.71288
64 72 8.74789
64 73 8.13929
64 74 0.91489
64 75 2.41908
64 76 8.55101
64 77 3.00005
64 78 1.40493
64 79 5.98797
64 80 7.39838
64 81 5.90738
64 82 2.91549
64 83 8.90972
64 84 8.25169
64 85 7.50371
64 86 8.87519
64 87 8.37931
64 88 8.35773
64 89 4.89034
64 90 6.46601
64 91 0.05316
64 92 2.20863
64 93 7.36263
64 94 6.59061
64 95 8.8374
64 96 5.55216
64 97 7.46333
64 98 2.05336
64 99 6.54924
65 66 7.21867
65 67 8.02285
65 68 5.74788
65 69 8.13401
65 70 3.32614
65 71 4.89944
65 72 2.32306
65 73 6.69651
65 74 0.02085
65 75 2.4583
65 76 6.55706
65 77 8.24907
65 78 4.79736
65 79 1.87034
65 80 4.45612
65 81 0.52058
65 82 3.30162
65 83 6.04346
65 84 5.77974
65 85 4.67127
65 86 5.2444
65 87 8.3385
65 88 5.44088
65 89 5.11578
65 90 4.25857
65 91 1.85467
65 92 1.79956
65 93 0.53655
65 94 7.34701
65 95 2.40849
65 96 6.02392
65 97 2.60912
65 98 3.24965
65 99 5.42743
66 67 7.16605
66 68 1.52927
66 69 3.3726
66 70 4.17293
66 71 8.55591
66 72 2.24768
66 73 2.30725
66 74 7.95699
66 75 1.60035
66 76 5.7287
66 77 5.68497
66 78 1.59928
66 79 7.45564
66 80 7.27748
66 81 8.08113
66 82 2.24867
66 83 3.71199
66 84 8.14955
66 85 4.58496
66 86 1.81729
66 87 5.7972
66 88 2.99667
66 89 5.99538
66 90 8.43085
66 91 3.68231
66 92 8.01914
66 93 5.77534
66 94 7.06383
66 95 6.77347
66 96 6.63572
66 97 1.76119
66 98 8.20402
66 99 2.39666
67 68 3.10992
67 69 7.60223
67 70 7.82492
67 71 4.63627
67 72 2.34271
67 73 5.8432
67 74 7.28155
67 75 8.96799
67 76 5.54686
67 77 6.43429
67 78 8.43759
67 79 4.35424
67 80 5.57285
67 81 3.19347
67 82 3.42134
67 83 4.52736
67 84 5.75498
67 85 5.15461
67 86 4.64031
67 87 8.69759
67 88 7.09099
67 89 7.63244
67 90 0.08841
67 91 6.03017
67 92 7.55739
67 93 6.07837
67 94 5.40861
67 95 2.82843
67 96 2.55194
67 97 8.14606
67 98 8.46292
67 99 7.95654
68 69 4.77812
68 70 5.39213
68 71 6.22016
68 72 5.30974
68 73 2.95306
68 74 1.39086
68 75 8.80328
68 76 7.90355
68 77 3.03891
68 78 2.62586
68 79 1.27363
68 80 8.47151
68 81 1.10173
68 82 6.5304
68 83 7.82262
68 84 6.8586
68 85 1.50425
68 86 3.30057
68 87 5.82877
68 88 0.90425
68 89 1.08948
68 90 6.02197
68 91 8.88104
68 92 2.27193
68 93 2.89076
68 94 6.3246
68 95 2.79803
68 96 8.81395
68 97 5.18202
68 98 3.04946
68 99 1.26292
69 70 6.93988
69 71 4.1154
69 72 2.5453
69 73 2.83667
69 74 7.54968
69 75 4.71487
69 76 0.22722
69 77 4.30563
69 78 6.93846
69 79 2.57623
69 80 2.7737
69 81 8.59726
69 82 2.39738
69 83 7.54682
69 84 2.37812
69 85 0.33473
69 86 5.83245
69 87 4.86692
69 88 8.39576
69 89 8.27509
69 90 3.86375
69 91 2.76199
69 92 5.14323
69 93 1.77786
69 94 0.16044
69 95 5.85646
69 96 7.42504
69 97 0.99528
69 98 5.20339
69 99 0.01567
70 71 0.48592
70 72 0.62496
70 73 6.05617
70 74 5.22606
70 75 4.1196
70 76 5.52231
70 77 4.96915
70 78 8.35352
70 79 8.97106
70 80 4.46181
70 81 6.58624
70 82 6.07686
70 83 5.39766
70 84 2.91854
70 85 7.62321
70 86 1.96884
70 87 2.14161
70 88 2.728
70 89 8.49242
70 90 5.56148
70 91 8.98909
70 92 2.22924
70 93 2.1153
70 94 0.99599
70 95 6.74548
70 96 7.25477
70 97 3.10523
70 98 7.57797
70 99 0.453
71 72 2.14747
71 73 1.64091
71 74 1.37418
71 75 2.26435
71 76 3.51544
71 77 7.61988
71 78 0.70951
71 79 8.90858
71 80 8.71852
71 81 8.63577
71 82 3.41436
71 83 4.09961
71 84 4.2081
71 85 2.77968
71 86 5.67847
71 87 7.13548
71 88 8.84668
71 89 6.76071
71 90 0.8878
71 91 7.37821
71 92 4.29541
71 93 4.45012
71 94 7.92345
71 95 2.89853
71 96 5.76887
71 97 1.43708
71 98 1.01641
71 99 1.41499
72 73 7.86367
72 74 8.26144
72 75 8.09484
72 76 3.02345
72 77 8.02485
72 78 4.14245
72 79 4.77526
72 80 3.36488
72 81 0.92274
72 82 5.96035
72 83 6.99215
72 84 8.02269
72 85 6.76653
72 86 8.10759
72 87 8.3656
72 88 8.49254
72 89 2.28104
72 90 4.1293
72 91 3.17709
72 92 8.7294
72 93 6.79797
72 94 8.99976
72 95 4.38811
72 96 0.76085
72 97 7.09022
72 98 6.08873
72 99 7.89624
73 74 5.48742
73 75 0.53432
73 76 6.13371
73 77 7.63957
73 78 5.83962
73 79 1.0101
73 80 2.57471
73 81 6.97824
73 82 0.54618
73 83 6.59934
73 84 0.86056
73 85 0.9205
73 86 6.63906
73 87 8.10227
73 88 8.82604
73 89 6.14272
73 90 4.87539
73 91 1.9301
73 92 7.27833
73 93 2.75113
73 94 4.38047
73 95 2.38932
73 96 1.6496
73 97 3.07256
73 98 4.91196
73 99 7.70736
74 75 7.22082
74 76 6.32555
74 77 0.79746
74 78 6.53498
74 79 8.83082
74 80 3.54182
74 81 0.0015
74 82 0.02412
74 83 7.83836
74 84 4.95021
74 85 8.82261
74 86 0.08189
74 87 6.629
74 88 8.03084
74 89 5.46188
74 90 4.04815
74 91 2.63147
74 92 3.11687
74 93 3.5081
74 94 3.58131
74 95 1.20636
74 96 4.47368
74 97 4.97701
74 98 1.95914
74 99 1.6393
75 76 2.68856
75 77 4.20888
75 78 8.07885
75 79 1.24772
75 80 4.35039
75 81 5.05304
75 82 0.90304
75 83 0.55508
75 84 2.97638
75 85 8.20958
75 86 8.44
75 87 7.08464
75 88 5.79044
75 89 8.54572
75 90 8.10848
75 91 8.47432
75 92 3.93704
75 93 6.54935
75 94 4.51691
75 95 7.24158
75 96 3.3642
75 97 1.56344
75 98 8.29152
75 99 5.10929
76 77 7.31973
76 78 8.89848
76 79 1.70371
76 80 5.63913
76 81 0.04273
76 82 0.77829
76 83 1.73908
76 84 7.46123
76 85 2.22869
76 86 4.06252
76 87 5.85135
76 88 7.92451
76 89 5.77218
76 90 4.76221
76 91 5.38601
76 92 3.1949
76 93 1.47262
76 94 3.16026
76 95 4.81425
76 96 3.26557
76 97 7.06344
76 98 4.52198
76 99 2.57446
77 78 4.46267
77 79 4.93132
77 80 4.22677
77 81 0.9001
77 82 0.74334
77 83 4.95805
77 84 3.86746
77 85 3.96043
77 86 1.83883
77 87 1.83214
77 88 3.83836
77 89 2.82505
77 90 7.37987
77 91 6.95323
77 92 0.67161
77 93 6.94024
77 94 1.18175
77 95 3.69879
77 96 4.30268
77 97 4.2354
77 98 1.15437
77 99 8.46658
78 79 1.49126
78 80 8.67045
78 81 2.49418
78 82 4.69888
78 83 2.85397
78 84 5.94435
78 85 4.95681
78 86 7.4791
78 87 6.45519
78 88 4.1726
78 89 6.34459
78 90 8.12363
78 91 7.33949
78 92 2.07241
78 93 2.03715
78 94 6.13634
78 95 6.88436
78 96 5.53248
78 97 8.74362
78 98 4.45365
78 99 6.66746
79 80 4.85951
79 81 5.56136
79 82 2.15057
79 83 5.99809
79 84 2.24879
79 85 6.98552
79 86 4.81479
79 87 7.14342
79 88 6.21498
79 89 5.07931
79 90 7.93154
79 91 4.45866
79 92 5.84878
79 93 0.47851
79 94 2.39488
79 95 3.19773
79 96 6.86437
79 97 3.24352
79 98 1.20915
79 99 6.58618
80 81 4.85289
80 82 1.75058
80 83 2.37247
80 84 7.61938
80 85 5.41579
80 86 2.7324
80 87 7.52927
80 88 4.63413
80 89 3.66891
80 90 0.58245
80 91 1.38332
80 92 3.72495
80 93 8.10935
80 94 4.79527
80 95 2.84683
80 96 0.9537
80 97 1.87598
80 98 1.79943
80 99 1.60283
81 82 3.56129
81 83 7.7167
81 84 3.69638
81 85 7.38706
81 86 1.82087
81 87 8.06172
81 88 3.31573
81 89 0.53865
81 90 1.5837
81 91 0.07154
81 92 0.40942
81 93 2.72949
81 94 5.53377
81 95 8.41779
81 96 0.11689
81 97 7.5515
81 98 2.79918
81 99 6.19992
82 83 1.82191
82 84 0.24596
82 85 0.67503
82 86 8.38014
82 87 0.98674
82 88 8.75898
82 89 4.5066
82 90 0.60715
82 91 2.75875
82 92 6.03254
82 93 5.26143
82 94 8.47135
82 95 6.6174
82 96 1.00819
82 97 2.51765
82 98 6.85949
82 99 0.33735
83 84 7.78365
83 85 5.49179
83 86 1.83667
83 87 2.93279
83 88 6.20114
83 89 3.44454
83 90 4.73053
83 91 7.30801
83 92 1.28481
83 93 4.0925
83 94 8.86652
83 95 1.84268
83 96 6.44078
83 97 8.68441
83 98 1.94652
83 99 8.73907
84 85 7.84485
84 86 0.09266
84 87 0.34438
84 88 2.9105
84 89 2.87943
84 90 6.80918
84 91 5.08197
84 92 5.45357
84 93 2.21113
84 94 0.97801
84 95 0.19645
84 96 4.42461
84 97 2.62308
84 98 1.79126
84 99 4.44702
85 86 6.9188
85 87 7.28553
85 88 4.35388
85 89 8.87535
85 90 6.31309
85 91 0.81889
85 92 6.67205
85 93 0.77896
85 94 6.48876
85 95 5.927
85 96 7.88919
85 97 5.36177
85 98 2.53276
85 99 5.5852
86 87 7.92648
86 88 8.77061
86 89 4.98011
86 90 0.31474
86 91 2.15307
86 92 4.6862
86 93 7.00695
86 94 1.80161
86 95 8.53534
86 96 6.97723
86 97 4.51505
86 98 7.24489
86 99 4.46095
87 88 3.94953
87 89 7.0568
87 90 7.75831
87 91 5.69038
87 92 5.56035
87 93 4.3225
87 94 7.33614
87 95 6.96933
87 96 6.25963
87 97 8.26831
87 98 8.40278
87 99 4.28405
88 89 1.28119
88 90 1.53194
88 91 5.37803
88 92 1.94345
88 93 7.54323
88 94 8.30768
88 95 0.72512
88 96 6.09132
88 97 5.18682
88 98 5.49575
88 99 6.4687
89 90 6.93427
89 91 3.04955
89 92 4.96247
89 93 4.30838
89 94 5.92842
89 95 7.33368
89 96 0.65363
89 97 5.44449
89 98 0.03656
89 99 2.47409
90 91 4.18969
90 92 6.56135
90 93 7.43129
90 94 4.65708
90 95 1.62347
90 96 2.02858
90 97 3.35939
90 98 3.10135
90 99 6.02078
91 92 5.59243
91 93 2.07733
91 94 3.15627
91 95 5.4068
91 96 4.70565
91 97 8.57131
91 98 1.68087
91 99 4.62957
92 93 0.37688
92 94 8.23228
92 95 2.12409
92 96 7.46189
92 97 6.4286
92 98 5.09262
92 99 3.63727
93 94 8.69137
93 95 7.57303
93 96 8.32866
93 97 8.77197
93 98 6.20563
93 99 7.26583
94 95 7.14429
94 96 4.03283
94 97 1.58055
94 98 2.57085
94 99 2.7017
95 96 2.69111
95 97 7.51039
95 98 8.33625
95 99 0.00798
96 97 4.50298
96 98 6.56683
96 99 5.33826
97 98 3.24962
97 99 2.55602
98 99 1.53468
