100 30
0 1 3.78169
0 2 8.64874
0 3 5.41425
0 4 2.8527
0 5 2.01554
0 6 5.13353
0 7 0.09332
0 8 0.28726
0 9 4.69364
0 10 8.34945
0 11 1.37957
0 12 4.02391
0 13 0.43834
0 14 5.78761
0 15 2.45666
0 16 2.66328
0 17 3.896
0 18 4.2756
0 19 1.65273
0 20 2.07836
0 21 0.98211
0 22 5.32466
0 23 4.59286
0 24 1.16197
0 25 5.98256
0 26 6.61539
0 27 3.43372
0 28 5.76891
0 29 2.94045
0 30 8.97465
0 31 2.58131
0 32 8.73932
0 33 8.39131
0 34 1.5922
0 35 5.61007
0 36 4.73214
0 37 3.50125
0 38 0.80288
0 39 5.30233
0 40 7.95966
0 41 4.3065
0 42 2.66152
0 43 5.94762
0 44 8.77898
0 45 6.27746
0 46 4.03034
0 47 3.03083
0 48 5.98357
0 49 4.27337
0 50 5.65164
0 51 3.9991
0 52 0.15091
0 53 5.58226
0 54 7.82485
0 55 5.93124
0 56 2.69406
0 57 4.52862
0 58 8.22132
0 59 4.38164
0 60 8.15015
0 61 0.61574
0 62 5.75827
0 63 6.61668
0 64 6.46981
0 65 1.1188
0 66 5.13719
0 67 7.5283
0 68 1.47056
0 69 2.14277
0 70 1.69636
0 71 1.32993
0 72 2.93208
0 73 0.97797
0 74 6.56326
0 75 2.43567
0 76 8.97497
0 77 1.40061
0 78 2.12962
0 79 1.22295
0 80 4.22694
0 81 2.72424
0 82 4.36867
0 83 2.8326
0 84 6.58587
0 85 6.72161
0 86 8.93268
0 87 3.95109
0 88 0.06076
0 89 6.35316
0 90 0.63581
0 91 7.73954
0 92 6.20263
0 93 0.03379
0 94 0.26177
0 95 7.62313
0 96 3.64669
0 97 8.91007
0 98 8.12289
0 99 7.06654
1 2 0.43544
1 3 6.44818
1 4 3.61087
1 5 2.83369
1 6 1.87294
1 7 7.82094
1 8 1.35301
1 9 7.55175
1 10 1.20312
1 11 3.23178
1 12 0.30731
1 13 8.15703
1 14 6.64436
1 15 3.93091
1 16 8.23593
1 17 0.17425
1 18 1.18731
1 19 0.52096
1 20 1.8113
1 21 8.82183
1 22 5.83307
1 23 5.14369
1 24 4.00065
1 25 0.8137
1 26 0.19073
1 27 1.23473
1 28 3.53322
1 29 0.62522
1 30 4.13903
1 31 6.13138
1 32 4.1222
1 33 8.3768
1 34 5.77938
1 35 4.6901
1 36 1.68081
1 37 6.33085
1 38 5.84923
1 39 1.57195
1 40 0.47954
1 41 4.09352
1 42 0.4341
1 43 2.80632
1 44 5.4561
1 45 2.88414
1 46 8.81327
1 47 1.53488
1 48 0.3877
1 49 8.86122
1 50 0.79635
1 51 6.47425
1 52 4.90594
1 53 8.22309
1 54 5.1771
1 55 4.30546
1 56 2.89758
1 57 6.6202
1 58 2.85796
1 59 2.86724
1 60 5.18094
1 61 8.46347
1 62 0.44973
1 63 3.90949
1 64 1.637
1 65 2.01936
1 66 1.05216
1 67 3.12269
1 68 7.59294
1 69 6.18424
1 70 3.63325
1 71 7.34353
1 72 5.92936
1 73 5.77424
1 74 4.19652
1 75 5.5688
1 76 6.31124
1 77 3.79329
1 78 3.76701
1 79 7.47987
1 80 8.11933
1 81 8.82266
1 82 1.36575
1 83 0.85006
1 84 7.53308
1 85 4.05058
1 86 8.41663
1 87 3.03803
1 88 6.38028
1 89 1.05649
1 90 0.62473
1 91 6.36955
1 92 2.71286
1 93 0.84525
1 94 8.1009
1 95 1.32084
1 96 8.93972
1 97 5.35246
1 98 0.17716
1 99 4.1107
2 3 4.19816
2 4 7.18605
2 5 4.77511
2 6 0.23927
2 7 1.36847
2 8 6.41422
2 9 8.03
2 10 8.60835
2 11 4.92378
2 12 6.10927
2 13 0.30667
2 14 7.64237
2 15 7.09327
2 16 5.28393
2 17 6.33804
2 18 0.95222
2 19 6.36082
2 20 8.30407
2 21 8.18152
2 22 2.64464
2 23 7.97255
2 24 6.33028
2 25 8.53668
2 26 8.44796
2 27 8.12151
2 28 8.92108
2 29 3.24076
2 30 6.03926
2 31 2.65247
2 32 2.12112
2 33 1.61008
2 34 6.12883
2 35 2.73727
2 36 7.80127
2 37 5.81415
2 38 3.19691
2 39 6.97307
2 40 0.62449
2 41 6.06465
2 42 0.23567
2 43 5.846
2 44 7.81189
2 45 6.94768
2 46 4.08229
2 47 4.37137
2 48 4.39798
2 49 3.0303
2 50 5.55798
2 51 2.05463
2 52 3.25561
2 53 2.5187
2 54 1.18972
2 55 6.3731
2 56 6.36246
2 57 1.30091
2 58 3.01033
2 59 4.65382
2 60 0.9222
2 61 1.05291
2 62 8.29347
2 63 0.97093
2 64 6.35258
2 65 0.69726
2 66 2.68464
2 67 5.64901
2 68 0.31154
2 69 7.41068
2 70 0.57298
2 71 5.18901
2 72 3.89499
2 73 5.27927
2 74 8.29625
2 75 4.69498
2 76 7.45762
2 77 7.25797
2 78 5.73157
2 79 2.40701
2 80 8.18552
2 81 4.66493
2 82 1.89479
2 83 4.76085
2 84 4.18194
2 85 3.84425
2 86 4.96034
2 87 5.18907
2 88 1.16746
2 89 4.89821
2 90 3.9569
2 91 3.15558
2 92 8.45565
2 93 2.38241
2 94 1.01449
2 95 1.93694
2 96 4.69924
2 97 7.79367
2 98 0.4729
2 99 3.73457
3 4 8.79872
3 5 5.19939
3 6 6.15454
3 7 5.82433
3 8 8.23117
3 9 1.45417
3 10 3.67833
3 11 2.16697
3 12 3.50017
3 13 4.24797
3 14 1.46772
3 15 2.46075
3 16 6.8705
3 17 2.3964
3 18 6.07697
3 19 4.54899
3 20 3.45844
3 21 4.39482
3 22 1.75754
3 23 4.67326
3 24 1.56748
3 25 6.17233
3 26 7.89316
3 27 0.76412
3 28 0.08623
3 29 4.24367
3 30 7.53381
3 31 5.1778
3 32 5.46196
3 33 0.55643
3 34 0.769
3 35 3.08313
3 36 7.79697
3 37 4.74111
3 38 8.30186
3 39 6.1168
3 40 5.68032
3 41 3.45946
3 42 2.31547
3 43 8.1012
3 44 4.50996
3 45 5.12104
3 46 4.0888
3 47 8.50368
3 48 7.74912
3 49 1.66614
3 50 7.66294
3 51 1.71639
3 52 5.96078
3 53 4.19891
3 54 6.61088
3 55 8.17927
3 56 6.43739
3 57 3.10223
3 58 0.46374
3 59 6.75692
3 60 5.1973
3 61 0.29331
3 62 1.59598
3 63 4.67566
3 64 6.73179
3 65 7.85597
3 66 6.33989
3 67 2.96713
3 68 8.72885
3 69 2.52817
3 70 1.68755
3 71 0.99931
3 72 0.70643
3 73 3.38547
3 74 3.60817
3 75 3.03266
3 76 0.62443
3 77 1.66886
3 78 6.02296
3 79 4.01124
3 80 1.00941
3 81 5.98185
3 82 0.41832
3 83 4.78253
3 84 1.65766
3 85 5.35135
3 86 6.7573
3 87 2.8342
3 88 5.40222
3 89 0.94786
3 90 8.57144
3 91 6.19648
3 92 5.7553
3 93 2.47128
3 94 3.77295
3 95 8.46245
3 96 3.58493
3 97 3.98778
3 98 4.3904
3 99 3.77047
4 5 0.1371
4 6 5.75212
4 7 4.81512
4 8 3.91637
4 9 7.5008
4 10 0.00754
4 11 1.85314
4 12 7.35488
4 13 0.15915
4 14 6.87472
4 15 2.47716
4 16 2.93872
4 17 1.90217
4 18 1.41092
4 19 0.94942
4 20 1.02694
4 21 6.19617
4 22 3.25343
4 23 3.93183
4 24 0.04842
4 25 0.73565
4 26 4.24064
4 27 6.58204
4 28 3.19481
4 29 8.73709
4 30 0.35413
4 31 2.60294
4 32 4.43471
4 33 6.71305
4 34 7.394
4 35 6.34657
4 36 4.63419
4 37 0.38093
4 38 1.74661
4 39 1.85256
4 40 7.88656
4 41 8.23456
4 42 5.43377
4 43 2.67884
4 44 2.02151
4 45 3.84362
4 46 3.71626
4 47 7.7713
4 48 8.12599
4 49 1.92635
4 50 2.61839
4 51 3.60641
4 52 6.04402
4 53 6.92561
4 54 7.27543
4 55 8.18597
4 56 4.47702
4 57 2.9219
4 58 6.88197
4 59 5.98296
4 60 5.03078
4 61 6.31957
4 62 7.36313
4 63 6.15821
4 64 8.77945
4 65 8.24492
4 66 4.80947
4 67 6.94792
4 68 1.85495
4 69 4.54004
4 70 7.11233
4 71 6.33312
4 72 6.82186
4 73 0.55402
4 74 1.12427
4 75 3.83778
4 76 1.55961
4 77 4.63965
4 78 1.41981
4 79 5.16762
4 80 6.56474
4 81 6.3399
4 82 8.39278
4 83 8.56132
4 84 2.88204
4 85 3.10048
4 86 4.85431
4 87 8.40242
4 88 7.39715
4 89 5.79149
4 90 2.48612
4 91 0.61663
4 92 6.33333
4 93 7.87952
4 94 8.39128
4 95 4.73369
4 96 2.63365
4 97 4.64673
4 98 4.39136
4 99 3.15616
5 6 2.05401
5 7 7.62305
5 8 4.70919
5 9 5.92811
5 10 6.26587
5 11 1.21617
5 12 0.07277
5 13 1.76784
5 14 2.11792
5 15 6.86095
5 16 8.78138
5 17 1.45449
5 18 5.40813
5 19 2.91591
5 20 2.74457
5 21 3.17482
5 22 0.3673
5 23 4.59639
5 24 6.27412
5 25 1.06494
5 26 2.94333
5 27 2.47414
5 28 7.26838
5 29 8.49774
5 30 7.42152
5 31 8.91724
5 32 7.49926
5 33 3.84681
5 34 4.28418
5 35 6.90976
5 36 7.53096
5 37 3.89898
5 38 6.53988
5 39 3.2633
5 40 8.43374
5 41 8.7658
5 42 4.9546
5 43 3.90809
5 44 5.65289
5 45 6.33118
5 46 1.93672
5 47 1.49912
5 48 1.40915
5 49 1.78293
5 50 7.74857
5 51 2.71551
5 52 4.16341
5 53 3.47343
5 54 2.15552
5 55 1.00996
5 56 5.70199
5 57 5.05472
5 58 5.54686
5 59 8.18329
5 60 0.21836
5 61 8.24036
5 62 4.74997
5 63 1.78063
5 64 7.85737
5 65 2.79022
5 66 3.56229
5 67 4.92077
5 68 8.71986
5 69 4.29561
5 70 5.08594
5 71 7.20959
5 72 2.20888
5 73 2.07013
5 74 5.83975
5 75 6.08905
5 76 7.46484
5 77 4.90599
5 78 8.02071
5 79 0.57501
5 80 3.59908
5 81 4.32169
5 82 3.94576
5 83 4.77915
5 84 4.91729
5 85 3.4416
5 86 7.858
5 87 3.83854
5 88 4.53254
5 89 8.72523
5 90 5.16483
5 91 0.15673
5 92 6.30984
5 93 1.97578
5 94 4.84486
5 95 4.93778
5 96 5.40866
5 97 0.85416
5 98 5.13282
5 99 3.28149
6 7 1.82818
6 8 2.03862
6 9 3.58446
6 10 0.98367
6 11 1.94232
6 12 2.63794
6 13 4.71149
6 14 1.12895
6 15 3.81481
6 16 5.31737
6 17 6.56273
6 18 4.32195
6 19 6.25048
6 20 0.60879
6 21 0.98511
6 22 5.73966
6 23 1.91593
6 24 8.02012
6 25 3.22457
6 26 8.26697
6 27 2.33639
6 28 4.6196
6 29 6.51055
6 30 4.78976
6 31 8.81621
6 32 6.79569
6 33 8.69977
6 34 4.87992
6 35 7.30171
6 36 6.09969
6 37 1.13779
6 38 5.17059
6 39 7.0817
6 40 3.12776
6 41 3.82618
6 42 3.55474
6 43 0.38492
6 44 4.86616
6 45 5.15111
6 46 0.34812
6 47 8.17111
6 48 8.62174
6 49 7.02106
6 50 4.75853
6 51 5.7583
6 52 2.80333
6 53 2.50508
6 54 5.63064
6 55 2.77982
6 56 2.09774
6 57 6.17053
6 58 5.87539
6 59 4.09998
6 60 3.27922
6 61 0.23759
6 62 5.05689
6 63 1.18265
6 64 2.72668
6 65 4.54591
6 66 3.68237
6 67 0.86658
6 68 0.38345
6 69 8.77096
6 70 2.32793
6 71 1.93732
6 72 0.08766
6 73 4.78986
6 74 8.03962
6 75 2.21695
6 76 1.86406
6 77 8.98703
6 78 0.55437
6 79 7.35946
6 80 1.14746
6 81 6.18637
6 82 0.03525
6 83 4.25097
6 84 0.51402
6 85 8.57393
6 86 7.53333
6 87 5.40914
6 88 1.15594
6 89 7.99104
6 90 8.51985
6 91 6.84423
6 92 2.93004
6 93 4.92011
6 94 4.62568
6 95 6.36182
6 96 7.3256
6 97 8.2713
6 98 1.45152
6 99 6.07135
7 8 4.17914
7 9 4.74933
7 10 0.70604
7 11 5.65374
7 12 1.93485
7 13 1.68737
7 14 3.38357
7 15 2.61854
7 16 1.44627
7 17 0.03004
7 18 8.34072
7 19 4.64997
7 20 2.26109
7 21 4.15792
7 22 6.16651
7 23 8.82027
7 24 4.88963
7 25 6.96782
7 26 1.9476
7 27 4.47734
7 28 6.16655
7 29 6.08034
7 30 5.29154
7 31 7.64197
7 32 6.9172
7 33 7.30177
7 34 0.41919
7 35 5.15683
7 36 3.94874
7 37 7.25081
7 38 2.60075
7 39 5.7678
7 40 8.37598
7 41 8.0563
7 42 2.75526
7 43 6.92824
7 44 0.54281
7 45 6.77559
7 46 3.66249
7 47 8.42742
7 48 0.96897
7 49 5.53175
7 50 6.84247
7 51 4.60549
7 52 7.34692
7 53 6.93797
7 54 2.06473
7 55 5.49387
7 56 6.49667
7 57 6.94899
7 58 6.30048
7 59 7.4248
7 60 3.40024
7 61 1.53866
7 62 3.07996
7 63 2.58911
7 64 1.17301
7 65 0.24991
7 66 6.79098
7 67 0.6283
7 68 8.78919
7 69 6.87625
7 70 0.99921
7 71 2.91499
7 72 6.14348
7 73 1.38407
7 74 7.51726
7 75 2.73979
7 76 7.66922
7 77 5.11784
7 78 6.69158
7 79 4.39464
7 80 0.20382
7 81 3.96869
7 82 1.18626
7 83 1.97891
7 84 8.12114
7 85 4.44448
7 86 6.64031
7 87 4.38049
7 88 0.95348
7 89 6.22365
7 90 2.80068
7 91 3.39943
7 92 2.64919
7 93 7.49488
7 94 0.96771
7 95 2.11913
7 96 7.47642
7 97 2.96075
7 98 6.53062
7 99 5.13508
8 9 2.80882
8 10 4.68892
8 11 5.47815
8 12 6.39124
8 13 3.87757
8 14 0.51124
8 15 3.34389
8 16 0.5288
8 17 5.30723
8 18 4.28662
8 19 3.69618
8 20 2.539
8 21 4.91992
8 22 7.88609
8 23 5.69596
8 24 5.21187
8 25 5.61301
8 26 4.82673
8 27 1.00791
8 28 2.92317
8 29 0.30871
8 30 6.02289
8 31 8.42881
8 32 6.2655
8 33 0.88035
8 34 2.18275
8 35 4.15633
8 36 2.98589
8 37 0.29371
8 38 2.05058
8 39 7.36398
8 40 5.4412
8 41 3.12026
8 42 7.41488
8 43 6.99625
8 44 4.54039
8 45 7.13932
8 46 8.11648
8 47 1.57061
8 48 8.15759
8 49 1.09279
8 50 5.7812
8 51 1.41582
8 52 6.53311
8 53 6.9978
8 54 0.28817
8 55 7.49071
8 56 8.33966
8 57 2.4711
8 58 7.54342
8 59 7.60506
8 60 2.28101
8 61 1.24832
8 62 2.94433
8 63 6.88247
8 64 1.04394
8 65 0.94314
8 66 6.89274
8 67 8.62061
8 68 5.25176
8 69 3.04008
8 70 6.60011
8 71 0.30544
8 72 0.70644
8 73 0.11005
8 74 1.18956
8 75 6.8452
8 76 6.5213
8 77 3.67912
8 78 5.65865
8 79 0.79446
8 80 8.06341
8 81 2.74156
8 82 3.66823
8 83 1.85604
8 84 1.8118
8 85 5.13708
8 86 3.06929
8 87 0.35606
8 88 0.04095
8 89 7.32897
8 90 4.57108
8 91 3.70191
8 92 3.70326
8 93 0.5873
8 94 3.84485
8 95 8.10227
8 96 5.04536
8 97 5.68818
8 98 2.18362
8 99 4.45259
9 10 1.92733
9 11 8.81741
9 12 6.28306
9 13 3.64052
9 14 7.1293
9 15 0.50125
9 16 0.61091
9 17 3.67733
9 18 0.9618
9 19 7.06203
9 20 0.48023
9 21 2.07587
9 22 0.28253
9 23 5.9391
9 24 8.38523
9 25 8.75603
9 26 0.62854
9 27 3.54884
9 28 5.76879
9 29 3.65201
9 30 4.34901
9 31 4.74881
9 32 8.35053
9 33 8.52002
9 34 0.99095
9 35 2.26524
9 36 0.51913
9 37 7.82345
9 38 5.25269
9 39 8.7944
9 40 5.05315
9 41 0.99663
9 42 6.07618
9 43 5.0386
9 44 0.39816
9 45 8.86771
9 46 2.93774
9 47 5.82462
9 48 4.02493
9 49 1.04729
9 50 6.55022
9 51 3.74049
9 52 8.33005
9 53 2.99042
9 54 7.05991
9 55 5.41452
9 56 1.15288
9 57 4.86326
9 58 8.94086
9 59 1.66501
9 60 4.41182
9 61 8.06614
9 62 4.82387
9 63 7.29545
9 64 6.43741
9 65 0.46925
9 66 5.71085
9 67 4.16966
9 68 0.30414
9 69 4.8264
9 70 4.45872
9 71 5.43855
9 72 1.33044
9 73 5.4749
9 74 8.92318
9 75 6.58928
9 76 5.90789
9 77 4.35711
9 78 8.12015
9 79 3.97557
9 80 1.82399
9 81 5.07524
9 82 6.8484
9 83 4.47247
9 84 5.32658
9 85 4.57917
9 86 2.7145
9 87 0.39811
9 88 3.91203
9 89 8.55629
9 90 0.1566
9 91 7.06701
9 92 6.87793
9 93 3.46159
9 94 6.16338
9 95 5.14715
9 96 2.76232
9 97 6.17939
9 98 2.05746
9 99 7.00354
10 11 8.17335
10 12 7.15455
10 13 1.72551
10 14 3.90111
10 15 4.18197
10 16 3.91606
10 17 4.55922
10 18 7.26279
10 19 4.2073
10 20 2.68307
10 21 6.88068
10 22 4.37638
10 23 8.1212
10 24 6.35814
10 25 6.89232
10 26 4.04844
10 27 3.90693
10 28 7.99244
10 29 2.39257
10 30 0.81807
10 31 2.274
10 32 8.41078
10 33 7.81268
10 34 3.96424
10 35 8.86056
10 36 7.42059
10 37 6.06736
10 38 5.15613
10 39 6.85911
10 40 4.0457
10 41 4.01125
10 42 3.90701
10 43 6.77796
10 44 7.73411
10 45 1.54415
10 46 6.21409
10 47 7.07741
10 48 1.47695
10 49 4.92641
10 50 3.7135
10 51 4.90069
10 52 2.07656
10 53 0.51073
10 54 2.38947
10 55 1.97326
10 56 8.41779
10 57 6.34635
10 58 6.4723
10 59 6.35511
10 60 2.4915
10 61 3.80217
10 62 2.72483
10 63 6.30085
10 64 3.71356
10 65 6.29726
10 66 1.98396
10 67 3.84096
10 68 4.59874
10 69 7.84583
10 70 6.31979
10 71 3.86797
10 72 1.99585
10 73 5.81494
10 74 5.45702
10 75 4.63216
10 76 6.46955
10 77 2.70155
10 78 6.14379
10 79 4.74533
10 80 3.56466
10 81 8.35145
10 82 5.78593
10 83 2.63314
10 84 8.012
10 85 7.08002
10 86 1.84205
10 87 3.57944
10 88 1.31639
10 89 5.65548
10 90 0.16839
10 91 3.23058
10 92 0.75577
10 93 4.2022
10 94 4.05614
10 95 3.11426
10 96 4.38167
10 97 6.33573
10 98 3.52863
10 99 4.12153
11 12 3.54578
11 13 1.91138
11 14 0.44167
11 15 6.8126
11 16 6.61318
11 17 6.05457
11 18 0.5724
11 19 3.29787
11 20 1.35887
11 21 6.14565
11 22 8.12487
11 23 3.81755
11 24 8.05495
11 25 3.5447
11 26 7.80598
11 27 8.55731
11 28 3.59625
11 29 2.28046
11 30 4.29427
11 31 2.65586
11 32 6.35224
11 33 0.87008
11 34 8.61383
11 35 7.43262
11 36 8.84575
11 37 7.38758
11 38 0.03992
11 39 4.21864
11 40 0.20995
11 41 3.61542
11 42 1.90551
11 43 7.96054
11 44 0.28967
11 45 4.06588
11 46 2.53374
11 47 6.52899
11 48 7.15326
11 49 2.40129
11 50 5.17118
11 51 2.89307
11 52 0.14963
11 53 5.70661
11 54 4.74138
11 55 3.35334
11 56 1.29007
11 57 8.55499
11 58 3.37667
11 59 1.62293
11 60 3.69304
11 61 3.59155
11 62 3.39263
11 63 8.29248
11 64 0.29837
11 65 4.24207
11 66 8.55533
11 67 7.41207
11 68 0.23625
11 69 2.69649
11 70 7.03685
11 71 4.62969
11 72 8.74657
11 73 3.3945
11 74 8.97442
11 75 5.4704
11 76 2.82721
11 77 0.588
11 78 5.77889
11 79 8.92169
11 80 8.92632
11 81 0.85866
11 82 8.34653
11 83 2.30233
11 84 7.48576
11 85 1.93454
11 86 7.91925
11 87 3.49644
11 88 7.41433
11 89 5.37789
11 90 5.21581
11 91 8.63309
11 92 6.99364
11 93 1.14153
11 94 5.24603
11 95 3.30354
11 96 0.50705
11 97 3.49276
11 98 5.93728
11 99 8.04177
12 13 0.64215
12 14 4.54797
12 15 4.40673
12 16 8.95452
12 17 7.37638
12 18 0.19251
12 19 8.57013
12 20 1.84681
12 21 6.92217
12 22 1.41137
12 23 6.41679
12 24 6.43209
12 25 4.84274
12 26 0.35864
12 27 3.06507
12 28 1.47639
12 29 2.06583
12 30 1.30987
12 31 0.53002
12 32 5.29921
12 33 5.44526
12 34 2.77048
12 35 6.68494
12 36 6.58873
12 37 0.56504
12 38 4.65909
12 39 7.86875
12 40 0.26493
12 41 3.27312
12 42 3.46895
12 43 6.35597
12 44 5.13685
12 45 4.42672
12 46 0.20083
12 47 5.86124
12 48 2.21013
12 49 6.88426
12 50 4.34433
12 51 0.84538
12 52 1.83519
12 53 5.23206
12 54 3.58351
12 55 0.88155
12 56 0.56271
12 57 8.10809
12 58 0.3597
12 59 5.53808
12 60 6.62713
12 61 3.38408
12 62 2.97691
12 63 5.82342
12 64 3.23448
12 65 5.89077
12 66 6.04864
12 67 5.52238
12 68 1.4838
12 69 6.81622
12 70 6.25975
12 71 7.81969
12 72 4.27094
12 73 8.51683
12 74 0.69302
12 75 6.85517
12 76 8.05064
12 77 3.56508
12 78 2.88604
12 79 1.35209
12 80 5.71948
12 81 1.38552
12 82 0.01265
12 83 0.26133
12 84 8.91492
12 85 5.7241
12 86 2.33232
12 87 2.60655
12 88 4.17385
12 89 3.63056
12 90 0.9838
12 91 7.04924
12 92 7.8364
12 93 7.46757
12 94 4.50027
12 95 6.46948
12 96 3.75685
12 97 1.54057
12 98 7.34461
12 99 2.73632
13 14 1.46142
13 15 0.17776
13 16 6.30856
13 17 1.20512
13 18 0.02146
13 19 2.51872
13 20 0.28325
13 21 0.7029
13 22 6.22509
13 23 0.6586
13 24 0.65909
13 25 0.74734
13 26 4.90706
13 27 3.85473
13 28 8.45786
13 29 6.82082
13 30 7.49962
13 31 1.07485
13 32 1.59621
13 33 8.55283
13 34 0.27268
13 35 5.70847
13 36 5.97433
13 37 7.15788
13 38 0.5884
13 39 4.96954
13 40 0.56223
13 41 0.62185
13 42 0.47785
13 43 3.72497
13 44 1.70049
13 45 6.8417
13 46 8.58856
13 47 5.09803
13 48 2.3136
13 49 3.5237
13 50 2.91424
13 51 4.25699
13 52 6.31501
13 53 8.32535
13 54 8.74048
13 55 6.46434
13 56 7.38257
13 57 1.52837
13 58 2.59979
13 59 3.0619
13 60 5.7345
13 61 1.04553
13 62 3.99855
13 63 0.50794
13 64 2.9511
13 65 6.39272
13 66 0.63907
13 67 1.7438
13 68 0.12912
13 69 7.50941
13 70 5.71312
13 71 6.59219
13 72 4.34422
13 73 2.45945
13 74 4.34214
13 75 7.90286
13 76 8.15964
13 77 7.06827
13 78 4.94005
13 79 7.35593
13 80 7.21099
13 81 4.83848
13 82 6.04599
13 83 2.62754
13 84 1.35191
13 85 2.70232
13 86 0.6611
13 87 6.40809
13 88 1.84473
13 89 7.23503
13 90 7.98018
13 91 0.46092
13 92 8.16036
13 93 4.53829
13 94 0.70176
13 95 3.95229
13 96 8.30668
13 97 2.19337
13 98 8.98899
13 99 3.94424
14 15 6.54475
14 16 0.09438
14 17 3.16393
14 18 7.17817
14 19 8.98204
14 20 1.90653
14 21 1.17211
14 22 0.76429
14 23 2.0605
14 24 6.78354
14 25 5.30972
14 26 4.80858
14 27 6.49834
14 28 5.98462
14 29 6.35481
14 30 7.28694
14 31 6.13352
14 32 3.9197
14 33 7.3816
14 34 2.1171
14 35 1.77229
14 36 1.08408
14 37 7.63478
14 38 0.23823
14 39 6.20032
14 40 1.12243
14 41 3.12558
14 42 3.69045
14 43 0.78266
14 44 2.50982
14 45 0.10317
14 46 8.8322
14 47 4.56543
14 48 0.97024
14 49 5.23354
14 50 7.85777
14 51 0.25926
14 52 7.55687
14 53 4.90928
14 54 0.04619
14 55 3.29489
14 56 3.23199
14 57 0.6997
14 58 1.3096
14 59 8.15096
14 60 2.39737
14 61 8.49301
14 62 4.3645
14 63 4.68055
14 64 2.58837
14 65 5.81574
14 66 2.97758
14 67 5.97039
14 68 7.79524
14 69 5.03075
14 70 1.71332
14 71 1.36591
14 72 6.63018
14 73 1.60046
14 74 2.87393
14 75 8.35877
14 76 6.60394
14 77 2.96678
14 78 4.7315
14 79 8.82925
14 80 4.79388
14 81 8.32753
14 82 8.43902
14 83 8.91529
14 84 7.88093
14 85 0.2519
14 86 8.89999
14 87 0.57309
14 88 7.70301
14 89 0.56433
14 90 2.43656
14 91 2.5574
14 92 0.76169
14 93 5.38136
14 94 5.86129
14 95 8.46153
14 96 7.87748
14 97 1.94408
14 98 8.36881
14 99 0.66474
15 16 1.97838
15 17 6.61902
15 18 0.88299
15 19 5.80502
15 20 7.50338
15 21 3.74791
15 22 3.95257
15 23 3.45792
15 24 5.77836
15 25 0.22302
15 26 0.7734
15 27 0.62372
15 28 6.97029
15 29 4.12821
15 30 8.3795
15 31 7.06803
15 32 7.19166
15 33 1.29904
15 34 4.92586
15 35 8.68077
15 36 8.09628
15 37 6.84014
15 38 8.07554
15 39 6.65285
15 40 2.25058
15 41 8.41445
15 42 2.75428
15 43 2.31922
15 44 6.16597
15 45 6.04435
15 46 5.58962
15 47 1.62366
15 48 2.8967
15 49 3.4711
15 50 2.19477
15 51 2.447
15 52 6.88
15 53 5.03865
15 54 4.82624
15 55 1.3235
15 56 2.61893
15 57 7.69513
15 58 8.64309
15 59 1.20283
15 60 6.03791
15 61 8.26775
15 62 4.48747
15 63 2.49914
15 64 5.61453
15 65 6.50917
15 66 6.72557
15 67 8.79116
15 68 0.90494
15 69 3.93958
15 70 8.05348
15 71 5.30005
15 72 7.73759
15 73 6.95857
15 74 3.89898
15 75 7.40827
15 76 3.71518
15 77 0.96913
15 78 8.98459
15 79 1.57843
15 80 8.73212
15 81 6.43046
15 82 1.94542
15 83 1.91281
15 84 1.52605
15 85 3.46575
15 86 1.56198
15 87 0.63873
15 88 3.05899
15 89 1.76823
15 90 8.18627
15 91 6.96501
15 92 6.88069
15 93 1.50004
15 94 4.67301
15 95 5.22277
15 96 8.94091
15 97 3.396
15 98 8.37188
15 99 3.95482
16 17 7.35794
16 18 0.83257
16 19 4.60392
16 20 1.34907
16 21 5.26482
16 22 8.17542
16 23 7.93134
16 24 6.2041
16 25 3.33244
16 26 6.66334
16 27 4.72945
16 28 7.12625
16 29 4.73205
16 30 8.3493
16 31 0.21684
16 32 3.66549
16 33 7.06208
16 34 8.40507
16 35 8.83755
16 36 5.52195
16 37 1.87086
16 38 6.96334
16 39 2.82847
16 40 5.24685
16 41 1.39941
16 42 6.86928
16 43 7.19239
16 44 8.45131
16 45 4.0771
16 46 6.77795
16 47 7.93389
16 48 4.27005
16 49 1.18343
16 50 5.13575
16 51 3.81043
16 52 0.26739
16 53 4.22981
16 54 4.28867
16 55 2.90503
16 56 4.81221
16 57 3.27344
16 58 1.99378
16 59 1.4117
16 60 3.54615
16 61 0.23872
16 62 7.26208
16 63 3.57487
16 64 4.78204
16 65 4.36988
16 66 4.44791
16 67 8.41066
16 68 1.51509
16 69 0.11919
16 70 5.04722
16 71 2.61431
16 72 5.42535
16 73 4.60182
16 74 1.13756
16 75 0.39283
16 76 6.86427
16 77 3.02688
16 78 3.6066
16 79 6.45528
16 80 3.00344
16 81 2.63486
16 82 3.03743
16 83 6.7993
16 84 3.27611
16 85 4.44815
16 86 5.92121
16 87 3.07484
16 88 2.89053
16 89 8.89434
16 90 2.77361
16 91 0.82038
16 92 7.402
16 93 8.20694
16 94 8.68928
16 95 4.67075
16 96 2.96046
16 97 3.73035
16 98 5.60748
16 99 1.64677
17 18 2.11365
17 19 8.97758
17 20 1.50279
17 21 0.21243
17 22 1.26086
17 23 3.99143
17 24 1.53223
17 25 8.6119
17 26 0.69044
17 27 0.53592
17 28 4.26522
17 29 0.33536
17 30 7.7918
17 31 5.69856
17 32 6.12399
17 33 7.25634
17 34 3.00551
17 35 7.20083
17 36 4.8254
17 37 0.3498
17 38 3.6559
17 39 5.37364
17 40 6.64094
17 41 4.86139
17 42 8.59478
17 43 2.74234
17 44 3.87429
17 45 8.14452
17 46 8.81429
17 47 8.27188
17 48 1.16838
17 49 5.92388
17 50 2.58095
17 51 8.0475
17 52 2.36167
17 53 8.2051
17 54 0.94179
17 55 1.04297
17 56 0.15392
17 57 1.94911
17 58 5.74144
17 59 0.43838
17 60 6.50457
17 61 0.14146
17 62 6.40199
17 63 3.40503
17 64 1.26944
17 65 2.22063
17 66 2.75429
17 67 7.43147
17 68 5.89532
17 69 7.04636
17 70 1.73496
17 71 8.80914
17 72 7.46106
17 73 4.56476
17 74 4.70763
17 75 0.1407
17 76 6.18128
17 77 0.06258
17 78 8.4267
17 79 1.5789
17 80 8.38566
17 81 2.18554
17 82 3.12259
17 83 1.0822
17 84 1.03858
17 85 2.98408
17 86 5.45328
17 87 6.36422
17 88 1.19783
17 89 7.65906
17 90 8.09505
17 91 0.70635
17 92 3.81526
17 93 0.43894
17 94 7.21155
17 95 7.95169
17 96 5.94955
17 97 1.56307
17 98 5.41407
17 99 2.1966
18 19 8.36119
18 20 2.98787
18 21 0.32036
18 22 3.78288
18 23 5.12626
18 24 8.9841
18 25 8.26046
18 26 5.18528
18 27 1.67502
18 28 7.22826
18 29 7.63774
18 30 8.31511
18 31 4.14976
18 32 6.32713
18 33 6.71794
18 34 5.83126
18 35 8.91003
18 36 4.71772
18 37 5.77034
18 38 2.99215
18 39 3.24363
18 40 4.05366
18 41 3.26183
18 42 3.75325
18 43 3.56444
18 44 8.59142
18 45 2.64701
18 46 3.74251
18 47 7.06523
18 48 2.03426
18 49 1.95644
18 50 8.82839
18 51 6.45149
18 52 0.60935
18 53 8.81529
18 54 4.53098
18 55 7.25921
18 56 0.80425
18 57 2.134
18 58 1.08279
18 59 8.21631
18 60 5.91922
18 61 4.39191
18 62 7.72641
18 63 1.63344
18 64 3.83602
18 65 2.62711
18 66 8.13402
18 67 0.28961
18 68 6.88232
18 69 6.03995
18 70 6.63071
18 71 2.62451
18 72 7.84978
18 73 8.51102
18 74 7.87971
18 75 3.45187
18 76 6.711
18 77 0.43528
18 78 7.16565
18 79 8.14255
18 80 6.49486
18 81 1.35897
18 82 7.2526
18 83 6.59303
18 84 2.96608
18 85 7.8304
18 86 0.83483
18 87 0.52921
18 88 7.31711
18 89 8.77636
18 90 1.06809
18 91 4.22409
18 92 7.43081
18 93 6.18606
18 94 8.99134
18 95 4.27358
18 96 1.88205
18 97 2.48358
18 98 2.52505
18 99 2.85562
19 20 3.8897
19 21 5.81527
19 22 3.02694
19 23 7.88649
19 24 7.29224
19 25 3.42809
19 26 0.05818
19 27 7.75854
19 28 3.91293
19 29 4.3548
19 30 2.89801
19 31 5.60259
19 32 4.87343
19 33 6.20785
19 34 5.8096
19 35 7.56807
19 36 4.29928
19 37 8.91668
19 38 0.42928
19 39 8.39645
19 40 6.89256
19 41 2.10631
19 42 7.05424
19 43 6.33209
19 44 8.90336
19 45 7.9601
19 46 8.48386
19 47 5.40755
19 48 8.10841
19 49 4.51232
19 50 1.82603
19 51 2.11281
19 52 2.29663
19 53 7.28766
19 54 2.15042
19 55 1.78525
19 56 5.44334
19 57 3.91168
19 58 4.59787
19 59 4.36863
19 60 3.43379
19 61 7.4006
19 62 1.0404
19 63 8.05017
19 64 6.62875
19 65 8.54695
19 66 4.86604
19 67 5.68808
19 68 1.8611
19 69 6.85774
19 70 7.94545
19 71 8.62291
19 72 7.1875
19 73 8.61943
19 74 0.67465
19 75 7.65231
19 76 0.19879
19 77 5.95968
19 78 0.56947
19 79 1.16443
19 80 1.16416
19 81 6.59552
19 82 6.4837
19 83 8.04392
19 84 3.21691
19 85 7.95219
19 86 1.65524
19 87 0.15197
19 88 6.48381
19 89 8.51448
19 90 6.3964
19 91 7.29557
19 92 4.05045
19 93 6.47248
19 94 5.33745
19 95 2.8515
19 96 1.74985
19 97 0.89324
19 98 6.54579
19 99 6.39608
20 21 0.10948
20 22 7.66263
20 23 3.3528
20 24 0.46598
20 25 0.29521
20 26 8.12077
20 27 4.51706
20 28 2.62792
20 29 1.86397
20 30 6.89365
20 31 7.1823
20 32 5.94007
20 33 8.97573
20 34 5.2733
20 35 2.84008
20 36 6.36373
20 37 3.76195
20 38 2.44439
20 39 1.60126
20 40 7.20143
20 41 3.44833
20 42 1.44558
20 43 1.57471
20 44 5.55845
20 45 2.83149
20 46 3.34229
20 47 5.73071
20 48 2.61058
20 49 0.76714
20 50 5.45431
20 51 1.71116
20 52 3.30413
20 53 0.87826
20 54 3.86162
20 55 0.619
20 56 2.06556
20 57 5.22816
20 58 6.43688
20 59 5.62389
20 60 1.96005
20 61 7.36149
20 62 6.59889
20 63 3.53601
20 64 8.39792
20 65 4.79092
20 66 3.37016
20 67 0.54245
20 68 5.52031
20 69 5.79298
20 70 0.95084
20 71 7.84786
20 72 8.23964
20 73 5.36051
20 74 2.36512
20 75 6.25781
20 76 3.07087
20 77 7.732
20 78 6.17112
20 79 0.68029
20 80 4.37562
20 81 1.98088
20 82 3.34094
20 83 2.57018
20 84 0.29598
20 85 7.70625
20 86 0.46932
20 87 8.02128
20 88 1.3211
20 89 1.79012
20 90 3.19407
20 91 6.26564
20 92 1.39912
20 93 1.43466
20 94 5.60924
20 95 8.2161
20 96 3.57277
20 97 2.72494
20 98 6.79544
20 99 7.63707
21 22 5.96176
21 23 2.91176
21 24 5.27428
21 25 5.20975
21 26 6.83973
21 27 1.65131
21 28 3.94309
21 29 7.3281
21 30 3.36488
21 31 1.92953
21 32 2.54557
21 33 0.497
21 34 7.11262
21 35 6.23836
21 36 1.14608
21 37 0.76173
21 38 3.32773
21 39 7.76486
21 40 1.53223
21 41 5.67176
21 42 6.24146
21 43 5.70724
21 44 7.4797
21 45 7.96285
21 46 5.29522
21 47 1.35695
21 48 0.12996
21 49 2.02478
21 50 0.81317
21 51 6.08226
21 52 8.57806
21 53 1.31798
21 54 6.19639
21 55 6.64635
21 56 1.18037
21 57 0.03677
21 58 3.03116
21 59 6.01119
21 60 3.44694
21 61 7.75082
21 62 5.68141
21 63 7.07437
21 64 0.94391
21 65 1.88622
21 66 8.0693
21 67 8.2204
21 68 1.26473
21 69 5.44709
21 70 8.24997
21 71 2.92935
21 72 1.57838
21 73 2.02695
21 74 6.85332
21 75 3.72389
21 76 8.21713
21 77 0.02284
21 78 0.26019
21 79 7.47517
21 80 0.58681
21 81 6.82753
21 82 3.22303
21 83 3.84529
21 84 8.63965
21 85 8.59153
21 86 0.0091
21 87 5.08357
21 88 7.84422
21 89 0.70231
21 90 2.36201
21 91 2.45042
21 92 8.42901
21 93 7.19987
21 94 7.1025
21 95 6.43699
21 96 3.12824
21 97 8.47153
21 98 2.42283
21 99 3.50874
22 23 1.65043
22 24 5.62333
22 25 5.04108
22 26 2.45882
22 27 2.50152
22 28 6.34241
22 29 6.82758
22 30 4.94556
22 31 3.81864
22 32 6.80906
22 33 0.39873
22 34 6.18509
22 35 7.32892
22 36 1.94111
22 37 6.19681
22 38 0.7017
22 39 0.24984
22 40 6.23842
22 41 3.82355
22 42 5.22019
22 43 7.56985
22 44 1.04694
22 45 5.02903
22 46 2.21709
22 47 5.2985
22 48 4.84989
22 49 1.29033
22 50 0.09004
22 51 4.41658
22 52 8.18187
22 53 3.28653
22 54 7.1777
22 55 6.877
22 56 0.87643
22 57 6.35339
22 58 2.03806
22 59 3.96211
22 60 5.72835
22 61 2.86195
22 62 7.12712
22 63 8.49333
22 64 3.53913
22 65 3.75016
22 66 7.22328
22 67 0.48479
22 68 2.46375
22 69 7.31047
22 70 8.87405
22 71 2.28852
22 72 3.59857
22 73 1.79061
22 74 4.20985
22 75 2.09441
22 76 0.40021
22 77 5.34766
22 78 8.17097
22 79 0.44985
22 80 8.16035
22 81 2.65055
22 82 3.07357
22 83 8.29307
22 84 5.988
22 85 3.9318
22 86 1.25607
22 87 7.25074
22 88 6.44629
22 89 3.63924
22 90 0.49293
22 91 7.80025
22 92 4.66146
22 93 6.94963
22 94 8.07031
22 95 5.86287
22 96 3.76012
22 97 5.36782
22 98 6.35509
22 99 6.48862
23 24 6.351
23 25 6.27529
23 26 8.36679
23 27 6.82003
23 28 7.89128
23 29 8.55021
23 30 2.14578
23 31 2.43757
23 32 4.54638
23 33 3.85963
23 34 3.82467
23 35 5.25489
23 36 4.49233
23 37 0.35584
23 38 5.01218
23 39 1.38827
23 40 1.17438
23 41 6.83883
23 42 1.81879
23 43 5.61176
23 44 7.47391
23 45 7.36559
23 46 8.37834
23 47 7.03146
23 48 1.06349
23 49 7.75684
23 50 5.78332
23 51 6.47465
23 52 3.56845
23 53 7.77778
23 54 2.25588
23 55 5.33937
23 56 3.92531
23 57 5.11505
23 58 1.65195
23 59 8.46186
23 60 3.63634
23 61 3.50418
23 62 8.75224
23 63 8.50429
23 64 8.68155
23 65 0.5458
23 66 3.15526
23 67 1.95035
23 68 8.84793
23 69 8.97924
23 70 1.42908
23 71 1.4397
23 72 0.14263
23 73 1.12986
23 74 7.69117
23 75 2.67783
23 76 0.18835
23 77 7.09306
23 78 2.84313
23 79 5.98399
23 80 1.79457
23 81 4.05643
23 82 6.22277
23 83 6.36988
23 84 8.68946
23 85 8.75922
23 86 8.61757
23 87 6.05341
23 88 4.87137
23 89 5.46303
23 90 6.67815
23 91 6.33336
23 92 8.18025
23 93 5.21284
23 94 8.94937
23 95 1.99467
23 96 0.18896
23 97 0.76447
23 98 7.67691
23 99 3.30182
24 25 7.40477
24 26 1.11577
24 27 0.57458
24 28 4.22501
24 29 2.2881
24 30 8.79508
24 31 1.93159
24 32 5.92681
24 33 0.82244
24 34 8.2195
24 35 3.97124
24 36 8.97985
24 37 6.88988
24 38 1.19597
24 39 8.85687
24 40 3.81284
24 41 3.76604
24 42 7.53847
24 43 1.83067
24 44 4.02214
24 45 4.64403
24 46 7.79544
24 47 4.62286
24 48 1.78676
24 49 5.99482
24 50 4.2861
24 51 5.90461
24 52 6.04414
24 53 7.63797
24 54 5.90993
24 55 4.89391
24 56 8.29522
24 57 4.71758
24 58 2.4078
24 59 7.4978
24 60 6.30001
24 61 3.95121
24 62 0.6325
24 63 7.11234
24 64 5.80539
24 65 6.56072
24 66 6.86576
24 67 6.34441
24 68 5.67418
24 69 2.35314
24 70 0.40639
24 71 3.71856
24 72 8.4112
24 73 2.49361
24 74 4.06954
24 75 1.00115
24 76 3.78271
24 77 7.40152
24 78 7.87955
24 79 8.1505
24 80 2.77115
24 81 0.92617
24 82 7.97149
24 83 2.09008
24 84 2.74437
24 85 8.62342
24 86 5.13594
24 87 3.42857
24 88 7.12342
24 89 4.99659
24 90 1.18456
24 91 4.95922
24 92 8.32735
24 93 6.51419
24 94 4.08008
24 95 2.03555
24 96 5.00906
24 97 4.28037
24 98 3.82254
24 99 6.70313
25 26 0.70217
25 27 8.55694
25 28 4.18815
25 29 2.45222
25 30 6.18809
25 31 3.59947
25 32 3.38801
25 33 8.68495
25 34 0.69826
25 35 8.07597
25 36 1.55245
25 37 5.31169
25 38 2.00571
25 39 1.27478
25 40 1.42144
25 41 6.77277
25 42 2.68946
25 43 8.08193
25 44 1.63542
25 45 0.3498
25 46 8.96504
25 47 2.67928
25 48 6.04391
25 49 0.0179
25 50 1.52965
25 51 4.266
25 52 8.59812
25 53 2.55823
25 54 7.57404
25 55 0.77445
25 56 3.11852
25 57 6.03876
25 58 5.73303
25 59 5.0963
25 60 7.87062
25 61 5.60632
25 62 0.55546
25 63 6.90275
25 64 3.59537
25 65 5.16021
25 66 7.63367
25 67 2.25559
25 68 2.1804
25 69 3.21725
25 70 4.40868
25 71 3.51055
25 72 8.78663
25 73 6.15655
25 74 3.25977
25 75 6.87931
25 76 3.3105
25 77 1.57289
25 78 0.05171
25 79 1.32554
25 80 1.25143
25 81 1.90746
25 82 7.195
25 83 5.99238
25 84 6.03871
25 85 1.18561
25 86 0.08888
25 87 3.75605
25 88 8.97117
25 89 7.03965
25 90 6.87758
25 91 3.27027
25 92 2.94764
25 93 0.30838
25 94 6.00419
25 95 1.40133
25 96 2.36144
25 97 5.99305
25 98 6.19012
25 99 1.96175
26 27 3.93483
26 28 2.80355
26 29 5.29793
26 30 3.46801
26 31 7.50294
26 32 0.69693
26 33 3.68069
26 34 4.36049
26 35 6.55626
26 36 0.61718
26 37 6.26602
26 38 2.73613
26 39 6.17116
26 40 8.35922
26 41 8.02026
26 42 6.28363
26 43 8.13335
26 44 1.66061
26 45 8.51885
26 46 2.98266
26 47 7.41305
26 48 1.66764
26 49 1.07706
26 50 3.93207
26 51 3.07521
26 52 5.04656
26 53 6.37694
26 54 1.6293
26 55 4.70201
26 56 7.24389
26 57 3.05336
26 58 6.0625
26 59 0.13059
26 60 7.65555
26 61 1.17941
26 62 5.94497
26 63 0.11593
26 64 6.56047
26 65 1.51883
26 66 6.3639
26 67 4.49388
26 68 8.28113
26 69 1.90701
26 70 7.80435
26 71 8.6962
26 72 6.24649
26 73 5.55999
26 74 2.34001
26 75 4.54495
26 76 3.67716
26 77 5.45463
26 78 5.37311
26 79 1.68416
26 80 7.54196
26 81 8.01765
26 82 5.51713
26 83 5.57257
26 84 7.58339
26 85 5.86018
26 86 4.46983
26 87 4.83092
26 88 5.66272
26 89 2.55223
26 90 0.54407
26 91 7.59697
26 92 1.34961
26 93 8.71194
26 94 4.51004
26 95 5.26088
26 96 4.31848
26 97 8.11925
26 98 7.94681
26 99 2.95238
27 28 3.05375
27 29 5.50645
27 30 2.6448
27 31 8.95456
27 32 3.45471
27 33 4.0627
27 34 2.47815
27 35 7.11456
27 36 2.58171
27 37 3.09404
27 38 3.6758
27 39 0.21231
27 40 6.81479
27 41 2.538
27 42 5.13891
27 43 2.32467
27 44 0.35874
27 45 2.36759
27 46 3.88269
27 47 2.53545
27 48 2.09232
27 49 0.26986
27 50 6.86955
27 51 8.65532
27 52 8.92257
27 53 7.50755
27 54 0.3821
27 55 3.37611
27 56 1.65145
27 57 2.40184
27 58 6.60931
27 59 3.6975
27 60 7.16658
27 61 3.74133
27 62 4.05523
27 63 1.67091
27 64 4.72255
27 65 3.45434
27 66 5.75594
27 67 5.38799
27 68 0.03742
27 69 1.87505
27 70 5.13061
27 71 6.02586
27 72 1.72305
27 73 8.17823
27 74 1.67627
27 75 2.25662
27 76 8.89212
27 77 1.48026
27 78 5.26473
27 79 6.17409
27 80 2.83769
27 81 0.93433
27 82 5.01061
27 83 4.47088
27 84 1.37394
27 85 4.69942
27 86 7.27417
27 87 8.95087
27 88 6.58711
27 89 3.12667
27 90 2.33471
27 91 5.34076
27 92 5.77135
27 93 1.65016
27 94 2.18877
27 95 7.08289
27 96 7.88268
27 97 0.01191
27 98 6.93527
27 99 1.42206
28 29 7.09736
28 30 3.88797
28 31 8.66111
28 32 8.32918
28 33 8.39855
28 34 2.6786
28 35 5.34073
28 36 0.86392
28 37 1.91645
28 38 3.54194
28 39 0.4693
28 40 2.42862
28 41 8.99716
28 42 0.70499
28 43 2.23791
28 44 3.06576
28 45 5.98602
28 46 1.75502
28 47 1.01308
28 48 4.89674
28 49 5.67609
28 50 2.31252
28 51 3.2794
28 52 5.94531
28 53 5.43131
28 54 1.54068
28 55 2.46803
28 56 7.10658
28 57 6.53494
28 58 1.64661
28 59 6.94487
28 60 8.67325
28 61 5.53018
28 62 6.42101
28 63 4.04365
28 64 4.97435
28 65 7.01344
28 66 2.39798
28 67 2.80621
28 68 5.88112
28 69 0.98281
28 70 5.51472
28 71 2.03988
28 72 8.67631
28 73 8.57266
28 74 0.47681
28 75 5.11598
28 76 6.14632
28 77 7.23106
28 78 4.05488
28 79 5.23648
28 80 2.39304
28 81 0.72675
28 82 7.27023
28 83 1.38446
28 84 2.33807
28 85 1.45909
28 86 4.4113
28 87 7.83889
28 88 0.99991
28 89 8.79182
28 90 5.56742
28 91 6.73623
28 92 3.51193
28 93 0.19689
28 94 3.69394
28 95 3.78027
28 96 1.33193
28 97 3.66921
28 98 2.44795
28 99 4.01714
29 30 4.90326
29 31 1.38104
29 32 1.34971
29 33 6.36582
29 34 4.73656
29 35 1.38586
29 36 3.18763
29 37 1.01717
29 38 1.76052
29 39 5.35446
29 40 4.6194
29 41 2.1628
29 42 6.94785
29 43 2.0359
29 44 0.85712
29 45 4.7178
29 46 7.84387
29 47 0.81928
29 48 3.35216
29 49 4.17334
29 50 2.86308
29 51 0.65832
29 52 1.15979
29 53 6.20521
29 54 5.75919
29 55 5.22596
29 56 5.17629
29 57 4.1138
29 58 4.78979
29 59 0.89305
29 60 8.55964
29 61 0.14314
29 62 8.02494
29 63 4.14443
29 64 7.46661
29 65 5.29481
29 66 5.92217
29 67 1.18341
29 68 1.97695
29 69 7.59893
29 70 7.10902
29 71 1.83732
29 72 1.45294
29 73 0.52834
29 74 4.28921
29 75 1.99123
29 76 1.03846
29 77 4.66063
29 78 4.77058
29 79 1.70673
29 80 7.64825
29 81 8.94726
29 82 5.09837
29 83 0.90221
29 84 5.49913
29 85 2.53334
29 86 7.23551
29 87 3.73907
29 88 2.51366
29 89 2.19463
29 90 7.58873
29 91 6.18882
29 92 1.36691
29 93 3.42659
29 94 4.41214
29 95 8.09301
29 96 3.32856
29 97 3.67613
29 98 6.11887
29 99 4.35158
30 31 1.16089
30 32 6.21415
30 33 8.77134
30 34 5.53901
30 35 7.19327
30 36 7.96662
30 37 8.43222
30 38 0.7511
30 39 0.60866
30 40 6.39525
30 41 4.03302
30 42 7.22416
30 43 8.74405
30 44 1.3178
30 45 7.78453
30 46 7.2648
30 47 3.7728
30 48 8.14032
30 49 4.49329
30 50 8.52455
30 51 8.5349
30 52 6.4432
30 53 3.31529
30 54 2.00403
30 55 8.19196
30 56 3.35706
30 57 0.43547
30 58 4.61255
30 59 7.52081
30 60 8.1283
30 61 8.98875
30 62 2.03955
30 63 6.48275
30 64 7.48159
30 65 2.97276
30 66 5.6757
30 67 4.83274
30 68 2.31995
30 69 6.19448
30 70 2.07296
30 71 6.44152
30 72 5.19911
30 73 0.76542
30 74 4.6911
30 75 4.93043
30 76 4.80862
30 77 6.04457
30 78 3.03043
30 79 2.43635
30 80 8.64108
30 81 7.21196
30 82 0.84059
30 83 3.63071
30 84 4.81543
30 85 2.765
30 86 3.81212
30 87 4.49495
30 88 4.78647
30 89 8.47264
30 90 5.47709
30 91 6.0425
30 92 4.38366
30 93 0.83835
30 94 1.74879
30 95 6.87579
30 96 8.71578
30 97 2.3097
30 98 6.93032
30 99 2.92209
31 32 6.21431
31 33 5.73135
31 34 7.37233
31 35 1.2538
31 36 8.55643
31 37 7.45903
31 38 1.5462
31 39 6.4538
31 40 8.18403
31 41 8.62784
31 42 2.6611
31 43 3.75345
31 44 5.30923
31 45 7.89785
31 46 4.06474
31 47 8.6155
31 48 3.14212
31 49 0.00896
31 50 0.1568
31 51 5.44637
31 52 0.2946
31 53 5.49315
31 54 0.63046
31 55 4.89162
31 56 3.92381
31 57 1.09241
31 58 4.58858
31 59 4.77197
31 60 1.80277
31 61 5.01277
31 62 5.47016
31 63 7.61879
31 64 5.23468
31 65 7.97394
31 66 6.51931
31 67 7.22855
31 68 6.24844
31 69 8.9677
31 70 0.71568
31 71 3.92814
31 72 4.53707
31 73 5.07802
31 74 3.42211
31 75 7.11725
31 76 0.2248
31 77 7.52511
31 78 6.06861
31 79 1.21159
31 80 0.5053
31 81 6.69553
31 82 5.00958
31 83 3.44131
31 84 6.70713
31 85 2.63506
31 86 6.34464
31 87 7.17672
31 88 3.12862
31 89 2.9111
31 90 4.53333
31 91 3.09029
31 92 2.59559
31 93 2.5787
31 94 6.29384
31 95 1.61586
31 96 6.50271
31 97 1.75892
31 98 3.05328
31 99 6.32208
32 33 7.84157
32 34 3.19571
32 35 4.03592
32 36 3.04886
32 37 5.364
32 38 6.50563
32 39 2.87987
32 40 2.3464
32 41 1.98904
32 42 4.78727
32 43 4.86996
32 44 6.1486
32 45 3.51821
32 46 4.9205
32 47 1.16409
32 48 7.13167
32 49 4.32207
32 50 6.51552
32 51 6.44998
32 52 6.9473
32 53 3.17892
32 54 5.29847
32 55 8.91654
32 56 3.65737
32 57 4.06201
32 58 0.54856
32 59 4.95878
32 60 5.33815
32 61 8.37359
32 62 3.55761
32 63 4.81794
32 64 5.06426
32 65 2.23791
32 66 3.30827
32 67 0.09384
32 68 1.1734
32 69 2.74715
32 70 1.49871
32 71 6.837
32 72 1.29046
32 73 1.26919
32 74 7.48486
32 75 2.2906
32 76 2.32796
32 77 6.30849
32 78 2.6074
32 79 5.6104
32 80 8.45278
32 81 3.46807
32 82 5.95087
32 83 2.1064
32 84 5.60008
32 85 7.13991
32 86 4.64622
32 87 1.06875
32 88 2.30664
32 89 2.97022
32 90 2.3199
32 91 6.867
32 92 2.25319
32 93 5.82121
32 94 3.04529
32 95 0.07842
32 96 8.13768
32 97 6.00964
32 98 7.38024
32 99 2.13962
33 34 2.30287
33 35 6.46952
33 36 3.54901
33 37 6.24237
33 38 1.64687
33 39 1.68155
33 40 7.66949
33 41 4.94774
33 42 5.14787
33 43 2.76668
33 44 2.99066
33 45 5.8894
33 46 5.12331
33 47 5.67777
33 48 2.29585
33 49 2.10556
33 50 1.42872
33 51 8.78183
33 52 6.90816
33 53 8.97197
33 54 8.27239
33 55 4.89139
33 56 3.72715
33 57 0.22658
33 58 7.32464
33 59 2.70531
33 60 8.283
33 61 5.32041
33 62 4.97937
33 63 8.28676
33 64 4.72502
33 65 2.13796
33 66 5.89399
33 67 2.98877
33 68 0.11483
33 69 1.74902
33 70 5.69484
33 71 3.56043
33 72 1.36287
33 73 4.44092
33 74 2.70987
33 75 2.32488
33 76 6.25531
33 77 5.98822
33 78 7.29108
33 79 2.54918
33 80 4.29771
33 81 4.91862
33 82 2.82643
33 83 2.57833
33 84 7.84951
33 85 4.94567
33 86 5.54034
33 87 4.58482
33 88 7.31829
33 89 0.52911
33 90 7.8238
33 91 7.15095
33 92 2.67423
33 93 4.34465
33 94 8.64604
33 95 2.25143
33 96 1.77266
33 97 6.28466
33 98 0.10073
33 99 7.34176
34 35 4.52863
34 36 3.67659
34 37 3.60893
34 38 1.80309
34 39 2.80554
34 40 6.0885
34 41 0.58871
34 42 8.39257
34 43 3.69962
34 44 6.79074
34 45 2.20281
34 46 7.97654
34 47 6.38917
34 48 3.44788
34 49 2.52507
34 50 3.05969
34 51 0.14884
34 52 7.97376
34 53 5.06981
34 54 6.31191
34 55 4.06348
34 56 3.25197
34 57 2.57747
34 58 7.43845
34 59 6.48258
34 60 5.83247
34 61 6.19693
34 62 3.48103
34 63 0.32996
34 64 7.99124
34 65 3.20614
34 66 2.27179
34 67 0.90431
34 68 2.56801
34 69 4.44459
34 70 3.48738
34 71 4.89777
34 72 2.95951
34 73 6.42829
34 74 1.64441
34 75 2.00647
34 76 6.14398
34 77 2.9349
34 78 1.21296
34 79 3.09806
34 80 0.50169
34 81 3.98631
34 82 7.30877
34 83 7.7176
34 84 3.85069
34 85 7.96247
34 86 0.79772
34 87 8.64652
34 88 8.37174
34 89 6.5215
34 90 6.35791
34 91 2.44824
34 92 3.49945
34 93 3.63489
34 94 4.0034
34 95 3.55994
34 96 4.11563
34 97 1.81509
34 98 8.94204
34 99 7.6675
35 36 8.66824
35 37 7.06766
35 38 4.30645
35 39 4.32431
35 40 4.17193
35 41 7.65692
35 42 6.93579
35 43 6.91348
35 44 5.21718
35 45 8.97989
35 46 4.40523
35 47 4.64106
35 48 3.36813
35 49 3.73633
35 50 1.1364
35 51 7.56925
35 52 3.64401
35 53 5.24996
35 54 8.49444
35 55 2.2219
35 56 6.3883
35 57 4.22155
35 58 0.73864
35 59 4.37828
35 60 4.84223
35 61 6.60128
35 62 8.44253
35 63 4.51982
35 64 8.62302
35 65 6.00723
35 66 1.49031
35 67 8.89393
35 68 1.44611
35 69 8.71752
35 70 5.56883
35 71 4.80995
35 72 3.99678
35 73 7.15607
35 74 7.29514
35 75 2.16544
35 76 4.23041
35 77 0.33678
35 78 6.45079
35 79 3.8519
35 80 1.08157
35 81 7.44145
35 82 3.62944
35 83 5.30989
35 84 3.70128
35 85 1.60045
35 86 7.86759
35 87 5.13812
35 88 3.43477
35 89 2.10897
35 90 1.5221
35 91 5.49094
35 92 5.73958
35 93 8.83819
35 94 1.06042
35 95 0.51114
35 96 0.27052
35 97 6.08524
35 98 7.76394
35 99 7.5584
36 37 1.00017
36 38 3.41832
36 39 1.0435
36 40 7.36243
36 41 3.29957
36 42 4.86167
36 43 0.238
36 44 6.41907
36 45 3.0116
36 46 4.6411
36 47 1.04162
36 48 3.46391
36 49 0.11577
36 50 3.31129
36 51 5.3742
36 52 6.63858
36 53 0.79219
36 54 7.55152
36 55 0.70457
36 56 1.71321
36 57 8.107
36 58 8.18997
36 59 8.02245
36 60 4.13772
36 61 1.97416
36 62 7.04171
36 63 3.16446
36 64 6.49195
36 65 7.84442
36 66 6.11364
36 67 3.85245
36 68 7.49692
36 69 2.12041
36 70 1.8141
36 71 4.38069
36 72 6.67132
36 73 2.26877
36 74 7.50772
36 75 0.96512
36 76 7.91883
36 77 0.27746
36 78 0.08191
36 79 4.02225
36 80 1.25421
36 81 3.31287
36 82 1.66641
36 83 8.14209
36 84 1.74416
36 85 2.42198
36 86 4.85489
36 87 4.98068
36 88 3.1445
36 89 6.07141
36 90 5.07022
36 91 7.71563
36 92 7.99968
36 93 1.45347
36 94 1.88965
36 95 8.55721
36 96 4.9468
36 97 1.46159
36 98 4.36186
36 99 7.82798
37 38 2.13859
37 39 2.63074
37 40 7.17534
37 41 0.34007
37 42 8.76615
37 43 5.94643
37 44 4.49979
37 45 5.34258
37 46 8.69624
37 47 6.74937
37 48 4.73325
37 49 5.44792
37 50 8.06357
37 51 3.83034
37 52 5.37422
37 53 2.3397
37 54 8.94571
37 55 0.73053
37 56 4.05269
37 57 3.50348
37 58 6.07529
37 59 5.48019
37 60 0.50169
37 61 8.70076
37 62 4.84608
37 63 8.15828
37 64 7.00711
37 65 3.79555
37 66 7.9142
37 67 2.74426
37 68 4.40125
37 69 2.93678
37 70 6.62297
37 71 5.43166
37 72 6.67047
37 73 1.78395
37 74 8.71405
37 75 6.30852
37 76 0.12041
37 77 8.46307
37 78 0.15891
37 79 5.34884
37 80 2.75051
37 81 6.16669
37 82 8.11773
37 83 8.91207
37 84 4.31494
37 85 8.22377
37 86 5.87558
37 87 5.60979
37 88 8.9015
37 89 2.19715
37 90 0.82763
37 91 2.48055
37 92 7.20446
37 93 1.81863
37 94 5.88304
37 95 2.98947
37 96 5.47711
37 97 6.57242
37 98 3.83463
37 99 7.67945
38 39 3.14733
38 40 5.66228
38 41 8.36741
38 42 2.17401
38 43 3.11207
38 44 1.3656
38 45 2.15429
38 46 7.67678
38 47 7.36325
38 48 1.73175
38 49 4.71166
38 50 2.82355
38 51 7.63283
38 52 8.32266
38 53 5.61108
38 54 1.3107
38 55 8.89881
38 56 5.9096
38 57 6.36093
38 58 0.04536
38 59 6.68393
38 60 3.5772
38 61 3.98575
38 62 2.93175
38 63 7.54719
38 64 2.74926
38 65 5.83336
38 66 6.77956
38 67 7.69884
38 68 0.8555
38 69 4.7723
38 70 4.79606
38 71 4.2886
38 72 8.57057
38 73 8.73556
38 74 5.80288
38 75 5.00387
38 76 8.32827
38 77 8.44026
38 78 2.19327
38 79 5.81797
38 80 0.07829
38 81 0.51598
38 82 8.77685
38 83 8.71065
38 84 3.33474
38 85 5.10225
38 86 4.85183
38 87 0.30688
38 88 3.42815
38 89 1.04735
38 90 2.71455
38 91 0.32478
38 92 5.95981
38 93 3.60501
38 94 2.5507
38 95 1.95155
38 96 8.26476
38 97 6.14497
38 98 3.1483
38 99 3.95526
39 40 3.69547
39 41 5.58681
39 42 3.96753
39 43 7.35345
39 44 1.77999
39 45 0.55434
39 46 8.46347
39 47 2.37249
39 48 2.57804
39 49 6.16869
39 50 2.83934
39 51 4.99784
39 52 3.10255
39 53 0.39566
39 54 5.84343
39 55 2.2841
39 56 8.39713
39 57 1.75721
39 58 0.91322
39 59 6.58535
39 60 3.72051
39 61 6.0269
39 62 6.82979
39 63 1.17765
39 64 7.23257
39 65 1.66432
39 66 0.95915
39 67 5.79329
39 68 8.7033
39 69 2.69664
39 70 1.36198
39 71 3.38086
39 72 6.98017
39 73 7.40342
39 74 2.872
39 75 6.01526
39 76 2.45812
39 77 1.55848
39 78 8.70945
39 79 4.51223
39 80 7.89414
39 81 1.93843
39 82 1.59739
39 83 5.99224
39 84 3.43942
39 85 6.66996
39 86 7.95679
39 87 5.89212
39 88 4.26623
39 89 8.01746
39 90 3.96754
39 91 7.00949
39 92 1.37143
39 93 1.95203
39 94 0.40466
39 95 3.73248
39 96 6.89353
39 97 0.77704
39 98 0.24974
39 99 5.31266
40 41 4.87097
40 42 3.05428
40 43 6.39333
40 44 8.45813
40 45 6.40553
40 46 4.19236
40 47 8.84805
40 48 8.75375
40 49 1.13956
40 50 0.48272
40 51 8.66167
40 52 5.66179
40 53 2.63368
40 54 3.76653
40 55 6.36615
40 56 1.38917
40 57 4.84174
40 58 7.65643
40 59 2.71168
40 60 6.73106
40 61 7.28666
40 62 4.42046
40 63 5.8666
40 64 3.18538
40 65 7.55283
40 66 2.69697
40 67 7.30061
40 68 5.88029
40 69 2.51294
40 70 6.51064
40 71 2.58842
40 72 0.17814
40 73 2.90099
40 74 4.30393
40 75 4.79431
40 76 2.82315
40 77 1.23028
40 78 7.61851
40 79 6.70901
40 80 4.32429
40 81 3.94701
40 82 6.41543
40 83 7.72045
40 84 6.58163
40 85 1.84261
40 86 6.59898
40 87 6.10662
40 88 0.90768
40 89 8.89036
40 90 7.81117
40 91 5.38926
40 92 2.03413
40 93 0.86686
40 94 6.99499
40 95 6.35421
40 96 8.55396
40 97 7.80014
40 98 5.61877
40 99 8.72366
41 42 6.1165
41 43 4.23235
41 44 4.59514
41 45 1.64529
41 46 8.10485
41 47 5.83547
41 48 5.35844
41 49 8.11623
41 50 7.19126
41 51 5.05727
41 52 7.23362
41 53 1.64388
41 54 2.14557
41 55 4.80526
41 56 3.05209
41 57 6.02309
41 58 2.52643
41 59 6.13515
41 60 0.38809
41 61 7.38737
41 62 1.10491
41 63 8.34492
41 64 5.46487
41 65 3.45965
41 66 3.544
41 67 7.36498
41 68 5.45458
41 69 2.1291
41 70 6.06961
41 71 5.59215
41 72 7.66087
41 73 5.33267
41 74 7.54006
41 75 5.91012
41 76 2.95102
41 77 7.28389
41 78 2.52346
41 79 6.58856
41 80 8.1853
41 81 1.38538
41 82 3.159
41 83 1.32633
41 84 5.34403
41 85 3.54086
41 86 7.27536
41 87 6.35895
41 88 5.51767
41 89 6.92113
41 90 7.13217
41 91 5.11359
41 92 6.58322
41 93 1.65188
41 94 7.10001
41 95 3.17177
41 96 5.68701
41 97 0.50401
41 98 0.93471
41 99 3.61272
42 43 8.75176
42 44 3.88465
42 45 7.24058
42 46 3.57265
42 47 2.54699
42 48 4.63195
42 49 3.06666
42 50 3.4849
42 51 2.05172
42 52 4.09412
42 53 1.09092
42 54 5.0283
42 55 5.1402
42 56 1.40327
42 57 2.25687
42 58 3.97571
42 59 0.08551
42 60 6.68827
42 61 7.51591
42 62 1.82208
42 63 4.72609
42 64 7.90133
42 65 2.23747
42 66 2.02839
42 67 1.96179
42 68 6.81599
42 69 1.93011
42 70 8.12218
42 71 4.71946
42 72 0.05969
42 73 7.92798
42 74 7.45668
42 75 5.41153
42 76 0.69806
42 77 7.53389
42 78 8.94828
42 79 0.48344
42 80 5.63367
42 81 4.15592
42 82 3.01301
42 83 1.32429
42 84 6.8076
42 85 7.48147
42 86 8.99436
42 87 2.52523
42 88 5.77241
42 89 8.00984
42 90 0.92661
42 91 2.37469
42 92 2.17402
42 93 7.06142
42 94 2.88947
42 95 2.89457
42 96 3.10231
42 97 0.43345
42 98 8.00179
42 99 6.29719
43 44 5.91967
43 45 8.73776
43 46 4.22132
43 47 8.33589
43 48 3.99545
43 49 8.67502
43 50 2.03169
43 51 8.27797
43 52 1.65837
43 53 7.96662
43 54 8.02216
43 55 7.85951
43 56 1.03487
43 57 6.89786
43 58 2.59866
43 59 6.70082
43 60 3.01327
43 61 0.01975
43 62 4.16628
43 63 3.86513
43 64 2.13487
43 65 4.95018
43 66 0.33387
43 67 5.97925
43 68 8.54217
43 69 6.25658
43 70 6.75417
43 71 3.56562
43 72 2.29382
43 73 1.50564
43 74 2.44705
43 75 6.11731
43 76 6.52303
43 77 0.72961
43 78 2.78185
43 79 5.93477
43 80 0.80165
43 81 4.61137
43 82 7.04674
43 83 6.89083
43 84 0.71313
43 85 7.50773
43 86 8.01172
43 87 6.40456
43 88 4.34181
43 89 5.32481
43 90 7.14266
43 91 1.13414
43 92 7.98346
43 93 4.2008
43 94 2.42743
43 95 0.19864
43 96 4.2232
43 97 0.82137
43 98 1.45612
43 99 6.57896
44 45 4.30726
44 46 8.07269
44 47 4.44902
44 48 4.46127
44 49 4.60203
44 50 5.62415
44 51 8.2968
44 52 6.04236
44 53 1.52794
44 54 7.8487
44 55 7.44855
44 56 5.44859
44 57 1.74392
44 58 2.88416
44 59 7.33157
44 60 2.18271
44 61 5.73547
44 62 0.79459
44 63 2.67453
44 64 3.67382
44 65 3.88505
44 66 3.02347
44 67 6.05534
44 68 2.85687
44 69 3.96921
44 70 7.1008
44 71 3.26615
44 72 4.7231
44 73 6.55494
44 74 2.34655
44 75 0.1206
44 76 2.26661
44 77 6.94422
44 78 1.23864
44 79 8.72558
44 80 7.50014
44 81 6.96774
44 82 1.85681
44 83 3.60467
44 84 0.2479
44 85 0.45964
44 86 4.86725
44 87 5.26444
44 88 4.71044
44 89 5.15281
44 90 5.58541
44 91 0.75084
44 92 1.68709
44 93 4.65074
44 94 6.60949
44 95 2.27514
44 96 8.23303
44 97 5.05213
44 98 2.76423
44 99 7.33079
45 46 2.12394
45 47 2.62873
45 48 6.17674
45 49 6.34621
45 50 3.54307
45 51 0.68686
45 52 8.94981
45 53 6.89837
45 54 6.20906
45 55 3.16713
45 56 4.82407
45 57 8.27683
45 58 4.40614
45 59 0.13681
45 60 0.06906
45 61 4.33669
45 62 8.6651
45 63 6.28175
45 64 0.79243
45 65 8.90348
45 66 0.36163
45 67 5.77477
45 68 5.01467
45 69 1.24727
45 70 4.83444
45 71 5.46426
45 72 6.45572
45 73 1.18594
45 74 4.20157
45 75 5.31698
45 76 8.79929
45 77 3.76611
45 78 5.33906
45 79 0.24409
45 80 2.4655
45 81 3.17431
45 82 3.7726
45 83 7.24272
45 84 1.17927
45 85 0.93983
45 86 4.84577
45 87 0.29985
45 88 4.61522
45 89 2.11872
45 90 0.02744
45 91 7.06133
45 92 0.92886
45 93 6.67198
45 94 3.56398
45 95 2.66866
45 96 4.27716
45 97 3.37569
45 98 6.46138
45 99 1.22896
46 47 5.63808
46 48 2.46595
46 49 2.38856
46 50 2.36344
46 51 1.14042
46 52 2.9733
46 53 3.44033
46 54 6.35725
46 55 3.76187
46 56 6.01579
46 57 6.18399
46 58 8.90452
46 59 4.94612
46 60 7.73156
46 61 3.01552
46 62 5.89993
46 63 8.97712
46 64 7.95601
46 65 6.503
46 66 0.97151
46 67 1.78181
46 68 8.40126
46 69 7.88285
46 70 8.9053
46 71 6.99926
46 72 5.88005
46 73 4.17502
46 74 4.56225
46 75 5.20537
46 76 0.58145
46 77 8.6341
46 78 3.1608
46 79 1.50976
46 80 3.22573
46 81 5.74719
46 82 6.28679
46 83 5.31997
46 84 5.80366
46 85 2.73067
46 86 4.83054
46 87 7.39405
46 88 4.74868
46 89 2.15928
46 90 5.64144
46 91 1.23344
46 92 5.90426
46 93 8.49566
46 94 3.35613
46 95 3.24607
46 96 2.78613
46 97 3.02706
46 98 1.02021
46 99 6.74483
47 48 7.36014
47 49 7.31284
47 50 6.58702
47 51 5.81372
47 52 5.55299
47 53 4.86975
47 54 2.87398
47 55 4.91708
47 56 7.70717
47 57 3.76975
47 58 4.29511
47 59 1.32359
47 60 1.45143
47 61 8.57562
47 62 6.17979
47 63 5.81975
47 64 4.21646
47 65 8.26124
47 66 0.03162
47 67 2.33719
47 68 1.71473
47 69 4.01054
47 70 8.22678
47 71 3.08048
47 72 6.46412
47 73 4.93115
47 74 1.60267
47 75 8.82993
47 76 0.20002
47 77 6.33886
47 78 6.38994
47 79 5.45131
47 80 6.46808
47 81 0.1565
47 82 7.29063
47 83 7.24836
47 84 0.77796
47 85 7.44929
47 86 7.15366
47 87 6.42392
47 88 5.51446
47 89 2.50634
47 90 6.47926
47 91 6.65731
47 92 5.6983
47 93 3.94867
47 94 5.27751
47 95 6.60037
47 96 5.61758
47 97 2.90104
47 98 0.78303
47 99 4.19842
48 49 6.36668
48 50 2.40593
48 51 8.36583
48 52 1.95505
48 53 3.34161
48 54 4.12309
48 55 7.42593
48 56 4.68492
48 57 6.53159
48 58 1.18228
48 59 8.42917
48 60 0.02508
48 61 3.00196
48 62 7.56145
48 63 3.12376
48 64 0.94839
48 65 3.45005
48 66 8.55723
48 67 4.29575
48 68 1.08232
48 69 6.62952
48 70 3.1432
48 71 6.93345
48 72 2.18377
48 73 3.1733
48 74 3.62355
48 75 3.40981
48 76 3.14592
48 77 6.85346
48 78 6.97933
48 79 6.62969
48 80 6.82817
48 81 1.77031
48 82 2.8924
48 83 2.37328
48 84 4.98379
48 85 3.18412
48 86 6.64398
48 87 3.24288
48 88 6.20681
48 89 3.72976
48 90 1.37446
48 91 5.07739
48 92 1.19955
48 93 4.58126
48 94 0.17647
48 95 8.43871
48 96 4.14721
48 97 7.52285
48 98 6.98551
48 99 6.22129
49 50 0.27995
49 51 5.89681
49 52 0.50536
49 53 7.71627
49 54 6.46478
49 55 7.74115
49 56 3.58919
49 57 8.49116
49 58 4.09351
49 59 3.83327
49 60 7.64742
49 61 8.97437
49 62 1.52333
49 63 2.28979
49 64 4.65992
49 65 4.09116
49 66 3.15986
49 67 6.18993
49 68 5.63176
49 69 8.84146
49 70 4.39971
49 71 4.69906
49 72 1.8889
49 73 2.31526
49 74 4.36368
49 75 0.9034
49 76 1.27518
49 77 4.21842
49 78 8.63563
49 79 6.8327
49 80 2.51129
49 81 5.27297
49 82 3.77788
49 83 5.38643
49 84 4.21483
49 85 2.63545
49 86 0.28602
49 87 3.05327
49 88 7.78192
49 89 8.45597
49 90 2.9626
49 91 4.47603
49 92 1.54909
49 93 5.22968
49 94 3.77357
49 95 8.47225
49 96 5.56347
49 97 0.35027
49 98 5.35927
49 99 8.51215
50 51 3.39305
50 52 3.83657
50 53 0.94518
50 54 2.77762
50 55 8.12896
50 56 8.21739
50 57 0.59182
50 58 6.65224
50 59 4.06718
50 60 0.87863
50 61 3.54342
50 62 7.4392
50 63 5.60144
50 64 5.26028
50 65 2.11166
50 66 2.69389
50 67 5.48104
50 68 3.56951
50 69 3.23601
50 70 6.87503
50 71 5.76271
50 72 7.87926
50 73 1.1764
50 74 5.80915
50 75 4.74351
50 76 0.45809
50 77 0.80246
50 78 4.65436
50 79 5.08348
50 80 6.47955
50 81 1.26337
50 82 6.53161
50 83 2.05932
50 84 2.12986
50 85 2.09041
50 86 8.4717
50 87 8.44606
50 88 8.31898
50 89 0.40481
50 90 0.17919
50 91 8.00192
50 92 1.30852
50 93 2.667
50 94 6.08573
50 95 0.10033
50 96 2.06051
50 97 3.336
50 98 6.5555
50 99 8.80282
51 52 3.51179
51 53 0.38657
51 54 5.59865
51 55 2.32695
51 56 4.37021
51 57 0.20532
51 58 3.18939
51 59 0.93479
51 60 0.90636
51 61 1.22234
51 62 8.39767
51 63 5.32246
51 64 7.24975
51 65 3.47628
51 66 6.44706
51 67 0.39062
51 68 8.74922
51 69 0.33283
51 70 7.45543
51 71 2.96156
51 72 5.33276
51 73 2.8458
51 74 2.8316
51 75 1.20651
51 76 1.62775
51 77 1.04796
51 78 1.27067
51 79 2.97073
51 80 4.82703
51 81 6.75616
51 82 8.95754
51 83 7.58128
51 84 6.28353
51 85 4.5901
51 86 4.55234
51 87 7.94138
51 88 6.79176
51 89 8.64091
51 90 2.43494
51 91 4.45062
51 92 6.3358
51 93 0.94715
51 94 3.43079
51 95 4.52169
51 96 1.68696
51 97 0.12398
51 98 4.43972
51 99 6.09122
52 53 3.59504
52 54 7.73938
52 55 2.49806
52 56 5.00671
52 57 0.1697
52 58 5.07352
52 59 7.11013
52 60 5.17728
52 61 2.30372
52 62 6.01788
52 63 7.25863
52 64 1.9491
52 65 8.93572
52 66 3.74266
52 67 4.83005
52 68 4.13682
52 69 0.8439
52 70 6.45515
52 71 8.73879
52 72 6.06699
52 73 8.84689
52 74 1.43985
52 75 4.1154
52 76 5.33933
52 77 5.20194
52 78 1.24444
52 79 4.02533
52 80 2.66928
52 81 4.71573
52 82 8.03793
52 83 6.54134
52 84 5.63504
52 85 2.45403
52 86 1.27425
52 87 4.51492
52 88 8.02079
52 89 8.84328
52 90 6.82817
52 91 4.77395
52 92 5.01725
52 93 1.02269
52 94 0.10918
52 95 4.43996
52 96 6.16139
52 97 3.95803
52 98 7.45561
52 99 3.61332
53 54 1.5123
53 55 4.24985
53 56 5.97888
53 57 6.1172
53 58 6.79165
53 59 7.08526
53 60 6.64585
53 61 4.27598
53 62 8.4516
53 63 1.48382
53 64 0.16267
53 65 5.84517
53 66 5.7481
53 67 8.60446
53 68 0.42049
53 69 1.84209
53 70 0.43148
53 71 1.88227
53 72 1.75384
53 73 4.14561
53 74 2.46462
53 75 6.10596
53 76 8.91501
53 77 8.97381
53 78 4.27005
53 79 6.47366
53 80 2.56693
53 81 1.46761
53 82 8.20805
53 83 0.60943
53 84 0.33337
53 85 2.01653
53 86 0.0241
53 87 0.05092
53 88 3.38949
53 89 1.00139
53 90 1.45589
53 91 8.54942
53 92 7.19859
53 93 7.95366
53 94 5.46503
53 95 7.78654
53 96 2.76962
53 97 8.23781
53 98 1.91162
53 99 5.18773
54 55 3.02442
54 56 8.98002
54 57 7.12086
54 58 5.52475
54 59 6.54677
54 60 2.81333
54 61 4.44354
54 62 7.08076
54 63 6.44089
54 64 0.65893
54 65 6.86789
54 66 3.22461
54 67 7.70008
54 68 1.94586
54 69 0.57329
54 70 5.38275
54 71 1.78643
54 72 5.68817
54 73 8.72308
54 74 0.76502
54 75 8.52759
54 76 4.91266
54 77 2.6694
54 78 8.05399
54 79 3.07669
54 80 7.11842
54 81 7.81381
54 82 3.85492
54 83 0.11779
54 84 0.81082
54 85 6.24232
54 86 1.8983
54 87 4.9288
54 88 8.73022
54 89 4.24431
54 90 6.04296
54 91 6.90686
54 92 0.93501
54 93 2.12305
54 94 2.79936
54 95 8.71054
54 96 3.69673
54 97 0.13411
54 98 7.06934
54 99 4.0299
55 56 8.22968
55 57 0.00095
55 58 6.79587
55 59 4.1089
55 60 8.98544
55 61 3.76671
55 62 3.39669
55 63 0.39675
55 64 3.89371
55 65 2.52932
55 66 8.81732
55 67 4.22194
55 68 2.11666
55 69 6.87104
55 70 7.9495
55 71 0.86501
55 72 7.59211
55 73 5.70176
55 74 4.03093
55 75 8.36917
55 76 2.93328
55 77 8.27845
55 78 2.03113
55 79 2.16445
55 80 1.22058
55 81 7.66145
55 82 3.70919
55 83 4.88462
55 84 0.8296
55 85 1.34012
55 86 5.75469
55 87 6.99167
55 88 3.37537
55 89 1.02955
55 90 0.255
55 91 4.86647
55 92 4.73912
55 93 8.7644
55 94 8.16964
55 95 3.37419
55 96 1.80316
55 97 6.53529
55 98 1.46389
55 99 8.52427
56 57 0.56745
56 58 5.75188
56 59 7.83419
56 60 7.79397
56 61 0.8841
56 62 8.63556
56 63 6.87011
56 64 0.93486
56 65 5.91198
56 66 7.49416
56 67 1.39324
56 68 2.98548
56 69 5.16024
56 70 1.82129
56 71 1.58433
56 72 7.5602
56 73 8.33865
56 74 0.64436
56 75 4.18181
56 76 6.80304
56 77 4.19458
56 78 0.71251
56 79 1.83707
56 80 4.00105
56 81 5.91488
56 82 1.92191
56 83 8.97728
56 84 1.64225
56 85 0.41513
56 86 6.80276
56 87 4.14958
56 88 5.93184
56 89 8.70392
56 90 5.71085
56 91 4.93774
56 92 1.55679
56 93 1.22458
56 94 3.09763
56 95 1.68635
56 96 0.92879
56 97 0.59218
56 98 6.19547
56 99 5.04805
57 58 3.00948
57 59 8.96268
57 60 5.6505
57 61 1.05238
57 62 3.85219
57 63 8.54755
57 64 8.66633
57 65 2.8474
57 66 4.08606
57 67 7.20233
57 68 6.53672
57 69 8.44101
57 70 8.83595
57 71 4.84373
57 72 3.56962
57 73 7.04856
57 74 3.01889
57 75 2.87135
57 76 2.57702
57 77 2.21433
57 78 6.56259
57 79 8.73436
57 80 3.47498
57 81 5.11475
57 82 6.79316
57 83 7.67427
57 84 1.81347
57 85 4.96081
57 86 6.6186
57 87 2.79097
57 88 1.55438
57 89 8.96269
57 90 1.95634
57 91 2.35086
57 92 7.85567
57 93 5.74411
57 94 3.95643
57 95 8.00637
57 96 2.092
57 97 4.97599
57 98 1.30681
57 99 3.90819
58 59 2.34386
58 60 0.94721
58 61 1.55916
58 62 4.41618
58 63 4.25588
58 64 2.51553
58 65 5.31383
58 66 6.31628
58 67 1.75307
58 68 5.99636
58 69 5.24319
58 70 0.25342
58 71 7.37369
58 72 7.41779
58 73 2.1337
58 74 5.70372
58 75 1.81891
58 76 2.28177
58 77 7.77559
58 78 4.07085
58 79 1.80653
58 80 5.74001
58 81 0.63662
58 82 7.19046
58 83 6.36076
58 84 0.6191
58 85 8.39574
58 86 6.84243
58 87 5.75623
58 88 2.90782
58 89 6.08528
58 90 7.18338
58 91 8.4989
58 92 1.89835
58 93 8.10868
58 94 1.33873
58 95 1.56469
58 96 1.75566
58 97 8.69684
58 98 2.23113
58 99 8.40322
59 60 5.12618
59 61 5.97218
59 62 4.97992
59 63 2.59629
59 64 2.77004
59 65 2.25444
59 66 1.42491
59 67 5.09866
59 68 8.34357
59 69 0.32197
59 70 8.44024
59 71 5.23279
59 72 8.28051
59 73 0.96716
59 74 4.31211
59 75 1.21509
59 76 3.54146
59 77 2.9849
59 78 7.78167
59 79 2.9722
59 80 0.63792
59 81 4.6467
59 82 4.94374
59 83 7.95379
59 84 5.93013
59 85 3.48335
59 86 6.53291
59 87 3.78097
59 88 3.3382
59 89 2.19849
59 90 6.37122
59 91 0.3188
59 92 6.94417
59 93 7.66556
59 94 3.55272
59 95 7.19636
59 96 0.71354
59 97 4.32597
59 98 5.68369
59 99 1.18507
60 61 8.94054
60 62 8.2682
60 63 2.29263
60 64 8.35047
60 65 3.83219
60 66 5.27113
60 67 2.2807
60 68 8.68001
60 69 8.44878
60 70 3.4143
60 71 3.16926
60 72 6.27536
60 73 3.01525
60 74 5.49096
60 75 7.11323
60 76 7.47005
60 77 0.9331
60 78 8.34285
60 79 0.79879
60 80 1.1835
60 81 5.10771
60 82 5.47467
60 83 3.0669
60 84 4.61323
60 85 2.36639
60 86 2.06754
60 87 2.61554
60 88 8.08799
60 89 4.41679
60 90 5.43595
60 91 4.55586
60 92 4.17307
60 93 8.6151
60 94 3.01823
60 95 0.35352
60 96 0.19179
60 97 2.60978
60 98 7.46447
60 99 0.91129
61 62 1.32451
61 63 6.19933
61 64 0.63355
61 65 1.86005
61 66 3.4038
61 67 1.48489
61 68 7.11383
61 69 5.03973
61 70 6.95264
61 71 5.76803
61 72 2.8469
61 73 2.96576
61 74 7.89509
61 75 2.97215
61 76 3.06324
61 77 7.66821
61 78 3.24679
61 79 4.44672
61 80 3.69307
61 81 5.87379
61 82 2.37138
61 83 2.9165
61 84 5.05787
61 85 6.9588
61 86 6.4566
61 87 4.89137
61 88 5.38438
61 89 3.42918
61 90 1.85777
61 91 1.37888
61 92 5.67509
61 93 6.49592
61 94 1.14744
61 95 2.32843
61 96 3.67807
61 97 0.71653
61 98 5.03856
61 99 8.10167
62 63 2.35931
62 64 7.02215
62 65 0.09794
62 66 4.86923
62 67 2.3779
62 68 3.09338
62 69 2.34843
62 70 7.09941
62 71 6.7149
62 72 1.35196
62 73 1.41675
62 74 0.5646
62 75 4.70203
62 76 5.34064
62 77 0.89499
62 78 5.55413
62 79 4.68959
62 80 5.08015
62 81 7.86218
62 82 0.88035
62 83 8.03501
62 84 8.7217
62 85 8.83555
62 86 7.60623
62 87 8.23568
62 88 2.30768
62 89 2.38415
62 90 4.38633
62 91 8.29065
62 92 4.78778
62 93 4.04779
62 94 5.09963
62 95 5.79509
62 96 3.57733
62 97 2.99653
62 98 0.83742
62 99 4.95134
63 64 4.74688
63 65 3.56812
63 66 3.28435
63 67 8.08359
63 68 0.54655
63 69 8.92767
63 70 8.49678
63 71 3.90134
63 72 8.10665
63 73 6.89755
63 74 1.85978
63 75 1.70665
63 76 4.35717
63 77 3.22373
63 78 4.7053
63 79 1.50169
63 80 5.10948
63 81 7.09072
63 82 5.69104
63 83 4.03233
63 84 2.07434
63 85 6.45905
63 86 3.8419
63 87 7.06434
63 88 2.95757
63 89 3.51019
63 90 4.13793
63 91 7.01243
63 92 1.61765
63 93 3.08699
63 94 0.26548
63 95 7.41897
63 96 3.61905
63 97 0.00286
63 98 6.306
63 99 1.10085
64 65 5.77186
64 66 5.77548
64 67 4.80527
64 68 4.52276
64 69 7.91605
64 70 8.70794
64 71 1.12752
64 72 5.9565
64 73 8.99265
64 74 2.80865
64 75 5.04685
64 76 6.97828
64 77 1.25718
64 78 2.51524
64 79 4.27791
64 80 8.77114
64 81 1.8695
64 82 7.2528
64 83 6.99572
64 84 8.34815
64 85 6.15435
64 86 8.96648
64 87 1.17939
64 88 1.55226
64 89 1.94054
64 90 3.22696
64 91 4.02677
64 92 7.53974
64 93 5.63025
64 94 5.3906
64 95 1.75551
64 96 0.8625
64 97 8.1484
64 98 8.23857
64 99 6.50366
65 66 8.54193
65 67 6.16552
65 68 1.54141
65 69 8.03425
65 70 1.99113
65 71 6.08164
65 72 0.25468
65 73 4.72747
65 74 6.06193
65 75 8.39342
65 76 7.85877
65 77 0.12689
65 78 1.48312
65 79 2.58204
65 80 8.0215
65 81 3.72914
65 82 7.28131
65 83 0.53639
65 84 5.25085
65 85 0.39409
65 86 7.10007
65 87 6.4261
65 88 3.41361
65 89 4.48427
65 90 8.47559
65 91 4.58547
65 92 2.0774
65 93 3.10972
65 94 0.12223
65 95 6.72224
65 96 3.1343
65 97 3.9808
65 98 2.07509
65 99 3.24339
66 67 1.5692
66 68 7.77538
66 69 0.4636
66 70 1.01422
66 71 4.68823
66 72 5.80418
66 73 1.52068
66 74 0.24766
66 75 1.48441
66 76 2.95724
66 77 6.37933
66 78 5.66792
66 79 5.03069
66 80 0.13672
66 81 0.52323
66 82 6.53705
66 83 0.12093
66 84 8.22954
66 85 2.83133
66 86 8.67381
66 87 8.60035
66 88 5.26595
66 89 3.18766
66 90 3.35427
66 91 2.48896
66 92 6.41076
66 93 1.53931
66 94 1.4499
66 95 1.13499
66 96 8.23961
66 97 0.12268
66 98 7.13511
66 99 4.88387
67 68 4.73533
67 69 8.63237
67 70 4.95578
67 71 4.70888
67 72 1.73589
67 73 3.88868
67 74 2.27924
67 75 0.15331
67 76 0.35277
67 77 1.77093
67 78 1.03108
67 79 7.4186
67 80 3.03702
67 81 6.60644
67 82 2.46068
67 83 7.73236
67 84 1.50184
67 85 2.9256
67 86 0.80413
67 87 8.498
67 88 6.95423
67 89 5.11472
67 90 6.16132
67 91 1.02224
67 92 3.88125
67 93 4.62698
67 94 7.81457
67 95 3.78282
67 96 8.3563
67 97 4.99166
67 98 4.1712
67 99 7.91479
68 69 7.59629
68 70 8.13791
68 71 8.25078
68 72 4.5847
68 73 2.29356
68 74 4.76661
68 75 6.37964
68 76 7.52169
68 77 2.48296
68 78 6.47381
68 79 6.34185
68 80 6.22901
68 81 6.42882
68 82 0.56039
68 83 7.31376
68 84 0.97621
68 85 0.44471
68 86 6.53087
68 87 3.2031
68 88 2.62423
68 89 6.90443
68 90 4.57562
68 91 4.78072
68 92 0.55426
68 93 7.33406
68 94 1.80508
68 95 5.21147
68 96 0.19645
68 97 6.84581
68 98 0.06102
68 99 5.50807
69 70 5.84485
69 71 1.0162
69 72 4.56567
69 73 8.04559
69 74 5.01513
69 75 0.56057
69 76 1.02986
69 77 6.75144
69 78 1.10231
69 79 8.32803
69 80 5.25565
69 81 1.34585
69 82 2.15614
69 83 4.58515
69 84 3.81558
69 85 8.43664
69 86 5.78908
69 87 3.70301
69 88 2.61
69 89 7.06324
69 90 1.60871
69 91 1.63155
69 92 0.14872
69 93 7.39133
69 94 6.88706
69 95 5.43608
69 96 7.36075
69 97 3.11342
69 98 6.79079
69 99 6.68885
70 71 3.63975
70 72 4.55228
70 73 8.23732
70 74 3.29529
70 75 7.30806
70 76 0.87702
70 77 2.33384
70 78 8.02599
70 79 0.49542
70 80 2.04202
70 81 0.29151
70 82 0.78194
70 83 4.51664
70 84 3.74881
70 85 0.79369
70 86 0.53805
70 87 2.6888
70 88 4.4447
70 89 1.37455
70 90 4.91745
70 91 4.66956
70 92 4.94718
70 93 4.58675
70 94 4.46056
70 95 2.68768
70 96 4.78513
70 97 1.98442
70 98 0.00383
70 99 3.45632
71 72 7.71199
71 73 0.2327
71 74 4.14348
71 75 8.39625
71 76 7.33521
71 77 0.40158
71 78 3.47756
71 79 4.84884
71 80 0.37831
71 81 8.12513
71 82 5.99314
71 83 1.39879
71 84 1.57236
71 85 4.07155
71 86 8.946
71 87 8.01291
71 88 4.46791
71 89 6.32481
71 90 4.81947
71 91 7.24089
71 92 0.58886
71 93 8.1629
71 94 8.04201
71 95 2.17721
71 96 0.86855
71 97 5.16678
71 98 0.68049
71 99 8.51689
72 73 5.13786
72 74 2.67387
72 75 5.92011
72 76 1.05821
72 77 2.44585
72 78 0.35872
72 79 0.36005
72 80 6.49721
72 81 5.47916
72 82 5.80685
72 83 4.47585
72 84 0.26284
72 85 0.88746
72 86 0.56063
72 87 5.47965
72 88 6.19125
72 89 7.29834
72 90 3.61403
72 91 8.90372
72 92 0.36075
72 93 0.04271
72 94 1.26711
72 95 6.97182
72 96 8.83063
72 97 5.81455
72 98 7.06677
72 99 2.2727
73 74 7.55708
73 75 6.81343
73 76 1.75763
73 77 0.75401
73 78 6.63061
73 79 1.30558
73 80 7.53316
73 81 4.59703
73 82 0.76757
73 83 6.24544
73 84 4.52086
73 85 8.84685
73 86 4.70239
73 87 4.05764
73 88 6.6735
73 89 8.94016
73 90 0.36033
73 91 8.40747
73 92 0.33949
73 93 3.0498
73 94 2.29889
73 95 8.07405
73 96 6.27552
73 97 8.49805
73 98 6.45049
73 99 7.19492
74 75 4.11792
74 76 2.41282
74 77 7.0554
74 78 4.13905
74 79 6.0887
74 80 2.04035
74 81 5.4305
74 82 7.28499
74 83 3.57803
74 84 7.56917
74 85 4.99043
74 86 6.51956
74 87 4.7915
74 88 5.63177
74 89 8.81696
74 90 1.10035
74 91 0.52081
74 92 8.15781
74 93 5.72501
74 94 2.07671
74 95 8.86056
74 96 7.74093
74 97 0.759
74 98 4.04166
74 99 5.40434
75 76 8.68697
75 77 0.26806
75 78 1.56414
75 79 3.75409
75 80 2.68088
75 81 3.30522
75 82 7.40914
75 83 2.49335
75 84 6.24129
75 85 6.37966
75 86 5.74213
75 87 6.63906
75 88 0.71806
75 89 4.26579
75 90 2.05173
75 91 1.90664
75 92 0.94133
75 93 2.10955
75 94 8.19474
75 95 8.19529
75 96 6.92944
75 97 1.62471
75 98 0.95833
75 99 1.55703
76 77 4.86442
76 78 1.81543
76 79 5.65872
76 80 5.03949
76 81 3.40116
76 82 3.64875
76 83 1.67571
76 84 3.27834
76 85 2.66299
76 86 5.62962
76 87 6.93702
76 88 2.17167
76 89 5.99446
76 90 3.9681
76 91 8.09322
76 92 1.96802
76 93 0.90342
76 94 1.30785
76 95 3.85121
76 96 7.80999
76 97 3.66908
76 98 8.4357
76 99 4.97722
77 78 5.8264
77 79 6.19221
77 80 0.07622
77 81 1.72399
77 82 2.65594
77 83 4.40456
77 84 3.85943
77 85 6.69374
77 86 8.60494
77 87 8.61771
77 88 6.95741
77 89 6.37803
77 90 8.44495
77 91 1.33215
77 92 6.18553
77 93 7.72057
77 94 3.23123
77 95 7.74261
77 96 4.51522
77 97 6.55927
77 98 4.01351
77 99 3.49327
78 79 8.6424
78 80 6.25181
78 81 4.86767
78 82 1.75776
78 83 8.1531
78 84 4.58378
78 85 7.0439
78 86 5.50608
78 87 4.77246
78 88 8.19771
78 89 3.79577
78 90 1.66384
78 91 3.5705
78 92 7.95921
78 93 4.51067
78 94 6.15353
78 95 5.06488
78 96 0.86614
78 97 1.41224
78 98 5.34623
78 99 3.22634
79 80 0.59145
79 81 8.67366
79 82 0.01187
79 83 8.5996
79 84 4.00502
79 85 5.58664
79 86 4.0594
79 87 8.31085
79 88 7.76167
79 89 6.77567
79 90 6.86318
79 91 2.46495
79 92 7.52794
79 93 8.28097
79 94 3.37951
79 95 4.83593
79 96 0.29939
79 97 8.45339
79 98 7.05701
79 99 7.49845
80 81 3.80212
80 82 8.15145
80 83 3.30098
80 84 5.99969
80 85 1.39619
80 86 4.82757
80 87 0.7612
80 88 4.94563
80 89 7.80097
80 90 4.55399
80 91 1.09883
80 92 1.41059
80 93 6.12354
80 94 5.89726
80 95 1.28784
80 96 2.84779
80 97 2.23476
80 98 2.13209
80 99 4.13968
81 82 8.39649
81 83 3.06044
81 84 8.19564
81 85 6.47334
81 86 0.27572
81 87 3.21399
81 88 7.86027
81 89 5.57548
81 90 5.15807
81 91 2.20975
81 92 2.75885
81 93 7.58855
81 94 3.011
81 95 4.09445
81 96 3.67441
81 97 1.73157
81 98 3.24189
81 99 8.62229
82 83 2.35683
82 84 4.10103
82 85 1.6167
82 86 7.00551
82 87 4.82851
82 88 4.97533
82 89 0.61391
82 90 6.76302
82 91 6.95372
82 92 8.93456
82 93 1.13482
82 94 4.68556
82 95 4.01262
82 96 8.60019
82 97 0.39893
82 98 3.45276
82 99 3.25057
83 84 4.98087
83 85 0.85133
83 86 6.83377
83 87 6.19101
83 88 3.875
83 89 7.4647
83 90 3.67461
83 91 3.71411
83 92 7.04941
83 93 8.02108
83 94 5.03407
83 95 4.68264
83 96 3.65509
83 97 0.01806
83 98 7.53164
83 99 7.77587
84 85 7.0237
84 86 8.32697
84 87 3.32413
84 88 5.94709
84 89 1.69089
84 90 0.31258
84 91 0.80941
84 92 0.50964
84 93 2.43606
84 94 6.50197
84 95 6.77641
84 96 2.90967
84 97 4.95238
84 98 5.84292
84 99 2.39974
85 86 3.76828
85 87 5.60184
85 88 2.68816
85 89 1.8156
85 90 3.51199
85 91 0.28965
85 92 4.77451
85 93 7.5973
85 94 1.15667
85 95 6.04458
85 96 0.68086
85 97 2.2616
85 98 0.94954
85 99 7.20199
86 87 4.09518
86 88 0.11259
86 89 2.70385
86 90 2.5172
86 91 7.8369
86 92 1.75831
86 93 3.98875
86 94 0.38485
86 95 6.08718
86 96 2.20415
86 97 7.07808
86 98 2.13303
86 99 7.81759
87 88 6.4791
87 89 4.61309
87 90 3.683
87 91 7.54809
87 92 8.64595
87 93 2.54587
87 94 6.12114
87 95 6.55262
87 96 3.50397
87 97 8.82109
87 98 8.34713
87 99 4.32032
88 89 6.5471
88 90 4.80598
88 91 0.9677
88 92 3.08848
88 93 0.80113
88 94 7.25528
88 95 3.51522
88 96 6.67579
88 97 0.54431
88 98 3.45753
88 99 4.94795
89 90 2.34815
89 91 7.53847
89 92 8.04841
89 93 5.41613
89 94 8.01542
89 95 3.62651
89 96 6.56778
89 97 8.41313
89 98 4.68626
89 99 7.54114
90 91 1.74687
90 92 8.12599
90 93 5.05936
90 94 4.37979
90 95 4.55282
90 96 0.39608
90 97 1.79638
90 98 2.20391
90 99 6.58104
91 92 7.8344
91 93 1.98507
91 94 7.73438
91 95 6.88857
91 96 8.53032
91 97 0.66493
91 98 3.38614
91 99 1.97987
92 93 7.45666
92 94 1.03244
92 95 8.06803
92 96 7.33348
92 97 0.34469
92 98 6.13188
92 99 8.18166
93 94 2.8028
93 95 5.52113
93 96 6.06016
93 97 1.26833
93 98 8.19335
93 99 7.67541
94 95 5.05528
94 96 5.82163
94 97 7.71161
94 98 1.09666
94 99 4.33769
95 96 8.29713
95 97 6.65471
95 98 8.27786
95 99 8.36806
96 97 1.721
96 98 3.54141
96 99 4.32532
97 98 0.16707
97 99 8.07084
98 99 7.48499
