50 5
0 1 1.45356
0 2 2.30032
0 3 6.54137
0 4 6.90535
0 5 4.07073
0 6 0.22231
0 7 8.53323
0 8 2.06076
0 9 3.80473
0 10 4.84401
0 11 2.07544
0 12 5.26717
0 13 1.90223
0 14 8.24643
0 15 8.14619
0 16 1.58797
0 17 4.36851
0 18 2.8615
0 19 5.49545
0 20 5.10044
0 21 8.39246
0 22 2.25082
0 23 1.64331
0 24 1.68806
0 25 5.95347
0 26 7.62916
0 27 7.9274
0 28 0.13082
0 29 2.99306
0 30 5.43093
0 31 2.85361
0 32 7.90877
0 33 7.21667
0 34 7.93277
0 35 2.82254
0 36 4.56705
0 37 6.09534
0 38 6.77534
0 39 3.15346
0 40 8.44173
0 41 8.69047
0 42 5.78334
0 43 2.45151
0 44 3.4069
0 45 6.2061
0 46 1.86604
0 47 4.30068
0 48 6.77509
0 49 8.0603
1 2 4.95104
1 3 4.30398
1 4 1.83063
1 5 4.9748
1 6 8.40346
1 7 4.72875
1 8 3.53447
1 9 6.94792
1 10 6.32416
1 11 6.87409
1 12 0.52116
1 13 2.21532
1 14 6.33454
1 15 1.10103
1 16 3.73007
1 17 8.23628
1 18 5.64509
1 19 8.96518
1 20 4.35735
1 21 2.6858
1 22 1.3415
1 23 6.07423
1 24 0.94609
1 25 5.28051
1 26 1.20081
1 27 3.00938
1 28 3.48369
1 29 2.34579
1 30 6.27715
1 31 5.57733
1 32 5.99084
1 33 8.08837
1 34 7.81633
1 35 6.02064
1 36 7.32842
1 37 8.04779
1 38 8.2613
1 39 2.11525
1 40 5.39627
1 41 4.16693
1 42 0.24605
1 43 3.31874
1 44 8.61085
1 45 0.80451
1 46 4.98974
1 47 1.14764
1 48 0.3594
1 49 5.58083
2 3 1.55272
2 4 3.9362
2 5 8.88882
2 6 1.22804
2 7 8.96373
2 8 7.92146
2 9 8.31003
2 10 5.46497
2 11 0.40535
2 12 3.93339
2 13 8.21944
2 14 1.74568
2 15 8.14752
2 16 4.41545
2 17 7.55347
2 18 5.61869
2 19 6.03476
2 20 6.67712
2 21 1.60419
2 22 5.19904
2 23 8.75767
2 24 0.43382
2 25 1.0232
2 26 1.86117
2 27 7.06219
2 28 7.9634
2 29 1.05595
2 30 1.53786
2 31 7.44351
2 32 4.01794
2 33 0.04412
2 34 5.70746
2 35 0.68083
2 36 1.67324
2 37 8.84993
2 38 8.88125
2 39 4.06618
2 40 5.29746
2 41 8.39791
2 42 6.4651
2 43 0.37084
2 44 1.2174
2 45 3.18825
2 46 0.0891
2 47 1.34077
2 48 6.89311
2 49 2.31512
3 4 3.98279
3 5 6.36403
3 6 2.06283
3 7 7.92817
3 8 0.35498
3 9 3.23293
3 10 5.28012
3 11 3.48973
3 12 8.92566
3 13 6.14081
3 14 6.21882
3 15 0.65954
3 16 2.51203
3 17 8.31105
3 18 0.84134
3 19 8.74212
3 20 4.95135
3 21 1.75141
3 22 0.89151
3 23 8.59255
3 24 4.97116
3 25 2.532
3 26 2.83618
3 27 0.91959
3 28 6.28223
3 29 2.84786
3 30 3.11293
3 31 8.69262
3 32 0.32401
3 33 7.12429
3 34 1.48307
3 35 2.45091
3 36 6.39643
3 37 6.25293
3 38 4.54753
3 39 7.50601
3 40 8.04099
3 41 8.92081
3 42 6.71744
3 43 6.76168
3 44 2.72839
3 45 6.24154
3 46 1.18691
3 47 3.23218
3 48 3.58926
3 49 7.03395
4 5 6.84278
4 6 0.30802
4 7 7.8254
4 8 8.45536
4 9 6.92444
4 10 2.9382
4 11 1.12157
4 12 4.11425
4 13 1.38439
4 14 6.44341
4 15 1.82291
4 16 8.09196
4 17 5.80263
4 18 4.53732
4 19 0.41027
4 20 1.17498
4 21 4.85013
4 22 3.19604
4 23 2.35079
4 24 2.8494
4 25 6.23483
4 26 7.70284
4 27 8.526
4 28 0.15817
4 29 1.6421
4 30 1.91001
4 31 7.7917
4 32 7.49203
4 33 0.22518
4 34 2.91642
4 35 3.93388
4 36 1.29055
4 37 4.91842
4 38 2.14083
4 39 5.96361
4 40 1.88063
4 41 4.75715
4 42 3.2637
4 43 1.5503
4 44 1.58686
4 45 7.84101
4 46 6.14815
4 47 5.60132
4 48 3.41929
4 49 1.70328
5 6 3.19324
5 7 6.96492
5 8 7.2597
5 9 2.19022
5 10 8.41778
5 11 5.47224
5 12 7.49939
5 13 6.48965
5 14 0.41541
5 15 2.03121
5 16 0.39294
5 17 5.32653
5 18 2.25736
5 19 1.98482
5 20 7.87548
5 21 8.14255
5 22 6.53366
5 23 2.26214
5 24 7.69619
5 25 3.62273
5 26 8.18146
5 27 2.56816
5 28 7.37793
5 29 3.29491
5 30 3.76655
5 31 5.23224
5 32 3.67679
5 33 3.42834
5 34 5.8731
5 35 1.61216
5 36 1.73909
5 37 1.8004
5 38 0.90302
5 39 5.20915
5 40 2.21864
5 41 5.66432
5 42 5.57697
5 43 0.5871
5 44 0.83026
5 45 1.69411
5 46 0.43061
5 47 4.88616
5 48 7.76063
5 49 5.87274
6 7 3.7781
6 8 0.20386
6 9 3.19498
6 10 2.23244
6 11 7.54498
6 12 0.06637
6 13 6.16865
6 14 1.62809
6 15 8.16526
6 16 7.04198
6 17 5.151
6 18 0.69067
6 19 3.00136
6 20 8.99892
6 21 7.04301
6 22 0.18664
6 23 5.17982
6 24 0.2711
6 25 0.73801
6 26 7.10126
6 27 2.61449
6 28 1.16869
6 29 7.3201
6 30 0.93526
6 31 3.17443
6 32 4.74106
6 33 1.13646
6 34 7.0578
6 35 4.75456
6 36 8.49338
6 37 3.3728
6 38 3.2417
6 39 8.41477
6 40 7.21021
6 41 8.37322
6 42 8.15447
6 43 4.31439
6 44 4.93425
6 45 7.9229
6 46 6.39361
6 47 7.94545
6 48 7.26349
6 49 5.57855
7 8 7.86056
7 9 7.4402
7 10 3.63542
7 11 1.14499
7 12 2.49193
7 13 6.75997
7 14 7.7432
7 15 7.03269
7 16 7.95535
7 17 6.32104
7 18 4.421
7 19 8.58418
7 20 5.18054
7 21 6.12851
7 22 8.29412
7 23 6.19946
7 24 4.76512
7 25 1.15806
7 26 1.69973
7 27 1.94399
7 28 1.26385
7 29 1.80059
7 30 1.50278
7 31 4.20788
7 32 4.20725
7 33 2.0189
7 34 5.16219
7 35 1.69376
7 36 6.06409
7 37 6.34549
7 38 1.91526
7 39 5.71424
7 40 7.9621
7 41 6.1679
7 42 0.96079
7 43 1.54508
7 44 6.95752
7 45 8.4629
7 46 8.22256
7 47 0.98184
7 48 1.61898
7 49 5.90621
8 9 1.2458
8 10 3.44619
8 11 2.53958
8 12 5.20569
8 13 5.59029
8 14 2.90721
8 15 1.25739
8 16 1.12146
8 17 2.66661
8 18 1.58661
8 19 2.27473
8 20 0.89753
8 21 4.09108
8 22 7.24835
8 23 8.85611
8 24 2.59804
8 25 4.13392
8 26 5.3292
8 27 6.43494
8 28 3.55796
8 29 1.09827
8 30 4.42715
8 31 5.14075
8 32 4.73978
8 33 4.65765
8 34 5.17461
8 35 7.18147
8 36 0.12056
8 37 3.17759
8 38 7.34587
8 39 6.64507
8 40 8.11168
8 41 2.49629
8 42 1.0158
8 43 4.64122
8 44 4.61604
8 45 2.21668
8 46 2.00912
8 47 6.09376
8 48 7.50029
8 49 3.57393
9 10 5.78002
9 11 0.31385
9 12 3.66799
9 13 4.9217
9 14 2.87878
9 15 0.61682
9 16 2.75164
9 17 2.72336
9 18 3.69857
9 19 0.96343
9 20 6.43203
9 21 5.97789
9 22 1.9755
9 23 7.00962
9 24 5.04035
9 25 3.03445
9 26 4.37775
9 27 6.50596
9 28 1.28207
9 29 0.78285
9 30 2.31736
9 31 5.78282
9 32 2.2682
9 33 3.59744
9 34 3.87078
9 35 3.08238
9 36 8.54693
9 37 6.39367
9 38 8.64328
9 39 2.42026
9 40 6.60342
9 41 2.92899
9 42 8.63499
9 43 6.31677
9 44 4.35356
9 45 6.85988
9 46 2.13011
9 47 5.66204
9 48 7.20958
9 49 7.06518
10 11 1.05371
10 12 8.21911
10 13 3.07663
10 14 3.34321
10 15 8.30562
10 16 4.14712
10 17 7.55354
10 18 3.7995
10 19 5.84439
10 20 0.48483
10 21 6.82886
10 22 0.29414
10 23 2.25338
10 24 1.96392
10 25 4.40955
10 26 2.63709
10 27 1.3342
10 28 1.31241
10 29 6.29568
10 30 3.97832
10 31 3.80661
10 32 8.98379
10 33 1.63715
10 34 5.8387
10 35 5.49695
10 36 7.01889
10 37 3.68381
10 38 1.55438
10 39 7.96728
10 40 2.43104
10 41 0.8469
10 42 1.4929
10 43 6.66088
10 44 0.90983
10 45 2.46942
10 46 2.61329
10 47 6.14331
10 48 6.13827
10 49 7.35965
11 12 0.82893
11 13 5.09479
11 14 3.45608
11 15 7.22686
11 16 7.50059
11 17 1.765
11 18 1.19728
11 19 3.1062
11 20 8.47973
11 21 1.64522
11 22 5.31903
11 23 6.47143
11 24 8.44902
11 25 4.31802
11 26 7.32751
11 27 8.56572
11 28 6.26778
11 29 4.78648
11 30 7.91809
11 31 3.3627
11 32 3.97465
11 33 7.23519
11 34 6.58967
11 35 7.00621
11 36 5.10949
11 37 5.53716
11 38 4.54144
11 39 0.39534
11 40 2.30578
11 41 5.5332
11 42 1.27616
11 43 4.1676
11 44 3.61074
11 45 0.86803
11 46 6.81685
11 47 2.84643
11 48 3.96425
11 49 5.73634
12 13 6.20068
12 14 1.78353
12 15 7.43592
12 16 4.09343
12 17 3.01131
12 18 8.73148
12 19 2.45969
12 20 6.21167
12 21 6.63979
12 22 6.05274
12 23 8.6956
12 24 4.84727
12 25 1.97421
12 26 7.81679
12 27 1.4932
12 28 8.80855
12 29 8.95256
12 30 4.52169
12 31 1.29327
12 32 3.90718
12 33 4.82289
12 34 7.36692
12 35 4.85526
12 36 7.57986
12 37 6.32803
12 38 2.54165
12 39 5.4318
12 40 2.82289
12 41 3.51892
12 42 4.02084
12 43 2.96774
12 44 3.51718
12 45 2.17417
12 46 7.54661
12 47 8.76186
12 48 6.53822
12 49 8.9111
13 14 6.11574
13 15 5.44774
13 16 0.97675
13 17 0.48328
13 18 0.71448
13 19 2.08457
13 20 1.95605
13 21 8.57656
13 22 3.76315
13 23 6.29529
13 24 0.12637
13 25 6.23695
13 26 5.45775
13 27 6.28322
13 28 1.67816
13 29 7.2626
13 30 4.22157
13 31 2.56592
13 32 8.52128
13 33 6.20628
13 34 4.4856
13 35 2.88321
13 36 2.3733
13 37 4.25462
13 38 5.81044
13 39 2.61432
13 40 2.51019
13 41 2.44734
13 42 7.30854
13 43 3.22291
13 44 0.24212
13 45 4.55456
13 46 7.96523
13 47 0.21198
13 48 7.98397
13 49 5.8296
14 15 5.649
14 16 2.93127
14 17 7.06654
14 18 1.57633
14 19 7.13001
14 20 0.74885
14 21 7.78528
14 22 4.90559
14 23 8.15129
14 24 8.69302
14 25 1.91604
14 26 7.26047
14 27 1.45732
14 28 2.42104
14 29 0.49944
14 30 1.54342
14 31 3.94985
14 32 8.51164
14 33 6.00435
14 34 2.92816
14 35 3.49249
14 36 4.02083
14 37 3.77611
14 38 0.3454
14 39 2.04201
14 40 2.74344
14 41 5.0724
14 42 2.73288
14 43 4.18716
14 44 8.91701
14 45 0.88932
14 46 4.81564
14 47 3.01114
14 48 2.77934
14 49 3.40958
15 16 5.14267
15 17 4.86223
15 18 4.57982
15 19 3.59089
15 20 5.36438
15 21 0.44391
15 22 1.41081
15 23 3.40067
15 24 8.08199
15 25 1.99203
15 26 7.46334
15 27 5.7822
15 28 1.22146
15 29 6.19692
15 30 3.7334
15 31 6.36232
15 32 4.10797
15 33 0.39846
15 34 2.40277
15 35 2.13965
15 36 3.74521
15 37 6.89612
15 38 7.51189
15 39 5.10511
15 40 7.76658
15 41 6.01269
15 42 5.93741
15 43 4.00912
15 44 8.80794
15 45 4.23891
15 46 8.03626
15 47 0.17848
15 48 5.64132
15 49 0.76041
16 17 3.77825
16 18 2.25545
16 19 1.99139
16 20 0.10894
16 21 7.98298
16 22 2.18494
16 23 1.21338
16 24 5.36738
16 25 0.05756
16 26 4.53091
16 27 4.72405
16 28 3.55096
16 29 6.8325
16 30 6.00772
16 31 1.10596
16 32 6.3293
16 33 3.80054
16 34 2.1365
16 35 4.75922
16 36 6.8113
16 37 5.38765
16 38 0.66632
16 39 8.46023
16 40 3.73859
16 41 0.53085
16 42 5.40486
16 43 6.96305
16 44 8.49903
16 45 2.91986
16 46 8.96737
16 47 3.69458
16 48 2.71225
16 49 2.81928
17 18 6.56441
17 19 7.04437
17 20 5.51453
17 21 6.69999
17 22 1.68709
17 23 8.03725
17 24 2.40726
17 25 7.16578
17 26 3.88865
17 27 6.62832
17 28 4.82109
17 29 5.26022
17 30 3.51052
17 31 8.58668
17 32 0.22941
17 33 2.79815
17 34 6.93997
17 35 6.03108
17 36 4.7818
17 37 3.6977
17 38 6.35756
17 39 5.4702
17 40 7.78304
17 41 8.78371
17 42 3.18778
17 43 6.44209
17 44 6.44871
17 45 5.09757
17 46 5.62864
17 47 4.50716
17 48 5.40828
17 49 3.54107
18 19 5.21274
18 20 1.15335
18 21 8.89608
18 22 5.44037
18 23 3.4666
18 24 2.48493
18 25 5.95932
18 26 7.36993
18 27 4.53461
18 28 3.64997
18 29 2.8252
18 30 2.71554
18 31 6.04928
18 32 7.71987
18 33 5.40862
18 34 5.63965
18 35 1.38675
18 36 5.7155
18 37 7.51464
18 38 8.85285
18 39 5.50369
18 40 6.21644
18 41 5.28087
18 42 6.55986
18 43 6.88957
18 44 1.04591
18 45 6.05389
18 46 5.84822
18 47 4.9262
18 48 2.03318
18 49 6.57365
19 20 1.71758
19 21 0.39348
19 22 4.92975
19 23 8.16387
19 24 2.7156
19 25 1.65722
19 26 6.31812
19 27 5.36343
19 28 4.20268
19 29 1.52841
19 30 4.67442
19 31 0.29838
19 32 8.60823
19 33 6.44595
19 34 6.60009
19 35 7.52417
19 36 6.00933
19 37 0.56405
19 38 2.04036
19 39 1.29407
19 40 8.58221
19 41 5.377
19 42 8.7366
19 43 1.46213
19 44 1.74683
19 45 4.56731
19 46 0.02002
19 47 4.32844
19 48 7.39543
19 49 2.94102
20 21 4.49573
20 22 7.14459
20 23 2.31222
20 24 8.74987
20 25 2.08536
20 26 5.54368
20 27 8.21535
20 28 2.60225
20 29 6.4268
20 30 8.46945
20 31 5.29479
20 32 3.77439
20 33 1.29788
20 34 5.75092
20 35 8.36034
20 36 5.94226
20 37 8.68021
20 38 6.44402
20 39 2.44596
20 40 4.62887
20 41 1.27465
20 42 5.0453
20 43 8.77447
20 44 4.16
20 45 6.47405
20 46 6.78781
20 47 3.30545
20 48 7.22448
20 49 8.08443
21 22 2.05499
21 23 2.24045
21 24 1.04051
21 25 8.58198
21 26 2.93402
21 27 3.60875
21 28 5.67315
21 29 6.52268
21 30 7.02332
21 31 7.98267
21 32 1.36548
21 33 4.23248
21 34 0.59869
21 35 5.35054
21 36 8.26117
21 37 8.40201
21 38 2.93156
21 39 2.58291
21 40 6.54146
21 41 0.79698
21 42 6.0252
21 43 4.94863
21 44 2.14842
21 45 5.83481
21 46 1.27203
21 47 7.3312
21 48 1.1577
21 49 3.84658
22 23 7.46729
22 24 7.08407
22 25 4.93501
22 26 8.63072
22 27 3.73015
22 28 8.92926
22 29 0.59437
22 30 2.92946
22 31 8.16269
22 32 6.98934
22 33 1.67631
22 34 5.95077
22 35 0.78783
22 36 5.11698
22 37 1.97008
22 38 1.37998
22 39 2.80104
22 40 1.13754
22 41 1.25235
22 42 1.86272
22 43 1.56647
22 44 6.78738
22 45 6.0399
22 46 8.51428
22 47 7.71865
22 48 0.98253
22 49 5.32324
23 24 4.64421
23 25 4.87032
23 26 4.92905
23 27 8.2527
23 28 1.43297
23 29 4.66828
23 30 3.23644
23 31 2.94383
23 32 6.13336
23 33 4.01071
23 34 1.48735
23 35 5.24274
23 36 0.26734
23 37 4.95197
23 38 8.80523
23 39 4.85537
23 40 3.82136
23 41 0.28955
23 42 1.2208
23 43 7.44648
23 44 3.58001
23 45 4.71459
23 46 4.02914
23 47 8.79462
23 48 1.18519
23 49 4.91157
24 25 5.98069
24 26 2.89772
24 27 7.46977
24 28 7.82418
24 29 5.33414
24 30 2.82415
24 31 1.31894
24 32 3.42985
24 33 1.14871
24 34 1.8391
24 35 5.08662
24 36 5.74966
24 37 4.85279
24 38 4.14139
24 39 0.43785
24 40 8.30301
24 41 7.11271
24 42 4.29233
24 43 8.05976
24 44 5.26582
24 45 4.59753
24 46 8.1524
24 47 5.27641
24 48 7.0114
24 49 6.67423
25 26 1.12407
25 27 7.97234
25 28 1.79413
25 29 3.56218
25 30 8.90981
25 31 5.83501
25 32 1.53373
25 33 4.27519
25 34 3.17406
25 35 7.29838
25 36 8.04173
25 37 5.45798
25 38 2.46299
25 39 1.13726
25 40 2.88385
25 41 2.14465
25 42 3.37681
25 43 1.54501
25 44 5.32438
25 45 2.22546
25 46 0.85917
25 47 3.26109
25 48 8.34652
25 49 2.77289
26 27 7.00472
26 28 7.50324
26 29 3.3873
26 30 2.30121
26 31 8.25176
26 32 4.73183
26 33 6.56032
26 34 0.15796
26 35 2.33508
26 36 8.63718
26 37 0.69863
26 38 3.41199
26 39 7.82971
26 40 5.61543
26 41 5.10091
26 42 3.22838
26 43 2.99034
26 44 3.52969
26 45 5.87826
26 46 7.27309
26 47 6.92954
26 48 5.7952
26 49 4.1358
27 28 5.27846
27 29 0.08368
27 30 3.88014
27 31 7.42226
27 32 6.71015
27 33 0.27422
27 34 8.47326
27 35 0.23803
27 36 1.86004
27 37 7.0767
27 38 6.19432
27 39 8.12556
27 40 5.80115
27 41 8.03166
27 42 1.01245
27 43 4.06534
27 44 8.51956
27 45 6.16806
27 46 5.38146
27 47 5.7766
27 48 4.22356
27 49 1.05865
28 29 2.03151
28 30 2.4101
28 31 6.96852
28 32 4.75819
28 33 6.73599
28 34 0.92183
28 35 5.14545
28 36 6.65788
28 37 1.82138
28 38 5.4264
28 39 6.23157
28 40 3.52627
28 41 7.48283
28 42 7.43519
28 43 6.91258
28 44 5.11366
28 45 2.60551
28 46 4.33945
28 47 5.40016
28 48 3.62932
28 49 6.16964
29 30 3.82785
29 31 7.96744
29 32 6.86198
29 33 3.41691
29 34 5.79734
29 35 0.98477
29 36 7.64479
29 37 7.62518
29 38 3.8179
29 39 3.85707
29 40 8.86893
29 41 2.9452
29 42 7.34342
29 43 8.54666
29 44 3.18384
29 45 4.15419
29 46 0.20501
29 47 5.46873
29 48 2.09024
29 49 5.36889
30 31 1.95077
30 32 2.66941
30 33 3.05564
30 34 5.46171
30 35 4.6783
30 36 1.11149
30 37 2.1892
30 38 1.12811
30 39 6.41144
30 40 3.23593
30 41 2.09012
30 42 5.33754
30 43 7.29769
30 44 2.88499
30 45 7.45887
30 46 1.68499
30 47 3.0699
30 48 6.03779
30 49 6.10584
31 32 6.07067
31 33 8.03919
31 34 3.27807
31 35 3.62962
31 36 6.93305
31 37 4.64079
31 38 6.02596
31 39 4.35682
31 40 4.62145
31 41 3.54788
31 42 4.80041
31 43 4.29872
31 44 0.46292
31 45 1.03773
31 46 6.18249
31 47 6.42064
31 48 2.65745
31 49 1.41812
32 33 4.27679
32 34 7.34375
32 35 6.88644
32 36 6.79976
32 37 0.45712
32 38 1.21279
32 39 4.35031
32 40 7.74739
32 41 3.60528
32 42 4.0704
32 43 3.84898
32 44 7.56885
32 45 7.45385
32 46 7.79952
32 47 4.80467
32 48 8.90495
32 49 1.58142
33 34 3.87244
33 35 6.39871
33 36 8.19363
33 37 2.97875
33 38 8.39506
33 39 5.64346
33 40 0.54319
33 41 7.76766
33 42 2.72756
33 43 4.45634
33 44 0.31247
33 45 8.17471
33 46 4.85359
33 47 8.37721
33 48 7.08216
33 49 8.15152
34 35 6.51206
34 36 8.16007
34 37 1.87626
34 38 2.00134
34 39 4.7916
34 40 4.28242
34 41 0.8985
34 42 5.31972
34 43 8.30893
34 44 0.52115
34 45 6.61
34 46 4.85229
34 47 4.28788
34 48 4.29493
34 49 7.34039
35 36 5.17651
35 37 0.13532
35 38 1.93515
35 39 0.90767
35 40 0.82141
35 41 3.00603
35 42 2.14733
35 43 0.6354
35 44 4.03563
35 45 4.37648
35 46 7.61759
35 47 2.12792
35 48 0.1431
35 49 2.15195
36 37 2.89351
36 38 0.45115
36 39 5.35528
36 40 7.83141
36 41 6.11839
36 42 0.27273
36 43 1.66393
36 44 0.22143
36 45 8.22711
36 46 4.31296
36 47 8.99337
36 48 5.16739
36 49 8.47631
37 38 5.78479
37 39 1.88808
37 40 1.29861
37 41 7.56527
37 42 6.3415
37 43 2.87349
37 44 8.06731
37 45 1.80171
37 46 1.49214
37 47 1.25621
37 48 0.63007
37 49 6.83646
38 39 8.5851
38 40 5.85844
38 41 3.0129
38 42 7.1764
38 43 5.46798
38 44 4.81713
38 45 5.90825
38 46 2.78164
38 47 2.75683
38 48 5.11258
38 49 2.96057
39 40 8.53711
39 41 6.61414
39 42 0.59425
39 43 3.0162
39 44 6.74818
39 45 2.7894
39 46 2.95755
39 47 6.53581
39 48 4.76791
39 49 8.92062
40 41 3.14824
40 42 2.95906
40 43 1.95517
40 44 4.81242
40 45 4.63687
40 46 6.12145
40 47 6.87626
40 48 2.40255
40 49 4.32178
41 42 3.64678
41 43 5.4226
41 44 7.39861
41 45 8.50392
41 46 8.02333
41 47 2.25688
41 48 4.4558
41 49 4.68587
42 43 3.06235
42 44 7.53909
42 45 7.29815
42 46 1.73838
42 47 5.673
42 48 7.5861
42 49 5.05727
43 44 0.59106
43 45 3.40519
43 46 3.86829
43 47 5.75773
43 48 3.81455
43 49 7.43821
44 45 3.41032
44 46 1.06227
44 47 7.22198
44 48 6.62294
44 49 3.79341
45 46 2.3199
45 47 0.12685
45 48 2.58046
45 49 0.85295
46 47 2.45999
46 48 8.39175
46 49 7.54548
47 48 2.53363
47 49 4.31236
48 49 5.27144
