50 5
0 1 1.1102
0 2 2.85959
0 3 2.95762
0 4 2.22288
0 5 7.20198
0 6 1.9192
0 7 3.77195
0 8 7.79936
0 9 6.08047
0 10 4.49487
0 11 5.05015
0 12 2.99677
0 13 0.47467
0 14 5.95166
0 15 8.96843
0 16 7.44376
0 17 7.15782
0 18 3.60731
0 19 7.13103
0 20 2.99885
0 21 7.50405
0 22 3.83014
0 23 7.24971
0 24 1.97427
0 25 2.26305
0 26 1.99111
0 27 2.00092
0 28 5.71195
0 29 4.15698
0 30 6.91907
0 31 1.18577
0 32 8.20448
0 33 1.60938
0 34 3.86614
0 35 5.02517
0 36 6.27876
0 37 1.82407
0 38 7.1889
0 39 5.43704
0 40 3.28019
0 41 3.74368
0 42 1.36527
0 43 1.58989
0 44 2.48325
0 45 6.49646
0 46 1.88195
0 47 5.81676
0 48 8.55972
0 49 0.8495
1 2 2.46436
1 3 8.02224
1 4 8.80034
1 5 4.88387
1 6 5.68435
1 7 6.14047
1 8 8.35155
1 9 7.05009
1 10 1.37571
1 11 7.05489
1 12 6.38232
1 13 3.91271
1 14 7.23784
1 15 8.05686
1 16 7.80358
1 17 4.38645
1 18 5.85372
1 19 2.14709
1 20 2.88136
1 21 8.96969
1 22 5.24053
1 23 8.3305
1 24 1.66503
1 25 8.90008
1 26 3.12215
1 27 5.77173
1 28 2.38288
1 29 2.62524
1 30 7.2477
1 31 5.01181
1 32 1.07666
1 33 1.05779
1 34 6.74452
1 35 1.2159
1 36 4.60594
1 37 4.04114
1 38 3.77551
1 39 1.89469
1 40 0.69131
1 41 2.86682
1 42 3.70789
1 43 0.47015
1 44 7.55097
1 45 6.08624
1 46 8.36068
1 47 0.148
1 48 1.49694
1 49 6.82789
2 3 2.96883
2 4 1.5241
2 5 8.76666
2 6 5.5414
2 7 3.18765
2 8 3.9103
2 9 4.49654
2 10 5.38451
2 11 5.97748
2 12 5.41374
2 13 3.0695
2 14 2.1081
2 15 8.01877
2 16 8.69533
2 17 0.19275
2 18 6.70519
2 19 6.13733
2 20 4.74732
2 21 2.65625
2 22 6.10055
2 23 5.00889
2 24 3.6189
2 25 6.65095
2 26 0.09897
2 27 5.53496
2 28 4.54711
2 29 1.32193
2 30 7.90107
2 31 0.68084
2 32 8.3514
2 33 1.19761
2 34 0.2859
2 35 7.55887
2 36 0.03806
2 37 3.26751
2 38 3.54028
2 39 8.85948
2 40 8.84993
2 41 6.25187
2 42 5.07481
2 43 6.88885
2 44 6.44081
2 45 3.37331
2 46 1.72582
2 47 5.62009
2 48 0.27721
2 49 2.04153
3 4 3.85602
3 5 0.42162
3 6 5.17932
3 7 4.15333
3 8 0.109
3 9 5.48162
3 10 3.99176
3 11 0.64118
3 12 1.17036
3 13 7.02106
3 14 4.10706
3 15 2.92724
3 16 0.68502
3 17 2.92185
3 18 7.74989
3 19 3.56776
3 20 7.48883
3 21 7.0238
3 22 5.34068
3 23 5.35033
3 24 0.6527
3 25 6.13116
3 26 3.75256
3 27 3.27676
3 28 1.3124
3 29 2.10644
3 30 1.101
3 31 2.38151
3 32 8.32441
3 33 6.27219
3 34 1.90092
3 35 3.48821
3 36 8.32168
3 37 6.92741
3 38 7.21728
3 39 1.6031
3 40 1.91055
3 41 3.22104
3 42 6.16017
3 43 5.50739
3 44 4.78236
3 45 3.26463
3 46 0.2334
3 47 8.37597
3 48 6.71487
3 49 3.74613
4 5 7.69652
4 6 0.68247
4 7 0.63169
4 8 4.87603
4 9 1.40923
4 10 4.26089
4 11 5.28068
4 12 3.3633
4 13 7.44526
4 14 3.82571
4 15 7.77435
4 16 8.76063
4 17 5.22239
4 18 5.80589
4 19 8.24081
4 20 1.57206
4 21 6.41707
4 22 3.17887
4 23 1.66981
4 24 2.91954
4 25 6.16244
4 26 4.85074
4 27 4.0642
4 28 8.44524
4 29 3.13698
4 30 2.97212
4 31 4.55442
4 32 7.49598
4 33 6.48558
4 34 0.9686
4 35 2.42931
4 36 2.37188
4 37 2.91984
4 38 4.22073
4 39 8.30606
4 40 4.32815
4 41 4.30225
4 42 7.4023
4 43 2.1381
4 44 4.08637
4 45 6.13972
4 46 5.66517
4 47 4.81449
4 48 0.79747
4 49 3.82129
5 6 7.53017
5 7 4.73174
5 8 0.38371
5 9 3.07597
5 10 7.03467
5 11 8.76117
5 12 3.68338
5 13 3.20394
5 14 2.56222
5 15 1.79526
5 16 6.97916
5 17 8.76417
5 18 3.07955
5 19 8.50266
5 20 6.6675
5 21 6.25957
5 22 4.4665
5 23 6.34829
5 24 6.0154
5 25 7.91493
5 26 8.72385
5 27 5.99404
5 28 0.57738
5 29 2.85872
5 30 5.16899
5 31 7.84601
5 32 2.29389
5 33 0.33498
5 34 6.55003
5 35 6.47645
5 36 1.56861
5 37 7.75718
5 38 7.21968
5 39 1.336
5 40 5.93171
5 41 4.63952
5 42 3.62104
5 43 7.63852
5 44 0.4771
5 45 1.61484
5 46 7.81367
5 47 7.14744
5 48 7.59029
5 49 7.15661
6 7 8.88692
6 8 2.40808
6 9 0.44688
6 10 3.41727
6 11 7.48843
6 12 4.25336
6 13 2.93784
6 14 7.35075
6 15 8.4367
6 16 8.1975
6 17 0.04667
6 18 3.35942
6 19 8.06513
6 20 2.33597
6 21 7.17302
6 22 0.49515
6 23 4.83447
6 24 6.188
6 25 4.91881
6 26 7.6738
6 27 3.88011
6 28 3.02222
6 29 8.11385
6 30 4.18155
6 31 1.86302
6 32 1.52361
6 33 0.21214
6 34 7.58564
6 35 3.35588
6 36 1.77891
6 37 7.44043
6 38 4.02855
6 39 8.81067
6 40 0.99538
6 41 7.9984
6 42 7.71817
6 43 4.95594
6 44 5.57905
6 45 8.71224
6 46 2.39189
6 47 5.16755
6 48 7.32476
6 49 7.98115
7 8 8.96091
7 9 8.32879
7 10 1.93157
7 11 3.91085
7 12 4.86802
7 13 1.70212
7 14 2.09827
7 15 6.07215
7 16 4.68557
7 17 4.89323
7 18 7.4393
7 19 7.02395
7 20 5.10555
7 21 3.4305
7 22 0.57015
7 23 4.76144
7 24 5.97463
7 25 0.3866
7 26 3.67831
7 27 3.66994
7 28 2.01112
7 29 8.60205
7 30 3.85495
7 31 8.0884
7 32 7.77734
7 33 7.20941
7 34 2.64213
7 35 1.48306
7 36 1.21867
7 37 5.19639
7 38 5.932
7 39 5.25132
7 40 0.07913
7 41 2.35887
7 42 8.07894
7 43 4.72038
7 44 1.61707
7 45 1.95601
7 46 0.42399
7 47 1.79776
7 48 1.54162
7 49 2.23265
8 9 2.89894
8 10 5.80144
8 11 4.83989
8 12 3.28849
8 13 4.51052
8 14 6.67006
8 15 1.33073
8 16 1.22615
8 17 1.539
8 18 2.59551
8 19 5.28276
8 20 2.63183
8 21 1.30987
8 22 6.19126
8 23 4.61611
8 24 4.58471
8 25 3.53126
8 26 0.34205
8 27 2.3965
8 28 8.24563
8 29 2.15737
8 30 0.66115
8 31 3.83297
8 32 7.99836
8 33 4.78522
8 34 8.32377
8 35 7.07385
8 36 0.31513
8 37 2.32553
8 38 4.99718
8 39 7.24717
8 40 2.1433
8 41 2.16298
8 42 2.90472
8 43 5.59482
8 44 1.62392
8 45 6.98611
8 46 4.71192
8 47 4.3818
8 48 5.37003
8 49 3.83582
9 10 1.45692
9 11 1.33563
9 12 3.17404
9 13 3.79248
9 14 0.1646
9 15 3.96567
9 16 1.9412
9 17 6.83201
9 18 2.60738
9 19 5.59264
9 20 8.65622
9 21 5.5804
9 22 0.7368
9 23 1.775
9 24 1.60687
9 25 6.64463
9 26 6.18704
9 27 7.03359
9 28 2.70544
9 29 7.38164
9 30 1.74603
9 31 1.24345
9 32 7.69006
9 33 0.71679
9 34 4.47662
9 35 0.7015
9 36 1.65327
9 37 1.43566
9 38 4.35908
9 39 1.01755
9 40 0.63514
9 41 7.5717
9 42 5.52189
9 43 5.88871
9 44 3.30991
9 45 2.29704
9 46 0.41212
9 47 5.57079
9 48 8.96134
9 49 3.36894
10 11 0.21286
10 12 7.46955
10 13 4.86694
10 14 8.0824
10 15 8.82107
10 16 0.34109
10 17 7.76103
10 18 6.79954
10 19 1.51326
10 20 2.06144
10 21 1.34701
10 22 8.82941
10 23 5.66639
10 24 3.05329
10 25 1.09935
10 26 3.47169
10 27 2.37754
10 28 6.56378
10 29 8.56622
10 30 1.71186
10 31 3.75219
10 32 1.42019
10 33 5.94789
10 34 1.17171
10 35 1.78725
10 36 1.88704
10 37 0.74984
10 38 6.05363
10 39 7.80342
10 40 1.98074
10 41 8.82423
10 42 5.07968
10 43 4.28093
10 44 8.27962
10 45 6.44397
10 46 3.55112
10 47 5.55598
10 48 1.60015
10 49 5.67693
11 12 5.77544
11 13 3.07661
11 14 0.76318
11 15 1.24714
11 16 4.12288
11 17 5.18281
11 18 3.64253
11 19 6.99484
11 20 2.75589
11 21 1.83274
11 22 2.18209
11 23 5.79846
11 24 1.059
11 25 5.55848
11 26 8.85602
11 27 3.98588
11 28 3.82846
11 29 6.51693
11 30 2.96148
11 31 4.70767
11 32 6.14325
11 33 7.29641
11 34 6.57868
11 35 0.33215
11 36 3.45289
11 37 7.48647
11 38 4.83082
11 39 7.56396
11 40 4.08074
11 41 8.66211
11 42 4.15376
11 43 5.81904
11 44 0.82726
11 45 6.29305
11 46 6.64225
11 47 1.08231
11 48 7.62034
11 49 3.55725
12 13 4.3652
12 14 8.05372
12 15 0.49769
12 16 8.3477
12 17 8.64068
12 18 0.93186
12 19 5.83714
12 20 7.43616
12 21 6.05299
12 22 7.65304
12 23 3.218
12 24 0.59565
12 25 5.20592
12 26 6.44734
12 27 6.48729
12 28 1.20978
12 29 4.83568
12 30 2.09675
12 31 8.89876
12 32 0.35295
12 33 7.36645
12 34 7.62818
12 35 6.34105
12 36 1.07197
12 37 1.7458
12 38 1.51097
12 39 8.28777
12 40 3.10825
12 41 4.34653
12 42 8.8207
12 43 4.93232
12 44 2.65584
12 45 0.67386
12 46 5.88692
12 47 8.15347
12 48 2.63965
12 49 6.32749
13 14 6.18113
13 15 7.45647
13 16 1.45155
13 17 2.48928
13 18 8.85117
13 19 7.37328
13 20 4.0135
13 21 8.62609
13 22 2.75082
13 23 2.03732
13 24 3.68453
13 25 6.87391
13 26 3.0575
13 27 2.78127
13 28 3.74663
13 29 6.04303
13 30 7.6349
13 31 0.59443
13 32 7.01055
13 33 8.06443
13 34 7.03086
13 35 5.77053
13 36 6.99822
13 37 7.06695
13 38 7.14917
13 39 5.36659
13 40 4.83381
13 41 8.19984
13 42 5.74509
13 43 6.19888
13 44 6.69752
13 45 3.68281
13 46 6.78979
13 47 8.64785
13 48 5.64588
13 49 4.4376
14 15 3.69086
14 16 2.66637
14 17 7.51147
14 18 6.50561
14 19 5.72027
14 20 8.71277
14 21 3.86929
14 22 7.93042
14 23 1.51985
14 24 7.08357
14 25 7.81237
14 26 3.77302
14 27 4.32547
14 28 6.5233
14 29 8.61516
14 30 2.86067
14 31 1.46058
14 32 3.78475
14 33 2.71556
14 34 5.37471
14 35 0.79557
14 36 1.79669
14 37 4.48622
14 38 0.35133
14 39 2.61993
14 40 5.79113
14 41 1.00996
14 42 7.94622
14 43 2.29197
14 44 6.31822
14 45 3.15289
14 46 5.25999
14 47 4.0601
14 48 0.67954
14 49 5.47961
15 16 4.4203
15 17 8.71707
15 18 7.74038
15 19 7.44739
15 20 3.0795
15 21 2.24404
15 22 8.25809
15 23 0.17897
15 24 4.63121
15 25 1.83567
15 26 8.28161
15 27 0.97411
15 28 7.35134
15 29 7.97176
15 30 3.72948
15 31 8.95242
15 32 0.1036
15 33 4.19475
15 34 1.71632
15 35 0.35685
15 36 8.63489
15 37 2.2312
15 38 7.5205
15 39 1.70984
15 40 6.19071
15 41 5.29036
15 42 1.01182
15 43 5.09626
15 44 8.62746
15 45 7.8916
15 46 5.98348
15 47 7.35757
15 48 2.58081
15 49 1.06725
16 17 8.53364
16 18 0.01177
16 19 3.78098
16 20 0.37222
16 21 4.52875
16 22 3.68466
16 23 8.97779
16 24 7.24188
16 25 1.48317
16 26 8.17816
16 27 7.01535
16 28 6.25053
16 29 2.32635
16 30 3.67498
16 31 4.16687
16 32 7.95571
16 33 8.06975
16 34 1.55665
16 35 2.79302
16 36 8.50352
16 37 5.55
16 38 4.49474
16 39 1.57943
16 40 1.55193
16 41 0.58696
16 42 4.67484
16 43 7.72909
16 44 7.98608
16 45 8.27743
16 46 6.72639
16 47 4.44992
16 48 0.50084
16 49 6.98677
17 18 4.67901
17 19 1.43876
17 20 0.78753
17 21 3.06871
17 22 1.78864
17 23 4.94969
17 24 6.86824
17 25 0.40411
17 26 3.40354
17 27 6.23345
17 28 7.13338
17 29 1.13476
17 30 1.86107
17 31 0.80217
17 32 3.64415
17 33 8.11606
17 34 3.08462
17 35 7.43339
17 36 4.43563
17 37 8.86566
17 38 5.50787
17 39 8.72198
17 40 3.78504
17 41 0.45939
17 42 4.27773
17 43 7.82388
17 44 2.15238
17 45 1.51973
17 46 6.51162
17 47 0.36921
17 48 4.13817
17 49 7.42174
18 19 5.43282
18 20 1.2059
18 21 0.35779
18 22 2.67144
18 23 2.63518
18 24 4.93899
18 25 5.28439
18 26 6.12511
18 27 7.13254
18 28 8.12127
18 29 8.01209
18 30 6.13339
18 31 6.80113
18 32 4.8662
18 33 7.64435
18 34 5.64475
18 35 4.83861
18 36 6.55157
18 37 6.25483
18 38 7.57292
18 39 3.51238
18 40 0.79656
18 41 2.6857
18 42 3.2864
18 43 3.05165
18 44 0.13929
18 45 3.36739
18 46 0.31228
18 47 4.80282
18 48 7.05674
18 49 8.58635
19 20 3.43199
19 21 7.65897
19 22 7.85284
19 23 7.21128
19 24 6.8089
19 25 2.80475
19 26 5.60245
19 27 8.91715
19 28 5.8475
19 29 5.6355
19 30 5.13276
19 31 6.23006
19 32 5.10312
19 33 2.99241
19 34 1.05738
19 35 3.15586
19 36 2.45139
19 37 4.73318
19 38 8.019
19 39 3.72854
19 40 0.7907
19 41 8.84564
19 42 4.31865
19 43 3.27711
19 44 8.54855
19 45 3.37785
19 46 0.62976
19 47 4.45642
19 48 3.82268
19 49 2.54955
20 21 3.24454
20 22 4.70427
20 23 2.55831
20 24 4.73261
20 25 3.84384
20 26 3.95312
20 27 2.00384
20 28 2.59922
20 29 3.02983
20 30 0.03033
20 31 2.52318
20 32 4.05603
20 33 1.5285
20 34 0.3253
20 35 6.50812
20 36 8.64225
20 37 0.61059
20 38 2.21403
20 39 2.33996
20 40 0.9282
20 41 5.51143
20 42 2.47905
20 43 8.47565
20 44 1.14015
20 45 2.59163
20 46 3.9307
20 47 5.20148
20 48 7.03945
20 49 3.0938
21 22 6.34953
21 23 1.20336
21 24 4.93465
21 25 4.75918
21 26 3.69988
21 27 0.71628
21 28 3.0845
21 29 0.51211
21 30 3.27195
21 31 2.13417
21 32 3.27661
21 33 7.55147
21 34 1.33431
21 35 1.99832
21 36 6.10862
21 37 5.83042
21 38 6.65642
21 39 8.35517
21 40 2.52184
21 41 4.92308
21 42 8.75425
21 43 2.32163
21 44 8.44393
21 45 6.06229
21 46 5.26826
21 47 4.00845
21 48 1.47487
21 49 8.5319
22 23 6.0852
22 24 6.64913
22 25 6.72426
22 26 3.10888
22 27 2.91405
22 28 3.49134
22 29 3.24151
22 30 6.76899
22 31 2.5592
22 32 8.73452
22 33 3.00859
22 34 1.24728
22 35 1.70852
22 36 8.11127
22 37 6.86791
22 38 8.81895
22 39 5.3652
22 40 5.59235
22 41 6.18475
22 42 5.74247
22 43 5.70365
22 44 2.26527
22 45 0.23402
22 46 7.11803
22 47 3.99417
22 48 1.61535
22 49 6.38143
23 24 7.40176
23 25 6.17397
23 26 2.66656
23 27 7.11844
23 28 6.85772
23 29 6.57015
23 30 1.45699
23 31 5.73843
23 32 2.15896
23 33 1.95514
23 34 8.46671
23 35 1.34538
23 36 5.38134
23 37 2.56203
23 38 1.34868
23 39 0.55929
23 40 8.18513
23 41 0.25611
23 42 7.57388
23 43 3.00939
23 44 3.7711
23 45 2.2024
23 46 0.65443
23 47 2.25714
23 48 8.48246
23 49 2.76747
24 25 4.36367
24 26 8.78327
24 27 1.46865
24 28 2.9274
24 29 6.60183
24 30 7.66533
24 31 8.09957
24 32 0.14915
24 33 4.67962
24 34 7.3919
24 35 6.64521
24 36 7.84173
24 37 3.68967
24 38 6.87285
24 39 5.11571
24 40 3.10753
24 41 8.51159
24 42 0.18653
24 43 5.70975
24 44 7.50102
24 45 1.25866
24 46 0.8952
24 47 1.80842
24 48 3.66267
24 49 6.93139
25 26 0.88562
25 27 5.9861
25 28 3.57513
25 29 2.62609
25 30 2.64585
25 31 7.91827
25 32 7.74768
25 33 0.51724
25 34 7.32541
25 35 7.69807
25 36 2.13528
25 37 5.11874
25 38 3.26609
25 39 2.08637
25 40 5.99438
25 41 4.49805
25 42 6.58865
25 43 0.0287
25 44 4.39976
25 45 0.37344
25 46 3.37794
25 47 0.94453
25 48 1.38685
25 49 3.2638
26 27 5.55588
26 28 5.38931
26 29 5.55488
26 30 1.60033
26 31 1.65395
26 32 0.71056
26 33 2.46904
26 34 8.9566
26 35 6.42202
26 36 4.33738
26 37 3.23856
26 38 3.2695
26 39 1.50842
26 40 3.6955
26 41 6.61927
26 42 6.06833
26 43 2.06615
26 44 6.44223
26 45 2.54184
26 46 7.19185
26 47 6.47496
26 48 3.403
26 49 2.2632
27 28 1.32836
27 29 3.48785
27 30 0.34999
27 31 2.96003
27 32 8.23899
27 33 3.77929
27 34 4.0322
27 35 2.56827
27 36 1.29852
27 37 2.37745
27 38 4.96934
27 39 7.92143
27 40 2.34603
27 41 7.22481
27 42 1.90038
27 43 7.90097
27 44 5.11754
27 45 8.3141
27 46 2.71072
27 47 6.24117
27 48 7.98264
27 49 1.50937
28 29 5.10212
28 30 2.02837
28 31 6.97057
28 32 5.01608
28 33 7.74346
28 34 2.54169
28 35 1.04076
28 36 7.64045
28 37 5.57735
28 38 2.63134
28 39 2.06909
28 40 7.08157
28 41 1.98953
28 42 6.60791
28 43 8.05123
28 44 1.55337
28 45 4.78147
28 46 7.31775
28 47 1.48505
28 48 8.65368
28 49 2.84135
29 30 5.28395
29 31 4.39984
29 32 1.0432
29 33 8.79049
29 34 7.82505
29 35 5.71992
29 36 6.85765
29 37 6.18874
29 38 0.868
29 39 0.90231
29 40 7.57463
29 41 7.41234
29 42 7.45298
29 43 8.40898
29 44 1.35205
29 45 4.29419
29 46 6.76601
29 47 0.11788
29 48 4.53273
29 49 4.18323
30 31 1.73787
30 32 4.88275
30 33 6.45459
30 34 8.51104
30 35 5.6167
30 36 0.77956
30 37 0.9717
30 38 8.05664
30 39 6.75553
30 40 4.02088
30 41 6.07845
30 42 8.47102
30 43 4.74546
30 44 2.90791
30 45 8.9455
30 46 8.18133
30 47 2.01282
30 48 7.11894
30 49 7.284
31 32 5.84881
31 33 2.84589
31 34 3.40998
31 35 6.63884
31 36 8.14112
31 37 5.44826
31 38 7.8051
31 39 1.34935
31 40 5.70528
31 41 0.31379
31 42 2.22556
31 43 5.42777
31 44 7.82649
31 45 3.29066
31 46 6.56037
31 47 6.01844
31 48 2.4122
31 49 2.99691
32 33 6.77466
32 34 7.04372
32 35 8.37829
32 36 6.29722
32 37 3.98587
32 38 4.8207
32 39 0.51895
32 40 1.75144
32 41 8.52958
32 42 7.22437
32 43 1.43324
32 44 0.35348
32 45 0.22334
32 46 1.08385
32 47 0.79157
32 48 7.34075
32 49 8.20887
33 34 8.45314
33 35 3.74934
33 36 1.93315
33 37 0.55368
33 38 4.68594
33 39 0.08666
33 40 5.08703
33 41 6.56005
33 42 7.53455
33 43 3.88712
33 44 5.75331
33 45 3.92069
33 46 1.65273
33 47 8.94913
33 48 5.32095
33 49 8.25192
34 35 5.99257
34 36 0.90507
34 37 1.17642
34 38 0.33046
34 39 4.77682
34 40 7.78691
34 41 0.1164
34 42 8.77979
34 43 5.2772
34 44 2.04871
34 45 2.51775
34 46 8.94964
34 47 8.73222
34 48 6.35824
34 49 0.64685
35 36 6.70629
35 37 1.94014
35 38 7.55009
35 39 7.44075
35 40 3.43755
35 41 4.58377
35 42 1.59058
35 43 6.77501
35 44 5.60103
35 45 8.67602
35 46 2.63454
35 47 2.97536
35 48 4.39202
35 49 0.75294
36 37 2.3977
36 38 4.98762
36 39 2.61632
36 40 1.52445
36 41 5.88982
36 42 6.051
36 43 1.26305
36 44 7.95251
36 45 8.25336
36 46 7.32451
36 47 6.42452
36 48 2.90908
36 49 3.95256
37 38 0.38666
37 39 6.69826
37 40 8.22613
37 41 0.73248
37 42 0.91174
37 43 4.30075
37 44 6.37771
37 45 2.07994
37 46 7.84229
37 47 2.87799
37 48 7.94906
37 49 4.00387
38 39 0.1271
38 40 0.58035
38 41 5.81031
38 42 6.78923
38 43 7.8741
38 44 0.81525
38 45 5.38136
38 46 2.32752
38 47 0.83452
38 48 2.96124
38 49 4.86855
39 40 8.42758
39 41 2.40641
39 42 1.23793
39 43 0.24453
39 44 5.1423
39 45 0.53943
39 46 1.98366
39 47 4.46996
39 48 0.50352
39 49 2.73608
40 41 1.18637
40 42 7.89745
40 43 4.80199
40 44 6.01295
40 45 8.55946
40 46 2.28705
40 47 3.07143
40 48 6.85237
40 49 1.09719
41 42 0.04187
41 43 7.26529
41 44 4.01578
41 45 8.55721
41 46 8.36476
41 47 3.31377
41 48 3.49852
41 49 0.48636
42 43 3.70032
42 44 3.69382
42 45 6.50778
42 46 6.4195
42 47 1.28105
42 48 3.56284
42 49 5.68613
43 44 0.98852
43 45 4.83911
43 46 3.40946
43 47 1.17781
43 48 5.51411
43 49 1.3031
44 45 5.22085
44 46 5.51851
44 47 7.55874
44 48 8.36878
44 49 0.10403
45 46 7.81296
45 47 8.89569
45 48 7.38711
45 49 0.70293
46 47 0.33385
46 48 2.85982
46 49 1.40058
47 48 2.86401
47 49 3.86032
48 49 2.08706
