50 5
0 1 0.8419
0 2 7.88847
0 3 1.06682
0 4 8.06133
0 5 6.43885
0 6 8.84373
0 7 2.39968
0 8 7.47907
0 9 7.80013
0 10 2.38137
0 11 1.76656
0 12 7.2209
0 13 7.7235
0 14 8.56895
0 15 1.09907
0 16 0.70259
0 17 6.76826
0 18 3.18697
0 19 8.11513
0 20 0.01785
0 21 7.22841
0 22 3.51059
0 23 7.98805
0 24 7.63354
0 25 3.33459
0 26 8.09263
0 27 6.71441
0 28 4.60472
0 29 4.07105
0 30 0.34112
0 31 8.89788
0 32 8.32785
0 33 2.31148
0 34 1.7244
0 35 6.0189
0 36 3.16814
0 37 5.84455
0 38 6.23785
0 39 6.63839
0 40 1.2347
0 41 3.33845
0 42 5.47956
0 43 4.70753
0 44 3.92972
0 45 2.73207
0 46 0.32082
0 47 6.91509
0 48 7.85011
0 49 6.52473
1 2 3.67079
1 3 0.99557
1 4 0.77437
1 5 0.98483
1 6 1.35833
1 7 7.68217
1 8 0.98575
1 9 7.88438
1 10 6.37169
1 11 2.63843
1 12 6.11372
1 13 3.60053
1 14 7.08596
1 15 8.47872
1 16 2.8652
1 17 3.75763
1 18 6.21348
1 19 4.79576
1 20 0.81052
1 21 8.32684
1 22 2.04438
1 23 1.15355
1 24 8.65639
1 25 0.87292
1 26 1.96844
1 27 7.39652
1 28 4.38244
1 29 5.92668
1 30 2.44594
1 31 2.32548
1 32 3.06491
1 33 4.21656
1 34 3.02644
1 35 1.06027
1 36 6.84196
1 37 8.80214
1 38 2.2394
1 39 4.68758
1 40 0.11958
1 41 8.45324
1 42 7.6805
1 43 8.02896
1 44 3.85423
1 45 2.04951
1 46 1.36527
1 47 2.9378
1 48 8.43622
1 49 3.45152
2 3 2.93376
2 4 7.9666
2 5 4.08496
2 6 0.5112
2 7 7.66048
2 8 3.88395
2 9 7.58424
2 10 8.30758
2 11 5.99888
2 12 1.80701
2 13 8.01624
2 14 2.67917
2 15 3.84976
2 16 5.62761
2 17 6.89905
2 18 2.97377
2 19 3.51181
2 20 5.31872
2 21 5.06187
2 22 7.7454
2 23 4.16946
2 24 6.67624
2 25 8.22736
2 26 3.87577
2 27 7.77817
2 28 4.68431
2 29 3.37416
2 30 3.62633
2 31 5.63941
2 32 5.96249
2 33 7.27819
2 34 6.1442
2 35 7.7002
2 36 2.65305
2 37 5.41999
2 38 8.59176
2 39 1.35097
2 40 3.92894
2 41 1.45849
2 42 0.82937
2 43 4.25774
2 44 7.31973
2 45 7.01075
2 46 0.28475
2 47 5.76765
2 48 8.83322
2 49 0.0565
3 4 3.37015
3 5 4.1858
3 6 3.30593
3 7 3.91152
3 8 2.10127
3 9 6.25261
3 10 1.67165
3 11 2.54499
3 12 4.26113
3 13 5.77208
3 14 7.05756
3 15 6.47716
3 16 2.58659
3 17 8.92823
3 18 4.05976
3 19 5.72448
3 20 0.92957
3 21 7.6272
3 22 7.79077
3 23 3.178
3 24 0.80119
3 25 8.1244
3 26 5.85897
3 27 7.09864
3 28 5.11062
3 29 6.73976
3 30 1.3606
3 31 4.53202
3 32 6.10212
3 33 8.79675
3 34 8.71523
3 35 5.00761
3 36 4.62731
3 37 2.34206
3 38 3.14362
3 39 3.34067
3 40 4.12569
3 41 6.28587
3 42 4.95351
3 43 5.16892
3 44 8.26491
3 45 8.07574
3 46 6.9534
3 47 8.2265
3 48 4.54666
3 49 0.95729
4 5 0.0816
4 6 7.55761
4 7 4.18249
4 8 2.87727
4 9 7.87633
4 10 6.69473
4 11 2.65631
4 12 8.36025
4 13 4.10455
4 14 8.65733
4 15 4.32727
4 16 1.24497
4 17 6.27303
4 18 3.93151
4 19 5.48055
4 20 0.81293
4 21 2.44827
4 22 8.14375
4 23 7.97502
4 24 8.70909
4 25 6.72758
4 26 5.51988
4 27 1.85098
4 28 5.1618
4 29 6.04006
4 30 7.68521
4 31 0.122
4 32 1.16574
4 33 3.42384
4 34 6.24044
4 35 5.14445
4 36 8.00937
4 37 7.23862
4 38 5.13853
4 39 1.81726
4 40 2.90677
4 41 7.84565
4 42 1.15166
4 43 2.82421
4 44 0.10339
4 45 6.67935
4 46 8.3513
4 47 4.56712
4 48 4.57764
4 49 6.09963
5 6 8.43866
5 7 1.30668
5 8 4.42032
5 9 7.10489
5 10 5.90535
5 11 5.20915
5 12 7.80341
5 13 7.08972
5 14 4.79836
5 15 2.91225
5 16 8.84665
5 17 3.87975
5 18 5.3504
5 19 1.24832
5 20 8.98563
5 21 4.82063
5 22 8.26153
5 23 5.60159
5 24 6.02202
5 25 7.85616
5 26 6.45219
5 27 7.89352
5 28 6.4305
5 29 2.30724
5 30 7.94878
5 31 1.24458
5 32 3.01532
5 33 0.52543
5 34 6.33477
5 35 6.53832
5 36 8.02792
5 37 8.84947
5 38 6.99743
5 39 1.53615
5 40 0.73768
5 41 8.76139
5 42 7.82979
5 43 6.03019
5 44 8.11793
5 45 3.44725
5 46 1.91864
5 47 8.20708
5 48 2.51348
5 49 3.72643
6 7 2.23007
6 8 3.61992
6 9 7.69952
6 10 3.40218
6 11 6.19977
6 12 0.81471
6 13 8.44137
6 14 0.50252
6 15 0.94475
6 16 2.20627
6 17 8.49072
6 18 6.97493
6 19 8.0567
6 20 6.35524
6 21 5.40667
6 22 1.06587
6 23 4.83127
6 24 6.10794
6 25 7.88172
6 26 3.42425
6 27 1.27882
6 28 5.40242
6 29 4.17287
6 30 5.25725
6 31 5.62251
6 32 2.50193
6 33 0.58089
6 34 8.65973
6 35 0.68144
6 36 3.79966
6 37 1.41179
6 38 7.67628
6 39 3.60897
6 40 2.62204
6 41 7.1487
6 42 8.54041
6 43 5.47271
6 44 2.15935
6 45 2.23609
6 46 2.7525
6 47 4.4723
6 48 2.59139
6 49 8.18023
7 8 0.71441
7 9 1.59235
7 10 1.39736
7 11 7.25671
7 12 6.04604
7 13 0.02373
7 14 3.69256
7 15 3.31824
7 16 0.13866
7 17 5.58149
7 18 1.13605
7 19 1.04884
7 20 0.97687
7 21 0.25402
7 22 1.23466
7 23 5.8692
7 24 6.04639
7 25 8.61203
7 26 3.94488
7 27 3.00555
7 28 7.50008
7 29 7.90912
7 30 7.21826
7 31 8.49276
7 32 1.99028
7 33 0.29233
7 34 7.21435
7 35 2.99736
7 36 5.23182
7 37 4.98886
7 38 8.34106
7 39 2.2845
7 40 4.59297
7 41 5.59387
7 42 2.48687
7 43 8.5606
7 44 1.30852
7 45 0.17388
7 46 7.24088
7 47 8.15451
7 48 5.69442
7 49 2.64017
8 9 6.67733
8 10 4.16892
8 11 3.55114
8 12 4.78115
8 13 1.01073
8 14 2.45762
8 15 2.75706
8 16 7.86788
8 17 3.1442
8 18 0.28121
8 19 3.88102
8 20 4.02586
8 21 7.73787
8 22 1.61883
8 23 8.23282
8 24 6.99412
8 25 0.63105
8 26 2.0411
8 27 2.82525
8 28 5.85622
8 29 6.13576
8 30 4.25976
8 31 5.29349
8 32 3.17279
8 33 6.5678
8 34 4.51471
8 35 0.76083
8 36 2.99557
8 37 4.65672
8 38 3.08703
8 39 2.30177
8 40 3.82059
8 41 3.12046
8 42 0.93953
8 43 2.85571
8 44 6.3914
8 45 4.95548
8 46 8.58856
8 47 6.88761
8 48 2.11453
8 49 6.46449
9 10 4.03353
9 11 1.41886
9 12 5.30268
9 13 0.7713
9 14 3.63058
9 15 8.15172
9 16 5.9872
9 17 5.81374
9 18 5.23576
9 19 5.98986
9 20 1.11704
9 21 1.34781
9 22 6.47588
9 23 7.40851
9 24 2.197
9 25 5.9368
9 26 3.30991
9 27 7.2609
9 28 3.17151
9 29 4.54166
9 30 2.32815
9 31 1.77979
9 32 6.86838
9 33 5.19779
9 34 0.13261
9 35 3.72718
9 36 0.23007
9 37 2.6819
9 38 4.28172
9 39 7.01209
9 40 7.75784
9 41 5.88176
9 42 4.70244
9 43 7.419
9 44 2.95289
9 45 6.40684
9 46 8.94538
9 47 3.15709
9 48 0.7216
9 49 0.27614
10 11 4.19964
10 12 2.75366
10 13 7.41464
10 14 6.61226
10 15 8.2083
10 16 5.86654
10 17 7.93178
10 18 5.95439
10 19 1.41426
10 20 5.02574
10 21 8.00396
10 22 2.72146
10 23 0.61166
10 24 4.5513
10 25 2.89956
10 26 8.85572
10 27 4.62349
10 28 1.21244
10 29 7.41903
10 30 2.03264
10 31 6.62909
10 32 8.2242
10 33 0.76908
10 34 7.07727
10 35 1.79273
10 36 4.54926
10 37 5.96855
10 38 2.63761
10 39 1.40543
10 40 5.57196
10 41 4.09379
10 42 1.33705
10 43 1.939
10 44 1.67974
10 45 6.75721
10 46 1.71329
10 47 0.39749
10 48 0.70382
10 49 8.91271
11 12 6.70207
11 13 8.6809
11 14 7.96422
11 15 5.75807
11 16 7.06009
11 17 4.6956
11 18 6.53557
11 19 2.58926
11 20 2.04922
11 21 0.39807
11 22 0.74338
11 23 8.3441
11 24 7.34491
11 25 2.26984
11 26 6.83652
11 27 8.63163
11 28 3.43662
11 29 6.46533
11 30 1.65672
11 31 1.3377
11 32 2.58644
11 33 8.19418
11 34 5.12096
11 35 6.40674
11 36 2.05242
11 37 1.29108
11 38 4.24468
11 39 3.91419
11 40 6.03016
11 41 0.2149
11 42 1.05867
11 43 4.47992
11 44 6.72503
11 45 8.20329
11 46 2.01624
11 47 8.91274
11 48 6.41036
11 49 5.64038
12 13 1.76051
12 14 2.60891
12 15 6.00682
12 16 0.48985
12 17 7.219
12 18 8.67217
12 19 6.28585
12 20 2.84052
12 21 8.71881
12 22 4.9884
12 23 0.78198
12 24 4.83837
12 25 7.46944
12 26 4.79761
12 27 3.71524
12 28 1.14569
12 29 7.9256
12 30 4.79108
12 31 7.78653
12 32 0.2026
12 33 7.26951
12 34 8.98143
12 35 6.72947
12 36 8.9107
12 37 1.83638
12 38 8.4175
12 39 4.16745
12 40 3.50753
12 41 5.22743
12 42 0.85475
12 43 7.06065
12 44 2.26958
12 45 2.75679
12 46 5.36671
12 47 4.14554
12 48 1.11949
12 49 2.14989
13 14 6.66551
13 15 4.66538
13 16 4.95104
13 17 5.377
13 18 5.4866
13 19 7.65653
13 20 0.45445
13 21 8.84746
13 22 3.55912
13 23 6.23849
13 24 3.52822
13 25 8.06029
13 26 8.06784
13 27 3.37696
13 28 0.30654
13 29 1.51129
13 30 3.49579
13 31 0.93023
13 32 5.48385
13 33 2.61869
13 34 0.5906
13 35 3.28724
13 36 4.74727
13 37 0.92964
13 38 6.5805
13 39 6.90425
13 40 0.85565
13 41 2.07535
13 42 7.21348
13 43 5.87748
13 44 3.49931
13 45 6.6082
13 46 2.8322
13 47 0.79721
13 48 6.18536
13 49 5.01651
14 15 6.89847
14 16 2.25274
14 17 3.06839
14 18 4.88897
14 19 8.67966
14 20 7.92776
14 21 8.57354
14 22 5.09562
14 23 5.33324
14 24 4.11379
14 25 8.0897
14 26 4.98484
14 27 3.85144
14 28 3.59795
14 29 8.77046
14 30 2.59891
14 31 8.90949
14 32 1.95919
14 33 2.87389
14 34 0.06063
14 35 7.84311
14 36 5.48534
14 37 5.91979
14 38 5.67142
14 39 5.24799
14 40 1.1836
14 41 0.77155
14 42 5.34003
14 43 1.89624
14 44 0.66756
14 45 8.95181
14 46 7.82804
14 47 8.44449
14 48 7.8463
14 49 8.26899
15 16 2.31453
15 17 7.87378
15 18 8.54239
15 19 6.47964
15 20 1.65008
15 21 1.43272
15 22 2.68612
15 23 2.39495
15 24 3.53153
15 25 0.83755
15 26 7.94999
15 27 7.16576
15 28 7.24685
15 29 3.21887
15 30 2.85199
15 31 6.48944
15 32 4.54052
15 33 3.20656
15 34 2.92301
15 35 6.33807
15 36 8.44725
15 37 6.25234
15 38 7.74434
15 39 4.59155
15 40 6.45316
15 41 6.0387
15 42 5.43713
15 43 1.78447
15 44 7.12633
15 45 2.98127
15 46 0.67293
15 47 3.87835
15 48 6.0453
15 49 3.66448
16 17 7.72946
16 18 1.97621
16 19 7.66666
16 20 3.61063
16 21 2.84924
16 22 7.44756
16 23 6.88743
16 24 7.55105
16 25 1.10973
16 26 7.15779
16 27 6.57353
16 28 0.00576
16 29 6.34127
16 30 7.65565
16 31 7.46618
16 32 7.82716
16 33 7.49256
16 34 4.935
16 35 7.01675
16 36 4.5495
16 37 7.79004
16 38 3.63028
16 39 3.63316
16 40 3.31657
16 41 8.81237
16 42 8.46239
16 43 0.99215
16 44 0.90598
16 45 0.13762
16 46 4.00968
16 47 0.87052
16 48 1.53453
16 49 7.08203
17 18 7.78131
17 19 5.50619
17 20 0.22075
17 21 0.08259
17 22 2.59566
17 23 4.72239
17 24 0.9595
17 25 6.97893
17 26 3.5768
17 27 0.87221
17 28 3.66351
17 29 7.02699
17 30 7.22821
17 31 4.28181
17 32 2.20485
17 33 8.93774
17 34 1.29977
17 35 4.24264
17 36 4.31222
17 37 8.53136
17 38 0.76711
17 39 3.60559
17 40 2.68048
17 41 6.99232
17 42 8.1918
17 43 2.9247
17 44 4.96467
17 45 1.34385
17 46 8.22527
17 47 8.41522
17 48 1.61295
17 49 2.18137
18 19 0.81218
18 20 1.68413
18 21 7.15397
18 22 4.74571
18 23 7.81971
18 24 2.39452
18 25 7.16853
18 26 1.25249
18 27 8.54498
18 28 4.01713
18 29 1.91501
18 30 7.32697
18 31 8.35037
18 32 0.38932
18 33 8.50863
18 34 1.39851
18 35 1.78574
18 36 6.62807
18 37 4.04828
18 38 2.37675
18 39 6.06732
18 40 6.15116
18 41 2.58969
18 42 4.20387
18 43 5.03143
18 44 4.64252
18 45 0.13421
18 46 3.53184
18 47 3.73012
18 48 7.28922
18 49 1.48549
19 20 5.80755
19 21 5.58157
19 22 2.52759
19 23 6.06201
19 24 1.91171
19 25 5.97589
19 26 7.15647
19 27 6.70893
19 28 0.31776
19 29 5.45566
19 30 5.9598
19 31 2.34708
19 32 1.11682
19 33 3.24131
19 34 3.48707
19 35 3.78905
19 36 4.71073
19 37 8.10762
19 38 4.27806
19 39 6.31531
19 40 4.71528
19 41 5.84602
19 42 3.82751
19 43 2.29152
19 44 5.81397
19 45 5.42842
19 46 7.99412
19 47 0.48556
19 48 7.86307
19 49 5.40694
20 21 2.67015
20 22 8.29344
20 23 4.61159
20 24 6.63536
20 25 7.96104
20 26 6.53436
20 27 8.78311
20 28 1.39247
20 29 4.74398
20 30 6.57287
20 31 3.56955
20 32 1.0659
20 33 1.21403
20 34 3.09512
20 35 0.66746
20 36 3.86169
20 37 2.78939
20 38 5.20783
20 39 4.07593
20 40 1.16149
20 41 7.16715
20 42 2.62223
20 43 8.23005
20 44 2.47661
20 45 8.7043
20 46 3.63366
20 47 5.86847
20 48 7.30582
20 49 3.48309
21 22 5.59772
21 23 5.87915
21 24 4.04669
21 25 2.96641
21 26 7.04729
21 27 7.36431
21 28 7.34647
21 29 2.7085
21 30 0.57305
21 31 3.19654
21 32 0.55023
21 33 1.0313
21 34 0.03061
21 35 6.25469
21 36 4.05253
21 37 6.2002
21 38 0.02814
21 39 6.62192
21 40 6.33366
21 41 1.01087
21 42 3.48392
21 43 7.68442
21 44 4.87661
21 45 2.32445
21 46 8.66947
21 47 6.31559
21 48 8.62931
21 49 0.53582
22 23 5.67711
22 24 4.87026
22 25 6.69991
22 26 0.34231
22 27 4.88833
22 28 5.17194
22 29 2.68943
22 30 6.78538
22 31 5.17565
22 32 0.31133
22 33 3.43425
22 34 0.37391
22 35 8.88032
22 36 2.47619
22 37 4.36945
22 38 6.88818
22 39 4.66247
22 40 7.22681
22 41 3.48458
22 42 1.69559
22 43 4.77361
22 44 5.24532
22 45 6.56783
22 46 4.20434
22 47 7.75445
22 48 7.25622
22 49 8.74306
23 24 3.39966
23 25 4.77806
23 26 6.287
23 27 8.14877
23 28 3.18985
23 29 2.13126
23 30 6.19711
23 31 4.43212
23 32 2.73186
23 33 5.6739
23 34 3.92858
23 35 4.27433
23 36 4.23319
23 37 4.80789
23 38 3.688
23 39 4.62703
23 40 4.7854
23 41 0.60053
23 42 7.92389
23 43 5.87482
23 44 2.67232
23 45 3.07904
23 46 1.01499
23 47 0.73367
23 48 0.02101
23 49 5.30775
24 25 4.59411
24 26 0.71941
24 27 4.82117
24 28 7.42311
24 29 0.83817
24 30 1.40362
24 31 8.8795
24 32 8.23748
24 33 0.98162
24 34 1.34275
24 35 2.50606
24 36 3.02155
24 37 6.18973
24 38 4.60404
24 39 4.64011
24 40 5.25169
24 41 3.56363
24 42 1.98456
24 43 7.82766
24 44 0.02595
24 45 3.61953
24 46 3.73818
24 47 7.32616
24 48 6.80048
24 49 4.10769
25 26 7.23244
25 27 2.47997
25 28 6.0485
25 29 2.04691
25 30 8.04831
25 31 8.15466
25 32 1.94998
25 33 5.16921
25 34 5.01879
25 35 6.56245
25 36 7.53685
25 37 0.16787
25 38 3.42979
25 39 0.82231
25 40 8.0624
25 41 0.3989
25 42 5.74765
25 43 3.46415
25 44 6.28598
25 45 1.47001
25 46 6.54757
25 47 6.09649
25 48 7.54807
25 49 6.11757
26 27 3.96465
26 28 8.71498
26 29 3.76417
26 30 5.97989
26 31 8.65829
26 32 1.67155
26 33 0.5815
26 34 4.1738
26 35 4.07805
26 36 5.25191
26 37 0.87712
26 38 4.3711
26 39 7.314
26 40 4.4295
26 41 4.8868
26 42 5.14179
26 43 1.66894
26 44 7.49324
26 45 5.6823
26 46 2.18222
26 47 2.43893
26 48 8.70623
26 49 3.16294
27 28 7.22285
27 29 3.40858
27 30 8.53166
27 31 2.77176
27 32 5.04328
27 33 7.04877
27 34 7.45154
27 35 5.49886
27 36 0.32549
27 37 4.32157
27 38 4.98551
27 39 7.174
27 40 2.77503
27 41 2.51342
27 42 4.72746
27 43 1.01783
27 44 4.46307
27 45 3.0097
27 46 2.13575
27 47 8.63578
27 48 2.79734
27 49 7.59176
28 29 0.83545
28 30 1.12136
28 31 7.42899
28 32 5.93654
28 33 0.30043
28 34 0.43965
28 35 8.66162
28 36 2.06538
28 37 2.85039
28 38 1.19417
28 39 7.89392
28 40 1.34861
28 41 6.56229
28 42 7.06938
28 43 2.46834
28 44 3.21137
28 45 4.07421
28 46 5.23197
28 47 8.07259
28 48 5.31373
28 49 5.38541
29 30 7.67786
29 31 5.8391
29 32 5.93086
29 33 1.20527
29 34 7.90741
29 35 2.10296
29 36 3.1135
29 37 4.25494
29 38 0.62093
29 39 0.72146
29 40 7.01669
29 41 5.88243
29 42 8.40739
29 43 2.47378
29 44 7.34605
29 45 8.70937
29 46 4.79967
29 47 3.45653
29 48 3.52774
29 49 2.9879
30 31 1.66911
30 32 8.52569
30 33 5.33029
30 34 1.86379
30 35 5.3799
30 36 8.57057
30 37 4.99852
30 38 0.27799
30 39 0.63547
30 40 3.34002
30 41 7.64356
30 42 8.16295
30 43 1.20318
30 44 3.88053
30 45 6.16732
30 46 4.28329
30 47 6.43625
30 48 5.98206
30 49 5.20065
31 32 5.2929
31 33 2.99121
31 34 0.55176
31 35 3.5963
31 36 7.57926
31 37 2.14096
31 38 0.40864
31 39 2.88627
31 40 0.79565
31 41 1.02454
31 42 3.98065
31 43 7.14994
31 44 2.05692
31 45 3.68976
31 46 3.95861
31 47 6.27537
31 48 4.05559
31 49 5.81282
32 33 3.92695
32 34 7.05902
32 35 3.81796
32 36 5.50015
32 37 8.13795
32 38 3.4985
32 39 3.05892
32 40 4.94497
32 41 4.70297
32 42 7.96771
32 43 0.82589
32 44 1.54379
32 45 3.12429
32 46 6.9188
32 47 0.12403
32 48 0.02123
32 49 0.24801
33 34 6.78458
33 35 0.10474
33 36 4.01483
33 37 4.35343
33 38 2.56683
33 39 0.88859
33 40 6.414
33 41 4.85197
33 42 8.55874
33 43 8.56444
33 44 0.91266
33 45 8.91258
33 46 2.6008
33 47 3.85237
33 48 2.23081
33 49 1.6067
34 35 2.94957
34 36 5.82264
34 37 1.46485
34 38 4.66251
34 39 2.86485
34 40 8.61702
34 41 2.83537
34 42 0.87745
34 43 8.74484
34 44 1.9415
34 45 2.54399
34 46 0.32203
34 47 2.83511
34 48 6.67402
34 49 4.64278
35 36 2.4871
35 37 3.48379
35 38 7.72846
35 39 5.46696
35 40 6.30716
35 41 2.71531
35 42 7.90782
35 43 2.64548
35 44 1.52735
35 45 6.29651
35 46 6.91646
35 47 4.01252
35 48 5.96055
35 49 2.90277
36 37 2.50959
36 38 5.48432
36 39 6.06456
36 40 6.46023
36 41 6.30819
36 42 7.68157
36 43 6.71796
36 44 5.13049
36 45 6.5675
36 46 2.30462
36 47 8.97966
36 48 6.21063
36 49 8.76753
37 38 5.08142
37 39 5.93077
37 40 1.80808
37 41 0.22193
37 42 1.34525
37 43 2.49283
37 44 0.62751
37 45 7.36363
37 46 2.63565
37 47 4.55376
37 48 4.81216
37 49 5.2074
38 39 6.51354
38 40 5.95291
38 41 0.55227
38 42 5.19112
38 43 6.76778
38 44 1.78015
38 45 1.07218
38 46 1.74554
38 47 4.5966
38 48 3.52082
38 49 4.5726
39 40 3.17883
39 41 3.18302
39 42 5.20679
39 43 3.85101
39 44 0.95473
39 45 0.8077
39 46 7.75595
39 47 1.74925
39 48 4.34081
39 49 1.72206
40 41 8.31236
40 42 4.04483
40 43 1.0612
40 44 0.94166
40 45 1.59658
40 46 8.07461
40 47 7.04427
40 48 0.40248
40 49 5.66022
41 42 6.37645
41 43 3.40202
41 44 6.69445
41 45 3.69762
41 46 7.93945
41 47 5.6122
41 48 6.19904
41 49 3.6874
42 43 4.10882
42 44 1.64114
42 45 1.39312
42 46 7.35903
42 47 1.29386
42 48 0.58164
42 49 7.29484
43 44 3.10956
43 45 8.32079
43 46 4.74369
43 47 7.43843
43 48 3.94129
43 49 2.24393
44 45 2.53141
44 46 4.11945
44 47 6.0555
44 48 7.92462
44 49 3.96961
45 46 7.10001
45 47 1.30107
45 48 3.52734
45 49 8.57817
46 47 5.35516
46 48 1.97874
46 49 5.24425
47 48 8.12761
47 49 8.20014
48 49 2.71267
