50 15
0 1 5.30484
0 2 6.97629
0 3 1.24125
0 4 1.26767
0 5 8.24717
0 6 7.57161
0 7 2.47704
0 8 0.17314
0 9 2.39267
0 10 4.9293
0 11 8.34502
0 12 6.6609
0 13 2.03381
0 14 6.93535
0 15 1.81297
0 16 1.20113
0 17 4.26487
0 18 0.85201
0 19 6.52706
0 20 4.87806
0 21 1.84023
0 22 8.63641
0 23 7.62291
0 24 4.00304
0 25 2.02936
0 26 8.12379
0 27 5.43958
0 28 5.82396
0 29 4.63034
0 30 0.63055
0 31 7.80886
0 32 5.75317
0 33 7.42984
0 34 2.08706
0 35 5.43626
0 36 5.91284
0 37 8.07009
0 38 3.64325
0 39 7.0323
0 40 7.82415
0 41 8.70384
0 42 2.96451
0 43 1.86231
0 44 4.86213
0 45 0.58986
0 46 5.05395
0 47 6.86202
0 48 0.31
0 49 3.6661
1 2 3.58841
1 3 4.56138
1 4 1.61497
1 5 3.58864
1 6 1.47163
1 7 6.42363
1 8 8.46862
1 9 1.17866
1 10 2.9639
1 11 1.50213
1 12 3.22128
1 13 5.08422
1 14 7.54847
1 15 4.99935
1 16 6.87911
1 17 6.24097
1 18 7.26009
1 19 5.21638
1 20 6.29273
1 21 6.21991
1 22 0.90455
1 23 2.28959
1 24 8.3788
1 25 2.51476
1 26 5.96764
1 27 7.99039
1 28 1.60971
1 29 4.08663
1 30 1.66129
1 31 6.51616
1 32 6.28493
1 33 7.46687
1 34 1.56125
1 35 4.51865
1 36 3.25073
1 37 0.67164
1 38 6.84731
1 39 2.35743
1 40 3.22739
1 41 3.14033
1 42 1.68851
1 43 3.78593
1 44 6.2558
1 45 1.74902
1 46 6.43656
1 47 4.65756
1 48 6.42686
1 49 6.97961
2 3 5.09872
2 4 6.08673
2 5 4.93907
2 6 7.37951
2 7 0.02563
2 8 0.70042
2 9 2.5269
2 10 6.20286
2 11 0.25335
2 12 0.48207
2 13 7.85074
2 14 2.11376
2 15 7.60605
2 16 7.60504
2 17 8.69324
2 18 4.05428
2 19 2.05558
2 20 5.47107
2 21 3.87194
2 22 0.26036
2 23 0.46559
2 24 4.34966
2 25 5.13005
2 26 3.70748
2 27 8.6123
2 28 5.01333
2 29 4.30077
2 30 4.75104
2 31 2.74411
2 32 8.10564
2 33 2.09563
2 34 0.40238
2 35 0.44797
2 36 4.66469
2 37 4.97537
2 38 1.73686
2 39 6.85595
2 40 5.65306
2 41 4.29858
2 42 8.11116
2 43 1.55657
2 44 4.13952
2 45 4.57501
2 46 5.24564
2 47 3.1545
2 48 0.28786
2 49 1.19455
3 4 3.02646
3 5 1.93379
3 6 7.43683
3 7 5.2059
3 8 3.16047
3 9 3.09776
3 10 1.12326
3 11 7.42544
3 12 7.09655
3 13 7.77578
3 14 5.37003
3 15 5.31701
3 16 1.02555
3 17 1.26397
3 18 0.00421
3 19 7.18839
3 20 6.48614
3 21 3.57673
3 22 7.25537
3 23 3.36312
3 24 0.56928
3 25 5.04743
3 26 1.11178
3 27 1.22254
3 28 3.7875
3 29 2.70496
3 30 0.21085
3 31 6.51367
3 32 3.62018
3 33 8.05158
3 34 0.45452
3 35 2.43862
3 36 6.28455
3 37 3.10163
3 38 6.39058
3 39 5.68322
3 40 8.31451
3 41 7.18245
3 42 5.20729
3 43 4.23494
3 44 2.27112
3 45 6.34542
3 46 7.07755
3 47 0.70289
3 48 2.88183
3 49 3.45551
4 5 6.29207
4 6 7.85991
4 7 1.33762
4 8 3.84106
4 9 4.34944
4 10 4.93487
4 11 3.31745
4 12 0.96445
4 13 7.38853
4 14 2.46381
4 15 3.08721
4 16 3.40962
4 17 2.01994
4 18 7.02462
4 19 1.90152
4 20 1.93439
4 21 5.5286
4 22 7.64862
4 23 1.34652
4 24 1.58852
4 25 8.75177
4 26 1.9939
4 27 3.02594
4 28 0.64495
4 29 3.14574
4 30 1.13491
4 31 3.78095
4 32 3.60364
4 33 2.20159
4 34 8.75973
4 35 2.05596
4 36 8.72591
4 37 1.14414
4 38 2.96787
4 39 0.96593
4 40 4.26161
4 41 5.99006
4 42 5.74819
4 43 7.65528
4 44 3.04925
4 45 6.18513
4 46 2.55908
4 47 6.34295
4 48 8.7499
4 49 0.29896
5 6 5.17987
5 7 8.18458
5 8 5.2124
5 9 6.06335
5 10 4.8166
5 11 2.31907
5 12 5.85579
5 13 2.03524
5 14 4.62006
5 15 6.98633
5 16 7.57677
5 17 6.77329
5 18 7.86364
5 19 5.99084
5 20 1.86284
5 21 6.25688
5 22 6.94514
5 23 0.16713
5 24 8.5724
5 25 7.26393
5 26 2.47405
5 27 6.51729
5 28 4.43474
5 29 8.06068
5 30 5.46458
5 31 5.37619
5 32 4.48844
5 33 6.08753
5 34 5.85687
5 35 3.09061
5 36 7.09318
5 37 8.53249
5 38 5.74078
5 39 1.90439
5 40 3.01135
5 41 1.03852
5 42 5.96483
5 43 2.4731
5 44 8.88836
5 45 3.47827
5 46 1.96831
5 47 8.01413
5 48 0.95374
5 49 0.13586
6 7 0.76622
6 8 6.52618
6 9 6.13356
6 10 4.78182
6 11 3.17288
6 12 2.8587
6 13 3.30746
6 14 8.92777
6 15 7.8303
6 16 2.52915
6 17 8.22849
6 18 0.68596
6 19 5.17844
6 20 5.1313
6 21 6.872
6 22 5.86989
6 23 0.50928
6 24 0.65986
6 25 5.10952
6 26 2.13503
6 27 5.64197
6 28 8.69561
6 29 3.03368
6 30 6.11111
6 31 3.38989
6 32 8.54493
6 33 0.28875
6 34 0.95016
6 35 0.1799
6 36 3.7107
6 37 5.32109
6 38 2.18365
6 39 4.73123
6 40 7.94683
6 41 4.56702
6 42 8.82861
6 43 5.50871
6 44 6.90323
6 45 4.1062
6 46 0.67122
6 47 6.32499
6 48 5.68809
6 49 5.14544
7 8 0.9257
7 9 0.46408
7 10 2.5512
7 11 6.81102
7 12 6.90753
7 13 8.36753
7 14 0.99063
7 15 6.2456
7 16 6.75782
7 17 4.95832
7 18 8.69508
7 19 7.51069
7 20 5.73239
7 21 1.0338
7 22 8.65468
7 23 5.62762
7 24 2.52907
7 25 1.85517
7 26 2.4472
7 27 6.36592
7 28 2.24969
7 29 3.47839
7 30 7.78936
7 31 5.58653
7 32 0.58064
7 33 7.84881
7 34 3.85788
7 35 4.55744
7 36 1.91648
7 37 6.66687
7 38 4.34477
7 39 2.11384
7 40 6.73135
7 41 5.78946
7 42 7.89365
7 43 4.4288
7 44 5.39293
7 45 2.19196
7 46 5.72918
7 47 6.71767
7 48 8.90793
7 49 0.25303
8 9 6.18872
8 10 3.97258
8 11 5.20892
8 12 8.50467
8 13 6.49426
8 14 7.87039
8 15 4.05933
8 16 3.55543
8 17 4.14749
8 18 0.18358
8 19 0.07409
8 20 7.43869
8 21 6.13637
8 22 6.12002
8 23 4.36114
8 24 3.41597
8 25 0.31856
8 26 1.03044
8 27 3.92536
8 28 1.20658
8 29 0.69839
8 30 4.32516
8 31 4.9331
8 32 5.98459
8 33 7.21481
8 34 4.5714
8 35 0.96332
8 36 3.4943
8 37 0.42474
8 38 5.39127
8 39 6.43628
8 40 3.39707
8 41 4.15882
8 42 3.56987
8 43 1.85076
8 44 0.61854
8 45 1.65495
8 46 7.63102
8 47 5.97561
8 48 7.8658
8 49 7.28561
9 10 6.85118
9 11 4.91404
9 12 4.20049
9 13 5.51376
9 14 3.62813
9 15 2.56782
9 16 1.52948
9 17 5.19281
9 18 1.27319
9 19 3.67516
9 20 7.02819
9 21 7.79106
9 22 5.91291
9 23 3.69703
9 24 5.49872
9 25 4.456
9 26 2.05764
9 27 4.82388
9 28 4.4162
9 29 8.44282
9 30 1.61603
9 31 1.17672
9 32 6.35053
9 33 8.99434
9 34 5.32322
9 35 0.10925
9 36 4.64146
9 37 7.08356
9 38 2.18072
9 39 5.64915
9 40 4.17049
9 41 3.15851
9 42 8.21313
9 43 4.51716
9 44 4.16263
9 45 8.47741
9 46 7.97139
9 47 4.33758
9 48 0.06825
9 49 7.14862
10 11 5.78301
10 12 1.20973
10 13 0.58472
10 14 0.55329
10 15 1.14319
10 16 8.09904
10 17 2.15709
10 18 6.61655
10 19 2.49259
10 20 5.52864
10 21 4.76848
10 22 0.09117
10 23 3.41923
10 24 7.83058
10 25 8.67778
10 26 3.03867
10 27 5.15712
10 28 2.55559
10 29 6.521
10 30 8.72145
10 31 2.45195
10 32 1.68795
10 33 2.30256
10 34 5.70069
10 35 4.46114
10 36 1.66076
10 37 6.87623
10 38 5.89527
10 39 8.411
10 40 3.27692
10 41 8.74743
10 42 3.19027
10 43 7.60662
10 44 3.46628
10 45 0.13266
10 46 4.52902
10 47 8.36741
10 48 5.65674
10 49 3.73293
11 12 1.57336
11 13 4.98192
11 14 1.25626
11 15 8.05497
11 16 8.17097
11 17 5.07398
11 18 4.41333
11 19 4.31483
11 20 0.52223
11 21 7.82423
11 22 4.42078
11 23 4.04699
11 24 5.54983
11 25 4.31675
11 26 1.55875
11 27 3.13405
11 28 5.2276
11 29 2.79549
11 30 0.17812
11 31 2.56315
11 32 7.73607
11 33 5.00763
11 34 7.89809
11 35 2.20908
11 36 0.27918
11 37 5.97291
11 38 7.80523
11 39 3.82973
11 40 8.78002
11 41 2.4644
11 42 5.80971
11 43 4.84895
11 44 0.03163
11 45 8.87314
11 46 6.35925
11 47 4.11636
11 48 7.04464
11 49 6.94745
12 13 1.46938
12 14 6.4962
12 15 8.05648
12 16 6.46411
12 17 1.54711
12 18 1.80445
12 19 2.32042
12 20 8.92178
12 21 6.13632
12 22 3.34965
12 23 5.86609
12 24 7.37522
12 25 0.46284
12 26 5.60614
12 27 0.26389
12 28 5.53225
12 29 5.04025
12 30 8.08616
12 31 0.31297
12 32 1.40117
12 33 2.58306
12 34 5.57541
12 35 5.64895
12 36 6.01678
12 37 5.21188
12 38 3.56326
12 39 1.79411
12 40 6.8819
12 41 4.97531
12 42 8.38612
12 43 3.54822
12 44 8.36256
12 45 4.90603
12 46 6.96889
12 47 3.36392
12 48 4.53722
12 49 4.38006
13 14 2.71387
13 15 8.42161
13 16 5.72209
13 17 2.59852
13 18 7.58402
13 19 3.63743
13 20 2.26574
13 21 1.69038
13 22 2.38594
13 23 7.98773
13 24 3.94613
13 25 7.24028
13 26 8.88408
13 27 8.88652
13 28 7.11765
13 29 1.72997
13 30 4.36091
13 31 6.21267
13 32 5.25737
13 33 1.09512
13 34 5.9924
13 35 1.73627
13 36 7.88098
13 37 2.96419
13 38 4.34088
13 39 2.36424
13 40 6.40297
13 41 0.90033
13 42 7.49693
13 43 1.67902
13 44 0.59316
13 45 2.72259
13 46 5.71508
13 47 4.69991
13 48 6.19354
13 49 6.69532
14 15 0.27705
14 16 7.29815
14 17 5.15546
14 18 6.35703
14 19 7.52009
14 20 2.18067
14 21 0.51024
14 22 7.2453
14 23 3.38005
14 24 1.41584
14 25 8.96192
14 26 8.55039
14 27 8.74677
14 28 8.2839
14 29 8.74921
14 30 7.43679
14 31 0.02328
14 32 6.16618
14 33 7.89141
14 34 7.9958
14 35 6.6171
14 36 6.63017
14 37 2.5871
14 38 8.53588
14 39 6.73046
14 40 7.24837
14 41 7.24641
14 42 8.62552
14 43 2.61748
14 44 5.54506
14 45 3.79789
14 46 8.38298
14 47 5.45424
14 48 1.99102
14 49 4.88058
15 16 4.34159
15 17 7.26792
15 18 5.03536
15 19 1.34125
15 20 7.63298
15 21 2.59774
15 22 5.25963
15 23 2.61394
15 24 1.54517
15 25 3.43844
15 26 6.00505
15 27 3.02537
15 28 1.65464
15 29 2.59853
15 30 1.1035
15 31 5.48476
15 32 2.57418
15 33 0.09491
15 34 5.82025
15 35 7.4139
15 36 1.94474
15 37 0.97858
15 38 2.78565
15 39 2.8212
15 40 8.4174
15 41 6.38725
15 42 6.9069
15 43 0.46708
15 44 2.46528
15 45 0.15304
15 46 4.60997
15 47 6.18632
15 48 3.4863
15 49 6.67648
16 17 3.6449
16 18 4.46443
16 19 8.49212
16 20 4.75132
16 21 6.62318
16 22 8.93927
16 23 2.35959
16 24 1.50804
16 25 5.42122
16 26 0.95294
16 27 3.30169
16 28 2.87829
16 29 8.23224
16 30 5.66026
16 31 3.69674
16 32 8.46234
16 33 8.52702
16 34 8.39737
16 35 8.24358
16 36 6.32193
16 37 8.73052
16 38 6.73678
16 39 7.01748
16 40 1.25035
16 41 2.51605
16 42 7.49038
16 43 5.79065
16 44 5.5997
16 45 4.90045
16 46 4.0129
16 47 8.79688
16 48 2.46175
16 49 0.82674
17 18 8.43986
17 19 2.38331
17 20 2.09084
17 21 2.72474
17 22 8.99329
17 23 6.30481
17 24 5.86006
17 25 2.90444
17 26 1.05119
17 27 6.07649
17 28 3.88683
17 29 5.0461
17 30 1.3286
17 31 6.07089
17 32 2.4548
17 33 6.28734
17 34 0.5311
17 35 7.05568
17 36 3.55986
17 37 6.64271
17 38 8.80671
17 39 0.82595
17 40 5.61986
17 41 5.59599
17 42 5.5909
17 43 7.46922
17 44 5.86283
17 45 0.98468
17 46 7.45385
17 47 5.46735
17 48 7.56825
17 49 4.84319
18 19 7.92557
18 20 0.10458
18 21 6.18547
18 22 2.87428
18 23 6.29457
18 24 2.40794
18 25 6.74832
18 26 4.73839
18 27 0.7248
18 28 0.85485
18 29 2.09557
18 30 6.70205
18 31 5.51177
18 32 5.85225
18 33 6.74333
18 34 3.8441
18 35 8.83622
18 36 0.46506
18 37 1.0642
18 38 8.65679
18 39 4.4542
18 40 3.47305
18 41 2.23575
18 42 8.37236
18 43 1.9957
18 44 7.96579
18 45 8.30278
18 46 2.63316
18 47 1.55985
18 48 3.8047
18 49 7.79389
19 20 2.30073
19 21 8.40158
19 22 3.97006
19 23 7.06526
19 24 0.50808
19 25 7.99517
19 26 3.15744
19 27 6.69853
19 28 8.46085
19 29 2.52838
19 30 2.76265
19 31 6.22752
19 32 2.72903
19 33 7.96696
19 34 1.07869
19 35 6.05504
19 36 5.79323
19 37 3.92139
19 38 7.78279
19 39 7.85296
19 40 3.67968
19 41 1.47232
19 42 6.07457
19 43 6.43525
19 44 2.11961
19 45 4.58521
19 46 0.45985
19 47 2.23012
19 48 5.29542
19 49 1.84083
20 21 3.15875
20 22 5.25215
20 23 1.83228
20 24 0.87495
20 25 3.35246
20 26 8.72708
20 27 3.0858
20 28 7.88472
20 29 0.2026
20 30 7.45028
20 31 6.18591
20 32 0.92669
20 33 3.41658
20 34 4.36184
20 35 1.58127
20 36 4.8825
20 37 8.04607
20 38 2.47591
20 39 0.53618
20 40 0.3913
20 41 8.84031
20 42 1.29011
20 43 4.86249
20 44 1.34321
20 45 4.69139
20 46 1.75025
20 47 8.30096
20 48 0.67218
20 49 2.41431
21 22 5.59304
21 23 7.53879
21 24 1.47482
21 25 4.41133
21 26 7.44641
21 27 8.5029
21 28 5.20956
21 29 5.86884
21 30 5.83797
21 31 1.45796
21 32 7.07416
21 33 8.37559
21 34 4.25711
21 35 0.59929
21 36 6.40843
21 37 0.6385
21 38 1.71636
21 39 8.47826
21 40 2.65853
21 41 2.87218
21 42 7.03945
21 43 1.93941
21 44 4.61344
21 45 8.92579
21 46 0.2233
21 47 0.40002
21 48 6.45939
21 49 1.35878
22 23 6.60695
22 24 8.70492
22 25 6.88185
22 26 1.67929
22 27 5.86874
22 28 2.51766
22 29 5.41584
22 30 4.71018
22 31 0.16398
22 32 7.30975
22 33 6.12389
22 34 8.41005
22 35 6.42853
22 36 6.36457
22 37 7.70088
22 38 0.49348
22 39 1.71822
22 40 8.71665
22 41 4.24722
22 42 8.54903
22 43 4.54674
22 44 1.78931
22 45 3.37491
22 46 6.76121
22 47 1.01488
22 48 4.15331
22 49 1.90531
23 24 5.7861
23 25 0.89487
23 26 6.86323
23 27 8.72525
23 28 5.36963
23 29 8.24133
23 30 7.32614
23 31 4.65975
23 32 8.99547
23 33 5.24123
23 34 0.71727
23 35 3.32498
23 36 0.15048
23 37 6.73906
23 38 8.34817
23 39 5.88815
23 40 5.31888
23 41 3.02593
23 42 3.13761
23 43 0.29337
23 44 8.54519
23 45 7.82724
23 46 2.09138
23 47 2.29872
23 48 3.59929
23 49 0.97626
24 25 1.71445
24 26 0.0772
24 27 4.56494
24 28 2.03445
24 29 4.68734
24 30 6.08648
24 31 6.75432
24 32 8.73533
24 33 7.16103
24 34 0.29149
24 35 3.6017
24 36 4.01735
24 37 2.30266
24 38 1.20342
24 39 2.55836
24 40 4.26876
24 41 6.67049
24 42 3.94324
24 43 4.98101
24 44 0.04732
24 45 5.2794
24 46 8.50597
24 47 0.11671
24 48 5.94331
24 49 0.74963
25 26 5.76994
25 27 4.09969
25 28 5.77085
25 29 8.62997
25 30 4.75456
25 31 6.10222
25 32 0.1995
25 33 7.23473
25 34 6.74318
25 35 0.90688
25 36 6.4255
25 37 7.27714
25 38 7.74548
25 39 2.43258
25 40 6.93288
25 41 6.72078
25 42 3.73762
25 43 7.06796
25 44 6.13603
25 45 6.41106
25 46 2.93963
25 47 1.04579
25 48 0.43226
25 49 1.09613
26 27 7.90434
26 28 6.87114
26 29 3.07851
26 30 2.13351
26 31 8.91721
26 32 0.92635
26 33 8.11711
26 34 1.42919
26 35 4.14897
26 36 8.68947
26 37 7.1828
26 38 5.40602
26 39 6.06926
26 40 2.1422
26 41 1.21498
26 42 8.47289
26 43 2.74802
26 44 4.90078
26 45 5.1663
26 46 4.78784
26 47 2.45115
26 48 6.68078
26 49 0.98931
27 28 0.25664
27 29 1.22544
27 30 5.58519
27 31 3.96147
27 32 1.21674
27 33 6.54508
27 34 5.75482
27 35 5.63499
27 36 1.62001
27 37 4.92814
27 38 5.18139
27 39 3.69129
27 40 7.12486
27 41 5.0458
27 42 7.18736
27 43 2.05071
27 44 2.03206
27 45 5.07314
27 46 1.36981
27 47 1.48192
27 48 6.11101
27 49 4.76998
28 29 3.66761
28 30 2.75199
28 31 1.29703
28 32 1.22293
28 33 3.42385
28 34 6.4075
28 35 7.94226
28 36 1.21378
28 37 8.45487
28 38 3.02453
28 39 2.12838
28 40 3.3081
28 41 1.75135
28 42 3.9457
28 43 8.65772
28 44 2.93828
28 45 7.89928
28 46 3.74502
28 47 0.16029
28 48 4.38391
28 49 6.8693
29 30 2.18725
29 31 1.30509
29 32 8.94309
29 33 0.31348
29 34 6.06275
29 35 7.18381
29 36 7.9564
29 37 2.83606
29 38 3.94128
29 39 8.27918
29 40 0.2585
29 41 5.78373
29 42 4.64594
29 43 0.01838
29 44 3.98646
29 45 6.76625
29 46 7.38751
29 47 4.2784
29 48 6.03035
29 49 7.75335
30 31 1.7601
30 32 8.55713
30 33 0.42691
30 34 8.69092
30 35 6.39826
30 36 8.42252
30 37 3.55685
30 38 7.75573
30 39 7.4087
30 40 4.63319
30 41 6.95302
30 42 0.79978
30 43 0.45305
30 44 0.26329
30 45 4.78587
30 46 6.14975
30 47 5.85926
30 48 5.97021
30 49 3.63439
31 32 2.08217
31 33 6.46004
31 34 1.78851
31 35 1.67598
31 36 7.84048
31 37 1.62876
31 38 2.4591
31 39 4.20183
31 40 1.48511
31 41 2.2656
31 42 1.82726
31 43 6.43476
31 44 3.81383
31 45 2.49769
31 46 4.48137
31 47 4.87198
31 48 1.24642
31 49 4.5519
32 33 4.52198
32 34 3.41377
32 35 4.08029
32 36 6.15121
32 37 5.80591
32 38 2.36215
32 39 3.79471
32 40 0.25782
32 41 1.6081
32 42 8.61999
32 43 2.73116
32 44 3.34955
32 45 0.03661
32 46 8.92384
32 47 7.84758
32 48 1.09979
32 49 6.1836
33 34 3.96461
33 35 1.56652
33 36 6.50284
33 37 8.07848
33 38 1.92909
33 39 5.47161
33 40 2.49463
33 41 3.2222
33 42 1.72521
33 43 7.11593
33 44 6.49794
33 45 3.7019
33 46 2.14317
33 47 1.61718
33 48 8.03661
33 49 3.87866
34 35 4.31682
34 36 7.70232
34 37 1.59546
34 38 6.78592
34 39 3.6471
34 40 1.00449
34 41 7.51334
34 42 1.01766
34 43 5.26399
34 44 8.06262
34 45 2.70124
34 46 8.76784
34 47 8.80323
34 48 0.12924
34 49 6.32991
35 36 7.07698
35 37 2.99426
35 38 4.18175
35 39 8.83576
35 40 5.85968
35 41 0.37214
35 42 4.56973
35 43 3.37021
35 44 0.9152
35 45 8.47803
35 46 2.95267
35 47 5.15401
35 48 7.73688
35 49 6.74736
36 37 2.51254
36 38 1.20633
36 39 1.495
36 40 7.40128
36 41 5.63567
36 42 5.704
36 43 1.772
36 44 7.65928
36 45 3.86216
36 46 5.78439
36 47 8.59214
36 48 8.23085
36 49 5.3657
37 38 6.01803
37 39 7.86011
37 40 3.5917
37 41 3.75963
37 42 7.46047
37 43 6.63467
37 44 2.83018
37 45 0.45218
37 46 8.82366
37 47 2.06761
37 48 2.84517
37 49 7.20219
38 39 2.21072
38 40 2.31109
38 41 1.24787
38 42 0.07839
38 43 6.8304
38 44 0.25484
38 45 2.93965
38 46 6.45805
38 47 5.60696
38 48 2.87628
38 49 6.22537
39 40 5.45338
39 41 1.90755
39 42 0.92058
39 43 8.07887
39 44 7.12317
39 45 7.27531
39 46 7.97686
39 47 6.50549
39 48 5.02351
39 49 8.19341
40 41 3.0608
40 42 1.99227
40 43 6.76092
40 44 2.31645
40 45 1.65838
40 46 2.10736
40 47 1.35749
40 48 2.35989
40 49 0.48459
41 42 0.40689
41 43 4.64171
41 44 4.80375
41 45 0.35003
41 46 4.29985
41 47 7.86147
41 48 5.35676
41 49 0.34026
42 43 6.63004
42 44 0.70081
42 45 1.46027
42 46 2.28371
42 47 6.75567
42 48 2.7294
42 49 6.75635
43 44 8.91192
43 45 1.36155
43 46 2.56856
43 47 5.39161
43 48 5.82379
43 49 5.84669
44 45 5.49744
44 46 5.66945
44 47 0.93323
44 48 1.50281
44 49 3.48736
45 46 8.85708
45 47 7.62606
45 48 2.14316
45 49 8.75112
46 47 0.73606
46 48 6.94807
46 49 8.28873
47 48 8.4162
47 49 6.58002
48 49 6.75909
