100 20
0 1 171.20097
0 2 171.5523
0 3 189.41001
0 4 129.02177
0 5 161.50185
0 6 176.18626
0 7 127.67311
0 8 203.66684
0 9 159.87905
0 10 181.72562
0 11 127.22221
0 12 133.21139
0 13 141.92523
0 14 187.28882
0 15 181.01496
0 16 170.64989
0 17 184.58047
0 18 166.4074
0 19 161.08236
0 20 198.37893
0 21 152.07937
0 22 163.20071
0 23 177.56632
0 24 146.97514
0 25 179.81359
0 26 111.66043
0 27 123.87141
0 28 179.35688
0 29 117.33303
0 30 179.07713
0 31 181.22974
0 32 137.12291
0 33 178.78714
0 34 173.92341
0 35 162.01326
0 36 173.72505
0 37 143.72422
0 38 129.874
0 39 163.15096
0 40 162.54974
0 41 147.10086
0 42 135.03755
0 43 163.05992
0 44 146.61854
0 45 133.15079
0 46 112.19883
0 47 156.71905
0 48 121.08763
0 49 149.75372
0 50 116.26646
0 51 126.95196
0 52 147.82784
0 53 137.2664
0 54 157.44899
0 55 191.25826
0 56 151.52497
0 57 137.58253
0 58 139.10782
0 59 145.36699
0 60 167.29274
0 61 138.60356
0 62 191.67335
0 63 149.49701
0 64 137.19728
0 65 118.5652
0 66 204.29702
0 67 158.98516
0 68 177.12088
0 69 172.89155
0 70 136.96224
0 71 142.00482
0 72 144.02286
0 73 171.20622
0 74 170.66135
0 75 182.84526
0 76 188.99781
0 77 110.25632
0 78 118.64368
0 79 137.35434
0 80 129.5031
0 81 138.09925
0 82 174.96165
0 83 181.46109
0 84 177.43932
0 85 123.65978
0 86 137.36185
0 87 205.68633
0 88 177.23392
0 89 146.55306
0 90 193.39203
0 91 186.26498
0 92 147.3437
0 93 172.31255
0 94 119.27272
0 95 159.50986
0 96 156.40571
0 97 172.95273
0 98 147.72535
0 99 128.42588
1 2 204.51236
1 3 162.38313
1 4 181.54242
1 5 121.55185
1 6 129.22135
1 7 149.6776
1 8 167.54777
1 9 111.40009
1 10 129.56426
1 11 172.68597
1 12 141.12832
1 13 132.55243
1 14 141.19645
1 15 139.73106
1 16 195.57126
1 17 114.93042
1 18 146.39583
1 19 133.76418
1 20 167.72476
1 21 182.66544
1 22 174.0174
1 23 114.99393
1 24 127.32538
1 25 154.5989
1 26 159.73939
1 27 174.5677
1 28 134.52663
1 29 176.43621
1 30 182.18177
1 31 179.78282
1 32 136.72907
1 33 122.8001
1 34 173.40079
1 35 137.35919
1 36 108.45101
1 37 137.35105
1 38 174.89679
1 39 127.5137
1 40 134.0191
1 41 190.83458
1 42 136.9281
1 43 161.29896
1 44 127.27037
1 45 185.96284
1 46 177.17766
1 47 145.18847
1 48 171.53145
1 49 173.28598
1 50 156.10597
1 51 156.10732
1 52 164.66904
1 53 168.70117
1 54 118.41031
1 55 157.53719
1 56 124.47258
1 57 169.44015
1 58 135.1422
1 59 131.9542
1 60 208.30379
1 61 186.7176
1 62 152.6397
1 63 192.72728
1 64 134.14958
1 65 158.29423
1 66 171.76458
1 67 112.8926
1 68 188.1572
1 69 129.07147
1 70 189.87517
1 71 139.75914
1 72 132.90825
1 73 159.23498
1 74 131.66563
1 75 112.51364
1 76 159.09
1 77 177.97949
1 78 154.71636
1 79 134.06593
1 80 160.3516
1 81 174.29715
1 82 164.99513
1 83 111.63002
1 84 136.67345
1 85 152.65577
1 86 163.02319
1 87 168.89335
1 88 194.56809
1 89 129.97904
1 90 178.66273
1 91 135.57215
1 92 172.73296
1 93 155.49172
1 94 180.75024
1 95 168.63845
1 96 199.05334
1 97 124.24868
1 98 125.43145
1 99 142.86796
2 3 170.18696
2 4 142.81051
2 5 183.56468
2 6 186.48602
2 7 163.85682
2 8 184.28715
2 9 197.44957
2 10 191.81841
2 11 145.27188
2 12 189.79301
2 13 194.02332
2 14 187.8442
2 15 182.09897
2 16 111.70594
2 17 210.05406
2 18 163.77595
2 19 172.63194
2 20 176.59452
2 21 122.98154
2 22 133.15598
2 23 199.53903
2 24 179.63706
2 25 167.02988
2 26 171.37091
2 27 147.84323
2 28 185.00231
2 29 154.38505
2 30 137.24689
2 31 142.39561
2 32 173.94092
2 33 223.69404
2 34 141.86154
2 35 169.77292
2 36 211.71181
2 37 200.95507
2 38 142.28877
2 39 178.99615
2 40 173.02475
2 41 124.80596
2 42 177.18697
2 43 146.95394
2 44 195.49627
2 45 139.49269
2 46 182.40988
2 47 160.44867
2 48 192.60992
2 49 131.5211
2 50 169.10431
2 51 193.92774
2 52 139.9682
2 53 140.10816
2 54 202.77766
2 55 177.23504
2 56 200.22061
2 57 139.40302
2 58 192.40024
2 59 174.2061
2 60 111.38422
2 61 133.39439
2 62 182.49754
2 63 122.58339
2 64 180.99825
2 65 162.41825
2 66 180.97409
2 67 193.11368
2 68 128.03759
2 69 183.77044
2 70 136.80528
2 71 200.65511
2 72 173.70635
2 73 154.597
2 74 179.87383
2 75 216.36277
2 76 172.92384
2 77 179.4202
2 78 182.03454
2 79 180.62339
2 80 151.29223
2 81 136.04231
2 82 151.88647
2 83 215.88008
2 84 181.2535
2 85 187.61599
2 86 144.55592
2 87 185.91555
2 88 120.33329
2 89 198.45434
2 90 158.78332
2 91 191.76214
2 92 132.5666
2 93 159.25475
2 94 189.11877
2 95 137.44447
2 96 117.05442
2 97 187.78589
2 98 194.97929
2 99 180.46274
3 4 177.21232
3 5 144.65644
3 6 133.3391
3 7 162.69816
3 8 115.47559
3 9 163.39746
3 10 135.00758
3 11 170.09483
3 12 179.75399
3 13 176.66436
3 14 124.79913
3 15 123.13115
3 16 158.49631
3 17 158.28571
3 18 123.85504
3 19 134.74119
3 20 108.99395
3 21 158.67265
3 22 139.43998
3 23 149.34897
3 24 155.02965
3 25 110.04247
3 26 180.03698
3 27 174.38153
3 28 128.37463
3 29 181.31437
3 30 133.9152
3 31 129.01748
3 32 159.53061
3 33 185.12652
3 34 128.37662
3 35 131.69713
3 36 170.7633
3 37 185.13208
3 38 169.8237
3 39 138.20929
3 40 133.49098
3 41 172.81817
3 42 164.11092
3 43 129.42455
3 44 173.9371
3 45 178.90575
3 46 200.897
3 47 133.17644
3 48 203.30347
3 49 151.28172
3 50 174.92954
3 51 193.51405
3 52 146.49334
3 53 158.68001
3 54 173.39541
3 55 107.83125
3 56 175.67903
3 57 158.93725
3 58 177.29859
3 59 151.8839
3 60 179.4615
3 61 175.09148
3 62 114.35917
3 63 173.16761
3 64 165.66977
3 65 170.89116
3 66 114.91564
3 67 158.52542
3 68 143.22206
3 69 133.34839
3 70 180.56053
3 71 186.59019
3 72 152.80222
3 73 119.61375
3 74 131.27704
3 75 169.40621
3 76 103.85078
3 77 199.58237
3 78 184.22671
3 79 165.1503
3 80 161.01348
3 81 162.41798
3 82 119.15972
3 83 169.92422
3 84 125.74711
3 85 186.74896
3 86 155.14515
3 87 117.44491
3 88 151.60497
3 89 178.23264
3 90 118.29499
3 91 130.94093
3 92 152.96825
3 93 117.23929
3 94 207.42342
3 95 138.14479
3 96 175.6629
3 97 138.13719
3 98 172.11123
3 99 173.26981
4 5 164.99208
4 6 175.54507
4 7 132.12621
4 8 192.60469
4 9 171.53678
4 10 181.54525
4 11 109.0219
4 12 153.64395
4 13 160.31489
4 14 183.26516
4 15 176.6027
4 16 143.3968
4 17 191.96041
4 18 158.20033
4 19 158.97468
4 20 185.97505
4 21 125.95235
4 22 142.26784
4 23 182.721
4 24 154.22987
4 25 169.15945
4 26 131.38623
4 27 107.40783
4 28 176.86265
4 29 111.69251
4 30 157.44463
4 31 160.85291
4 32 145.06868
4 33 195.4479
4 34 154.75612
4 35 158.11769
4 36 186.62778
4 37 165.29297
4 38 107.74906
4 39 163.61063
4 40 160.14081
4 41 118.12619
4 42 146.15172
4 43 147.88267
4 44 163.48928
4 45 104.85343
4 46 139.59938
4 47 149.58769
4 48 150.09614
4 49 127.77325
4 50 130.96628
4 51 153.62357
4 52 130.72557
4 53 118.61598
4 54 173.1555
4 55 181.35022
4 56 168.68141
4 57 118.29978
4 58 157.98443
4 59 149.9897
4 60 138.32254
4 61 109.58264
4 62 183.82542
4 63 120.49841
4 64 149.80235
4 65 125.44846
4 66 191.73431
4 67 168.67985
4 68 153.08567
4 69 172.15473
4 70 109.13232
4 71 164.31153
4 72 148.88097
4 73 157.60384
4 74 168.83457
4 75 194.04349
4 76 178.02975
4 77 136.61963
4 78 142.43855
4 79 149.63687
4 80 121.65911
4 81 115.10097
4 82 159.36918
4 83 193.02621
4 84 173.88009
4 85 148.23047
4 86 123.12043
4 87 194.60769
4 88 151.27307
4 89 165.19002
4 90 175.77113
4 91 184.37526
4 92 125.51632
4 93 160.42669
4 94 146.33751
4 95 140.61771
4 96 127.39172
4 97 174.15488
4 98 163.74118
4 99 145.23054
5 6 116.24659
5 7 135.40913
5 8 153.33887
5 9 118.94377
5 10 120.86314
5 11 155.9706
5 12 139.42655
5 13 133.94449
5 14 129.43286
5 15 124.9463
5 16 174.27638
5 17 127.45133
5 18 125.40242
5 19 112.34064
5 20 151.55492
5 21 162.30665
5 22 152.52705
5 23 117.73782
5 24 115.0452
5 25 135.61489
5 26 149.94939
5 27 158.67047
5 28 120.99421
5 29 162.2224
5 30 160.81049
5 31 158.64349
5 32 124.40724
5 33 143.39727
5 34 152.03107
5 35 116.02378
5 36 129.61058
5 37 141.91098
5 38 157.70267
5 39 106.62748
5 40 112.81338
5 41 171.74718
5 42 127.27217
5 43 139.75263
5 44 130.26003
5 45 168.97938
5 46 170.23291
5 47 123.67405
5 48 168.10381
5 49 152.75708
5 50 145.25762
5 51 154.85354
5 52 144.11176
5 53 149.86845
5 54 128.75061
5 55 141.58828
5 56 131.26885
5 57 150.56714
5 58 135.30776
5 59 116.27638
5 60 188.04686
5 61 168.71418
5 62 138.40446
5 63 173.44126
5 64 126.67998
5 65 145.10338
5 66 156.51162
5 67 113.94697
5 68 166.61505
5 69 113.69944
5 70 172.55237
5 71 143.72879
5 72 117.60924
5 73 138.21751
5 74 113.87611
5 75 132.8449
5 76 141.95327
5 77 170.15626
5 78 148.9384
5 79 126.28468
5 80 143.33499
5 81 155.50287
5 82 144.07574
5 83 132.4676
5 84 121.05716
5 85 149.22405
5 86 144.12981
5 87 155.04132
5 88 173.03153
5 89 134.49012
5 90 159.18085
5 91 126.31382
5 92 152.47356
5 93 134.84708
5 94 175.32691
5 95 147.19977
5 96 179.35052
5 97 111.84592
5 98 128.27743
5 99 136.2149
6 7 149.0159
6 8 138.86136
6 9 132.1913
6 10 106.00196
6 11 166.69866
6 12 155.67206
6 13 149.94805
6 14 113.41491
6 15 110.52001
6 16 175.95927
6 17 126.02228
6 18 122.8216
6 19 116.57108
6 20 138.52799
6 21 167.5429
6 22 153.56286
6 23 116.21361
6 24 131.01518
6 25 126.47589
6 26 164.86962
6 27 170.01341
6 28 105.42657
6 29 174.68508
6 30 157.61978
6 31 154.26772
6 32 139.63482
6 33 151.85167
6 34 149.14974
6 35 117.86824
6 36 137.51618
6 37 157.6506
6 38 167.89137
6 39 113.03569
6 40 115.43096
6 41 179.06518
6 42 143.02211
6 43 139.71433
6 44 145.9339
6 45 178.9893
6 46 185.60152
6 47 127.36141
6 48 184.12644
6 49 158.00718
6 50 159.95309
6 51 171.08905
6 52 149.82249
6 53 158.46473
6 54 142.51369
6 55 128.33057
6 56 146.20957
6 57 159.06757
6 58 151.44833
6 59 131.02746
6 60 192.77278
6 61 177.60748
6 62 123.76975
6 63 180.39253
6 64 142.77848
6 65 158.77982
6 66 142.75606
6 67 127.93551
6 68 165.11924
6 69 103.41711
6 70 182.10642
6 71 159.58865
6 72 132.35366
6 73 134.27058
6 74 106.91521
6 75 136.30931
6 76 129.93398
6 77 185.29281
6 78 164.82302
6 79 142.36027
6 80 154.41636
6 81 163.86783
6 82 139.37305
6 83 136.71397
6 84 107.6399
6 85 165.37381
6 86 152.98979
6 87 140.37229
6 88 172.61467
6 89 150.05181
6 90 150.35672
6 91 110.21701
6 92 158.39535
6 93 129.77532
6 94 190.98245
6 95 149.04399
6 96 185.41443
6 97 105.29793
6 98 143.89045
6 99 152.19139
7 8 176.46122
7 9 139.43331
7 10 154.73871
7 11 123.58926
7 12 126.18774
7 13 130.3184
7 14 159.68927
7 15 153.36559
7 16 158.54113
7 17 161.04522
7 18 139.18451
7 19 133.47936
7 20 171.57203
7 21 140.96778
7 22 143.62324
7 23 152.62479
7 24 122.59268
7 25 152.86051
7 26 117.36959
7 27 124.96742
7 28 151.87906
7 29 127.09481
7 30 158.51431
7 31 159.39479
7 32 112.9867
7 33 163.59137
7 34 151.6474
7 35 134.34099
7 36 154.51093
7 37 137.11231
7 38 126.17998
7 39 136.03545
7 40 134.9337
7 41 144.31899
7 42 114.30143
7 43 138.99859
7 44 132.46025
7 45 136.73991
7 46 138.43393
7 47 129.57653
7 48 140.97927
7 49 134.02848
7 50 112.23838
7 51 134.25733
7 52 127.97297
7 53 123.77078
7 54 141.39377
7 55 163.95107
7 56 137.51401
7 57 124.49172
7 58 128.56357
7 59 119.24023
7 60 164.15817
7 61 138.5007
7 62 164.08017
7 63 146.56194
7 64 118.11019
7 65 109.78037
7 66 177.45286
7 67 136.78501
7 68 159.30972
7 69 145.65581
7 70 140.83868
7 71 136.91762
7 72 117.95708
7 73 145.66437
7 74 143.19701
7 75 162.12813
7 76 161.95174
7 77 137.45865
7 78 122.96656
7 79 117.86312
7 80 112.77072
7 81 128.43406
7 82 150.23209
7 83 161.05043
7 84 149.83009
7 85 127.15415
7 86 119.61633
7 87 178.46558
7 88 162.10162
7 89 134.9316
7 90 168.99203
7 91 158.94516
7 92 132.21312
7 93 145.98798
7 94 144.7788
7 95 138.64266
7 96 153.6203
7 97 146.23923
7 98 132.36395
7 99 116.82982
8 9 170.95119
8 10 138.07631
8 11 185.34428
8 12 191.11145
8 13 186.92523
8 14 126.39792
8 15 128.6327
8 16 172.59016
8 17 160.10665
8 18 137.29458
8 19 145.74797
8 20 107.69681
8 21 173.99752
8 22 154.61752
8 23 153.05408
8 24 165.85343
8 25 123.98404
8 26 193.82215
8 27 189.59103
8 28 133.43644
8 29 196.37859
8 30 147.22817
8 31 142.10112
8 32 171.76458
8 33 189.544
8 34 142.96561
8 35 143.39572
8 36 175.50704
8 37 195.12863
8 38 185.16537
8 39 147.55612
8 40 144.31915
8 41 188.19978
8 42 176.13711
8 43 144.88724
8 44 183.55595
8 45 194.3615
8 46 214.87642
8 47 146.96566
8 48 216.42612
8 49 166.7455
8 50 188.67714
8 51 205.6037
8 52 161.90732
8 53 174.03594
8 54 181.25236
8 55 112.5874
8 56 184.51008
8 57 174.31288
8 58 187.93918
8 59 163.56449
8 60 194.00984
8 61 190.56654
8 62 115.10608
8 63 188.49093
8 64 177.17892
8 65 185.10164
8 66 105.54328
8 67 166.47402
8 68 156.62046
8 69 140.17968
8 70 196.03589
8 71 196.83044
8 72 164.63885
8 73 135.05143
8 74 139.47757
8 75 172.12735
8 76 114.7895
8 77 213.74121
8 78 197.09106
8 79 176.67996
8 80 175.84595
8 81 177.86315
8 82 134.44488
8 83 172.98023
8 84 132.377
8 85 199.09086
8 86 170.33036
8 87 102.03088
8 88 164.92991
8 89 187.80913
8 90 127.34464
8 91 132.38002
8 92 168.44314
8 93 132.30708
8 94 221.21939
8 95 153.57432
8 96 190.75066
8 97 144.14912
8 98 181.59728
8 99 185.4974
9 10 134.52872
9 11 162.8414
9 12 129.91377
9 13 121.61617
9 14 145.4143
9 15 142.33359
9 16 189.27106
9 17 125.82291
9 18 144.01678
9 19 130.75941
9 20 169.89756
9 21 175.01131
9 22 168.60706
9 23 122.45494
9 24 118.08251
9 25 154.53251
9 26 148.47751
9 27 164.39863
9 28 137.5785
9 29 165.76309
9 30 178.57317
9 31 176.82303
9 32 126.46811
9 33 126.33391
9 34 169.86051
9 35 134.46924
9 36 115.10682
9 37 127.44265
9 38 165.22524
9 39 125.56708
9 40 131.49411
9 41 182.02133
9 42 126.03365
9 43 156.92039
9 44 116.4611
9 45 176.08826
9 46 165.78632
9 47 140.49592
9 48 160.3727
9 49 165.94393
9 50 144.99969
9 51 145.14192
9 52 157.50522
9 53 159.9882
9 54 110.32283
9 55 159.7732
9 56 114.8017
9 57 160.74086
9 58 124.06435
9 59 123.3515
9 60 200.33257
9 61 177.30411
9 62 155.84709
9 63 184.03624
9 64 123.00692
9 65 147.58596
9 66 174.56491
9 67 105.07192
9 68 183.57238
9 69 130.81645
9 70 180.11213
9 71 129.72981
9 72 124.02455
9 73 156.67426
9 74 132.18718
9 75 123.13211
9 76 160.52785
9 77 166.57952
9 78 143.32375
9 79 122.97051
9 80 150.83676
9 81 165.47419
9 82 162.57125
9 83 121.87974
9 84 138.70096
9 85 141.38422
9 86 154.45605
9 87 172.51573
9 88 189.31586
9 89 119.75481
9 90 178.11189
9 91 140.69837
9 92 165.10076
9 93 153.57729
9 94 169.43599
9 95 163.0642
9 96 190.63295
9 97 126.89878
9 98 114.48543
9 99 131.50151
10 11 172.69368
10 12 159.95256
10 13 153.67734
10 14 111.67839
10 15 112.07855
10 16 181.11984
10 17 123.27816
10 18 128.04249
10 19 122.57059
10 20 138.93842
10 21 173.26085
10 22 158.76295
10 23 114.99962
10 24 135.89383
10 25 129.55325
10 26 170.32239
10 27 175.99147
10 28 107.31232
10 29 180.59657
10 30 161.83926
10 31 158.19958
10 32 144.92068
10 33 151.49955
10 34 153.56783
10 35 123.80572
10 36 137.43229
10 37 161.02159
10 38 173.89313
10 39 118.70543
10 40 121.43132
10 41 184.94988
10 42 148.07137
10 43 144.9041
10 44 149.3455
10 45 184.99026
10 46 190.89747
10 47 133.22991
10 48 188.96244
10 49 163.7633
10 50 165.46683
10 51 175.50703
10 52 155.65831
10 53 164.44647
10 54 144.75569
10 55 128.95928
10 56 149.06156
10 57 165.04548
10 58 155.38467
10 59 136.41003
10 60 198.35793
10 61 183.58323
10 62 123.41227
10 63 186.246
10 64 147.53494
10 65 164.51569
10 66 142.50942
10 67 130.8115
10 68 169.68783
10 69 109.39535
10 70 188.09979
10 71 163.07749
10 72 137.74924
10 73 138.74335
10 74 112.84816
10 75 134.63455
10 76 131.33598
10 77 190.68822
10 78 169.79249
10 79 147.14445
10 80 160.39153
10 81 169.83498
10 82 143.49725
10 83 135.30283
10 84 111.0009
10 85 170.03703
10 86 158.98358
10 87 139.36483
10 88 177.37221
10 89 153.31976
10 90 152.77241
10 91 106.17995
10 92 164.21389
10 93 134.10433
10 94 196.12489
10 95 154.42326
10 96 191.17514
10 97 109.01748
10 98 147.27326
10 99 157.07725
11 12 146.73126
11 13 152.75296
11 14 174.76758
11 15 168.10814
11 16 143.47088
11 17 182.95496
11 18 150.05395
11 19 150.13072
11 20 178.98093
11 21 124.8591
11 22 137.71125
11 23 173.69911
11 24 145.36074
11 25 161.61105
11 26 126.19075
11 27 104.42114
11 28 168.16938
11 29 112.18335
11 30 153.46191
11 31 156.29914
11 32 136.4021
11 33 187.1565
11 34 149.59584
11 35 149.41373
11 36 177.94695
11 37 158.34263
11 38 103.05942
11 39 154.65202
11 40 151.32782
11 41 122.25753
11 42 137.81516
11 43 141.15375
11 44 155.57732
11 45 113.27748
11 46 139.03714
11 47 141.14588
11 48 147.87985
11 49 123.43601
11 50 124.53667
11 51 148.80631
11 52 124.1064
11 53 111.84257
11 54 164.91555
11 55 173.76351
11 56 160.72989
11 57 111.83226
11 58 150.58193
11 59 141.0248
11 60 142.91332
11 61 115.19936
11 62 175.8756
11 63 124.67371
11 64 141.55498
11 65 118.24998
11 66 184.82032
11 67 159.8499
11 68 150.45691
11 69 163.29863
11 70 117.27532
11 71 157.58248
11 72 139.93493
11 73 150.60478
11 74 160.0374
11 75 185.19605
11 76 170.63739
11 77 136.43162
11 78 137.05908
11 79 141.35002
11 80 112.63724
11 81 110.9914
11 82 152.97627
11 83 184.20734
11 84 165.27235
11 85 142.76467
11 86 115.06866
11 87 187.36373
11 88 150.07493
11 89 157.5729
11 90 170.24807
11 91 175.66642
11 92 121.00361
11 93 153.04091
11 94 146.09089
11 95 135.06918
11 96 131.92726
11 97 165.20336
11 98 155.68313
11 99 137.88158
12 13 109.03745
12 14 168.77668
12 15 163.77023
12 16 184.72853
12 17 155.73546
12 18 156.2718
12 19 145.41978
12 20 187.91519
12 21 167.03199
12 22 168.87727
12 23 151.17671
12 24 125.31156
12 25 169.76487
12 26 123.60736
12 27 146.31196
12 28 160.30738
12 29 144.42524
12 30 182.89823
12 31 183.01323
12 32 120.88039
12 33 145.61595
12 34 175.25193
12 35 148.12512
12 36 141.87108
12 37 111.65155
12 38 149.71943
12 39 144.02979
12 40 146.81967
12 41 168.82669
12 42 116.16539
12 43 161.84457
12 44 114.21627
12 45 158.49618
12 46 136.65248
12 47 148.21094
12 48 130.46353
12 49 160.19432
12 50 122.70476
12 51 115.64378
12 52 153.722
12 53 149.71238
12 54 124.93147
12 55 178.70915
12 56 118.64524
12 57 150.40498
12 58 106.20161
12 59 127.8704
12 60 189.25803
12 61 161.84597
12 62 176.7585
12 63 171.19479
12 64 114.08551
12 65 128.49158
12 66 193.43514
12 67 130.93827
12 68 184.74191
12 69 153.02772
12 70 162.77514
12 71 110.91077
12 72 126.98551
12 73 166.23364
12 74 152.39294
12 75 151.54408
12 76 177.95609
12 77 137.91761
12 78 114.75934
12 79 114.60685
12 80 138.5045
12 81 153.92108
12 82 171.64021
12 83 150.01068
12 84 159.83204
12 85 111.56745
12 86 145.80281
12 87 192.96568
12 88 188.05837
12 89 113.38699
12 90 189.95566
12 91 165.66448
12 92 158.40066
12 93 165.09033
12 94 139.68875
12 95 163.58567
12 96 178.41866
12 97 151.03868
12 98 115.80834
12 99 109.36626
13 14 163.30225
13 15 158.83958
13 16 188.00779
13 17 147.34319
13 18 153.9353
13 19 141.92457
13 20 184.39583
13 21 171.05806
13 22 170.48435
13 23 143.60541
13 24 121.70474
13 25 166.86364
13 26 131.70428
13 27 152.90986
13 28 154.90869
13 29 151.91712
13 30 183.52988
13 31 183.08545
13 32 121.16171
13 33 136.89409
13 34 175.44153
13 35 145.05708
13 36 132.87146
13 37 108.5765
13 38 155.62775
13 39 139.37242
13 40 143.20143
13 41 174.38737
13 42 117.09365
13 43 161.88425
13 44 105.30572
13 45 165.15247
13 46 145.68558
13 47 146.92151
13 48 139.03316
13 49 163.41892
13 50 129.91737
13 51 123.56483
13 52 156.17432
13 53 154.03831
13 54 115.89474
13 55 174.79219
13 56 109.64653
13 57 154.76904
13 58 102.85189
13 59 125.74418
13 60 194.44378
13 61 167.95112
13 62 172.18307
13 63 176.68599
13 64 113.5346
13 65 134.86673
13 66 189.69185
13 67 123.44699
13 68 186.34138
13 69 147.62773
13 70 169.41497
13 71 109.93908
13 72 125.24176
13 73 164.98196
13 74 147.57025
13 75 142.60404
13 76 174.50607
13 77 146.94771
13 78 123.70413
13 79 114.00533
13 80 143.08213
13 81 158.74361
13 82 170.65155
13 83 141.05058
13 84 154.92043
13 85 120.51327
13 86 149.49729
13 87 188.69859
13 88 190.41709
13 89 104.8971
13 90 188.39596
13 91 159.61546
13 92 161.86901
13 93 163.22108
13 94 148.57493
13 95 165.00046
13 96 183.81715
13 97 145.00792
13 98 107.14417
13 99 115.13486
14 15 106.66272
14 16 176.62198
14 17 134.28348
14 18 125.76484
14 19 126.21235
14 20 127.5889
14 21 171.36548
14 22 154.7842
14 23 126.66445
14 24 143.76522
14 25 121.76911
14 26 176.29438
14 27 178.4731
14 28 108.47065
14 29 183.93544
14 30 155.0239
14 31 150.83495
14 32 151.67956
14 33 163.16381
14 34 147.41154
14 35 125.73911
14 36 149.11
14 37 171.05811
14 38 175.51656
14 39 125.06322
14 40 124.75578
14 41 184.15369
14 42 155.42802
14 43 141.32964
14 44 159.34255
14 45 186.20689
14 46 197.30587
14 47 133.67804
14 48 196.62803
14 49 162.27059
14 50 171.24387
14 51 184.05672
14 52 154.91431
14 53 165.21636
14 54 155.72722
14 55 117.9395
14 56 159.59272
14 57 165.72335
14 58 164.73551
14 59 143.0169
14 60 195.44962
14 61 183.97572
14 62 111.90612
14 63 185.15556
14 64 155.54876
14 65 169.27788
14 66 130.88678
14 67 141.29618
14 68 163.58135
14 69 115.7539
14 70 188.89654
14 71 172.98193
14 72 144.28961
14 73 133.31058
14 74 116.86185
14 75 146.03105
14 76 120.9695
14 77 196.76005
14 78 177.20551
14 79 155.10432
14 80 163.1298
14 81 170.23671
14 82 136.98294
14 83 146.78927
14 84 109.86101
14 85 178.13249
14 86 160.17934
14 87 127.69972
14 88 171.66545
14 89 163.46628
14 90 143.03652
14 91 106.30398
14 92 163.15067
14 93 128.61036
14 94 202.98331
14 95 151.24568
14 96 189.34233
14 97 118.60112
14 98 157.30182
14 99 164.75252
15 16 171.03508
15 17 135.2667
15 18 119.28596
15 19 119.97766
15 20 128.00804
15 21 165.04947
15 22 148.95449
15 23 126.23542
15 24 138.52513
15 25 117.6077
15 26 170.14473
15 27 171.8241
15 28 105.26935
15 29 177.33494
15 30 150.43147
15 31 146.55689
15 32 145.89617
15 33 162.30561
15 34 142.43671
15 35 119.20617
15 36 147.99476
15 37 166.85729
15 38 168.85417
15 39 119.74279
15 40 118.49352
15 41 177.67347
15 42 149.83206
15 43 135.30389
15 44 155.19807
15 45 179.55472
15 46 191.2222
15 47 127.01602
15 48 190.96511
15 49 155.86129
15 50 165.0614
15 51 178.82972
15 52 148.37926
15 53 158.57202
15 54 152.62552
15 55 117.8109
15 56 155.935
15 57 159.08373
15 58 160.0745
15 59 137.27796
15 60 189.40417
15 61 177.36752
15 62 113.55151
15 63 178.7199
15 64 150.23164
15 65 162.88627
15 66 132.31286
15 67 137.84365
15 68 158.64162
15 69 111.54882
15 70 182.26434
15 71 168.66298
15 72 138.5107
15 73 127.89146
15 74 111.37728
15 75 146.27542
15 76 119.58488
15 77 190.58821
15 78 171.50576
15 79 149.76659
15 80 156.5055
15 81 163.61717
15 82 132.13427
15 83 146.80658
15 84 103.93954
15 85 172.71151
15 86 153.51922
15 87 130.24442
15 88 166.55782
15 89 159.41212
15 90 140.71097
15 91 109.75376
15 92 156.67611
15 93 123.16273
15 94 197.02194
15 95 145.16434
15 96 183.04298
15 97 115.69176
15 98 153.20287
15 99 159.21801
16 17 200.16361
16 18 153.14535
16 19 162.85897
16 20 164.89934
16 21 118.69796
16 22 122.3992
16 23 189.60741
16 24 171.86833
16 25 155.56739
16 26 168.56677
16 27 146.86423
16 28 174.16743
16 29 154.23476
16 30 125.6466
16 31 130.78115
16 32 167.2592
16 33 215.60488
16 34 130.20507
16 35 159.78724
16 36 203.08091
16 37 195.44296
16 38 140.77814
16 39 169.29637
16 40 163.11515
16 41 127.1948
16 42 170.93735
16 43 136.24719
16 44 188.9236
16 45 141.18855
16 46 182.22813
16 47 150.75566
16 48 191.32707
16 49 124.60711
16 50 165.57388
16 51 190.66809
16 52 132.17472
16 53 135.59832
16 54 195.37973
16 55 165.58872
16 56 193.40123
16 57 135.00106
16 58 186.6576
16 59 166.394
16 60 121.99838
16 61 134.94934
16 62 170.93232
16 63 125.64969
16 64 174.63974
16 65 158.83838
16 66 169.32363
16 67 184.71433
16 68 116.61712
16 69 173.38645
16 70 139.581
16 71 195.40365
16 72 166.05461
16 73 143.31329
16 74 169.49956
16 75 207.1127
16 76 161.26765
16 77 179.44349
16 78 178.66985
16 79 174.22064
16 80 146.65296
16 81 132.90828
16 82 140.32963
16 83 206.73766
16 84 170.39856
16 85 183.993
16 86 138.93138
16 87 174.22693
16 88 109.84078
16 89 192.19052
16 90 147.30401
16 91 180.75083
16 92 126.32803
16 93 148.01355
16 94 189.18854
16 95 127.24969
16 96 123.03651
16 97 177.598
16 98 188.19898
16 99 175.36989
17 18 147.81121
17 19 137.42241
17 20 161.8722
17 21 189.43373
17 22 177.89809
17 23 110.5613
17 24 138.53529
17 25 152.37525
17 26 172.96751
17 27 185.35638
17 28 130.16938
17 29 188.1363
17 30 183.40479
17 31 180.21432
17 32 148.53652
17 33 130.85966
17 34 174.8101
17 35 140.37713
17 36 118.93523
17 37 152.27338
17 38 184.84969
17 39 131.09385
17 40 137.06515
17 41 199.19324
17 42 149.6668
17 43 164.30795
17 44 142.09452
17 45 196.1038
17 46 191.29904
17 47 149.60608
17 48 186.19561
17 49 179.82877
17 50 168.94374
17 51 170.90654
17 52 171.22417
17 53 177.31018
17 54 133.26869
17 55 152.08368
17 56 139.40081
17 57 178.01191
17 58 149.86212
17 59 142.07889
17 60 215.14599
17 61 196.08311
17 62 146.18363
17 63 200.87028
17 64 147.40253
17 65 170.27858
17 66 164.95216
17 67 125.64155
17 68 190.537
17 69 127.63024
17 70 199.78195
17 71 154.68608
17 72 143.2659
17 73 159.9861
17 74 131.3063
17 75 112.25803
17 76 154.60684
17 77 191.91026
17 78 168.87082
17 79 147.22986
17 80 170.34445
17 81 182.94701
17 82 165.27674
17 83 113.41372
17 84 133.42162
17 85 167.18242
17 86 171.56921
17 87 161.12297
17 88 197.72015
17 89 144.90442
17 90 175.96365
17 91 128.00347
17 92 179.69673
17 93 155.6251
17 94 195.17757
17 95 172.9188
17 96 206.69503
17 97 122.8961
17 98 140.20059
17 99 156.6214
18 19 113.25942
18 20 132.5393
18 21 145.82517
18 22 130.75602
18 23 137.32151
18 24 132.26672
18 25 113.83598
18 26 156.55295
18 27 154.02587
18 28 121.34517
18 29 160.19416
18 30 135.9549
18 31 133.387
18 32 135.78133
18 33 168.72597
18 34 127.21834
18 35 109.56309
18 36 154.71456
18 37 162.50045
18 38 150.47662
18 39 118.96233
18 40 112.59235
18 41 158.39792
18 42 140.41411
18 43 116.89825
18 44 151.81267
18 45 160.84807
18 46 177.58427
18 47 109.68968
18 48 179.51372
18 49 136.58104
18 50 151.4138
18 51 169.72091
18 52 129.15843
18 53 139.82429
18 54 153.15779
18 55 124.85146
18 56 154.29094
18 57 140.28328
18 58 154.27583
18 59 128.49713
18 60 170.49881
18 61 158.33042
18 62 125.92988
18 63 159.43394
18 64 142.21017
18 65 147.84691
18 66 138.36652
18 67 138.94497
18 68 142.73095
18 69 120.39038
18 70 163.35466
18 71 163.75673
18 72 129.29887
18 73 112.85155
18 74 116.56446
18 75 156.37496
18 76 122.78968
18 77 176.45467
18 78 160.3808
18 79 141.68397
18 80 139.31944
18 81 144.65392
18 82 118.67905
18 83 156.35827
18 84 117.66942
18 85 162.91715
18 86 135.10936
18 87 139.30614
18 88 149.96914
18 89 156.06132
18 90 134.69292
18 91 128.4641
18 92 137.39668
18 93 109.61143
18 94 183.96025
18 95 126.40013
18 96 163.82165
18 97 124.92166
18 98 150.15532
18 99 149.47828
19 20 142.5821
19 21 152.32631
19 22 140.76932
19 23 126.92356
19 24 120.34117
19 25 125.01221
19 26 150.16715
19 27 153.48098
19 28 118.52177
19 29 158.34423
19 30 148.47691
19 31 146.32092
19 32 126.25912
19 33 155.73269
19 34 139.69601
19 35 103.71821
19 36 141.92326
19 37 150.39395
19 38 151.32714
19 39 106.45687
19 40 101.4958
19 41 163.08553
19 42 130.47229
19 43 127.61978
19 44 139.29065
19 45 162.44694
19 46 171.24937
19 47 112.18372
19 48 171.30839
19 49 142.70508
19 50 145.08681
19 51 159.88104
19 52 134.22388
19 53 142.05836
19 54 139.96136
19 55 133.29461
19 56 141.39269
19 57 142.68251
19 58 142.61507
19 59 117.85118
19 60 177.93442
19 61 161.21494
19 62 131.80172
19 63 164.54247
19 64 131.43694
19 65 143.09954
19 66 148.03179
19 67 125.68749
19 68 154.43621
19 69 113.18203
19 70 165.617
19 71 151.85386
19 72 118.97709
19 73 125.96392
19 74 109.99212
19 75 144.52793
19 76 132.64596
19 77 170.61357
19 78 151.84999
19 79 130.93564
19 80 137.89751
19 81 147.53433
19 82 131.84826
19 83 144.31502
19 84 116.35743
19 85 153.46275
19 86 136.51274
19 87 147.63284
19 88 161.06005
19 89 143.57997
19 90 147.69081
19 91 125.83194
19 92 142.80226
19 93 122.84357
19 94 177.09391
19 95 135.62013
19 96 169.92775
19 97 115.79585
19 98 137.52198
19 99 139.87198
20 21 166.6643
20 22 147.19843
20 23 153.83909
20 24 162.91933
20 25 118.72909
20 26 188.92722
20 27 183.28575
20 28 133.19901
20 29 190.26646
20 30 139.5349
20 31 134.41155
20 32 167.9608
20 33 190.20495
20 34 135.36421
20 35 139.79721
20 36 175.9429
20 37 192.7755
20 38 178.64541
20 39 145.35143
20 40 141.24348
20 41 180.92076
20 42 172.4801
20 43 138.10292
20 44 181.39653
20 45 187.54244
20 46 209.83004
20 47 142.00815
20 48 212.05302
20 49 159.6738
20 50 183.80922
20 51 201.94936
20 52 155.25133
20 53 167.49614
20 54 180.0787
20 55 110.20188
20 56 182.80548
20 57 167.73263
20 58 185.18261
20 59 160.09359
20 60 186.35323
20 61 183.56093
20 62 115.7009
20 63 181.14316
20 64 173.85733
20 65 179.8493
20 66 105.92315
20 67 165.18249
20 68 148.92891
20 69 139.20711
20 70 189.06876
20 71 194.33488
20 72 161.07283
20 73 128.39963
20 74 137.7796
20 75 173.54537
20 76 109.96042
20 77 208.54131
20 78 192.89225
20 79 173.34413
20 80 170.00386
20 81 171.09716
20 82 127.18682
20 83 174.24035
20 84 131.3213
20 85 195.25869
20 86 164.0695
20 87 109.36444
20 88 157.24522
20 89 185.68613
20 90 120.04274
20 91 133.87884
20 92 161.45499
20 93 126.22917
20 94 216.32635
20 95 146.42402
20 96 183.24217
20 97 143.66291
20 98 179.50899
20 99 181.72454
21 22 119.56634
21 23 179.09072
21 24 157.04332
21 25 152.76744
21 26 149.92273
21 27 128.44943
21 28 167.01881
21 29 136.04758
21 30 132.73838
21 31 136.8359
21 32 150.99669
21 33 201.12314
21 34 132.15458
21 35 149.95612
21 36 189.54521
21 37 178.07979
21 38 122.277
21 39 158.43018
21 40 152.96813
21 41 114.33534
21 42 154.2055
21 43 130.48701
21 44 172.52145
21 45 124.84706
21 46 163.80361
21 47 140.36285
21 48 172.65695
21 49 109.62239
21 50 147.08715
21 51 172.15584
21 52 118.21343
21 53 117.35324
21 54 179.95084
21 55 164.44566
21 56 177.26721
21 57 116.68933
21 58 169.46991
21 59 151.67111
21 60 125.74032
21 61 119.12315
21 62 168.50405
21 63 114.49587
21 64 158.01814
21 65 140.34491
21 66 171.98714
21 67 170.85284
21 68 127.30053
21 69 164.51446
21 70 124.57989
21 71 177.84959
21 72 151.0859
21 73 139.96872
21 74 160.67833
21 75 194.78741
21 76 160.4815
21 77 161.0999
21 78 160.16606
21 79 157.64503
21 80 128.56935
21 81 114.21165
21 82 139.55445
21 83 194.18471
21 84 163.43136
21 85 165.57941
21 86 121.57527
21 87 175.88232
21 88 125.47099
21 89 175.47463
21 90 152.98965
21 91 174.27095
21 92 109.93976
21 93 144.03802
21 94 170.8174
21 95 120.76024
21 96 117.99677
21 97 168.00251
21 98 172.02476
21 99 157.67536
22 23 167.33681
22 24 152.04618
22 25 134.53885
22 26 157.65274
22 27 142.06363
22 28 151.87469
22 29 149.89428
22 30 115.8866
22 31 118.64708
22 32 149.32297
22 33 194.83122
22 34 112.7544
22 35 137.56498
22 36 181.79431
22 37 178.54665
22 38 136.20092
22 39 147.226
22 40 140.92655
22 41 133.89786
22 42 153.58248
22 43 113.86131
22 44 170.50624
22 45 142.57273
22 46 175.39523
22 47 128.85447
22 48 181.98657
22 49 114.5224
22 50 153.50456
22 51 177.75816
22 52 115.9191
22 53 126.19502
22 54 175.65522
22 55 145.66004
22 56 174.52724
22 57 126.02728
22 58 169.61214
22 59 146.65461
22 60 140.86795
22 61 137.64628
22 62 150.27977
22 63 133.98213
22 64 156.95878
22 65 147.26201
22 66 152.4514
22 67 163.8326
22 68 115.88735
22 69 150.99184
22 70 143.23819
22 71 178.93125
22 72 146.57382
22 73 121.77804
22 74 147.10745
22 75 185.24244
22 76 141.53575
22 77 173.16112
22 78 166.09069
22 79 156.48105
22 80 134.47614
22 81 127.39664
22 82 120.2883
22 83 184.95594
22 84 148.11759
22 85 170.69801
22 86 126.1156
22 87 156.47064
22 88 120.70881
22 89 174.1786
22 90 133.82661
22 91 158.60682
22 92 116.86993
22 93 126.31082
22 94 182.47321
22 95 105.58956
22 96 136.23132
22 97 155.24196
22 98 169.48181
22 99 159.83543
23 24 130.66859
23 25 142.67483
23 26 165.90719
23 27 176.34252
23 28 120.97651
23 29 179.64293
23 30 173.04603
23 31 169.98057
23 32 140.69578
23 33 136.50094
23 34 164.40677
23 35 129.82417
23 36 122.50595
23 37 149.89129
23 38 175.44013
23 39 120.6666
23 40 126.52476
23 41 189.1684
23 42 142.56379
23 43 153.75522
23 44 138.67696
23 45 186.71697
23 46 185.24997
23 47 139.10268
23 48 181.39571
23 49 169.47375
23 50 161.54231
23 51 166.76058
23 52 160.89998
23 53 167.44878
23 54 131.98063
23 55 143.76468
23 56 137.21806
23 57 168.13491
23 58 145.78843
23 59 133.39598
23 60 204.77139
23 61 186.38639
23 62 138.3966
23 63 190.78415
23 64 140.89385
23 65 162.1503
23 66 157.50703
23 67 120.25617
23 68 180.05187
23 69 117.35233
23 70 190.27942
23 71 152.15845
23 72 134.66818
23 73 149.63086
23 74 120.89848
23 75 120.10589
23 76 145.81867
23 77 185.55293
23 78 163.11233
23 79 140.63026
23 80 161.06207
23 81 173.06845
23 82 155.02239
23 83 120.57527
23 84 123.8301
23 85 162.21019
23 86 161.72421
23 87 154.30541
23 88 187.18541
23 89 142.18295
23 90 166.56508
23 91 120.77872
23 92 169.41522
23 93 145.35322
23 94 189.69108
23 95 162.36525
23 96 196.47888
23 97 112.47531
23 98 136.62865
23 99 150.46925
24 25 145.18144
24 26 135.33392
24 27 147.31231
24 28 135.30999
24 29 149.63988
24 30 163.57844
24 31 162.58233
24 32 110.05634
24 33 144.08414
24 34 155.14242
24 35 123.36813
24 36 133.01754
24 37 130.25049
24 38 147.58596
24 39 118.79414
24 40 121.67986
24 41 163.98259
24 42 112.26303
24 43 141.67909
24 44 119.70959
24 45 158.63748
24 46 155.28251
24 47 125.84445
24 48 153.1225
24 49 148.11835
24 50 130.88039
24 51 140.32411
24 52 139.82212
24 53 141.91848
24 54 123.63268
24 55 153.51885
24 56 122.88131
24 57 142.67006
24 58 122.2772
24 59 105.47444
24 60 182.2722
24 61 159.49253
24 62 151.44696
24 63 165.97691
24 64 111.7893
24 65 131.74706
24 66 168.33249
24 67 114.52614
24 68 167.53025
24 69 128.11707
24 70 162.55663
24 71 131.59234
24 72 105.96165
24 73 143.66934
24 74 127.15879
24 75 139.83672
24 76 152.98695
24 77 155.31305
24 78 133.89867
24 79 111.35619
24 80 133.06393
24 81 147.42589
24 82 149.44909
24 83 138.8701
24 84 134.59411
24 85 134.3913
24 86 136.37381
24 87 167.69137
24 88 172.6436
24 89 123.89028
24 90 166.84259
24 91 141.20063
24 92 147.16669
24 93 141.64151
24 94 160.29116
24 95 146.45663
24 96 172.55163
24 97 126.88172
24 98 118.22449
24 99 121.19773
25 26 170.22332
25 27 165.80024
25 28 122.31695
25 29 172.46376
25 30 133.25516
25 31 129.11768
25 32 149.49081
25 33 177.39342
25 34 125.80585
25 35 121.81345
25 36 163.04677
25 37 175.36837
25 38 161.59921
25 39 129.03333
25 40 123.84218
25 41 166.49992
25 42 154.0777
25 43 122.38532
25 44 164.30067
25 45 171.23002
25 46 191.17073
25 47 123.28684
25 48 193.33687
25 49 144.53261
25 50 165.09887
25 51 183.47217
25 52 138.69938
25 53 150.54347
25 54 164.32293
25 55 112.19151
25 56 166.26269
25 57 150.87645
25 58 167.4203
25 59 141.89683
25 60 175.38087
25 61 167.88901
25 62 115.77869
25 63 167.12038
25 64 155.67938
25 65 161.25778
25 66 124.59348
25 67 149.56119
25 68 141.89375
25 69 125.68813
25 70 173.22491
25 71 176.77113
25 72 142.79519
25 73 112.84653
25 74 122.95468
25 75 162.73573
25 76 109.20824
25 77 189.93848
25 78 174.21663
25 79 155.15825
25 80 151.86836
25 81 154.72048
25 82 115.37471
25 83 163.06793
25 84 118.95458
25 85 176.70767
25 86 146.55117
25 87 126.0147
25 88 150.06219
25 89 168.59118
25 90 124.0736
25 91 126.99745
25 92 145.93613
25 93 108.87645
25 94 197.62914
25 95 132.01839
25 96 170.38717
25 97 130.66512
25 98 162.51877
25 99 163.22771
26 27 124.48082
26 28 168.23004
26 29 121.11522
26 30 173.2648
26 31 174.79778
26 32 125.54402
26 33 168.51848
26 34 167.20531
26 35 151.38127
26 36 162.60401
26 37 134.95471
26 38 129.2333
26 39 151.85196
26 40 151.65189
26 41 148.23701
26 42 123.38041
26 43 155.30485
26 44 136.01973
26 45 136.1425
26 46 121.14912
26 47 146.94322
26 48 124.46587
26 49 145.54599
26 50 105.15017
26 51 122.61739
26 52 141.77012
26 53 133.25376
26 54 146.72153
26 55 181.30009
26 56 141.095
26 57 133.76532
26 58 128.99608
26 59 133.91446
26 60 168.92558
26 61 140.3968
26 62 181.27787
26 63 150.675
26 64 125.63552
26 65 110.39314
26 66 194.8133
26 67 147.40563
26 68 172.59685
26 69 161.616
26 70 140.36419
26 71 133.63414
26 72 132.57389
26 73 162.64391
26 74 159.54587
26 75 171.53793
26 76 179.32103
26 77 120.46979
26 78 111.05791
26 79 125.76924
26 80 123.20501
26 81 135.76097
26 82 166.91316
26 83 170.19331
26 84 166.4824
26 85 116.84811
26 86 131.61822
26 87 195.82425
26 88 173.92969
26 89 136.51868
26 90 185.61321
26 91 175.00582
26 92 143.28693
26 93 163.22289
26 94 127.40936
26 95 153.29486
26 96 157.89765
26 97 161.48726
26 98 136.92367
26 99 117.28667
27 28 171.69441
27 29 107.87136
27 30 157.77278
27 31 160.6715
27 32 137.95013
27 33 188.10056
27 34 154.00415
27 35 152.96086
27 36 179.46673
27 37 157.96349
27 38 106.21058
27 39 157.73634
27 40 154.72519
27 41 123.89583
27 42 138.85076
27 43 145.52644
27 44 156.08919
27 45 112.2436
27 46 135.3766
27 47 144.9579
27 48 144.82281
27 49 127.71563
27 50 123.68279
27 51 146.97664
27 52 128.51295
27 53 116.26358
27 54 165.80246
27 55 177.92977
27 56 161.28349
27 57 116.2485
27 58 150.58877
27 59 143.28679
27 60 144.53536
27 61 115.91681
27 62 179.90615
27 63 126.33556
27 64 142.46783
27 65 118.04317
27 66 189.13637
27 67 161.68241
27 68 154.54907
27 69 166.60166
27 70 116.51267
27 71 157.02709
27 72 142.1293
27 73 154.92968
27 74 163.44083
27 75 187.04694
27 76 174.86117
27 77 132.65053
27 78 135.52511
27 79 142.31423
27 80 115.6023
27 81 115.04458
27 82 157.37114
27 83 185.99361
27 84 168.89163
27 85 141.30432
27 86 119.26169
27 87 191.61326
27 88 153.84714
27 89 157.7836
27 90 174.66912
27 91 179.164
27 92 125.29249
27 93 157.28406
27 94 142.37248
27 95 139.4852
27 96 133.50625
27 97 168.29032
27 98 156.35716
27 99 137.83352
28 29 176.79428
28 30 154.54258
28 31 150.88726
28 32 143.38097
28 33 157.05563
28 34 146.30921
28 35 118.75583
28 36 142.75853
28 37 162.74313
28 38 169.14094
28 39 116.67019
28 40 117.14423
28 41 179.14269
28 42 147.04317
28 43 138.04845
28 44 151.03719
28 45 180.06656
28 46 189.15989
28 47 127.63847
28 48 188.24168
28 49 157.63054
28 50 163.22169
28 51 175.58962
28 52 149.76968
28 53 159.24817
28 54 147.89783
28 55 123.0186
28 56 151.48064
28 57 159.80703
28 58 156.30185
28 59 134.71487
28 60 191.84208
28 61 178.27269
28 62 118.34318
28 63 180.32765
28 64 147.09711
28 65 161.56074
28 66 137.34645
28 67 133.25006
28 68 162.45561
28 69 107.2969
28 70 182.98388
28 71 164.63186
28 72 136.00535
28 73 131.52007
28 74 108.69553
28 75 141.03757
28 76 124.85103
28 77 188.69843
28 78 168.84135
28 79 146.65605
28 80 156.18331
28 81 164.48896
28 82 136.19851
28 83 141.55096
28 84 103.77688
28 85 169.68939
28 86 153.96342
28 87 134.95596
28 88 170.19882
28 89 155.19583
28 90 145.80459
28 91 107.52219
28 92 158.24135
28 93 126.85379
28 94 194.74109
28 95 147.71906
28 96 184.99602
28 97 110.7139
28 98 149.00986
28 99 156.34092
29 30 165.63047
29 31 168.47964
29 32 139.78112
29 33 188.15167
29 34 161.73156
29 35 158.2248
29 36 180.6277
29 37 155.94281
29 38 114.01246
29 39 162.03709
29 40 159.6714
29 41 129.80014
29 42 139.74951
29 43 152.8147
29 44 155.6768
29 45 115.90402
29 46 128.11762
29 47 150.83806
29 48 138.40363
29 49 135.58074
29 50 122.00117
29 51 142.59179
29 52 136.00264
29 53 123.92102
29 54 165.93516
29 55 184.50382
29 56 160.87242
29 57 123.97018
29 58 149.37135
29 59 146.254
29 60 149.97146
29 61 121.2751
29 62 186.12304
29 63 132.1842
29 64 143.04574
29 65 118.17719
29 66 196.14952
29 67 163.58232
29 68 162.38965
29 69 171.26992
29 70 119.88061
29 71 154.7096
29 72 144.99953
29 73 162.02307
29 74 168.33404
29 75 188.77311
29 76 181.60251
29 77 125.24111
29 78 131.9386
29 79 142.98748
29 80 120.91707
29 81 122.90342
29 82 164.73975
29 83 187.60525
29 84 174.20568
29 85 137.68467
29 86 126.25967
29 87 198.40694
29 88 161.50649
29 89 156.80927
29 90 182.27878
29 91 184.17262
29 92 133.15479
29 93 164.12074
29 94 134.99217
29 95 147.17946
29 96 139.07278
29 97 172.51361
29 98 156.23052
29 99 136.8419
30 31 105.15245
30 32 162.58163
30 33 204.15723
30 34 108.78224
30 35 144.83467
30 36 190.39625
30 37 191.86428
30 38 151.80087
30 39 154.66928
30 40 148.1628
30 41 146.55747
30 42 167.09479
30 43 121.90288
30 44 182.89394
30 45 157.21445
30 46 191.27363
30 47 138.1624
30 48 197.67378
30 49 130.06549
30 50 168.96184
30 51 192.77152
30 52 131.52105
30 53 142.05866
30 54 186.69855
30 55 141.45939
30 56 186.44982
30 57 141.86805
30 58 182.9769
30 59 158.4765
30 60 147.52543
30 61 151.78478
30 62 147.39985
30 63 146.02973
30 64 170.17902
30 65 162.87566
30 66 143.74289
30 67 173.57289
30 68 109.39845
30 69 155.77455
30 70 157.29603
30 71 192.48882
30 72 158.66461
30 73 123.42013
30 74 152.14756
30 75 192.32607
30 76 137.10525
30 77 189.04762
30 78 181.29989
30 79 169.674
30 80 150.178
30 81 142.90586
30 82 118.34449
30 83 192.31165
30 84 150.84404
30 85 185.66707
30 86 141.88842
30 87 148.7903
30 88 117.75547
30 89 186.81559
30 90 121.75076
30 91 160.07855
30 92 132.48168
30 93 127.84526
30 94 198.34844
30 95 120.00126
30 96 146.2575
30 97 160.57181
30 98 181.63867
30 99 174.14979
31 32 162.40399
31 33 202.03791
31 34 107.78333
31 35 142.62126
31 36 188.09239
31 37 191.52434
31 38 154.84404
31 39 152.31889
31 40 145.86453
31 41 150.89321
31 42 167.01264
31 43 121.22873
31 44 182.1258
31 45 160.92834
31 46 193.42114
31 47 136.81867
31 48 199.26226
31 49 133.16018
31 50 170.31017
31 51 193.57769
31 52 133.40635
31 53 144.65525
31 54 185.3159
31 55 136.6565
31 56 185.44607
31 57 144.54049
31 58 182.70655
31 59 157.66453
31 60 152.62069
31 61 155.70056
31 62 142.73389
31 63 150.49784
31 64 169.91429
31 65 164.45587
31 66 138.59043
31 67 171.77845
31 68 114.5213
31 69 152.63629
31 70 161.25815
31 71 192.28115
31 72 157.9684
31 73 120.56134
31 74 149.1329
31 75 189.53365
31 76 132.31769
31 77 191.31687
31 78 182.32947
31 79 169.39888
31 80 151.96902
31 81 146.04133
31 82 114.96029
31 83 189.60119
31 84 147.25346
31 85 186.45885
31 86 143.87254
31 87 143.65066
31 88 122.83965
31 89 186.14614
31 90 116.7564
31 91 156.09459
31 92 135.51686
31 93 124.63085
31 94 200.46219
31 95 121.72032
31 96 151.05846
31 97 157.52128
31 98 180.77004
31 99 174.50275
32 33 151.13718
32 34 154.68272
32 35 128.36919
32 36 141.56291
32 37 129.31576
32 38 138.8524
32 39 126.75069
32 40 127.74389
32 41 156.27381
32 42 104.71964
32 43 141.18066
32 44 121.66784
32 45 149.63039
32 46 145.98466
32 47 127.37757
32 48 145.08628
32 49 142.79785
32 50 120.9261
32 51 133.99293
32 52 135.2034
32 53 134.67291
32 54 129.23279
32 55 159.20679
32 56 126.2818
32 57 135.42788
32 58 120.40314
32 59 108.66651
32 60 175.44504
32 61 151.04715
32 62 158.05845
32 63 158.40722
32 64 107.64199
32 65 121.75947
32 66 173.63442
32 67 123.84263
32 68 165.18385
32 69 136.48431
32 70 153.67741
32 71 129.91263
32 72 107.39301
32 73 145.35981
32 74 134.81822
32 75 149.15683
32 76 158.02449
32 77 145.7893
32 78 125.62115
32 79 107.15868
32 80 124.673
32 81 139.89972
32 82 150.76254
32 83 148.06763
32 84 142.06533
32 85 127.33683
32 86 129.54477
32 87 173.69039
32 88 169.31492
32 89 125.01404
32 90 169.0939
32 91 149.83853
32 92 141.44386
32 93 144.33602
32 94 151.37989
32 95 143.84545
32 96 165.26391
32 97 136.01385
32 98 121.04272
32 99 113.76603
33 34 195.38686
33 35 159.42099
33 36 114.36985
33 37 136.44153
33 38 189.7699
33 39 149.76517
33 40 156.17905
33 41 207.39714
33 42 149.34503
33 43 182.79206
33 44 132.55733
33 45 200.17691
33 46 181.51589
33 47 166.40478
33 48 172.76429
33 49 192.1737
33 50 166.28007
33 51 157.01824
33 52 183.78907
33 53 185.60344
33 54 122.30104
33 55 180.0577
33 56 127.42771
33 57 186.35994
33 58 139.68912
33 59 149.49202
33 60 226.23175
33 61 202.06803
33 62 174.87502
33 63 209.50635
33 64 145.6482
33 65 170.36203
33 66 193.99932
33 67 131.00011
33 68 209.58988
33 69 151.85824
33 70 204.34351
33 71 138.7189
33 72 150.03805
33 73 181.57201
33 74 154.44905
33 75 118.85345
33 76 181.78078
33 77 183.14892
33 78 160.35792
33 79 145.82641
33 80 175.80128
33 81 190.95698
33 82 187.39932
33 83 117.48808
33 84 159.38627
33 85 156.3455
33 86 180.22008
33 87 190.76477
33 88 215.53302
33 89 132.23915
33 90 201.45087
33 91 157.19915
33 92 191.25073
33 93 178.00971
33 94 183.25274
33 95 189.31171
33 96 216.28195
33 97 146.99666
33 98 131.92174
33 99 151.47355
34 35 136.05244
34 36 181.61426
34 37 183.85364
34 38 148.35823
34 39 145.88909
34 40 139.38169
34 41 146.47682
34 42 159.27552
34 43 113.55934
34 44 174.59609
34 45 155.2576
34 46 186.09507
34 47 129.53781
34 48 191.66992
34 49 127.00443
34 50 162.66083
34 51 185.80931
34 52 126.14086
34 53 137.81378
34 54 178.10299
34 55 135.3837
34 56 178.02335
34 57 137.76818
34 58 175.0151
34 59 150.1369
34 60 151.12388
34 61 150.39826
34 62 140.81918
34 63 146.40778
34 64 162.21615
34 65 156.89522
34 66 140.31681
34 67 164.84826
34 68 116.20727
34 69 147.19098
34 70 155.99051
34 71 184.57794
34 72 150.39476
34 73 114.87955
34 74 143.51613
34 75 183.59238
34 76 131.06434
34 77 184.06696
34 78 174.59522
34 79 161.70297
34 80 144.53308
34 81 139.73283
34 82 110.44087
34 83 183.56167
34 84 142.57033
34 85 178.69029
34 86 136.5816
34 87 144.72352
34 88 124.26546
34 89 178.57953
34 90 121.09552
34 91 152.16311
34 92 129.24094
34 93 119.46383
34 94 193.10941
34 95 114.57504
34 96 147.98032
34 97 151.94094
34 98 173.28238
34 99 166.7215
35 36 145.564
35 37 153.57506
35 38 150.40421
35 39 109.88184
35 40 103.39316
35 41 161.21173
35 42 132.77686
35 43 124.20242
35 44 142.62509
35 45 161.38156
35 46 172.52547
35 47 109.59688
35 48 173.17666
35 49 140.36293
35 50 146.25273
35 51 162.26569
35 52 132.04324
35 53 140.68565
35 54 143.60855
35 55 130.84002
35 56 144.89086
35 57 141.27231
35 58 145.61397
35 59 120.30081
35 60 175.42189
35 61 159.80016
35 62 129.97754
35 63 162.5677
35 64 134.06052
35 65 143.75082
35 66 145.37175
35 67 129.3975
35 68 150.94096
35 69 114.66035
35 70 164.38651
35 71 154.95908
35 72 121.30817
35 73 122.24605
35 74 110.9611
35 75 147.92311
35 76 129.8368
35 77 171.73503
35 78 153.771
35 79 133.54699
35 80 137.49332
35 81 146.03961
35 82 128.13007
35 83 147.7638
35 84 115.9821
35 85 155.70023
35 86 135.29749
35 87 145.3249
35 88 157.69362
35 89 146.90221
35 90 144.10936
35 91 126.25977
35 92 140.63269
35 93 119.16494
35 94 178.54958
35 95 132.54174
35 96 167.72133
35 97 118.09832
35 98 140.90141
35 99 142.11118
36 37 135.8084
36 38 180.3306
36 39 135.77688
36 40 142.25751
36 41 196.99794
36 42 140.88953
36 43 169.31837
36 44 127.65943
36 45 191.1903
36 46 178.50249
36 47 153.06631
36 48 171.61325
36 49 180.30917
36 50 159.48347
36 51 155.83203
36 52 171.75759
36 53 174.91473
36 54 117.09404
36 55 165.77529
36 56 123.58857
36 57 175.66427
36 58 135.6755
36 59 138.10775
36 60 215.03305
36 61 192.39347
36 62 160.71444
36 63 198.98031
36 64 137.62746
36 65 162.46849
36 66 179.85074
36 67 118.71091
36 68 196.18061
36 69 137.4889
36 70 195.21845
36 71 138.27339
36 72 138.89148
36 73 167.56401
36 74 140.11654
36 75 109.97491
36 76 167.43318
36 77 179.63089
36 78 156.25401
36 79 137.65713
36 80 165.92574
36 81 180.43926
36 82 173.34918
36 83 108.31836
36 84 145.02873
36 85 153.38466
36 86 169.3269
36 87 176.78976
36 88 202.42486
36 89 129.27252
36 90 187.11239
36 91 143.28461
36 92 179.60795
36 93 163.87953
36 94 181.40862
36 95 176.35239
36 96 205.4963
36 97 132.62942
36 98 126.21551
36 99 145.35394
37 38 161.31752
37 39 147.59072
37 40 151.64641
37 41 180.38052
37 42 124.96459
37 43 170.30524
37 44 111.71722
37 45 170.14471
37 46 145.17443
37 47 155.47618
37 48 136.47221
37 49 170.83908
37 50 134.34239
37 51 120.63502
37 52 163.90755
37 53 160.8488
37 54 119.09787
37 55 183.09245
37 56 112.88901
37 57 161.55879
37 58 108.9346
37 59 134.31044
37 60 200.7395
37 61 173.47804
37 62 180.2889
37 63 182.73598
37 64 121.69049
37 65 140.11923
37 66 198.01348
37 67 130.28853
37 68 194.42841
37 69 155.50659
37 70 174.4235
37 71 102.46503
37 72 133.78275
37 73 173.54675
37 74 155.68296
37 75 145.78224
37 76 182.91298
37 77 146.96284
37 78 125.10232
37 79 122.1922
37 80 149.70142
37 81 165.25315
37 82 179.20375
37 83 144.12364
37 84 162.96282
37 85 120.32736
37 86 156.64373
37 87 196.87384
37 88 198.24938
37 89 107.74261
37 90 196.97243
37 91 167.06762
37 92 169.16761
37 93 171.79695
37 94 146.83728
37 95 173.11029
37 96 189.94476
37 97 152.57883
37 98 113.77049
37 99 120.62028
38 39 156.08252
38 40 152.47303
38 41 119.20848
38 42 140.462
38 43 140.62802
38 44 158.35746
38 45 111.27717
38 46 141.5267
38 47 141.83887
38 48 150.6743
38 49 121.74329
38 50 127.58701
38 51 151.85047
38 52 123.4553
38 53 111.1495
38 54 167.56688
38 55 173.78339
38 56 163.49248
38 57 110.94565
38 58 153.49179
38 59 143.09053
38 60 139.85618
38 61 112.36317
38 62 176.15071
38 63 121.62095
38 64 144.23396
38 65 121.2587
38 66 184.44384
38 67 162.10456
38 68 148.37747
38 69 164.50911
38 70 114.99051
38 71 160.58327
38 72 142.04463
38 73 150.24658
38 74 161.1543
38 75 187.41038
38 76 170.53137
38 77 138.8346
38 78 140.11557
38 79 144.01208
38 80 114.57087
38 81 108.92358
38 82 152.29794
38 83 186.45601
38 84 166.1414
38 85 145.82349
38 86 115.37897
38 87 187.17593
38 88 147.6449
38 89 160.43044
38 90 169.19491
38 91 176.65659
38 92 119.3465
38 93 152.91763
38 94 148.54338
38 95 133.94726
38 96 128.87479
38 97 166.60868
38 98 158.4149
38 99 140.81764
39 40 106.51209
39 41 168.77311
39 42 130.37472
39 43 134.0374
39 44 136.0887
39 45 167.3097
39 46 172.64746
39 47 118.56859
39 48 171.57501
39 49 148.81114
39 50 146.92159
39 51 159.1159
39 52 140.25135
39 53 147.35628
39 54 135.29149
39 55 135.52839
39 56 137.50494
39 57 148.01323
39 58 140.45945
39 59 118.09575
39 60 184.10482
39 61 166.46269
39 62 132.85502
39 63 170.316
39 64 130.53954
39 65 145.8111
39 66 150.4629
39 67 120.55429
39 68 160.81564
39 69 109.76766
39 70 170.65283
39 71 149.27436
39 72 119.40497
39 73 131.81217
39 74 108.36767
39 75 138.08628
39 76 135.62953
39 77 172.29018
39 78 152.1712
39 79 130.08446
39 80 142.15672
39 81 152.91974
39 82 137.63434
39 83 137.89721
39 84 115.80684
39 85 153.09077
39 86 141.6987
39 87 149.32627
39 88 167.50061
39 89 140.36836
39 90 152.55337
39 91 123.15749
39 92 148.78767
39 93 128.3058
39 94 178.13013
39 95 142.06535
39 96 175.8841
39 97 110.55631
39 98 134.17537
39 99 139.6893
40 41 163.93676
40 42 131.93961
40 43 127.59496
40 44 140.47317
40 45 163.55899
40 46 172.73851
40 47 112.65617
40 48 172.79918
40 49 143.35498
40 50 146.56819
40 51 161.33097
40 52 134.93728
40 53 143.0702
40 54 140.85565
40 55 131.88963
40 56 142.46001
40 57 143.68311
40 58 143.93939
40 59 119.31307
40 60 178.51502
40 61 162.22342
40 62 130.32198
40 63 165.35554
40 64 132.85978
40 65 144.53594
40 66 146.6597
40 67 126.42748
40 68 154.32953
40 69 112.0806
40 70 166.68301
40 71 153.13662
40 72 120.44994
40 73 125.40632
40 74 108.71613
40 75 144.53014
40 76 131.322
40 77 172.09506
40 78 153.33975
40 79 132.36098
40 80 139.15795
40 81 148.51109
40 82 131.2624
40 83 144.37447
40 84 114.89647
40 85 154.93043
40 86 137.56727
40 87 146.19686
40 88 161.08447
40 89 144.76658
40 90 146.76153
40 91 124.5044
40 92 143.52717
40 93 122.09199
40 94 178.58847
40 95 135.86558
40 96 170.64747
40 97 115.04003
40 98 138.6789
40 99 141.34231
41 42 158.54129
41 43 144.11488
41 44 176.77793
41 45 114.70262
41 46 157.67786
41 47 151.71998
41 48 168.18757
41 49 122.04181
41 50 146.79404
41 51 170.818
41 52 129.37396
41 53 122.13349
41 54 185.45074
41 55 178.36207
41 56 181.82711
41 57 121.3948
41 58 172.36993
41 59 158.96076
41 60 120.69142
41 61 108.60284
41 62 182.13008
41 63 102.44066
41 64 162.38457
41 65 140.4348
41 66 186.28597
41 67 178.38478
41 68 140.07222
41 69 175.86792
41 70 112.44429
41 71 179.71519
41 72 158.11826
41 73 153.81916
41 74 172.14998
41 75 203.2511
41 76 174.48744
41 77 154.65879
41 78 159.21314
41 79 162.10601
41 80 131.69301
41 81 116.56057
41 82 153.76271
41 83 202.46392
41 84 175.70045
41 85 164.95338
41 86 127.82696
41 87 190.10152
41 88 136.24048
41 89 179.1187
41 90 167.22752
41 91 186.55603
41 92 121.00303
41 93 157.67148
41 94 164.33722
41 95 134.70921
41 96 109.67537
41 97 178.87756
41 98 176.65741
41 99 159.80144
42 43 145.80192
42 44 118.38268
42 45 150.85087
42 46 143.02376
42 47 132.09216
42 48 141.20091
42 49 146.36663
42 50 119.2926
42 51 129.48989
42 52 139.08543
42 53 137.44614
42 54 127.10611
42 55 163.60586
42 56 123.32083
42 57 138.19172
42 58 116.03056
42 59 112.63141
42 60 178.14757
42 61 152.79661
42 62 162.24875
42 63 160.75284
42 64 103.85679
42 65 121.58053
42 66 178.11968
42 67 124.26592
42 68 169.46542
42 69 139.98931
42 70 155.00338
42 71 125.41732
42 72 111.50338
42 73 150.07929
42 74 138.60966
42 75 149.1173
42 76 162.53133
42 77 143.10241
42 78 121.81165
42 79 103.56656
42 80 126.8645
42 81 142.43148
42 82 155.47487
42 83 147.90518
42 84 145.95468
42 85 122.99084
42 86 132.63452
42 87 178.04691
42 88 173.36164
42 89 121.2976
42 90 173.81335
42 91 153.23705
42 92 144.8698
42 93 149.03671
42 94 148.05936
42 95 148.15483
42 96 167.74774
42 97 139.07707
42 98 118.12299
42 99 109.40887
43 44 161.06097
43 45 149.48178
43 46 175.07271
43 47 116.4257
43 48 179.65167
43 49 122.16646
43 50 150.52716
43 51 172.87239
43 52 117.1793
43 53 129.49031
43 54 164.83438
43 55 134.33218
43 56 164.55512
43 57 129.68774
43 58 161.47921
43 59 136.61242
43 60 154.12699
43 61 145.7527
43 62 138.05032
43 63 144.76114
43 64 148.68571
43 65 145.22749
43 66 143.85177
43 67 151.97313
43 68 126.86445
43 69 137.19141
43 70 151.18196
43 71 171.05243
43 72 136.84679
43 73 109.86552
43 74 133.3192
43 75 172.11804
43 76 130.61564
43 77 173.30938
43 78 161.93884
43 79 148.17051
43 80 133.62907
43 81 133.00413
43 82 111.98702
43 83 171.93112
43 84 134.30211
43 85 165.76318
43 86 126.6042
43 87 146.86722
43 88 133.49772
43 89 165.02915
43 90 130.37532
43 91 144.87979
43 92 123.6676
43 93 113.572
43 94 181.95822
43 95 109.93045
43 96 148.2938
43 97 141.535
43 98 159.77088
43 99 153.46863
44 45 168.29021
44 46 150.84565
44 47 145.51043
44 48 144.33872
44 49 164.4595
44 50 133.7433
44 51 128.83697
44 52 156.83117
44 53 155.8288
44 54 110.85329
44 55 171.61702
44 56 105.20677
44 57 156.57425
44 58 108.03539
44 59 124.46316
44 60 196.514
44 61 170.72024
44 62 168.66218
44 63 179.02135
44 64 114.53413
44 65 138.13045
44 66 186.55149
44 67 118.72328
44 68 186.25989
44 69 143.81219
44 70 172.52094
44 71 113.73384
44 72 124.22949
44 73 163.37872
44 74 144.08225
44 75 137.33767
44 76 171.58965
44 77 152.02271
44 78 128.68467
44 79 114.88559
44 80 145.16994
44 81 160.78492
44 82 169.15584
44 83 135.79719
44 84 151.31686
44 85 125.75885
44 86 150.97129
44 87 185.28045
44 88 190.76754
44 89 104.29573
44 90 186.4726
44 91 155.37214
44 92 163.06901
44 93 161.2763
44 94 153.85154
44 95 164.95447
44 96 186.06201
44 97 140.86446
44 98 102.07849
44 99 118.91734
45 46 143.19925
45 47 152.57547
45 48 154.13145
45 49 128.34599
45 50 135.81437
45 51 158.25627
45 52 132.54066
45 53 121.02619
45 54 177.89396
45 55 183.40818
45 56 173.47791
45 57 120.56914
45 58 162.83079
45 59 154.26219
45 60 134.18734
45 61 106.26166
45 62 186.19809
45 63 116.92068
45 64 154.52919
45 65 130.28622
45 66 193.22295
45 67 173.12703
45 68 152.14256
45 69 175.62166
45 70 104.27909
45 71 169.15621
45 72 153.18802
45 73 159.31109
45 74 172.208
45 75 198.47328
45 76 179.93774
45 77 140.12797
45 78 147.18215
45 79 154.35288
45 80 125.7722
45 81 116.51986
45 82 160.63212
45 83 197.48424
45 84 176.97625
45 85 152.97308
45 86 126.10392
45 87 196.34613
45 88 149.59573
45 89 170.02459
45 90 176.35139
45 91 187.58862
45 92 126.28826
45 93 162.41018
45 94 149.75153
45 95 141.54837
45 96 123.42999
45 97 177.82072
45 98 168.51749
45 99 150.07599
46 47 167.93307
46 48 112.67997
46 49 161.87374
46 50 126.29149
46 51 125.23989
46 52 160.01631
46 53 149.41457
46 54 161.57948
46 55 202.38096
46 56 155.23448
46 57 149.71129
46 58 142.854
46 59 154.57517
46 60 177.27204
46 61 149.07822
46 62 202.42639
46 63 160.00478
46 64 144.35751
46 65 130.09111
46 66 215.73383
46 67 165.73457
46 68 189.21839
46 69 182.41041
46 70 146.59567
46 71 143.03374
46 72 153.25275
46 73 183.01555
46 74 180.50053
46 75 188.0919
46 76 200.31
46 77 103.2227
46 78 122.46276
46 79 144.63124
46 80 141.61755
46 81 150.00258
46 82 186.92589
46 83 186.58869
46 84 187.52515
46 85 125.28812
46 86 149.54963
46 87 216.88457
46 88 189.11129
46 89 149.75865
46 90 205.43548
46 91 195.78985
46 92 159.45506
46 93 183.91826
46 94 107.09363
46 95 171.70083
46 96 166.62513
46 97 181.96053
46 98 152.32595
46 99 134.80748
47 48 170.14784
47 49 130.76645
47 50 141.81468
47 51 160.96108
47 52 122.4692
47 53 131.65285
47 54 148.56526
47 55 134.54097
47 56 148.65704
47 57 132.19529
47 58 146.8955
47 59 121.1901
47 60 165.86538
47 61 150.63553
47 62 135.39633
47 63 153.03122
47 64 134.35926
47 65 138.1576
47 66 147.88032
47 67 135.54869
47 68 143.18697
47 69 124.2224
47 70 155.38779
47 71 156.49173
47 72 121.70078
47 73 118.10127
47 74 120.44928
47 75 156.41745
47 76 132.38278
47 77 166.77583
47 78 151.1867
47 79 133.82997
47 80 129.92159
47 81 136.85171
47 82 123.73036
47 83 156.10775
47 84 124.42274
47 85 154.03556
47 86 126.50814
47 87 148.98077
47 88 149.38355
47 89 149.6236
47 90 141.75423
47 91 135.14302
47 92 131.05271
47 93 117.02823
47 94 174.35185
47 95 123.56807
47 96 158.12791
47 97 127.65513
47 98 144.06823
47 99 140.805
48 49 169.38614
48 50 129.12451
48 51 115.86461
48 52 166.15564
48 53 156.89667
48 54 154.52239
48 55 203.83892
48 56 148.02495
48 57 157.32065
48 58 136.39108
48 59 153.68738
48 60 188.31307
48 61 159.6787
48 62 203.06993
48 63 170.58142
48 64 141.4279
48 65 134.8192
48 66 217.86883
48 67 161.25403
48 68 196.66976
48 69 181.15627
48 70 157.82169
48 71 134.10809
48 72 152.45876
48 73 186.64291
48 74 179.79842
48 75 181.48473
48 76 202.25424
48 77 115.78345
48 78 119.4652
48 79 141.81914
48 80 147.51415
48 81 158.50086
48 82 191.12751
48 83 179.8891
48 84 187.11247
48 85 119.18599
48 86 155.87975
48 87 218.38991
48 88 197.45533
48 89 142.34272
48 90 209.87143
48 91 194.32161
48 92 167.04499
48 93 186.86982
48 94 110.85018
48 95 177.72968
48 96 177.46313
48 97 179.94575
48 98 146.11008
48 99 131.93543
49 50 141.97897
49 51 166.94581
49 52 108.6486
49 53 112.52274
49 54 171.34561
49 55 156.49298
49 56 169.03769
49 57 112.17212
49 58 162.05076
49 59 142.68501
49 60 135.32046
49 61 123.91115
49 62 160.11007
49 63 122.89698
49 64 150.09605
49 65 135.36074
49 66 165.23453
49 67 161.66043
49 68 127.37708
49 69 154.94903
49 70 129.45794
49 71 170.82278
49 72 142.19368
49 73 131.96949
49 74 151.12673
49 75 185.33162
49 76 152.71882
49 77 159.47063
49 78 154.99685
49 79 149.68687
49 80 122.66988
49 81 112.88548
49 82 132.54194
49 83 184.76241
49 84 154.08868
49 85 160.08815
49 86 114.52315
49 87 168.69024
49 88 128.47723
49 89 167.64574
49 90 148.06717
49 91 164.94665
49 92 102.43708
49 93 135.67857
49 94 168.96716
49 95 113.29967
49 96 127.41209
49 97 158.39224
49 98 163.81213
49 99 150.85117
50 51 125.0945
50 52 137.58554
50 53 130.00085
50 54 144.16898
50 55 176.15221
50 56 138.92367
50 57 130.57853
50 58 127.39311
50 59 129.10077
50 60 167.43453
50 61 139.41202
50 62 176.1354
50 63 149.20793
50 64 121.99351
50 65 106.74246
50 66 189.69107
50 67 143.54313
50 68 168.70577
50 69 156.67477
50 70 140.0917
50 71 133.34941
50 72 127.75658
50 73 157.67183
50 74 154.53054
50 75 168.13022
50 76 174.18726
50 77 125.52688
50 78 113.09631
50 79 122.04835
50 80 119.34143
50 81 133.13321
50 82 162.03818
50 83 166.84719
50 84 161.41894
50 85 118.52601
50 86 127.71409
50 87 190.67842
50 88 170.45334
50 89 134.81098
50 90 180.76813
50 91 170.05854
50 92 139.80925
50 93 158.16143
50 94 132.54657
50 95 148.96146
50 96 156.46178
50 97 156.68628
50 98 134.39828
50 99 114.85404
51 52 161.93359
51 53 155.09124
51 54 138.76024
51 55 193.08683
51 56 132.26134
51 57 155.67254
51 58 121.08862
51 59 142.04078
51 60 191.49546
51 61 162.85333
51 62 191.56132
51 63 173.25786
51 64 128.60362
51 65 131.83065
51 66 207.60515
51 67 146.50562
51 68 193.28059
51 69 168.34512
51 70 162.38337
51 71 118.30411
51 72 140.97043
51 73 178.52971
51 74 167.47604
51 75 165.73753
51 76 192.00734
51 77 127.46512
51 78 111.99825
51 79 129.07638
51 80 144.27818
51 81 158.1173
51 82 183.57651
51 83 164.12656
51 84 174.90519
51 85 107.11902
51 86 152.52536
51 87 207.5035
51 88 195.41445
51 89 126.56813
51 90 202.23702
51 91 181.15148
51 92 164.82623
51 93 177.98809
51 94 126.23738
51 95 172.87622
51 96 180.46449
51 97 166.55727
51 98 130.70601
51 99 120.24509
52 53 112.33743
52 54 163.23932
52 55 150.87068
52 56 161.24576
52 57 112.51098
52 58 155.0174
52 59 134.35895
52 60 143.94737
52 61 129.35546
52 62 153.83284
52 63 130.59248
52 64 142.69395
52 65 131.37702
52 66 161.02246
52 67 153.14552
52 68 131.36716
52 69 146.69008
52 70 134.5818
52 71 164.08513
52 72 133.95008
52 73 126.8811
52 74 142.91441
52 75 176.68979
52 76 147.40965
52 77 157.94108
52 78 150.20711
52 79 142.25422
52 80 118.65947
52 81 116.0235
52 82 128.8838
52 83 176.12916
52 84 146.33097
52 85 154.902
52 86 110.46668
52 87 163.90461
52 88 134.36437
52 89 160.20662
52 90 146.30694
52 91 157.18386
52 92 108.59207
52 93 129.86989
52 94 167.05587
52 95 111.68758
52 96 135.71099
52 97 149.97296
52 98 156.05557
52 99 144.51046
53 54 163.89701
53 55 162.73426
53 56 160.72278
53 57 100.75662
53 58 152.33357
53 59 136.84174
53 60 140.77549
53 61 119.15665
53 62 165.27838
53 63 124.06693
53 64 141.29729
53 65 123.28172
53 66 173.29485
53 67 156.27278
53 68 139.89554
53 69 155.14631
53 70 123.73772
53 71 160.55629
53 72 136.02335
53 73 139.09771
53 74 151.60697
53 75 181.1224
53 76 159.42803
53 77 147.07238
53 78 143.09487
53 79 140.96218
53 80 111.21962
53 81 105.64041
53 82 141.21723
53 83 180.33062
53 84 156.07559
53 85 148.39473
53 86 105.74271
53 87 176.04412
53 88 140.69018
53 89 158.56796
53 90 158.40719
53 91 166.76593
53 92 110.15228
53 93 141.8192
53 94 156.50753
53 95 123.25856
53 96 130.68438
53 97 157.70949
53 98 155.49295
53 99 140.36741
54 55 169.98596
54 56 106.4997
54 57 164.65264
54 58 118.73364
54 59 129.0798
54 60 204.65805
54 61 179.89438
54 62 166.15127
54 63 187.60998
54 64 123.36965
54 65 148.07368
54 66 184.81453
54 67 114.90042
54 68 191.04934
54 69 141.09254
54 70 182.07125
54 71 121.54377
54 72 129.33528
54 73 165.55502
54 74 142.31104
54 75 126.97731
54 76 170.61885
54 77 162.82634
54 78 139.52008
54 79 123.56556
54 80 153.77275
54 81 169.1277
54 82 171.44918
54 83 125.36964
54 84 148.96121
54 85 136.371
54 86 158.68229
54 87 182.82667
54 88 196.27305
54 89 112.19212
54 90 187.61712
54 91 150.93366
54 92 170.21195
54 93 162.76837
54 94 164.33582
54 95 170.06677
54 96 194.49372
54 97 137.22159
54 98 109.80252
54 99 129.48678
55 56 172.85701
55 57 163.06795
55 58 175.70188
55 59 151.06155
55 60 186.18467
55 61 179.99746
55 62 106.64366
55 63 178.88403
55 64 164.72778
55 65 172.69837
55 66 114.93672
55 67 155.10171
55 68 150.68296
55 69 129.03073
55 70 185.36092
55 71 184.72215
55 72 152.11641
55 73 124.54473
55 74 127.74493
55 75 163.59329
55 76 104.35817
55 77 201.29323
55 78 184.50549
55 79 164.22437
55 80 163.79914
55 81 166.89404
55 82 125.52759
55 83 164.23949
55 84 121.13659
55 85 186.54009
55 86 158.69704
55 87 114.557
55 88 159.05139
55 89 175.89528
55 90 125.85261
55 91 124.23035
55 92 157.97872
55 93 121.00518
55 94 208.68537
55 95 143.70358
55 96 181.82285
55 97 133.46131
55 98 169.69793
55 99 172.95094
56 57 161.47181
56 58 112.49657
56 59 128.02301
56 60 201.45862
56 61 175.8555
56 62 169.48021
56 63 184.05467
56 64 119.46512
56 65 143.33447
56 66 187.77766
56 67 118.3085
56 68 190.18031
56 69 144.4097
56 70 177.70443
56 71 115.28696
56 72 127.9792
56 73 166.2499
56 74 145.12778
56 75 133.47635
56 76 173.13198
56 77 156.55992
56 78 133.34978
56 79 119.77441
56 80 150.17572
56 81 165.75118
56 82 172.09195
56 83 131.86923
56 84 152.13648
56 85 129.97792
56 86 155.76325
56 87 186.16669
56 88 194.94062
56 89 105.69398
56 90 188.97433
56 91 155.19449
56 92 167.72115
56 93 163.85759
56 94 157.87439
56 95 168.95084
56 96 191.0659
56 97 140.99244
56 98 105.2427
56 99 124.0816
57 58 153.05527
57 59 137.58785
57 60 140.02169
57 61 118.54106
57 62 165.67528
57 63 123.31906
57 64 142.04351
57 65 123.85019
57 66 173.51868
57 67 157.01958
57 68 139.54702
57 69 155.75572
57 70 123.19487
57 71 161.25522
57 72 136.77279
57 73 139.34061
57 74 152.20261
57 75 181.85792
57 76 159.73008
57 77 147.3372
57 78 143.67466
57 79 141.70961
57 80 111.90308
57 81 104.93594
57 82 141.35967
57 83 181.06933
57 84 156.61619
57 85 148.99819
57 86 106.456
57 87 176.31814
57 88 140.21006
57 89 159.30473
57 90 158.43258
57 91 167.32246
57 92 109.7721
57 93 142.12884
57 94 156.80492
57 95 123.23707
57 96 129.9284
57 97 158.35094
57 98 156.24264
57 99 141.06441
58 59 125.84959
58 60 192.54741
58 61 165.77859
58 62 173.3143
58 63 174.69001
58 64 112.80265
58 65 132.55846
58 66 190.55886
58 67 125.5496
58 68 185.49381
58 69 149.00613
58 70 167.1014
58 71 109.60665
58 72 125.21114
58 73 164.99459
58 74 148.7428
58 75 145.37301
58 76 175.25792
58 77 144.09986
58 78 120.85325
58 79 113.31312
58 80 141.27508
58 81 156.90964
58 82 170.59034
58 83 143.83069
58 84 156.14136
58 85 117.72382
58 86 147.95931
58 87 189.74155
58 88 189.3438
58 89 107.52329
58 90 188.54286
58 91 161.24905
58 92 160.42675
58 93 163.43043
58 94 145.8196
58 95 164.17653
58 96 181.85321
58 97 146.60933
58 98 109.72155
58 99 112.75565
59 60 176.99259
59 61 154.78322
59 62 149.61737
59 63 160.9061
59 64 113.78592
59 65 128.86168
59 66 165.66934
59 67 119.43312
59 68 162.20561
59 69 127.8445
59 70 158.08048
59 71 135.40411
59 72 101.34435
59 73 139.2378
59 74 126.157
59 75 144.442
59 76 150.1335
59 77 154.28844
59 78 134.23072
59 79 113.26701
59 80 128.51967
59 81 142.40346
59 82 144.91836
59 83 143.57532
59 84 133.42887
59 85 135.62003
59 86 131.22481
59 87 165.46272
59 88 167.21908
59 89 128.49767
59 90 162.70428
59 91 141.21603
59 92 141.7738
59 93 137.58114
59 94 160.03726
59 95 141.06595
59 96 167.38864
59 97 127.58709
59 98 123.16236
59 99 122.03924
60 61 128.79672
60 62 191.07773
60 63 118.25712
60 64 182.00413
60 65 161.00008
60 66 190.99171
60 67 196.32233
60 68 138.61433
60 69 189.84858
60 70 130.6818
60 71 200.16524
60 72 176.31541
60 73 162.64597
60 74 185.97712
60 75 220.48249
60 76 181.94626
60 77 174.15203
60 78 179.90435
60 79 181.68495
60 80 151.38975
60 81 135.73615
60 82 160.65917
60 83 219.85406
60 84 188.16207
60 85 185.64233
60 86 146.02092
60 87 195.71388
60 88 131.36885
60 89 199.08937
60 90 169.24901
60 91 198.89237
60 92 135.61198
60 93 167.15193
60 94 183.65237
60 95 144.23986
60 96 111.03104
60 97 193.51476
60 98 196.23824
60 99 180.12157
61 62 183.17066
61 63 110.93542
61 64 156.5805
61 65 133.35885
61 66 189.14206
61 67 174.01479
61 68 146.30661
61 69 174.29676
61 70 105.59248
61 71 172.65819
61 72 153.80939
61 73 155.61765
61 74 170.73841
61 75 199.21873
61 76 176.36297
61 77 146.05607
61 78 151.44175
61 79 156.3519
61 80 126.46793
61 81 113.78383
61 82 156.45177
61 83 198.31977
61 84 175.0244
61 85 157.21974
61 86 124.76435
61 87 192.52544
61 88 143.46451
61 89 172.76685
61 90 171.46721
61 91 185.77835
61 92 122.12349
61 93 159.01702
61 94 155.73549
61 95 137.20849
61 96 117.82647
61 97 176.85065
61 98 170.77442
61 99 153.06813
62 63 182.81113
62 64 162.98923
62 65 173.21055
62 66 119.13639
62 67 151.39149
62 68 156.48984
62 69 125.0987
62 70 188.41069
62 71 182.04978
62 72 150.7698
62 73 128.62498
62 74 124.61598
62 75 157.92469
62 76 110.62129
62 77 201.53858
62 78 183.62507
62 79 162.50496
62 80 165.23812
62 81 169.76973
62 82 130.61175
62 83 158.66157
62 84 117.36061
62 85 185.23571
62 86 160.8517
62 87 116.69296
62 88 164.81619
62 89 172.89418
62 90 132.49358
62 91 118.18258
62 92 161.40469
62 93 124.4785
62 94 208.51355
62 95 147.7736
62 96 186.16241
62 97 129.05099
62 98 166.6817
62 99 171.65575
63 64 164.60097
63 65 142.8279
63 66 186.4331
63 67 180.33838
63 68 139.1834
63 69 177.22781
63 70 114.35084
63 71 182.08834
63 72 160.08949
63 73 154.3684
63 74 173.47943
63 75 205.11746
63 76 174.94907
63 77 156.97104
63 78 161.64754
63 79 164.31512
63 80 133.88998
63 81 118.57037
63 82 154.04934
63 83 204.35319
63 84 176.84396
63 85 167.38544
63 86 129.70607
63 87 190.37261
63 88 134.92627
63 89 181.40343
63 90 166.97306
63 91 187.70575
63 92 122.0877
63 93 158.33313
63 94 166.63279
63 95 135.1806
63 96 107.25385
63 97 180.33808
63 98 178.87442
63 99 162.14561
64 65 124.9467
64 66 179.40417
64 67 121.78816
64 68 172.82333
64 69 139.90521
64 70 158.70209
64 71 122.36756
64 72 112.91187
64 73 152.44772
64 74 138.88887
64 75 146.13859
64 76 163.89702
64 77 144.69816
64 78 122.41226
64 79 100.52964
64 80 130.71504
64 81 146.28811
64 82 157.96759
64 83 144.86609
64 84 146.31099
64 85 122.60394
64 86 136.45435
64 87 179.05343
64 88 176.89368
64 89 117.55169
64 90 176.10282
64 91 152.94367
64 92 148.63624
64 93 151.12057
64 94 148.97701
64 95 151.48623
64 96 171.60173
64 97 138.51876
64 98 114.27359
64 99 109.65239
65 66 185.76395
65 67 145.4651
65 68 162.26784
65 69 155.41252
65 70 134.55117
65 71 139.33275
65 72 127.55061
65 73 152.93918
65 74 152.89393
65 75 170.60547
65 76 170.43729
65 77 128.69204
65 78 119.83301
65 79 124.86376
65 80 112.84324
65 81 126.41494
65 82 156.97105
65 83 169.43055
65 84 159.41775
65 85 125.25317
65 86 121.26051
65 87 187.12116
65 88 163.81681
65 89 139.74184
65 90 175.59363
65 91 168.67636
65 92 133.15673
65 93 153.84917
65 94 136.82894
65 95 142.914
65 96 150.07483
65 97 156.01564
65 98 138.49318
65 99 119.80384
66 67 169.95183
66 68 153.07142
66 69 143.7562
66 70 194.66984
66 71 199.62612
66 72 166.67661
66 73 134.21791
66 74 142.65257
66 75 176.86482
66 76 115.6331
66 77 214.45566
66 78 198.66964
66 79 178.89471
66 80 175.9188
66 81 176.81192
66 82 132.69397
66 83 177.6591
66 84 135.86436
66 85 200.95597
66 86 169.93649
66 87 105.94086
66 88 161.2798
66 89 190.83081
66 90 122.97762
66 91 137.03698
66 92 167.06658
66 93 132.14554
66 94 222.21652
66 95 151.9508
66 96 188.29491
66 97 147.99158
66 98 184.63427
66 99 187.40036
67 68 178.68316
67 69 126.29497
67 70 177.06748
67 71 132.42239
67 72 120.27593
67 73 151.60642
67 74 127.41092
67 75 125.36729
67 76 155.72221
67 77 166.28606
67 78 143.36462
67 79 121.63723
67 80 147.58984
67 81 161.8249
67 82 157.50266
67 83 124.35785
67 84 134.12658
67 85 142.08671
67 86 150.65618
67 87 168.08278
67 88 184.5366
67 89 122.55637
67 90 173.07623
67 91 136.91843
67 92 160.91885
67 93 148.50736
67 94 169.82933
67 95 158.31165
67 96 186.80963
67 97 122.69555
67 98 116.64634
67 99 130.99335
68 69 163.00443
68 70 151.61982
68 71 194.81858
68 72 162.20112
68 73 130.94449
68 74 159.2471
68 75 198.8407
68 76 146.3248
68 77 186.76514
68 78 181.49688
68 79 172.34251
68 80 149.42655
68 81 139.511
68 82 126.60122
68 83 198.70399
68 84 158.70302
68 85 186.26295
68 86 141.01334
68 87 158.17124
68 88 108.38361
68 89 189.98266
68 90 130.74706
68 91 168.37025
68 92 129.77839
68 93 135.60411
68 94 196.30979
68 95 121.34244
68 96 138.41258
68 97 167.64169
68 98 185.18361
68 99 175.66327
69 70 178.76253
69 71 157.37294
69 72 129.16057
69 73 132.35615
69 74 103.89661
69 75 137.19026
69 76 130.15684
69 77 182.05731
69 78 161.80096
69 79 139.47289
69 80 151.00347
69 81 160.57226
69 82 137.68181
69 83 137.44387
69 84 107.89931
69 85 162.50834
69 86 149.64742
69 87 141.79143
69 88 170.34873
69 89 147.99375
69 90 149.74782
69 91 113.39042
69 92 155.27509
69 93 128.01693
69 94 187.86039
69 95 146.33439
69 96 182.33843
69 97 104.99183
69 98 141.79589
69 99 149.22811
70 71 173.43129
70 72 157.0346
70 73 161.04645
70 74 175.27815
70 75 202.38869
70 76 181.77179
70 77 143.47063
70 78 151.39152
70 79 158.51727
70 80 129.56106
70 81 118.70421
70 82 161.98707
70 83 201.42353
70 84 179.80993
70 85 157.18017
70 86 129.11663
70 87 198.0012
70 88 148.4181
70 89 174.28423
70 90 177.05776
70 91 190.50254
70 92 127.61388
70 93 164.3628
70 94 152.98446
70 95 142.75756
70 96 120.22101
70 97 181.12129
70 98 172.72759
70 99 154.34605
71 72 134.79787
71 73 174.58802
71 74 157.43391
71 75 148.24726
71 76 184.44445
71 77 144.89797
71 78 123.46244
71 79 122.88445
71 80 149.36333
71 81 164.82062
71 82 180.19354
71 83 146.58852
71 84 164.75456
71 85 118.44273
71 86 156.51878
71 87 198.59439
71 88 198.44903
71 89 109.97656
71 90 198.10836
71 91 169.09496
71 92 169.08989
71 93 172.97115
71 94 144.53423
71 95 173.53925
71 96 189.31671
71 97 154.55956
71 98 115.80937
71 99 120.19265
72 73 139.79125
72 74 127.42781
72 75 145.41204
72 76 151.11546
72 77 152.95395
72 78 132.99632
72 79 112.38628
72 80 127.47782
72 81 141.5577
72 82 145.42268
72 83 144.51416
72 84 134.6742
72 85 134.48887
72 86 130.44793
72 87 166.54584
72 88 167.07396
72 89 128.18504
72 90 163.34009
72 91 142.5371
72 92 141.21621
72 93 138.2717
72 94 158.73832
72 95 140.99087
72 96 166.6267
72 97 128.93086
72 98 123.02172
72 99 120.89558
73 74 128.73368
73 75 169.02293
73 76 120.75961
73 77 181.45402
73 78 168.21713
73 79 151.91881
73 80 142.15331
73 81 142.81219
73 82 105.90069
73 83 169.06397
73 84 127.76181
73 85 171.50661
73 86 135.77115
73 87 137.04009
73 88 138.70759
73 89 167.54726
73 90 123.75527
73 91 137.64499
73 92 133.52388
73 93 104.73022
73 94 189.75993
73 95 119.20852
73 96 157.54239
73 97 137.15568
73 98 161.85034
73 99 158.54978
74 75 140.46484
74 76 128.34116
74 77 180.01535
74 78 160.36204
74 79 138.42922
74 80 147.86995
74 81 156.98733
74 82 134.17368
74 83 140.62313
74 84 107.4397
74 85 161.41229
74 86 146.16654
74 87 141.19879
74 88 166.53358
74 89 148.3319
74 90 147.00185
74 91 115.85504
74 92 151.49107
74 93 124.50518
74 94 186.13177
74 95 142.43812
74 96 178.52756
74 97 108.42558
74 98 142.11982
74 99 147.96522
75 76 165.83238
75 77 189.11431
75 78 165.73499
75 79 146.10145
75 80 172.86396
75 81 186.73075
75 82 174.59098
75 83 101.71089
75 84 143.93437
75 85 163.09639
75 86 175.4268
75 87 173.2025
75 88 205.58635
75 89 139.16943
75 90 186.66595
75 91 139.82853
75 92 184.87562
75 93 164.9381
75 94 191.17881
75 95 179.98387
75 96 211.37357
75 97 132.20647
75 98 135.77336
75 99 154.41957
76 77 199.10856
76 78 183.0388
76 79 163.38375
76 80 161.05696
76 81 163.41868
76 82 121.31924
76 83 166.38575
76 84 122.41727
76 85 185.33603
76 86 155.60013
76 87 116.82027
76 88 154.69337
76 89 175.8833
76 90 122.14566
76 91 127.138
76 92 154.28166
76 93 117.614
76 94 206.73039
76 95 139.78483
76 96 177.74287
76 97 134.85047
76 98 169.72342
76 99 171.79008
77 78 123.38364
77 79 144.93865
77 80 139.72825
77 81 147.41982
77 82 185.2164
77 83 187.64038
77 84 186.94184
77 85 126.80385
77 86 147.48596
77 87 215.75659
77 88 186.47012
77 89 151.17802
77 90 203.63142
77 91 195.4476
77 92 157.04275
77 93 182.51679
77 94 109.75113
77 95 169.60695
77 96 163.54182
77 97 181.80237
77 98 153.41616
77 99 135.29272
78 79 122.75315
78 80 132.32777
78 81 146.15445
78 82 173.00976
78 83 164.25745
78 84 167.65931
78 85 105.79195
78 86 140.6231
78 87 199.04383
78 88 183.47285
78 89 128.14446
78 90 191.75727
78 91 175.03453
78 92 152.85802
78 93 168.09305
78 94 126.59245
78 95 161.33277
78 96 168.88332
78 97 160.77979
78 98 130.03861
78 99 112.76443
79 80 130.42564
79 81 145.97811
79 82 157.44011
79 83 144.84233
79 84 145.84805
79 85 123.03625
79 86 136.08781
79 87 178.55628
79 88 176.43695
79 89 117.9708
79 90 175.57327
79 91 152.53235
79 92 148.24076
79 93 150.59127
79 94 149.30085
79 95 151.00382
79 96 171.30337
79 97 138.12731
79 98 114.56569
79 99 109.98873
80 81 115.66359
80 82 145.58389
80 83 171.9271
80 84 153.46381
80 85 137.44973
80 86 108.4175
80 87 177.87682
80 88 151.14509
80 89 147.70175
80 90 163.90831
80 91 163.63005
80 92 120.55878
80 93 143.77477
80 94 148.59872
80 95 130.3003
80 96 140.89372
80 97 152.71289
80 98 144.9873
80 99 129.17073
81 82 144.32986
81 83 185.92716
81 84 161.24452
81 85 151.65916
81 86 111.38287
81 87 179.85207
81 88 139.13592
81 89 163.36371
81 90 160.70165
81 91 171.99458
81 92 110.53155
81 93 145.89318
81 94 157.06626
81 95 125.51827
81 96 125.3665
81 97 163.23222
81 98 160.54132
81 99 144.65528
82 83 174.67695
82 84 132.50534
82 85 176.51252
82 86 138.57108
82 87 136.33928
82 88 134.70625
82 89 173.30474
82 90 118.76029
82 91 141.82583
82 92 134.40282
82 93 109.67059
82 94 193.77088
82 95 119.25781
82 96 156.51894
82 97 142.56124
82 98 167.65219
82 99 163.74957
83 84 144.35218
83 85 161.55407
83 86 174.65045
83 87 174.08987
83 88 205.36572
83 89 137.55986
83 90 187.05139
83 91 140.6303
83 92 184.26118
83 93 165.04132
83 94 189.62069
83 95 179.65976
83 96 210.6612
83 97 132.45221
83 98 134.26286
83 99 153.03706
84 85 168.80885
84 86 150.8813
84 87 134.03318
84 88 166.42947
84 89 155.54118
84 90 142.73625
84 91 110.86217
84 92 154.75751
84 93 123.10842
84 94 193.26772
84 95 144.00389
84 96 181.41983
84 97 112.4354
84 98 149.32962
84 99 155.33146
85 86 145.6191
85 87 201.01004
85 88 188.53121
85 89 124.4718
85 90 195.19275
85 91 175.52301
85 92 158.0078
85 93 171.05224
85 94 128.12264
85 95 165.7867
85 96 174.62654
85 97 161.03378
85 98 127.37579
85 99 113.59664
86 87 172.3531
86 88 142.9132
86 89 153.8994
86 90 156.48251
86 91 161.48558
86 92 112.60709
86 93 138.02392
86 94 156.59024
86 95 122.15264
86 96 136.17921
86 97 152.09513
86 98 150.52141
86 99 136.44097
87 88 166.45471
87 89 189.52577
87 90 128.56929
87 91 133.56635
87 92 170.40211
87 93 134.32925
87 94 223.2187
87 95 155.5011
87 96 192.56866
87 97 145.66785
87 98 183.31294
87 99 187.41483
88 89 194.3097
88 90 138.71758
88 91 176.30685
88 92 130.6619
88 93 143.41912
88 94 196.15759
88 95 126.26396
88 96 132.82759
88 97 174.86625
88 98 189.83648
88 99 178.80251
89 90 190.70452
89 91 159.38377
89 92 166.16692
89 93 165.50424
89 94 152.24819
89 95 168.65025
89 96 188.51183
89 97 144.94064
89 98 106.21295
89 99 120.03053
90 91 149.09627
90 92 150.26387
90 93 125.20175
90 94 212.33186
90 95 135.24797
90 96 167.7848
90 97 154.71361
90 98 184.83791
90 99 182.30003
91 92 165.61895
91 93 132.91646
91 94 201.19614
91 95 154.67721
91 96 192.26348
91 97 114.64504
91 98 153.3049
91 99 162.38928
92 93 137.06178
92 94 166.54816
92 95 115.26015
92 96 127.12569
92 97 158.56085
92 98 162.48493
92 99 149.04193
93 94 190.53499
93 95 123.34593
93 96 161.76954
93 97 132.89072
93 98 159.65508
93 99 157.82963
94 95 178.74282
94 96 173.1281
94 97 187.13588
94 98 155.49628
94 99 139.32571
95 96 138.42443
95 97 150.42413
95 98 163.91461
95 99 154.62413
96 97 185.68394
96 98 185.86896
96 99 169.34311
97 98 138.80868
97 99 148.06063
98 99 119.68481
