100 30
0 1 151.02409
0 2 146.15629
0 3 135.32708
0 4 121.83351
0 5 143.73866
0 6 137.97891
0 7 131.47814
0 8 131.33626
0 9 150.12326
0 10 156.98617
0 11 121.31405
0 12 147.46326
0 13 112.41664
0 14 139.9348
0 15 146.9095
0 16 133.13388
0 17 120.47284
0 18 149.12429
0 19 131.53322
0 20 129.73397
0 21 167.98625
0 22 126.55233
0 23 147.33033
0 24 112.69911
0 25 136.20775
0 26 150.14308
0 27 171.59135
0 28 133.37316
0 29 145.39585
0 30 157.09811
0 31 152.87645
0 32 108.41841
0 33 157.0983
0 34 153.84639
0 35 140.78617
0 36 161.99177
0 37 120.73889
0 38 141.99156
0 39 123.39733
0 40 111.12228
0 41 158.99515
0 42 149.40349
0 43 104.50542
0 44 137.06642
0 45 119.71449
0 46 144.94395
0 47 125.70623
0 48 144.45941
0 49 137.4259
0 50 143.51745
0 51 160.84663
0 52 149.4131
0 53 144.08784
0 54 118.90478
0 55 140.69399
0 56 116.06728
0 57 143.69625
0 58 172.40151
0 59 178.24855
0 60 157.64444
0 61 161.07609
0 62 146.55653
0 63 163.82704
0 64 115.56768
0 65 112.05786
0 66 124.61304
0 67 154.5454
0 68 135.372
0 69 166.18842
0 70 132.21874
0 71 156.3885
0 72 157.79051
0 73 130.20693
0 74 135.7738
0 75 164.18859
0 76 148.61478
0 77 143.30982
0 78 104.02904
0 79 114.81786
0 80 170.40162
0 81 169.91362
0 82 100.93531
0 83 148.22891
0 84 143.42942
0 85 172.86182
0 86 160.56127
0 87 161.37613
0 88 167.26075
0 89 148.09609
0 90 140.87254
0 91 116.8952
0 92 142.66182
0 93 164.98244
0 94 158.76173
0 95 155.64147
0 96 125.70237
0 97 122.48225
0 98 130.86352
0 99 130.6451
1 2 113.36103
1 3 134.31965
1 4 172.85739
1 5 127.2694
1 6 117.58245
1 7 158.0829
1 8 177.22579
1 9 157.10313
1 10 164.65236
1 11 141.77637
1 12 175.01098
1 13 151.09544
1 14 134.24097
1 15 138.84504
1 16 155.26168
1 17 139.40786
1 18 155.42894
1 19 180.78779
1 20 162.36675
1 21 150.35465
1 22 167.12147
1 23 153.68985
1 24 160.26766
1 25 138.62014
1 26 179.95136
1 27 195.27212
1 28 182.37405
1 29 196.4062
1 30 188.51827
1 31 194.43085
1 32 142.90161
1 33 188.14772
1 34 116.6352
1 35 132.16068
1 36 148.54855
1 37 159.59686
1 38 177.06265
1 39 128.10199
1 40 140.73953
1 41 145.87873
1 42 155.87699
1 43 148.31636
1 44 187.93693
1 45 139.25962
1 46 121.76574
1 47 157.63375
1 48 194.81877
1 49 134.09822
1 50 128.77254
1 51 170.68384
1 52 154.36068
1 53 182.83111
1 54 165.04026
1 55 115.96624
1 56 140.41403
1 57 171.27446
1 58 200.32896
1 59 138.60956
1 60 154.00363
1 61 139.68804
1 62 177.96112
1 63 179.84463
1 64 135.7401
1 65 151.55863
1 66 173.6014
1 67 116.0117
1 68 151.82574
1 69 146.38333
1 70 171.61209
1 71 136.29681
1 72 171.22814
1 73 181.06726
1 74 145.05511
1 75 155.45245
1 76 198.40288
1 77 107.90106
1 78 155.01772
1 79 159.65753
1 80 199.47965
1 81 188.85998
1 82 150.22368
1 83 106.23442
1 84 163.38689
1 85 144.21632
1 86 192.31693
1 87 191.3021
1 88 154.23566
1 89 198.65897
1 90 124.37823
1 91 167.91521
1 92 125.43075
1 93 192.40802
1 94 178.62115
1 95 174.8719
1 96 172.60487
1 97 172.89322
1 98 158.15112
1 99 167.95628
2 3 121.97917
2 4 167.52097
2 5 135.93414
2 6 108.19152
2 7 160.54203
2 8 168.56718
2 9 164.15842
2 10 172.09172
2 11 142.84167
2 12 178.46733
2 13 143.20387
2 14 141.30331
2 15 125.48427
2 16 158.52512
2 17 140.06739
2 18 162.49371
2 19 173.35192
2 20 163.70281
2 21 161.84997
2 22 157.648
2 23 140.49233
2 24 157.20176
2 25 144.30946
2 26 183.06397
2 27 200.43244
2 28 174.75638
2 29 190.98227
2 30 191.52534
2 31 194.57847
2 32 138.97994
2 33 191.2411
2 34 129.1224
2 35 139.60847
2 36 159.21046
2 37 150.41716
2 38 178.65028
2 39 123.03389
2 40 137.53608
2 41 156.29345
2 42 162.94265
2 43 144.49511
2 44 181.7683
2 45 130.48293
2 46 108.40479
2 47 147.30906
2 48 187.86873
2 49 121.40529
2 50 137.27408
2 51 177.99469
2 52 161.63711
2 53 183.58194
2 54 162.70963
2 55 123.14943
2 56 132.6208
2 57 174.52099
2 58 204.57498
2 59 151.96156
2 60 163.10744
2 61 151.21957
2 62 180.57299
2 63 186.23541
2 64 130.69991
2 65 149.78795
2 66 170.30833
2 67 128.70955
2 68 156.07741
2 69 158.0388
2 70 171.71977
2 71 147.30741
2 72 177.78774
2 73 176.21904
2 74 132.63949
2 75 165.64929
2 76 194.73078
2 77 113.37896
2 78 149.8993
2 79 151.86542
2 80 203.40948
2 81 194.92555
2 82 145.25864
2 83 107.12946
2 84 167.95226
2 85 157.01706
2 86 195.34958
2 87 194.7891
2 88 165.14223
2 89 194.20413
2 90 132.14703
2 91 162.71991
2 92 133.82895
2 93 196.56812
2 94 184.09303
2 95 180.31424
2 96 164.48955
2 97 168.63434
2 98 146.97841
2 99 168.45354
3 4 153.61241
3 5 148.28466
3 6 117.14645
3 7 160.11609
3 8 149.58267
3 9 170.86405
3 10 178.89502
3 11 142.8242
3 12 178.21294
3 13 127.24385
3 14 150.56678
3 15 111.9917
3 16 159.62164
3 17 140.02747
3 18 169.34608
3 19 155.9212
3 20 161.11777
3 21 176.39642
3 22 137.92766
3 23 120.7653
3 24 147.9775
3 25 151.09298
3 26 181.96578
3 27 201.98204
3 28 157.01593
3 29 175.88743
3 30 189.81764
3 31 188.03718
3 32 131.4145
3 33 189.69029
3 34 147.45856
3 35 149.69168
3 36 172.33829
3 37 131.48322
3 38 175.29874
3 39 120.45306
3 40 131.66615
3 41 169.16378
3 42 169.76052
3 43 135.85708
3 44 165.8834
3 45 115.63272
3 46 115.16475
3 47 126.8367
3 48 170.67679
3 49 102.10273
3 50 149.1875
3 51 184.24295
3 52 168.90426
3 53 178.56127
3 54 154.14709
3 55 136.8571
3 56 119.26167
3 57 174.18089
3 58 204.41746
3 59 172.27898
3 60 173.2987
3 61 166.36521
3 62 178.79114
3 63 190.49081
3 64 123.8267
3 65 143.78166
3 66 159.52857
3 67 147.40602
3 68 159.03587
3 69 173.06708
3 70 166.41876
3 71 161.80748
3 72 182.76598
3 73 162.58778
3 74 110.74108
3 75 177.59684
3 76 182.14563
3 77 130.5025
3 78 138.04104
3 79 135.09969
3 80 202.75896
3 81 198.24453
3 82 134.41021
3 83 128.3979
3 84 170.27512
3 85 174.59518
3 86 193.51344
3 87 193.73529
3 88 178.4158
3 89 180.44896
3 90 144.05908
3 91 149.38365
3 92 146.20091
3 93 196.56952
3 94 186.8879
3 95 183.26281
3 96 146.42536
3 97 156.39638
3 98 125.50356
3 99 164.05625
4 5 163.23553
4 6 159.33293
4 7 139.4293
4 8 121.11504
4 9 161.41566
4 10 166.53088
4 11 138.58271
4 12 148.8757
4 13 126.39343
4 14 157.96527
4 15 163.993
4 16 142.94178
4 17 139.00364
4 18 160.92015
4 19 114.86071
4 20 134.37851
4 21 184.22566
4 22 125.98439
4 23 159.71683
4 24 116.26574
4 25 153.08565
4 26 149.33903
4 27 170.77255
4 28 116.76158
4 29 123.57938
4 30 153.67104
4 31 141.92817
4 32 130.06446
4 33 153.93116
4 34 174.89004
4 35 159.30817
4 36 177.83638
4 37 126.26327
4 38 139.47452
4 39 145.11424
4 40 132.50056
4 41 175.16247
4 42 161.06646
4 43 124.89915
4 44 115.64188
4 45 138.59218
4 46 165.39711
4 47 133.45103
4 48 123.84382
4 49 155.66969
4 50 162.72844
4 51 168.74199
4 52 161.66165
4 53 137.70306
4 54 116.95855
4 55 161.99777
4 56 135.53798
4 57 146.18667
4 58 168.93758
4 59 198.42716
4 60 171.24573
4 61 178.95549
4 62 145.54656
4 63 168.30066
4 64 137.29311
4 65 125.65211
4 66 111.61877
4 67 175.66751
4 68 147.11847
4 69 183.15534
4 70 129.52678
4 71 174.55804
4 72 164.61611
4 73 108.97663
4 74 150.56369
4 75 178.3943
4 76 128.60906
4 77 165.13072
4 78 117.85495
4 79 119.6053
4 80 166.46646
4 81 171.9382
4 82 122.64377
4 83 169.97635
4 84 150.5425
4 85 191.23837
4 86 156.28364
4 87 158.21532
4 88 182.33718
4 89 126.95601
4 90 160.96981
4 91 104.9532
4 92 162.51277
4 93 162.86265
4 94 162.14869
4 95 159.9977
4 96 116.79937
4 97 106.11447
4 98 138.87313
4 99 130.80417
5 6 133.45063
5 7 135.72411
5 8 174.81613
5 9 129.96673
5 10 137.39682
5 11 124.93866
5 12 150.33783
5 13 150.37112
5 14 108.06418
5 15 157.58901
5 16 131.96501
5 17 124.23222
5 18 128.30384
5 19 175.10099
5 20 141.36411
5 21 128.1996
5 22 167.81395
5 23 168.94895
5 24 147.55981
5 25 113.81046
5 26 155.50692
5 27 168.74901
5 28 176.98713
5 29 185.18747
5 30 163.95894
5 31 173.3754
5 32 135.84679
5 33 163.50372
5 34 115.75351
5 35 105.78052
5 36 124.12784
5 37 160.48554
5 38 154.67625
5 39 130.2
5 40 132.96411
5 41 121.00019
5 42 128.74745
5 43 139.49783
5 44 178.83524
5 45 143.46106
5 46 142.67186
5 47 161.77927
5 48 187.02195
5 49 149.23123
5 50 101.52781
5 51 143.43366
5 52 127.17469
5 53 161.36863
5 54 150.24809
5 55 112.79811
5 56 142.17404
5 57 146.98593
5 58 174.4069
5 59 135.29893
5 60 127.2044
5 61 118.75311
5 62 154.18039
5 63 152.80099
5 64 133.6836
5 65 137.82578
5 66 159.75167
5 67 116.88937
5 68 127.4439
5 69 125.11707
5 70 151.81991
5 71 113.95507
5 72 144.17023
5 73 169.67696
5 74 157.36338
5 75 129.96341
5 76 183.59981
5 77 122.69156
5 78 147.43701
5 79 157.19221
5 80 173.82862
5 81 161.90116
5 82 143.3247
5 83 130.79304
5 84 137.93486
5 85 129.45245
5 86 167.64522
5 87 166.18585
5 88 130.20738
5 89 185.3535
5 90 104.2257
5 91 158.54405
5 92 102.14958
5 93 166.65501
5 94 152.06326
5 95 148.38261
5 96 169.2924
5 97 161.03153
5 98 164.64948
5 99 147.81729
6 7 153.925
6 8 160.90134
6 9 159.70817
6 10 167.75644
6 11 136.01939
6 12 172.05982
6 13 135.24991
6 14 137.483
6 15 124.33751
6 16 152.26038
6 17 133.16919
6 18 158.07758
6 19 165.38603
6 20 156.64903
6 21 160.89876
6 22 150.26045
6 23 137.46135
6 24 149.1566
6 25 139.5679
6 26 176.4868
6 27 194.6226
6 28 166.82919
6 29 182.80557
6 30 184.85706
6 31 187.01189
6 32 130.91589
6 33 184.60683
6 34 130.44029
6 35 136.10928
6 36 157.48038
6 37 142.88451
6 38 171.56256
6 39 115.01002
6 40 129.60142
6 41 154.40343
6 42 158.51921
6 43 136.40989
6 44 173.6361
6 45 122.68447
6 46 109.92549
6 47 140.32784
6 48 179.83769
6 49 117.31576
6 50 134.5973
6 51 173.51083
6 52 157.36391
6 53 176.21543
6 54 154.75141
6 55 121.01803
6 56 124.58694
6 57 168.06236
6 58 198.33542
6 59 155.13468
6 60 160.02958
6 61 150.52525
6 62 173.82484
6 63 181.14582
6 64 122.56716
6 65 142.01428
6 66 162.20307
6 67 130.33223
6 68 150.29365
6 69 157.33253
6 70 164.23928
6 71 146.19697
6 72 172.87076
6 73 168.02758
6 74 127.76501
6 75 163.39328
6 76 186.5703
6 77 113.42309
6 78 141.7102
6 79 143.92293
6 80 197.04355
6 81 189.59789
6 82 137.07843
6 83 112.23365
6 84 162.13275
6 85 157.92206
6 86 188.67121
6 87 188.28767
6 88 163.53642
6 89 186.01452
6 90 129.32821
6 91 154.52873
6 92 131.30197
6 93 190.33226
6 94 178.54427
6 95 174.78385
6 96 156.65815
6 97 160.46013
6 98 140.60263
6 99 161.10141
7 8 158.21729
7 9 122.15386
7 10 127.18904
7 11 117.94535
7 12 118.25364
7 13 143.74267
7 14 127.87891
7 15 172.03432
7 16 104.32847
7 17 120.82741
7 18 121.85842
7 19 154.12703
7 20 106.40104
7 21 147.61932
7 22 156.9458
7 23 176.58046
7 24 124.42045
7 25 121.96036
7 26 122.56327
7 27 141.88152
7 28 156.07439
7 29 156.13798
7 30 130.98464
7 31 137.65163
7 32 129.98365
7 33 130.70924
7 34 151.22533
7 35 130.06277
7 36 141.10802
7 37 152.01774
7 38 119.16403
7 39 140.70001
7 40 128.84316
7 41 139.01253
7 42 121.94352
7 43 127.91003
7 44 152.9323
7 45 146.6462
7 46 163.53891
7 47 157.16882
7 48 161.71916
7 49 161.9823
7 50 134.48994
7 51 130.03351
7 52 122.79386
7 53 125.64943
7 54 122.53777
7 55 142.4311
7 56 143.19066
7 57 114.21695
7 58 144.60751
7 59 168.76182
7 60 132.79505
7 61 145.18924
7 62 120.06245
7 63 132.3644
7 64 136.36153
7 65 119.42052
7 66 130.87515
7 67 152.31951
7 68 109.5162
7 69 147.56899
7 70 116.94352
7 71 141.80492
7 72 126.52853
7 73 142.24059
7 74 164.2487
7 75 140.1025
7 76 151.05802
7 77 150.7995
7 78 132.54429
7 79 145.32806
7 80 143.18434
7 81 138.88333
7 82 131.91283
7 83 158.73115
7 84 112.033
7 85 157.52176
7 86 134.80825
7 87 134.36688
7 88 144.60382
7 89 154.11652
7 90 136.01098
7 91 136.36617
7 92 136.30424
7 93 136.65178
7 94 127.55414
7 95 124.26213
7 96 152.68376
7 97 134.62167
7 98 162.22154
7 99 112.97066
8 9 179.36312
8 10 185.3188
8 11 152.41937
8 12 169.61234
8 13 126.20235
8 14 171.27102
8 15 157.11392
8 16 161.13885
8 17 151.78793
8 18 178.61391
8 19 109.55346
8 20 154.01012
8 21 199.22296
8 22 111.93049
8 23 148.01912
8 24 133.79685
8 25 167.41593
8 26 170.3464
8 27 191.86534
8 28 109.35291
8 29 131.4996
8 30 174.78206
8 31 162.0542
8 32 138.96983
8 33 175.04522
8 34 183.45925
8 35 172.09966
8 36 193.13628
8 37 118.24774
8 38 160.5291
8 39 149.62198
8 40 141.8522
8 41 190.19228
8 42 178.82853
8 43 135.79248
8 44 121.33337
8 45 138.22481
8 46 163.99596
8 47 123.2358
8 48 122.52173
8 49 151.31202
8 50 174.69076
8 51 188.17128
8 52 179.13394
8 53 158.76067
8 54 136.82268
8 55 170.13226
8 56 136.8146
8 57 166.69281
8 58 190.01441
8 59 208.61147
8 60 188.05996
8 61 192.40301
8 62 166.54042
8 63 188.68439
8 64 142.86123
8 65 140.89609
8 66 132.72334
8 67 184.00816
8 68 164.56788
8 69 197.50654
8 70 150.44536
8 71 187.69988
8 72 184.34183
8 73 125.77464
8 74 142.62686
8 75 194.87903
8 76 142.69543
8 77 170.2929
8 78 128.08881
8 79 117.97414
8 80 187.52252
8 81 192.78574
8 82 131.62499
8 83 172.9061
8 84 169.94705
8 85 204.10815
8 86 177.35678
8 87 179.32527
8 88 198.24019
8 89 138.49152
8 90 171.69058
8 91 122.31701
8 92 173.59442
8 93 183.97681
8 94 182.69848
8 95 180.32051
8 96 105.71069
8 97 127.22707
8 98 126.89279
8 99 151.33561
9 10 108.07625
9 11 130.18644
9 12 125.72808
9 13 161.37057
9 14 123.02202
9 15 181.963
9 16 118.47664
9 17 132.38046
9 18 101.67778
9 19 175.96298
9 20 128.04244
9 21 127.98654
9 22 176.61089
9 23 189.97052
9 24 145.83967
9 25 120.15811
9 26 130.72242
9 27 139.30083
9 28 177.92458
9 29 177.96892
9 30 138.15167
9 31 153.06408
9 32 145.78968
9 33 137.56415
9 34 144.67548
9 35 124.98151
9 36 121.90382
9 37 170.74989
9 38 134.44108
9 39 150.43048
9 40 143.61915
9 41 120.95596
9 42 101.22769
9 43 145.85229
9 44 175.08325
9 45 160.49872
9 46 169.58588
9 47 174.79665
9 48 183.87034
9 49 172.3671
9 50 128.4408
9 51 113.84093
9 52 102.8875
9 53 141.80985
9 54 144.63216
9 55 141.6543
9 56 157.6818
9 57 123.9744
9 58 145.76245
9 59 154.4546
9 60 111.66244
9 61 129.36624
9 62 131.0467
9 63 122.851
9 64 149.26544
9 65 138.75642
9 66 152.99549
9 67 145.81815
9 68 114.85392
9 69 129.18534
9 70 137.35609
9 71 127.90591
9 72 114.22585
9 73 164.37203
9 74 177.53218
9 75 118.77382
9 76 171.74252
9 77 151.64861
9 78 152.20508
9 79 164.83354
9 80 145.62393
9 81 131.99241
9 82 150.288
9 83 160.01145
9 84 114.0075
9 85 140.31868
9 86 141.38917
9 87 139.18476
9 88 123.77422
9 89 175.36191
9 90 132.7741
9 91 158.06764
9 92 131.69191
9 93 138.47926
9 94 122.83302
9 95 119.43053
9 96 173.71268
9 97 156.75766
9 98 179.25678
9 99 133.85736
10 11 137.75057
10 12 125.13983
10 13 168.56236
10 14 130.8364
10 15 190.02922
10 16 124.23503
10 17 140.08026
10 18 109.68187
10 19 181.28692
10 20 132.29907
10 21 129.92235
10 22 183.28904
10 23 197.87804
10 24 151.54757
10 25 128.22581
10 26 129.48385
10 27 133.52863
10 28 183.22788
10 29 181.40259
10 30 135.70694
10 31 152.87007
10 32 153.19137
10 33 135.06063
10 34 151.51546
10 35 132.69479
10 36 124.79433
10 37 177.7103
10 38 135.36458
10 39 158.45087
10 40 151.14624
10 41 124.85664
10 42 109.24344
10 43 152.84513
10 44 179.43211
10 45 168.27522
10 46 177.62317
10 47 182.05014
10 48 188.19035
10 49 180.4131
10 50 135.88526
10 51 106.04165
10 52 110.45461
10 53 142.49753
10 54 149.57923
10 55 149.41752
10 56 165.37023
10 57 124.64582
10 58 140.78676
10 59 158.60944
10 60 114.06169
10 61 133.83283
10 62 130.79041
10 63 116.25095
10 64 157.0664
10 65 145.28813
10 66 157.2783
10 67 152.641
10 68 121.68238
10 69 132.08934
10 70 140.31824
10 71 133.34338
10 72 108.26284
10 73 168.61841
10 74 185.42309
10 75 119.42197
10 76 174.01272
10 77 159.44776
10 78 158.77729
10 79 171.52797
10 80 141.05903
10 81 125.40295
10 82 157.22255
10 83 167.78288
10 84 116.3731
10 85 143.4144
10 86 138.47815
10 87 135.82631
10 88 124.67839
10 89 178.09543
10 90 140.4515
10 91 163.55519
10 92 139.22843
10 93 134.1583
10 94 118.08435
10 95 115.49234
10 96 179.73789
10 97 161.48608
10 98 186.64913
10 99 137.28701
11 12 136.17169
11 13 131.47482
11 14 119.41749
11 15 154.59799
11 16 116.83679
11 17 102.88938
11 18 128.9525
11 19 151.29227
11 20 120.92647
11 21 146.81062
11 22 147.65245
11 23 160.58422
11 24 122.66085
11 25 115.01084
11 26 140.48552
11 27 159.39363
11 28 153.23318
11 29 160.24882
11 30 148.83767
11 31 152.66876
11 32 115.686
11 33 148.58938
11 34 138.35301
11 35 120.72814
11 36 140.72702
11 37 141.21315
11 38 135.85952
11 39 122.906
11 40 113.43275
11 41 137.77298
11 42 129.29178
11 43 116.81169
11 44 154.08531
11 45 130.6843
11 46 145.59543
11 47 144.75684
11 48 162.42633
11 49 144.59631
11 50 124.28797
11 51 142.48172
11 52 128.99166
11 53 141.18219
11 54 125.45062
11 55 127.10397
11 56 127.65169
11 57 132.14574
11 58 162.51903
11 59 160.23444
11 60 136.53662
11 61 140.54987
11 62 137.8117
11 63 147.79855
11 64 119.63169
11 65 112.96489
11 66 134.89635
11 67 139.30659
11 68 116.53046
11 69 145.22409
11 70 129.83757
11 71 136.04791
11 72 140.39594
11 73 144.74938
11 74 148.11037
11 75 142.92632
11 76 159.10853
11 77 134.10628
11 78 124.33087
11 79 136.04696
11 80 161.12723
11 81 155.42115
11 82 121.23288
11 83 141.61058
11 84 127.4521
11 85 152.72026
11 86 152.65208
11 87 152.30527
11 88 145.94772
11 89 160.56367
11 90 123.30596
11 91 134.05349
11 92 124.51496
11 93 154.54236
11 94 144.06451
11 95 140.44159
11 96 146.72498
11 97 136.10742
11 98 149.09571
11 99 126.19797
12 13 159.87056
12 14 142.28704
12 15 190.16579
12 16 119.96587
12 17 139.05919
12 18 126.64916
12 19 163.54412
12 20 117.75796
12 21 153.60634
12 22 170.80428
12 23 194.00386
12 24 137.43664
12 25 136.88333
12 26 105.22458
12 27 124.17503
12 28 165.34414
12 29 159.03047
12 30 113.63092
12 31 127.7591
12 32 147.50712
12 33 113.20114
12 34 166.07991
12 35 144.57436
12 36 147.62564
12 37 167.0121
12 38 111.06525
12 39 158.95122
12 40 146.69227
12 41 146.61311
12 42 126.40981
12 43 144.5834
12 44 159.0389
12 45 164.31246
12 46 181.73528
12 47 172.89471
12 48 167.48226
12 49 180.10972
12 50 148.91038
12 51 123.97258
12 52 128.09412
12 53 117.62398
12 54 132.98748
12 55 159.0889
12 56 160.74631
12 57 104.04217
12 58 126.35425
12 59 179.65105
12 60 137.14096
12 61 154.68565
12 62 105.6611
12 63 119.90139
12 64 154.39753
12 65 135.84102
12 66 137.84418
12 67 167.2207
12 68 123.24749
12 69 154.91268
12 70 119.43468
12 71 152.53879
12 72 119.08956
12 73 148.39525
12 74 181.82452
12 75 143.7816
12 76 150.04873
12 77 168.07776
12 78 147.54581
12 79 159.80414
12 80 124.98375
12 81 123.22027
12 82 148.07024
12 83 176.21923
12 84 112.71479
12 85 166.00666
12 86 117.36705
12 87 116.35543
12 88 148.99498
12 89 154.66532
12 90 151.61657
12 91 147.36111
12 92 151.40867
12 93 118.40383
12 94 113.46807
12 95 112.19395
12 96 164.54997
12 97 142.99344
12 98 178.22503
12 99 118.32845
13 14 148.2021
13 15 137.7145
13 16 145.12111
13 17 129.84585
13 18 160.24423
13 19 130.149
13 20 142.14939
13 21 176.67946
13 22 117.47493
13 23 135.66683
13 24 123.92947
13 25 145.50926
13 26 162.4684
13 27 183.98252
13 28 131.57943
13 29 148.82047
13 30 169.2479
13 31 163.54765
13 32 115.86024
13 33 169.27507
13 34 157.58882
13 35 148.58172
13 36 171.05225
13 37 110.14515
13 38 154.08662
13 39 123.43676
13 40 118.46616
13 41 167.92922
13 42 160.55756
13 43 115.89611
13 44 139.05021
13 45 112.84597
13 46 139.81104
13 47 113.51619
13 48 144.6999
13 49 129.28951
13 50 150.48805
13 51 172.70913
13 52 160.38263
13 53 155.64005
13 54 129.9752
13 55 144.30546
13 56 110.73118
13 57 156.11227
13 58 184.62907
13 59 183.00176
13 60 167.92471
13 61 168.72515
13 62 158.84389
13 63 176.10645
13 64 117.06587
13 65 124.36435
13 66 133.34202
13 67 158.07917
13 68 146.88138
13 69 174.42615
13 70 144.07912
13 71 163.91433
13 72 169.8516
13 73 135.362
13 74 124.92834
13 75 174.06971
13 76 154.9784
13 77 144.09218
13 78 112.97086
13 79 108.67317
13 80 182.5748
13 81 182.31164
13 82 111.86993
13 83 146.99798
13 84 155.60685
13 85 179.81488
13 86 172.63957
13 87 173.58033
13 88 176.64794
13 89 153.20664
13 90 146.85728
13 91 122.33381
13 92 148.89876
13 93 177.28945
13 94 171.13179
13 95 167.96884
13 96 121.52612
13 97 129.58733
13 98 118.48518
13 99 142.81842
14 15 160.83671
14 16 124.00962
14 17 119.529
14 18 121.34488
14 19 170.63965
14 20 133.70047
14 21 128.47951
14 22 165.34386
14 23 170.77815
14 24 141.89735
14 25 105.93648
14 26 147.44971
14 27 161.14666
14 28 172.57018
14 29 179.14495
14 30 155.91245
14 31 165.49644
14 32 132.75101
14 33 155.46207
14 34 123.81747
14 35 102.28752
14 36 123.03907
14 37 158.32526
14 38 146.70654
14 39 130.92
14 40 129.93245
14 41 119.85601
14 42 121.79545
14 43 135.49118
14 44 173.40145
14 45 143.25631
14 46 147.19596
14 47 160.53062
14 48 181.8059
14 49 151.79042
14 50 106.69212
14 51 136.79524
14 52 120.39535
14 53 153.48033
14 54 143.91109
14 55 118.63414
14 56 141.33501
14 57 138.92194
14 58 166.57727
14 59 141.73844
14 60 122.77622
14 61 121.20004
14 62 146.11961
14 63 145.62744
14 64 132.52819
14 65 132.31381
14 66 153.43999
14 67 124.95237
14 68 119.39755
14 69 126.33159
14 70 144.26472
14 71 116.63498
14 72 137.02694
14 73 163.80711
14 74 158.70786
14 75 127.24982
14 76 176.75904
14 77 128.63074
14 78 143.32777
14 79 154.17192
14 80 165.93141
14 81 154.62032
14 82 139.67048
14 83 136.98961
14 84 129.94047
14 85 133.30288
14 86 159.60849
14 87 158.19085
14 88 128.88514
14 89 178.82499
14 90 109.87005
14 91 153.46892
14 92 109.20539
14 93 158.77323
14 94 144.46458
14 95 140.7408
14 96 165.62769
14 97 155.21
14 98 163.98981
14 99 140.24059
15 16 171.4275
15 17 151.76834
15 18 180.40438
15 19 164.49298
15 20 173.10803
15 21 185.23093
15 22 145.18457
15 23 115.99975
15 24 159.60528
15 25 161.95669
15 26 193.94866
15 27 213.87482
15 28 165.34714
15 29 185.41466
15 30 201.80933
15 31 199.75606
15 32 143.37936
15 33 201.6816
15 34 154.0814
15 35 159.72253
15 36 181.69766
15 37 139.87595
15 38 187.27605
15 39 131.8942
15 40 143.65718
15 41 178.58749
15 42 180.82895
15 43 147.70804
15 44 175.16588
15 45 127.23138
15 46 117.08058
15 47 133.89042
15 48 179.1117
15 49 110.05607
15 50 158.65537
15 51 195.50903
15 52 179.87476
15 53 190.45285
15 54 165.80293
15 55 145.33935
15 56 130.93576
15 57 186.1306
15 58 216.39265
15 59 177.44091
15 60 183.60186
15 61 174.85923
15 62 190.78171
15 63 202.08989
15 64 135.80366
15 65 155.74029
15 66 170.72542
15 67 153.80201
15 68 170.63792
15 69 181.66924
15 70 178.32696
15 71 170.53007
15 72 194.23308
15 73 172.91237
15 74 114.48766
15 75 187.40568
15 76 192.60055
15 77 137.25993
15 78 149.36382
15 79 144.77587
15 80 214.74426
15 81 209.97709
15 82 146.00942
15 83 132.61169
15 84 182.01834
15 85 181.89531
15 86 205.50465
15 87 205.72333
15 88 187.76857
15 89 190.49908
15 90 153.40566
15 91 160.04814
15 92 155.45037
15 93 208.53412
15 94 198.64449
15 95 194.99202
15 96 154.82323
15 97 167.26663
15 98 130.74754
15 99 176.01708
16 17 119.6928
16 18 118.00741
16 19 157.49732
16 20 110.72683
16 21 143.33904
16 22 159.1702
16 23 176.85997
16 24 127.44739
16 25 118.15456
16 26 124.73949
16 27 142.59498
16 28 159.45707
16 29 160.28669
16 30 133.29573
16 31 141.51347
16 32 130.54724
16 33 132.95059
16 34 147.59754
16 35 126.23762
16 36 136.82417
16 37 153.85369
16 38 122.71127
16 39 139.72048
16 40 129.03407
16 41 134.6978
16 42 118.13691
16 43 129.23043
16 44 156.80219
16 45 146.84501
16 46 162.02287
16 47 158.6291
16 48 165.58204
16 49 161.41475
16 50 130.67638
16 51 127.72703
16 52 118.83572
16 53 129.49644
16 54 126.21385
16 55 139.43479
16 56 143.53756
16 57 116.08623
16 58 146.09261
16 59 164.56166
16 60 128.72563
16 61 140.8769
16 62 122.72895
16 63 131.42025
16 64 136.1403
16 65 121.20969
16 66 134.85683
16 67 148.70754
16 68 105.1949
16 69 143.24802
16 70 121.25374
16 71 137.53913
16 72 124.73392
16 73 146.183
16 74 164.43478
16 75 136.01473
16 76 155.37822
16 77 148.18779
16 78 134.6515
16 79 147.44315
16 80 144.88455
16 81 138.67982
16 82 133.46295
16 83 156.28131
16 84 110.80026
16 85 153.19853
16 86 137.10942
16 87 136.31765
16 88 140.42676
16 89 158.39303
16 90 132.54528
16 91 139.62051
16 92 132.68077
16 93 138.0853
16 94 127.29838
16 95 123.74176
16 96 155.53413
16 97 138.37197
16 98 163.50626
16 99 117.29386
17 18 131.07774
17 19 151.18851
17 20 123.64337
17 21 147.53443
17 22 146.42454
17 23 158.00531
17 24 123.46642
17 25 115.8342
17 26 143.35721
17 27 162.26707
17 28 153.10739
17 29 161.17187
17 30 151.6933
17 31 155.14583
17 32 113.98764
17 33 151.45036
17 34 136.87037
17 35 120.55657
17 36 141.61011
17 37 139.75789
17 38 138.59024
17 39 120.0321
17 40 111.4698
17 41 138.57527
17 42 131.43544
17 43 115.99607
17 44 154.60561
17 45 128.21006
17 46 142.71959
17 47 142.94283
17 48 162.80141
17 49 141.78094
17 50 123.74614
17 51 144.95397
17 52 131.01902
17 53 143.7668
17 54 126.84214
17 55 125.1259
17 56 125.30521
17 57 135.03205
17 58 165.40756
17 59 159.46868
17 60 138.0935
17 61 140.72356
17 62 140.65566
17 63 150.51926
17 64 117.05342
17 65 113.74788
17 66 136.14708
17 67 137.78014
17 68 119.14364
17 69 145.71995
17 70 132.25697
17 71 136.10303
17 72 143.01076
17 73 145.59532
17 74 145.52822
17 75 144.25015
17 76 160.61965
17 77 131.66212
17 78 123.79965
17 79 134.97353
17 80 164.01117
17 81 158.22266
17 82 120.26978
17 83 139.01601
17 84 130.25536
17 85 152.70385
17 86 155.50509
17 87 155.18117
17 88 147.01454
17 89 161.83285
17 90 122.16007
17 91 134.33067
17 92 123.57162
17 93 157.43152
17 94 146.87823
17 95 143.23868
17 96 146.12766
17 97 136.95363
17 98 147.10932
17 99 128.71142
18 19 175.39251
18 20 127.90194
18 21 127.33439
18 22 175.64643
18 23 188.53291
18 24 145.21079
18 25 118.54587
18 26 131.71166
18 27 140.86565
18 28 177.35772
18 29 177.87019
18 30 139.29453
18 31 153.77514
18 32 144.59893
18 33 138.71825
18 34 143.0674
18 35 123.30418
18 36 121.11802
18 37 169.69724
18 38 135.01213
18 39 148.92507
18 40 142.37937
18 41 119.96441
18 42 100.4506
18 43 144.81468
18 44 174.76667
18 45 159.13518
18 46 167.94928
18 47 173.63955
18 48 183.55141
18 49 170.83456
18 50 126.77736
18 51 115.50147
18 52 101.4615
18 53 142.3893
18 54 144.21999
18 55 139.97681
18 56 156.36056
18 57 124.68722
18 58 147.23197
18 59 153.26263
18 60 111.27361
18 61 128.18885
18 62 131.86421
18 63 124.50341
18 64 147.89537
18 65 137.89191
18 66 152.73352
18 67 144.21156
18 68 114.04609
18 69 128.32314
18 70 137.47139
18 71 126.5496
18 72 115.87439
18 73 164.09627
18 74 176.10564
18 75 118.53156
18 76 171.91575
18 77 149.97227
18 78 151.29933
18 79 163.87325
18 80 147.04346
18 81 133.63309
18 82 149.26417
18 83 158.33443
18 84 114.58201
18 85 139.35972
18 86 142.59123
18 87 140.45822
18 88 123.38708
18 89 175.42724
18 90 131.09705
18 91 157.47586
18 92 130.02097
18 93 139.88278
18 94 124.34281
18 95 120.88313
18 96 172.94829
18 97 156.37293
18 98 178.04651
18 99 133.88231
19 20 149.21592
19 21 197.79231
19 22 120.09636
19 23 156.63599
19 24 130.23449
19 25 166.19933
19 26 163.72157
19 27 184.84997
19 28 101.97129
19 29 122.157
19 30 167.44613
19 31 153.46891
19 32 139.83958
19 33 167.76251
19 34 185.25261
19 35 171.74502
19 36 191.50521
19 37 124.65096
19 38 153.79534
19 39 152.71758
19 40 142.62897
19 41 188.71025
19 42 175.55956
19 43 135.62084
19 44 111.84204
19 45 142.92178
19 46 169.63061
19 47 130.84647
19 48 114.75639
19 49 157.79331
19 50 174.78271
19 51 183.58854
19 52 176.06816
19 53 151.22814
19 54 131.77419
19 55 172.00243
19 56 140.80922
19 57 160.96608
19 58 182.40908
19 59 209.78072
19 60 185.4641
19 61 191.8245
19 62 159.96648
19 63 183.08906
19 64 145.32442
19 65 138.7919
19 66 125.78258
19 67 185.91007
19 68 161.45882
19 69 196.44513
19 70 144.12222
19 71 187.26359
19 72 179.47637
19 73 117.06533
19 74 150.11388
19 75 192.51741
19 76 133.14892
19 77 173.45471
19 78 127.69545
19 79 121.48891
19 80 179.84801
19 81 186.47566
19 82 132.07419
19 83 177.00656
19 84 165.3747
19 85 203.88981
19 86 169.77845
19 87 171.95895
19 88 196.25714
19 89 128.96898
19 90 172.37027
19 91 117.92962
19 92 174.11574
19 93 176.76854
19 94 176.88795
19 95 174.8086
19 96 109.67747
19 97 120.55336
19 98 135.21383
19 99 145.60965
20 21 153.9939
20 22 153.85978
20 23 176.3231
20 24 120.54989
20 25 127.76515
20 26 120.91783
20 27 141.92788
20 28 151.1336
20 29 149.96898
20 30 128.72377
20 31 132.32754
20 32 129.99687
20 33 128.57922
20 34 156.62682
20 35 135.81763
20 36 147.48645
20 37 149.59241
20 38 114.94774
20 39 142.64618
20 40 129.45228
20 41 145.41116
20 42 127.94804
20 43 126.83905
20 44 147.21023
20 45 146.7958
20 46 165.97554
20 47 155.27517
20 48 155.98846
20 49 163.07341
20 50 140.20403
20 51 134.37571
20 52 128.92265
20 53 120.50592
20 54 117.44628
20 55 147.05542
20 56 143.17931
20 57 113.96361
20 58 143.4087
20 59 174.93128
20 60 138.98858
20 61 151.54459
20 62 117.67404
20 63 134.97409
20 64 137.32859
20 65 118.10212
20 66 125.05558
20 67 157.69602
20 68 115.9024
20 69 153.96972
20 70 110.65512
20 71 148.08737
20 72 130.36242
20 73 136.4321
20 74 164.21598
20 75 146.30128
20 76 144.65827
20 77 154.84664
20 78 130.02531
20 79 142.54207
20 80 141.66451
20 81 140.32924
20 82 130.32502
20 83 162.50284
20 84 116.16463
20 85 163.89794
20 86 132.45793
20 87 132.62518
20 88 150.88561
20 89 147.76389
20 90 141.28537
20 91 131.80011
20 92 141.77239
20 93 135.69687
20 94 129.40288
20 95 126.60918
20 96 148.62929
20 97 129.19409
20 98 160.55205
20 99 106.63574
21 22 193.76603
21 23 197.1077
21 24 167.9664
21 25 131.80703
21 26 158.46738
21 27 162.54158
21 28 199.75334
21 29 203.43765
21 30 165.38206
21 31 181.0505
21 32 161.14556
21 33 164.75446
21 34 133.87502
21 35 128.27901
21 36 106.5176
21 37 186.79721
21 38 162.34651
21 39 158.23235
21 40 158.35766
21 41 109.08222
21 42 127.48395
21 43 163.49004
21 44 199.10601
21 45 171.22174
21 46 169.44328
21 47 188.93668
21 48 207.77766
21 49 177.26053
21 50 127.47226
21 51 134.42794
21 52 125.98928
21 53 169.72369
21 54 168.53085
21 55 139.89404
21 56 169.57249
21 57 151.95845
21 58 170.32056
21 59 130.18754
21 60 116.47325
21 61 110.67626
21 62 159.00805
21 63 145.1149
21 64 160.82497
21 65 159.00044
21 66 177.72331
21 67 134.68538
21 68 138.30541
21 69 104.10717
21 70 164.18742
21 71 114.70194
21 72 138.09547
21 73 188.829
21 74 185.56208
21 75 110.69717
21 76 198.60224
21 77 148.59984
21 78 171.13823
21 79 182.47192
21 80 170.79706
21 81 153.67154
21 82 167.80359
21 83 155.54338
21 84 141.91122
21 85 114.01549
21 86 168.31092
21 87 165.73052
21 88 105.88832
21 89 201.7314
21 90 132.40446
21 91 180.10716
21 92 130.23333
21 93 164.01342
21 94 147.96877
21 95 145.37993
21 96 193.53291
21 97 180.55616
21 98 192.22404
21 99 160.38755
22 23 136.53975
22 24 133.41256
22 25 162.25222
22 26 172.38891
22 27 194.19572
22 28 120.57987
22 29 142.12812
22 30 177.92217
22 31 167.84285
22 32 132.62158
22 33 178.088
22 34 174.82115
22 35 165.84515
22 36 187.98525
22 37 107.61669
22 38 162.99358
22 39 140.36837
22 40 135.4143
22 41 184.90793
22 42 175.91779
22 43 130.9622
22 44 131.70132
22 45 127.8645
22 46 152.6003
22 47 111.32242
22 48 134.22294
22 49 139.59
22 50 167.89736
22 51 186.84527
22 52 175.95761
22 53 162.597
22 54 138.06442
22 55 161.60209
22 56 127.17415
22 57 167.44595
22 58 193.41656
22 59 200.33888
22 60 184.13911
22 61 186.07176
22 62 168.59068
22 63 188.80351
22 64 134.49628
22 65 138.00208
22 66 136.91067
22 67 175.26291
22 68 161.80059
22 69 191.65018
22 70 152.63503
22 71 181.27396
22 72 183.47416
22 73 133.22121
22 74 130.69714
22 75 190.57411
22 76 151.98993
22 77 160.58805
22 78 124.52106
22 79 111.77775
22 80 191.08398
22 81 193.94415
22 82 126.49257
22 83 162.42946
22 84 168.97063
22 85 197.2648
22 86 180.88483
22 87 182.4423
22 88 193.43889
22 89 148.48536
22 90 164.32912
22 91 124.7932
22 92 166.364
22 93 186.7463
22 94 183.23634
22 95 180.45578
22 96 110.77413
22 97 131.62997
22 98 115.14874
22 99 152.61128
23 24 159.53383
23 25 170.73482
23 26 197.13661
23 27 218.15248
23 28 157.06665
23 29 178.59692
23 30 204.35976
23 31 199.14359
23 32 146.60966
23 33 204.33564
23 34 167.89921
23 35 170.06182
23 36 192.92231
23 37 133.55568
23 38 189.3018
23 39 139.97134
23 40 147.84171
23 41 189.73259
23 42 188.92731
23 43 149.54232
23 44 168.16001
23 45 130.01498
23 46 132.27015
23 47 126.44492
23 48 170.54077
23 49 120.18297
23 50 169.80304
23 51 202.92984
23 52 188.23153
23 53 191.24811
23 54 165.62874
23 55 157.62007
23 56 133.39164
23 57 190.06937
23 58 219.5497
23 59 192.20189
23 60 193.34815
23 61 187.12338
23 62 193.65891
23 63 208.23959
23 64 140.96023
23 65 158.2384
23 66 168.50243
23 67 167.76847
23 68 177.11214
23 69 193.81284
23 70 179.52399
23 71 182.54937
23 72 200.98008
23 73 168.16131
23 74 112.47711
23 75 197.96822
23 76 187.66123
23 77 150.87787
23 78 148.59933
23 79 140.21376
23 80 217.6252
23 81 215.40713
23 82 146.5688
23 83 147.50099
23 84 187.65992
23 85 195.27431
23 86 207.86442
23 87 208.57588
23 88 198.98954
23 89 184.65194
23 90 164.72735
23 91 156.67238
23 92 166.88453
23 93 211.97634
23 94 204.03056
23 95 200.56647
23 96 147.17763
23 97 164.14484
23 98 121.47528
23 99 177.93366
24 25 136.8799
24 26 139.33129
24 27 161.10943
24 28 132.20472
24 29 137.706
24 30 145.59769
24 31 140.18186
24 32 118.24213
24 33 145.6706
24 34 160.14571
24 35 143.34255
24 36 161.58814
24 37 129.73952
24 38 130.42341
24 39 134.17078
24 40 119.78604
24 41 158.90009
24 42 145.3913
24 43 112.79397
24 44 131.5118
24 45 132.39354
24 46 156.86599
24 47 136.02011
24 48 139.99797
24 49 150.07213
24 50 146.94498
24 51 154.40102
24 52 145.85422
24 53 131.71887
24 54 106.21015
24 55 147.76099
24 56 128.7208
24 57 134.03427
24 58 161.07653
24 59 182.8554
24 60 155.23667
24 61 162.76996
24 62 135.58743
24 63 155.51988
24 64 126.67609
24 65 109.73887
24 66 113.33516
24 67 161.00644
24 68 131.23586
24 69 166.8945
24 70 120.23355
24 71 158.42842
24 72 150.66947
24 73 122.13409
24 74 148.284
24 75 162.3172
24 76 138.13608
24 77 152.3751
24 78 110.95879
24 79 122.41568
24 80 158.92564
24 81 160.53669
24 82 113.59587
24 83 158.34495
24 84 136.20986
24 85 175.09915
24 86 148.88423
24 87 150.01243
24 88 166.15776
24 89 138.70221
24 90 145.62626
24 91 112.30833
24 92 147.01163
24 93 153.9821
24 94 149.84855
24 95 147.14969
24 96 128.27703
24 97 113.48896
24 98 141.52533
24 99 119.44863
25 26 141.99184
25 27 156.71622
25 28 168.14944
25 29 173.77187
25 30 150.50991
25 31 159.59691
25 32 129.71539
25 33 150.08401
25 34 129.48065
25 35 108.10339
25 36 125.79056
25 37 155.51194
25 38 140.86579
25 39 130.81725
25 40 127.04315
25 41 122.78962
25 42 118.98255
25 43 131.70542
25 44 168.36919
25 45 142.08653
25 46 149.46229
25 47 158.34034
25 48 176.87631
25 49 152.50434
25 50 112.53626
25 51 133.94309
25 52 117.93189
25 53 147.5839
25 54 138.48079
25 55 122.68224
25 56 139.74248
25 57 133.38782
25 58 161.7322
25 59 147.51129
25 60 122.92409
25 61 125.89318
25 62 140.49123
25 63 141.93404
25 64 130.9643
25 65 127.51019
25 66 147.98629
25 67 130.60003
25 68 113.73453
25 69 130.24939
25 70 138.33818
25 71 121.64167
25 72 133.4818
25 73 158.55858
25 74 158.42481
25 75 128.61531
25 76 171.0244
25 77 132.33367
25 78 139.33197
25 79 150.801
25 80 160.94888
25 81 150.70566
25 82 136.0556
25 83 140.70639
25 84 124.83405
25 85 138.26237
25 86 154.24703
25 87 152.97762
25 88 131.1905
25 89 173.21948
25 90 114.73616
25 91 148.73482
25 92 114.60816
25 93 153.83973
25 94 140.12624
25 95 136.3562
25 96 161.72638
25 97 150.01833
25 98 162.18653
25 99 134.31226
26 27 121.81106
26 28 165.45068
26 29 157.38274
26 30 108.56703
26 31 123.55809
26 32 150.91452
26 33 108.21147
26 34 171.25517
26 35 149.73721
26 36 152.57773
26 37 169.06921
26 38 109.93588
26 39 163.0651
26 40 150.32075
26 41 151.65865
26 42 131.45511
26 43 147.59533
26 44 158.29855
26 45 167.70996
26 46 186.07629
26 47 175.21463
26 48 166.51345
26 49 183.90116
26 50 154.08725
26 51 127.57367
26 52 133.16468
26 53 114.81039
26 54 134.32718
26 55 164.0622
26 56 164.08471
26 57 108.67714
26 58 122.49095
26 59 184.81407
26 60 141.99496
26 61 159.81864
26 62 103.81608
26 63 121.67005
26 64 158.14561
26 65 138.90925
26 66 137.94792
26 67 172.39426
26 68 128.30344
26 69 159.89318
26 70 119.93555
26 71 157.73168
26 72 122.70171
26 73 147.89963
26 74 185.09552
26 75 148.47566
26 76 147.524
26 77 172.92674
26 78 149.84614
26 79 161.73311
26 80 120.80185
26 81 122.88422
26 82 150.81222
26 83 181.01087
26 84 117.93656
26 85 171.03861
26 86 112.37149
26 87 111.84073
26 88 153.71769
26 89 152.46102
26 90 156.71361
26 91 148.33582
26 92 156.54795
26 93 114.84944
26 94 115.18712
26 95 115.15651
26 96 165.50068
26 97 143.30584
26 98 180.63891
26 99 119.88289
27 28 186.50357
27 29 175.96984
27 30 117.7207
27 31 136.98928
27 32 171.60054
27 33 117.29452
27 34 183.88629
27 35 163.32748
27 36 158.06114
27 37 190.83436
27 38 131.37462
27 39 182.29867
27 40 170.66439
27 41 158.35759
27 42 140.45138
27 43 168.75843
27 44 178.41889
27 45 188.38324
27 46 204.46675
27 47 196.89118
27 48 186.18147
27 49 203.83082
27 50 167.22779
27 51 128.22522
27 52 142.18833
27 53 133.89939
27 54 156.13157
27 55 179.38373
27 56 184.84821
27 57 128.08318
27 58 108.64897
27 59 191.99792
27 60 147.51642
27 61 167.35574
27 62 125.60504
27 63 117.4671
27 64 178.24288
27 65 160.01604
27 66 159.23055
27 67 185.03398
27 68 144.37908
27 69 165.19628
27 70 141.64801
27 71 166.75751
27 72 125.42896
27 73 168.48082
27 74 205.9348
27 75 151.84851
27 76 164.38433
27 77 189.01188
27 78 171.51228
27 79 183.52195
27 80 110.39931
27 81 109.26044
27 82 172.21469
27 83 197.35856
27 84 132.50665
27 85 176.42463
27 86 116.53143
27 87 113.51717
27 88 156.84822
27 89 169.94785
27 90 170.99581
27 91 170.03094
27 92 170.26263
27 93 108.38667
27 94 116.68894
27 95 120.40813
27 96 187.14472
27 97 164.68192
27 98 202.27229
27 99 141.67188
28 29 122.15342
28 30 169.05324
28 31 154.75535
28 32 141.64975
28 33 169.37957
28 34 187.03233
28 35 173.66372
28 36 193.46954
28 37 125.6137
28 38 155.51871
28 39 154.33138
28 40 144.45194
28 41 190.67142
28 42 177.5239
28 43 137.49623
28 44 112.10553
28 45 144.29128
28 46 170.88387
28 47 131.56481
28 48 113.76468
28 49 158.85976
28 50 176.67979
28 51 185.50205
28 52 178.0357
28 53 152.81369
28 54 133.69729
28 55 173.76725
28 56 142.27819
28 57 162.8037
28 58 183.94959
28 59 211.61998
28 60 187.43513
28 61 193.75863
28 62 161.70616
28 63 184.92671
28 64 146.99662
28 65 140.75344
28 66 127.53931
28 67 187.68037
28 68 163.42737
28 69 198.39669
28 70 145.91382
28 71 189.1908
28 72 181.37372
28 73 118.44151
28 74 150.91979
28 75 194.48868
28 76 133.68811
28 77 175.08482
28 78 129.56325
28 79 122.90629
28 80 181.37463
28 81 188.23291
28 82 133.89699
28 83 178.51741
28 84 167.29528
28 85 205.81086
28 86 171.33381
28 87 173.55643
28 88 198.22652
28 89 129.25592
28 90 174.23
28 91 119.899
28 92 175.98682
28 93 178.39275
28 94 178.7073
28 95 176.65771
28 96 110.59777
28 97 122.37295
28 98 135.72827
28 99 147.46232
29 30 158.33235
29 31 140.06988
29 32 153.5426
29 33 158.8236
29 34 197.75564
29 35 180.74551
29 36 196.9269
29 37 145.73656
29 38 148.02503
29 39 168.69068
29 40 155.87527
29 41 194.5693
29 42 177.91139
29 43 148.24478
29 44 110.43692
29 45 161.49323
29 46 188.48361
29 47 152.43559
29 48 112.15249
29 49 177.87726
29 50 184.51052
29 51 182.12732
29 52 178.88455
29 53 142.79039
29 54 135.29503
29 55 185.11448
29 56 158.68415
29 57 157.7294
29 58 171.52835
29 59 220.4814
29 60 188.92683
29 61 199.50493
29 62 154.11753
29 63 178.78821
29 64 160.87186
29 65 147.43176
29 66 125.83241
29 67 198.5872
29 68 165.17982
29 69 202.94218
29 70 141.09207
29 71 195.40463
29 72 177.44919
29 73 115.61252
29 74 171.29576
29 75 196.23717
29 76 113.57297
29 77 188.65112
29 78 141.43173
29 79 140.81257
29 80 168.81338
29 81 179.84033
29 82 146.21655
29 83 193.5526
29 84 165.06688
29 85 211.95005
29 86 159.61077
29 87 162.4587
29 88 200.71344
29 89 107.90934
29 90 183.33193
29 91 128.50163
29 92 184.69885
29 93 167.58323
29 94 172.26528
29 95 171.19811
29 96 131.42046
29 97 124.22588
29 98 157.12354
29 99 144.21814
30 31 120.38145
30 32 158.55658
30 33 100.68056
30 34 179.69485
30 35 158.19945
30 36 159.74373
30 37 175.19823
30 38 115.17955
30 39 171.24064
30 40 158.15462
30 41 159.07599
30 42 138.99733
30 43 154.89758
30 44 160.72307
30 45 175.27246
30 46 194.38523
30 47 181.61475
30 48 168.46091
30 49 191.78366
30 50 162.5259
30 51 132.6652
30 52 140.75603
30 53 116.26748
30 54 140.08879
30 55 172.62821
30 56 171.6045
30 57 117.24417
30 58 115.51771
30 59 192.55495
30 60 148.99847
30 61 167.48283
30 62 111.0856
30 63 124.43659
30 64 166.04862
30 65 146.34301
30 66 142.05886
30 67 180.83698
30 68 136.84688
30 69 167.10151
30 70 125.44086
30 71 165.64663
30 72 128.0559
30 73 150.89237
30 74 192.48673
30 75 155.07844
30 76 147.08374
30 77 181.48307
30 78 156.40634
30 79 167.76439
30 80 113.3331
30 81 122.22893
30 82 157.82456
30 83 189.55197
30 84 126.16437
30 85 178.35647
30 86 103.82531
30 87 104.54661
30 88 160.34349
30 89 152.51189
30 90 165.24041
30 91 153.35677
30 92 165.03939
30 93 109.3961
30 94 118.78197
30 95 120.32948
30 96 170.27281
30 97 147.55685
30 98 187.12219
30 99 126.45414
31 32 157.16168
31 33 121.01168
31 34 188.83849
31 35 167.69984
31 36 174.89315
31 37 166.99496
31 38 119.09633
31 39 172.23047
31 40 157.77277
31 41 173.58239
31 42 153.59659
31 43 152.25755
31 44 144.57956
31 45 172.52574
31 46 195.67859
31 47 174.01922
31 48 151.272
31 49 190.12042
31 50 172.1325
31 51 151.12195
31 52 155.16856
31 53 112.01754
31 54 133.97262
31 55 179.33081
31 56 168.82879
31 57 129.09529
31 58 131.62725
31 59 205.60778
31 60 164.65903
31 61 181.10562
31 62 122.16132
31 63 144.28549
31 64 165.54659
31 65 145.14641
31 66 131.13038
31 67 189.92277
31 68 146.40061
31 69 182.06183
31 70 122.91568
31 71 178.36355
31 72 146.25734
31 73 136.41901
31 74 188.31369
31 75 171.45865
31 76 127.63275
31 77 186.77264
31 78 150.80738
31 79 159.63423
31 80 128.90038
31 81 142.58021
31 82 153.76461
31 83 194.12671
31 84 139.21588
31 85 192.91474
31 86 120.49135
31 87 123.70441
31 88 176.63856
31 89 133.38748
31 90 173.54821
31 91 143.38891
31 92 173.93148
31 93 128.76167
31 94 138.12377
31 95 138.65077
31 96 158.53956
31 97 136.23046
31 98 179.60829
31 99 126.47477
32 33 158.45929
32 34 145.45294
32 35 133.35459
32 36 155.38189
32 37 125.79759
32 38 143.90232
32 39 115.94704
32 40 102.88305
32 41 152.29299
32 42 144.92836
32 43 105.53542
32 44 145.4324
32 45 116.81117
32 46 138.7813
32 47 129.07085
32 48 152.87766
32 49 133.43656
32 50 135.74405
32 51 157.63874
32 52 144.6704
32 53 147.24134
32 54 123.95374
32 55 132.27881
32 56 113.24794
32 57 143.53457
32 58 173.40509
32 59 170.00586
32 60 152.06609
32 61 153.6579
32 62 147.60362
32 63 161.94959
32 64 108.49139
32 65 112.36865
32 66 131.34685
32 67 146.14143
32 68 131.60935
32 69 159.07897
32 70 135.07753
32 71 148.89988
32 72 155.13157
32 73 138.16576
32 74 134.335
32 75 158.22847
32 76 155.93124
32 77 135.11373
32 78 112.43228
32 79 121.4662
32 80 171.63332
32 81 168.85101
32 82 107.78298
32 83 140.44389
32 84 141.30732
32 85 165.18384
32 86 162.21142
32 87 162.58008
32 88 160.89635
32 89 155.83899
32 90 132.77413
32 91 125.11126
32 92 134.64179
32 93 165.67542
32 94 157.49355
32 95 154.09422
32 96 133.46678
32 97 130.06774
32 98 133.47369
32 99 132.64176
33 34 179.23397
33 35 157.74855
33 36 159.13088
33 37 175.30224
33 38 115.24796
33 39 171.04315
33 40 158.0245
33 41 158.47974
33 42 138.41792
33 43 154.85016
33 44 161.12732
33 45 175.19248
33 46 194.15457
33 47 181.69064
33 48 168.89929
33 49 191.65077
33 50 162.06649
33 51 131.9938
33 52 140.17964
33 53 116.63163
33 54 140.2075
33 55 172.24701
33 56 171.53043
33 57 116.87805
33 58 115.40916
33 59 191.98063
33 60 148.37938
33 61 166.90459
33 62 110.91136
33 63 123.75845
33 64 165.90779
33 65 146.27208
33 66 142.32514
33 67 180.377
33 68 136.43959
33 69 166.48977
33 70 125.5525
33 71 165.09391
33 72 127.39169
33 73 151.25129
33 74 192.43636
33 75 154.43897
33 76 147.63798
33 77 181.13723
33 78 156.45414
33 79 167.87605
33 80 113.30398
33 81 121.62392
33 82 157.81771
33 83 189.22175
33 84 125.6727
33 85 177.75005
33 86 104.17133
33 87 104.35837
33 88 159.70384
33 89 153.04635
33 90 164.81766
33 91 153.5579
33 92 164.59895
33 93 109.02187
33 94 118.10309
33 95 119.67006
33 96 170.50556
33 97 147.81817
33 98 187.18986
33 99 126.46363
34 35 121.5323
34 36 132.62385
34 37 167.22068
34 38 170.29107
34 39 134.53379
34 40 142.7316
34 41 130.22
34 42 143.49316
34 43 150.12861
34 44 190.49824
34 45 147.81539
34 46 137.29884
34 47 166.87926
34 48 198.23294
34 49 147.75068
34 50 117.16956
34 51 157.52053
34 52 141.80072
34 53 176.86108
34 54 163.69694
34 55 113.32812
34 56 147.73686
34 57 162.73939
34 58 189.84854
34 59 125.66722
34 60 139.41536
34 61 123.26562
34 62 169.92601
34 63 167.4455
34 64 140.61841
34 65 150.5359
34 66 173.01322
34 67 101.15153
34 68 143.17624
34 69 129.85391
34 70 166.88613
34 71 120.34264
34 72 158.86121
34 73 182.14312
34 74 157.83132
34 75 139.79923
34 76 197.44119
34 77 117.02175
34 78 157.81733
34 79 165.48549
34 80 189.36431
34 81 176.62511
34 82 153.23592
34 83 122.28737
34 84 153.62382
34 85 127.90194
34 86 183.36892
34 87 181.85714
34 88 138.06111
34 89 198.69306
34 90 115.3771
34 91 170.00418
34 92 114.92526
34 93 182.17711
34 94 167.25508
34 95 163.64422
34 96 178.26372
34 97 173.55529
34 98 168.57174
34 99 162.93394
35 36 123.18051
35 37 158.72407
35 38 148.9438
35 39 130.39077
35 40 130.50052
35 41 119.96931
35 42 123.75385
35 43 136.39065
35 44 174.80852
35 45 143.04925
35 46 145.72463
35 47 160.66688
35 48 183.15073
35 49 150.84354
35 50 104.43882
35 51 138.68709
35 52 122.29357
35 53 155.68622
35 54 145.57982
35 55 116.72449
35 56 141.30307
35 57 141.2076
35 58 168.81771
35 59 139.91919
35 60 123.93547
35 61 120.31614
35 62 148.40004
35 63 147.68396
35 64 132.54612
35 65 133.68685
35 66 155.11033
35 67 122.66641
35 68 121.66824
35 69 125.84778
35 70 146.3474
35 71 115.6024
35 72 139.06853
35 73 165.34424
35 74 158.10649
35 75 127.91679
35 76 178.61307
35 77 126.76398
35 78 144.28346
35 79 154.81894
35 80 168.18828
35 81 156.7113
35 82 140.47467
35 83 135.08837
35 84 132.21756
35 85 132.14935
35 86 161.89436
35 87 160.46933
35 88 129.15119
35 89 180.57937
35 90 107.79459
35 91 154.74514
35 92 106.95792
35 93 161.02597
35 94 146.64056
35 95 142.92749
35 96 166.48604
35 97 156.72434
35 98 163.96212
35 99 142.32924
36 37 181.13055
36 38 156.08509
36 39 153.52289
36 40 152.63798
36 41 103.21256
36 42 121.30251
36 43 157.48756
36 44 192.6549
36 45 166.21312
36 46 166.44205
36 47 183.54614
36 48 201.33994
36 49 173.33227
36 50 123.15425
36 51 129.84031
36 52 119.73106
36 53 163.46065
36 54 162.05396
36 55 136.53229
36 56 164.36775
36 57 145.80357
36 58 165.54905
36 59 133.94249
36 60 110.81094
36 61 110.23083
36 62 152.94216
36 63 140.59945
36 64 155.56576
36 65 152.72311
36 66 171.22408
36 67 133.57452
36 68 131.7879
36 69 107.36214
36 70 157.7098
36 71 112.30036
36 72 133.05608
36 73 182.34784
36 74 181.13418
36 75 107.4022
36 76 192.10767
36 77 145.83669
36 78 165.0494
36 79 176.58362
36 80 165.85333
36 81 149.45631
36 82 161.84604
36 83 153.28835
36 84 135.68987
36 85 118.67219
36 86 162.79822
36 87 160.34231
36 88 106.08133
36 89 195.21712
36 90 128.33934
36 91 173.76735
36 92 126.25626
36 93 158.9301
36 94 142.85605
36 95 140.03402
36 96 187.43594
36 97 174.09983
36 98 187.02625
36 99 153.89537
37 38 160.06598
37 39 132.75334
37 40 128.49657
37 41 178.01911
37 42 169.99159
37 43 124.90016
37 44 135.38847
37 45 120.34442
37 46 145.75226
37 47 107.18821
37 48 139.35127
37 49 133.2853
37 50 160.62037
37 51 181.57611
37 52 169.91561
37 53 160.53193
37 54 135.12337
37 55 154.0182
37 56 119.55751
37 57 163.45063
37 58 190.70897
37 59 192.75841
37 60 177.74495
37 61 178.86854
37 62 165.32665
37 63 184.2503
37 64 127.00083
37 65 132.68179
37 66 135.88934
37 67 167.65586
37 68 156.06658
37 69 184.5665
37 70 149.7575
37 71 174.05651
37 72 178.45409
37 73 134.60615
37 74 125.58967
37 75 184.00729
37 76 154.13527
37 77 152.99711
37 78 119.58429
37 79 107.47443
37 80 188.49451
37 81 189.91545
37 82 120.48957
37 83 155.00307
37 84 164.02935
37 85 189.91804
37 86 178.36991
37 87 179.65585
37 88 186.68555
37 89 151.33317
37 90 156.92801
37 91 123.69008
37 92 158.98655
37 93 183.7072
37 94 178.95067
37 95 175.97839
37 96 115.02195
37 97 131.0897
37 98 112.67868
37 99 149.18752
38 39 157.40248
38 40 143.7485
38 41 154.64398
38 42 134.86899
38 43 139.96661
38 44 148.46742
38 45 160.47328
38 46 180.81779
38 47 166.44315
38 48 156.77126
38 49 177.30212
38 50 153.38249
38 51 134.84262
38 52 136.36686
38 53 107.37734
38 54 125.00482
38 55 161.53371
38 56 156.77848
38 57 110.73398
38 58 130.65619
38 59 186.51321
38 60 146.10178
38 61 162.03566
38 62 106.25969
38 63 130.77426
38 64 151.69595
38 65 131.56757
38 66 128.03188
38 67 171.39589
38 68 127.43342
38 69 163.17172
38 70 110.36161
38 71 159.26741
38 72 129.99798
38 73 137.99925
38 74 177.52782
38 75 153.10387
38 76 139.04575
38 77 169.63826
38 78 141.22887
38 79 152.64967
38 80 128.51229
38 81 132.79576
38 82 142.73644
38 83 177.3845
38 84 120.44472
38 85 173.9194
38 86 118.57022
38 87 119.59464
38 88 158.19232
38 89 143.60355
38 90 155.14711
38 91 138.66493
38 92 155.36728
38 93 123.75272
38 94 124.26005
38 95 123.25784
38 96 155.77054
38 97 133.41726
38 98 171.94539
38 99 111.38051
39 40 114.60667
39 41 150.31113
39 42 149.33607
39 43 121.46836
39 44 159.9468
39 45 113.53793
39 46 123.50761
39 47 132.49064
39 48 166.72059
39 49 122.04099
39 50 130.78359
39 51 163.791
39 52 148.51675
39 53 161.67011
39 54 139.74161
39 55 121.50332
39 56 113.21418
39 57 154.91132
39 58 185.30108
39 59 160.1598
39 60 153.38191
39 61 148.92848
39 62 160.15574
39 63 170.1957
39 64 107.83223
39 65 127.11716
39 66 147.28644
39 67 134.93075
39 68 138.74578
39 69 155.3003
39 70 149.59254
39 71 144.15012
39 72 162.37021
39 73 153.6022
39 74 127.79544
39 75 158.16847
39 76 171.79371
39 77 120.76641
39 78 127.28553
39 79 131.79288
39 80 183.82126
39 81 178.12822
39 82 122.53503
39 83 124.86213
39 84 150.19755
39 85 158.80399
39 86 175.01993
39 87 174.90546
39 88 159.52924
39 89 171.47817
39 90 126.13644
39 91 140.21743
39 92 128.32514
39 93 177.35175
39 94 166.82315
39 95 163.14763
39 96 144.75892
39 97 145.78038
39 98 134.73754
39 99 146.62889
40 41 149.53498
40 42 142.72151
40 43 107.63056
40 44 147.96849
40 45 117.83797
40 46 137.9165
40 47 131.47324
40 48 155.52784
40 49 133.62938
40 50 132.86217
40 51 155.74863
40 52 142.3903
40 53 147.49683
40 54 125.17359
40 55 129.61915
40 56 114.50887
40 57 142.68143
40 58 172.79327
40 59 167.17871
40 60 149.54914
40 61 150.79625
40 62 147.12512
40 63 160.44543
40 64 107.9511
40 65 112.63428
40 66 133.06715
40 67 143.44029
40 68 129.70332
40 69 156.25188
40 70 135.34565
40 71 146.03295
40 72 153.41385
40 73 140.40717
40 74 135.4477
40 75 155.61368
40 76 157.79234
40 77 132.89504
40 78 115.08685
40 79 124.33131
40 80 171.10396
40 81 167.57894
40 82 110.55539
40 83 138.5748
40 84 139.83306
40 85 162.30304
40 86 161.85897
40 87 162.07371
40 88 158.19443
40 89 157.91946
40 90 129.90686
40 91 127.5547
40 92 131.76555
40 93 164.9849
40 94 156.19717
40 95 152.72481
40 96 136.34426
40 97 132.1562
40 98 135.68554
40 99 132.64612
41 42 120.20671
41 43 154.49393
41 44 190.0886
41 45 163.00615
41 46 163.43672
41 47 180.37858
41 48 198.74518
41 49 170.17163
41 50 119.99221
41 51 130.25696
41 52 118.52393
41 53 162.0029
41 54 159.55953
41 55 133.49899
41 56 161.17455
41 57 144.55982
41 58 165.61077
41 59 133.81197
41 60 110.85286
41 61 109.03741
41 62 151.80131
41 63 140.96194
41 64 152.37654
41 65 149.91836
41 66 168.80749
41 67 131.21238
41 68 129.58321
41 69 108.59561
41 70 155.76893
41 71 109.93016
41 72 133.08148
41 73 179.86074
41 74 177.92984
41 75 109.59827
41 76 190.06926
41 77 142.91451
41 78 162.10384
41 79 173.54306
41 80 165.7822
41 81 149.97052
41 82 158.83209
41 83 150.47882
41 84 134.38685
41 85 119.39653
41 86 162.24552
41 87 159.91234
41 88 109.25697
41 89 193.0452
41 90 125.19995
41 91 171.02887
41 92 123.13713
41 93 158.76766
41 94 142.74159
41 95 139.73306
41 96 184.49755
41 97 171.54819
41 98 183.83493
41 99 151.89824
42 43 145.10376
42 44 174.86602
42 45 159.5102
42 46 168.3923
42 47 173.96136
42 48 183.65175
42 49 171.25264
42 50 127.22116
42 51 115.05297
42 52 101.79143
42 53 142.24513
42 54 144.34248
42 55 140.4273
42 56 156.72457
42 57 124.50311
42 58 146.84501
42 59 153.56702
42 60 111.33705
42 61 128.48675
42 62 131.65403
42 63 124.06277
42 64 148.27172
42 65 138.1343
42 66 152.81677
42 67 144.63686
42 68 114.26419
42 69 128.53161
42 70 137.45131
42 71 126.89913
42 72 115.43471
42 73 164.18411
42 74 176.4971
42 75 118.5639
42 76 171.88362
42 77 150.42287
42 78 151.55402
42 79 164.14307
42 80 146.67052
42 81 133.19624
42 82 149.54995
42 83 158.785
42 84 114.42792
42 85 139.59729
42 86 142.27813
42 87 140.12537
42 88 123.46199
42 89 175.4243
42 90 131.54653
42 91 157.64759
42 92 130.46763
42 93 139.51398
42 94 123.94332
42 95 120.49895
42 96 173.16671
42 97 156.48934
42 98 178.38229
42 99 133.88572
43 44 140.42092
43 45 120.59156
43 46 144.08824
43 47 129.39883
43 48 148.11437
43 49 137.92461
43 50 139.22409
43 51 156.86204
43 52 145.0654
43 53 142.75248
43 54 118.66846
43 55 137.12617
43 56 116.87464
43 57 140.71399
43 58 170.01435
43 59 174.22486
43 60 153.18915
43 61 156.65647
43 62 144.12411
43 63 160.25662
43 64 113.88674
43 65 108.74298
43 66 125.81834
43 67 150.87183
43 68 131.17943
43 69 161.71596
43 70 130.65437
43 71 151.98837
43 72 153.95741
43 73 132.78446
43 74 137.58938
43 75 159.70266
43 76 150.39935
43 77 140.49239
43 78 107.93944
43 79 119.27212
43 80 168.11919
43 81 166.64711
43 82 104.47046
43 83 145.96192
43 84 139.72117
43 85 168.50407
43 86 158.46398
43 87 159.06261
43 88 162.75679
43 89 150.36378
43 90 136.76474
43 91 119.96265
43 92 138.49517
43 93 162.43817
43 94 155.39604
43 95 152.16733
43 96 130.13796
43 97 124.58895
43 98 134.33639
43 99 128.59434
44 45 151.84728
44 46 178.85111
44 47 142.02332
44 48 108.78713
44 49 167.84385
44 50 178.30146
44 51 180.91354
44 52 175.63655
44 53 144.53479
44 54 130.68729
44 55 177.5471
44 56 149.23258
44 57 157.07566
44 58 175.00226
44 59 214.05403
44 60 185.4748
44 61 194.26225
44 62 154.72468
44 63 178.92952
44 64 152.20765
44 65 141.12203
44 66 122.16012
44 67 191.26427
44 68 161.35267
44 69 198.23302
44 70 139.92316
44 71 189.93952
44 72 176.46369
44 73 110.8281
44 74 160.97267
44 75 192.722
44 76 121.65895
44 77 180.30695
44 78 133.03813
44 79 130.7916
44 80 172.34794
44 81 181.16338
44 82 137.81042
44 83 184.73181
44 84 163.10544
44 85 206.60775
44 86 162.58461
44 87 165.10647
44 88 196.89531
44 89 117.16361
44 90 176.60793
44 91 120.4943
44 92 178.13912
44 93 170.11775
44 94 172.50222
44 95 170.92003
44 96 120.98377
44 97 118.55926
44 98 146.68682
44 99 142.33138
45 46 127.00956
45 47 119.06391
45 48 157.52752
45 49 117.73488
45 50 143.92736
45 51 173.14915
45 52 158.96054
45 53 163.32403
45 54 138.5825
45 55 134.97431
45 56 103.72062
45 57 160.3323
45 58 190.19772
45 59 173.48172
45 60 165.00587
45 61 162.21352
45 62 164.36621
45 63 178.23033
45 64 111.24284
45 65 128.93617
45 66 143.93382
45 67 148.13732
45 68 147.20567
45 69 168.45449
45 70 151.2439
45 71 157.40636
45 72 171.04517
45 73 147.54712
45 74 117.61056
45 75 170.34484
45 76 166.91885
45 77 132.81358
45 78 122.43323
45 79 121.44094
45 80 188.40022
45 81 185.41685
45 82 118.8042
45 83 134.70237
45 84 157.64494
45 85 172.30941
45 86 178.89385
45 87 179.34243
45 88 172.12781
45 89 165.54497
45 90 139.49201
45 91 134.14729
45 92 141.66582
45 93 182.48338
45 94 174.03509
45 95 170.55671
45 96 134.01046
45 97 140.96895
45 98 121.23275
45 99 149.12728
46 47 141.7445
46 48 184.33528
46 49 114.09776
46 50 143.90709
46 51 183.40055
46 52 167.2126
46 53 185.17759
46 54 162.72156
46 55 129.95041
46 56 129.86206
46 57 177.72158
46 58 208.0519
46 59 160.36134
46 60 169.57102
46 61 158.88916
46 62 183.3226
46 63 191.07104
46 64 130.29178
46 65 150.53266
46 66 169.53118
46 67 136.94599
46 68 160.17428
46 69 165.7222
46 70 173.09612
46 71 154.79204
46 72 182.7937
46 73 174.29284
46 74 125.35356
46 75 172.61666
46 76 193.37773
46 77 120.8798
46 78 148.3691
46 79 148.27553
46 80 206.71015
46 81 199.51215
46 82 144.01332
46 83 115.53388
46 84 171.99563
46 85 165.19493
46 86 198.18865
46 87 197.90033
46 88 172.44769
46 89 192.33299
46 90 138.66124
46 91 160.78978
46 92 140.52768
46 93 200.0562
46 94 188.4396
46 95 184.68288
46 96 160.39086
46 97 167.23616
46 98 140.66595
46 99 170.12729
47 48 145.30981
47 49 128.41511
47 50 162.08822
47 51 186.22489
47 52 173.73534
47 53 167.24971
47 54 141.66458
47 55 153.98856
47 56 119.63279
47 57 169.22189
47 58 197.09651
47 59 192.54536
47 60 181.00956
47 61 180.44237
47 62 171.51645
47 63 189.52775
47 64 128.16483
47 65 137.75309
47 66 142.95827
47 67 167.19832
47 68 160.37431
47 69 186.43862
47 70 156.20966
47 71 175.61486
47 72 183.35525
47 73 141.74972
47 74 119.41071
47 75 186.95554
47 76 161.2164
47 77 151.63416
47 78 125.37927
47 79 114.38518
47 80 194.93901
47 81 195.56175
47 82 125.25691
47 83 152.56132
47 84 169.07766
47 85 190.97466
47 86 184.8684
47 87 186.03224
47 88 189.2795
47 89 158.26974
47 90 157.97478
47 91 130.8101
47 92 160.10998
47 93 189.95212
47 94 184.45166
47 95 181.34744
47 96 121.1897
47 97 138.23665
47 98 105.59781
47 99 155.38202
48 49 172.5449
48 50 186.54265
48 51 189.6012
48 52 184.41729
48 53 152.4296
48 54 139.44146
48 55 185.14301
48 56 155.25691
48 57 165.64474
48 58 182.3263
48 59 222.14127
48 60 194.24309
48 61 202.76249
48 62 163.01088
48 63 187.38365
48 64 159.12658
48 65 149.49214
48 66 130.93387
48 67 198.96003
48 68 170.11126
48 69 206.84281
48 70 148.52301
48 71 198.38919
48 72 185.117
48 73 119.57207
48 74 164.68039
48 75 201.48362
48 76 125.68272
48 77 187.32923
48 78 140.45201
48 79 136.09557
48 80 179.6377
48 81 189.31482
48 82 145.13191
48 83 191.28231
48 84 171.85177
48 85 215.06796
48 86 170.09525
48 87 172.75858
48 88 205.63048
48 89 120.05434
48 90 184.64843
48 91 128.47921
48 92 186.24521
48 93 177.82834
48 94 180.92438
48 95 179.44766
48 96 124.3303
48 97 127.28746
48 98 149.33998
48 99 151.03708
49 50 150.18014
49 51 185.80904
49 52 170.36292
49 53 180.61154
49 54 156.23896
49 55 137.55376
49 56 121.35947
49 57 176.07458
49 58 206.34005
49 59 172.32168
49 60 174.55288
49 61 167.1341
49 62 180.74741
49 63 192.18781
49 64 125.75586
49 65 145.80521
49 66 161.63005
49 67 147.64776
49 68 160.72841
49 69 173.87049
49 70 168.46434
49 71 162.62655
49 72 184.4075
49 73 164.64369
49 74 111.2948
49 75 178.71482
49 76 184.21488
49 77 130.73833
49 78 140.14343
49 79 137.07418
49 80 204.69882
49 81 200.00306
49 82 136.50835
49 83 128.0591
49 84 172.03627
49 85 175.09555
49 86 195.48719
49 87 195.68201
49 88 179.41322
49 89 182.48749
49 90 145.00781
49 91 151.45991
49 92 147.12827
49 93 198.47877
49 94 188.65751
49 95 185.01845
49 96 148.26361
49 97 158.48612
49 98 126.77244
49 99 166.07543
50 51 141.92069
50 52 125.65132
50 53 160.12002
50 54 149.47529
50 55 114.12465
50 56 142.52161
50 57 145.58598
50 58 172.90525
50 59 135.98584
50 60 125.83576
50 61 118.35463
50 62 152.80121
50 63 151.27372
50 64 133.94296
50 65 137.22656
50 66 158.99363
50 67 118.31109
50 68 126.08929
50 69 124.53646
50 70 150.70293
50 71 113.52773
50 72 142.64297
50 73 169.03452
50 74 158.12504
50 75 128.79712
50 76 182.71268
50 77 124.07985
50 78 147.16072
50 79 157.15402
50 80 172.33818
50 81 160.37335
50 82 143.13297
50 83 132.22604
50 84 136.47574
50 85 129.44485
50 86 166.20392
50 87 164.72285
50 88 129.23434
50 89 184.55204
50 90 105.26909
50 91 158.07626
50 92 103.45566
50 93 165.16218
50 94 150.5429
50 95 146.86513
50 96 169.13761
50 97 160.39439
50 98 165.07013
50 99 146.69118
51 52 116.40149
51 53 141.59538
51 54 151.82199
51 55 155.40248
51 56 170.12562
51 57 124.46694
51 58 135.89292
51 59 163.78181
51 60 119.4079
51 61 139.28957
51 62 129.56399
51 63 110.75965
51 64 162.00441
51 65 148.93325
51 66 158.88612
51 67 158.64298
51 68 126.04797
51 69 136.97812
51 70 141.1817
51 71 139.09551
51 72 104.89432
51 73 170.08939
51 74 190.45638
51 75 123.73721
51 76 173.87682
51 77 165.42226
51 78 162.34429
51 79 175.14505
51 80 136.42549
51 81 119.71714
51 82 161.15303
51 83 173.76856
51 84 118.24693
51 85 148.23193
51 86 135.02933
51 87 132.11668
51 88 128.85469
51 89 178.28862
51 90 146.45653
51 91 166.10851
51 92 145.25637
51 93 129.80278
51 94 114.0755
51 95 112.52004
51 96 182.67796
51 97 163.41497
51 98 190.97667
51 99 138.58566
52 53 143.74402
52 54 145.03589
52 55 139.00259
52 56 156.24932
52 57 126.09005
52 58 148.62429
52 59 151.80134
52 60 110.10138
52 61 126.72737
52 62 133.28883
52 63 125.69015
52 64 147.71779
52 65 138.32993
52 66 153.6504
52 67 142.94251
52 68 114.62212
52 69 126.90867
52 70 138.62658
52 71 125.10803
52 72 117.07574
52 73 164.99835
52 74 175.82564
52 75 117.40206
52 76 173.08696
52 77 149.02077
52 78 151.68303
52 79 164.1936
52 80 148.45879
52 81 134.84663
52 82 149.52602
52 83 157.36826
52 84 115.95898
52 85 137.92042
52 86 144.05094
52 87 141.9107
52 88 122.16589
52 89 176.53942
52 90 130.07375
52 91 158.14158
52 92 128.93395
52 93 141.30377
52 94 125.70961
52 95 122.28155
52 96 173.45634
52 97 157.20083
52 98 178.07503
52 99 134.99186
53 54 125.70051
53 55 167.56061
53 56 159.60344
53 57 117.98655
53 58 131.25723
53 59 193.69588
53 60 153.46836
53 61 169.32379
53 62 112.0681
53 63 136.47493
53 64 155.4093
53 65 134.92867
53 66 126.09724
53 67 177.94997
53 68 134.40166
53 69 170.53835
53 70 112.16634
53 71 166.47194
53 72 136.70921
53 73 134.62498
53 74 179.86105
53 75 160.44832
53 76 132.72379
53 77 175.25418
53 78 142.67143
53 79 153.05763
53 80 128.76514
53 81 137.05883
53 82 144.91456
53 83 182.77724
53 84 127.81928
53 85 181.25667
53 86 118.59958
53 87 120.74731
53 88 165.55053
53 89 137.66342
53 90 161.59706
53 91 137.82747
53 92 161.94605
53 93 125.6507
53 94 129.97509
53 95 129.56699
53 96 154.43622
53 97 131.60172
53 98 172.82978
53 99 115.12868
54 55 151.7965
54 56 134.90024
54 57 129.90767
54 58 155.60526
54 59 185.45067
54 60 154.8083
54 61 164.22406
54 62 130.52663
54 63 151.86175
54 64 132.44331
54 65 113.50861
54 66 109.53104
54 67 164.61703
54 68 130.66985
54 69 167.82353
54 70 114.65615
54 71 160.10993
54 72 147.76785
54 73 120.30125
54 74 154.46554
54 75 162.04256
54 76 133.78764
54 77 157.14103
54 78 117.03223
54 79 127.67809
54 80 153.37321
54 81 156.20749
54 82 119.79657
54 83 163.47998
54 84 133.60069
54 85 176.66257
54 86 143.24823
54 87 144.56489
54 88 166.21333
54 89 135.12176
54 90 148.75569
54 91 114.50745
54 92 149.9396
54 93 148.73521
54 94 145.90426
54 95 143.49939
54 96 131.61677
54 97 112.1701
54 98 147.22147
54 99 114.66371
55 56 134.62417
55 57 155.38616
55 58 184.36592
55 59 138.74055
55 60 139.95891
55 61 129.60639
55 62 162.16202
55 63 164.21473
55 64 127.30217
55 65 138.37461
55 66 160.88512
55 67 113.91956
55 68 135.87681
55 69 136.38087
55 70 156.72966
55 71 125.19635
55 72 155.6336
55 73 169.5231
55 74 146.63306
55 75 142.67661
55 76 185.56625
55 77 110.0492
55 78 144.692
55 79 152.15888
55 80 183.51396
55 81 173.15057
55 82 140.05275
55 83 118.36622
55 84 147.42146
55 85 137.99594
55 86 176.41792
55 87 175.35861
55 88 142.56733
55 89 186.45766
55 90 109.04772
55 91 157.07706
55 92 110.68177
55 93 176.44214
55 94 162.76131
55 95 159.00072
55 96 164.93804
55 97 161.01401
55 98 156.0219
55 99 152.93529
56 57 156.77942
56 58 186.56707
56 59 173.33922
56 60 162.65162
56 61 160.87281
56 62 160.71871
56 63 174.95289
56 64 108.82245
56 65 125.26177
56 66 140.42997
56 67 148.14353
56 68 144.11358
56 69 166.95671
56 70 147.52504
56 71 156.04779
56 72 167.89267
56 73 144.44977
56 74 121.08706
56 75 168.20811
56 76 163.68022
56 77 133.54788
56 78 118.93892
56 79 119.38596
56 80 184.75155
56 81 182.02041
56 82 115.14891
56 83 136.26754
56 84 154.33416
56 85 171.34268
56 86 175.21605
56 87 175.69238
56 88 170.20933
56 89 162.48336
56 90 138.34451
56 91 130.97271
56 92 140.48396
56 93 178.87503
56 94 170.64774
56 95 167.20327
56 96 132.25193
56 97 137.63255
56 98 122.66273
56 99 145.42595
57 58 130.39125
57 59 177.14518
57 60 135.59535
57 61 152.3347
57 62 107.38652
57 63 122.12327
57 64 150.36939
57 65 131.97261
57 66 135.46127
57 67 163.87401
57 68 119.66947
57 69 152.99718
57 70 117.16107
57 71 149.92844
57 72 119.72824
57 73 146.32288
57 74 177.86328
57 75 142.49809
57 76 149.51402
57 77 164.26419
57 78 143.92272
57 79 156.30979
57 80 128.98875
57 81 126.50763
57 82 144.28065
57 83 172.36752
57 84 110.18175
57 85 163.9355
57 86 121.04449
57 87 120.2682
57 88 147.63163
57 89 153.83134
57 90 148.09012
57 91 144.38412
57 92 147.97249
57 93 122.44581
57 94 116.00583
57 95 113.89412
57 96 161.52443
57 97 140.43364
57 98 174.51272
57 99 115.39333
58 59 199.39429
58 60 154.84832
58 61 174.52488
58 62 125.89095
58 63 125.28114
58 64 180.59121
58 65 161.36127
58 66 157.32057
58 67 191.00001
58 68 148.67767
58 69 172.78697
58 70 140.95415
58 71 173.58322
58 72 132.53475
58 73 165.60925
58 74 207.55819
58 75 159.62976
58 76 159.25528
58 77 193.72277
58 78 171.83994
58 79 183.27904
58 80 102.72725
58 81 117.80862
58 82 173.10328
58 83 201.98366
58 84 136.95007
58 85 184.08089
58 86 112.65796
58 87 111.06463
58 88 164.72387
58 89 165.01063
58 90 176.31489
58 91 168.79905
58 92 175.77482
58 93 108.00827
58 94 122.97602
58 95 126.35025
58 96 185.62265
58 97 162.82761
58 98 202.59103
58 99 141.81213
59 60 144.54827
59 61 125.08857
59 62 184.51951
59 63 174.54009
59 64 165.95033
59 65 173.11882
59 66 194.97377
59 67 125.39386
59 68 159.45215
59 69 126.96276
59 70 185.58441
59 71 127.25502
59 72 166.85996
59 73 204.97578
59 74 182.87072
59 75 140.54553
59 76 218.49747
59 77 141.91461
59 78 182.10748
59 79 190.67533
59 80 199.59325
59 81 183.38206
59 82 177.72813
59 83 144.84285
59 84 167.04441
59 85 116.34721
59 86 195.84062
59 87 193.61426
59 88 136.07461
59 89 220.49369
59 90 137.4982
59 91 193.67523
59 92 135.915
59 93 192.5767
59 94 176.55284
59 95 173.52499
59 96 203.28612
59 97 196.33012
59 98 194.19598
59 99 181.55724
60 61 119.88188
60 62 142.57042
60 63 130.10977
60 64 153.88571
60 65 147.16767
60 66 163.58223
60 67 140.48933
60 68 124.15507
60 69 118.1643
60 70 148.72321
60 71 119.96221
60 72 122.31781
60 73 174.89885
60 74 181.14373
60 75 107.31273
60 76 183.1786
60 77 149.89589
60 78 160.24417
60 79 172.45741
60 80 155.09401
60 81 139.12425
60 82 157.65378
60 83 157.94497
60 84 125.66957
60 85 129.48289
60 86 152.01255
60 87 149.5354
60 88 112.12759
60 89 186.6394
60 90 130.98582
60 91 167.54462
60 92 129.28652
60 93 148.14149
60 94 132.07359
60 95 129.22311
60 96 182.35604
60 97 166.97666
60 98 185.01198
60 99 145.09258
61 62 159.6756
61 63 149.98228
61 64 152.29184
61 65 153.33174
61 66 173.67644
61 67 124.11359
61 68 135.6825
61 69 106.83313
61 70 162.1301
61 71 104.82776
61 72 142.02404
61 73 184.40002
61 74 175.81426
61 75 117.62173
61 76 195.99011
61 77 138.01881
61 78 164.51649
61 79 175.1241
61 80 174.63168
61 81 159.00504
61 82 160.77972
61 83 144.87216
61 84 142.17492
61 85 112.45936
61 86 170.75379
61 87 168.53041
61 88 114.95359
61 89 198.57783
61 90 122.79947
61 91 174.54627
61 92 120.60739
61 93 167.57388
61 94 151.6019
61 95 148.49565
61 96 186.77838
61 97 175.88939
61 98 183.39327
61 99 158.15672
62 63 124.68952
62 64 155.00068
62 65 135.48428
62 66 134.18586
62 67 171.05519
62 68 126.76002
62 69 160.18503
62 70 116.12051
62 71 157.31058
62 72 124.67188
62 73 144.25567
62 74 181.67986
62 75 149.30829
62 76 144.68722
62 77 170.7888
62 78 146.16346
62 79 157.97511
62 80 124.034
62 81 126.55578
62 82 147.24324
62 83 178.77412
62 84 117.50069
62 85 171.19335
62 86 114.87002
62 87 114.97713
62 88 154.50079
62 89 149.45135
62 90 155.12684
62 91 144.51986
62 92 155.0985
62 93 118.45073
62 94 118.16214
62 95 117.51023
62 96 161.686
62 97 139.5242
62 98 176.95801
62 99 116.14451
63 64 167.38515
63 65 151.77469
63 66 157.54597
63 67 168.58244
63 68 131.45939
63 69 147.73009
63 70 139.16453
63 71 149.59406
63 72 108.63076
63 73 168.25669
63 74 195.79319
63 75 134.41778
63 76 169.1939
63 77 174.11272
63 78 164.68643
63 79 177.37426
63 80 126.00877
63 81 109.19242
63 82 164.27465
63 83 182.49772
63 84 120.64247
63 85 158.9677
63 86 126.08168
63 87 122.88892
63 88 139.46777
63 89 174.09285
63 90 155.47037
63 91 166.3686
63 92 154.48619
63 93 119.7724
63 94 106.52743
63 95 108.3775
63 96 183.42942
63 97 162.55575
63 98 194.58272
63 99 137.49692
64 65 120.49339
64 66 139.63968
64 67 141.15082
64 68 136.15393
64 69 158.27765
64 70 143.24898
64 71 147.46413
64 72 160.02485
64 73 145.77052
64 74 128.48391
64 75 159.39094
64 76 164.03946
64 77 128.20344
64 78 119.45568
64 79 124.89098
64 80 178.94296
64 81 174.81728
64 82 114.70296
64 83 132.68685
64 84 146.90521
64 85 163.02786
64 86 169.76597
64 87 169.92762
64 88 161.39421
64 89 163.65719
64 90 129.99549
64 91 132.38984
64 92 132.08967
64 93 172.74457
64 94 163.43234
64 95 159.87867
64 96 137.75942
64 97 137.98259
64 98 131.46185
64 99 140.59369
65 66 122.52521
65 67 151.4189
65 68 123.90316
65 69 157.70787
65 70 122.76354
65 71 148.90907
65 72 145.77474
65 73 131.87171
65 74 146.19728
65 75 154.03722
65 76 147.20262
65 77 143.66326
65 78 113.49145
65 79 126.25022
65 80 159.50853
65 81 157.97937
65 82 112.50553
65 83 150.16432
65 84 131.38063
65 85 165.58977
65 86 149.9577
65 87 150.44861
65 88 157.57255
65 89 148.17081
65 90 135.90449
65 91 121.22552
65 92 137.2743
65 93 153.74106
65 94 146.7715
65 95 143.60875
65 96 135.19621
65 97 123.22542
65 98 142.84918
65 99 120.2768
66 67 173.91213
66 68 139.58738
66 69 177.14217
66 70 118.4123
66 71 169.60221
66 72 154.52472
66 73 111.38115
66 74 158.26431
66 75 170.86661
66 76 124.80716
66 77 165.70754
66 78 121.50191
66 79 128.58428
66 80 154.85533
66 81 160.69595
66 82 125.54755
66 83 171.6419
66 84 140.96954
66 85 186.12479
66 86 144.66811
66 87 146.60193
66 88 175.19195
66 89 125.68867
66 90 158.18135
66 91 112.26187
66 92 159.40789
66 93 151.27249
66 94 151.25483
66 95 149.35436
66 96 128.34493
66 97 105.50707
66 98 148.53383
66 99 120.3364
67 68 144.30255
67 69 130.64409
67 70 167.93408
67 71 121.31349
67 72 160.00064
67 73 182.97541
67 74 157.83757
67 75 140.78006
67 76 198.37478
67 77 116.91316
67 78 158.52688
67 79 166.03449
67 80 190.51561
67 81 177.76323
67 82 153.92293
67 83 121.79551
67 84 154.77027
67 85 128.32091
67 86 184.51286
67 87 183.0051
67 88 138.95842
67 89 199.58533
67 90 116.4252
67 91 170.77243
67 92 116.0288
67 93 183.32848
67 94 168.40431
67 95 164.79452
67 96 178.84237
67 97 174.39821
67 98 168.80265
67 99 163.98769
68 69 138.11057
68 70 126.44861
68 71 132.37554
68 72 123.87243
68 73 150.83939
68 74 164.63697
68 75 131.37309
68 76 160.52843
68 77 145.05823
68 78 137.36132
68 79 150.02343
68 80 147.70642
68 81 139.4706
68 82 135.57809
68 83 153.30608
68 84 111.87692
68 85 148.00569
68 86 140.60936
68 87 139.48206
68 88 135.60548
68 89 163.46522
68 90 128.42067
68 91 143.52984
68 92 128.33934
68 93 140.70082
68 94 128.28238
68 95 124.54343
68 96 158.90347
68 97 142.83279
68 98 165.01691
68 99 122.48629
69 70 164.35462
69 71 111.26615
69 72 140.34263
69 73 188.11261
69 74 182.40613
69 75 113.58934
69 76 198.62617
69 77 144.85094
69 78 169.4718
69 79 180.50247
69 80 173.13837
69 81 156.47575
69 82 165.95565
69 83 151.65078
69 84 142.84652
69 85 111.32837
69 86 170.16036
69 87 167.69957
69 88 109.49384
69 89 201.5459
69 90 129.26428
69 91 178.90855
69 92 127.07401
69 93 166.24405
69 94 150.16826
69 95 147.38287
69 96 191.83984
69 97 179.72879
69 98 189.56174
69 99 160.47447
70 71 158.72786
70 72 136.6208
70 73 129.16185
70 74 167.95866
70 75 156.00244
70 76 134.46672
70 77 163.91041
70 78 131.14162
70 79 142.32492
70 80 138.74362
70 81 142.41157
70 82 133.01369
70 83 171.21401
70 84 124.02111
70 85 174.44507
70 86 128.66025
70 87 129.90941
70 88 160.77615
70 89 138.01857
70 90 151.51032
70 91 128.40331
70 92 152.12378
70 93 134.11253
70 94 132.84607
70 95 131.03747
70 96 145.56553
70 97 123.58246
70 98 161.7374
70 99 104.03076
71 72 141.32867
71 73 180.19685
71 74 171.14892
71 75 119.4684
71 76 192.27795
71 77 133.99275
71 78 159.87105
71 79 170.36412
71 80 173.51633
71 81 158.73735
71 82 156.07522
71 83 141.183
71 84 139.87318
71 85 116.6807
71 86 169.04099
71 87 166.98962
71 88 117.95281
71 89 194.69748
71 90 118.04461
71 91 170.0919
71 92 115.85122
71 93 166.38202
71 94 150.60813
71 95 147.31137
71 96 182.08837
71 97 171.64419
71 98 178.57732
71 99 154.7217
72 73 165.65201
72 74 188.50622
72 75 127.50211
72 76 169.0421
72 77 165.55815
72 78 159.05315
72 79 171.84704
72 80 132.79838
72 81 117.77095
72 82 158.15339
72 83 173.94074
72 84 114.51001
72 85 151.66423
72 86 130.59342
72 87 127.80677
72 88 132.72417
72 89 173.50161
72 90 146.85856
72 91 162.16243
72 92 145.8587
72 93 125.92587
72 94 109.87568
72 95 107.75678
72 96 178.90995
72 97 159.17405
72 98 188.23815
72 99 134.18961
73 74 159.3625
73 75 182.17091
73 76 119.70892
73 77 173.26654
73 78 126.34482
73 79 128.32906
73 80 163.01267
73 81 170.78329
73 82 131.06783
73 83 178.43248
73 84 152.28343
73 85 196.81163
73 86 153.03156
73 87 155.35833
73 88 186.43649
73 89 118.04296
73 90 167.75208
73 91 113.52552
73 92 169.14563
73 93 160.27276
73 94 161.863
73 95 160.19113
73 96 122.93179
73 97 108.64683
73 98 147.02506
73 99 131.5052
74 75 185.9499
74 76 179.06632
74 77 140.99331
74 78 137.50777
74 79 131.03826
74 80 205.69567
74 81 203.02647
74 82 134.95555
74 83 139.13646
74 84 175.23231
74 85 184.59295
74 86 196.04882
74 87 196.63668
74 88 187.17657
74 89 176.65754
74 90 153.1685
74 91 146.95798
74 92 155.35034
74 93 199.90961
74 94 191.64389
74 95 188.15802
74 96 140.4366
74 97 154.34802
74 98 116.45103
74 99 166.14755
75 76 190.4457
75 77 152.28009
75 78 166.93875
75 79 178.96554
75 80 160.1306
75 81 143.00816
75 82 164.14698
75 83 159.96595
75 84 132.73754
75 85 124.61726
75 86 157.89792
75 87 155.23938
75 88 105.26517
75 89 193.94009
75 90 134.06588
75 91 174.6174
75 92 132.11245
75 93 153.38741
75 94 137.37614
75 95 134.91429
75 96 189.16934
75 97 174.2057
75 98 190.75247
75 99 152.39189
76 77 190.51114
76 78 145.02712
76 79 148.02887
76 80 156.52806
76 81 169.13212
76 82 149.52725
76 83 196.34506
76 84 158.08769
76 85 208.41102
76 86 147.86086
76 87 150.91403
76 88 195.24201
76 89 105.93489
76 90 182.38004
76 91 132.78376
76 92 183.45186
76 93 156.04351
76 94 162.69864
76 95 162.17749
76 96 141.28872
76 97 126.15783
76 98 166.35896
76 99 138.21505
77 78 147.31989
77 79 152.53898
77 80 192.7603
77 81 182.99
77 82 142.52813
77 83 108.38551
77 84 156.79688
77 85 144.65627
77 86 185.29718
77 87 184.41992
77 88 151.78114
77 89 190.8068
77 90 119.08993
77 91 160.18191
77 92 120.6242
77 93 185.75575
77 94 172.45529
77 95 168.68221
77 96 165.50709
77 97 165.05058
77 98 152.6998
77 99 160.30419
78 79 112.80266
78 80 169.73935
78 81 170.3545
78 82 104.79411
78 83 152.14204
78 84 144.57622
78 85 176.41521
78 86 159.75154
78 87 160.77854
78 88 170.1901
78 89 144.30497
78 90 144.67559
78 91 112.93622
78 92 146.42363
78 93 164.61
78 94 159.36697
78 95 156.40135
78 96 122.39475
78 97 118.87199
78 98 130.79487
78 99 130.05146
79 80 181.05083
79 81 182.80891
79 82 114.81869
79 83 155.64928
79 84 157.36103
79 85 186.59802
79 86 170.91636
79 87 172.23174
79 88 181.94657
79 89 145.7261
79 90 153.93013
79 91 116.50669
79 92 155.88214
79 93 176.3239
79 94 171.94287
79 95 169.05832
79 96 112.96812
79 97 123.97131
79 98 119.97509
79 99 141.85256
80 81 119.20156
80 82 171.11921
80 83 200.9807
80 84 136.11598
80 85 184.456
80 86 110.20889
80 87 109.05993
80 88 165.27711
80 89 162.28445
80 90 175.60228
80 91 166.41898
80 92 175.13673
80 93 107.19245
80 94 123.04062
80 95 126.20542
80 96 183.18013
80 97 160.36169
80 98 200.45094
80 99 139.76721
81 82 170.44272
81 83 191.37416
81 84 127.96941
81 85 167.62432
81 86 122.51697
81 87 119.15167
81 88 147.91464
81 89 174.41957
81 90 164.48242
81 91 170.5666
81 92 163.55354
81 93 114.61898
81 94 111.38716
81 95 114.9852
81 96 187.7604
81 97 165.97497
81 98 200.77712
81 99 141.54831
82 83 147.37901
82 84 143.82957
82 85 172.51114
82 86 161.30345
82 87 162.08688
82 88 167.15811
82 89 148.97703
82 90 140.39837
82 91 117.71576
82 92 142.21215
82 93 165.65682
82 94 159.26373
82 95 156.11411
82 96 126.02274
82 97 123.38774
82 98 130.3496
82 99 131.37748
83 84 165.08687
83 85 150.1122
83 86 193.3724
83 87 192.57271
83 88 159.11892
83 89 196.2466
83 90 127.3604
83 91 165.0767
83 92 128.78013
83 93 194.00486
83 94 180.81991
83 95 177.04509
83 96 168.50639
83 97 170.49429
83 98 152.73831
83 99 167.72454
84 85 153.75608
84 86 129.77732
84 87 128.25258
84 88 137.77864
84 89 161.95625
84 90 139.51355
84 91 147.86158
84 92 139.13165
84 93 129.02182
84 94 116.62774
84 95 112.99057
84 96 164.47702
84 97 145.31509
84 98 174.05619
84 99 120.9144
85 86 181.44956
85 87 179.0126
85 88 119.88567
85 89 211.03266
85 90 133.03532
85 91 186.76926
85 92 130.94205
85 93 177.57096
85 94 161.49529
85 95 158.70551
85 96 198.53254
85 97 188.28058
85 98 193.53616
85 99 170.49193
86 87 103.36972
86 88 163.15638
86 89 153.45225
86 90 168.98172
86 91 156.21055
86 92 168.75274
86 93 108.27515
86 94 120.96921
86 95 122.99133
86 96 172.98198
86 97 150.17515
86 98 190.39759
86 99 129.93089
87 88 160.48538
87 89 156.44636
87 90 167.70344
87 91 157.89607
87 92 167.37566
87 93 105.13661
87 94 118.04377
87 95 120.35103
87 96 174.81926
87 97 152.10099
87 98 191.52646
87 99 130.76205
88 89 198.61895
88 90 134.42018
88 91 178.41841
88 92 132.33381
88 93 158.57715
88 94 142.5926
88 95 140.16951
88 96 192.53121
88 97 178.34442
88 98 192.85264
88 99 157.09582
89 90 183.86102
89 91 131.56441
89 92 185.06129
89 93 161.58242
89 94 167.57357
89 95 166.84961
89 96 137.7117
89 97 125.77503
89 98 163.21411
89 99 141.54828
90 91 156.19241
90 92 102.19346
90 93 168.4671
90 94 154.31963
90 95 150.58777
90 96 166.23066
90 97 159.11238
90 98 160.7115
90 99 147.5625
91 92 157.77096
91 93 162.34885
91 94 160.38843
91 95 158.00684
91 96 117.19707
91 97 107.47268
91 98 136.36112
91 99 129.05064
92 93 167.97769
92 94 153.57395
92 95 149.86893
92 96 168.10856
92 97 160.49966
92 98 162.88024
92 99 148.14503
93 94 116.07579
93 95 119.09095
93 96 179.37185
93 97 156.75433
93 98 195.40306
93 99 134.57011
94 95 103.78007
94 96 177.51863
94 97 156.3369
94 98 189.61314
94 99 131.38718
95 96 175.05564
95 97 154.29724
95 98 186.45367
95 99 129.19932
96 97 122.85156
96 98 125.70729
96 99 146.22957
97 98 143.76828
97 99 125.11686
98 99 160.83781
