50 15
0 1 160.90363
0 2 175.39908
0 3 156.53418
0 4 114.93778
0 5 152.57904
0 6 204.52207
0 7 104.63025
0 8 142.6961
0 9 172.10766
0 10 137.44247
0 11 182.23007
0 12 136.44292
0 13 132.05018
0 14 110.00823
0 15 147.20208
0 16 180.83728
0 17 199.43223
0 18 179.56574
0 19 131.14745
0 20 159.64591
0 21 130.87698
0 22 130.47395
0 23 194.12823
0 24 118.67881
0 25 112.63015
0 26 151.7567
0 27 171.00169
0 28 199.94178
0 29 190.23065
0 30 182.52396
0 31 153.41222
0 32 209.3988
0 33 175.09046
0 34 105.83703
0 35 164.76151
0 36 163.237
0 37 151.24305
0 38 113.43371
0 39 162.96062
0 40 150.09355
0 41 156.87147
0 42 163.18936
0 43 174.32332
0 44 151.26133
0 45 132.20661
0 46 166.07383
0 47 186.83727
0 48 181.71085
0 49 175.91774
1 2 142.39062
1 3 145.38287
1 4 160.21149
1 5 156.33161
1 6 146.58201
1 7 156.59561
1 8 127.46608
1 9 139.75458
1 10 134.06774
1 11 121.89573
1 12 125.90961
1 13 129.88593
1 14 151.44035
1 15 113.70161
1 16 147.63365
1 17 139.14393
1 18 119.44004
1 19 140.66744
1 20 102.70059
1 21 140.98525
1 22 135.24514
1 23 135.36109
1 24 157.44063
1 25 164.07702
1 26 109.2345
1 27 160.11397
1 28 141.9603
1 29 132.82671
1 30 152.90328
1 31 122.49772
1 32 154.81024
1 33 173.30068
1 34 166.12215
1 35 127.26963
1 36 120.55204
1 37 110.49692
1 38 159.75815
1 39 122.11911
1 40 120.38264
1 41 137.91439
1 42 102.41901
1 43 125.63462
1 44 126.42861
1 45 129.28778
1 46 121.46908
1 47 128.20016
1 48 121.16253
1 49 121.84084
2 3 185.56899
2 4 165.9261
2 5 135.37772
2 6 145.16595
2 7 170.90495
2 8 134.43969
2 9 103.42451
2 10 168.01767
2 11 151.98507
2 12 144.54463
2 13 147.95307
2 14 165.88088
2 15 145.0317
2 16 105.92481
2 17 149.69434
2 18 151.45546
2 19 144.32073
2 20 144.81561
2 21 144.61077
2 22 145.75187
2 23 141.01633
2 24 161.35827
2 25 170.92231
2 26 144.81322
2 27 125.01542
2 28 142.27289
2 29 165.6293
2 30 195.21566
2 31 126.11581
2 32 142.54039
2 33 139.02182
2 34 181.2027
2 35 115.59791
2 36 121.99128
2 37 140.21218
2 38 181.5817
2 39 120.61117
2 40 130.6569
2 41 178.76983
2 42 141.56655
2 43 166.65928
2 44 125.93243
2 45 155.67446
2 46 163.7743
2 47 137.43793
2 48 150.62549
2 49 161.04308
3 4 166.34447
3 5 186.1664
3 6 187.69839
3 7 154.81168
3 8 157.03513
3 9 182.47396
3 10 122.68258
3 11 154.48501
3 12 146.91499
3 13 146.52925
3 14 152.69542
3 15 140.81382
3 16 191.27229
3 17 176.88813
3 18 152.11568
3 19 160.82563
3 20 142.68286
3 21 160.92631
3 22 153.81022
3 23 176.60161
3 24 166.81399
3 25 167.17918
3 26 140.79188
3 27 197.31853
3 28 183.44356
3 29 153.53131
3 30 126.79127
3 31 160.50929
3 32 197.99147
3 33 208.03439
3 34 158.49854
3 35 169.98258
3 36 163.91183
3 37 145.36756
3 38 145.93324
3 39 165.09822
3 40 156.1992
3 41 107.83554
3 42 147.1868
3 43 134.72078
3 44 162.52888
3 45 136.77068
3 46 129.46916
3 47 170.4791
3 48 154.97307
3 49 140.87306
4 5 139.04161
4 6 200.02421
4 7 113.21264
4 8 136.76672
4 9 162.84069
4 10 144.86139
4 11 182.10427
4 12 134.30405
4 13 130.42385
4 14 113.67652
4 15 147.05618
4 16 170.93372
4 17 196.69985
4 18 179.60621
4 19 122.68692
4 20 159.58197
4 21 122.34449
4 22 125.47225
4 23 190.40557
4 24 104.69935
4 25 104.99873
4 26 151.72557
4 27 158.04968
4 28 195.60358
4 29 191.89632
4 30 190.93963
4 31 147.4406
4 32 203.30152
4 33 160.87479
4 34 119.06425
4 35 157.62254
4 36 157.58671
4 37 149.80542
4 38 127.90032
4 39 156.93009
4 40 145.1284
4 41 165.16075
4 42 162.24002
4 43 178.05966
4 44 144.37441
4 45 134.99356
4 46 170.03046
4 47 183.32403
4 48 181.36489
4 49 178.3093
5 6 178.89172
5 7 149.02889
5 8 130.6928
5 9 133.49073
5 10 163.99136
5 11 174.8338
5 12 139.45982
5 13 139.68279
5 14 145.5794
5 15 149.37287
5 16 138.44753
5 17 180.55294
5 18 173.19082
5 19 126.3628
5 20 157.49282
5 21 126.38122
5 22 132.75994
5 23 172.3666
5 24 134.48099
5 25 143.64571
5 26 152.38858
5 27 119.3065
5 28 175.33037
5 29 187.87929
5 30 204.41296
5 31 134.1171
5 32 177.76424
5 33 123.23899
5 34 157.65314
5 35 136.37559
5 36 140.89562
5 37 147.76723
5 38 163.17183
5 39 139.32655
5 40 136.01579
5 41 181.60438
5 42 157.10177
5 43 181.35405
5 44 129.98603
5 45 149.54188
5 46 175.31318
5 47 166.8235
5 48 173.63851
5 49 178.1718
6 7 199.95048
6 8 163.25917
6 9 146.02068
6 10 180.53856
6 11 133.8328
6 12 168.09486
6 13 172.49104
6 14 194.56732
6 15 159.11206
6 16 145.16595
6 17 112.90707
6 18 135.87216
6 19 177.52918
6 20 148.84691
6 21 177.87931
6 22 174.9916
6 23 111.32073
6 24 196.16965
6 25 204.64685
6 26 155.35243
6 27 170.01027
6 28 104.64855
6 29 141.55611
6 30 183.75527
6 31 152.64016
6 32 112.62173
6 33 183.68554
6 34 210.14318
6 35 143.94405
6 36 142.52066
6 37 154.14346
6 38 205.50532
6 39 143.35489
6 40 154.99493
6 41 179.86671
6 42 144.18625
6 43 155.26484
6 44 156.04166
6 45 174.89595
6 46 158.39576
6 47 118.38665
6 48 133.08442
6 49 148.2041
7 8 138.0711
7 9 167.59954
7 10 134.69306
7 11 178.04762
7 12 131.89777
7 13 127.51171
7 14 105.39217
7 15 142.90292
7 16 176.37917
7 17 194.98063
7 18 175.40088
7 19 126.73817
7 20 155.41194
7 21 126.47917
7 22 125.85186
7 23 189.596
7 24 116.08609
7 25 112.52978
7 26 147.49474
7 27 167.15992
7 28 195.37631
7 29 186.34362
7 30 180.34556
7 31 148.7824
7 32 204.77386
7 33 171.80568
7 34 110.44729
7 35 160.14422
7 36 158.60908
7 37 146.82136
7 38 114.91129
7 39 158.3304
7 40 145.46892
7 41 154.56277
7 42 158.85838
7 43 170.80485
7 44 146.64857
7 45 128.21379
7 46 162.57549
7 47 182.313
7 48 177.49776
7 49 172.12959
8 9 131.01768
8 10 136.21587
8 11 148.41504
8 12 110.82449
8 13 113.60615
8 14 132.75628
8 15 118.68712
8 16 140.27689
8 17 160.35325
8 18 146.26697
8 19 114.51419
8 20 128.01546
8 21 114.86374
8 22 112.22719
8 23 153.7331
8 24 133.00398
8 25 141.40374
8 26 121.95308
8 27 140.36452
8 28 158.83837
8 29 160.23783
8 30 173.77726
8 31 110.82402
8 32 166.99718
8 33 151.19136
8 34 148.51691
8 35 122.11163
8 36 120.91218
8 37 117.68504
8 38 147.35608
8 39 120.41987
8 40 108.531
8 41 151.72185
8 42 128.84293
8 43 151.25007
8 44 108.7476
8 45 122.33713
8 46 144.79968
8 47 146.75027
8 48 147.43316
8 49 148.84739
9 10 164.70075
9 11 150.48807
9 12 141.12744
9 13 144.52857
9 14 162.55099
9 15 141.84047
9 16 109.3249
9 17 149.67502
9 18 149.79877
9 19 141.07189
9 20 142.11604
9 21 141.36687
9 22 142.37072
9 23 141.05786
9 24 158.30116
9 25 167.83214
9 26 141.77452
9 27 125.01071
9 28 142.85967
9 29 164.17777
9 30 192.64878
9 31 122.76583
9 32 144.27937
9 33 139.18353
9 34 177.91862
9 35 112.63706
9 36 119.22772
9 37 137.10673
9 38 178.18338
9 39 117.75207
9 40 127.30881
9 41 175.75056
9 42 139.05809
9 43 164.3759
9 44 122.50992
9 45 152.27714
9 46 161.20161
9 47 136.93485
9 48 149.13599
9 49 158.94767
10 11 151.25758
10 12 125.51932
10 13 124.35255
10 14 131.53694
10 15 123.80899
10 16 173.91795
10 17 172.07349
10 18 148.52465
10 19 138.26364
10 20 131.70393
10 21 138.34849
10 22 131.35057
10 23 169.25079
10 24 144.78524
10 25 146.41845
10 26 126.0871
10 27 176.45296
10 28 175.94314
10 29 156.01825
10 30 146.07874
10 31 141.95492
10 32 188.80497
10 33 186.33874
10 34 140.85266
10 35 152.92007
10 36 147.84245
10 37 129.2175
10 38 130.32576
10 39 148.62904
10 40 137.41825
10 41 120.31696
10 42 136.42119
10 43 138.31466
10 44 143.02301
10 45 114.47138
10 46 130.19714
10 47 162.19868
10 48 151.1759
10 49 141.4343
11 12 147.80482
11 13 151.74441
11 14 173.00426
11 15 135.29355
11 16 155.69227
11 17 122.40817
11 18 102.7441
11 19 162.23715
11 20 122.68464
11 21 162.56512
11 22 157.08554
11 23 123.44725
11 24 179.32004
11 25 185.93253
11 26 130.63056
11 27 174.44861
11 28 129.98022
11 29 113.69816
11 30 150.64139
11 31 141.02496
11 32 145.2827
11 33 188.46461
11 34 187.24328
11 35 140.32422
11 36 134.41345
11 37 132.35683
11 38 179.75733
11 39 136.10906
11 40 140.41634
11 41 146.71878
11 42 119.95533
11 43 121.46551
11 44 145.26572
11 45 150.12552
11 46 125.01723
11 47 119.32614
11 48 101.36202
11 49 114.37884
12 13 104.39619
12 14 126.53714
12 15 113.14451
12 16 150.44956
12 17 163.23591
12 18 145.3234
12 19 116.43898
12 20 125.38381
12 21 116.68608
12 22 109.81141
12 23 157.6991
12 24 131.60171
12 25 138.24772
12 26 117.68822
12 27 150.9344
12 28 163.50614
12 29 158.00321
12 30 165.49784
12 31 118.97085
12 32 173.43417
12 33 161.13256
12 34 142.04867
12 35 130.83183
12 36 127.73002
12 37 115.51878
12 38 138.65785
12 39 127.82184
12 40 114.77726
12 41 142.14456
12 42 127.94361
12 43 146.02294
12 44 118.64193
12 45 111.51508
12 46 138.65866
12 47 150.42097
12 48 147.06091
12 49 145.04235
13 14 122.1591
13 15 116.64251
13 16 153.82073
13 17 167.56327
13 18 149.21684
13 19 114.77864
13 20 129.16317
13 21 114.95358
13 22 107.62509
13 23 162.08463
13 24 128.01515
13 25 134.1923
13 26 121.3045
13 27 152.57715
13 28 167.90203
13 29 161.55117
13 30 166.57566
13 31 122.86874
13 32 177.77658
13 33 162.01131
13 34 137.65253
13 35 134.72871
13 36 131.947
13 37 119.64099
13 38 134.50909
13 39 131.95977
13 40 118.86614
13 41 142.39624
13 42 131.99717
13 43 148.7455
13 44 122.04457
13 45 109.88119
13 46 141.10105
13 47 154.80176
13 48 151.04505
13 49 148.25205
14 15 137.77315
14 16 171.41777
14 17 189.67931
14 18 170.3773
14 19 121.98655
14 20 150.3345
14 21 121.75427
14 22 120.55911
14 23 184.23518
14 24 114.98982
14 25 114.90562
14 26 142.39786
14 27 163.19837
14 28 189.9961
14 29 181.60436
14 30 177.56251
14 31 143.43455
14 32 199.39118
14 33 168.63446
14 34 115.78431
14 35 154.85243
14 36 153.23306
14 37 141.56141
14 38 117.59306
14 39 152.96968
14 40 140.08601
14 41 151.746
14 42 153.67834
14 43 166.49647
14 44 141.37527
14 45 123.51694
14 46 158.3101
14 47 176.95795
14 48 172.42364
14 49 167.51516
15 16 150.84449
15 17 152.58939
15 18 132.71011
15 19 129.2334
15 20 112.61402
15 21 129.51153
15 22 122.93008
15 23 148.1318
15 24 144.61074
15 25 150.71658
15 26 104.68109
15 27 157.37645
15 28 154.46354
15 29 144.93115
15 30 155.23425
15 31 119.71548
15 32 166.15427
15 33 169.2147
15 34 152.43346
15 35 129.58069
15 36 124.11808
15 37 105.44582
15 38 146.48229
15 39 125.01528
15 40 115.51938
15 41 134.53427
15 42 116.00427
15 43 133.2211
15 44 122.0744
15 45 115.84675
15 46 126.29019
15 47 140.82836
15 48 134.6714
15 49 131.91193
16 17 151.14633
16 18 155.39173
16 19 149.70093
16 20 150.1239
16 21 149.98009
16 22 151.43664
16 23 142.47716
16 24 166.31772
16 25 175.93204
16 26 150.48597
16 27 125.2414
16 28 142.78956
16 29 169.20117
16 30 200.28089
16 31 132.03576
16 32 140.89962
16 33 138.56292
16 34 186.62009
16 35 121.306
16 36 127.47971
16 37 145.95405
16 38 187.30434
16 39 126.19637
16 40 136.57562
16 41 184.39504
16 42 146.66361
16 43 171.39287
16 44 131.82357
16 45 161.59719
16 46 168.88678
16 47 139.82295
16 48 154.33075
16 49 165.54062
17 18 124.80048
17 19 174.86743
17 20 140.99731
17 21 175.21695
17 22 171.24748
17 23 108.69092
17 24 193.22579
17 25 201.0524
17 26 148.34078
17 27 174.60915
17 28 110.83737
17 29 128.71352
17 30 171.23528
17 31 150.46845
17 32 125.48193
17 33 188.70146
17 34 204.84026
17 35 144.25069
17 36 140.93309
17 37 148.20164
17 38 198.90178
17 39 142.18306
17 40 151.82658
17 41 169.11103
17 42 136.74123
17 43 143.41359
17 44 154.37507
17 45 168.37555
17 46 147.41898
17 47 113.91187
17 48 121.93936
17 49 136.49768
18 19 159.94999
18 20 120.09629
18 21 160.27476
18 22 154.6791
18 23 125.20469
18 24 176.87924
18 25 183.39193
18 26 128.03719
18 27 173.43032
18 28 131.87462
18 29 114.79239
18 30 149.27569
18 31 139.22852
18 32 147.04685
18 33 187.36934
18 34 184.55699
18 35 139.21636
18 36 133.10088
18 37 129.9312
18 38 177.0211
18 39 134.81539
18 40 138.39765
18 41 144.32366
18 42 117.60076
18 43 119.72034
18 44 143.45755
18 45 147.43798
18 46 122.65932
18 47 120.46824
18 48 102.86116
18 49 112.6179
19 20 140.69287
19 21 100.35105
19 22 107.16126
19 23 168.19174
19 24 118.64774
19 25 127.5196
19 26 133.50164
19 27 142.06456
19 28 173.16416
19 29 173.41222
19 30 181.34989
19 31 124.88921
19 32 180.61503
19 33 149.45392
19 34 136.91993
19 35 134.96213
19 36 135.01775
19 37 130.26169
19 38 138.93475
19 39 134.29327
19 40 123.0428
19 41 157.06181
19 42 142.35412
19 43 162.38027
19 44 121.69282
19 45 124.10517
19 46 155.09321
19 47 161.24795
19 48 161.33294
19 49 161.04034
20 21 141.00013
20 22 134.95068
20 23 137.57914
20 24 156.98543
20 25 163.31022
20 26 107.94592
20 27 161.9858
20 28 144.24361
20 29 132.74557
20 30 150.62225
20 31 124.01178
20 32 157.30542
20 33 175.00897
20 34 164.7624
20 35 129.56267
20 36 122.88872
20 37 110.47425
20 38 157.99941
20 39 124.40764
20 40 121.47891
20 41 135.22246
20 42 104.78642
20 43 124.01316
20 44 127.78085
20 45 127.73757
20 46 119.26546
20 47 130.49507
20 48 122.09009
20 49 120.85479
21 22 107.3294
21 23 168.54275
21 24 118.29861
21 25 127.18156
21 26 133.79226
21 27 142.1976
21 28 173.51476
21 29 173.7233
21 30 181.52898
21 31 125.23943
21 32 180.95709
21 33 149.4966
21 34 136.64369
21 35 135.29942
21 36 135.36741
21 37 130.57352
21 38 138.74717
21 39 134.64118
21 40 123.39196
21 41 157.20098
21 42 142.67785
21 43 162.64649
21 44 122.0377
21 45 124.22393
21 46 155.34381
21 47 161.59853
21 48 161.66292
21 49 161.33066
22 23 165.10333
22 24 122.28828
22 25 129.82453
22 26 127.40874
22 27 147.03683
22 28 170.50033
22 29 167.66606
22 30 174.20069
22 31 122.99975
22 32 179.14228
22 33 155.52462
22 34 136.29906
22 35 134.29631
22 36 132.97597
22 37 124.74896
22 38 135.88347
22 39 132.58661
22 40 120.01718
22 41 149.92251
22 42 137.1329
22 43 155.79562
22 44 120.81734
22 45 117.04302
22 46 148.3345
22 47 157.95905
22 48 156.27091
22 49 154.84069
23 24 186.73559
23 25 194.90519
23 26 144.24267
23 27 165.95485
23 28 106.85582
23 29 133.16736
23 30 173.99805
23 31 143.44327
23 32 121.84985
23 33 180.0313
23 34 199.67624
23 35 136.25581
23 36 133.56857
23 37 143.30397
23 38 194.60269
23 39 134.66769
23 40 145.28558
23 41 168.7661
23 42 132.95457
23 43 144.86865
23 44 147.1603
23 45 163.96445
23 46 147.4426
23 47 107.32315
23 48 122.53182
23 49 137.76038
24 25 109.65177
24 26 149.2365
24 27 153.41365
24 28 191.79157
24 29 189.54187
24 30 190.72284
24 31 143.53067
24 32 199.14668
24 33 156.56057
24 34 123.30712
24 35 153.41537
24 36 153.66429
24 37 146.96321
24 38 130.99734
24 39 152.93515
24 40 141.46808
24 41 165.0813
24 42 159.38223
24 43 176.38219
24 44 140.30363
24 45 133.73444
24 46 168.48305
24 47 179.72378
24 48 178.52785
24 49 176.2353
25 26 155.39763
25 27 162.76365
25 28 200.19926
25 29 195.34789
25 30 192.38727
25 31 152.1416
25 32 208.11466
25 33 165.09381
25 34 115.53979
25 35 162.48081
25 36 162.2821
25 37 153.76225
25 38 126.05832
25 39 161.67002
25 40 149.67925
25 41 166.56726
25 42 166.16837
25 43 180.94304
25 44 149.17149
25 45 137.77647
25 46 172.82135
25 47 187.77928
25 48 185.23728
25 49 181.5445
26 27 159.07109
26 28 150.70903
26 29 140.31938
26 30 152.97056
26 31 120.7882
26 32 162.91936
26 33 171.40384
26 34 156.9271
26 35 129.21589
26 36 123.14528
26 37 104.97437
26 38 150.57323
26 39 124.3065
26 40 117.1458
26 41 133.97684
26 42 111.61013
26 43 129.33984
26 44 123.82299
26 45 120.05559
26 46 122.92461
26 47 136.98688
26 48 130.02702
26 49 127.5387
27 28 167.25758
27 29 188.11213
27 30 211.99335
27 31 138.35089
27 32 166.11684
27 33 114.19241
27 34 176.30157
27 35 134.23234
27 36 140.62824
27 37 154.09985
27 38 180.66193
27 39 138.90359
27 40 142.00016
27 41 191.68204
27 42 160.10686
27 43 185.71305
27 44 135.34076
27 45 162.21719
27 46 181.12067
27 47 161.93664
27 48 173.12513
27 49 181.14905
28 29 138.67319
28 30 180.30041
28 31 148.28107
28 32 115.4317
28 33 181.10752
28 34 205.55137
28 35 139.94471
28 36 138.19546
28 37 149.49962
28 38 200.86068
28 39 139.09507
28 40 150.52579
28 41 175.6083
28 42 139.56874
28 43 151.44507
28 44 151.76433
28 45 170.24893
28 46 154.24214
28 47 113.76015
28 48 129.14267
28 49 144.35007
29 30 143.03249
29 31 153.82601
29 32 153.97616
29 33 202.09756
29 34 194.82348
29 35 153.93999
29 36 147.88726
29 37 143.15077
29 38 185.95645
29 39 149.59927
29 40 152.69244
29 41 146.33558
29 42 131.41083
29 43 118.99253
29 44 158.03191
29 45 158.13642
29 46 126.17697
29 47 131.16063
29 48 115.04457
29 49 114.59528
30 31 173.6441
30 32 195.72003
30 33 224.33733
30 34 184.91638
30 35 180.16422
30 36 173.45505
30 37 157.92537
30 38 172.56984
30 39 175.00977
30 40 170.11378
30 41 125.82034
30 42 153.65204
30 43 129.87416
30 44 176.79283
30 45 157.89191
30 46 131.44831
30 47 169.74368
30 48 151.68567
30 49 136.77762
31 32 156.17356
31 33 151.05327
31 34 159.21661
31 35 111.86949
31 36 110.14613
31 37 115.817
31 38 157.33746
31 39 109.59662
31 40 104.54299
31 41 154.21897
31 42 123.05496
31 43 148.01398
31 44 104.24291
31 45 129.6886
31 46 142.88106
31 47 136.6632
31 48 139.89129
31 49 144.26628
32 33 179.01387
32 34 215.15465
32 35 145.74636
32 36 146.18177
32 37 160.87105
32 38 211.78178
32 39 146.57731
32 40 159.30525
32 41 190.16611
32 42 152.52338
32 43 166.71802
32 44 158.94367
32 45 181.54332
32 46 169.09598
32 47 127.51367
32 48 144.38143
32 49 159.6101
33 34 179.86255
33 35 148.15847
33 36 154.38601
33 37 166.4834
33 38 186.20049
33 39 152.65889
33 40 154.2678
33 41 202.91095
33 42 173.4758
33 43 198.93282
33 44 147.60945
33 45 171.87952
33 46 193.9172
33 47 176.11728
33 48 187.15041
33 49 194.66342
34 35 170.5912
34 36 169.00992
34 37 156.63982
34 38 113.02917
34 39 168.75394
34 40 155.85391
34 41 159.55775
34 42 168.43772
34 43 178.4554
34 44 157.09384
34 45 137.11901
34 46 170.2038
34 47 192.37319
34 48 186.76839
34 49 180.40057
35 36 106.74352
35 37 124.64811
35 38 169.16217
35 39 105.15541
35 40 116.15867
35 41 163.17349
35 42 126.74546
35 43 152.30371
35 44 113.51454
35 45 141.34205
35 46 148.73865
35 47 130.4587
35 48 139.01936
35 49 147.24442
36 37 118.88737
36 38 166.38712
36 39 101.72743
36 40 113.1758
36 41 156.94051
36 42 120.00251
36 43 145.57917
36 44 113.60635
36 45 137.30048
36 46 142.01863
36 47 127.0302
36 48 133.14881
36 49 140.61492
37 38 151.36237
37 39 119.89595
37 40 112.21585
37 41 138.7269
37 42 112.43625
37 43 133.65674
37 44 118.88138
37 45 120.78489
37 46 127.63561
37 47 135.9815
37 48 131.57649
37 49 131.19886
38 39 166.45742
38 40 153.37083
38 41 147.63227
38 42 162.1611
38 43 168.61926
38 44 156.09181
38 45 130.63926
38 46 160.45613
38 47 187.2904
38 48 179.45051
38 49 171.37242
39 40 113.09605
39 41 158.19987
39 42 121.64115
39 43 147.24619
39 44 112.68835
39 45 137.71771
39 46 143.58736
39 47 128.27119
39 48 134.83949
39 49 142.3233
40 41 150.04898
40 42 121.37338
40 43 145.4056
40 44 106.68062
40 45 125.22116
40 46 139.77083
40 47 138.25642
40 48 139.37439
40 49 142.19477
41 42 139.63125
41 43 127.38185
41 44 156.54241
41 45 133.04889
41 46 121.70603
41 47 162.65552
41 48 147.18313
41 49 133.27333
42 43 125.65241
42 44 127.11922
42 45 131.66466
42 46 122.2258
42 47 125.80955
42 48 119.14604
42 49 121.26469
43 44 151.78711
43 45 143.16793
43 46 108.25401
43 47 140.08222
43 48 122.33688
43 49 107.10995
44 45 129.93909
44 46 146.3596
44 47 140.51418
44 48 144.13378
44 49 148.25526
45 46 135.07012
45 47 156.65404
45 48 149.66355
45 49 143.9984
46 47 141.72306
46 48 125.51275
46 49 111.96902
47 48 118.16161
47 49 133.02532
48 49 115.2287
