50 15
0 1 142.27698
0 2 134.65008
0 3 177.57866
0 4 141.52057
0 5 112.86527
0 6 128.34392
0 7 149.16022
0 8 160.19785
0 9 108.03132
0 10 103.72435
0 11 154.49137
0 12 154.16245
0 13 144.47103
0 14 162.18097
0 15 167.61639
0 16 158.56876
0 17 156.38281
0 18 143.13662
0 19 159.50405
0 20 135.53689
0 21 136.36439
0 22 166.67664
0 23 158.42227
0 24 123.32823
0 25 153.52134
0 26 160.91327
0 27 146.42965
0 28 117.84641
0 29 157.51271
0 30 143.6836
0 31 147.29132
0 32 113.25481
0 33 140.96709
0 34 131.88059
0 35 160.32809
0 36 145.61
0 37 147.24595
0 38 133.07317
0 39 121.3464
0 40 141.6427
0 41 136.0947
0 42 155.54151
0 43 158.76607
0 44 129.28349
0 45 146.69665
0 46 155.55179
0 47 134.27626
0 48 120.66178
0 49 112.47605
1 2 113.6828
1 3 168.69589
1 4 165.23915
1 5 136.87167
1 6 164.60284
1 7 188.10968
1 8 177.75156
1 9 140.36677
1 10 144.12098
1 11 187.15464
1 12 170.72585
1 13 172.06913
1 14 196.74471
1 15 150.38796
1 16 188.06094
1 17 191.07716
1 18 154.08721
1 19 184.13946
1 20 153.13597
1 21 177.91581
1 22 183.01606
1 23 121.36717
1 24 144.64569
1 25 125.54963
1 26 119.76348
1 27 108.98779
1 28 125.64052
1 29 196.72371
1 30 183.12728
1 31 113.08044
1 32 149.04866
1 33 176.71518
1 34 143.61984
1 35 120.84246
1 36 177.57412
1 37 167.51762
1 38 116.21531
1 39 162.93022
1 40 168.51589
1 41 158.11131
1 42 174.83217
1 43 167.19912
1 44 165.7825
1 45 184.12127
1 46 150.92441
1 47 108.03467
1 48 161.78631
1 49 137.38577
2 3 158.38051
2 4 151.79601
2 5 133.47539
2 6 153.02089
2 7 176.74305
2 8 164.08077
2 9 135.28828
2 10 137.35838
2 11 174.3072
2 12 157.05176
2 13 158.83154
2 14 184.10278
2 15 141.90611
2 16 174.80372
2 17 178.52786
2 18 140.43673
2 19 170.56118
2 20 139.56036
2 21 171.00881
2 22 169.393
2 23 123.78222
2 24 144.12772
2 25 120.55021
2 26 132.70934
2 27 112.69013
2 28 122.04846
2 29 185.33663
2 30 172.04043
2 31 126.0007
2 32 138.41243
2 33 164.64004
2 34 146.06772
2 35 126.01429
2 36 164.77143
2 37 153.87909
2 38 102.59905
2 39 155.99496
2 40 168.20872
2 41 158.81394
2 42 161.15123
2 43 153.88342
2 44 154.21572
2 45 172.32562
2 46 138.88827
2 47 110.89524
2 48 155.23274
2 49 126.67958
3 4 153.20302
3 5 184.54518
3 6 172.62783
3 7 189.62196
3 8 144.86207
3 9 183.24575
3 10 181.30284
3 11 174.59254
3 12 142.35196
3 13 159.98656
3 14 183.93933
3 15 120.11663
3 16 168.94392
3 17 180.90555
3 18 138.29645
3 19 158.60445
3 20 147.26692
3 21 206.01141
3 22 144.35004
3 23 155.72497
3 24 197.04112
3 25 144.72266
3 26 179.98638
3 27 160.82924
3 28 175.97132
3 29 195.96234
3 30 188.07277
3 31 181.6178
3 32 170.06688
3 33 175.97653
3 34 201.8352
3 35 160.433
3 36 169.07671
3 37 148.03178
3 38 157.10415
3 39 194.11101
3 40 218.91547
3 41 211.75242
3 42 147.1114
3 43 129.77424
3 44 173.39887
3 45 183.31364
3 46 122.05483
3 47 169.15345
3 48 194.62236
3 49 165.12374
4 5 153.74153
4 6 121.68907
4 7 136.58441
4 8 119.19812
4 9 149.50361
4 10 144.44756
4 11 124.88065
4 12 114.55702
4 13 108.10998
4 14 135.19553
4 15 154.8613
4 16 123.32023
4 17 130.55918
4 18 117.4398
4 19 119.31233
4 20 112.58831
4 21 156.78039
4 22 125.66517
4 23 169.30911
4 24 164.83599
4 25 158.21345
4 26 184.48701
4 27 163.31918
4 28 152.44518
4 29 143.51742
4 30 134.87722
4 31 176.09602
4 32 128.62248
4 33 122.78307
4 34 173.25571
4 35 173.47803
4 36 116.83976
4 37 106.69617
4 38 149.1988
4 39 148.53132
4 40 179.99982
4 41 176.70192
4 42 114.29689
4 43 124.71095
4 44 122.07775
4 45 130.33555
4 46 136.65673
4 47 159.63642
4 48 149.82785
4 49 133.5641
5 6 141.11688
5 7 160.99702
5 8 171.99077
5 9 105.42712
5 10 111.5017
5 11 167.31724
5 12 165.663
5 13 157.16189
5 14 174.82215
5 15 172.02939
5 16 171.426
5 17 169.04726
5 18 153.08644
5 19 172.11071
5 20 146.4214
5 21 142.04991
5 22 178.41367
5 23 156.05841
5 24 112.56686
5 25 153.91227
5 26 153.46293
5 27 143.12273
5 28 111.64638
5 29 169.12579
5 30 155.41962
5 31 138.59357
5 32 126.02491
5 33 153.64384
5 34 119.60459
5 35 156.95024
5 36 158.47422
5 37 159.13344
5 38 132.79213
5 39 127.6485
5 40 135.32072
5 41 127.22065
5 42 167.48701
5 43 168.93766
5 44 142.01946
5 45 159.01695
5 46 162.61379
5 47 129.07042
5 48 126.10646
5 49 121.47044
6 7 123.73345
6 8 140.04949
6 9 135.90754
6 10 129.89069
6 11 126.24473
6 12 136.2121
6 13 119.93518
6 14 133.93307
6 15 170.18348
6 16 131.1336
6 17 128.11436
6 18 134.41515
6 19 134.55735
6 20 125.65788
6 21 135.09181
6 22 146.24774
6 23 174.99154
6 24 149.7559
6 25 166.12333
6 26 184.32441
6 27 165.68955
6 28 144.45543
6 29 132.31682
6 30 119.2996
6 31 172.69565
6 32 116.27025
6 33 112.74643
6 34 159.14113
6 35 178.27153
6 36 117.88666
6 37 128.3583
6 38 150.61606
6 39 127.90196
6 40 160.74063
6 41 159.2354
6 42 135.07759
6 43 145.86107
6 44 101.19585
6 45 119.54429
6 46 153.21291
6 47 157.35454
6 48 129.49105
6 49 127.31081
7 8 148.7413
7 9 155.56999
7 10 149.53319
7 11 119.48194
7 12 148.21627
7 13 129.70825
7 14 118.79729
7 15 190.76265
7 16 127.68488
7 17 115.21714
7 18 153.38332
7 19 137.15784
7 20 145.88889
7 21 135.88951
7 22 153.32706
7 23 198.62105
7 24 166.82038
7 25 189.39137
7 26 207.76122
7 27 189.41773
7 28 166.57028
7 29 108.61527
7 30 105.6261
7 31 195.56272
7 32 139.15598
7 33 114.03809
7 34 176.52566
7 35 201.97214
7 36 120.81463
7 37 141.64939
7 38 174.34687
7 39 138.68417
7 40 170.54773
7 41 172.51906
7 42 144.61437
7 43 160.32913
7 44 122.53762
7 45 106.3234
7 46 172.8449
7 47 180.68742
7 48 140.79305
7 49 150.72413
8 9 168.07526
8 10 163.29654
8 11 131.02926
8 12 107.03966
8 13 120.83475
8 14 139.54179
8 15 153.51934
8 16 124.40101
8 17 137.28987
8 18 123.70502
8 19 113.78948
8 20 126.3409
8 21 174.7706
8 22 106.49781
8 23 177.02427
8 24 183.50716
8 25 164.84728
8 26 195.82092
8 27 173.96543
8 28 169.26218
8 29 153.50979
8 30 148.90371
8 31 189.75599
8 32 147.60592
8 33 137.02408
8 34 191.59331
8 35 181.67031
8 36 128.27609
8 37 112.96388
8 38 161.59734
8 39 167.52849
8 40 199.19775
8 41 195.752
8 42 104.9822
8 43 116.15419
8 44 140.20363
8 45 142.58313
8 46 136.2279
8 47 173.43071
8 48 168.89607
8 49 150.99389
9 10 106.10626
9 11 162.14308
9 12 161.93579
9 13 152.49161
9 14 169.50508
9 15 171.84911
9 16 166.45309
9 17 163.74315
9 18 150.21973
9 19 167.53367
9 20 143.02409
9 21 137.71536
9 22 174.54039
9 23 158.56428
9 24 115.45497
9 25 155.32158
9 26 157.77219
9 27 145.89356
9 28 114.72816
9 29 163.70302
9 30 149.99265
9 31 143.23378
9 32 121.27299
9 33 148.35548
9 34 123.84954
9 35 159.84409
9 36 153.41517
9 37 155.14266
9 38 134.23149
9 39 122.96129
9 40 135.71652
9 41 128.97895
9 42 163.46182
9 43 165.99393
9 44 136.77985
9 45 153.62315
9 46 161.20286
9 47 132.38871
9 48 121.60058
9 49 118.6634
10 11 156.13536
10 12 157.386
10 13 146.95916
10 14 163.41121
10 15 171.22942
10 16 160.6073
10 17 157.65518
10 18 146.72664
10 19 162.06348
10 20 138.98816
10 21 133.92724
10 22 169.78782
10 23 161.05464
10 24 120.49406
10 25 156.62709
10 26 162.28993
10 27 148.80261
10 28 118.92683
10 29 157.71848
10 30 143.97132
10 31 148.20226
10 32 115.87429
10 33 142.27772
10 34 129.46856
10 35 162.75566
10 36 147.50584
10 37 150.33283
10 38 135.9304
10 39 118.87429
10 40 137.95863
10 41 132.67449
10 42 158.58013
10 43 162.29696
10 44 130.73883
10 45 147.52046
10 46 159.27489
10 47 136.08662
10 48 117.92547
10 49 116.19468
11 12 132.24094
11 13 116.77447
11 14 110.31663
11 15 179.10796
11 16 108.20295
11 17 106.32563
11 18 142.13128
11 19 118.19645
11 20 137.02499
11 21 152.7279
11 22 134.76047
11 23 193.55417
11 24 175.86064
11 25 182.82517
11 26 206.82985
11 27 186.47929
11 28 169.77038
11 29 122.65255
11 30 121.85533
11 31 196.70853
11 32 141.81157
11 33 114.47669
11 34 185.32461
11 35 197.52703
11 36 109.58915
11 37 127.48151
11 38 171.73245
11 39 151.23755
11 40 184.50935
11 41 184.43165
11 42 127.68788
11 43 144.81878
11 44 125.42555
11 45 114.47656
11 46 160.80841
11 47 180.63942
11 48 153.17138
11 49 151.39468
12 13 118.74335
12 14 141.70503
12 15 148.65393
12 16 126.94332
12 17 138.55631
12 18 116.72457
12 19 117.47214
12 20 119.56981
12 21 171.28662
12 22 112.95292
12 23 170.41874
12 24 177.39042
12 25 158.34484
12 26 188.86976
12 27 167.03467
12 28 162.5082
12 29 153.92682
12 30 147.56758
12 31 182.71635
12 32 141.92703
12 33 135.38124
12 34 185.26145
12 35 175.01504
12 36 127.40223
12 37 107.86211
12 38 154.56395
12 39 162.96751
12 40 193.91835
12 41 189.99527
12 42 105.34156
12 43 112.58022
12 44 136.54878
12 45 141.91015
12 46 130.78554
12 47 166.39447
12 48 164.20057
12 49 144.46803
13 14 127.0908
13 15 162.75593
13 16 115.99186
13 17 122.48102
13 18 125.47263
13 19 115.13607
13 20 120.39439
13 21 154.05553
13 22 126.68883
13 23 177.11747
13 24 167.43797
13 25 166.18011
13 26 191.53121
13 27 170.66017
13 28 157.33235
13 29 136.07114
13 30 128.82509
13 31 182.43658
13 32 131.21872
13 33 116.64154
13 34 176.32933
13 35 181.20527
13 36 109.13516
13 37 111.9584
13 38 156.2343
13 39 147.83026
13 40 180.45585
13 41 178.24469
13 42 116.04581
13 43 130.62769
13 44 119.87772
13 45 123.3852
13 46 144.49075
13 47 166.07187
13 48 149.38508
13 49 138.37538
14 15 189.22463
14 16 115.14352
14 17 105.82408
14 18 152.40565
14 19 125.8938
14 20 147.31084
14 21 154.61738
14 22 142.28017
14 23 203.73274
14 24 182.39487
14 25 193.09473
14 26 216.47533
14 27 196.39556
14 28 178.28218
14 29 117.64643
14 30 123.32941
14 31 205.89516
14 32 150.08957
14 33 121.21861
14 34 192.01977
14 35 207.65306
14 36 119.42919
14 37 137.5483
14 38 181.54487
14 39 155.8743
14 40 188.59177
14 41 189.67844
14 42 136.8281
14 43 154.24689
14 44 132.93155
14 45 116.86709
14 46 170.93256
14 47 190.02115
14 48 157.92545
14 49 160.37574
15 16 175.18819
15 17 185.13258
15 18 137.50379
15 19 166.1231
15 20 145.02636
15 21 200.22109
15 22 155.31063
15 23 135.72604
15 24 184.06457
15 25 125.34068
15 26 160.14196
15 27 141.98767
15 28 162.01753
15 29 198.19994
15 30 188.04026
15 31 162.96568
15 32 163.21199
15 33 176.72479
15 34 187.45492
15 35 140.37767
15 36 171.69931
15 37 151.67655
15 38 141.21567
15 39 186.74244
15 40 207.28453
15 41 198.9779
15 42 153.98193
15 43 137.43603
15 44 171.17646
15 45 184.7221
15 46 118.29958
15 47 152.1236
15 48 186.82218
15 49 155.41086
16 17 113.65126
16 18 139.37738
16 19 110.78988
16 20 135.90817
16 21 160.30057
16 22 127.33289
16 23 192.58402
16 24 180.78742
16 25 181.32031
16 26 207.50922
16 27 186.54654
16 28 172.66621
16 29 130.41102
16 30 129.87773
16 31 198.3605
16 32 145.46222
16 33 121.02852
16 34 190.04893
16 35 196.78662
16 36 113.25081
16 37 123.88526
16 38 172.20549
16 39 157.69332
16 40 191.00433
16 41 190.24735
16 42 121.8827
16 43 139.36897
16 44 130.53557
16 45 122.54231
16 46 156.99742
16 47 182.02779
16 48 159.53922
16 49 153.83861
17 18 147.95296
17 19 124.20201
17 20 142.33745
17 21 150.34438
17 22 140.81425
17 23 198.46174
17 24 176.76961
17 25 188.00617
17 26 210.82114
17 27 190.88244
17 28 172.45942
17 29 116.76534
17 30 118.89643
17 31 200.12546
17 32 144.26568
17 33 115.41573
17 34 186.37136
17 35 202.31286
17 36 114.16095
17 37 133.61631
17 38 175.98033
17 39 150.65915
17 40 183.6096
17 41 184.35495
17 42 134.011
17 43 151.13133
17 44 127.11963
17 45 111.85985
17 46 166.83865
17 47 184.29561
17 48 152.68317
17 49 154.59201
18 19 132.2248
18 20 109.01461
18 21 167.89622
18 22 128.9813
18 23 154.19806
18 24 165.42206
18 25 142.4072
18 26 172.14628
18 27 150.32043
18 28 148.06007
18 29 160.7043
18 30 150.98528
18 31 166.2491
18 32 133.10992
18 33 139.35943
18 34 172.35905
18 35 158.68587
18 36 134.26215
18 37 115.59601
18 38 137.98435
18 39 156.74064
18 40 184.57127
18 41 179.12226
18 42 121.27699
18 43 115.85568
18 44 135.23693
18 45 147.27518
18 46 119.46193
18 47 150.05992
18 48 157.49641
18 49 131.67103
19 20 131.00546
19 21 167.11822
19 22 116.61288
19 23 186.37632
19 24 182.55146
19 25 174.63022
19 26 203.11423
19 27 181.6123
19 28 171.60557
19 29 140.83606
19 30 138.38869
19 31 195.27462
19 32 146.27104
19 33 127.62101
19 34 191.38239
19 35 190.80184
19 36 118.52945
19 37 116.91142
19 38 167.97907
19 39 162.35776
19 40 195.29257
19 41 193.33899
19 42 112.14162
19 43 129.38284
19 44 134.30779
19 45 131.40116
19 46 148.22145
19 47 178.79959
19 48 164.01381
19 49 152.65016
20 21 158.88231
20 22 132.51659
20 23 156.7509
20 24 158.43296
20 25 145.80671
20 26 172.16502
20 27 150.83261
20 28 142.94488
20 29 153.62584
20 30 143.01444
20 31 164.43738
20 32 124.56971
20 33 131.89043
20 34 165.96618
20 35 160.89516
20 36 128.21582
20 37 114.54342
20 38 136.97575
20 39 147.88919
20 40 176.51201
20 41 171.6285
20 42 122.47541
20 43 123.45396
20 44 126.54244
20 45 140.00059
20 46 127.60712
20 47 147.96856
20 48 148.71498
20 49 125.04058
21 22 180.74397
21 23 194.78556
21 24 141.19094
21 25 189.3884
21 26 195.4415
21 27 182.7068
21 28 152.3701
21 29 140.5457
21 30 131.45133
21 31 180.63714
21 32 137.01077
21 33 139.63014
21 34 149.96632
21 35 196.6431
21 36 148.61191
21 37 163.44169
21 38 169.37309
21 39 115.06007
21 40 136.27418
21 41 141.03468
21 42 169.85088
21 43 180.71618
21 44 134.74148
21 45 138.62535
21 46 185.13715
21 47 169.88952
21 48 116.13726
21 49 146.24828
22 23 181.09005
22 24 189.97846
22 25 168.76905
22 26 200.70137
22 27 178.81115
22 28 175.45932
22 29 157.41302
22 30 153.96593
22 31 195.23005
22 32 154.1037
22 33 142.3754
22 34 198.01818
22 35 185.82152
22 36 133.39611
22 37 119.45778
22 38 166.95697
22 39 173.86292
22 40 205.6596
22 41 202.2498
22 42 111.37882
22 43 118.25131
22 44 146.34573
22 45 147.3319
22 46 138.98007
22 47 179.00911
22 48 175.26144
22 49 157.33613
23 24 165.24655
23 25 112.42543
23 26 124.54809
23 27 113.12409
23 28 144.41369
23 29 207.10525
23 30 194.26827
23 31 130.80841
23 32 161.47941
23 33 185.71706
23 34 164.9049
23 35 104.88995
23 36 184.34074
23 37 169.53923
23 38 125.57043
23 39 179.7614
23 40 189.34792
23 41 179.16576
23 42 175.34005
23 43 163.32776
23 44 176.18117
23 45 193.70677
23 46 143.48664
23 47 127.64433
23 48 178.96309
23 49 149.97223
24 25 164.66659
24 26 158.38713
24 27 152.12283
24 28 122.26023
24 29 174.36171
24 30 161.2017
24 31 142.82656
24 32 136.35247
24 33 161.63622
24 34 109.70543
24 35 165.42369
24 36 167.58965
24 37 170.56349
24 38 143.86661
24 39 129.32961
24 40 124.17755
24 41 114.91361
24 42 178.86743
24 43 181.24845
24 44 150.48264
24 45 165.8973
24 46 175.14558
24 47 137.60714
24 48 127.3058
24 49 133.75136
25 26 135.44393
25 27 116.81043
25 28 142.58505
25 29 197.72002
25 30 185.38729
25 31 137.75186
25 32 154.08724
25 33 176.03176
25 34 166.16919
25 35 117.27935
25 36 173.84527
25 37 157.91626
25 38 121.1462
25 39 174.6368
25 40 188.75893
25 41 179.30088
25 42 163.35787
25 43 150.93093
25 44 167.28917
25 45 184.14271
25 46 131.08628
25 47 128.82717
25 48 174.13705
25 49 143.30179
26 27 121.89076
26 28 143.36682
26 29 216.37032
26 30 202.71527
26 31 115.58719
26 32 168.63363
26 33 196.4761
26 34 154.46036
26 35 120.30617
26 36 197.25925
26 37 186.3172
26 38 135.30834
26 39 180.72088
26 40 180.63206
26 41 169.6891
26 42 193.27219
26 43 183.93008
26 44 185.50042
26 45 203.85518
26 46 165.60784
26 47 127.1096
26 48 179.36384
26 49 157.05552
27 28 131.50515
27 29 198.00632
27 30 184.72981
27 31 120.98008
27 32 151.0603
27 33 177.20403
27 34 151.94722
27 35 113.96917
27 36 177.00063
27 37 164.7414
27 38 115.07819
27 39 167.64699
27 40 176.22643
27 41 166.07781
27 42 171.51073
27 43 162.11627
27 44 166.8849
27 45 184.94561
27 46 144.38604
27 47 114.52096
27 48 166.71929
27 49 139.30007
28 29 175.03383
28 30 161.19351
28 31 129.44745
28 32 128.20443
28 33 157.18991
28 34 125.86411
28 35 145.37716
28 36 160.40741
28 37 156.90182
28 38 121.62836
28 39 137.47166
28 40 146.20343
28 41 137.11768
28 42 165.17331
28 43 163.71998
28 44 145.52836
28 45 163.61487
28 46 154.46954
28 47 117.68128
28 48 136.2334
28 49 118.97708
29 30 113.842
29 31 204.10605
29 32 147.75408
29 33 121.82911
29 34 184.04912
29 35 210.50218
29 36 126.93728
29 37 147.97116
29 38 182.93214
29 39 145.62158
29 40 176.29745
29 41 179.13035
29 42 149.82353
29 43 166.34184
29 44 131.12158
29 45 113.66542
29 46 180.11069
29 47 189.29122
29 48 147.73792
29 49 159.33797
30 31 190.29993
30 32 134.08576
30 33 112.21679
30 34 170.90712
30 35 197.49073
30 36 120.63319
30 37 140.51186
30 38 169.68939
30 39 133.20549
30 40 165.39985
30 41 167.07855
30 42 144.47068
30 43 159.26254
30 44 118.11951
30 45 107.38514
30 46 170.38946
30 47 175.61364
30 48 135.30668
30 49 145.76794
31 32 156.54783
31 33 185.23405
31 34 138.99904
31 35 128.43797
31 36 187.13686
31 37 178.96232
31 38 128.3303
31 39 166.15469
31 40 165.11977
31 41 154.20747
31 42 186.57336
31 43 179.87823
31 44 173.8331
31 45 192.17564
31 46 163.99117
31 47 116.47698
31 48 164.68044
31 49 145.55036
32 33 128.98909
32 34 145.11544
32 35 164.28059
32 36 132.67349
32 37 134.65578
32 38 136.2058
32 39 124.05769
32 40 152.16075
32 41 148.1471
32 42 142.8268
32 43 147.99069
32 44 117.36693
32 45 135.63787
32 46 148.59305
32 47 141.54052
32 48 124.57436
32 49 111.78076
33 34 171.17774
33 35 189.28087
33 36 109.12183
33 37 128.29794
33 38 162.15403
33 39 136.83885
33 40 170.1472
33 41 169.9571
33 42 132.45661
33 43 147.05113
33 44 111.71885
33 45 108.16418
33 46 158.82107
33 47 169.66654
33 48 138.74546
33 49 139.70965
34 35 164.35415
34 36 176.90223
34 37 178.72519
34 38 146.3513
34 39 138.85649
34 40 126.20327
34 41 115.23169
34 42 187.07488
34 43 188.20851
34 44 159.90876
34 45 175.56953
34 46 180.28893
34 47 137.69536
34 48 136.79944
34 49 140.94355
35 36 188.23325
35 37 173.92861
35 38 128.08912
35 39 181.58533
35 40 189.35304
35 41 178.94656
35 42 179.88708
35 43 168.12331
35 44 179.46556
35 45 197.20295
35 46 148.35893
35 47 127.99869
35 48 180.67694
35 49 152.62247
36 37 121.05075
36 38 162.20239
36 39 144.73119
36 40 177.98846
36 41 177.01857
36 42 123.92229
36 43 139.58937
36 44 117.28749
36 45 114.5165
36 46 153.47705
36 47 171.05167
36 48 146.52231
36 49 141.89462
37 38 151.31367
37 39 155.17576
37 40 186.40368
37 41 182.80258
37 42 108.35989
37 43 118.7551
37 44 128.71279
37 45 135.32882
37 46 133.38762
37 47 162.49992
37 48 156.44214
37 49 138.34234
38 39 154.4059
38 40 167.81914
38 41 158.66594
38 42 158.62299
38 43 151.62671
38 44 151.81161
38 45 169.87221
38 46 137.16571
38 47 112.71927
38 48 153.71934
38 49 124.53416
39 40 133.3179
39 41 133.88633
39 42 162.5492
39 43 170.86463
39 44 128.06135
39 45 139.00727
39 46 172.63273
39 47 154.89776
39 48 102.11726
39 49 131.83844
40 41 110.99707
40 42 194.28208
40 43 199.95441
40 44 161.04673
40 45 171.80376
40 46 196.86195
40 47 161.70593
40 48 131.47111
40 49 153.92004
41 42 190.95537
41 43 194.83013
41 44 159.7451
41 45 172.82456
41 46 189.79042
41 47 151.59834
41 48 131.80045
41 49 147.64229
42 43 117.48875
42 44 135.24431
42 45 138.37808
42 46 136.12543
42 47 170.16024
42 48 163.92246
42 49 146.6849
43 44 146.41279
43 45 154.00586
43 46 120.7309
43 47 164.17016
43 48 171.83213
43 49 147.50473
44 45 118.38051
44 46 154.12704
44 47 158.52132
44 48 129.70651
44 49 128.47667
45 46 166.7263
45 47 176.8988
45 48 141.05995
45 49 146.85499
46 47 149.77127
46 48 173.02577
46 49 143.08641
47 48 153.76339
47 49 130.04468
48 49 131.66133
