100 10
0 1 181.76147
0 2 154.17379
0 3 140.94632
0 4 177.48239
0 5 110.71476
0 6 108.54847
0 7 154.59007
0 8 148.96042
0 9 145.51908
0 10 152.13381
0 11 140.33271
0 12 139.33162
0 13 149.93828
0 14 171.7588
0 15 133.14055
0 16 183.27759
0 17 168.17686
0 18 103.47155
0 19 181.94192
0 20 129.57883
0 21 161.57449
0 22 159.49171
0 23 168.62359
0 24 116.37629
0 25 188.26065
0 26 162.60979
0 27 120.56175
0 28 124.63825
0 29 173.89605
0 30 136.03554
0 31 133.33138
0 32 141.94148
0 33 126.86831
0 34 162.38119
0 35 194.75033
0 36 120.25128
0 37 130.68183
0 38 174.42062
0 39 149.74091
0 40 138.04655
0 41 140.87276
0 42 146.39859
0 43 155.7034
0 44 155.67105
0 45 139.80619
0 46 171.27479
0 47 172.0797
0 48 155.95765
0 49 134.78277
0 50 175.0918
0 51 130.31912
0 52 137.07928
0 53 167.36339
0 54 183.40057
0 55 121.04838
0 56 163.03889
0 57 176.80657
0 58 163.39339
0 59 153.93529
0 60 160.4147
0 61 120.92199
0 62 179.3774
0 63 157.09447
0 64 122.27794
0 65 181.37007
0 66 156.09214
0 67 158.46029
0 68 155.97033
0 69 145.13398
0 70 169.06241
0 71 135.79802
0 72 162.30576
0 73 169.55738
0 74 108.83896
0 75 123.73731
0 76 135.97513
0 77 129.11637
0 78 124.78553
0 79 128.42443
0 80 155.26969
0 81 117.94007
0 82 154.49227
0 83 123.5617
0 84 127.74334
0 85 160.87309
0 86 149.42133
0 87 162.82346
0 88 186.86745
0 89 178.13489
0 90 154.79463
0 91 143.20996
0 92 102.86824
0 93 171.53734
0 94 168.33465
0 95 148.35438
0 96 188.04061
0 97 166.55028
0 98 174.13397
0 99 154.39419
1 2 133.92389
1 3 167.32281
1 4 147.68324
1 5 174.04181
1 6 181.9901
1 7 127.17553
1 8 142.46719
1 9 165.7058
1 10 198.31202
1 11 161.93154
1 12 158.57423
1 13 132.25179
1 14 167.76685
1 15 156.22469
1 16 109.91539
1 17 169.30618
1 18 178.41802
1 19 107.17931
1 20 194.15654
1 21 121.18927
1 22 197.70403
1 23 155.61239
1 24 168.35493
1 25 156.65111
1 26 134.8312
1 27 187.16328
1 28 192.78831
1 29 183.35016
1 30 174.898
1 31 179.13398
1 32 171.95294
1 33 164.94054
1 34 199.11132
1 35 161.53119
1 36 161.66083
1 37 186.07146
1 38 122.14479
1 39 185.57281
1 40 145.34474
1 41 141.84485
1 42 208.99599
1 43 188.41932
1 44 126.09546
1 45 192.29243
1 46 149.63321
1 47 125.23389
1 48 217.10819
1 49 169.93412
1 50 108.82097
1 51 157.95977
1 52 153.93108
1 53 182.0206
1 54 178.71141
1 55 162.80894
1 56 124.15888
1 57 109.39613
1 58 190.03847
1 59 210.79654
1 60 159.25714
1 61 201.12372
1 62 136.30557
1 63 195.47439
1 64 170.54966
1 65 144.91534
1 66 127.23884
1 67 173.77617
1 68 129.97122
1 69 147.58448
1 70 186.7874
1 71 150.63086
1 72 219.15717
1 73 129.17353
1 74 190.37481
1 75 159.49059
1 76 176.74644
1 77 183.47281
1 78 198.74825
1 79 190.21945
1 80 200.84821
1 81 196.47695
1 82 143.36396
1 83 158.42915
1 84 166.88973
1 85 121.31585
1 86 138.49745
1 87 121.56053
1 88 154.28219
1 89 146.84743
1 90 188.09705
1 91 174.59211
1 92 184.36186
1 93 110.23664
1 94 166.84757
1 95 133.74172
1 96 155.11657
1 97 115.46561
1 98 172.45892
1 99 178.2295
2 3 133.44033
2 4 130.63911
2 5 149.39146
2 6 152.09302
2 7 116.5186
2 8 137.00819
2 9 132.14487
2 10 164.51884
2 11 151.64969
2 12 124.67422
2 13 111.97172
2 14 141.25825
2 15 140.68545
2 16 140.23179
2 17 141.11448
2 18 151.27441
2 19 131.08308
2 20 161.08581
2 21 114.03975
2 22 164.4842
2 23 130.29891
2 24 138.54248
2 25 142.83979
2 26 141.20765
2 27 154.96556
2 28 171.53008
2 29 154.61094
2 30 141.00496
2 31 145.36142
2 32 138.11103
2 33 132.3884
2 34 166.11897
2 35 149.55218
2 36 134.5106
2 37 168.6466
2 38 140.85373
2 39 152.01508
2 40 128.16185
2 41 114.91911
2 42 175.25796
2 43 155.32915
2 44 116.77043
2 45 158.41574
2 46 127.53035
2 47 141.17706
2 48 183.22347
2 49 136.09757
2 50 131.5016
2 51 125.83257
2 52 140.84537
2 53 151.67603
2 54 154.34618
2 55 133.27253
2 56 130.82948
2 57 125.9445
2 58 157.94818
2 59 176.87335
2 60 129.56199
2 61 171.12212
2 62 127.19255
2 63 162.14258
2 64 138.35661
2 65 132.19027
2 66 123.72816
2 67 142.17119
2 68 104.3301
2 69 139.69758
2 70 156.22575
2 71 118.86836
2 72 185.24568
2 73 115.75588
2 74 161.93791
2 75 130.43652
2 76 142.85759
2 77 165.90588
2 78 175.69376
2 79 157.07626
2 80 167.13891
2 81 166.03393
2 82 111.55151
2 83 131.27719
2 84 149.81397
2 85 115.16739
2 86 105.03786
2 87 112.45711
2 88 140.69237
2 89 130.66802
2 90 154.91979
2 91 140.79976
2 92 156.32383
2 93 125.64594
2 94 139.14163
2 95 112.75989
2 96 141.91085
2 97 123.56818
2 98 145.90637
2 99 145.54131
3 4 141.6287
3 5 143.45734
3 6 134.13765
3 7 146.11008
3 8 157.95772
3 9 104.75584
3 10 131.12943
3 11 163.33473
3 12 109.50437
3 13 139.55514
3 14 130.96334
3 15 151.12232
3 16 173.50001
3 17 127.24524
3 18 139.91603
3 19 163.92174
3 20 131.81388
3 21 147.12854
3 22 132.16788
3 23 130.1055
3 24 126.74023
3 25 150.33667
3 26 167.68572
3 27 129.54747
3 28 165.0014
3 29 134.16115
3 30 108.92091
3 31 114.12891
3 32 104.75829
3 33 115.60923
3 34 134.24909
3 35 156.2578
3 36 131.6192
3 37 167.93206
3 38 171.98377
3 39 119.2235
3 40 143.96298
3 41 132.16246
3 42 142.95722
3 43 123.70132
3 44 146.87343
3 45 125.69219
3 46 134.7494
3 47 171.447
3 48 150.2324
3 49 106.4728
3 50 164.64917
3 51 118.10389
3 52 153.75898
3 53 128.20488
3 54 142.49371
3 55 125.8842
3 56 160.50179
3 57 158.97307
3 58 128.78684
3 59 143.61179
3 60 120.91159
3 61 149.10688
3 62 147.9496
3 63 129.63882
3 64 118.70932
3 65 146.59283
3 66 152.20752
3 67 118.17957
3 68 137.5709
3 69 157.72491
3 70 131.17848
3 71 122.02674
3 72 151.8454
3 73 142.91791
3 74 144.9094
3 75 126.60534
3 76 110.64107
3 77 165.6105
3 78 165.71892
3 79 127.90699
3 80 133.85177
3 81 143.70218
3 82 125.10633
3 83 130.81771
3 84 154.75262
3 85 147.8571
3 86 129.21361
3 87 145.89397
3 88 149.45846
3 89 142.58677
3 90 123.07325
3 91 107.57923
3 92 141.51635
3 93 158.95525
3 94 127.54318
3 95 138.88256
3 96 150.50005
3 97 156.21642
3 98 133.18765
3 99 116.46025
4 5 175.59969
4 6 172.76442
4 7 145.43465
4 8 167.30936
4 9 137.31985
4 10 165.78071
4 11 182.2047
4 12 138.74157
4 13 142.38486
4 14 122.99269
4 15 170.91095
4 16 157.24323
4 17 126.2378
4 18 175.29781
4 19 141.07179
4 20 173.36188
4 21 138.61603
4 22 161.45765
4 23 113.08521
4 24 161.13668
4 25 112.20815
4 26 169.33616
4 27 170.7991
4 28 198.44697
4 29 139.08469
4 30 150.42032
4 31 155.65127
4 32 144.30917
4 33 151.08902
4 34 161.7891
4 35 118.96262
4 36 160.49424
4 37 197.36656
4 38 164.38588
4 39 152.63822
4 40 158.64151
4 41 144.45257
4 42 182.31101
4 43 152.6529
4 44 145.26578
4 45 165.35399
4 46 106.90882
4 47 165.94721
4 48 187.7694
4 49 147.61017
4 50 150.90168
4 51 147.26179
4 52 171.35649
4 53 140.15195
4 54 131.51013
4 55 157.09895
4 56 157.49413
4 57 138.55897
4 58 150.82546
4 59 180.41877
4 60 121.96642
4 61 189.89673
4 62 112.08421
4 63 159.98718
4 64 156.72337
4 65 105.44654
4 66 152.28886
4 67 135.86846
4 68 132.87257
4 69 170.27587
4 70 144.7455
4 71 143.13297
4 72 187.04529
4 73 120.12712
4 74 183.61608
4 75 155.32
4 76 151.98478
4 77 194.671
4 78 201.33874
4 79 169.50598
4 80 167.24302
4 81 184.4731
4 82 123.80776
4 83 157.73741
4 84 179.35675
4 85 140.56852
4 86 132.81722
4 87 135.14845
4 88 110.1424
4 89 101.19584
4 90 152.75192
4 91 145.68808
4 92 178.95158
4 93 145.28432
4 94 123.65633
4 95 143.33943
4 96 111.37547
4 97 146.73085
4 98 127.07101
4 99 142.54026
5 6 117.46673
5 7 147.00777
5 8 138.81464
5 9 147.59602
5 10 159.95573
5 11 129.69834
5 12 139.47623
5 13 143.17885
5 14 173.13038
5 15 122.65404
5 16 174.68594
5 17 170.00003
5 18 107.74386
5 19 174.93527
5 20 138.99611
5 21 154.74417
5 22 166.52502
5 23 168.25086
5 24 116.71712
5 25 187.02816
5 26 152.50857
5 27 129.55011
5 28 122.86491
5 29 177.49505
5 30 140.56285
5 31 139.06988
5 32 145.52911
5 33 127.98956
5 34 169.35974
5 35 193.71023
5 36 115.18711
5 37 124.52946
5 38 164.94581
5 39 155.61017
5 40 129.12266
5 41 134.97288
5 42 156.28388
5 43 161.5776
5 44 148.07285
5 45 147.80912
5 46 169.89234
5 47 162.42416
5 48 165.91929
5 49 138.02415
5 50 166.84832
5 51 128.93135
5 52 126.56624
5 53 171.26258
5 54 185.57947
5 55 118.90231
5 56 153.92148
5 57 169.94135
5 58 168.88085
5 59 163.35554
5 60 160.90536
5 61 131.34913
5 62 175.87551
5 63 164.00142
5 64 125.38675
5 65 178.94242
5 66 147.52931
5 67 161.5978
5 68 150.45604
5 69 134.73922
5 70 173.57113
5 71 132.53414
5 72 171.95143
5 73 165.12465
5 74 118.99509
5 75 120.28624
5 76 140.96583
5 77 122.32711
5 78 126.30548
5 79 137.20348
5 80 163.181
5 81 128.64624
5 82 151.90707
5 83 118.2226
5 84 117.18503
5 85 153.78586
5 86 145.05665
5 87 156.45321
5 88 185.40523
5 89 176.10895
5 90 160.69066
5 91 147.33458
5 92 113.49661
5 93 163.81958
5 94 169.75724
5 95 141.56216
5 96 186.61648
5 97 158.62154
5 98 176.07153
5 99 158.58136
6 7 155.09977
6 8 152.90883
6 9 138.84307
6 10 143.60153
6 11 146.8417
6 12 134.05783
6 13 149.75213
6 14 165.10053
6 15 138.14149
6 16 184.50392
6 17 161.31313
6 18 109.96533
6 19 181.42047
6 20 121.55659
6 21 161.17474
6 22 150.95303
6 23 163.01566
6 24 113.72954
6 25 183.00637
6 26 166.28778
6 27 112.22645
6 28 132.8873
6 29 166.17932
6 30 128.31248
6 31 125.16564
6 32 134.54218
6 33 121.69472
6 34 153.84433
6 35 189.32547
6 36 120.92425
6 37 139.2144
6 38 176.92749
6 39 141.40229
6 40 140.54707
6 41 140.23549
6 42 138.82712
6 43 147.34106
6 44 156.1722
6 45 131.27978
6 46 166.28987
6 47 174.88797
6 48 148.47121
6 49 127.75071
6 50 175.9849
6 51 126.7072
6 52 142.05344
6 53 159.56361
6 54 176.25353
6 55 119.25477
6 56 165.17637
6 57 176.20325
6 58 155.09937
6 59 145.94633
6 60 154.38861
6 61 119.19772
6 62 175.81748
6 63 148.56623
6 64 116.13496
6 65 176.99269
6 66 157.65316
6 67 151.0473
6 68 154.47443
6 69 149.66309
6 70 161.03566
6 71 133.23721
6 72 154.49599
6 73 166.87026
6 74 110.92216
6 75 122.51904
6 76 128.0523
6 77 137.59595
6 78 132.11291
6 79 120.04146
6 80 146.74828
6 81 114.52097
6 82 150.66124
6 83 123.88844
6 84 134.52994
6 85 160.74137
6 86 147.13194
6 87 161.95777
6 88 181.7751
6 89 173.50898
6 90 146.43033
6 91 135.53844
6 92 107.83718
6 93 171.88587
6 94 161.68082
6 95 148.24878
6 96 182.91346
6 97 167.20194
6 98 167.16308
6 99 146.57046
7 8 122.4003
7 9 146.00226
7 10 176.8999
7 11 139.9412
7 12 136.63246
7 13 106.57913
7 14 157.77591
7 15 131.28946
7 16 129.65897
7 17 157.5449
7 18 151.24262
7 19 128.07678
7 20 168.91129
7 21 108.99827
7 22 178.18311
7 23 146.71809
7 24 141.61934
7 25 157.36961
7 26 124.70392
7 27 161.20127
7 28 166.69957
7 29 170.86416
7 30 152.14721
7 31 155.60439
7 32 150.85914
7 33 139.83425
7 34 180.1048
7 35 163.8393
7 36 134.54355
7 37 161.25459
7 38 125.87615
7 39 165.31251
7 40 119.08848
7 41 115.6829
7 42 184.83583
7 43 169.35373
7 44 101.08134
7 45 169.00225
7 46 143.39583
7 47 125.53164
7 48 193.55857
7 49 146.98058
7 50 120.94018
7 51 132.82318
7 52 130.00853
7 53 167.5589
7 54 170.84578
7 55 136.11314
7 56 114.72625
7 57 123.28798
7 58 172.88795
7 59 187.86089
7 60 145.91455
7 61 174.13908
7 62 138.95945
7 63 175.69822
7 64 144.9291
7 65 145.7997
7 66 107.21208
7 67 157.67345
7 68 112.93894
7 69 126.24222
7 70 171.97928
7 71 125.78628
7 72 196.6013
7 73 126.67708
7 74 163.22638
7 75 132.74809
7 76 153.90302
7 77 158.55086
7 78 172.22302
7 79 165.12756
7 80 179.78202
7 81 169.61928
7 82 127.92524
7 83 131.35022
7 84 141.75724
7 85 107.38441
7 86 118.17917
7 87 112.0772
7 88 155.07143
7 89 145.22108
7 90 168.83248
7 91 153.68927
7 92 157.20299
7 93 116.9473
7 94 155.62337
7 95 107.5395
7 96 156.2387
7 97 112.10318
7 98 162.41703
7 99 160.20653
8 9 159.51715
8 10 185.92573
8 11 119.46466
8 12 148.9684
8 13 125.04363
8 14 176.85579
8 15 116.53731
8 16 139.60242
8 17 175.7908
8 18 145.5383
8 19 146.23577
8 20 171.7247
8 21 130.94048
8 22 189.37422
8 23 166.86006
8 24 142.11537
8 25 179.39935
8 26 113.6948
8 27 162.57958
8 28 152.6487
8 29 188.02594
8 30 161.22588
8 31 163.06871
8 32 162.30463
8 33 146.21989
8 34 191.73757
8 35 185.97084
8 36 133.19393
8 37 144.38014
8 38 127.24758
8 39 176.47159
8 40 114.26353
8 41 126.97968
8 42 189.10578
8 43 181.52165
8 44 122.8756
8 45 175.75789
8 46 164.53742
8 47 124.27914
8 48 198.5666
8 49 156.35808
8 50 133.81872
8 51 140.55093
8 52 113.03626
8 53 183.64175
8 54 190.27534
8 55 137.86772
8 56 118.50304
8 57 142.52956
8 58 186.63322
8 59 194.13727
8 60 164.14242
8 61 169.88224
8 62 161.35636
8 63 186.74593
8 64 149.16347
8 65 168.0403
8 66 116.9722
8 67 173.21178
8 68 134.43837
8 69 105.22762
8 70 187.59421
8 71 136.0435
8 72 203.10399
8 73 149.05899
8 74 157.66255
8 75 135.02167
8 76 162.65502
8 77 141.93029
8 78 159.50938
8 79 168.59421
8 80 189.0955
8 81 166.52465
8 82 147.12393
8 83 131.34287
8 84 126.29023
8 85 129.03144
8 86 136.4787
8 87 134.30067
8 88 177.14817
8 89 167.19424
8 90 180.83006
8 91 165.07338
8 92 151.82843
8 93 133.57267
8 94 174.24982
8 95 124.31994
8 96 178.33631
8 97 128.33843
8 98 181.24517
8 99 173.98975
9 10 132.70115
9 11 166.15757
9 12 110.59631
9 13 139.55072
9 14 126.28193
9 15 153.84959
9 16 172.37661
9 17 122.66995
9 18 144.37412
9 19 161.88367
9 20 136.0459
9 21 146.10553
9 22 132.39603
9 23 125.50683
9 24 130.91464
9 25 145.71302
9 26 168.51845
9 27 134.21894
9 28 169.4113
9 29 130.52762
9 30 113.12383
9 31 118.34437
9 32 107.18069
9 33 119.60898
9 34 134.16757
9 35 151.57012
9 36 135.10243
9 37 171.97785
9 38 171.81706
9 39 119.88854
9 40 145.81283
9 41 133.03468
9 42 146.14299
9 43 123.38241
9 44 146.68328
9 45 128.85201
9 46 130.41575
9 47 171.51279
9 48 152.89964
9 49 111.22854
9 50 163.62629
9 51 120.90467
9 52 156.26224
9 53 124.96525
9 54 138.0711
9 55 129.54395
9 56 160.61639
9 57 157.07089
9 58 127.27401
9 59 146.01176
9 60 116.23819
9 61 153.82083
9 62 144.23621
9 63 130.01478
9 64 123.24364
9 65 142.39114
9 66 152.44376
9 67 114.57189
9 68 136.41055
9 69 159.67779
9 70 128.40372
9 71 123.50909
9 72 153.90862
9 73 140.10303
9 74 149.63953
9 75 129.87717
9 76 114.66509
9 77 169.60371
9 78 170.3037
9 79 132.21579
9 80 135.15249
9 81 148.42277
9 82 122.66736
9 83 133.9717
9 84 158.14113
9 85 147.0149
9 86 128.37859
9 87 144.54561
9 88 144.89283
9 89 138.31341
9 90 122.90162
9 91 109.25582
9 92 146.16383
9 93 157.79061
9 94 122.85769
9 95 139.06084
9 96 145.91597
9 97 155.44332
9 98 128.66969
9 99 114.53062
10 11 186.71567
10 12 140.39183
10 13 170.32079
10 14 146.09743
10 15 175.56559
10 16 204.62922
10 17 141.65509
10 18 153.25502
10 19 194.58477
10 20 124.47439
10 21 178.25796
10 22 109.24484
10 23 152.70577
10 24 146.22192
10 25 170.56365
10 26 197.05722
10 27 131.79703
10 28 175.66807
10 29 136.44602
10 30 125.01451
10 31 122.92694
10 32 126.41551
10 33 139.70716
10 34 111.85853
10 35 174.74617
10 36 154.4937
10 37 182.81409
10 38 202.69011
10 39 113.34433
10 40 171.66753
10 41 162.16672
10 42 119.52578
10 43 113.83923
10 44 177.71733
10 45 112.33222
10 46 159.20017
10 47 201.92104
10 48 122.28329
10 49 130.14225
10 50 195.77691
10 51 145.69366
10 52 178.94429
10 53 130.57295
10 54 150.37156
10 55 148.87514
10 56 190.98815
10 57 189.76089
10 58 119.78668
10 59 114.81423
10 60 144.14295
10 61 146.65728
10 62 174.98568
10 63 108.19927
10 64 137.53459
10 65 171.21397
10 66 182.62854
10 67 130.11856
10 68 168.68472
10 69 184.61165
10 70 128.54938
10 71 151.66907
10 72 121.48857
10 73 172.51243
10 74 150.50834
10 75 151.23725
10 76 123.41505
10 77 181.17758
10 78 173.08162
10 79 124.07608
10 80 103.26429
10 81 142.83522
10 82 155.35539
10 83 155.31095
10 84 175.67032
10 85 178.97264
10 86 160.34253
10 87 176.97535
10 88 170.61525
10 89 166.93318
10 90 113.45802
10 91 123.72548
10 92 150.88934
10 93 190.08012
10 94 143.74802
10 95 169.50657
10 96 171.32846
10 97 187.30936
10 98 144.84196
10 99 123.25495
11 12 155.82915
11 13 140.47515
11 14 187.72973
11 15 112.35141
11 16 158.73707
11 17 185.80466
11 18 137.43307
11 19 165.55663
11 20 168.01497
11 21 148.9059
11 22 191.95029
11 23 179.32303
11 24 140.49404
11 25 194.41125
11 26 130.4247
11 27 158.46894
11 28 135.99381
11 29 196.43141
11 30 163.91031
11 31 164.18009
11 32 166.90943
11 33 148.73906
11 34 194.61237
11 35 201.15879
11 36 132.576
11 37 126.06039
11 38 145.462
11 39 179.72947
11 40 123.57767
11 41 138.1785
11 42 185.53507
11 43 185.39354
11 44 140.65959
11 45 175.17281
11 46 178.33935
11 47 142.15103
11 48 195.19606
11 49 159.83846
11 50 153.27405
11 51 145.30858
11 52 110.87742
11 53 191.1202
11 54 201.141
11 55 138.4522
11 56 137.91805
11 57 161.64622
11 58 191.71671
11 59 192.07393
11 60 174.70257
11 61 160.20959
11 62 177.98587
11 63 189.3192
11 64 149.35605
11 65 183.78726
11 66 135.83113
11 67 180.67468
11 68 150.16809
11 69 114.39482
11 70 194.445
11 71 143.76664
11 72 200.86269
11 73 165.70719
11 74 147.94445
11 75 136.91491
11 76 164.91428
11 77 123.92868
11 78 143.50592
11 79 165.71717
11 80 189.97933
11 81 158.12238
11 82 159.76052
11 83 132.63632
11 84 112.6272
11 85 147.14595
11 86 149.58277
11 87 151.9953
11 88 192.30697
11 89 182.2891
11 90 184.58464
11 91 169.37701
11 92 143.00763
11 93 152.9145
11 94 184.7308
11 95 139.25531
11 96 193.53073
11 97 147.59825
11 98 191.68259
11 99 179.77787
12 13 130.06878
12 14 133.7685
12 15 143.48842
12 16 164.36884
12 17 130.94847
12 18 137.5538
12 19 155.6116
12 20 137.41518
12 21 138.01905
12 22 141.66821
12 23 129.29657
12 24 123.38698
12 25 149.0279
12 26 158.3036
12 27 132.87543
12 28 162.01564
12 29 140.60919
12 30 116.33075
12 31 120.80854
12 32 114.23492
12 33 112.50218
12 34 143.72056
12 35 155.45035
12 36 125.74013
12 37 163.36067
12 38 162.49956
12 39 128.72747
12 40 135.21724
12 41 122.75424
12 42 150.66926
12 43 133.10177
12 44 137.41043
12 45 133.74307
12 46 132.23214
12 47 161.94342
12 48 158.54927
12 49 111.49237
12 50 155.47772
12 51 111.04397
12 52 145.78045
12 53 135.37572
12 54 146.59958
12 55 120.68367
12 56 150.99776
12 57 150.54275
12 58 137.69267
12 59 152.24475
12 60 121.44307
12 61 151.36222
12 62 142.8653
12 63 139.14296
12 64 117.98204
12 65 143.12462
12 66 142.70393
12 67 124.88809
12 68 128.63271
12 69 149.0815
12 70 138.96263
12 71 112.93079
12 72 160.71117
12 73 135.96587
12 74 144.94737
12 75 120.30682
12 76 118.18364
12 77 160.87013
12 78 163.83423
12 79 133.37274
12 80 143.20403
12 81 145.96291
12 82 118.18641
12 83 124.14792
12 84 148.38707
12 85 138.63691
12 86 120.14205
12 87 137.03124
12 88 147.73902
12 89 139.51781
12 90 132.50507
12 91 117.07314
12 92 140.53419
12 93 149.88807
12 94 130.44426
12 95 129.37983
12 96 148.88727
12 97 146.93449
12 98 137.01817
12 99 125.02142
13 14 152.65657
13 15 130.33465
13 16 135.75921
13 17 152.10451
13 18 146.69081
13 19 132.00571
13 20 162.69294
13 21 111.64634
13 22 171.6561
13 23 142.09344
13 24 136.1032
13 25 154.54015
13 26 130.01412
13 27 155.2108
13 28 163.98079
13 29 165.14715
13 30 145.5793
13 31 149.08587
13 32 144.30031
13 33 133.5102
13 34 173.60399
13 35 161.18767
13 36 129.6967
13 37 159.61009
13 38 132.43079
13 39 158.76694
13 40 117.59031
13 41 109.63077
13 42 178.42675
13 43 162.86902
13 44 107.42898
13 45 162.48233
13 46 139.50094
13 47 131.96858
13 48 187.08416
13 49 140.41453
13 50 126.89712
13 51 126.47495
13 52 129.8843
13 53 161.57827
13 54 165.92096
13 55 130.55716
13 56 121.06664
13 57 126.89338
13 58 166.55503
13 59 181.33197
13 60 140.40531
13 61 168.90984
13 62 137.51755
13 63 169.16165
13 64 138.77291
13 65 143.48221
13 66 112.99584
13 67 151.54843
13 68 109.71354
13 69 127.90629
13 70 165.92183
13 71 119.33034
13 72 190.05547
13 73 125.27403
13 74 158.39407
13 75 127.2419
13 76 147.34023
13 77 156.87074
13 78 169.009
13 79 158.86469
13 80 173.20462
13 81 164.22843
13 82 122.65134
13 83 126.40527
13 84 140.255
13 85 111.00079
13 86 112.30007
13 87 113.34313
13 88 152.33448
13 89 142.33048
13 90 162.33563
13 91 147.13348
13 92 152.43997
13 93 122.23911
13 94 150.31237
13 95 101.61703
13 96 153.53886
13 97 117.99132
13 98 157.21111
13 99 153.84029
14 15 175.48461
14 16 176.64889
14 17 104.51874
14 18 170.48471
14 19 161.83222
14 20 159.28943
14 21 153.65528
14 22 140.24341
14 23 112.15871
14 24 156.68335
14 25 124.63972
14 26 182.44456
14 27 159.49957
14 28 195.39058
14 29 116.1608
14 30 137.91553
14 31 142.63452
14 32 131.2168
14 33 145.3532
14 34 140.09442
14 35 128.6795
14 36 159.44754
14 37 197.12917
14 38 181.01295
14 39 134.01232
14 40 165.02471
14 41 150.34368
14 42 164.42208
14 43 132.3075
14 44 158.01346
14 45 148.75028
14 46 118.47429
14 47 181.83325
14 48 168.37485
14 49 137.3724
14 50 169.13253
14 51 144.72523
14 52 177.088
14 53 117.53481
14 54 113.47156
14 55 154.44143
14 56 171.91143
14 57 158.37271
14 58 128.82812
14 59 160.9001
14 60 113.02727
14 61 179.20524
14 62 134.67813
14 63 139.21716
14 64 149.48468
14 65 128.13643
14 66 164.98266
14 67 116.69492
14 68 145.09345
14 69 178.46118
14 70 121.93085
14 71 144.14234
14 72 166.51773
14 73 138.59915
14 74 175.84635
14 75 153.97961
14 76 138.91346
14 77 194.635
14 78 196.54214
14 79 155.93693
14 80 146.93745
14 81 173.8978
14 82 130.00587
14 83 157.6109
14 84 181.64956
14 85 155.31
14 86 140.52096
14 87 150.71138
14 88 124.99612
14 89 124.17173
14 90 132.64036
14 91 131.24467
14 92 172.44489
14 93 163.12039
14 94 103.42515
14 95 152.96553
14 96 125.55841
14 97 163.02747
14 98 104.75946
14 99 123.65355
15 16 154.93006
15 17 173.49337
15 18 129.82238
15 19 158.70909
15 20 158.39631
15 21 140.20454
15 22 180.35431
15 23 167.34611
15 24 129.58048
15 25 183.08337
15 26 130.14849
15 27 148.93183
15 28 136.81249
15 29 184.08496
15 30 152.13033
15 31 152.78139
15 32 154.81049
15 33 136.83737
15 34 182.9583
15 35 189.8658
15 36 121.07348
15 37 130.05942
15 38 143.555
15 39 167.92962
15 40 112.74708
15 41 126.50722
15 42 175.98524
15 43 173.49948
15 44 132.18519
15 45 164.38313
15 46 166.70072
15 47 140.72391
15 48 185.60987
15 49 147.87194
15 50 148.08642
15 51 133.04793
15 52 103.94494
15 53 178.80477
15 54 188.87185
15 55 126.79724
15 56 133.58374
15 57 154.26867
15 58 179.64349
15 59 181.9298
15 60 162.4594
15 61 153.97804
15 62 167.59527
15 63 177.71287
15 64 138.0329
15 65 172.85213
15 66 129.01407
15 67 168.34811
15 68 139.77253
15 69 112.11297
15 70 182.17655
15 71 131.44373
15 72 190.83054
15 73 155.49557
15 74 141.64332
15 75 124.92957
15 76 153.23578
15 77 127.39152
15 78 143.32819
15 79 155.71222
15 80 178.81842
15 81 150.99709
15 82 147.97784
15 83 120.65579
15 84 110.66984
15 85 138.6736
15 86 138.10493
15 87 142.92037
15 88 181.04967
15 89 171.07455
15 90 172.70924
15 91 157.33584
15 92 135.99388
15 93 146.42793
15 94 172.45529
15 95 128.92702
15 96 182.28075
15 97 140.99521
15 98 179.39174
15 99 167.58039
16 17 177.91271
16 18 179.84558
16 19 117.08297
16 20 198.45212
16 21 126.37235
16 22 204.69151
16 23 164.50019
16 24 171.17685
16 25 166.4893
16 26 129.40362
16 27 190.85623
16 28 191.73421
16 29 191.95366
16 30 180.5242
16 31 184.41841
16 32 178.22039
16 33 169.25375
16 34 206.26842
16 35 171.4336
16 36 163.6956
16 37 183.96929
16 38 114.74133
16 39 192.24297
16 40 145.56329
16 41 145.27648
16 42 214.03558
16 43 195.49646
16 44 128.62522
16 45 197.75621
16 46 158.78716
16 47 118.22763
16 48 222.50866
16 49 175.43217
16 50 108.92978
16 51 162.21421
16 52 152.0971
16 53 190.22596
16 54 187.9814
16 55 165.70493
16 56 121.35902
16 57 118.68449
16 58 197.66959
16 59 216.49469
16 60 167.42905
16 61 203.37005
16 62 146.0701
16 63 202.36673
16 64 174.51609
16 65 154.67897
16 66 127.207
16 67 181.53538
16 68 135.98555
16 69 144.8296
16 70 194.95448
16 71 154.99378
16 72 225.057
16 73 138.14581
16 74 192.0596
16 75 162.33216
16 76 182.34366
16 77 181.49056
16 78 198.1817
16 79 194.61954
16 80 207.31009
16 81 199.01452
16 82 150.67707
16 83 160.6254
16 84 165.40356
16 85 125.7686
16 86 144.29033
16 87 127.88296
16 88 164.11154
16 89 156.4505
16 90 195.11029
16 91 180.95266
16 92 186.00133
16 93 114.58615
16 94 175.51912
16 95 137.02788
16 96 164.96455
16 97 117.77906
16 98 181.37972
16 99 185.5342
17 18 167.03598
17 19 163.64217
17 20 154.89058
17 21 154.08568
17 22 136.01701
17 23 114.13987
17 24 153.42201
17 25 128.96156
17 26 182.07434
17 27 155.33372
17 28 192.04291
17 29 114.04918
17 30 133.79599
17 31 138.40745
17 32 127.12965
17 33 142.07198
17 34 136.0021
17 35 133.17203
17 36 156.68637
17 37 194.18432
17 38 181.4823
17 39 129.49623
17 40 163.49023
17 41 148.99152
17 42 159.9097
17 43 127.89874
17 44 157.86406
17 45 144.24739
17 46 120.9504
17 47 182.11197
17 48 163.93778
17 49 133.56423
17 50 170.12224
17 51 141.98729
17 52 175.29059
17 53 113.91739
17 54 115.65264
17 55 151.49238
17 56 171.93512
17 57 159.92005
17 58 124.81602
17 59 156.46547
17 60 111.70895
17 61 175.02066
17 62 137.50448
17 63 134.89658
17 64 145.90847
17 65 131.55059
17 66 164.7116
17 67 112.18768
17 68 145.13904
17 69 177.11257
17 70 118.56131
17 71 142.05096
17 72 162.20926
17 73 140.188
17 74 171.9835
17 75 151.25415
17 76 134.71648
17 77 191.73369
17 78 192.95716
17 79 151.58472
17 80 142.56508
17 81 169.74124
17 82 129.61981
17 83 155.02972
17 84 179.20763
17 85 155.6425
17 86 139.8313
17 87 151.31954
17 88 129.1834
17 89 127.43253
17 90 128.20534
17 91 126.98871
17 92 168.75612
17 93 164.07002
17 94 102.61241
17 95 152.27716
17 96 129.80968
17 97 163.59619
17 98 106.08087
17 99 119.13508
18 19 178.69539
18 20 131.50487
18 21 158.33511
18 22 160.26734
18 23 166.82621
18 24 114.23119
18 25 186.2644
18 26 159.17561
18 27 122.18387
18 28 125.10885
18 29 173.36109
18 30 135.68959
18 31 133.4477
18 32 141.28957
18 33 125.24156
18 34 163.13844
18 35 192.81487
18 36 117.06486
18 37 129.80602
18 38 170.94907
18 39 149.99675
18 40 134.57983
18 41 137.73063
18 42 148.65469
18 43 155.98009
18 44 152.32297
18 45 140.98238
18 46 169.20817
18 47 168.61078
18 48 158.27195
18 49 133.9545
18 50 171.68783
18 51 128.03762
18 52 133.76605
18 53 166.92013
18 54 182.40541
18 55 118.42208
18 56 159.57262
18 57 173.57742
18 58 163.5353
18 59 155.90121
18 60 158.84273
18 61 124.35171
18 62 176.80231
18 63 157.80949
18 64 121.22616
18 65 179.05447
18 66 152.6528
18 67 157.72544
18 68 152.93752
18 69 141.7689
18 70 168.84426
18 71 133.12806
18 72 164.41533
18 73 166.76232
18 74 112.3095
18 75 120.88989
18 76 135.8084
18 77 127.99579
18 78 126.28086
18 79 129.96664
18 80 156.43992
18 81 121.17803
18 82 152.07491
18 83 120.38548
18 84 124.92778
18 85 157.59623
18 86 146.5907
18 87 159.65664
18 88 184.80792
18 89 175.91485
18 90 155.07758
18 91 142.76011
18 92 106.31543
18 93 168.18842
18 94 167.06812
18 95 145.09909
18 96 185.99289
18 97 163.17415
18 98 173.0435
18 99 154.01715
19 20 192.10848
19 21 120.36861
19 22 193.40633
19 23 149.72992
19 24 167.69406
19 25 149.65279
19 26 140.20033
19 27 185.63956
19 28 194.71695
19 29 177.63805
19 30 171.90035
19 31 176.38768
19 32 168.43039
19 33 163.14101
19 34 194.66112
19 35 154.42065
19 36 161.69509
19 37 188.75952
19 38 128.68482
19 39 181.6065
19 40 147.04235
19 41 141.24791
19 42 206.27537
19 43 184.08328
19 44 127.04762
19 45 189.30834
19 46 143.49419
19 47 131.54771
19 48 214.06429
19 49 167.09133
19 50 114.38302
19 51 156.31139
19 52 156.80982
19 53 176.69053
19 54 172.34724
19 55 162.16725
19 56 128.65566
19 57 105.23906
19 58 185.20372
19 59 207.5331
19 60 154.08305
19 61 200.61812
19 62 129.45359
19 63 191.26802
19 64 168.96209
19 65 138.0411
19 66 129.90927
19 67 168.9008
19 68 127.6099
19 69 151.16798
19 70 181.47581
19 71 149.03201
19 72 215.69908
19 73 123.51132
19 74 190.35978
19 75 158.94374
19 76 173.75769
19 77 186.10009
19 78 200.29978
19 79 188.11317
19 80 196.98782
19 81 195.77995
19 82 139.24812
19 83 158.3953
19 84 169.34667
19 85 121.15813
19 86 135.97555
19 87 119.53906
19 88 147.29905
19 89 140.18424
19 90 183.81859
19 91 170.96698
19 92 184.42818
19 93 112.66395
19 94 161.12982
19 95 133.59647
19 96 148.10447
19 97 117.96663
19 98 166.46836
19 99 173.74415
20 21 172.98988
20 22 133.16453
20 23 161.35655
20 24 129.6135
20 25 181.378
20 26 184.4507
20 27 109.54609
20 28 151.76415
20 29 155.16632
20 30 122.94665
20 31 117.71353
20 32 129.19552
20 33 129.25284
20 34 136.00341
20 35 186.8689
20 36 138.53114
20 37 159.86326
20 38 193.18943
20 39 127.71686
20 40 158.14829
20 41 153.22878
20 42 117.59206
20 43 132.74536
20 44 169.90889
20 45 113.01555
20 46 166.46027
20 47 191.65274
20 48 127.23529
20 49 126.37586
20 50 189.57931
20 51 136.28188
20 52 162.18419
20 53 148.46293
20 54 167.65586
20 55 134.24297
20 56 181.1912
20 57 186.91501
20 58 140.63671
20 59 124.39805
20 60 151.98636
20 61 122.53706
20 62 179.58558
20 63 131.24635
20 64 124.00082
20 65 178.38863
20 66 173.06022
20 67 142.89416
20 68 164.52635
20 69 169.19057
20 70 148.35876
20 71 143.58076
20 72 132.95974
20 73 173.38097
20 74 126.40172
20 75 137.44572
20 76 121.38912
20 77 158.52044
20 78 148.72319
20 79 104.04341
20 80 127.25637
20 81 118.38932
20 82 155.55518
20 83 140.56854
20 84 155.92033
20 85 173.08942
20 86 156.13942
20 87 172.80987
20 88 180.73018
20 89 174.3458
20 90 131.89442
20 91 128.34438
20 92 127.77997
20 93 184.62732
20 94 156.13741
20 95 161.44513
20 96 181.70458
20 97 180.68048
20 98 159.85723
20 99 136.50862
21 22 178.48213
21 23 141.94082
21 24 147.46831
21 25 150.16208
21 26 130.75668
21 27 165.98751
21 28 175.1445
21 29 167.88579
21 30 154.23447
21 31 158.26644
21 32 151.8522
21 33 143.75881
21 34 180.14511
21 35 156.41184
21 36 141.32665
21 37 170.08237
21 38 127.39896
21 39 165.93362
21 40 127.80205
21 41 120.94314
21 42 188.04212
21 43 169.35182
21 44 108.24705
21 45 171.54111
21 46 137.6274
21 47 128.20718
21 48 196.33792
21 49 149.17808
21 50 117.53652
21 51 136.77133
21 52 139.00314
21 53 165.35326
21 54 166.20461
21 55 141.92591
21 56 118.91558
21 57 115.24758
21 58 171.95373
21 59 190.21178
21 60 142.84812
21 61 180.3636
21 62 130.87325
21 63 176.11969
21 64 149.36274
21 65 138.27672
21 66 114.31335
21 67 156.07468
21 68 109.71969
21 69 135.06003
21 70 169.97181
21 71 129.44305
21 72 198.72711
21 73 118.8937
21 74 169.99754
21 75 138.66319
21 76 156.065
21 77 167.3665
21 78 180.40559
21 79 169.06571
21 80 180.94907
21 81 175.59609
21 82 125.16018
21 83 138.02682
21 84 150.5902
21 85 101.99898
21 86 117.91809
21 87 103.53211
21 88 147.80193
21 89 138.24204
21 90 168.93215
21 91 154.59198
21 92 164.06041
21 93 111.87525
21 94 151.91993
21 95 113.24674
21 96 148.92245
21 97 109.618
21 98 158.39758
21 99 159.57892
22 23 148.44444
22 24 151.70227
22 25 164.88029
22 26 199.70764
22 27 139.65295
22 28 183.52678
22 29 128.60603
22 30 128.33067
22 31 127.85826
22 32 127.48578
22 33 143.65924
22 34 102.90052
22 35 168.49832
22 36 159.39913
22 37 190.04382
22 38 204.0537
22 39 112.99125
22 40 175.15582
22 41 164.27031
22 42 128.30737
22 43 109.32827
22 44 178.91181
22 45 120.37358
22 46 155.22653
22 47 203.59219
22 48 129.31279
22 49 133.0305
22 50 195.98507
22 51 148.82491
22 52 183.51217
22 53 123.44283
22 54 142.70104
22 55 153.57487
22 56 192.65204
22 57 188.81132
22 58 111.90647
22 59 122.0379
22 60 140.71241
22 61 155.57919
22 62 171.55374
22 63 102.64519
22 64 142.64223
22 65 166.89636
22 66 184.37078
22 67 125.72458
22 68 168.77353
22 69 188.55799
22 70 120.56638
22 71 153.95854
22 72 126.37914
22 73 170.57165
22 74 158.66027
22 75 155.53745
22 76 127.12583
22 77 188.26035
22 78 181.36597
22 79 132.23373
22 80 107.94476
22 81 151.54572
22 82 154.34291
22 83 159.76083
22 84 181.48897
22 85 179.41046
22 86 160.7691
22 87 176.81739
22 88 165.19405
22 89 162.64136
22 90 109.60698
22 91 124.6418
22 92 158.50699
22 93 190.10954
22 94 138.36364
22 95 171.02899
22 96 165.79313
22 97 187.83934
22 98 138.26392
22 99 119.7805
23 24 152.61879
23 25 120.23642
23 26 171.41295
23 27 159.64453
23 28 191.0195
23 29 127.9605
23 30 138.57506
23 31 143.75144
23 32 132.16105
23 33 141.76438
23 34 148.86581
23 35 126.33186
23 36 153.63752
23 37 191.356
23 38 169.18627
23 39 139.60163
23 40 156.02185
23 41 141.23112
23 42 169.46798
23 43 139.5809
23 44 146.85451
23 45 152.67496
23 46 106.91518
23 47 170.1467
23 48 174.73712
23 49 136.41821
23 50 157.05265
23 51 139.32152
23 52 168.49655
23 53 127.86721
23 54 124.27429
23 55 149.35894
23 56 160.48491
23 57 146.21735
23 58 138.05295
23 59 167.3684
23 60 109.37343
23 61 179.12324
23 62 123.52783
23 63 146.92907
23 64 146.89303
23 65 118.52909
23 66 153.92018
23 67 122.79733
23 68 133.83426
23 69 168.95388
23 70 132.59814
23 71 136.92901
23 72 173.96031
23 73 126.44184
23 74 173.93759
23 75 148.20432
23 76 140.00743
23 77 188.74673
23 78 193.10457
23 79 157.61305
23 80 154.15838
23 81 173.70269
23 82 119.80484
23 83 151.31011
23 84 174.56501
23 85 143.67006
23 86 130.42286
23 87 138.87496
23 88 119.3952
23 89 114.25037
23 90 139.67083
23 91 133.24214
23 92 169.76396
23 93 151.06214
23 94 111.54802
23 95 142.60723
23 96 120.40931
23 97 151.1735
23 98 116.87956
23 99 129.45881
24 25 172.03766
24 26 154.89921
24 27 120.6239
24 28 138.72525
24 29 160.80333
24 30 124.40681
24 31 123.8441
24 32 128.93127
24 33 111.35013
24 34 154.43615
24 35 178.58373
24 36 108.93371
24 37 141.21284
24 38 164.37521
24 39 139.96697
24 40 128.62553
24 41 126.54249
24 42 147.01525
24 43 145.84262
24 44 142.68286
24 45 134.81882
24 46 154.99449
24 47 162.58464
24 48 156.52838
24 49 121.41548
24 50 162.5529
24 51 113.94416
24 52 133.16652
24 53 154.62217
24 54 168.95236
24 55 105.5475
24 56 152.4614
24 57 162.47521
24 58 152.82549
24 59 152.46696
24 60 144.76876
24 61 132.9262
24 62 163.10011
24 63 149.0956
24 64 109.16817
24 65 164.99417
24 66 144.64586
24 67 144.88616
24 68 140.79103
24 69 139.73324
24 70 157.07076
24 71 119.7875
24 72 161.40428
24 73 153.59961
24 74 123.45423
24 75 108.87916
24 76 125.07548
24 77 138.93319
24 78 140.49097
24 79 126.51992
24 80 149.48545
24 81 128.13441
24 82 138.13559
24 83 111.09389
24 84 129.80729
24 85 147.07303
24 86 133.63842
24 87 148.22844
24 88 170.59427
24 89 161.77635
24 90 144.98354
24 91 130.87845
24 92 118.09963
24 93 158.29597
24 94 153.28614
24 95 134.62366
24 96 171.7762
24 97 153.71498
24 98 159.47925
24 99 142.0542
25 26 180.9129
25 27 179.87971
25 28 209.89248
25 29 138.85594
25 30 158.72873
25 31 163.87028
25 32 152.22342
25 33 161.52558
25 34 164.67041
25 35 106.79823
25 36 172.03572
25 37 209.22389
25 38 174.97778
25 39 158.05201
25 40 170.84535
25 41 156.60122
25 42 188.40963
25 43 156.85188
25 44 157.14455
25 45 172.07477
25 46 117.1359
25 47 176.79625
25 48 192.84238
25 49 156.65339
25 50 160.99405
25 51 158.34361
25 52 183.56063
25 53 141.8827
25 54 127.60649
25 55 168.31742
25 56 168.88634
25 57 148.03508
25 58 153.37431
25 59 185.37768
25 60 129.49143
25 61 199.35183
25 62 120.53671
25 63 163.84346
25 64 166.87236
25 65 112.09661
25 66 164.09762
25 67 140.6075
25 68 144.96923
25 69 182.44311
25 70 145.91836
25 71 154.76103
25 72 191.15131
25 73 131.32053
25 74 193.92214
25 75 166.75478
25 76 160.10886
25 77 206.54411
25 78 212.4629
25 79 177.6976
25 80 171.52647
25 81 193.92947
25 82 135.64089
25 83 169.39264
25 84 191.41263
25 85 152.14448
25 86 144.9791
25 87 146.64618
25 88 102.41022
25 89 112.21167
25 90 157.1367
25 91 153.09238
25 92 189.55213
25 93 155.70624
25 94 126.81671
25 95 155.52067
25 96 101.60832
25 97 157.73965
25 98 127.10655
25 99 147.63096
26 27 175.50455
26 28 165.51237
26 29 195.15655
26 30 172.07903
26 31 174.486
26 32 172.26915
26 33 157.64196
26 34 201.9006
26 35 187.1124
26 36 146.08313
26 37 156.39178
26 38 115.22386
26 39 186.71761
26 40 126.3031
26 41 135.54961
26 42 201.63168
26 43 191.38102
26 44 124.5672
26 45 187.53339
26 46 167.87698
26 47 111.79671
26 48 210.96589
26 49 167.02353
26 50 126.0953
26 51 151.36531
26 52 126.48193
26 53 191.46582
26 54 195.5482
26 55 150.26307
26 56 112.32695
26 57 137.77202
26 58 195.78259
26 59 206.18148
26 60 170.39066
26 61 183.52688
26 62 161.30906
26 63 197.12024
26 64 161.25703
26 65 168.98393
26 66 117.49455
26 67 181.2974
26 68 137.58959
26 69 118.20393
26 70 195.72326
26 71 145.74919
26 72 215.13101
26 73 149.60959
26 74 171.33539
26 75 147.1864
26 76 173.64302
26 77 154.12527
26 78 172.61402
26 79 181.15102
26 80 200.14775
26 81 180.08111
26 82 152.50122
26 83 143.88227
26 84 139.41205
26 85 128.78373
26 86 142.31372
26 87 134.26704
26 88 178.54729
26 89 168.98781
26 90 190.75894
26 91 175.10142
26 92 165.4765
26 93 128.22875
26 94 180.22223
26 95 130.01993
26 96 179.6596
26 97 124.17288
26 98 187.06231
26 99 183.02595
27 28 143.91859
27 29 157.96355
27 30 121.59653
27 31 116.98984
27 32 128.30463
27 33 122.57721
27 34 142.55282
27 35 185.78902
27 36 129.43498
27 37 151.17867
27 38 184.82115
27 39 131.50796
27 40 149.2474
27 41 145.60913
27 42 127.10833
27 43 137.2175
27 44 162.23115
27 45 119.49064
27 46 164.00205
27 47 183.12616
27 48 136.76338
27 49 123.25924
27 50 182.06729
27 51 129.32893
27 52 152.74521
27 53 151.21718
27 54 169.34131
27 55 125.62368
27 56 172.85654
27 57 180.40724
27 58 145.16296
27 59 133.81012
27 60 150.44968
27 61 119.71114
27 62 175.7354
27 63 137.40638
27 64 116.67753
27 65 175.53064
27 66 164.87238
27 67 143.98051
27 68 158.06478
27 69 159.87863
27 70 151.9731
27 71 136.62901
27 72 142.46598
27 73 168.35942
27 74 119.09439
27 75 128.9404
27 76 120.62215
27 77 149.67365
27 78 141.83576
27 79 107.86429
27 80 134.86628
27 81 114.40822
27 82 150.92503
27 83 131.70666
27 84 146.39647
27 85 165.9031
27 86 149.9365
27 87 166.14667
27 88 178.96466
27 89 171.68927
27 90 136.31256
27 91 128.39487
27 92 119.1174
27 93 177.38284
27 94 156.16983
27 95 153.86576
27 96 180.0208
27 97 173.16129
27 98 160.80996
27 99 138.453
28 29 198.41946
28 30 160.62528
28 31 157.95335
28 32 166.37298
28 33 150.03771
28 34 186.42708
28 35 216.5707
28 36 137.96569
28 37 111.93771
28 38 179.88741
28 39 174.28757
28 40 147.67574
28 41 156.74953
28 42 166.62837
28 43 180.22833
28 44 167.70358
28 45 163.39856
28 46 192.75659
28 47 176.835
28 48 175.57505
28 49 159.06207
28 50 184.82506
28 51 151.71184
28 52 139.73484
28 53 191.93309
28 54 207.47263
28 55 141.67401
28 56 170.37873
28 57 189.98728
28 58 187.97488
28 59 175.12908
28 60 183.45008
28 61 133.8974
28 62 198.37364
28 63 181.22031
28 64 146.33115
28 65 201.71786
28 66 165.56298
28 67 182.83049
28 68 172.13354
28 69 147.57095
28 70 193.69645
28 71 155.34046
28 72 182.71606
28 73 187.27825
28 74 125.37487
28 75 143.14829
28 76 160.60686
28 77 112.81492
28 78 107.79112
28 79 151.59469
28 80 178.67736
28 81 134.93298
28 82 174.71843
28 83 140.84557
28 84 126.39063
28 85 173.90827
28 86 167.44515
28 87 177.30086
28 88 208.26872
28 89 198.94318
28 90 179.31756
28 91 167.76428
28 92 125.11478
28 93 182.79783
28 94 191.98606
28 95 162.38511
28 96 209.48053
28 97 177.39772
28 98 198.07295
28 99 178.98582
29 30 137.89233
29 31 141.3278
29 32 132.0842
29 33 149.77021
29 34 127.55245
29 35 141.25744
29 36 165.61081
29 37 202.01401
29 38 195.25017
29 39 127.49231
29 40 175.07146
29 41 161.04763
29 42 155.90558
29 43 123.27371
29 44 171.25294
29 45 142.83429
29 46 134.5579
29 47 195.75891
29 48 157.90617
29 49 139.52079
29 50 184.11722
29 51 151.37568
29 52 186.26722
29 53 106.75453
29 54 114.10037
29 55 159.9798
29 56 185.4151
29 57 173.96163
29 58 116.78073
29 59 150.56924
29 60 125.07355
29 61 177.0061
29 62 150.83822
29 63 128.4721
29 64 152.28205
29 65 144.11048
29 66 177.95951
29 67 116.00604
29 68 158.74389
29 69 188.8951
29 70 108.04105
29 71 152.94692
29 72 154.66149
29 73 154.21596
29 74 176.20062
29 75 160.40475
29 76 138.15379
29 77 199.72913
29 78 198.29208
29 79 152.57917
29 80 136.29402
29 81 172.05847
29 82 143.05945
29 83 164.48522
29 84 188.66873
29 85 169.38424
29 86 152.85478
29 87 165.2098
29 88 139.74524
29 89 140.2521
29 90 123.96868
29 91 130.68949
29 92 173.95673
29 93 178.05896
29 94 116.51326
29 95 165.17028
29 96 140.05797
29 97 177.44428
29 98 112.1176
29 99 119.64519
30 31 105.23323
30 32 106.70818
30 33 115.33796
30 34 130.86285
30 35 164.44864
30 36 131.34956
30 37 164.98637
30 38 177.82568
30 39 115.81944
30 40 146.97047
30 41 137.1879
30 42 134.4634
30 43 121.54509
30 44 153.00476
30 45 117.41596
30 46 143.52209
30 47 176.96953
30 48 142.21852
30 49 105.17019
30 50 171.60865
30 51 120.75603
30 52 155.21755
30 53 131.32913
30 54 148.19734
30 55 125.45912
30 56 166.05285
30 57 166.85373
30 58 128.42267
30 59 135.97787
30 60 129.2419
30 61 141.30767
30 62 156.86347
30 63 125.68593
30 64 115.27935
30 65 155.44367
30 66 157.68764
30 67 122.84028
30 68 144.94105
30 69 160.25403
30 70 133.16171
30 71 126.68355
30 72 144.55667
30 73 151.5252
30 74 138.58049
30 75 127.24104
30 76 101.85744
30 77 162.87358
30 78 160.4157
30 79 119.09325
30 80 128.07255
30 81 135.98438
30 82 133.62841
30 83 131.48895
30 84 154.02628
30 85 154.75687
30 86 136.42922
30 87 153.34682
30 88 157.97022
30 89 151.40029
30 90 120.71269
30 91 107.22681
30 92 136.06842
30 93 166.10956
30 94 134.57638
30 95 144.68244
30 96 158.97711
30 97 162.95205
30 98 139.39132
30 99 118.36147
31 32 111.67347
31 33 116.88059
31 34 130.60081
31 35 169.52478
31 36 131.7237
31 37 163.15203
31 38 181.03731
31 39 116.57573
31 40 148.82755
31 41 140.28458
31 42 129.89663
31 43 122.55895
31 44 156.50711
31 45 113.39787
31 46 148.75173
31 47 180.00023
31 48 138.09097
31 49 109.31866
31 50 175.48922
31 51 123.26382
31 52 156.08951
31 53 134.62816
31 54 152.37016
31 55 126.01084
31 56 169.15087
31 57 171.29099
31 58 130.09809
31 59 132.26219
31 60 134.40091
31 61 136.62418
31 62 162.03531
31 63 125.2543
31 64 114.8242
31 65 160.67671
31 66 160.79766
31 67 126.99506
31 68 149.16894
31 69 161.68561
31 70 135.88611
31 71 129.85635
31 72 141.05739
31 73 156.44313
31 74 134.88249
31 75 128.31099
31 76 103.77415
31 77 161.18265
31 78 157.17547
31 79 113.87485
31 80 126.14562
31 81 131.38353
31 82 138.53424
31 83 132.40229
31 84 153.63566
31 85 158.67155
31 86 140.64287
31 87 157.5768
31 88 163.14485
31 89 156.63278
31 90 121.66231
31 91 111.42492
31 92 133.00272
31 93 170.12091
31 94 139.34462
31 95 148.07925
31 96 164.14216
31 97 166.73552
31 98 143.82839
31 99 121.69412
32 33 118.40569
32 34 129.63145
32 35 157.85145
32 36 134.73751
32 37 170.05727
32 38 176.73062
32 39 114.51149
32 40 148.21365
32 41 136.7897
32 42 138.99091
32 43 119.22015
32 44 151.62655
32 45 121.69144
32 46 137.40056
32 47 176.17305
32 48 145.92228
32 49 107.51594
32 50 169.37912
32 51 122.04004
32 52 157.60053
32 53 125.74152
32 54 141.73488
32 55 128.87375
32 56 165.22591
32 57 163.52244
32 58 124.83467
32 59 139.163
32 60 122.79172
32 61 148.01577
32 62 151.4167
32 63 124.93624
32 64 120.21313
32 65 149.44614
32 66 156.92068
32 67 116.53073
32 68 142.26922
32 69 161.88701
32 70 128.17167
32 71 126.53907
32 72 147.27389
32 73 147.06476
32 74 145.01714
32 75 130.0059
32 76 107.90029
32 77 167.83163
32 78 166.54414
32 79 125.47474
32 80 129.10717
32 81 142.68948
32 82 129.40486
32 83 134.27721
32 84 157.82097
32 85 152.59885
32 86 133.94363
32 87 150.56811
32 88 151.539
32 89 145.32772
32 90 118.5456
32 91 102.84528
32 92 142.19224
32 93 163.66604
32 94 127.87126
32 95 143.61229
32 96 152.52118
32 97 160.96532
32 98 132.79321
32 99 113.15976
33 34 146.20071
33 35 167.95171
33 36 116.34975
33 37 152.38412
33 38 164.74009
33 39 131.09945
33 40 131.9657
33 41 124.19039
33 42 145.05208
33 43 136.67354
33 44 140.80588
33 45 129.9278
33 46 144.67422
33 47 163.51598
33 48 153.96438
33 49 111.11561
33 50 160.362
33 51 107.03999
33 52 139.88326
33 53 143.75517
33 54 157.61101
33 55 110.46965
33 56 152.77198
33 57 157.91791
33 58 143.04685
33 59 148.70171
33 60 133.60678
33 61 139.67997
33 62 154.34899
33 63 141.01406
33 64 106.07243
33 65 155.29964
33 66 144.47653
33 67 133.78507
33 68 135.53733
33 69 145.0109
33 70 146.50099
33 71 114.32895
33 72 157.60971
33 73 146.09737
33 74 132.52711
33 75 111.91567
33 76 116.5791
33 77 150.03321
33 78 151.48329
33 79 125.3746
33 80 142.88509
33 81 134.37193
33 82 129.19689
33 83 116.1817
33 84 139.41557
33 85 143.83674
33 86 127.35964
33 87 143.70645
33 88 160.21542
33 89 151.82209
33 90 135.8767
33 91 120.71445
33 92 128.03202
33 93 155.37448
33 94 141.95069
33 95 132.31793
33 96 161.36984
33 97 151.47494
33 98 148.13035
33 99 131.53152
34 35 168.03575
34 36 162.04537
34 37 192.92138
34 38 205.95515
34 39 115.26599
34 40 177.54469
34 41 166.40614
34 42 130.44839
34 43 110.79752
34 44 180.81129
34 45 123.25501
34 46 155.71202
34 47 205.56582
34 48 130.71375
34 49 135.4556
34 50 197.61197
34 51 151.20966
34 52 186.0784
34 53 122.89526
34 54 141.63454
34 55 156.20184
34 56 194.6375
34 57 190.13921
34 58 111.30441
34 59 123.63471
34 60 141.4855
34 61 158.37978
34 62 172.1614
34 63 105.36232
34 64 145.34883
34 65 167.20925
34 66 186.38638
34 67 126.36912
34 68 170.42662
34 69 191.01384
34 70 119.54809
34 71 156.16392
34 72 127.11079
34 73 171.65676
34 74 161.55587
34 75 158.10026
34 76 129.72522
34 77 191.12877
34 78 184.25791
34 79 135.12227
34 80 110.07372
34 81 154.39032
34 82 155.7588
34 83 162.33873
34 84 184.23567
34 85 181.12535
34 86 162.53246
34 87 178.38551
34 88 165.09037
34 89 162.97941
34 90 111.27397
34 91 126.80097
34 92 161.40487
34 93 191.69962
34 94 138.43107
34 95 173.02102
34 96 165.64109
34 97 189.5611
34 98 137.80113
34 99 120.9175
35 36 178.753
35 37 215.99899
35 38 180.60759
35 39 162.6369
35 40 177.60086
35 41 163.39057
35 42 193.05992
35 43 160.92651
35 44 163.57685
35 45 177.0842
35 46 123.84191
35 47 182.56642
35 48 197.00749
35 49 162.64599
35 50 166.41667
35 51 164.95959
35 52 190.31519
35 53 145.14262
35 54 128.56326
35 55 174.95686
35 56 174.99361
35 57 153.25656
35 58 156.75128
35 59 189.53178
35 60 135.34627
35 61 205.35766
35 62 126.09979
35 63 167.67418
35 64 173.1942
35 65 118.13519
35 66 170.47261
35 67 145.2095
35 68 151.57295
35 69 189.09365
35 70 148.79848
35 71 161.50668
35 72 194.87325
35 73 137.51914
35 74 200.24738
35 75 173.45024
35 76 165.75169
35 77 213.32216
35 78 219.04539
35 79 183.27312
35 80 175.47383
35 81 199.94582
35 82 142.42867
35 83 176.13605
35 84 198.21076
35 85 158.40446
35 86 151.76398
35 87 152.88307
35 88 108.86073
35 89 118.88475
35 90 161.28947
35 91 158.52491
35 92 195.98263
35 93 161.33279
35 94 131.31834
35 95 162.19773
35 96 107.6492
35 97 163.66515
35 98 130.24645
35 99 152.2308
36 37 137.80258
36 38 156.06507
36 39 147.16459
36 40 119.90075
36 41 120.66784
36 42 155.94896
36 43 152.86737
36 44 135.62404
36 45 143.42262
36 46 154.91222
36 47 154.11913
36 48 165.45778
36 49 127.45199
36 50 155.28475
36 51 114.72369
36 52 124.49442
36 53 159.81151
36 54 172.33851
36 55 105.90635
36 56 144.26712
36 57 156.55564
36 58 159.38426
36 59 161.31633
36 60 146.82281
36 61 139.6798
36 62 160.73087
36 63 156.76384
36 64 116.95969
36 65 163.76824
36 66 136.74225
36 67 149.61353
36 68 135.94751
36 69 130.82559
36 70 162.74019
36 71 117.37477
36 72 170.26598
36 73 150.16772
36 74 128.72713
36 75 105.48057
36 76 132.33854
36 77 135.24918
36 78 141.38661
36 79 135.45162
36 80 157.74562
36 81 135.37024
36 82 136.75292
36 83 103.32079
36 84 123.13641
36 85 140.65347
36 86 130.01598
36 87 142.59376
36 88 170.36216
36 89 160.98024
36 90 152.04802
36 91 137.06221
36 92 122.74751
36 93 151.4644
36 94 156.15427
36 95 128.1193
36 96 171.57938
36 97 146.59842
36 98 162.75794
36 99 147.82354
37 38 171.25657
37 39 179.72611
37 40 142.2958
37 41 153.74603
37 42 175.82622
37 43 185.71027
37 44 162.17908
37 45 170.48778
37 46 192.2102
37 47 168.02731
37 48 185.08735
37 49 162.55355
37 50 177.7273
37 51 152.4572
37 52 132.1439
37 53 195.79202
37 54 209.81554
37 55 142.7023
37 56 162.7196
37 57 184.32454
37 58 193.1677
37 59 183.92903
37 60 184.60746
37 61 144.38056
37 62 195.83408
37 63 187.60141
37 64 149.89186
37 65 200.09539
37 66 158.97298
37 67 186.09512
37 68 168.54246
37 69 139.15979
37 70 198.06812
37 71 154.58346
37 72 191.93162
37 73 184.14648
37 74 134.20953
37 75 143.27977
37 76 165.2935
37 77 102.74547
37 78 119.6415
37 79 159.03812
37 80 185.95135
37 81 144.53053
37 82 173.59888
37 83 140.05079
37 84 119.49787
37 85 168.62555
37 86 165.12359
37 87 172.62755
37 88 207.41495
37 89 197.72761
37 90 184.81209
37 91 171.83481
37 92 132.12285
37 93 176.41463
37 94 193.79795
37 95 158.08854
37 96 208.64518
37 97 170.98234
37 98 200.26503
37 99 183.0931
38 39 191.18865
38 40 136.47998
38 41 140.75273
38 42 209.72854
38 43 195.19033
38 44 125.14481
38 45 194.40561
38 46 164.43954
38 47 103.53005
38 48 218.70386
38 49 172.6561
38 50 114.56633
38 51 157.89125
38 52 140.25002
38 53 192.52476
38 54 193.38661
38 55 159.19925
38 56 112.00117
38 57 127.87436
38 58 198.50345
38 59 213.27353
38 60 170.18759
38 61 195.11827
38 62 154.53576
38 63 201.57295
38 64 169.29182
38 65 162.88622
38 66 120.26716
38 67 182.96695
38 68 136.60095
38 69 132.32817
38 70 197.07894
38 71 151.21261
38 72 222.0947
38 73 144.29146
38 74 183.25593
38 75 155.88446
38 76 179.54802
38 77 168.90734
38 78 186.74582
38 79 189.58734
38 80 205.60371
38 81 191.20971
38 82 152.32481
38 83 153.3423
38 84 153.53773
38 85 125.86653
38 86 143.63871
38 87 130.31605
38 88 172.56768
38 89 163.80041
38 90 194.68124
38 91 179.56268
38 92 177.247
38 93 119.28097
38 94 179.3177
38 95 133.18486
38 96 173.56324
38 97 118.01468
38 98 185.76268
38 99 185.89444
39 40 162.28101
39 41 151.28316
39 42 130.42307
39 43 105.98458
39 44 166.0614
39 45 115.42329
39 46 145.98344
39 47 190.67049
39 48 135.13564
39 49 120.22323
39 50 183.46687
39 51 135.94747
39 52 170.97128
39 53 120.84476
39 54 140.43826
39 55 141.27766
39 56 179.7252
39 57 176.86427
39 58 113.72712
39 59 127.7854
39 60 130.86813
39 61 149.84593
39 62 161.65711
39 63 110.42544
39 64 130.80049
39 65 158.05384
39 66 171.42736
39 67 117.45805
39 68 156.26156
39 69 175.77602
39 70 120.70364
39 71 140.96843
39 72 134.83242
39 73 159.28544
39 74 150.42853
39 75 143.01512
39 76 114.90674
39 77 177.75693
39 78 173.06081
39 79 125.35775
39 80 115.41999
39 81 145.09524
39 82 142.36355
39 83 147.27745
39 84 169.72496
39 85 166.7826
39 86 148.10714
39 87 164.43041
39 88 157.93774
39 89 153.77764
39 90 105.0866
39 91 111.66624
39 92 149.20822
39 93 177.65893
39 94 131.34187
39 95 158.10589
39 96 158.71609
39 97 175.19079
39 98 133.51741
39 99 110.42575
40 41 114.79715
40 42 175.35006
40 43 167.40823
40 44 120.0663
40 45 161.60335
40 46 154.7911
40 47 134.34556
40 48 184.72128
40 49 142.12802
40 50 137.8215
40 51 126.33576
40 52 112.71535
40 53 170.33671
40 54 178.49456
40 55 123.97568
40 56 124.99287
40 57 142.35497
40 58 172.72538
40 59 180.09401
40 60 152.06026
40 61 158.64802
40 62 154.89972
40 63 172.52367
40 64 135.10041
40 65 160.34941
40 66 118.43653
40 67 159.84626
40 68 127.04922
40 69 113.87902
40 70 174.11306
40 71 122.33006
40 72 189.05756
40 73 142.76337
40 74 146.88381
40 75 120.96445
40 76 148.39249
40 77 139.57398
40 78 153.42033
40 79 154.85753
40 80 174.83415
40 81 154.74485
40 82 136.31914
40 83 117.58105
40 84 122.82345
40 85 126.40418
40 86 126.02076
40 87 130.34689
40 88 168.75456
40 89 158.74356
40 90 166.70073
40 91 150.95566
40 92 140.84661
40 93 135.22804
40 94 162.18578
40 95 116.18133
40 96 169.98044
40 97 129.88273
40 98 169.1921
40 99 160.17386
41 42 169.23364
41 43 155.84274
41 44 116.68208
41 45 153.6567
41 46 140.21548
41 47 139.78735
41 48 178.05531
41 49 132.03315
41 50 136.46071
41 51 117.21922
41 52 127.31412
41 53 156.71492
41 54 163.81406
41 55 120.99592
41 56 128.8902
41 57 136.05729
41 58 160.3073
41 59 172.52674
41 60 137.44304
41 61 159.42121
41 62 142.09008
41 63 161.70541
41 64 129.25266
41 65 146.63804
41 66 120.52686
41 67 146.32831
41 68 115.48693
41 69 128.13625
41 70 160.74897
41 71 110.50456
41 72 181.34197
41 73 130.58184
41 74 149.15664
41 75 117.72036
41 76 138.87263
41 77 151.00762
41 78 161.18505
41 79 149.44702
41 80 165.1598
41 81 154.67682
41 82 121.58274
41 83 117.34725
41 84 135.07546
41 85 120.53981
41 86 111.641
41 87 121.95666
41 88 154.59497
41 89 144.65581
41 90 155.23071
41 91 139.63109
41 92 143.27499
41 93 131.86836
41 94 147.57921
41 95 108.25699
41 96 155.82791
41 97 127.5532
41 98 154.59077
41 99 147.5639
42 43 132.87311
42 44 185.78791
42 45 117.30229
42 46 175.48879
42 47 208.37563
42 48 109.6611
42 49 139.18411
42 50 205.11037
42 51 152.02236
42 52 179.76538
42 53 149.8557
42 54 169.73115
42 55 151.37455
42 56 197.73741
42 57 201.18599
42 58 139.30887
42 59 109.14571
42 60 160.34458
42 61 133.70003
42 62 190.28763
42 63 127.69317
42 64 140.53061
42 65 187.64092
42 66 189.48545
42 67 147.86831
42 68 179.04527
42 69 186.70084
42 70 148.0576
42 71 159.09854
42 72 116.11636
42 73 185.87277
42 74 141.64147
42 75 154.45879
42 76 132.61168
42 77 174.74526
42 78 162.34507
42 79 120.51251
42 80 120.40635
42 81 131.70263
42 82 168.02285
42 83 157.81867
42 84 173.34054
42 85 188.36254
42 86 170.52269
42 87 187.448
42 88 188.21119
42 89 183.40726
42 90 132.31775
42 91 137.02984
42 92 144.27326
42 93 199.86252
42 94 161.76012
42 95 177.30109
42 96 189.02644
42 97 196.28381
42 98 163.67935
42 99 140.83759
43 44 170.04987
43 45 119.93529
43 46 146.2721
43 47 194.837
43 48 136.08102
43 49 125.64159
43 50 186.82604
43 51 141.14389
43 52 176.45997
43 53 117.00402
43 54 136.89316
43 55 146.96621
43 56 183.91857
43 57 179.50142
43 58 107.96962
43 59 128.60528
43 60 131.55018
43 61 155.13504
43 62 162.46156
43 63 107.40337
43 64 136.67499
43 65 158.09942
43 66 175.69119
43 67 116.78466
43 68 159.63413
43 69 181.02698
43 70 115.82044
43 71 145.71481
43 72 134.46728
43 73 161.25083
43 74 156.22305
43 75 148.57012
43 76 120.7679
43 77 183.73778
43 78 178.89914
43 79 130.73142
43 80 114.70297
43 81 150.53025
43 82 145.05541
43 83 152.84709
43 84 175.55494
43 85 170.32795
43 86 151.73768
43 87 167.61418
43 88 156.98457
43 89 153.82586
43 90 100.91162
43 91 116.45301
43 92 155.1345
43 93 180.92269
43 94 130.06923
43 95 162.31467
43 96 157.66125
43 97 178.76363
43 98 131.01196
43 99 110.48994
44 45 169.90445
44 46 143.38792
44 47 124.91755
44 48 194.48569
44 49 147.84111
44 50 119.88505
44 51 133.78703
44 52 130.8255
44 53 168.03217
44 54 171.02749
44 55 137.17322
44 56 114.20991
44 57 122.29123
44 58 173.4977
44 59 188.75728
44 60 146.26304
44 61 175.21599
44 62 138.5395
44 63 176.43637
44 64 145.93421
44 65 145.50461
44 66 107.10775
44 67 158.20205
44 68 113.0233
44 69 126.84995
44 70 172.47754
44 71 126.71499
44 72 197.4842
44 73 126.29663
44 74 164.3077
44 75 133.80973
44 76 154.76786
44 77 159.47988
44 78 173.2554
44 79 166.1162
44 80 180.58539
44 81 170.6912
44 82 128.25169
44 83 132.42915
44 84 142.68447
44 85 106.53021
44 86 118.70188
44 87 111.45886
44 88 154.83311
44 89 145.02455
44 90 169.53753
44 91 154.45212
44 92 158.28432
44 93 115.86641
44 94 155.91047
44 95 108.48966
44 96 155.99255
44 97 111.03412
44 98 162.67232
44 99 160.83595
45 46 158.48758
45 47 193.32404
45 48 124.81622
45 49 122.37152
45 50 188.82945
45 51 136.55729
45 52 167.90468
45 53 136.24089
45 54 155.85286
45 55 138.07335
45 56 182.49933
45 57 184.26844
45 58 127.7322
45 59 118.87108
45 60 143.42361
45 61 135.55218
45 62 173.0418
45 63 118.31837
45 64 126.65775
45 65 170.63016
45 66 174.15421
45 67 132.05987
45 68 162.32525
45 69 174.02723
45 70 135.70531
45 71 143.24851
45 72 127.71136
45 73 168.6071
45 74 138.3485
45 75 140.74908
45 76 115.56057
45 77 168.86771
45 78 161.01911
45 79 111.88147
45 80 115.46992
45 81 131.27815
45 82 150.78959
45 83 144.61243
45 84 163.82478
45 85 171.99482
45 86 153.80397
45 87 170.73483
45 88 171.71234
45 89 166.42724
45 90 119.1194
45 91 119.80193
45 92 138.56276
45 93 183.40945
45 94 145.83289
45 95 161.47663
45 96 172.58724
45 97 180.10002
45 98 148.68595
45 99 125.20934
46 47 165.65663
46 48 181.08522
46 49 140.78038
46 50 151.712
46 51 141.23842
46 52 167.46199
46 53 134.75639
46 54 129.22432
46 55 151.19339
46 56 156.47652
46 57 140.27415
46 58 144.95189
46 59 173.76698
46 60 115.17265
46 61 183.18876
46 62 116.61462
46 63 153.64829
46 64 150.19396
46 65 112.15223
46 66 150.49489
46 67 129.51962
46 68 130.48605
46 69 167.09278
46 70 139.47129
46 71 137.67435
46 72 180.55008
46 73 120.66297
46 74 177.1764
46 75 149.62057
46 76 145.08001
46 77 189.54366
46 78 195.37003
46 79 162.61121
46 80 160.7657
46 81 177.76198
46 82 118.79966
46 83 152.29995
46 84 174.65196
46 85 139.47537
46 86 128.77253
46 87 134.34722
46 88 115.59997
46 89 107.9443
46 90 146.32349
46 91 138.79511
46 92 172.64669
46 93 145.82679
46 94 118.34085
46 95 140.24855
46 96 116.78626
46 97 146.47414
46 98 123.01797
46 99 136.01901
47 48 217.45055
47 49 171.80902
47 50 117.22477
47 51 156.76688
47 52 137.31464
47 53 192.80497
47 54 194.4051
47 55 157.51604
47 56 110.9488
47 57 130.33644
47 58 198.4119
47 59 212.17066
47 60 170.68748
47 61 192.86525
47 62 156.46671
47 63 201.08158
47 64 167.86394
47 65 164.70094
47 66 119.29378
47 67 183.08009
47 68 137.01516
47 69 129.26858
47 70 197.30115
47 71 150.29039
47 72 221.03437
47 73 145.82011
47 74 180.90127
47 75 154.2409
47 76 178.65983
47 77 165.70892
47 78 183.77489
47 79 188.11762
47 80 204.88197
47 81 189.07153
47 82 152.71819
47 83 151.50597
47 84 150.53781
47 85 126.52338
47 86 143.60258
47 87 131.33606
47 88 174.38908
47 89 165.41309
47 90 194.30025
47 91 179.01454
47 92 174.92163
47 93 121.33411
47 94 180.01217
47 95 132.56517
47 96 175.41354
47 97 119.23875
47 98 186.56651
47 99 185.73767
48 49 147.18461
48 50 213.57923
48 51 160.84431
48 52 189.3774
48 53 152.46819
48 54 171.98948
48 55 160.75717
48 56 206.73533
48 57 209.04746
48 58 141.14646
48 59 107.47579
48 60 165.93227
48 61 142.10037
48 62 196.4997
48 63 129.5766
48 64 149.74063
48 65 193.17892
48 66 198.43867
48 67 152.33533
48 68 187.14146
48 69 196.24824
48 70 149.87151
48 71 167.7727
48 72 107.76086
48 73 192.97778
48 74 150.87886
48 75 163.78095
48 76 140.36652
48 77 184.08928
48 78 170.91496
48 79 130.01044
48 80 121.69383
48 81 140.68735
48 82 175.30307
48 83 167.24068
48 84 182.99249
48 85 196.76184
48 86 178.61998
48 87 195.55099
48 88 192.87069
48 89 188.9053
48 90 135.73528
48 91 143.64552
48 92 153.7723
48 93 208.20066
48 94 166.02572
48 95 186.01973
48 96 193.59594
48 97 204.81408
48 98 167.00148
48 99 145.39291
49 50 166.51122
49 51 115.81083
49 52 150.81963
49 53 133.23852
49 54 148.63103
49 55 121.55492
49 56 160.88896
49 57 162.00771
49 58 131.93365
49 59 141.0642
49 60 127.31074
49 61 142.71524
49 62 153.24008
49 63 130.39643
49 64 112.77177
49 65 152.44119
49 66 152.52425
49 67 123.77329
49 68 139.9633
49 69 155.55907
49 70 135.67195
49 71 121.53081
49 72 149.68915
49 73 147.21153
49 74 138.47492
49 75 122.95045
49 76 106.93287
49 77 160.31964
49 78 159.5053
49 79 122.36817
49 80 133.16902
49 81 137.30046
49 82 129.31374
49 83 127.23214
49 84 150.45254
49 85 149.66379
49 86 131.43873
49 87 148.37396
49 88 155.71003
49 89 148.52662
49 90 124.8668
49 91 109.62072
49 92 135.223
49 93 161.04999
49 94 133.95859
49 95 139.51277
49 96 156.77161
49 97 157.8297
49 98 139.44021
49 99 120.65376
50 51 153.32203
50 52 145.59822
50 53 182.09222
50 54 180.91879
50 55 157.05212
50 56 115.39768
50 57 113.34441
50 58 189.20577
50 59 207.57501
50 60 159.34606
50 61 194.95441
50 62 140.46455
50 63 193.63615
50 64 165.66973
50 65 148.95418
50 66 119.40724
50 67 173.16353
50 68 127.21617
50 69 138.97931
50 70 186.78559
50 71 146.08542
50 72 216.1493
50 73 131.11509
50 74 183.82386
50 75 153.68553
50 76 173.42574
50 77 175.16236
50 78 190.99842
50 79 185.73368
50 80 198.48059
50 81 190.50553
50 82 142.21723
50 83 152.15465
50 84 158.71417
50 85 116.85269
50 86 135.43609
50 87 119.3139
50 88 158.58706
50 89 150.22023
50 90 186.42092
50 91 172.12473
50 92 177.7736
50 93 106.06567
50 94 167.79672
50 95 128.20389
50 96 159.53627
50 97 108.90882
50 98 173.88711
50 99 176.9556
51 52 135.65648
51 53 145.85922
51 54 157.63592
51 55 110.03914
51 56 145.95635
51 57 151.07847
51 58 146.80528
51 59 155.40746
51 60 132.15595
51 61 145.45705
51 62 149.25376
51 63 146.1954
51 64 112.65162
51 65 151.05631
51 66 137.62598
51 67 135.47118
51 68 128.75523
51 69 139.88311
51 70 149.13735
51 71 107.32963
51 72 164.26819
51 73 140.19136
51 74 137.12079
51 75 109.26869
51 76 122.28317
51 77 149.93396
51 78 154.13281
51 79 132.41347
51 80 148.79648
51 81 140.28655
51 82 124.20876
51 83 113.14499
51 84 137.38982
51 85 136.8152
51 86 120.79822
51 87 136.82154
51 88 156.8282
51 89 147.87779
51 90 140.41706
51 91 124.71643
51 92 131.9922
51 93 148.34989
51 94 141.43077
51 95 125.29743
51 96 158.02196
51 97 144.43529
51 98 148.05296
51 99 134.56096
52 53 181.1558
52 54 190.52796
52 55 130.07994
52 56 130.74883
52 57 152.55371
52 58 182.42417
52 59 185.59806
52 60 164.06831
52 61 157.90319
52 62 167.38513
52 63 180.86773
52 64 141.42293
52 65 173.01701
52 66 126.91894
52 67 170.66736
52 68 139.52203
52 69 108.31243
52 70 184.65495
52 71 133.37013
52 72 194.51525
52 73 155.15829
52 74 145.56041
52 75 127.97831
52 76 156.38835
52 77 129.56488
52 78 146.4966
52 79 159.43913
52 80 182.18896
52 81 154.94148
52 82 148.89662
52 83 123.75479
52 84 113.34486
52 85 137.35559
52 86 138.7064
52 87 141.91586
52 88 181.46764
52 89 171.4546
52 90 175.68604
52 91 160.1859
52 92 139.93064
52 93 144.35032
52 94 174.1388
52 95 128.59511
52 96 182.69304
52 97 138.92753
52 98 181.11527
52 99 170.21048
53 54 119.88918
53 55 154.08861
53 56 182.24196
53 57 172.6982
53 58 111.61161
53 59 145.04273
53 60 122.80084
53 61 170.2549
53 62 151.35741
53 63 122.89212
53 64 145.94915
53 65 145.44541
53 66 174.5271
53 67 110.50138
53 68 155.92648
53 69 184.21018
53 70 104.78837
53 71 148.04367
53 72 149.80711
53 73 153.18249
53 74 169.5099
53 75 154.71592
53 76 131.51479
53 77 193.54971
53 78 191.67318
53 79 145.83752
53 80 130.77466
53 81 165.30394
53 82 140.2189
53 83 158.86923
53 84 182.93422
53 85 166.72287
53 86 149.39315
53 87 162.91213
53 88 142.42597
53 89 141.34615
53 90 117.6237
53 91 124.16936
53 92 167.35969
53 93 176.02949
53 94 116.51409
53 95 161.45617
53 96 142.91301
53 97 174.96867
53 98 114.90678
53 99 112.99315
54 55 167.13393
54 56 184.74727
54 57 169.40077
54 58 130.84503
54 59 164.63314
54 60 126.46209
54 61 188.82952
54 62 143.57139
54 63 142.49731
54 64 161.20197
54 65 135.64855
54 66 178.05752
54 67 125.39246
54 68 158.0299
54 69 191.92714
54 70 122.14061
54 71 157.47314
54 72 168.73397
54 73 149.88519
54 74 186.74318
54 75 166.90375
54 76 148.85282
54 77 207.37387
54 78 208.13623
54 79 164.72971
54 80 150.34773
54 81 183.6877
54 82 143.28984
54 83 170.66
54 84 194.80948
54 85 167.94292
54 86 153.87383
54 87 163.10095
54 88 129.05359
54 89 132.52806
54 90 137.50702
54 91 141.06895
54 92 183.83347
54 93 175.00291
54 94 116.41862
54 95 166.28816
54 96 129.04255
54 97 175.37328
54 98 109.58377
54 99 131.18284
55 56 147.24219
55 57 156.95227
55 58 153.48379
55 59 156.28096
55 60 142.05592
55 61 138.45151
55 62 158.38625
55 63 150.93596
55 64 111.42402
55 65 160.71786
55 66 139.32002
55 67 143.97377
55 68 135.37256
55 69 135.95433
55 70 156.93393
55 71 114.75021
55 72 165.24697
55 73 148.52979
55 74 128.67285
55 75 103.37435
55 76 126.48033
55 77 140.24132
55 78 144.2404
55 79 130.88813
55 80 152.11558
55 81 133.68152
55 82 133.69098
55 83 106.54926
55 84 128.95176
55 85 141.52553
55 86 128.43947
55 87 142.72049
55 88 166.76351
55 89 157.67324
55 90 146.14907
55 91 131.17014
55 92 123.07501
55 93 152.75689
55 94 151.10057
55 95 129.08133
55 96 167.96411
55 97 148.20131
55 98 157.57314
55 99 141.98653
56 57 125.7411
56 58 187.59019
56 59 201.35985
56 60 160.38746
56 61 183.57651
56 62 149.08733
56 63 190.13811
56 64 157.291
56 65 156.8909
56 66 108.36579
56 67 172.39518
56 68 126.82957
56 69 123.70656
56 70 186.68487
56 71 139.38496
56 72 210.20225
56 73 137.56883
56 74 171.87539
56 75 143.91617
56 76 167.75259
56 77 160.20893
56 78 176.87514
56 79 177.58617
56 80 193.94183
56 81 179.53883
56 82 142.3694
56 83 141.46911
56 84 144.04533
56 85 117.01511
56 86 132.89455
56 87 122.3479
56 88 166.50552
56 89 157.086
56 90 183.37546
56 91 168.06779
56 92 165.83492
56 93 116.24074
56 94 169.92342
56 95 121.62307
56 96 167.59809
56 97 111.86471
56 98 176.60776
56 99 174.89141
57 58 180.88521
57 59 202.57059
57 60 149.96508
57 61 195.40091
57 62 127.52327
57 63 186.63096
57 64 163.72971
57 65 136.10915
57 66 125.82285
57 67 164.59779
57 68 122.3974
57 69 147.31253
57 70 177.4713
57 71 143.79555
57 72 210.79535
57 73 119.77752
57 74 185.19309
57 75 153.73834
57 76 168.7103
57 77 181.64433
57 78 195.44776
57 79 182.92487
57 80 192.21303
57 81 190.5522
57 82 134.51482
57 83 153.24985
57 84 164.85875
57 85 116.17314
57 86 130.79907
57 87 114.30045
57 88 145.64007
57 89 137.7715
57 90 179.20998
57 91 166.09407
57 92 179.27504
57 93 109.54394
57 94 157.45634
57 95 128.49419
57 96 146.54024
57 97 114.25884
57 98 163.06781
57 99 169.22852
58 59 133.7916
58 60 131.31798
58 61 163.07272
58 62 161.51574
58 63 111.70883
58 64 143.70002
58 65 156.21534
58 66 179.5239
58 67 116.30304
58 68 162.27738
58 69 186.50888
58 70 108.78795
58 71 150.5949
58 72 138.2185
58 73 161.8942
58 74 164.13728
58 75 154.80189
58 76 127.91516
58 77 191.13381
58 78 186.78524
58 79 138.69441
58 80 119.51331
58 81 158.49398
58 82 147.00169
58 83 159.08071
58 84 182.32216
58 85 173.10805
58 86 154.86658
58 87 169.89209
58 88 153.82082
58 89 152.01995
58 90 108.86401
58 91 122.34467
58 92 162.91547
58 93 183.20127
58 94 127.29631
58 95 166.16921
58 96 154.35696
58 97 181.51608
58 98 126.5081
58 99 112.75765
59 60 158.63552
59 61 142.65202
59 62 189.30875
59 63 122.16281
59 64 144.99561
59 65 185.83775
59 66 193.01871
59 67 144.89735
59 68 180.8769
59 69 192.12519
59 70 142.54747
59 71 162.11763
59 72 108.96671
59 73 186.11319
59 74 149.91023
59 75 159.14206
59 76 134.15224
59 77 182.71056
59 78 171.13047
59 79 126.35701
59 80 114.28878
59 81 140.32026
59 82 168.56322
59 83 162.8238
59 84 180.16225
59 85 190.7261
59 86 172.38228
59 87 189.27091
59 88 185.41973
59 89 181.56061
59 90 128.26143
59 91 136.76591
59 92 152.01834
59 93 202.08699
59 94 158.56169
59 95 180.33938
59 96 186.13863
59 97 198.8854
59 98 159.53689
59 99 137.97745
60 61 170.01389
60 62 130.93397
60 63 138.9535
60 64 138.35991
60 65 127.31301
60 66 153.06081
60 67 115.14005
60 68 133.67244
60 69 165.57917
60 70 127.54687
60 71 131.14818
60 72 165.56476
60 73 130.6463
60 74 165.28868
60 75 141.34229
60 76 130.64967
60 77 182.07008
60 78 185.08864
60 79 148.25356
60 80 145.83254
60 81 164.60472
60 82 118.01871
60 83 144.83513
60 84 168.74729
60 85 144.32127
60 86 128.12506
60 87 140.25724
60 88 128.74925
60 89 123.06621
60 90 131.51819
60 91 123.88887
60 92 161.37602
60 93 153.28057
60 94 110.13619
60 95 140.5684
60 96 129.74126
60 97 152.4314
60 98 117.14777
60 99 121.12566
61 62 193.98979
61 63 153.74306
61 64 133.66257
61 65 194.44762
61 66 176.33128
61 67 163.54351
61 68 173.61818
61 69 166.02004
61 70 170.54836
61 71 152.25579
61 72 149.51194
61 73 185.61129
61 74 112.37329
61 75 141.7009
61 76 140.30494
61 77 143.88476
61 78 128.8191
61 79 124.49028
61 80 149.19426
61 81 105.42783
61 82 168.86543
61 83 142.80372
61 84 147.61976
61 85 179.9065
61 86 166.1262
61 87 181.15222
61 88 198.3543
61 89 190.73566
61 90 154.26516
61 91 148.04891
61 92 118.05387
61 93 190.98831
61 94 175.87968
61 95 167.39313
61 96 199.43468
61 97 186.22778
61 98 180.44173
61 99 157.7466
62 63 169.8632
62 64 160.33066
62 65 108.61093
62 66 145.15416
62 67 145.83875
62 68 127.86816
62 69 164.98002
62 70 156.05582
62 71 143.69089
62 72 196.44913
62 73 112.32866
62 74 186.36842
62 75 156.04188
62 76 158.58709
62 77 193.09442
62 78 202.11613
62 79 175.59769
62 80 176.75313
62 81 188.63725
62 82 125.16678
62 83 157.65528
62 84 176.971
62 85 132.87008
62 86 130.93781
62 87 127.35622
62 88 118.13362
62 89 111.04334
62 90 162.44732
62 91 153.25855
62 92 181.19906
62 93 135.25501
62 94 134.89214
62 95 138.79179
62 96 119.07173
62 97 137.61505
62 98 138.95451
62 99 152.05917
63 64 140.02329
63 65 165.43275
63 66 181.84622
63 67 124.13643
63 68 166.42012
63 69 185.91668
63 70 120.49678
63 71 151.37321
63 72 127.31275
63 73 168.55226
63 74 156.46033
63 75 152.89265
63 76 124.48227
63 77 185.79463
63 78 179.18872
63 79 130.10578
63 80 107.88277
63 81 149.58488
63 82 152.13196
63 83 157.11682
63 84 178.88968
63 85 177.02143
63 86 158.36355
63 87 174.50559
63 88 164.06757
63 89 161.16404
63 90 107.50054
63 91 122.09096
63 92 156.16466
63 93 187.78143
63 94 137.16371
63 95 168.51643
63 96 164.70617
63 97 185.44452
63 98 137.51963
63 99 117.87367
64 65 161.06034
64 66 149.10649
64 67 136.53595
64 68 141.39301
64 69 147.37171
64 70 148.18456
64 71 119.95988
64 72 153.96056
64 73 152.1698
64 74 127.05481
64 75 114.14815
64 76 115.90746
64 77 147.71352
64 78 147.06346
64 79 120.30427
64 80 140.78597
64 81 128.33157
64 82 135.20433
64 83 117.95547
64 84 138.94525
64 85 149.33494
64 86 133.32034
64 87 149.47178
64 88 165.65237
64 89 157.49445
64 90 135.81542
64 91 121.94797
64 92 123.03857
64 93 160.84693
64 94 146.06003
64 95 137.48952
64 96 166.78697
64 97 156.76252
64 98 151.88304
64 99 133.20124
65 66 152.36185
65 67 141.315
65 68 133.78751
65 69 171.33172
65 70 149.99576
65 71 146.40965
65 72 192.48924
65 73 119.38402
65 74 187.78045
65 75 158.73789
65 76 157.0454
65 77 197.37774
65 78 204.9088
65 79 174.49915
65 80 172.68747
65 81 189.03414
65 82 127.06081
65 83 160.88453
65 84 181.70839
65 85 140.26961
65 86 135.05023
65 87 134.74789
65 88 109.68834
65 89 104.28109
65 90 158.19787
65 91 150.91198
65 92 182.95301
65 93 143.61953
65 94 128.98827
65 95 144.58913
65 96 110.72823
65 97 145.6646
65 98 132.02133
65 99 147.97891
66 67 164.53662
66 68 120.10878
66 69 121.54271
66 70 178.89682
66 71 131.01942
66 72 201.85247
66 73 133.04079
66 74 164.89015
66 75 135.96445
66 76 159.38679
66 77 156.3432
66 78 171.62635
66 79 169.41073
66 80 185.58829
66 81 172.11168
66 82 135.09833
66 83 133.79489
66 84 139.6839
66 85 112.33379
66 86 125.14855
66 87 117.80532
66 88 161.76952
66 89 152.01926
66 90 175.13455
66 91 159.76445
66 92 158.83159
66 93 117.4429
66 94 162.81087
66 95 113.3838
66 96 162.91719
66 97 112.0131
66 98 169.61811
66 99 166.79569
67 68 146.47997
67 69 173.72215
67 70 114.43909
67 71 137.54497
67 72 151.20722
67 73 145.60793
67 74 161.41882
67 75 144.4328
67 76 123.46037
67 77 183.78525
67 78 183.07391
67 79 139.71496
67 80 131.40594
67 81 158.35497
67 82 130.96217
67 83 148.5419
67 84 172.69087
67 85 157.32586
67 86 139.50188
67 87 153.8628
67 88 140.54884
67 89 137.04121
67 90 116.89644
67 91 115.67957
67 92 158.7198
67 93 167.13175
67 94 113.8943
67 95 151.34147
67 96 141.29983
67 97 165.67961
67 98 116.98465
67 99 107.03272
68 69 137.55261
68 70 160.49633
68 71 121.53884
68 72 189.30863
68 73 115.72747
68 74 163.99564
68 75 132.34239
68 76 146.78658
68 77 165.79704
68 78 176.66916
68 79 160.54295
68 80 171.33661
68 81 168.63118
68 82 115.72813
68 83 132.64597
68 84 149.38762
68 85 110.84695
68 86 108.52684
68 87 108.41072
68 88 142.73327
68 89 132.76013
68 90 159.21772
68 91 144.983
68 92 158.24727
68 93 121.40863
68 94 143.09948
68 95 110.92709
68 96 143.92896
68 97 119.23871
68 98 149.78161
68 99 149.86875
69 70 187.99152
69 71 136.2079
69 72 201.08063
69 73 152.65149
69 74 153.71011
69 75 133.38589
69 76 161.57926
69 77 136.72096
69 78 154.52696
69 79 166.23861
69 80 187.82149
69 81 162.90215
69 82 149.14905
69 83 129.41647
69 84 121.2857
69 85 133.21916
69 86 138.55886
69 87 138.30137
69 88 180.24076
69 89 170.23503
69 90 180.29866
69 91 164.59268
69 92 147.99697
69 93 138.52142
69 94 175.71531
69 95 126.94681
69 96 181.44498
69 97 133.21652
69 98 182.72683
69 99 174.00354
70 71 151.78375
70 72 146.65722
70 73 157.96876
70 74 170.63721
70 75 157.78321
70 76 133.08988
70 77 195.89727
70 78 193.05664
70 79 146.05866
70 80 128.28439
70 81 165.76587
70 82 144.8172
70 83 161.99376
70 84 185.87276
70 85 171.31316
70 86 153.80061
70 87 167.5762
70 88 146.59207
70 89 145.93712
70 90 116.60034
70 91 126.23659
70 92 168.86897
70 93 180.72545
70 94 121.1712
70 95 165.74735
70 96 147.01717
70 97 179.58964
70 98 118.81182
70 99 115.0185
71 72 170.90184
71 73 133.82381
71 74 143.24053
71 75 112.38051
71 76 128.36975
71 77 151.93767
71 78 158.57016
71 79 139.68886
71 80 154.67319
71 81 147.18685
71 82 119.37847
71 83 114.6318
71 84 137.72385
71 85 129.50894
71 86 113.8948
71 87 129.52033
71 88 153.0426
71 89 143.60832
71 90 145.06707
71 91 129.36341
71 92 137.77697
71 93 141.04771
71 94 141.0555
71 95 118.24841
71 96 154.26418
71 97 137.21908
71 98 147.966
71 99 137.94868
72 73 193.90235
72 74 157.75607
72 75 168.10758
72 76 142.75738
72 77 190.82518
72 78 178.282
72 79 135.17272
72 80 119.80359
72 81 147.78312
72 82 176.5643
72 83 171.78919
72 84 188.86211
72 85 199.29677
72 86 180.8475
72 87 197.67928
72 88 191.3782
72 89 188.20962
72 90 134.31126
72 91 144.74243
72 92 160.26612
72 93 210.59846
72 94 164.46792
72 95 189.09329
72 96 192.0189
72 97 207.50861
72 98 164.64291
72 99 144.53181
73 74 177.05261
73 75 145.8728
73 76 153.35293
73 77 181.4016
73 78 191.42995
73 79 169.33861
73 80 174.70027
73 81 180.38212
73 82 117.90904
73 83 146.96722
73 84 165.08029
73 85 120.8879
73 86 120.18181
73 87 115.36406
73 88 128.94527
73 89 119.61185
73 90 161.05694
73 91 149.35562
73 92 171.59295
73 93 125.32305
73 94 137.70381
73 95 126.59823
73 96 130.05097
73 97 126.60948
73 98 143.30252
73 99 150.80208
74 75 131.65556
74 76 138.09852
74 77 133.25451
74 78 122.7421
74 79 126.47083
74 80 153.45364
74 81 110.57434
74 82 161.26245
74 83 131.99471
74 84 135.32966
74 85 169.36996
74 86 157.06958
74 87 171.1012
74 88 192.67902
74 89 184.34496
74 90 155.31435
74 91 145.77955
74 92 106.05871
74 93 180.16591
74 94 172.43346
74 95 156.82756
74 96 193.82063
74 97 175.23296
74 98 177.77065
74 99 156.55679
75 76 128.4189
75 77 140.72952
75 78 146.19642
75 79 134.01565
75 80 154.45567
75 81 136.98675
75 82 131.67887
75 83 104.28252
75 84 128.26446
75 85 138.22471
75 86 125.70589
75 87 139.54192
75 88 165.12046
75 89 155.84063
75 90 147.77983
75 91 132.46279
75 92 125.92403
75 93 149.41978
75 94 150.69362
75 95 125.75251
75 96 166.33257
75 97 144.8401
75 98 157.32106
75 99 142.96419
76 77 163.23156
76 78 160.15876
76 79 117.60565
76 80 126.51432
76 81 135.0302
76 82 135.46153
76 83 132.63546
76 84 154.81832
76 85 156.57531
76 86 138.27217
76 87 155.19346
76 88 159.39762
76 89 152.97771
76 90 119.90812
76 91 107.79454
76 92 135.86036
76 93 167.93962
76 94 135.60962
76 95 146.42541
76 96 160.38987
76 97 164.75652
76 98 140.20029
76 99 118.52295
77 78 120.60524
77 79 157.53773
77 80 184.33763
77 81 143.70694
77 82 170.91286
77 83 137.43662
77 84 116.79554
77 85 165.91835
77 86 162.39591
77 87 169.89924
77 88 204.72661
77 89 195.02606
77 90 182.84337
77 91 169.66094
77 92 130.74052
77 93 173.78113
77 94 191.31383
77 95 155.34757
77 96 205.95735
77 97 168.34796
77 98 197.81446
77 99 180.9035
78 79 149.13959
78 80 175.95482
78 81 130.87744
78 82 177.85023
78 83 144.5036
78 84 133.24172
78 85 179.28854
78 86 171.35187
78 87 182.34864
78 88 210.96098
78 89 201.91204
78 90 177.98884
78 91 167.63826
78 92 124.35893
78 93 188.64832
78 94 193.11834
78 95 167.39614
78 96 212.15455
78 97 183.29555
78 98 198.90377
78 99 178.68039
79 80 127.09112
79 81 119.7996
79 82 151.51704
79 83 137.31111
79 84 153.84523
79 85 169.19417
79 86 152.13953
79 87 168.84209
79 88 177.0024
79 89 170.47843
79 90 129.84929
79 91 124.80409
79 92 126.95314
79 93 180.73399
79 94 152.7342
79 95 157.64002
79 96 177.99173
79 97 176.84228
79 98 156.6996
79 99 133.54838
80 81 145.53843
80 82 157.73971
80 83 158.54142
80 84 178.92978
80 85 181.70597
80 86 163.04788
80 87 179.58748
80 88 171.68314
80 89 168.40827
80 90 114.51293
80 91 126.3576
80 92 153.97757
80 93 192.74384
80 94 144.76543
80 95 172.41996
80 96 172.35212
80 97 190.06795
80 98 145.36527
80 99 124.74929
81 82 163.53278
81 83 138.39015
81 84 145.49733
81 85 175.2057
81 86 161.02165
81 87 176.27491
81 88 192.9278
81 89 185.31436
81 90 149.64676
81 91 142.79868
81 92 115.15853
81 93 186.38987
81 94 170.56046
81 95 162.73666
81 96 194.00902
81 97 181.72184
81 98 175.21122
81 99 152.68273
82 83 133.9443
82 84 155.85968
82 85 126.50398
82 86 110.64587
82 87 122.90675
82 88 133.81702
82 89 124.24528
82 90 144.73619
82 91 131.83373
82 92 156.20093
82 93 136.20173
82 94 127.72153
82 95 123.0005
82 96 135.04672
82 97 134.77778
82 98 134.57765
82 99 134.91255
83 84 124.24635
83 85 137.3753
83 86 126.85
83 87 139.27451
83 88 167.67064
83 89 158.18957
83 90 152.05466
83 91 136.74344
83 92 126.03526
83 93 148.24695
83 94 154.36764
83 95 124.83415
83 96 168.89312
83 97 143.42808
83 98 161.07765
83 99 147.2079
84 85 149.12769
84 86 146.66788
84 87 153.16978
84 88 189.48395
84 89 179.62143
84 90 174.70851
84 91 160.07259
84 92 130.39425
84 93 157.09498
84 94 178.45808
84 95 138.76351
84 96 190.71827
84 97 151.66275
84 98 185.23533
84 99 170.93789
85 86 118.6775
85 87 105.53012
85 88 149.78677
85 89 140.2061
85 90 169.88807
85 91 155.36349
85 92 163.40093
85 93 111.53994
85 94 153.51079
85 95 112.54581
85 96 150.90966
85 97 108.43677
85 98 160.04335
85 99 160.65929
86 87 116.93702
86 88 142.95926
86 89 133.01482
86 90 151.27564
86 91 136.69609
86 92 151.51344
86 93 129.76669
86 94 138.08549
86 95 112.45993
86 96 144.19176
86 97 127.08527
86 98 145.02034
86 99 142.26477
87 88 144.28277
87 89 134.75536
87 90 167.23149
87 91 153.25467
87 92 165.23113
87 93 113.32609
87 94 149.09456
87 95 114.95352
87 96 145.40013
87 97 112.31611
87 98 155.46514
87 99 157.67048
88 89 110.02441
88 90 157.2326
88 91 152.52757
88 92 188.21628
88 93 153.29602
88 94 126.91828
88 95 153.33861
88 96 101.23432
88 97 155.33942
88 98 127.81897
88 99 147.54199
89 90 153.92076
89 91 146.73924
89 92 179.63506
89 93 144.65206
89 94 124.85173
89 95 143.32109
89 96 111.24364
89 97 146.21843
89 98 128.22518
89 99 143.69787
90 91 115.75728
90 92 154.22323
90 93 180.53152
90 94 130.33161
90 95 161.76345
90 96 157.92492
90 97 178.3218
90 98 131.46351
90 99 110.40116
91 92 143.28696
91 93 166.38838
91 94 127.98527
91 95 146.45245
91 96 153.4704
91 97 163.74158
91 98 132.41556
91 99 111.274
92 93 174.14676
92 94 169.02014
92 95 150.86569
92 96 189.37791
92 97 169.19564
92 98 174.66047
92 99 154.36769
93 94 161.75285
93 95 123.67932
93 96 154.28589
93 97 105.43343
93 98 167.87719
93 99 170.99653
94 95 150.54532
94 96 127.59424
94 97 161.39182
94 98 107.01158
94 99 120.92259
95 96 154.54906
95 97 119.29622
95 98 157.47823
95 99 153.43139
96 97 156.39261
96 98 128.21499
96 99 148.30766
97 98 167.78108
97 99 169.08846
98 99 123.50328
