50 5
0 1 107.38576
0 2 140.10102
0 3 149.29063
0 4 177.69934
0 5 148.73722
0 6 140.4056
0 7 121.52002
0 8 160.47774
0 9 163.10611
0 10 113.37455
0 11 165.76437
0 12 159.6847
0 13 171.54679
0 14 139.88067
0 15 175.50796
0 16 167.97302
0 17 182.53142
0 18 118.08462
0 19 149.67394
0 20 191.05098
0 21 160.14566
0 22 127.00781
0 23 140.75266
0 24 145.04999
0 25 110.2881
0 26 162.27966
0 27 170.44295
0 28 139.66488
0 29 162.1398
0 30 151.62845
0 31 129.16
0 32 129.75059
0 33 142.42755
0 34 114.51417
0 35 137.82622
0 36 188.03555
0 37 112.92191
0 38 139.37575
0 39 133.81045
0 40 183.05134
0 41 182.11599
0 42 161.9104
0 43 183.09402
0 44 168.43239
0 45 125.23651
0 46 152.70049
0 47 166.78906
0 48 149.49402
0 49 142.45674
1 2 138.9517
1 3 156.65823
1 4 180.38501
1 5 141.35222
1 6 144.14446
1 7 119.39351
1 8 155.90666
1 9 160.01802
1 10 120.20165
1 11 165.7021
1 12 164.31244
1 13 172.07554
1 14 139.30354
1 15 172.52633
1 16 162.11496
1 17 181.96129
1 18 118.48194
1 19 157.03993
1 20 186.83058
1 21 159.09536
1 22 119.80367
1 23 139.79773
1 24 137.7267
1 25 113.57618
1 26 167.02919
1 27 166.41659
1 28 132.37121
1 29 163.63985
1 30 147.42599
1 31 127.13593
1 32 137.10301
1 33 149.7248
1 34 121.39293
1 35 130.51203
1 36 190.47364
1 37 119.6844
1 38 131.99229
1 39 138.93888
1 40 183.47653
1 41 182.63028
1 42 165.40048
1 43 178.48604
1 44 171.99575
1 45 131.28288
1 46 157.30723
1 47 162.86592
1 48 142.19637
1 49 145.16467
2 3 168.68341
2 4 149.19333
2 5 154.53505
2 6 127.66977
2 7 119.60716
2 8 130.61609
2 9 125.90299
2 10 150.05559
2 11 127.33214
2 12 145.96069
2 13 134.55508
2 14 103.08643
2 15 137.28544
2 16 145.44422
2 17 143.04462
2 18 122.1727
2 19 168.9052
2 20 156.17098
2 21 120.162
2 22 147.02548
2 23 101.30035
2 24 148.38363
2 25 150.356
2 26 148.88175
2 27 136.18663
2 28 144.3838
2 29 129.4756
2 30 122.0986
2 31 112.1388
2 32 157.62586
2 33 160.66781
2 34 150.72105
2 35 143.96865
2 36 157.62756
2 37 149.92621
2 38 149.52121
2 39 133.92892
2 40 145.50563
2 41 144.82141
2 42 140.07681
2 43 150.43765
2 44 145.93783
2 45 137.10475
2 46 140.65795
2 47 132.47753
2 48 150.45891
2 49 122.28176
3 4 173.88936
3 5 197.93217
3 6 145.30419
3 7 160.76172
3 8 198.24821
3 9 194.2966
3 10 138.62969
3 11 181.76779
3 12 146.67846
3 13 182.92392
3 14 166.30328
3 15 204.54901
3 16 210.41488
3 17 198.0889
3 18 153.76361
3 19 100.41542
3 20 224.65466
3 21 182.50638
3 22 176.184
3 23 168.34268
3 24 193.89692
3 25 149.51246
3 26 147.09674
3 27 204.86987
3 28 188.43438
3 29 170.30683
3 30 189.03664
3 31 164.82623
3 32 120.73458
3 33 108.06531
3 34 137.5086
3 35 186.68814
3 36 183.80364
3 37 139.23575
3 38 188.63596
3 39 135.49649
3 40 192.75705
3 41 191.45379
3 42 157.0418
3 43 219.10092
3 44 160.75068
3 45 132.18823
3 46 143.35542
3 47 201.1547
3 48 198.19911
3 49 152.10892
4 5 203.728
4 6 137.94907
4 7 164.38887
4 8 170.52567
4 9 157.29391
4 10 180.88725
4 11 130.34878
4 12 127.25955
4 13 123.6871
4 14 146.76221
4 15 158.92062
4 16 187.23154
4 17 136.07459
4 18 162.20704
4 19 173.83241
4 20 179.56726
4 21 139.99955
4 22 194.04629
4 23 147.89335
4 24 197.57351
4 25 186.92784
4 26 127.32126
4 27 168.02038
4 28 193.52945
4 29 120.0222
4 30 165.7645
4 31 159.25605
4 32 176.83774
4 33 168.54801
4 34 180.84687
4 35 193.02828
4 36 110.65273
4 37 181.1203
4 38 198.43776
4 39 147.6378
4 40 125.76144
4 41 124.53987
4 42 117.59625
4 43 179.83764
4 44 113.17568
4 45 157.73374
4 46 131.15599
4 47 165.89028
4 48 199.52891
4 49 135.29232
5 6 175.41359
5 7 143.35539
5 8 145.87048
5 9 158.45788
5 10 160.94907
5 11 178.75318
5 12 196.4467
5 13 186.85367
5 14 157.04262
5 15 168.6851
5 16 139.45462
5 17 190.0158
5 18 149.14617
5 19 198.30796
5 20 172.51573
5 21 168.78157
5 22 122.93868
5 23 155.8352
5 24 106.17928
5 25 151.49781
5 26 199.41341
5 27 157.16742
5 28 110.70909
5 29 183.92104
5 30 143.38286
5 31 145.6003
5 32 178.40793
5 33 190.79331
5 34 162.1611
5 35 111.92051
5 36 211.93419
5 37 160.37774
5 38 109.49085
5 39 174.74514
5 40 196.29892
5 41 195.97955
5 42 193.31742
5 43 162.6598
5 44 199.60549
5 45 169.90331
5 46 189.89709
5 47 155.22256
5 48 106.40058
5 49 173.01641
6 7 132.17891
6 8 158.16396
6 9 151.01589
6 10 142.97133
6 11 136.61968
6 12 121.12649
6 13 138.78616
6 14 124.67512
6 15 160.08658
6 16 173.06218
6 17 153.3794
6 18 127.51045
6 19 145.42653
6 20 180.9716
6 21 137.45311
6 22 160.59193
6 23 126.83078
6 24 169.69693
6 25 149.18433
6 26 124.06348
6 27 162.33657
6 28 164.70482
6 29 126.59267
6 30 149.76723
6 31 130.6199
6 32 141.21929
6 33 137.89869
6 34 142.97155
6 35 163.63913
6 36 148.53489
6 37 143.19099
6 38 168.12871
6 39 110.97774
6 40 149.58896
6 41 148.37825
6 42 121.51517
6 43 176.62756
6 44 128.02728
6 45 120.30279
6 46 114.48631
6 47 158.82623
6 48 172.84333
6 49 106.85194
7 8 140.0215
7 9 141.59527
7 10 133.30791
7 11 146.66449
7 12 153.2948
7 13 153.41491
7 14 120.22454
7 15 153.98795
7 16 149.99795
7 17 162.65127
7 18 107.01227
7 19 161.07146
7 20 169.98687
7 21 139.71706
7 22 129.67343
7 23 120.51161
7 24 137.80377
7 25 131.48847
7 26 156.24018
7 27 149.31553
7 28 132.65854
7 29 146.14644
7 30 130.86327
7 31 107.78441
7 32 145.12974
7 33 152.83692
7 34 134.2053
7 35 131.50914
7 36 173.91376
7 37 133.03701
7 38 135.96111
7 39 131.87502
7 40 164.66402
7 41 163.8886
7 42 151.41428
7 43 162.45235
7 44 157.94609
7 45 129.19834
7 46 146.62731
7 47 145.60584
7 48 141.26285
7 49 130.61994
8 9 114.48264
8 10 173.11357
8 11 140.71786
8 12 174.90796
8 13 148.63639
8 14 133.52218
8 15 122.85604
8 16 116.71453
8 17 146.88242
8 18 146.24039
8 19 198.50265
8 20 131.06678
8 21 130.57427
8 22 152.39607
8 23 131.35801
8 24 140.57765
8 25 169.41828
8 26 177.68625
8 27 111.73872
8 28 139.97826
8 29 151.30049
8 30 109.29472
8 31 133.96531
8 32 184.73304
8 33 190.18315
8 34 174.07102
8 35 140.95618
8 36 175.99092
8 37 172.79564
8 38 146.5023
8 39 164.32373
8 40 155.37348
8 41 155.43976
8 42 166.90685
8 43 122.62222
8 44 171.65489
8 45 166.10997
8 46 170.37567
8 47 109.35519
8 48 139.67969
8 49 152.31782
9 10 174.53143
9 11 127.02712
9 12 165.03107
9 13 134.64744
9 14 128.03317
9 15 112.51617
9 16 130.54554
9 17 132.51203
9 18 146.40796
9 19 194.50104
9 20 130.35997
9 21 117.53408
9 22 160.98542
9 23 126.06319
9 24 152.73917
9 25 172.92345
9 26 167.61962
9 27 111.65668
9 28 151.13532
9 29 138.92526
9 30 115.40168
9 31 134.13358
9 32 183.4321
9 33 186.33343
9 34 175.32716
9 35 151.74192
9 36 162.06099
9 37 174.32006
9 38 157.57044
9 39 159.05636
9 40 140.90636
9 41 140.99719
9 42 155.82014
9 43 125.70841
9 44 159.87762
9 45 162.98708
9 46 161.42314
9 47 108.75054
9 48 152.55914
9 49 144.48297
10 11 173.65032
10 12 159.26603
10 13 178.46946
10 14 149.20311
10 15 186.71526
10 16 181.24597
10 17 190.83765
10 18 128.16822
10 19 139.03591
10 20 203.29477
10 21 169.42827
10 22 138.36579
10 23 150.46896
10 24 157.73357
10 25 110.93012
10 26 161.47652
10 27 182.62288
10 28 152.45221
10 29 167.77657
10 30 164.07608
10 31 140.4267
10 32 118.02539
10 33 132.8363
10 34 101.21209
10 35 150.55974
10 36 191.49625
10 37 100.6064
10 38 151.47134
10 39 133.72564
10 40 189.93395
10 41 188.87869
10 42 163.93406
10 43 195.66144
10 44 170.11063
10 45 123.60102
10 46 152.61365
10 47 178.90919
10 48 162.25074
10 49 146.86604
11 12 143.06947
11 13 108.20394
11 14 126.45032
11 15 129.39514
11 16 157.31246
11 17 117.29104
11 18 147.77133
11 19 181.86715
11 20 150.79595
11 21 110.39374
11 22 174.14646
11 23 126.27351
11 24 172.61025
11 25 176.01367
11 26 145.13664
11 27 137.68567
11 28 169.45839
11 29 113.95958
11 30 137.2671
11 31 139.44597
11 32 176.64967
11 33 174.49776
11 34 174.06722
11 35 169.41018
11 36 135.28804
11 37 173.65693
11 38 175.21437
11 39 147.25802
11 40 118.21942
11 41 117.62416
11 42 132.10948
11 43 149.91627
11 44 134.6864
11 45 154.90981
11 46 141.61791
11 47 135.55748
11 48 173.72105
11 49 130.02903
12 13 140.97454
12 14 142.88168
12 15 171.41316
12 16 190.85286
12 17 156.3677
12 18 148.52758
12 19 146.61079
12 20 193.00763
12 21 148.51269
12 22 181.53448
12 23 144.85995
12 24 190.66746
12 25 167.33763
12 26 102.98183
12 27 176.68737
12 28 185.7432
12 29 129.24261
12 30 167.45915
12 31 151.242
12 32 151.68748
12 33 141.68278
12 34 158.9412
12 35 184.71545
12 36 137.15023
12 37 159.62595
12 38 189.25148
12 39 126.02287
12 40 148.69719
12 41 147.35655
12 42 111.71606
12 43 190.47686
12 44 114.08922
12 45 135.77794
12 46 107.00649
12 47 173.57859
12 48 193.6884
12 49 124.02402
13 14 133.26842
13 15 135.23814
13 16 165.12544
13 17 115.48833
13 18 153.81245
13 19 182.98306
13 20 155.98127
13 21 118.5749
13 22 181.57178
13 23 133.40644
13 24 180.7004
13 25 181.69219
13 26 142.61447
13 27 144.77335
13 28 177.45356
13 29 112.6268
13 30 145.45563
13 31 146.50767
13 32 179.80875
13 33 176.05073
13 34 178.78515
13 35 177.35333
13 36 127.41415
13 37 178.52879
13 38 183.12663
13 39 149.74073
13 40 111.51717
13 41 110.57519
13 42 129.37722
13 43 156.18663
13 44 130.46324
13 45 158.28895
13 46 140.87445
13 47 142.95333
13 48 181.87612
13 49 132.7898
14 15 138.99202
14 16 148.4969
14 17 142.74339
14 18 121.80309
14 19 166.5148
14 20 158.38576
14 21 120.32842
14 22 148.58256
14 23 102.16515
14 24 150.91458
14 25 150.16808
14 26 145.80575
14 27 138.65011
14 28 146.7713
14 29 127.26594
14 30 125.12146
14 31 113.29147
14 32 155.90099
14 33 158.3196
14 34 149.80744
14 35 146.27176
14 36 155.44558
14 37 149.10946
14 38 151.73165
14 39 131.29809
14 40 144.45041
14 41 143.69306
14 42 137.14298
14 43 152.94803
14 44 143.08048
14 45 135.02277
14 46 137.57406
14 47 134.98117
14 48 153.12282
14 49 119.20175
15 16 135.49665
15 17 127.52836
15 18 158.54866
15 19 204.72674
15 20 121.60076
15 21 123.11514
15 22 173.06829
15 23 137.21833
15 24 163.27445
15 25 185.38334
15 26 173.73943
15 27 112.73693
15 28 162.25356
15 29 143.09629
15 30 127.07184
15 31 146.43015
15 32 194.8655
15 33 196.70316
15 34 187.47725
15 35 163.03997
15 36 161.6078
15 37 186.52399
15 38 168.7628
15 39 169.06636
15 40 137.94457
15 41 138.43902
15 42 161.07768
15 43 121.02503
15 44 164.05886
15 45 173.94162
15 46 168.79021
15 47 113.58287
15 48 162.52654
15 49 153.29933
16 17 161.98311
16 18 156.86396
16 19 210.70376
16 20 133.38646
16 21 147.25587
16 22 153.10498
16 23 146.38323
16 24 135.7896
16 25 175.55683
16 26 193.68983
16 27 122.77246
16 28 137.50324
16 29 167.9944
16 30 123.43353
16 31 145.68066
16 32 195.00366
16 33 202.39531
16 34 182.3255
16 35 139.09431
16 36 192.52854
16 37 180.836
16 38 143.45437
16 39 178.02566
16 40 171.21025
16 41 171.3865
16 42 183.31138
16 43 123.5524
16 44 188.2189
16 45 178.32073
16 46 185.96292
16 47 122.97841
16 48 133.11496
16 49 167.66127
17 18 164.45614
17 19 198.16219
17 20 145.37385
17 21 123.11527
17 22 188.55941
17 23 142.16479
17 24 184.05949
17 25 192.81356
17 26 157.89851
17 27 139.56166
17 28 181.6833
17 29 127.99389
17 30 146.71828
17 31 155.09881
17 32 193.84686
17 33 191.05065
17 34 191.27904
17 35 181.94867
17 36 135.88376
17 37 190.82977
17 38 187.84247
17 39 164.19701
17 40 111.19899
17 41 112.08595
17 42 144.7048
17 43 147.91801
17 44 145.14794
17 45 172.12932
17 46 156.35323
17 47 139.01586
17 48 184.40501
17 49 146.99216
18 19 154.07128
18 20 175.59098
18 21 142.09787
18 22 133.08964
18 23 122.74705
18 24 143.8502
18 25 128.37252
18 26 151.41345
18 27 154.9417
18 28 138.54755
18 29 145.15836
18 30 136.97848
18 31 112.48414
18 32 138.53834
18 33 145.82914
18 34 128.93241
18 35 137.22636
18 36 172.15691
18 37 127.98607
18 38 141.18067
18 39 125.60874
18 40 165.27481
18 41 164.38568
18 42 147.95951
18 43 168.43263
18 44 154.56443
18 45 122.22355
18 46 141.66866
18 47 151.18806
18 48 147.53508
18 49 127.28059
19 20 224.8578
19 21 182.65572
19 22 176.57339
19 23 168.55802
19 24 194.26365
19 25 149.92056
19 26 147.00337
19 27 205.09182
19 28 188.80026
19 29 170.36349
19 30 189.29546
19 31 165.10503
19 32 121.14627
19 33 108.32807
19 34 137.91584
19 35 187.05601
19 36 183.72625
19 37 139.64192
19 38 189.01531
19 39 135.667
19 40 192.78785
19 41 191.48319
19 42 157.01754
19 43 219.32784
19 44 160.68793
19 45 132.45842
19 46 143.34463
19 47 201.37888
19 48 198.56258
19 49 152.23757
20 21 144.60683
20 22 182.8905
20 23 156.39348
20 24 168.28111
20 25 200.27225
20 26 195.34016
20 27 120.67488
20 28 168.99399
20 29 164.61904
20 30 139.45534
20 31 163.10868
20 32 213.40518
20 33 216.69338
20 34 204.18495
20 35 170.29203
20 36 181.07119
20 37 203.02121
20 38 175.35062
20 39 189.36729
20 40 156.52903
20 41 157.29632
20 42 182.65339
20 43 109.86393
20 44 185.47712
20 45 193.27465
20 46 190.27215
20 47 124.40944
20 48 166.12061
20 49 174.28168
21 22 165.58485
21 23 119.40999
21 24 162.67254
21 25 170.42457
21 26 150.94324
21 27 128.87159
21 28 159.75488
21 29 121.40635
21 30 126.88074
21 31 132.07404
21 32 174.79407
21 33 174.83836
21 34 169.99231
21 35 159.82453
21 36 145.5913
21 37 169.35459
21 38 165.68071
21 39 147.09482
21 40 127.55022
21 41 127.19906
21 42 138.66685
21 43 142.1335
21 44 142.42873
21 45 153.2184
21 46 145.68171
21 47 126.27278
21 48 163.6048
21 49 130.60507
22 23 148.20009
22 24 120.99094
22 25 128.59458
22 26 184.38842
22 27 164.035
22 28 116.6583
22 29 175.48991
22 30 146.02102
22 31 135.32774
22 32 156.13967
22 33 169.43141
22 34 139.57277
22 35 114.74588
22 36 203.46178
22 37 137.77961
22 38 113.51484
22 39 157.28688
22 40 192.36549
22 41 191.74516
22 42 180.82472
22 43 173.53186
22 44 187.40258
22 45 150.61178
22 46 174.61762
22 47 161.04385
22 48 125.53402
22 49 160.01634
23 24 149.68395
23 25 151.02491
23 26 147.77194
23 27 136.56506
23 28 145.67934
23 29 128.1842
23 30 122.989
23 31 113.17324
23 32 157.6476
23 33 160.34607
23 34 151.10946
23 35 145.25823
23 36 156.34129
23 37 150.35415
23 38 150.8026
23 39 133.415
23 40 144.41568
23 41 143.71357
23 42 138.84346
23 43 150.85126
23 44 144.67775
23 45 136.93192
23 46 139.63857
23 47 132.88291
23 48 151.75559
23 49 121.28697
24 25 148.8766
24 26 193.6403
24 27 152.06731
24 28 105.47699
24 29 177.75203
24 30 137.53537
24 31 139.65045
24 32 174.7991
24 33 186.57974
24 34 158.94196
24 35 107.22802
24 36 205.75677
24 37 157.18269
24 38 108.22606
24 39 169.44931
24 40 190.20451
24 41 189.87148
24 42 187.31404
24 43 158.47639
24 44 193.57094
24 45 165.06561
24 46 184.18253
24 47 149.92491
24 48 104.58189
24 49 167.11272
25 26 169.75935
25 27 179.77976
25 28 143.82808
25 29 172.02019
25 30 160.82636
25 31 139.22243
25 32 128.82833
25 33 143.75523
25 34 112.01345
25 35 141.88162
25 36 197.38145
25 37 110.32994
25 38 142.02133
25 39 141.33155
25 40 193.20537
25 41 192.25142
25 42 170.64921
25 43 192.01769
25 44 177.06531
25 45 131.72872
25 46 160.46222
25 47 176.18638
25 48 153.45236
25 49 151.90031
26 27 179.27149
26 28 188.70882
26 29 131.21946
26 30 170.31286
26 31 154.22342
26 32 153.23636
26 33 142.52684
26 34 161.11265
26 35 187.67454
26 36 136.79789
26 37 161.85231
26 38 192.19218
26 39 128.52183
26 40 149.82765
26 41 148.48877
26 42 113.24367
26 43 192.98783
26 44 114.24551
26 45 138.10267
26 46 109.77572
26 47 176.20381
26 48 196.66775
26 49 126.99487
27 28 151.67263
27 29 150.25249
27 30 119.00242
27 31 142.45756
27 32 192.92038
27 33 196.85088
27 34 183.51075
27 35 152.68016
27 36 171.98172
27 37 182.35175
27 38 158.19163
27 39 169.92946
27 40 149.35428
27 41 149.67766
27 42 167.39663
27 43 114.32205
27 44 171.30023
27 45 173.14262
27 46 173.04335
27 47 103.7714
27 48 150.87815
27 49 155.91011
28 29 173.85273
28 30 135.74659
28 31 135.00257
28 32 169.40415
28 33 181.10591
28 34 153.65774
28 35 101.96143
28 36 201.96866
28 37 151.9083
28 38 106.5261
28 39 164.15628
28 40 187.29539
28 41 186.89509
28 42 182.74325
28 43 159.31686
28 44 189.07057
28 45 159.62668
28 46 179.18809
28 47 149.20955
28 48 109.82914
28 49 162.36238
29 30 145.95929
29 31 140.24174
29 32 167.80018
29 33 163.48418
29 34 167.98489
29 35 173.442
29 36 128.18077
29 37 167.89149
29 38 178.96528
29 39 137.56724
29 40 122.9998
29 41 121.78559
29 42 118.14996
29 43 163.19815
29 44 121.10286
29 45 146.55066
29 46 128.44016
29 47 147.67194
29 48 179.59577
29 49 121.11593
30 31 124.6726
30 32 175.44896
30 33 180.97148
30 34 165.0102
30 35 136.34029
30 36 172.25451
30 37 163.775
30 38 142.1709
30 39 155.38991
30 40 153.73572
30 41 153.57769
30 42 160.25921
30 43 131.5947
30 44 165.45007
30 45 156.87494
30 46 162.53008
30 47 115.53614
30 48 137.68901
30 49 144.24359
31 32 150.78907
31 33 156.78241
31 34 141.24985
31 35 134.23013
31 36 168.34009
31 37 140.20265
31 38 139.37238
31 39 132.98096
31 40 157.58246
31 41 156.86763
31 42 147.74115
31 43 155.99575
31 44 154.08779
31 45 132.667
31 46 144.98595
31 47 138.70428
31 48 142.48037
31 49 127.48056
32 33 115.96597
32 34 116.86971
32 35 167.57385
32 36 187.41528
32 37 118.63093
32 38 168.98613
32 39 130.27485
32 40 190.78094
32 41 189.58189
32 42 159.24481
32 43 206.71551
32 44 164.57227
32 45 121.75167
32 46 146.0606
32 47 189.14899
32 48 179.23224
32 49 147.03087
33 34 131.80386
33 35 179.39743
33 36 178.7454
33 37 133.43182
33 38 181.58755
33 39 127.74716
33 40 186.18679
33 41 184.90196
33 42 151.29678
33 43 211.06954
33 44 155.56231
33 45 124.13077
33 46 137.52275
33 47 193.13035
33 48 190.82231
33 49 144.63116
34 35 151.76647
34 36 191.4684
34 37 101.79379
34 38 152.68321
34 39 133.54241
34 40 190.2332
34 41 189.16717
34 42 163.81675
34 43 196.60155
34 44 169.94996
34 45 123.38416
34 46 152.33667
34 47 179.79054
34 48 163.45784
34 49 147.01669
35 36 201.59341
35 37 150.01319
35 38 105.8956
35 39 162.82466
35 40 187.33505
35 41 186.90604
35 42 181.95087
35 43 160.66019
35 44 188.31709
35 45 158.09682
35 46 178.11165
35 47 150.12253
35 48 111.6927
35 49 161.47111
36 37 191.72279
36 38 207.13869
36 39 158.2904
36 40 124.6963
36 41 123.81948
36 42 128.18031
36 43 182.61064
36 44 123.18628
36 45 168.38256
36 46 141.5663
36 47 170.31356
36 48 207.42531
36 49 145.5789
37 38 150.89827
37 39 134.03088
37 40 190.00088
37 41 188.95121
37 42 164.20371
37 43 195.35448
37 44 170.39896
37 45 123.9263
37 46 152.95441
37 47 178.64257
37 48 161.70313
37 49 147.01294
38 39 166.6146
38 40 193.17527
38 41 192.73433
38 42 186.94816
38 43 165.63161
38 44 193.37295
38 45 161.20878
38 46 182.54746
38 47 155.73551
38 48 112.46649
38 49 166.32368
39 40 160.56532
39 41 159.35216
39 42 130.35046
39 43 184.23831
39 44 136.4105
39 45 110.17448
39 46 119.13144
39 47 166.27496
39 48 173.07005
39 49 117.23203
40 41 101.34066
40 42 137.02006
40 43 158.70058
40 44 136.24267
40 45 169.42079
40 46 149.82926
40 47 148.31682
40 48 191.02854
40 49 143.90041
41 42 135.67994
41 43 159.27491
41 44 134.91801
41 45 168.25534
41 46 148.50319
41 47 148.54343
41 48 190.76051
41 49 142.74214
42 43 180.79445
42 44 106.60959
42 45 140.51519
42 46 113.77438
42 47 164.52532
42 48 189.88745
42 49 120.81716
43 44 184.29696
43 45 187.26617
43 46 187.08214
43 47 117.96835
43 48 156.26655
43 49 170.15903
44 45 146.58168
44 46 118.52548
44 47 168.62674
44 48 196.05007
44 49 127.38634
45 46 129.04125
45 47 169.3943
45 48 169.02933
45 49 125.52398
46 47 169.7719
46 48 187.30958
46 49 118.38693
47 48 149.01821
47 49 152.46218
48 49 169.94735
