50 12
0 1 150.97991
0 2 132.18371
0 3 165.37332
0 4 137.11167
0 5 178.3072
0 6 203.45453
0 7 167.9798
0 8 103.48853
0 9 164.72233
0 10 157.94341
0 11 183.62328
0 12 131.51233
0 13 198.6249
0 14 187.97584
0 15 148.00538
0 16 170.0187
0 17 188.60119
0 18 181.81865
0 19 127.66475
0 20 218.78006
0 21 212.28423
0 22 198.64279
0 23 200.09712
0 24 173.69365
0 25 148.24106
0 26 173.29401
0 27 159.60271
0 28 133.55263
0 29 164.46022
0 30 185.3922
0 31 138.06353
0 32 185.50688
0 33 135.58908
0 34 100.77555
0 35 145.44773
0 36 168.51304
0 37 106.90214
0 38 154.69709
0 39 166.50882
0 40 182.33781
0 41 179.68061
0 42 186.00144
0 43 140.78792
0 44 179.74514
0 45 198.19852
0 46 168.85516
0 47 137.96663
0 48 195.72757
0 49 164.30484
1 2 169.83921
1 3 175.70972
1 4 115.58951
1 5 175.02759
1 6 196.55108
1 7 117.06683
1 8 151.84594
1 9 193.11671
1 10 135.73905
1 11 132.73818
1 12 123.08527
1 13 195.84889
1 14 152.7394
1 15 169.01233
1 16 121.98164
1 17 155.26342
1 18 168.6993
1 19 135.75475
1 20 198.63241
1 21 193.64356
1 22 182.58312
1 23 190.86362
1 24 190.51416
1 25 124.56467
1 26 135.55234
1 27 147.01105
1 28 120.75569
1 29 134.66738
1 30 191.86064
1 31 113.40927
1 32 136.73006
1 33 167.53676
1 34 150.74705
1 35 124.03706
1 36 164.32152
1 37 149.15132
1 38 129.04897
1 39 161.3841
1 40 169.15728
1 41 197.42108
1 42 203.99778
1 43 111.25991
1 44 203.67987
1 45 174.2672
1 46 132.81922
1 47 166.7835
1 48 184.37469
1 49 133.42492
2 3 141.77532
2 4 154.26716
2 5 160.09077
2 6 183.56167
2 7 184.91062
2 8 128.75189
2 9 132.85115
2 10 158.34883
2 11 199.37695
2 12 146.75565
2 13 177.01521
2 14 188.08611
2 15 122.70116
2 16 182.78053
2 17 187.30684
2 18 168.90061
2 19 134.50268
2 20 205.02532
2 21 198.24125
2 22 184.65881
2 23 181.89795
2 24 145.14932
2 25 155.00348
2 26 178.01093
2 27 153.17891
2 28 149.08535
2 29 166.81005
2 30 160.49069
2 31 156.78164
2 32 197.11767
2 33 107.43223
2 34 131.5948
2 35 152.93465
2 36 153.32025
2 37 139.07745
2 38 158.75509
2 39 152.54788
2 40 169.34897
2 41 150.18781
2 42 155.99148
2 43 158.59686
2 44 148.30008
2 45 189.18355
2 46 173.62581
2 47 111.33518
2 48 179.33371
2 49 167.36271
3 4 163.65303
3 5 120.73631
3 6 141.96755
3 7 184.55636
3 8 162.16068
3 9 129.74847
3 10 145.2478
3 11 194.79528
3 12 157.91325
3 13 135.24005
3 14 165.19275
3 15 119.12856
3 16 177.35928
3 17 162.81426
3 18 133.90878
3 19 146.71521
3 20 165.92493
3 21 159.22716
3 22 146.52046
3 23 140.97189
3 24 115.79217
3 25 151.83978
3 26 163.32315
3 27 133.42366
3 28 159.2408
3 29 152.60312
3 30 120.02155
3 31 166.88105
3 32 187.32409
3 33 134.54634
3 34 164.60547
3 35 151.79323
3 36 120.03459
3 37 171.48878
3 38 150.25306
3 39 121.59822
3 40 134.18356
3 41 122.3711
3 42 128.63563
3 43 166.92531
3 44 131.71493
3 45 155.41223
3 46 160.26991
3 47 130.74503
3 48 139.64873
3 49 153.88057
4 5 166.39051
4 6 189.78642
4 7 131.6382
4 8 137.46217
4 9 178.53203
4 10 130.75266
4 11 147.03556
4 12 107.51992
4 13 187.8358
4 14 155.8157
4 15 154.76842
4 16 132.92324
4 17 157.44514
4 18 162.91319
4 19 120.46899
4 20 196.42509
4 21 190.75812
4 22 178.43063
4 23 184.66315
4 24 177.67203
4 25 117.9196
4 26 139.25283
4 27 139.36496
4 28 105.25283
4 29 133.57076
4 30 181.27945
4 31 103.2282
4 32 148.41765
4 33 152.15851
4 34 136.76268
4 35 115.75529
4 36 155.35895
4 37 136.58089
4 38 124.74061
4 39 152.50479
4 40 163.41634
4 41 184.57787
4 42 191.24569
4 43 104.33141
4 44 189.89482
4 45 172.85912
4 46 135.26263
4 47 151.60469
4 48 178.65282
4 49 132.81155
5 6 125.17104
5 7 179.79237
5 8 175.4886
5 9 149.92537
5 10 139.90195
5 11 187.066
5 12 162.5203
5 13 121.54408
5 14 150.22726
5 15 137.78397
5 16 170.68312
5 17 147.1733
5 18 114.90946
5 19 154.45274
5 20 145.46498
5 21 138.71214
5 22 125.78965
5 23 122.11441
5 24 132.05788
5 25 150.57786
5 26 153.26125
5 27 128.02608
5 28 163.12395
5 29 144.67803
5 30 120.16563
5 31 169.45392
5 32 177.48149
5 33 152.65998
5 34 177.5346
5 35 151.64329
5 36 111.04529
5 37 183.56416
5 38 146.34512
5 39 113.88757
5 40 115.00836
5 41 136.49396
5 42 140.75732
5 43 168.63421
5 44 148.31961
5 45 135.55262
5 46 151.43683
5 47 148.75573
5 48 119.3314
5 49 146.13303
6 7 198.41221
6 8 200.60422
6 9 166.6849
6 10 160.82204
6 11 202.76958
6 12 186.64343
6 13 108.51312
6 14 159.79461
6 15 160.86622
6 16 188.17643
6 17 156.03482
6 18 127.99583
6 19 179.38943
6 20 129.44676
6 21 124.28739
6 22 120.03771
6 23 106.50627
6 24 146.26856
6 25 172.87045
6 26 168.88919
6 27 150.44331
6 28 187.00893
6 29 163.22625
6 30 127.37268
6 31 192.70549
6 32 191.45589
6 33 176.21716
6 34 202.68115
6 35 174.39213
6 36 135.61434
6 37 208.73492
6 38 167.51935
6 39 138.129
6 40 127.57444
6 41 147.25901
6 42 148.16661
6 43 191.54644
6 44 159.40055
6 45 135.46686
6 46 168.46208
6 47 172.34198
6 48 113.31115
6 49 164.66286
7 8 168.73156
7 9 205.37414
7 10 140.22388
7 11 115.67176
7 12 138.76708
7 13 199.18294
7 14 146.06221
7 15 181.06035
7 16 111.11278
7 17 149.3573
7 18 170.57007
7 19 150.40941
7 20 195.33023
7 21 191.23456
7 22 181.97389
7 23 192.25077
7 24 200.06246
7 25 133.25488
7 26 130.65865
7 27 152.55045
7 28 136.39431
7 29 135.4233
7 30 198.40413
7 31 130.05223
7 32 121.53963
7 33 181.8131
7 34 167.72667
7 35 134.12346
7 36 169.9676
7 37 166.21217
7 38 134.42669
7 39 167.1047
7 40 170.95242
7 41 206.84904
7 42 213.19199
7 43 127.51093
7 44 214.4425
7 45 171.02281
7 46 130.08675
7 47 180.56338
7 48 185.44774
7 49 133.96035
8 9 161.24321
8 10 156.54942
8 11 184.31679
8 12 131.38139
8 13 195.64094
8 14 186.83811
8 15 144.63053
8 16 170.22287
8 17 187.32157
8 18 179.4228
8 19 126.10552
8 20 216.45956
8 21 209.92098
8 22 196.23864
8 23 197.3636
8 24 170.2753
8 25 147.39743
8 26 172.54778
8 27 157.56651
8 28 133.54024
8 29 163.35963
8 30 182.17012
8 31 138.69143
8 32 185.67488
8 33 132.10175
8 34 102.84655
8 35 144.63369
8 36 165.85211
8 37 110.37504
8 38 153.65234
8 39 163.92373
8 40 179.93917
8 41 176.23357
8 42 182.5409
8 43 141.32641
8 44 176.25664
8 45 196.22421
8 46 168.07269
8 47 134.501
8 48 193.11844
8 49 163.28026
9 10 169.66003
9 11 217.78126
9 12 171.37517
9 13 158.55185
9 14 193.73632
9 15 124.31452
9 16 200.21516
9 17 191.6751
9 18 163.64535
9 19 158.30471
9 20 193.71492
9 21 187.23004
9 22 175.34183
9 23 167.53902
9 24 120.4953
9 25 172.29436
9 26 189.33103
9 27 159.50371
9 28 173.37455
9 29 177.94821
9 30 139.51231
9 31 181.56618
9 32 212.2382
9 33 129.49819
9 34 164.08442
9 35 171.25148
9 36 149.42509
9 37 171.61824
9 38 173.06342
9 39 150.51855
9 40 163.91059
9 41 121.86102
9 42 125.79092
9 43 182.58512
9 44 115.77925
9 45 185.11204
9 46 185.66555
9 47 128.21174
9 48 167.73946
9 49 179.01419
10 11 149.54875
10 12 130.24725
10 13 160.24699
10 14 130.67958
10 15 146.26298
10 16 132.17188
10 17 130.82596
10 18 133.06712
10 19 130.45506
10 20 165.69279
10 21 160.00773
10 22 147.8496
10 23 155.20576
10 24 161.01168
10 25 112.84354
10 26 120.12155
10 27 112.33658
10 28 129.61464
10 29 108.60884
10 30 158.18061
10 31 133.23135
10 32 142.65219
10 33 152.71668
10 34 157.30583
10 35 115.11246
10 36 129.76947
10 37 160.4872
10 38 106.69786
10 39 126.89025
10 40 133.53962
10 41 167.6045
10 42 173.71725
10 43 131.55285
10 44 176.3274
10 45 142.41675
10 46 116.10746
10 47 150.06328
10 48 148.82563
10 49 109.45733
11 12 153.94686
11 13 204.77295
11 14 145.20092
11 15 193.59841
11 16 117.59867
11 17 148.95999
11 18 175.85547
11 19 164.96471
11 20 195.09278
11 21 191.95948
11 22 184.65501
11 23 196.35922
11 24 210.54943
11 25 145.69244
11 26 134.13419
11 27 161.60858
11 28 151.59159
11 29 142.74587
11 30 206.61685
11 31 145.62628
11 32 112.97164
11 33 195.79679
11 34 183.36027
11 35 147.15061
11 36 178.25922
11 37 181.8771
11 38 144.95359
11 39 175.56391
11 40 176.15785
11 41 217.153
11 42 223.23866
11 43 143.01299
11 44 225.66733
11 45 171.74101
11 46 135.63493
11 47 194.24153
11 48 189.48878
11 49 141.34911
12 13 184.06356
12 14 158.06679
12 15 147.85184
12 16 138.9626
12 17 159.24708
12 18 160.63638
12 19 113.10873
12 20 195.51578
12 21 189.56836
12 22 176.74896
12 23 181.85979
12 24 171.41213
12 25 118.23744
12 26 142.36525
12 27 136.76281
12 28 102.37483
12 29 134.86731
12 30 176.20535
12 31 110.27381
12 32 154.35671
12 33 144.67424
12 34 131.06618
12 35 115.50842
12 36 151.49499
12 37 132.10225
12 38 125.25484
12 39 148.74978
12 40 161.15365
12 41 178.28897
12 42 184.98049
12 43 111.84399
12 44 183.10967
12 45 172.63224
12 46 138.06006
12 47 144.20368
12 48 176.16453
12 49 134.39731
13 14 163.42023
13 15 154.35224
13 16 189.37916
13 17 159.79269
13 18 128.92533
13 19 175.78128
13 20 137.81762
13 21 132.36469
13 22 125.79429
13 23 112.41902
13 24 138.07355
13 25 171.62843
13 26 170.64891
13 27 148.967
13 28 184.65053
13 29 163.76095
13 30 119.07483
13 31 190.86912
13 32 194.0287
13 33 169.77154
13 34 197.84936
13 35 172.86842
13 36 132.57408
13 37 204.19741
13 38 166.87343
13 39 135.36595
13 40 128.6156
13 41 138.79941
13 42 139.66081
13 43 189.95495
13 44 150.90391
13 45 140.95429
13 46 169.68243
13 47 165.94632
13 48 117.55093
13 49 165.22311
14 15 172.74176
14 16 134.9717
14 17 103.84175
14 18 136.03794
14 19 160.8873
14 20 150.00317
14 21 146.76668
14 22 140.47056
14 23 153.28891
14 24 180.152
14 25 140.00691
14 26 117.22067
14 27 135.52133
14 28 156.7247
14 29 123.51781
14 30 170.28195
14 31 157.18515
14 32 132.75364
14 33 181.89687
14 34 187.37894
14 35 142.81302
14 36 145.30057
14 37 189.83297
14 38 133.29794
14 39 143.60118
14 40 136.14511
14 41 185.68877
14 42 190.62513
14 43 154.63592
14 44 196.59482
14 45 126.62493
14 46 120.64389
14 47 178.82825
14 48 146.59826
14 49 123.75723
15 16 176.06936
15 17 171.20792
15 18 148.04205
15 19 135.01585
15 20 183.11466
15 21 176.33433
15 22 162.97262
15 23 159.33878
15 24 125.86306
15 25 148.01834
15 26 166.27693
15 27 137.36761
15 28 149.71478
15 29 154.76285
15 30 138.42739
15 31 157.88034
15 32 188.50889
15 33 115.41998
15 34 147.26127
15 35 146.93863
15 36 132.35738
15 37 154.51326
15 38 149.11608
15 39 132.24827
15 40 148.44298
15 41 132.22238
15 42 138.80117
15 43 158.70145
15 44 135.31467
15 45 169.17009
15 46 162.37004
15 47 111.62405
15 48 157.1124
15 49 155.71375
16 17 138.24588
16 18 160.55358
16 19 148.72337
16 20 184.25173
16 21 180.23158
16 22 171.25868
16 23 181.92386
16 24 193.08214
16 25 128.33571
16 26 119.74085
16 27 144.38387
16 28 136.72171
16 29 126.00771
16 30 189.85705
16 31 132.38881
16 32 115.49491
16 33 178.82151
16 34 169.65269
16 35 130.01284
16 36 161.38615
16 37 169.32473
16 38 127.3636
16 39 158.61401
16 40 160.90862
16 41 199.72941
16 42 205.88108
16 43 129.53506
16 44 208.10106
16 45 159.98535
16 46 119.7348
16 47 177.08959
16 48 175.08151
16 49 124.55728
17 18 132.76107
17 19 161.2578
17 20 146.36353
17 21 143.00007
17 22 136.64693
17 23 149.53108
17 24 177.55246
17 25 141.04721
17 26 119.75243
17 27 134.32006
17 28 158.03033
17 29 124.40294
17 30 167.12994
17 31 158.98727
17 32 136.57002
17 33 180.94147
17 34 187.9835
17 35 143.82971
17 36 142.81973
17 37 190.73691
17 38 134.15382
17 39 141.29079
17 40 132.83847
17 41 182.94582
17 42 187.74329
17 43 156.5212
17 44 194.0269
17 45 122.81322
17 46 122.68036
17 47 177.76405
17 48 142.86977
17 49 124.86119
18 19 155.45879
18 20 137.11221
18 21 130.50862
18 22 116.82422
18 23 122.16449
18 24 146.75284
18 25 145.47635
18 26 141.7261
18 27 123.87812
18 28 160.67787
18 29 135.26443
18 30 134.43561
18 31 165.68166
18 32 165.2839
18 33 161.58668
18 34 181.07105
18 35 147.24376
18 36 115.70729
18 37 186.20475
18 38 139.75206
18 39 116.39999
18 40 100.52544
18 41 151.39009
18 42 155.62838
18 43 164.29417
18 44 163.12361
18 45 121.54856
18 46 140.82601
18 47 157.79094
18 48 115.78838
18 49 136.70915
19 20 191.96601
19 21 185.62373
19 22 172.18791
19 23 175.25801
19 24 159.30784
19 25 122.37403
19 26 147.34876
19 27 132.34863
19 28 115.22571
19 29 137.5189
19 30 165.86651
19 31 123.3697
19 32 163.55726
19 33 131.78271
19 34 126.9945
19 35 119.82217
19 36 143.77679
19 37 131.03624
19 38 127.98005
19 39 141.34653
19 40 155.98399
19 41 166.11413
19 42 172.8124
19 43 124.6997
19 44 170.32968
19 45 170.70972
19 46 142.8287
19 47 131.1357
19 48 170.21095
19 49 137.56266
20 21 106.78614
20 22 120.47993
20 23 126.49793
20 24 173.855
20 25 178.50619
20 26 164.80273
20 27 159.67594
20 28 195.14539
20 29 164.12596
20 30 155.71513
20 31 198.79356
20 32 182.39324
20 33 197.61201
20 34 218.03982
20 35 180.79331
20 36 151.94846
20 37 222.93278
20 38 171.78314
20 39 153.23695
20 40 136.60523
20 41 175.83964
20 42 177.3491
20 43 196.89735
20 44 188.15559
20 45 124.46016
20 46 166.33312
20 47 193.73361
20 48 126.27709
20 49 165.28345
21 22 113.76469
21 23 120.49113
21 24 167.5181
21 25 172.84993
21 26 160.58357
21 27 153.42365
21 28 189.28315
21 29 159.00061
21 30 149.65375
21 31 193.21259
21 32 179.47533
21 33 190.82714
21 34 211.54016
21 35 175.05602
21 36 145.19592
21 37 216.53542
21 38 166.24948
21 39 146.53018
21 40 129.99577
21 41 169.75238
21 42 171.55
21 43 191.40717
21 44 182.10088
21 45 120.31054
21 46 161.76194
21 47 186.94817
21 48 119.60667
21 49 160.2199
22 23 113.78626
22 24 156.33409
22 25 160.63776
22 26 151.55745
22 27 140.21603
22 28 176.61215
22 29 148.0357
22 30 139.82496
22 31 181.0319
22 32 172.81028
22 33 177.26075
22 34 197.89503
22 35 162.67539
22 36 131.47959
22 37 203.00349
22 38 154.33353
22 39 132.7671
22 40 116.30503
22 41 159.4366
22 42 162.15774
22 43 179.40243
22 44 171.76003
22 45 115.43537
22 46 151.9423
22 47 173.39647
22 48 108.65428
22 49 149.36643
23 24 147.46229
23 25 167.47807
23 26 162.54933
23 27 145.31446
23 28 182.10406
23 29 157.20385
23 30 129.22511
23 31 187.51757
23 32 184.98527
23 33 174.48618
23 34 199.3281
23 35 169.12179
23 36 131.66364
23 37 205.13597
23 38 161.89808
23 39 133.93044
23 40 121.70972
23 41 149.34768
23 42 151.06175
23 43 186.24644
23 44 161.67512
23 45 129.20339
23 46 162.23784
23 47 170.58399
23 48 106.87251
23 49 158.62769
24 25 167.09769
24 26 179.05732
24 27 149.21347
24 28 172.97142
24 29 168.3923
24 30 119.01863
24 31 180.88698
24 32 203.10466
24 33 139.09786
24 34 172.96138
24 35 166.83991
24 36 134.88701
24 37 180.28986
24 38 165.88596
24 39 136.85593
24 40 146.917
24 41 106.91527
24 42 113.57589
24 43 181.20474
24 44 116.48904
24 45 167.57617
24 46 176.05113
24 47 136.02133
24 48 148.30364
24 49 169.67228
25 26 125.16905
25 27 122.66158
25 28 117.22146
25 29 116.6471
25 30 167.34565
25 31 120.39982
25 32 142.13347
25 33 150.64058
25 34 147.68257
25 35 102.80976
25 36 139.7891
25 37 149.83081
25 38 107.05173
25 39 136.85417
25 40 145.96648
25 41 173.94601
25 42 180.40007
25 43 118.83034
25 44 181.21264
25 45 155.02759
25 46 120.6795
25 47 148.78766
25 48 161.26406
25 49 116.25496
26 27 130.09698
26 28 140.76506
26 29 111.53113
26 30 173.1199
26 31 140.35881
26 32 124.33647
26 33 172.65052
26 34 172.75683
26 35 127.91587
26 36 145.1939
26 37 174.45454
26 38 119.56127
26 39 142.70772
26 40 142.03382
26 41 185.33299
26 42 191.0558
26 43 137.71878
26 44 194.94093
26 45 140.41416
26 46 104.52129
26 47 170.10596
26 48 155.68206
26 49 110.72546
27 28 136.85784
27 29 119.17953
27 30 145.86486
27 31 142.26324
27 32 153.912
27 33 146.66192
27 34 158.88718
27 35 123.98517
27 36 117.5398
27 37 163.37824
27 38 118.43532
27 39 114.6269
27 40 124.39681
27 41 155.6738
27 42 161.65814
27 43 141.13595
27 44 164.90153
27 45 138.66831
27 46 126.86256
27 47 143.4461
27 48 139.43839
27 49 120.46354
28 29 133.72516
28 30 177.27567
28 31 108.19179
28 32 152.14571
28 33 146.90715
28 34 133.13026
28 35 114.60532
28 36 152.08084
28 37 133.84311
28 38 124.27312
28 39 149.2906
28 40 161.19114
28 41 179.86354
28 42 186.54655
28 43 109.54336
28 44 184.91566
28 45 172.02901
28 46 136.52688
28 47 146.35979
28 48 176.29618
28 49 133.1721
29 30 163.93165
29 31 135.46485
29 32 134.74601
29 33 161.27985
29 34 163.86596
29 35 119.42678
29 36 135.51987
29 37 166.37859
29 38 109.78925
29 39 132.81862
29 40 135.66772
29 41 174.83
29 42 180.75145
29 43 133.25778
29 44 184.03393
29 45 139.94172
29 46 107.74613
29 47 158.66087
29 48 150.49916
29 49 101.46535
30 31 184.47592
30 32 197.42149
30 33 153.5824
30 34 184.62482
30 35 167.88056
30 36 128.48525
30 37 191.50414
30 38 164.20806
30 39 131.31092
30 40 134.41297
30 41 120.12455
30 42 122.33627
30 43 184.14227
30 44 132.45261
30 45 152.97875
30 46 171.0195
30 47 149.94961
30 48 131.29889
30 49 165.35824
31 32 147.8433
31 33 154.91672
31 34 137.77258
31 35 118.43946
31 36 158.43267
31 37 136.95032
31 38 127.01258
31 39 155.56635
31 40 166.18074
31 41 187.79147
31 42 194.46139
31 43 102.87386
31 44 193.04442
31 45 175.0603
31 46 136.54964
31 47 154.47749
31 48 181.44551
31 49 134.61069
32 33 192.71134
32 34 185.13623
32 35 144.20143
32 36 169.52016
32 37 184.79201
32 38 139.46189
32 39 167.0045
32 40 165.53904
32 41 209.48132
32 42 215.29338
32 43 144.99995
32 44 218.77725
32 45 159.37833
32 46 127.05419
32 47 190.68999
32 48 178.14478
32 49 133.51978
33 34 134.9124
33 35 148.80967
33 36 145.96761
33 37 142.4337
33 38 153.74048
33 39 145.27033
33 40 162.02949
33 41 144.59876
33 42 150.71011
33 43 156.43674
33 44 144.18348
33 45 182.02685
33 46 168.3547
33 47 103.90505
33 48 171.90177
33 49 161.93677
34 35 144.89294
34 36 167.74708
34 37 107.53578
34 38 154.10926
34 39 165.74714
34 40 181.59001
34 41 178.96064
34 42 185.28946
34 43 140.47985
34 44 179.07868
34 45 197.49229
34 46 168.31136
34 47 137.26009
34 48 194.96516
34 49 163.72207
35 36 140.73575
35 37 147.02258
35 38 109.74751
35 39 137.81674
35 40 147.74221
35 41 173.721
35 42 180.23614
35 43 117.15568
35 44 180.62325
35 45 157.47524
35 46 123.43986
35 47 147.11313
35 48 163.01238
35 49 119.05844
36 37 173.47595
36 38 135.97447
36 39 102.93797
36 40 116.12488
36 41 140.66571
36 42 146.05438
36 43 157.6552
36 44 151.30051
36 45 136.8952
36 46 142.77069
36 47 142.14615
36 48 127.30292
36 49 136.93191
37 38 156.59602
37 39 171.32703
37 40 186.72799
37 41 186.35709
37 42 192.71972
37 43 139.79267
37 44 186.60753
37 45 201.68876
37 46 170.11708
37 47 144.72074
37 48 200.51534
37 49 166.0758
38 39 133.05696
38 40 140.22178
38 41 172.6052
38 42 178.87077
38 43 125.15911
38 44 180.74907
38 45 148.11854
38 46 115.06148
38 47 151.47071
38 48 155.49843
38 49 109.62828
39 40 116.86681
39 41 142.83093
39 42 148.38413
39 43 154.76082
39 44 153.16668
39 45 136.96723
39 46 140.15588
39 47 141.50968
39 48 129.22118
39 49 134.2171
40 41 151.50101
40 42 155.68884
40 43 164.78655
40 44 163.26888
40 45 121.24477
40 46 141.17749
40 47 158.22941
40 48 115.30195
40 49 137.11009
41 42 106.69921
41 43 188.11833
41 44 112.3634
41 45 171.61487
41 46 182.44458
41 47 141.77708
41 48 151.08493
41 49 176.13387
42 43 194.76539
42 44 112.33385
42 45 175.1289
42 46 188.30452
42 47 148.04238
42 48 153.60837
42 49 182.08081
43 44 193.71814
43 45 173.02556
43 46 133.99205
43 47 155.82359
43 48 180.0791
43 49 132.34154
44 45 183.69071
44 46 191.75155
44 47 142.24236
44 48 163.43722
44 49 185.26145
45 46 141.87335
45 47 178.33695
45 48 123.42173
45 49 141.03619
46 47 165.87506
46 48 155.41127
46 49 106.66232
47 48 168.00182
47 49 159.38052
48 49 151.91301
