100 30
0 1 146.17786
0 2 152.50098
0 3 148.10883
0 4 140.96333
0 5 128.37822
0 6 121.12081
0 7 164.28225
0 8 148.6049
0 9 170.86474
0 10 153.88846
0 11 123.035
0 12 150.90255
0 13 103.37534
0 14 153.23535
0 15 130.79197
0 16 106.60068
0 17 162.52506
0 18 144.55434
0 19 123.85527
0 20 157.90285
0 21 137.32823
0 22 151.66944
0 23 152.86649
0 24 140.44542
0 25 128.44275
0 26 141.73844
0 27 123.59457
0 28 139.25755
0 29 109.88658
0 30 135.92236
0 31 146.08141
0 32 163.423
0 33 157.79196
0 34 123.12643
0 35 148.00013
0 36 173.00671
0 37 156.26069
0 38 136.70601
0 39 162.75055
0 40 115.73739
0 41 177.97305
0 42 137.86789
0 43 120.76304
0 44 136.23146
0 45 153.61496
0 46 117.97283
0 47 163.93063
0 48 127.26745
0 49 136.24483
0 50 128.85891
0 51 153.4935
0 52 125.56548
0 53 108.51528
0 54 159.90719
0 55 157.09982
0 56 142.47501
0 57 160.53035
0 58 135.52519
0 59 148.91277
0 60 170.29496
0 61 150.80227
0 62 145.83745
0 63 176.11502
0 64 137.20179
0 65 148.93662
0 66 147.22944
0 67 129.52481
0 68 144.5446
0 69 169.13404
0 70 169.28175
0 71 136.35881
0 72 180.23579
0 73 110.25807
0 74 164.99632
0 75 161.18007
0 76 110.27427
0 77 159.65694
0 78 179.84782
0 79 123.53128
0 80 124.21377
0 81 148.6548
0 82 143.87227
0 83 104.11409
0 84 138.91992
0 85 132.2667
0 86 133.24115
0 87 135.38282
0 88 107.11683
0 89 116.80058
0 90 123.67521
0 91 138.14059
0 92 130.40624
0 93 137.55376
0 94 120.27369
0 95 130.63667
0 96 110.02021
0 97 132.68857
0 98 150.13013
0 99 118.05853
1 2 140.74326
1 3 118.39296
1 4 107.74135
1 5 121.92911
1 6 134.52121
1 7 207.58625
1 8 168.60829
1 9 187.04241
1 10 111.45924
1 11 168.90185
1 12 189.93062
1 13 147.06082
1 14 115.16472
1 15 124.58189
1 16 139.88702
1 17 187.77954
1 18 106.81996
1 19 157.18279
1 20 132.85708
1 21 170.93221
1 22 143.09967
1 23 125.17797
1 24 155.61106
1 25 137.94391
1 26 186.1042
1 27 148.60759
1 28 147.83372
1 29 146.1085
1 30 110.72271
1 31 103.52083
1 32 151.2091
1 33 170.3198
1 34 169.18972
1 35 152.26076
1 36 189.26427
1 37 159.66667
1 38 168.04665
1 39 203.90202
1 40 154.28647
1 41 180.47189
1 42 179.08366
1 43 125.7304
1 44 169.53731
1 45 199.48648
1 46 146.21597
1 47 192.35999
1 48 127.60652
1 49 160.83094
1 50 125.24313
1 51 110.48673
1 52 162.67717
1 53 149.62653
1 54 122.52791
1 55 202.88792
1 56 122.84567
1 57 205.28321
1 58 181.59874
1 59 153.68466
1 60 127.98219
1 61 104.67372
1 62 144.89623
1 63 184.69237
1 64 122.17192
1 65 187.44362
1 66 185.27418
1 67 158.99945
1 68 154.16354
1 69 190.5346
1 70 168.39753
1 71 170.96123
1 72 184.05871
1 73 137.63579
1 74 151.72123
1 75 155.77184
1 76 136.11259
1 77 192.01599
1 78 185.2364
1 79 165.03476
1 80 140.5115
1 81 155.90297
1 82 147.68285
1 83 150.23911
1 84 184.91331
1 85 148.59629
1 86 155.41828
1 87 152.22637
1 88 149.38353
1 89 130.99391
1 90 169.8521
1 91 118.03446
1 92 172.19791
1 93 174.36226
1 94 165.98882
1 95 167.81039
1 96 152.41042
1 97 176.82849
1 98 150.62609
1 99 150.02271
2 3 122.92638
2 4 144.90246
2 5 130.45517
2 6 157.58585
2 7 193.0427
2 8 138.42123
2 9 150.57684
2 10 135.10115
2 11 172.28987
2 12 171.476
2 13 155.48805
2 14 129.76551
2 15 125.37138
2 16 150.02511
2 17 156.87447
2 18 133.92799
2 19 144.16177
2 20 114.23531
2 21 151.56549
2 22 103.41953
2 23 118.12902
2 24 183.64682
2 25 165.24306
2 26 176.69963
2 27 169.953
2 28 120.16634
2 29 144.78641
2 30 141.9364
2 31 144.07329
2 32 111.88717
2 33 134.52358
2 34 168.37937
2 35 117.27795
2 36 152.59467
2 37 121.27469
2 38 147.64496
2 39 186.17408
2 40 147.9384
2 41 139.91992
2 42 165.78221
2 43 144.25516
2 44 150.39814
2 45 193.14473
2 46 138.15604
2 47 163.12148
2 48 127.1756
2 49 184.22398
2 50 154.10604
2 51 135.89877
2 52 150.22124
2 53 160.45061
2 54 128.7671
2 55 195.76228
2 56 118.37014
2 57 194.26656
2 58 178.77934
2 59 118.32412
2 60 139.67788
2 61 141.59161
2 62 110.94685
2 63 145.29246
2 64 156.85569
2 65 168.836
2 66 166.57261
2 67 141.37404
2 68 122.4254
2 69 156.59856
2 70 127.75607
2 71 152.56059
2 72 143.59728
2 73 151.38729
2 74 113.11809
2 75 115.04924
2 76 147.93454
2 77 166.1786
2 78 145.00627
2 79 156.39833
2 80 129.4072
2 81 121.31321
2 82 115.65
2 83 155.77291
2 84 185.85169
2 85 174.93228
2 86 179.59715
2 87 178.90705
2 88 159.28046
2 89 138.4501
2 90 170.65965
2 91 124.77264
2 92 161.53226
2 93 157.09478
2 94 170.29586
2 95 153.2057
2 96 162.43911
2 97 168.75669
2 98 113.61861
2 99 167.30349
3 4 124.00742
3 5 119.7726
3 6 144.36959
3 7 202.51537
3 8 155.70439
3 9 171.78169
3 10 112.60334
3 11 170.86515
3 12 182.72782
3 13 150.14561
3 14 107.90621
3 15 117.95663
3 16 143.15657
3 17 175.05443
3 18 111.83295
3 19 150.86135
3 20 114.85886
3 21 162.67566
3 22 125.65432
3 23 107.14683
3 24 168.96728
3 25 150.31557
3 26 182.82933
3 27 158.40581
3 28 134.52558
3 29 144.18248
3 30 122.78794
3 31 121.87712
3 32 132.87367
3 33 155.1335
3 34 169.19934
3 35 136.77984
3 36 173.92526
3 37 143.1699
3 38 159.20756
3 39 197.33437
3 40 150.76929
3 41 162.84528
3 42 173.82658
3 43 131.81579
3 44 161.31387
3 45 197.94397
3 46 141.03232
3 47 180.45373
3 48 121.87941
3 49 172.08996
3 50 137.67315
3 51 113.25079
3 52 157.00084
3 53 154.13019
3 54 112.09169
3 55 201.06437
3 56 107.94907
3 57 201.75408
3 58 181.16907
3 59 138.14829
3 60 123.64724
3 61 118.70183
3 62 129.13432
3 63 167.89995
3 64 137.82566
3 65 180.10606
3 66 177.833
3 67 150.8006
3 68 139.95407
3 69 176.49131
3 70 150.67314
3 71 163.12445
3 72 166.52217
3 73 142.61445
3 74 133.34131
3 75 137.94023
3 76 139.83917
3 77 181.60659
3 78 167.89586
3 79 161.22266
3 80 132.94722
3 81 140.75249
3 82 132.83402
3 83 152.12888
3 84 186.31177
3 85 160.91487
3 86 166.89676
3 87 164.83321
3 88 153.40025
3 89 131.32315
3 90 170.64662
3 91 109.96934
3 92 167.83655
3 93 167.16818
3 94 168.25455
3 95 161.47895
3 96 156.70353
3 97 173.83329
3 98 134.37029
3 99 157.82724
4 5 120.71373
4 6 127.29131
4 7 203.87076
4 8 168.91468
4 9 188.49629
4 10 119.14641
4 11 163.18346
4 12 187.23422
4 13 141.42967
4 14 122.36827
4 15 124.72522
4 16 134.45507
4 17 187.71633
4 18 112.36335
4 19 154.72466
4 20 138.85193
4 21 168.96771
4 22 146.85687
4 23 131.1136
4 24 147.87353
4 25 130.25652
4 26 181.9176
4 27 141.19194
4 28 148.89689
4 29 142.30584
4 30 105.46107
4 31 105.65448
4 32 156.0185
4 33 171.92053
4 34 164.08907
4 35 154.39607
4 36 190.75051
4 37 162.33361
4 38 166.39656
4 39 200.80667
4 40 150.79453
4 41 183.93185
4 42 175.73788
4 43 120.20036
4 44 167.58542
4 45 194.57072
4 46 143.70036
4 47 191.8149
4 48 126.87076
4 49 153.16638
4 50 117.67642
4 51 118.20149
4 52 159.80691
4 53 143.48306
4 54 129.9581
4 55 198.04095
4 56 126.53648
4 57 201.01234
4 58 176.48013
4 59 155.81915
4 60 135.69437
4 61 111.86851
4 62 147.41972
4 63 187.31028
4 64 114.56785
4 65 184.83318
4 66 182.73459
4 67 157.28579
4 68 155.50469
4 69 191.1893
4 70 172.0624
4 71 168.81404
4 72 187.39457
4 73 131.71855
4 74 156.71673
4 75 159.69377
4 76 130.70401
4 77 190.73052
4 78 188.35816
4 79 161.37711
4 80 139.30538
4 81 157.74673
4 82 149.57822
4 83 144.91116
4 84 179.18958
4 85 140.88073
4 86 147.74787
4 87 144.49309
4 88 143.3934
4 89 127.28819
4 90 164.48566
4 91 120.47107
4 92 168.61308
4 93 171.87992
4 94 160.21943
4 95 165.09245
4 96 146.26932
4 97 172.65867
4 98 153.30337
4 99 142.9936
5 6 127.31501
5 7 186.18843
5 8 148.27454
5 9 168.35644
5 10 126.51938
5 11 151.26173
5 12 168.05546
5 13 130.37338
5 14 125.07126
5 15 105.26248
5 16 123.42216
5 17 167.00416
5 18 117.80383
5 19 135.30294
5 20 131.16759
5 21 149.01354
5 22 131.22709
5 23 125.08598
5 24 153.27441
5 25 134.79249
5 26 165.26564
5 27 140.43618
5 28 128.83216
5 29 125.47425
5 30 115.64352
5 31 123.53072
5 32 142.34232
5 33 152.00691
5 34 150.05807
5 35 135.37329
5 36 170.62379
5 37 143.83662
5 38 146.18511
5 39 182.14179
5 40 133.0634
5 41 166.25039
5 42 157.5225
5 43 113.93511
5 44 147.61922
5 45 179.56972
5 46 124.4069
5 47 171.13976
5 48 106.17978
5 49 154.58784
5 50 123.97455
5 51 126.34327
5 52 140.92467
5 53 134.42956
5 54 131.53461
5 55 182.8316
5 56 115.13685
5 57 184.42568
5 58 162.25883
5 59 136.75363
5 60 142.18293
5 61 125.87571
5 62 129.27585
5 63 168.33166
5 64 128.20545
5 65 165.55187
5 66 163.37115
5 67 137.11002
5 68 135.56463
5 69 170.61417
5 70 155.00146
5 71 149.03216
5 72 169.45258
5 73 123.20799
5 74 143.52245
5 75 143.60014
5 76 120.22254
5 77 170.31817
5 78 170.06717
5 79 143.82602
5 80 118.74914
5 81 138.27796
5 82 130.3981
5 83 132.42875
5 84 166.8887
5 85 144.63582
5 86 149.70529
5 87 148.62109
5 88 133.65789
5 89 111.57765
5 90 151.2892
5 91 109.81689
5 92 150.85735
5 93 152.45897
5 94 148.5938
5 95 145.97808
5 96 136.96681
5 97 156.05266
5 98 135.12518
5 99 138.90312
6 7 184.6104
6 8 165.72537
6 9 187.78356
6 10 145.01278
6 11 138.95742
6 12 172.02303
6 13 119.568
6 14 146.52034
6 15 132.23068
6 16 115.62928
6 17 181.70102
6 18 136.05828
6 19 143.41267
6 20 157.80411
6 21 157.67682
6 22 158.01916
6 23 150.91958
6 24 126.08719
6 25 108.57449
6 26 161.88912
6 27 114.2705
6 28 151.13156
6 29 128.31518
6 30 124.06114
6 31 132.94498
6 32 169.44654
6 33 172.95823
6 34 141.87911
6 35 159.26073
6 36 190.01777
6 37 167.98136
6 38 156.50884
6 39 183.66265
6 40 136.17432
6 41 190.60473
6 42 158.93888
6 43 113.38084
6 44 156.47928
6 45 171.83486
6 46 134.48405
6 47 183.8588
6 48 130.70125
6 49 127.72849
6 50 110.22304
6 51 144.26149
6 52 146.21485
6 53 119.06518
6 54 154.17732
6 55 175.43279
6 56 141.96468
6 57 180.07918
6 58 153.63626
6 59 160.48064
6 60 162.11263
6 61 139.02001
6 62 154.64311
6 63 190.78997
6 64 117.95407
6 65 170.05117
6 66 168.32321
6 67 148.33656
6 68 157.55912
6 69 187.49323
6 70 180.24506
6 71 156.87757
6 72 193.42714
6 73 111.50329
6 74 170.69925
6 75 169.82146
6 76 113.923
6 77 180.24013
6 78 193.57203
6 79 144.65208
6 80 136.22605
6 81 161.1761
6 82 154.41668
6 83 123.7586
6 84 154.4707
6 85 117.34761
6 86 122.60502
6 87 121.32647
6 88 119.62433
6 89 120.7306
6 90 141.34872
6 91 135.60721
6 92 151.48279
6 93 158.4539
6 94 135.96106
6 95 151.45342
6 96 121.58996
6 97 153.16471
6 98 160.10028
6 99 115.81629
7 8 158.64448
7 9 167.5487
7 10 212.33438
7 11 148.29266
7 12 122.14597
7 13 165.14782
7 14 209.7395
7 15 185.40008
7 16 170.78784
7 17 150.2809
7 18 203.98612
7 19 151.65788
7 20 205.27813
7 21 141.478
7 22 190.17054
7 23 204.04536
7 24 194.3194
7 25 190.29168
7 26 122.73159
7 27 180.22762
7 28 172.88918
7 29 161.60322
7 30 198.48817
7 31 208.35758
7 32 198.20684
7 33 169.44521
7 34 143.19284
7 35 177.53853
7 36 168.17
7 37 180.07943
7 38 145.40829
7 39 109.87563
7 40 153.29979
7 41 189.57525
7 42 128.75108
7 43 184.17478
7 44 142.65161
7 45 120.85285
7 46 161.96057
7 47 144.27021
7 48 181.58164
7 49 184.89363
7 50 193.12105
7 51 212.30025
7 52 145.57481
7 53 165.92488
7 54 214.28165
7 55 118.85765
7 56 194.7939
7 57 109.11951
7 58 133.50237
7 59 177.14087
7 60 226.12566
7 61 211.86445
7 62 182.1589
7 63 180.70148
7 64 201.47303
7 65 124.64293
7 66 126.79121
7 67 152.33532
7 68 171.67009
7 69 158.47209
7 70 189.5052
7 71 140.5143
7 72 189.02996
7 73 174.52518
7 74 199.9492
7 75 190.83213
7 76 174.1977
7 77 135.67219
7 78 186.77881
7 79 142.56517
7 80 169.57271
7 81 174.48415
7 82 177.54323
7 83 161.00872
7 84 138.79918
7 85 189.27005
7 86 185.74576
7 87 190.52369
7 88 165.12613
7 89 176.73183
7 90 144.55935
7 91 193.91789
7 92 135.38923
7 93 136.03935
7 94 150.83239
7 95 141.06706
7 96 163.80882
7 97 131.59372
7 98 181.63403
7 99 173.76755
8 9 122.28284
8 10 168.00403
8 11 156.8903
8 12 136.51654
8 13 151.85991
8 14 163.6056
8 15 144.31296
8 16 151.1413
8 17 119.36851
8 18 162.61031
8 19 125.79272
8 20 152.41588
8 21 120.49901
8 22 135.07993
8 23 154.09589
8 24 188.85051
8 25 174.24438
8 26 148.19661
8 27 172.11516
8 28 121.21083
8 29 138.87971
8 30 163.91722
8 31 170.98084
8 32 140.59853
8 33 112.0168
8 34 150.18498
8 35 121.19119
8 36 124.45783
8 37 121.58029
8 38 117.3173
8 39 150.37499
8 40 134.27569
8 41 134.36288
8 42 136.19539
8 43 156.11778
8 44 120.14689
8 45 164.64215
8 46 131.44542
8 47 124.94014
8 48 142.09479
8 49 184.69183
8 50 168.37795
8 51 168.44036
8 52 128.04765
8 53 156.59712
8 54 165.30015
8 55 166.33356
8 56 148.02332
8 57 162.10634
8 58 155.77606
8 59 120.30707
8 60 177.00709
8 61 171.46917
8 62 127.97674
8 63 129.07062
8 64 174.90154
8 65 134.10688
8 66 132.1053
8 67 119.69012
8 68 116.21331
8 69 122.41197
8 70 131.28153
8 71 122.16069
8 72 135.30347
8 73 154.82046
8 74 142.25592
8 75 132.59188
8 76 151.87929
8 77 127.91485
8 78 134.02297
8 79 135.08165
8 80 130.69401
8 81 117.32533
8 82 123.46981
8 83 149.26748
8 84 164.79197
8 85 180.36531
8 86 181.84559
8 87 183.74172
8 88 155.1088
8 89 146.34245
8 90 153.28921
8 91 150.80737
8 92 135.88042
8 93 126.1745
8 94 156.41677
8 95 126.84678
8 96 156.97643
8 97 143.35914
8 98 125.13173
8 99 166.62782
9 10 184.38502
9 11 177.4433
9 12 147.44369
9 13 174.10161
9 14 179.40489
9 15 163.82516
9 16 173.38886
9 17 117.2686
9 18 180.57367
9 19 147.69575
9 20 164.56426
9 21 138.94553
9 22 147.24742
9 23 168.41723
9 24 211.133
9 25 196.33341
9 26 163.83635
9 27 194.39417
9 28 139.61233
9 29 161.16117
9 30 183.84461
9 31 189.79015
9 32 147.31381
9 33 116.73837
9 34 170.34784
9 35 135.04425
9 36 102.27184
9 37 129.32535
9 38 137.03966
9 39 157.91377
9 40 156.24832
9 41 123.89258
9 42 152.56518
9 43 177.59732
9 44 139.18924
9 45 178.89979
9 46 153.68446
9 47 123.65345
9 48 162.27599
9 49 206.87268
9 50 189.84679
9 51 185.00797
9 52 148.96858
9 53 178.78167
9 54 179.31773
9 55 179.7727
9 56 164.85923
9 57 173.38998
9 58 173.82015
9 59 133.65447
9 60 190.16065
9 61 189.25603
9 62 142.66489
9 63 113.65786
9 64 195.9204
9 65 145.81624
9 66 144.57156
9 67 141.65146
9 68 133.00093
9 69 109.8072
9 70 129.56819
9 71 140.6278
9 72 122.28689
9 73 177.01866
9 74 148.48014
9 75 138.63023
9 76 174.01084
9 77 131.89566
9 78 119.71877
9 79 155.49494
9 80 152.09498
9 81 131.20201
9 82 139.38971
9 83 171.40458
9 84 183.12302
9 85 202.63668
9 86 204.10467
9 87 206.02361
9 88 177.29444
9 89 167.96009
9 90 173.50642
9 91 169.01436
9 92 154.55939
9 93 143.38346
9 94 177.33794
9 95 146.4928
9 96 179.05553
9 97 161.3163
9 98 137.53053
9 99 188.86397
10 11 176.91563
10 12 193.3555
10 13 155.28943
10 14 105.4684
10 15 126.9775
10 16 148.048
10 17 187.37227
10 18 109.40776
10 19 160.87843
10 20 124.30668
10 21 173.59468
10 22 138.01455
10 23 117.36454
10 24 166.99728
10 25 149.10956
10 26 191.7341
10 27 159.25354
10 28 146.79323
10 29 151.9874
10 30 120.98349
10 31 114.52654
10 32 144.04984
10 33 167.73326
10 34 176.32632
10 35 149.37826
10 36 186.52789
10 37 155.70681
10 38 170.31772
10 39 207.76709
10 40 159.49177
10 41 174.8711
10 42 183.58941
10 43 134.60093
10 44 172.21029
10 45 206.06684
10 46 150.37532
10 47 192.60274
10 48 130.75519
10 49 171.90039
10 50 136.27272
10 51 101.08496
10 52 166.80733
10 53 158.47974
10 54 111.42374
10 55 209.34309
10 56 119.98284
10 57 210.86853
10 58 188.62252
10 59 150.74942
10 60 117.12157
10 61 108.7263
10 62 141.73478
10 63 180.31375
10 64 133.63116
10 65 190.77432
10 66 188.53048
10 67 161.59222
10 68 152.43202
10 69 189.02317
10 70 162.67483
10 71 173.88567
10 72 178.59952
10 73 146.45537
10 74 144.23939
10 75 149.9332
10 76 144.3707
10 77 193.35294
10 78 180.08716
10 79 170.21737
10 80 143.17168
10 81 153.33881
10 82 145.37169
10 83 158.00254
10 84 192.79212
10 85 159.81495
10 86 166.50962
10 87 163.5066
10 88 158.03735
10 89 137.50849
10 90 177.35591
10 91 118.55719
10 92 177.14982
10 93 177.70419
10 94 174.10716
10 95 171.61325
10 96 161.21803
10 97 182.54436
10 98 146.95629
10 99 160.08199
11 12 142.48514
11 13 121.8417
11 14 176.23067
11 15 153.18386
11 16 129.03438
11 17 164.64108
11 18 167.56627
11 19 132.15848
11 20 179.61741
11 21 138.69691
11 22 170.80989
11 23 175.20496
11 24 146.15479
11 25 143.11129
11 26 126.36414
11 27 132.12423
11 28 155.52567
11 29 127.74401
11 30 158.41531
11 31 168.52588
11 32 182.13184
11 33 168.24979
11 34 107.42931
11 35 163.845
11 36 179.27161
11 37 170.94725
11 38 140.41779
11 39 149.93151
11 40 125.19216
11 41 190.3114
11 42 129.56413
11 43 143.20074
11 44 138.3061
11 45 133.04779
11 46 134.2381
11 47 163.48374
11 48 149.43463
11 49 137.24388
11 50 148.70174
11 51 176.50839
11 52 128.84289
11 53 120.07431
11 54 182.77938
11 55 136.66428
11 56 164.77847
11 57 142.31618
11 58 115.18811
11 59 164.38714
11 60 193.30962
11 61 173.55952
11 62 163.838
11 63 185.9608
11 64 156.83703
11 65 141.55795
11 66 140.78949
11 67 137.9083
11 68 159.04218
11 69 172.8426
11 70 183.84243
11 71 137.08414
11 72 191.8004
11 73 131.46541
11 74 183.83027
11 75 178.20769
11 76 132.79946
11 77 156.63611
11 78 190.76727
11 79 121.96757
11 80 142.88362
11 81 163.21713
11 82 160.74502
11 83 118.92378
11 84 116.01903
11 85 141.0198
11 86 137.56421
11 87 142.24074
11 88 119.89722
11 89 139.71853
11 90 104.47996
11 91 160.92788
11 92 124.10565
11 93 135.40073
11 94 103.00844
11 95 130.98899
11 96 117.40745
11 97 120.32366
11 98 166.8869
11 99 125.86597
12 13 152.72805
12 14 190.25362
12 15 166.45123
12 16 156.81664
12 17 130.50249
12 18 185.59128
12 19 132.75332
12 20 184.17132
12 21 120.21973
12 22 168.49792
12 23 183.55916
12 24 187.11274
12 25 179.01991
12 26 119.11759
12 27 171.16325
12 28 151.43161
12 29 145.5245
12 30 181.77354
12 31 191.16831
12 32 176.17226
12 33 147.51131
12 34 135.40568
12 35 155.58161
12 36 148.42485
12 37 157.93379
12 38 123.98848
12 39 114.76248
12 40 136.89216
12 41 168.25866
12 42 113.48924
12 43 168.65271
12 44 121.52862
12 45 131.79748
12 46 143.72525
12 47 125.91759
12 48 162.83246
12 49 179.20991
12 50 179.1169
12 51 193.44329
12 52 127.43065
12 53 155.06568
12 54 194.16388
12 55 132.38779
12 56 174.84456
12 57 126.22569
12 58 131.95994
12 59 155.12861
12 60 206.10943
12 61 193.92555
12 62 160.53906
12 63 159.97437
12 64 187.26815
12 65 102.65505
12 66 104.94395
12 67 131.92796
12 68 149.74356
12 69 139.26119
12 70 167.5133
12 71 119.61617
12 72 168.03221
12 73 160.89201
12 74 177.9051
12 75 168.70763
12 76 159.68966
12 77 117.20069
12 78 165.95466
12 79 127.37257
12 80 150.18422
12 81 152.42535
12 82 155.8682
12 83 148.59248
12 84 140.74412
12 85 180.50129
12 86 178.6611
12 87 182.61913
12 88 153.90987
12 89 160.02684
12 90 138.02251
12 91 174.79833
12 92 120.72262
12 93 115.6563
12 94 144.03796
12 95 122.15694
12 96 153.65184
12 97 122.16164
12 98 159.68859
12 99 164.54786
13 14 154.93666
13 15 133.17008
13 16 107.24464
13 17 165.4729
13 18 145.90041
13 19 126.87972
13 20 160.44141
13 21 140.00615
13 22 154.74833
13 23 155.16488
13 24 137.37614
13 25 126.30493
13 26 142.46538
13 27 120.49815
13 28 142.5919
13 29 113.24522
13 30 136.58808
13 31 146.71587
13 32 166.52211
13 33 161.14015
13 34 123.01002
13 35 151.33247
13 36 176.23337
13 37 159.61628
13 38 139.57971
13 39 164.10317
13 40 118.57107
13 41 181.34807
13 42 139.49592
13 43 121.3647
13 44 138.95673
13 45 153.47699
13 46 121.34634
13 47 166.68443
13 48 129.79084
13 49 132.91323
13 50 128.11728
13 51 154.83781
13 52 128.16132
13 53 105.17038
13 54 161.79619
13 55 157.01478
13 56 144.83032
13 57 160.96222
13 58 135.25496
13 59 152.25603
13 60 171.91383
13 61 151.72002
13 62 149.05109
13 63 179.46624
13 64 136.46488
13 65 150.86355
13 66 149.24427
13 67 132.6538
13 68 147.91389
13 69 172.21294
13 70 172.62973
13 71 138.9604
13 72 183.61011
13 73 109.83105
13 74 168.07793
13 75 164.42914
13 76 110.97741
13 77 162.15258
13 78 183.21729
13 79 125.46262
13 80 127.47903
13 81 152.0197
13 82 147.16767
13 83 104.19294
13 84 137.8572
13 85 129.35904
13 86 130.01563
13 87 132.34831
13 88 103.83293
13 89 118.8782
13 90 123.10433
13 91 140.18704
13 92 132.06531
13 93 139.88684
13 94 118.93343
13 95 133.07768
13 96 106.96245
13 97 133.62878
13 98 153.41702
13 99 114.76844
14 15 124.48747
14 16 147.75896
14 17 182.9513
14 18 110.61133
14 19 158.10458
14 20 118.88566
14 21 170.28868
14 22 132.74736
14 23 111.90649
14 24 169.68118
14 25 151.3979
14 26 189.63698
14 27 160.78174
14 28 142.43136
14 29 150.35459
14 30 123.01241
14 31 118.57557
14 32 138.58149
14 33 162.81568
14 34 175.11934
14 35 144.4848
14 36 181.52664
14 37 150.55065
14 38 166.88182
14 39 204.79722
14 40 157.42388
14 41 169.45683
14 42 181.00114
14 43 135.07351
14 44 168.91765
14 45 204.4046
14 46 147.94288
14 47 188.35971
14 48 128.40233
14 49 173.90685
14 50 138.50517
14 51 106.41737
14 52 164.16721
14 53 158.50343
14 54 107.74567
14 55 207.60229
14 56 115.77339
14 57 208.67579
14 58 187.27925
14 59 145.83411
14 60 117.11182
14 61 113.57752
14 62 136.83752
14 63 175.03291
14 64 136.91316
14 65 187.64474
14 66 185.38056
14 67 158.3532
14 68 147.81314
14 69 184.29843
14 70 157.26116
14 71 170.68193
14 72 173.19462
14 73 146.61914
14 74 138.77512
14 75 144.52672
14 76 144.2098
14 77 189.46391
14 78 174.71099
14 79 168.03459
14 80 140.22058
14 81 148.49598
14 82 140.65741
14 83 157.32875
14 84 191.93707
14 85 162.1291
14 86 168.57349
14 87 165.92736
14 88 157.9297
14 89 136.52332
14 90 176.35605
14 91 115.96665
14 92 174.80641
14 93 174.6465
14 94 173.50738
14 95 168.7912
14 96 161.18216
14 97 180.53819
14 98 141.90092
14 99 161.02669
15 16 126.61358
15 17 163.32684
15 18 119.31324
15 19 133.90176
15 20 127.36767
15 21 146.89204
15 22 126.0179
15 23 122.08608
15 24 158.27723
15 25 139.89889
15 26 165.15121
15 27 144.96391
15 28 124.21322
15 29 126.22959
15 30 120.03702
15 31 126.72308
15 32 137.24977
15 33 147.33224
15 34 151.27089
15 35 130.3375
15 36 166.08504
15 37 138.71622
15 38 143.79528
15 39 180.80605
15 40 132.9576
15 41 161.05909
15 42 156.6491
15 43 118.88422
15 44 145.49909
15 45 180.05116
15 46 123.48585
15 47 167.7903
15 48 103.93782
15 49 159.1936
15 50 129.23631
15 51 127.01346
15 52 139.84427
15 53 137.60308
15 54 130.04418
15 55 183.2054
15 56 111.68306
15 57 184.19143
15 58 163.21266
15 59 131.73312
15 60 141.3625
15 61 127.99147
15 62 124.06624
15 63 163.34623
15 64 133.31876
15 65 163.88786
15 66 161.65912
15 67 134.87742
15 68 130.88045
15 69 166.50455
15 70 149.75755
15 71 147.08348
15 72 164.29148
15 73 127.04609
15 74 138.47573
15 75 138.34166
15 76 123.80516
15 77 167.51414
15 78 164.95272
15 79 143.54717
15 80 116.31887
15 81 133.38572
15 82 125.38611
15 83 134.68953
15 84 168.46249
15 85 149.57796
15 86 154.42197
15 87 153.557
15 88 136.68501
15 89 114.44172
15 90 152.78393
15 91 108.53844
15 92 150.34057
15 93 150.79497
15 94 150.661
15 95 144.6379
15 96 139.9917
15 97 156.06802
15 98 129.93747
15 99 142.96885
16 17 166.35882
16 18 138.65687
16 19 127.86047
16 20 153.98063
16 21 142.04993
16 22 149.60253
16 23 148.40487
16 24 137.93407
16 25 123.66243
16 26 148.29666
16 27 121.65322
16 28 139.10773
16 29 112.78695
16 30 129.49595
16 31 139.6478
16 32 161.39539
16 33 159.36932
16 34 129.6588
16 35 147.73083
16 36 175.58634
16 37 156.2798
16 38 140.95067
16 39 169.02396
16 40 120.56258
16 41 178.52526
16 42 144.00239
16 43 114.2784
16 44 140.85816
16 45 160.16756
16 46 119.7045
16 47 168.30928
16 48 123.49862
16 49 135.46718
16 50 122.46982
16 51 147.59358
16 52 130.60982
16 53 111.02618
16 54 154.6968
16 55 163.66449
16 56 138.17038
16 57 167.12499
16 58 142.03259
16 59 148.78429
16 60 164.70378
16 61 144.53726
16 62 144.55823
16 63 177.55527
16 64 130.7752
16 65 154.75158
16 66 152.95164
16 67 132.99471
16 68 144.98865
16 69 172.46237
16 70 169.10242
16 71 141.24972
16 72 181.03574
16 73 104.14244
16 74 162.87857
16 75 160.04557
16 76 103.77736
16 77 164.61139
16 78 180.87689
16 79 129.50458
16 80 123.6828
16 81 148.93213
16 82 143.24358
16 83 110.45648
16 84 145.03354
16 85 129.29226
16 86 131.66189
16 87 132.81314
16 88 110.24408
16 89 112.17221
16 90 130.0501
16 91 133.23142
16 92 136.55355
16 93 142.90368
16 94 126.15167
16 95 135.88099
16 96 113.5477
16 97 139.20295
16 98 149.36842
16 99 117.56811
17 18 181.88582
17 19 138.68864
17 20 171.06421
17 21 126.34975
17 22 153.4662
17 23 173.23959
17 24 202.82104
17 25 189.99273
17 26 147.86453
17 27 185.94739
17 28 140.57906
17 29 153.58699
17 30 182.58586
17 31 190.04862
17 32 157.02113
17 33 123.84007
17 34 157.27452
17 35 139.6584
17 36 118.00653
17 37 137.4574
17 38 125.9487
17 39 140.66789
17 40 146.91119
17 41 140.05993
17 42 137.33272
17 43 173.51225
17 44 127.08061
17 45 162.21988
17 46 147.38186
17 47 107.08689
17 48 160.84825
17 49 197.21943
17 50 185.63233
17 51 187.80832
17 52 137.92299
17 53 169.6033
17 54 184.44596
17 55 162.88952
17 56 167.39098
17 57 156.21507
17 58 158.86766
17 59 138.55386
17 60 196.04268
17 61 190.74735
17 62 146.90456
17 63 130.5674
17 64 192.66097
17 65 129.09957
17 66 128.12171
17 67 133.37689
17 68 135.30005
17 69 108.8535
17 70 142.70829
17 71 127.81295
17 72 139.06162
17 73 170.33859
17 74 158.50397
17 75 148.39024
17 76 167.8045
17 77 114.64821
17 78 136.67255
17 79 143.32767
17 80 148.73586
17 81 135.57692
17 82 142.5732
17 83 162.14721
17 84 168.18132
17 85 194.78894
17 86 195.1522
17 87 197.81667
17 88 168.15724
17 89 163.69084
17 90 160.40429
17 91 170.08687
17 92 140.73684
17 93 129.30535
17 94 165.03873
17 95 134.11606
17 96 169.33287
17 97 146.6611
17 98 143.2796
17 99 179.87598
18 19 152.89253
18 20 126.58069
18 21 166.18037
18 22 136.2823
18 23 118.84148
18 24 159.09514
18 25 140.78664
18 26 183.01323
18 27 150.32875
18 28 141.62815
18 29 143.08073
18 30 112.40193
18 31 110.17526
18 32 144.48621
18 33 163.83714
18 34 167.13456
18 35 145.67666
18 36 182.78286
18 37 152.94949
18 38 163.10828
18 39 199.81047
18 40 150.85162
18 41 173.65632
18 42 175.30165
18 43 125.22
18 44 164.78612
18 45 197.05189
18 46 142.12172
18 47 186.6864
18 48 122.77109
18 49 163.32905
18 50 127.89388
18 51 108.9427
18 52 158.6416
18 53 149.07309
18 54 118.35644
18 55 200.36802
18 56 116.07611
18 57 202.18697
18 58 179.47199
18 59 147.09635
18 60 126.38434
18 61 108.86153
18 62 138.24188
18 63 177.9588
18 64 126.65975
18 65 183.05254
18 66 180.84194
18 67 154.17276
18 68 147.81687
18 69 184.33236
18 70 161.57804
18 71 166.33287
18 72 177.2483
18 73 137.05211
18 74 145.04308
18 75 148.95305
18 76 134.9701
18 77 186.74494
18 78 178.44087
18 79 161.62039
18 80 135.6017
18 81 149.3875
18 82 141.18434
18 83 148.66758
18 84 183.47224
18 85 151.51806
18 86 157.98454
18 87 155.31696
18 88 148.63019
18 89 128.34233
18 90 168.08869
18 91 111.80298
18 92 168.66116
18 93 169.94767
18 94 164.74316
18 95 163.61467
18 96 151.81042
18 97 173.77811
18 98 143.92339
18 99 150.86513
19 20 154.73616
19 21 114.62565
19 22 141.91675
19 23 152.6844
19 24 164.2538
19 25 151.51636
19 26 132.82235
19 27 147.37732
19 28 124.9525
19 29 115.09792
19 30 149.27006
19 31 158.48145
19 32 152.25247
19 33 136.44689
19 34 126.29934
19 35 132.52703
19 36 149.75799
19 37 139.01097
19 38 113.09643
19 39 146.93034
19 40 108.55703
19 41 158.24228
19 42 122.97907
19 43 137.11485
19 44 113.31822
19 45 149.04024
19 46 111.03207
19 47 140.45225
19 48 130.18453
19 49 159.28538
19 50 148.57867
19 51 160.9086
19 52 106.25194
19 53 131.27338
19 54 162.67933
19 55 151.7649
19 56 143.17973
19 57 151.21917
19 58 135.06355
19 59 132.86651
19 60 174.48566
19 61 161.17573
19 62 134.14661
19 63 154.53973
19 64 156.29836
19 65 130.2612
19 66 128.10114
19 67 106.10329
19 68 127.2831
19 69 145.34075
19 70 151.77476
19 71 114.20399
19 72 159.88204
19 73 131.93055
19 74 154.01864
19 75 147.12918
19 76 129.7172
19 77 137.18361
19 78 159.01204
19 79 112.38779
19 80 117.91528
19 81 131.37359
19 82 130.26047
19 83 123.82581
19 84 142.95842
19 85 156.12042
19 86 156.79977
19 87 159.21363
19 88 129.79696
19 89 127.83524
19 90 129.1607
19 91 142.36523
19 92 117.55057
19 93 117.19697
19 94 131.23864
19 95 110.73827
19 96 131.38533
19 97 124.59896
19 98 135.99744
19 99 141.49072
20 21 164.00847
20 22 117.65467
20 23 107.74159
20 24 183.0772
20 25 164.36191
20 26 187.5543
20 27 171.43966
20 28 132.88249
20 29 151.9437
20 30 137.51362
20 31 136.37733
20 32 120.12777
20 33 148.71055
20 34 176.76474
20 35 131.41323
20 36 166.52996
20 37 135.2502
20 38 160.18468
20 39 198.93139
20 40 156.87583
20 41 151.68534
20 42 177.28451
20 43 144.67779
20 44 162.75608
20 45 203.57781
20 46 146.77585
20 47 177.23421
20 48 130.65559
20 49 185.44882
20 50 151.9914
20 51 125.29419
20 52 160.97376
20 53 164.95932
20 54 115.48372
20 55 206.42287
20 56 116.03255
20 57 205.78726
20 58 188.02896
20 59 132.51477
20 60 125.60028
20 61 132.26033
20 62 124.49185
20 63 158.31458
20 64 152.63405
20 65 181.51691
20 66 179.23171
20 67 152.99783
20 68 136.25492
20 69 170.80861
20 70 139.5959
20 71 164.82632
20 72 155.49125
20 73 154.27258
20 74 120.10307
20 75 127.15122
20 76 151.12036
20 77 179.97517
20 78 157.25433
20 79 166.43287
20 80 137.8572
20 81 135.48729
20 82 129.14124
20 83 161.65778
20 84 194.26015
20 85 174.7871
20 86 180.40466
20 87 178.74974
20 88 164.01478
20 89 141.80929
20 90 178.67106
20 91 122.19843
20 92 172.28266
20 93 169.24741
20 94 177.28095
20 95 164.62219
20 96 167.31354
20 97 179.08561
20 98 127.8489
20 99 170.06481
21 22 148.70198
21 23 163.34889
21 24 177.06677
21 25 165.57323
21 26 127.84868
21 27 160.26674
21 28 131.41969
21 29 129.4661
21 30 163.53643
21 31 172.4632
21 32 157.14175
21 33 132.51389
21 34 131.4776
21 35 136.38283
21 36 140.68744
21 37 140.13829
21 38 103.95833
21 39 134.97325
21 40 121.6265
21 41 154.80888
21 42 115.85385
21 43 151.73301
21 44 101.39551
21 45 144.472
21 46 125.39125
21 47 126.71348
21 48 143.4478
21 49 171.02461
21 50 163.18058
21 51 173.73985
21 52 111.87657
21 53 143.76226
21 54 174.00283
21 55 146.40648
21 56 154.76051
21 57 143.26845
21 58 135.50173
21 59 136.13478
21 60 185.95862
21 61 174.71792
21 62 140.68417
21 63 148.68507
21 64 170.92392
21 65 117.56763
21 66 115.2778
21 67 112.01766
21 68 130.49457
21 69 134.22375
21 70 151.32652
21 71 101.71245
21 72 155.54955
21 73 146.17466
21 74 158.907
21 75 150.29042
21 76 144.17058
21 77 122.61481
21 78 154.05453
21 79 117.01885
21 80 130.57954
21 81 133.68797
21 82 136.08473
21 83 136.38826
21 84 144.66348
21 85 169.32705
21 86 169.18284
21 87 172.14596
21 88 142.35687
21 89 142.36873
21 90 134.63762
21 91 155.06921
21 92 115.75237
21 93 105.91808
21 94 138.86588
21 95 107.79345
21 96 143.26566
21 97 122.98786
21 98 140.43007
21 99 154.00428
22 23 121.28459
22 24 184.10616
22 25 165.87649
22 26 174.23636
22 27 169.98669
22 28 117.44042
22 29 143.55275
22 30 143.59693
22 31 146.35821
22 32 111.79685
22 33 131.12647
22 34 166.62923
22 35 113.9058
22 36 149.28202
22 37 117.98929
22 38 144.76333
22 39 183.16307
22 40 146.15694
22 41 137.37601
22 42 163.1609
22 43 144.79533
22 44 147.56468
22 45 190.76558
22 46 136.5779
22 47 159.73462
22 48 127.35938
22 49 184.24911
22 50 155.11703
22 51 138.77496
22 52 147.88199
22 53 159.78684
22 54 132.07099
22 55 193.31731
22 56 120.39626
22 57 191.58942
22 58 176.75468
22 59 114.92346
22 60 143.07073
22 61 144.20115
22 62 108.03326
22 63 142.29929
22 64 158.31072
22 65 165.86566
22 66 163.61196
22 67 138.81626
22 68 119.17919
22 69 153.18993
22 70 125.30952
22 71 149.74889
22 72 140.98768
22 73 151.22511
22 74 113.32965
22 75 112.84318
22 76 147.73639
22 77 162.88328
22 78 142.27277
22 79 154.23916
22 80 128.04769
22 81 117.91784
22 82 112.63489
22 83 154.78207
22 84 184.03428
22 85 175.33217
22 86 179.74439
22 87 179.28968
22 88 158.5668
22 89 138.35605
22 90 169.00185
22 91 126.4853
22 92 159.14241
22 93 154.3044
22 94 168.91695
22 95 150.65099
22 96 161.66538
22 97 166.46289
22 98 110.20077
22 99 167.03782
23 24 175.85158
23 25 157.15976
23 26 185.25007
23 27 164.78903
23 28 133.38532
23 29 147.88743
23 30 129.90389
23 31 128.69442
23 32 126.71724
23 33 152.0395
23 34 172.95338
23 35 133.93075
23 36 170.486
23 37 139.25803
23 38 159.68257
23 39 198.28869
23 40 153.69962
23 41 157.58747
23 42 175.5961
23 43 138.04151
23 44 162.03071
23 45 200.84715
23 46 143.68296
23 47 179.03192
23 48 125.7711
23 49 178.64036
23 50 144.62761
23 51 118.2684
23 52 158.92357
23 53 159.431
23 54 111.208
23 55 203.84196
23 56 110.42775
23 57 203.89453
23 58 184.62049
23 59 135.20355
23 60 122.99268
23 61 124.84265
23 62 126.40761
23 63 163.40135
23 64 144.96947
23 65 180.91094
23 66 178.62216
23 67 151.79639
23 68 137.94798
23 69 173.87636
23 70 145.39563
23 71 163.98013
23 72 161.33799
23 73 148.28063
23 74 126.9835
23 75 132.67922
23 76 145.3003
23 77 180.95148
23 78 162.8999
23 79 163.78216
23 80 135.04412
23 81 138.02595
23 82 130.66991
23 83 156.77558
23 84 190.30449
23 85 167.68949
23 86 173.51091
23 87 171.63043
23 88 158.59212
23 89 136.30532
23 90 174.63042
23 91 115.52073
23 92 170.05843
23 93 168.23271
23 94 172.71968
23 95 163.02648
23 96 161.9056
23 97 176.47639
23 98 130.93732
23 99 163.82796
24 25 118.71636
24 26 172.48472
24 27 116.87897
24 28 176.44388
24 29 149.98487
24 30 146.71938
24 31 152.98641
24 32 195.5174
24 33 197.30065
24 34 152.25296
24 35 184.82106
24 36 213.30374
24 37 193.50972
24 38 176.89148
24 39 195.9793
24 40 155.91195
24 41 216.02051
24 42 173.64166
24 43 139.3934
24 44 176.09648
24 45 177.15507
24 46 157.5444
24 47 203.77586
24 48 156.77697
24 49 110.70643
24 50 131.33656
24 51 166.06947
24 52 165.19494
24 53 133.30479
24 54 177.41893
24 55 180.67793
24 56 167.54591
24 57 187.7446
24 58 160.84879
24 59 185.98214
24 60 183.44257
24 61 159.41364
24 62 180.57139
24 63 215.45833
24 64 133.71779
24 65 185.68643
24 66 184.42334
24 67 169.96992
24 68 182.62451
24 69 209.57399
24 70 206.00546
24 71 175.89556
24 72 218.68307
24 73 134.69833
24 74 196.75267
24 75 195.84127
24 76 138.05844
24 77 198.6629
24 78 218.64305
24 79 161.25383
24 80 161.15093
24 81 186.43282
24 82 180.07541
24 83 140.71325
24 84 157.50592
24 85 108.85619
24 86 108.59084
24 87 105.12151
24 88 134.71878
24 89 146.41438
24 90 150.21694
24 91 160.98585
24 92 166.72517
24 93 176.22087
24 94 143.86908
24 95 169.7724
24 96 133.98233
24 97 165.52054
24 98 185.91246
24 99 123.08019
25 26 167.59469
25 27 112.72519
25 28 159.62861
25 29 136.44862
25 30 128.3888
25 31 135.69817
25 32 177.12969
25 33 181.53152
25 34 147.13393
25 35 167.68003
25 36 198.5646
25 37 176.40167
25 38 164.59863
25 39 190.03322
25 40 143.96165
25 41 199.04201
25 42 165.72805
25 43 121.09784
25 44 164.41617
25 45 176.13995
25 46 142.92666
25 47 191.95467
25 48 138.73005
25 49 122.92185
25 50 112.89524
25 51 148.24156
25 52 153.93618
25 53 124.43019
25 54 159.14233
25 55 179.75823
25 56 148.85421
25 57 185.1532
25 58 158.2152
25 59 168.91781
25 60 165.92566
25 61 142.08499
25 62 162.86105
25 63 199.34531
25 64 117.44688
25 65 177.16845
25 66 175.54135
25 67 156.61637
25 68 166.09073
25 69 195.92507
25 70 188.55302
25 71 164.69002
25 72 201.90227
25 73 119.65466
25 74 178.31434
25 75 177.9023
25 76 122.37568
25 77 188.0372
25 78 202.08132
25 79 151.76268
25 80 144.7908
25 81 169.67334
25 82 162.80484
25 83 130.42748
25 84 157.7831
25 85 110.73294
25 86 117.49905
25 87 114.55742
25 88 125.37043
25 89 129.20614
25 90 146.1198
25 91 142.27553
25 92 158.32754
25 93 165.99649
25 94 140.21931
25 95 159.06856
25 96 126.48581
25 97 159.24255
25 98 168.39988
25 99 117.54797
26 27 157.8023
26 28 156.86351
26 29 140.01851
26 30 176.60938
26 31 186.62295
26 32 183.80528
26 33 160.15013
26 34 120.6024
26 35 163.21532
26 36 165.15359
26 37 167.7944
26 38 131.5083
26 39 123.59353
26 40 132.24991
26 41 182.22357
26 42 112.00899
26 43 161.9689
26 44 128.48118
26 45 116.74238
26 46 141.79801
26 47 144.33958
26 48 161.23541
26 49 163.55934
26 50 170.50994
26 51 191.5987
26 52 126.60287
26 53 143.20408
26 54 194.84215
26 55 119.08474
26 56 175.42322
26 57 119.18665
26 58 113.25849
26 59 163.17651
26 60 206.4419
26 61 190.51516
26 62 166.27726
26 63 175.22057
26 64 178.86605
26 65 119.42036
26 66 119.87232
26 67 135.45149
26 68 157.42188
26 69 156.71096
26 70 179.17506
26 71 126.28995
26 72 182.64604
26 73 151.94227
26 74 185.58463
26 75 177.55913
26 76 151.79711
26 77 135.96402
26 78 180.91105
26 79 121.61251
26 80 150.20999
26 81 160.9784
26 82 162.00321
26 83 138.35057
26 84 121.66555
26 85 166.96043
26 86 163.89515
26 87 168.44886
26 88 142.39512
26 89 155.11049
26 90 122.28878
26 91 173.67336
26 92 115.27216
26 93 122.03332
26 94 128.63845
26 95 123.67224
26 96 141.12667
26 97 109.27741
26 98 167.10315
26 99 151.27216
27 28 160.69963
27 29 133.23767
27 30 138.27823
27 31 146.81357
27 32 181.66555
27 33 180.86678
27 34 137.21651
27 35 169.26347
27 36 196.55077
27 37 177.86407
27 38 160.02512
27 39 180.93718
27 40 139.03651
27 41 200.17096
27 42 157.67821
27 43 126.77423
27 44 159.27434
27 45 164.7855
27 46 140.96519
27 47 186.98013
27 48 142.77809
27 49 114.27154
27 50 123.57492
27 51 158.48669
27 52 148.3902
27 53 116.54157
27 54 168.42461
27 55 168.39479
27 56 155.45302
27 57 174.43899
27 58 147.29931
27 59 170.35117
27 60 176.33572
27 61 153.02507
27 62 165.64827
27 63 199.11309
27 64 129.76493
27 65 169.58812
27 66 168.20595
27 67 153.11514
27 68 166.64029
27 69 192.70462
27 70 190.60563
27 71 159.12899
27 72 202.6886
27 73 118.98416
27 74 183.03341
27 75 181.10157
27 76 122.48896
27 77 182.05175
27 78 202.51542
27 79 144.73794
27 80 145.28231
27 81 170.56951
27 82 164.67575
27 83 123.88129
27 84 145.87817
27 85 109.33805
27 86 110.01542
27 87 111.88359
27 88 117.91725
27 89 131.64326
27 90 135.66859
27 91 149.331
27 92 150.55152
27 93 159.62496
27 94 129.43318
27 95 153.06122
27 96 117.54141
27 97 150.12623
27 98 170.70589
27 99 106.62582
28 29 129.87329
28 30 144.23987
28 31 150.40828
28 32 127.30028
28 33 123.17477
28 34 150.60181
28 35 108.74338
28 36 141.87184
28 37 117.17208
28 38 127.51597
28 39 166.16903
28 40 130.35812
28 41 139.5769
28 42 145.7215
28 43 139.36484
28 44 130.23868
28 45 173.45431
28 46 121.92544
28 47 145.93957
28 48 122.85991
28 49 174.5631
28 50 151.35382
28 51 147.23347
28 52 130.70086
28 53 147.76106
28 54 144.51554
28 55 175.94824
28 56 126.81275
28 57 174.15434
28 58 160.01011
28 59 109.69453
28 60 156.37764
28 61 150.46197
28 62 109.42681
28 63 139.98937
28 64 156.76875
28 65 148.78303
28 66 146.50842
28 67 121.41421
28 68 106.7514
28 69 142.71359
28 70 130.07079
28 71 132.39542
28 72 142.30649
28 73 141.84251
28 74 129.06753
28 75 122.68689
28 76 138.41344
28 77 147.56769
28 78 142.45561
28 79 137.34
28 80 115.42533
28 81 110.04509
28 82 105.31781
28 83 141.58767
28 84 167.71762
28 85 167.60996
28 86 170.71396
28 87 171.37656
28 88 146.37422
28 89 130.42281
28 90 153.20804
28 91 129.85795
28 92 141.85708
28 93 136.92865
28 94 153.97972
28 95 133.2363
28 96 149.12338
28 97 149.28428
28 98 111.36258
28 99 156.49154
29 30 136.89967
29 31 146.76141
29 32 155.1374
29 33 147.90678
29 34 125.08131
29 35 138.5972
29 36 163.32426
29 37 146.67989
29 38 128.19434
29 39 158.62761
29 40 108.63704
29 41 168.18081
29 42 133.48774
29 43 123.13487
29 44 128.23161
29 45 154.10048
29 46 108.15516
29 47 155.54836
29 48 122.32675
29 49 146.12572
29 50 133.90808
29 51 151.78445
29 52 118.43169
29 53 118.29147
29 54 156.2625
29 55 157.35751
29 56 137.52
29 57 159.20489
29 58 136.9928
29 59 139.43384
29 60 167.41106
29 61 150.49851
29 62 137.11707
29 63 166.22871
29 64 141.88628
29 65 143.2786
29 66 141.32803
29 67 120.24971
29 68 134.85676
29 69 159.81908
29 70 159.74052
29 71 128.77873
29 72 170.39495
29 73 116.83492
29 74 156.77968
29 75 152.20265
29 76 114.70734
29 77 152.07817
29 78 169.97832
29 79 119.07151
29 80 115.52216
29 81 139.00643
29 82 134.71479
29 83 111.71693
29 84 142.42986
29 85 141.58037
29 86 143.01972
29 87 144.88355
29 88 116.83537
29 89 115.14249
29 90 126.77373
29 91 134.49566
29 92 126.30786
29 93 130.85317
29 94 125.57446
29 95 123.81207
29 96 119.34888
29 97 130.75217
29 98 140.99263
29 99 127.92034
30 31 110.15907
30 32 153.40616
30 33 167.36915
30 34 159.03449
30 35 150.16312
30 36 186.1069
30 37 158.31474
30 38 160.99771
30 39 195.36117
30 40 145.36287
30 41 180.25567
30 42 170.30526
30 43 115.22813
30 44 162.15589
30 45 189.46798
30 46 138.2486
30 47 186.57091
30 48 121.82281
30 49 151.00905
30 50 115.49411
30 51 120.20849
30 52 154.34675
30 53 138.96864
30 54 130.75796
30 55 192.91652
30 56 123.69629
30 57 195.73031
30 58 171.44195
30 59 151.57641
30 60 138.05844
30 61 115.37756
30 62 143.43722
30 63 183.17102
30 64 115.19739
30 65 179.37212
30 66 177.27398
30 67 151.88818
30 68 150.91734
30 69 186.25542
30 70 168.55546
30 71 163.36988
30 72 183.63604
30 73 127.02779
30 74 154.24519
30 75 156.42124
30 76 125.72199
30 77 185.36127
30 78 184.47761
30 79 155.97003
30 80 134.03042
30 81 153.35932
30 82 145.26875
30 83 139.92669
30 84 174.43434
30 85 139.12138
30 86 145.64347
30 87 142.91509
30 88 138.77114
30 89 121.84649
30 90 159.5423
30 91 117.16483
30 92 163.20138
30 93 166.42102
30 94 155.47766
30 95 159.63137
30 96 141.75581
30 97 167.34184
30 98 149.3494
30 99 139.38086
31 32 154.64975
31 33 173.09377
31 34 169.19179
31 35 155.15548
31 36 192.02296
31 37 162.70924
31 38 169.70156
31 39 204.96845
31 40 155.10998
31 41 183.70908
31 42 180.01338
31 43 125.37242
31 44 171.07153
31 45 199.61533
31 46 147.46091
31 47 194.46326
31 48 129.46047
31 49 158.61991
31 50 123.26388
31 51 113.49516
31 52 163.80465
31 53 148.94978
31 54 125.79749
31 55 203.05759
31 56 126.01908
31 57 205.76942
31 58 181.60001
31 59 156.58182
31 60 130.45619
31 61 106.43122
31 62 147.87681
31 63 187.74626
31 64 119.33443
31 65 188.71724
31 66 186.57694
31 67 160.61284
31 68 156.83725
31 69 193.04321
31 70 171.66715
31 71 172.41606
31 72 187.27267
31 73 137.09053
31 74 155.18402
31 75 159.07881
31 76 135.87584
31 77 193.84183
31 78 188.40576
31 79 165.79756
31 80 142.26995
31 81 158.72473
31 82 150.50208
31 83 150.08374
31 84 184.54308
31 85 146.24509
31 86 153.19669
31 87 149.7838
31 88 148.81075
31 89 131.62579
31 90 169.69682
31 91 120.82789
31 92 173.00552
31 93 175.67825
31 94 165.57769
31 95 169.01407
31 96 151.73819
31 97 177.34811
31 98 153.65724
31 99 148.64472
32 33 133.2652
32 34 177.64392
32 35 120.75937
32 36 149.04204
32 37 119.58655
32 38 153.19127
32 39 190.54717
32 40 157.21487
32 41 131.73678
32 42 172.32815
32 43 156.13043
32 44 156.14452
32 45 200.49207
32 46 147.91992
32 47 163.80423
32 48 138.92898
32 49 195.93529
32 50 165.94537
32 51 144.97504
32 52 157.95273
32 53 171.57202
32 54 135.55686
32 55 202.85701
32 56 129.7101
32 57 200.40185
32 58 187.30514
32 59 121.06967
32 60 144.67111
32 61 151.43547
32 62 118.33008
32 63 139.17861
32 64 168.45696
32 65 173.60451
32 66 171.42216
32 67 148.45372
32 68 126.64718
32 69 154.89872
32 70 119.86505
32 71 158.38276
32 72 135.56389
32 73 162.96956
32 74 101.77948
32 75 108.75873
32 76 159.48926
32 77 168.30867
32 78 137.48393
32 79 164.64015
32 80 139.6159
32 81 123.75249
32 82 122.00055
32 83 166.47623
32 84 194.90853
32 85 186.78952
32 86 191.3691
32 87 190.76088
32 88 170.34412
32 89 150.06984
32 90 180.12905
32 91 136.31157
32 92 168.99753
32 93 162.96251
32 94 180.33781
32 95 160.13767
32 96 173.42845
32 97 176.50334
32 98 116.74443
32 99 178.81261
33 34 161.75183
33 35 118.35562
33 36 118.947
33 37 113.84987
33 38 129.29684
33 39 160.69505
33 40 144.62063
33 41 122.38916
33 42 148.16305
33 43 162.00849
33 44 132.15644
33 45 176.51104
33 46 139.93587
33 47 130.76043
33 48 146.01375
33 49 194.03094
33 50 174.16874
33 51 168.33732
33 52 139.51483
33 53 166.10272
33 54 163.0721
33 55 178.10512
33 56 148.13366
33 57 173.48598
33 58 167.74784
33 59 116.98666
33 60 174.19719
33 61 172.51827
33 62 125.9992
33 63 118.33144
33 64 179.87006
33 65 145.24649
33 66 143.38325
33 67 130.44713
33 68 116.45507
33 69 122.11833
33 70 120.08217
33 71 134.17745
33 72 123.56344
33 73 162.7056
33 74 134.70851
33 75 124.58019
33 76 159.49475
33 77 136.25988
33 78 122.5676
33 79 146.68046
33 80 136.77703
33 81 114.46612
33 82 122.65281
33 83 159.00867
33 84 176.71628
33 85 188.60862
33 86 190.78582
33 87 192.18062
33 88 164.62407
33 89 152.61019
33 90 164.81632
33 91 152.29856
33 92 147.84964
33 93 138.15417
33 94 167.5768
33 95 138.74304
33 96 166.79996
33 97 155.35977
33 98 121.11142
33 99 175.8141
34 35 158.62725
34 36 172.13684
34 37 165.3103
34 38 133.40504
34 39 143.80622
34 40 120.47241
34 41 183.97596
34 42 122.27911
34 43 143.88913
34 44 131.16041
34 45 130.51374
34 46 130.28901
34 47 156.05517
34 48 147.38864
34 49 143.88028
34 50 151.02921
34 51 176.01836
34 52 122.24006
34 53 122.90019
34 54 181.25636
34 55 134.02757
34 56 162.59919
34 57 138.20416
34 58 112.41204
34 59 159.05511
34 60 192.22549
34 61 173.78191
34 62 159.31804
34 63 179.22631
34 64 159.34381
34 65 134.34829
34 66 133.48898
34 67 131.71637
34 68 153.54424
34 69 165.53382
34 70 178.04108
34 71 129.83816
34 72 185.31274
34 73 132.81837
34 74 179.37677
34 75 173.15724
34 76 133.38939
34 77 149.23463
34 78 184.17472
34 79 115.10337
34 80 139.2092
34 81 157.66031
34 82 155.89713
34 83 119.21931
34 84 117.52909
34 85 146.41433
34 86 143.69447
34 87 148.04471
34 88 122.2548
34 89 138.8185
34 90 103.16041
34 91 159.41338
34 92 116.67845
34 93 128.00269
34 94 108.63247
34 95 123.85619
34 96 120.65417
34 97 113.35284
34 98 161.89552
34 99 130.67208
35 36 137.2158
35 37 108.72186
35 38 132.43191
35 39 170.08697
35 40 138.65609
35 41 131.36707
35 42 151.63125
35 43 147.04318
35 44 135.38751
35 45 179.93917
35 46 130.60107
35 47 145.84613
35 48 129.81547
35 49 183.19796
35 50 158.74665
35 51 149.98218
35 52 137.83892
35 53 156.50207
35 54 145.07423
35 55 182.22453
35 56 129.83353
35 57 179.64294
35 58 167.45899
35 59 101.42689
35 60 156.48646
35 61 154.27839
35 62 107.64877
35 63 133.02059
35 64 163.57754
35 65 152.98899
35 66 150.78187
35 67 128.11373
35 68 105.88922
35 69 139.95237
35 70 121.37614
35 71 137.62709
35 72 134.32714
35 73 150.34119
35 74 122.52642
35 75 114.61216
35 76 146.8797
35 77 149.05223
35 78 134.76116
35 79 144.79762
35 80 124.0689
35 81 104.10884
35 82 104.98609
35 83 150.31388
35 84 175.48537
35 85 175.97114
35 86 179.27074
35 87 179.77971
35 88 155.11689
35 89 138.53863
35 90 161.33599
35 91 134.33084
35 92 148.61639
35 93 142.20558
35 94 162.41038
35 95 139.59641
35 96 157.86446
35 97 156.21475
35 98 104.11076
35 99 165.17138
36 37 131.32417
36 38 138.90577
36 39 158.46527
36 40 158.31415
36 41 124.44707
36 42 154.01507
36 43 179.86221
36 44 140.98012
36 45 180.01589
36 46 155.8833
36 47 124.02462
36 48 164.54541
36 49 208.97514
36 50 192.11292
36 51 187.15852
36 52 150.89654
36 53 180.89002
36 54 181.3515
36 55 180.80048
36 56 167.04212
36 57 174.22154
36 58 175.35626
36 59 135.82009
36 60 192.13014
36 61 191.45363
36 62 144.82396
36 63 113.93032
36 64 198.19213
36 65 146.88907
36 66 145.7287
36 67 143.73229
36 68 135.25045
36 69 109.84556
36 70 130.92523
36 71 142.35707
36 72 122.51451
36 73 179.23039
36 74 150.1665
36 75 140.40127
36 76 176.23428
36 77 132.50133
36 78 119.83226
36 79 157.34607
36 80 154.35749
36 81 133.40062
36 82 141.59901
36 83 173.50034
36 84 184.67098
36 85 204.82251
36 86 206.24287
36 87 208.19659
36 88 179.40349
36 89 170.21959
36 90 175.2969
36 91 171.23939
36 92 156.22668
36 93 144.97864
36 94 179.21668
36 95 148.29427
36 96 181.13323
36 97 162.88182
36 98 139.63464
36 99 190.99096
37 38 136.33193
37 39 171.94526
37 40 145.90508
37 41 122.65041
37 42 155.90291
37 43 155.73827
37 44 139.36567
37 45 184.51218
37 46 138.57271
37 47 144.21805
37 48 138.41689
37 49 191.73326
37 50 167.37719
37 51 156.40835
37 52 143.72337
37 53 164.7758
37 54 150.03982
37 55 186.53563
37 56 136.89138
37 57 183.07959
37 58 173.30549
37 59 107.52832
37 60 160.83996
37 61 161.31439
37 62 114.9139
37 63 125.03755
37 64 172.02751
37 65 155.45704
37 66 153.37276
37 67 133.89057
37 68 111.97329
37 69 135.87254
37 70 113.07522
37 71 141.59283
37 72 125.66784
37 73 158.97822
37 74 121.1196
37 75 111.12881
37 76 155.53062
37 77 148.88961
37 78 126.23654
37 79 150.90218
37 80 132.59726
37 81 107.76715
37 82 113.63741
37 83 158.37405
37 84 181.70508
37 85 184.66306
37 86 187.87706
37 87 188.46019
37 88 163.36668
37 89 147.25718
37 90 168.15077
37 91 142.00207
37 92 153.8654
37 93 146.05595
37 94 169.71158
37 95 144.62272
37 96 166.02024
37 97 161.54323
37 98 109.05465
37 99 173.64468
38 39 138.75057
38 40 121.00937
38 41 151.67346
38 42 119.57352
38 43 149.77015
38 44 103.03389
38 45 148.19601
38 46 123.20917
38 47 127.35862
38 48 140.46788
38 49 171.33038
38 50 161.46999
38 51 170.49632
38 52 112.15376
38 53 143.65507
38 54 170.41623
38 55 150.20885
38 56 151.27239
38 57 147.21312
38 58 138.45938
38 59 132.19713
38 60 182.37922
38 61 171.72783
38 62 136.75081
38 63 146.02399
38 64 169.03468
38 65 121.33361
38 66 119.04737
38 67 109.1108
38 68 126.54468
38 69 133.22502
38 70 147.72805
38 71 105.26664
38 72 152.59022
38 73 145.02635
38 74 154.95754
38 75 146.38874
38 76 142.78669
38 77 124.47061
38 78 151.21882
38 79 118.45726
38 80 127.55335
38 81 129.77758
38 82 132.14051
38 83 136.20111
38 84 147.48724
38 85 168.93022
38 86 169.20413
38 87 171.90227
38 88 142.21058
38 89 140.21093
38 90 136.55375
38 91 151.84402
38 92 118.56312
38 93 109.8015
38 94 140.31095
38 95 109.64148
38 96 143.40983
38 97 126.06956
38 98 136.47508
38 99 153.9279
39 40 150.04318
39 41 180.27381
39 42 125.16308
39 43 181.67578
39 44 136.27023
39 45 127.98929
39 46 157.73523
39 47 134.49817
39 48 177.11379
39 49 187.14999
39 50 191.49245
39 51 207.81952
39 52 141.22972
39 53 165.64163
39 54 208.84439
39 55 126.87639
39 56 189.47771
39 57 117.77338
39 58 136.33764
39 59 169.57137
39 60 220.77843
39 61 208.00572
39 62 175.23015
39 63 171.18716
39 64 199.77514
39 65 117.41752
39 66 119.7056
39 67 146.57309
39 68 164.28897
39 69 148.7218
39 70 180.775
39 71 134.31146
39 72 179.58932
39 73 172.96864
39 74 192.2622
39 75 182.87344
39 76 172.18275
39 77 126.02128
39 78 177.2813
39 79 139.7193
39 80 164.62517
39 81 166.80282
39 82 170.54553
39 83 159.91024
39 84 143.32426
39 85 190.18839
39 86 187.39678
39 87 191.84454
39 88 164.66284
39 89 173.51855
39 90 145.76746
39 91 189.22211
39 92 132.52468
39 93 130.16622
39 94 152.11149
39 95 136.19774
39 96 163.82612
39 97 130.8668
39 98 174.19773
39 99 174.34218
40 41 166.06984
40 42 124.94336
40 43 131.77191
40 44 120.50479
40 45 147.2105
40 46 110.10078
40 47 148.19326
40 48 129.02822
40 49 150.74379
40 50 142.39358
40 51 159.37001
40 52 110.04823
40 53 122.78224
40 54 162.83813
40 55 150.29807
40 56 143.58623
40 57 151.3781
40 58 131.16123
40 59 139.21761
40 60 174.30935
40 61 158.58011
40 62 138.88481
40 63 162.83356
40 64 150.44906
40 65 134.66204
40 66 132.73514
40 67 114.61184
40 68 133.95145
40 69 153.79384
40 70 158.89084
40 71 120.7323
40 72 167.88598
40 73 124.7047
40 74 158.93981
40 75 153.02766
40 76 123.02594
40 77 144.09201
40 78 167.13838
40 79 110.77448
40 80 119.03425
40 81 138.14701
40 82 135.60709
40 83 115.31844
40 84 137.9134
40 85 147.92179
40 86 148.33936
40 87 150.90616
40 88 121.31509
40 89 123.52157
40 90 122.91647
40 91 141.45739
40 92 117.9125
40 93 122.4
40 94 123.81206
40 95 115.35568
40 96 122.82999
40 97 123.11431
40 98 141.7127
40 99 133.03238
41 42 170.29546
41 43 178.38077
41 44 154.50598
41 45 198.36352
41 46 160.02922
41 47 146.9478
41 48 160.98769
41 49 213.87112
41 50 189.95191
41 51 175.71249
41 52 161.7449
41 53 186.45686
41 54 167.16875
41 55 199.75866
41 56 157.69907
41 57 194.47865
41 58 190.13112
41 59 130.12558
41 60 176.35881
41 61 181.50461
41 62 136.99733
41 63 110.64767
41 64 194.3534
41 65 166.219
41 66 164.56045
41 67 152.40315
41 68 133.54852
41 69 133.66388
41 70 112.19629
41 71 156.48918
41 72 103.83244
41 73 181.3936
41 74 132.187
41 75 124.94115
41 76 177.98068
41 77 154.49303
41 78 106.14581
41 79 168.95432
41 80 154.92005
41 81 129.61009
41 82 136.2823
41 83 179.70585
41 84 199.10473
41 85 207.18664
41 86 210.18436
41 87 210.95075
41 88 185.01062
41 89 169.87473
41 90 187.00834
41 91 163.4608
41 92 170.23285
41 93 160.3394
41 94 189.48086
41 95 161.13103
41 96 187.46727
41 97 177.72112
41 98 131.12541
41 99 195.68617
42 43 156.51292
42 44 116.53981
42 45 128.62843
42 46 133.22304
42 47 134.84315
42 48 152.83474
42 49 165.86773
42 50 166.44465
42 51 183.56372
42 52 116.83567
42 53 141.63833
42 54 185.6583
42 55 130.6638
42 56 166.15877
42 57 128.52929
42 58 121.53536
42 59 151.51704
42 60 197.45929
42 61 183.28966
42 62 155.14455
42 63 163.52289
42 64 174.69439
42 65 112.1219
42 66 111.22563
42 67 124.42513
42 68 145.78715
42 69 146.07031
42 70 167.17692
42 71 114.32453
42 72 170.80217
42 73 148.00655
42 74 174.10474
42 75 165.8347
42 76 147.07866
42 77 127.32286
42 78 169.13196
42 79 114.56878
42 80 140.88128
42 81 149.22387
42 82 150.73441
42 83 135.3271
42 84 130.84955
42 85 167.01621
42 86 165.20763
42 87 169.13272
42 88 140.51131
42 89 148.46099
42 90 125.08598
42 91 165.16721
42 92 107.46182
42 93 110.0251
42 94 130.86812
42 95 112.66347
42 96 140.17635
42 97 109.64093
42 98 155.58733
42 99 151.06108
43 44 150.40713
43 45 174.3724
43 46 126.58006
43 47 176.58207
43 48 117.66003
43 49 140.79063
43 50 112.26599
43 51 134.03679
43 52 141.40459
43 53 123.98628
43 54 142.46435
43 55 177.84747
43 56 128.72727
43 57 180.98336
43 58 156.28313
43 59 148.3331
43 60 151.58642
43 61 130.39958
43 62 141.87234
43 63 179.34548
43 64 119.2776
43 65 166.3851
43 66 164.40321
43 67 140.88644
43 68 146.01409
43 69 178.40566
43 70 167.63632
43 71 151.28807
43 72 181.36701
43 73 111.94615
43 74 157.35927
43 75 156.81761
43 76 110.51267
43 77 174.19309
43 78 181.7057
43 79 141.97636
43 80 125.51618
43 81 149.34173
43 82 142.10105
43 83 124.72608
43 84 159.21898
43 85 130.71365
43 86 135.82638
43 87 134.69709
43 88 123.67492
43 89 109.82936
43 90 144.32837
43 91 122.55946
43 92 149.20861
43 93 153.78475
43 94 140.27337
43 95 146.78984
43 96 126.75632
43 97 152.75048
43 98 147.50167
43 99 126.07049
44 45 145.16347
44 46 124.02971
44 47 127.7282
44 48 142.05251
44 49 170.18233
44 50 161.89218
44 51 172.35302
44 52 110.91745
44 53 142.79464
44 54 172.66269
44 55 147.17666
44 56 153.40282
44 57 144.25964
44 58 135.67103
44 59 135.17873
44 60 184.61608
44 61 173.32245
44 62 139.53911
44 63 148.61798
44 64 169.61136
44 65 118.88039
44 66 116.59206
44 67 110.62709
44 68 129.50503
44 69 134.78323
44 70 150.73246
44 71 102.2457
44 72 155.34012
44 73 144.97599
44 74 157.91334
44 75 149.39991
44 76 142.9284
44 77 123.87721
44 78 153.9065
44 79 116.47314
44 80 129.18569
44 81 132.78564
44 82 134.96314
44 83 135.39345
44 84 144.76652
44 85 168.29969
44 86 168.26159
44 87 171.15706
44 88 141.37813
44 89 141.01776
44 90 134.3198
44 91 153.68206
44 92 115.81309
44 93 106.81808
44 94 138.3719
44 95 107.3173
44 96 142.36423
44 97 123.21634
44 98 139.41502
44 99 153.05114
45 46 157.1657
45 47 157.65591
45 48 176.11336
45 49 167.1064
45 50 181.31972
45 51 205.8367
45 52 142.92448
45 53 152.78618
45 54 210.02601
45 55 103.61842
45 56 190.79295
45 57 112.03219
45 58 118.2497
45 59 179.9128
45 60 221.40103
45 61 204.03532
45 62 182.84606
45 63 190.89186
45 64 189.57312
45 65 133.13591
45 66 134.33508
45 67 152.07217
45 68 174.15616
45 69 171.02257
45 70 195.76536
45 71 142.95278
45 72 198.58289
45 73 163.30351
45 74 202.27154
45 75 194.30033
45 76 163.8873
45 77 148.84231
45 78 196.71743
45 79 137.15262
45 80 165.88127
45 81 177.72074
45 82 178.63396
45 83 149.73305
45 84 119.73524
45 85 173.26613
45 86 168.75524
45 87 173.90162
45 88 152.36469
45 89 168.74429
45 90 130.53312
45 91 188.47639
45 92 131.62378
45 93 138.59447
45 94 135.98718
45 95 140.35951
45 96 150.25286
45 97 124.49715
45 98 183.80943
45 99 158.76663
46 47 150.08092
46 48 119.63092
46 49 154.13455
46 50 138.43298
46 51 150.34138
46 52 116.52299
46 53 126.43119
46 54 153.04839
46 55 160.18468
46 56 133.67213
46 57 160.75155
46 58 141.25597
46 59 131.38818
46 60 164.65568
46 61 150.27303
46 62 129.67718
46 63 158.22979
46 64 145.85595
46 65 141.25931
46 66 139.11617
46 67 114.32
46 68 126.71585
46 69 153.00983
46 70 151.64273
46 71 125.13978
46 72 162.26429
46 73 123.39195
46 74 149.60811
46 75 144.46205
46 76 120.56493
46 77 147.66684
46 78 161.88186
46 79 120.19935
46 80 108.95473
46 81 130.87681
46 82 126.91912
46 83 119.80399
46 84 147.80875
46 85 148.97381
46 86 150.85626
46 87 152.42496
46 88 124.98178
46 89 117.01449
46 90 132.50597
46 91 132.02311
46 92 126.86354
46 93 128.22184
46 94 132.42206
46 95 121.59456
46 96 127.49256
46 97 132.85422
46 98 133.17748
46 99 135.90515
47 48 165.05426
47 49 197.54646
47 50 188.51378
47 51 192.98518
47 52 138.58994
47 53 170.47285
47 54 190.2338
47 55 158.01092
47 56 172.67224
47 57 150.75549
47 58 156.17154
47 59 144.81773
47 60 201.94663
47 61 195.53242
47 62 152.87662
47 63 137.20755
47 64 195.84421
47 65 124.99946
47 66 124.50553
47 67 135.77797
47 68 141.13951
47 69 114.23014
47 70 149.7922
47 71 127.89716
47 72 145.78107
47 73 172.38253
47 74 165.31849
47 75 155.23076
47 76 170.09379
47 77 108.8638
47 78 143.30789
47 79 143.07354
47 80 152.54314
47 81 141.81876
47 82 148.40645
47 83 163.10085
47 84 165.38241
47 85 196.02669
47 86 195.85208
47 87 198.8594
47 88 169.06991
47 89 166.83729
47 90 159.10993
47 91 174.934
47 92 139.37896
47 93 128.26961
47 94 164.20375
47 95 134.1124
47 96 169.92399
47 97 144.4449
47 98 149.60276
47 99 180.70679
48 49 157.04869
48 50 128.96591
48 51 130.74662
48 52 136.0572
48 53 134.38464
48 54 133.97004
48 55 179.26829
48 56 115.34393
48 57 180.29092
48 58 159.29674
48 59 131.16228
48 60 145.29899
48 61 131.27439
48 62 124.24844
48 63 162.61352
48 64 133.93122
48 65 160.28706
48 66 158.07299
48 67 131.46174
48 68 129.61012
48 69 164.43826
48 70 150.04178
48 71 143.56971
48 72 164.08428
48 73 124.35952
48 74 140.26746
48 75 139.17303
48 76 120.98238
48 77 164.42461
48 78 164.57648
48 79 139.6374
48 80 112.91539
48 81 132.5021
48 82 124.83082
48 83 131.08779
48 84 164.62476
48 85 147.98463
48 86 152.44087
48 87 151.93654
48 88 133.3952
48 89 111.45692
48 90 148.94396
48 91 112.43814
48 92 146.46261
48 93 147.18332
48 94 146.95409
48 95 140.92155
48 96 136.68366
48 97 152.14097
48 98 129.95344
48 99 140.32917
49 50 135.63307
49 51 171.05864
49 52 159.29857
49 53 128.09567
49 54 181.62446
49 55 170.58427
49 56 169.51785
49 57 177.98089
49 58 151.40438
49 59 184.24644
49 60 188.80229
49 61 165.00504
49 62 179.80666
49 63 212.34783
49 64 140.03374
49 65 177.98832
49 66 176.90777
49 67 165.25446
49 68 180.32539
49 69 204.45782
49 70 204.56925
49 71 169.71239
49 72 216.27499
49 73 133.13781
49 74 197.30488
49 75 195.2789
49 76 136.64957
49 77 191.82595
49 78 215.98419
49 79 154.52335
49 80 159.14271
49 81 184.32762
49 82 178.69044
49 83 135.47843
49 84 147.38314
49 85 112.61901
49 86 105.42396
49 87 109.97503
49 88 129.58381
49 89 145.89703
49 90 141.53023
49 91 163.27419
49 92 159.31493
49 93 169.4998
49 94 135.28264
49 95 163.44569
49 96 127.9498
49 97 157.23229
49 98 184.77676
49 99 118.23087
50 51 135.42585
50 52 152.33365
50 53 128.6365
50 54 146.25026
50 55 184.89441
50 56 136.88682
50 57 189.07896
50 58 163.07258
50 59 160.07496
50 60 153.18343
50 61 129.5426
50 62 153.10857
50 63 191.33439
50 64 108.35617
50 65 176.97742
50 66 175.10196
50 67 152.74257
50 68 158.05423
50 69 190.64603
50 70 178.89565
50 71 162.60444
50 72 193.04492
50 73 118.60231
50 74 167.00898
50 75 167.57208
50 76 119.42736
50 77 185.76214
50 78 193.49832
50 79 151.90969
50 80 137.77871
50 81 161.25028
50 82 153.76905
50 83 132.17148
50 84 164.40822
50 85 123.62816
50 86 130.23738
50 87 127.42659
50 88 128.96221
50 89 122.04976
50 90 150.7881
50 91 130.19319
50 92 159.00604
50 93 164.75172
50 94 145.69367
50 95 157.7053
50 96 131.30002
50 97 161.5313
50 98 158.88447
50 99 125.99074
51 52 166.8029
51 53 157.95799
51 54 112.50511
51 55 209.12795
51 56 120.44817
51 57 210.74716
51 58 188.33506
51 59 151.36017
51 60 117.85126
51 61 107.64331
51 62 142.34578
51 63 181.06879
51 64 132.65203
51 65 190.86959
51 66 188.63142
51 67 161.72927
51 68 152.9439
51 69 189.55461
51 70 163.51702
51 71 174.00618
51 72 179.43283
51 73 145.92269
51 74 145.18632
51 75 150.77164
51 76 143.89868
51 77 193.63745
51 78 180.899
51 79 170.11125
51 80 143.26334
51 81 153.92287
51 82 145.91905
51 83 157.60709
51 84 192.40931
51 85 158.93697
51 86 165.66219
51 87 162.61302
51 88 157.53912
51 89 137.20348
51 90 177.00756
51 91 118.67128
51 92 177.07383
51 93 177.78822
51 94 173.6858
51 95 171.64644
51 96 160.70436
51 97 182.39393
51 98 147.62091
51 99 159.40473
52 53 131.89024
52 54 168.86228
52 55 145.5908
52 56 149.36395
52 57 144.97328
52 58 129.65681
52 59 138.04311
52 60 180.63986
52 61 166.7788
52 62 140.02078
52 63 157.11827
52 64 160.3106
52 65 125.06321
52 66 123.0248
52 67 109.8378
52 68 132.33617
52 69 145.37289
52 70 156.17801
52 71 110.80274
52 72 163.07757
52 73 134.75214
52 74 159.727
52 75 152.43821
52 76 133.02829
52 77 134.10319
52 78 161.97044
52 79 107.25064
52 80 124.06483
52 81 136.28067
52 82 135.96368
52 83 124.51199
52 84 137.9926
52 85 157.45825
52 86 157.34415
52 87 160.26974
52 88 130.48154
52 89 132.60273
52 90 125.30263
52 91 148.35067
52 92 111.34346
52 93 112.4216
52 94 128.45459
52 95 105.38846
52 96 131.4505
52 97 118.59174
52 98 141.48484
52 99 142.13989
53 54 165.56831
53 55 156.37942
53 56 149.18855
53 57 161.09387
53 58 134.57384
53 59 157.42279
53 60 175.32451
53 61 154.30002
53 62 154.18358
53 63 184.434
53 64 136.81726
53 65 153.3709
53 66 151.89898
53 67 137.18996
53 68 153.05344
53 69 176.57604
53 70 177.79448
53 71 142.60198
53 72 188.68641
53 73 112.04517
53 74 173.1135
53 75 169.57817
53 76 114.32528
53 77 165.51906
53 78 188.25883
53 79 128.27434
53 80 132.63955
53 81 157.16812
53 82 152.33478
53 83 107.46667
53 84 135.90647
53 85 125.75369
53 86 125.56374
53 87 128.39916
53 88 101.48836
53 89 123.17424
53 90 122.28391
53 91 144.22793
53 92 134.35459
53 93 143.10273
53 94 117.06598
53 95 136.5199
53 96 102.78856
53 97 134.81934
53 98 158.58165
53 99 110.27292
54 55 213.13613
54 56 119.4998
54 57 213.71321
54 58 193.25305
54 59 146.32535
54 60 111.96474
54 61 120.148
54 62 137.59188
54 63 173.67045
54 64 144.52519
54 65 191.52578
54 66 189.24215
54 67 162.27292
54 68 149.15592
54 69 184.99115
54 70 155.07516
54 71 174.54978
54 72 170.97497
54 73 153.80829
54 74 135.41159
54 75 142.57248
54 76 151.24342
54 77 192.05815
54 78 172.72806
54 79 173.24732
54 80 144.80122
54 81 149.17725
54 82 141.87772
54 83 163.96325
54 84 198.31218
54 85 169.87301
54 86 176.29926
54 87 173.67298
54 88 164.92292
54 89 143.10935
54 90 182.66118
54 91 121.87673
54 92 179.79521
54 93 178.70341
54 94 180.12658
54 95 173.21514
54 96 168.2041
54 97 185.87976
54 98 141.96284
54 99 168.50049
55 56 193.84638
55 57 109.75311
55 58 121.82258
55 59 182.14845
55 60 224.56685
55 61 207.42344
55 62 185.36165
55 63 192.02155
55 64 193.15567
55 65 133.96597
55 66 135.35819
55 67 154.53582
55 68 176.4051
55 69 171.62922
55 70 197.55732
55 71 144.9445
55 72 199.84805
55 73 166.83665
55 74 204.63598
55 75 196.49101
55 76 167.37404
55 77 149.15379
55 78 197.90979
55 79 140.0716
55 80 168.82868
55 81 179.88405
55 82 181.08365
55 83 153.2422
55 84 123.20152
55 85 176.85557
55 86 172.29747
55 87 177.46228
55 88 155.94551
55 89 172.08831
55 90 134.1146
55 91 191.65715
55 92 134.25013
55 93 140.49431
55 94 139.60098
55 95 142.74459
55 96 153.85462
55 97 127.37593
55 98 186.13912
55 99 162.3837
56 57 194.24034
56 58 174.35208
56 59 131.2394
56 60 131.34259
56 61 124.47689
56 62 122.28903
56 63 161.88715
56 64 138.78358
56 65 172.2176
56 66 169.94115
56 67 142.91822
56 68 132.51387
56 69 169.13931
56 70 145.69296
56 71 155.23298
56 72 161.25414
56 73 138.28598
56 74 130.56302
56 75 133.19992
56 76 135.18854
56 77 173.6907
56 78 162.39744
56 79 153.85908
56 80 125.30704
56 81 133.67172
56 82 125.56533
56 83 146.36466
56 84 179.91383
56 85 159.10553
56 86 164.52967
56 87 163.08477
56 88 148.30798
56 89 126.01885
56 90 164.2356
56 91 106.71724
56 92 160.32919
56 93 159.31462
56 94 162.29237
56 95 153.73103
56 96 151.61915
56 97 166.52618
56 98 127.88477
56 99 154.03874
57 58 127.14502
57 59 179.40229
57 60 225.39433
57 61 209.70032
57 62 183.5599
57 63 186.14157
57 64 197.42284
57 65 128.29742
57 66 130.10283
57 67 152.94509
57 68 173.75703
57 69 164.74603
57 70 193.34617
57 71 142.02501
57 72 194.24843
57 73 170.62729
57 74 202.16932
57 75 193.49205
57 76 170.70341
57 77 141.92999
57 78 192.1461
57 79 140.66337
57 80 168.9448
57 81 176.92279
57 82 179.08058
57 83 156.94918
57 84 131.01459
57 85 183.25035
57 86 179.23385
57 87 184.20752
57 88 160.45582
57 89 174.28947
57 90 139.03464
57 91 192.72546
57 92 133.91949
57 93 137.44302
57 94 145.06857
57 95 141.18637
57 96 158.77084
57 97 128.45646
57 98 183.67464
57 99 168.15019
58 59 167.69278
58 60 204.36595
58 61 186.18703
58 62 169.12391
58 63 184.1706
58 64 171.33377
58 65 131.83686
58 66 131.8137
58 67 139.47953
58 68 161.99265
58 69 167.59257
58 70 185.54698
58 71 133.79344
58 72 191.01106
58 73 145.08563
58 74 189.0682
58 75 182.06869
58 76 145.7762
58 77 148.20942
58 78 189.55316
58 79 122.68873
58 80 150.19535
58 81 165.92681
58 82 165.32173
58 83 131.57844
58 84 109.32626
58 85 156.11642
58 86 152.28961
58 87 157.15966
58 88 134.12348
58 89 151.13405
58 90 112.29498
58 91 171.4772
58 92 119.89838
58 93 130.47998
58 94 118.00522
58 95 129.07456
58 96 132.08236
58 97 112.54816
58 98 171.02847
58 99 141.05102
59 60 157.685
59 61 155.69073
59 62 109.01495
59 63 131.61669
59 64 164.95508
59 65 152.55116
59 66 150.36088
59 67 128.26278
59 68 105.76254
59 69 138.67334
59 70 120.38132
59 71 137.42306
59 72 133.03546
59 73 151.45442
59 74 122.81966
59 75 114.43317
59 76 148.00417
59 77 148.21226
59 78 133.42376
59 79 145.06716
59 80 125.10373
59 81 103.00223
59 82 106.35553
59 83 151.14855
59 84 175.81056
59 85 177.13609
59 86 180.36266
59 87 180.93194
59 88 156.02728
59 89 139.75186
59 90 161.79983
59 91 135.75746
59 92 148.69779
59 93 141.99186
59 94 163.00738
59 95 139.6125
59 96 158.73809
59 97 156.32356
59 98 104.82522
59 99 166.18526
60 61 124.03122
60 62 149.13826
60 63 183.63447
60 64 149.76641
60 65 203.47339
60 66 201.19092
60 67 174.20539
60 68 160.8148
60 69 196.24391
60 70 164.5259
60 71 186.49371
60 72 180.19093
60 73 163.34891
60 74 144.17539
60 75 152.46211
60 76 161.09677
60 77 203.94223
60 78 182.1541
60 79 184.82994
60 80 156.57839
60 81 160.59483
60 82 153.54163
60 83 174.3959
60 84 209.04197
60 85 176.57369
60 86 183.39338
60 87 180.18006
60 88 174.81292
60 89 153.62015
60 90 193.46719
60 91 132.93071
60 92 191.4793
60 93 190.62721
60 94 190.56828
60 95 185.06878
60 96 178.03543
60 97 197.40738
60 98 153.17096
60 99 177.19621
61 62 146.76353
61 63 186.24639
61 64 125.73999
61 65 191.41439
61 66 189.22521
61 67 162.7361
61 68 156.59707
61 69 193.15203
61 70 169.34768
61 71 174.81029
61 72 185.16019
61 73 142.30897
61 74 151.79119
61 75 156.62682
61 76 140.76477
61 77 195.49803
61 78 186.47308
61 79 169.34594
61 80 144.17836
61 81 158.05441
61 82 149.87742
61 83 154.87163
61 84 189.56825
61 85 152.65882
61 86 159.58343
61 87 156.21036
61 88 154.05645
61 89 135.43039
61 90 174.47741
61 91 120.66306
61 92 176.47855
61 93 178.31525
61 94 170.65043
61 95 171.85312
61 96 157.08403
61 97 181.2443
61 98 152.34082
61 99 154.59641
62 63 139.91877
62 64 157.35758
62 65 157.90128
62 66 155.64105
62 67 130.83423
62 68 111.77536
62 69 147.54464
62 70 125.79943
62 71 141.7197
62 72 140.26929
62 73 146.67709
62 74 120.05877
62 75 115.48873
62 76 143.16647
62 77 155.49088
62 78 141.04277
62 79 146.51632
62 80 121.68435
62 81 111.67676
62 82 104.71523
62 83 148.64523
62 84 176.61163
62 85 171.7237
62 86 175.57475
62 87 175.61797
62 88 152.88335
62 89 134.19444
62 90 161.79941
62 91 127.11446
62 92 151.23305
62 93 146.27296
62 94 162.09376
62 95 142.66112
62 96 155.85187
62 97 158.61249
62 98 105.91376
62 99 162.12571
63 64 196.50846
63 65 158.12998
63 66 156.66336
63 67 148.47234
63 68 133.34
63 69 123.4544
63 70 119.5343
63 71 150.39686
63 72 108.63148
63 73 180.79612
63 74 139.9771
63 75 131.18944
63 76 177.52437
63 77 145.19629
63 78 106.10666
63 79 164.12771
63 80 154.57255
63 81 130.11573
63 82 137.96014
63 83 177.33267
63 84 193.34835
63 85 206.72482
63 86 209.0547
63 87 210.34279
63 88 182.95548
63 89 170.22387
63 90 182.34083
63 91 167.0295
63 92 164.41374
63 93 153.81518
63 94 185.45741
63 95 155.66242
63 96 185.1221
63 97 171.63227
63 98 134.09148
63 99 194.12557
64 65 185.09252
64 66 183.18387
64 67 160.16403
64 68 163.51965
64 69 197.28487
64 70 182.90555
64 71 170.42205
64 72 197.60784
64 73 126.94925
64 74 169.34487
64 75 171.05501
64 76 127.62057
64 77 193.4348
64 78 198.26292
64 79 160.14108
64 80 144.21308
64 81 166.41566
64 82 158.59987
64 83 140.5268
64 84 172.42107
64 85 127.45327
64 86 134.63764
64 87 130.77316
64 88 137.21029
64 89 129.01582
64 90 159.0413
64 91 132.14541
64 92 167.26854
64 93 172.73058
64 94 153.83278
64 95 165.69535
64 96 139.43268
64 97 169.88169
64 98 163.24586
64 99 133.22773
65 66 102.28995
65 67 129.30567
65 68 147.14292
65 69 137.92519
65 70 165.19918
65 71 116.98484
65 72 166.09274
65 73 158.84682
65 74 175.34092
65 75 166.1892
65 76 157.55382
65 77 116.54408
65 78 164.0698
65 79 125.42317
65 80 147.60668
65 81 149.86479
65 82 153.23411
65 83 146.75751
65 84 140.82772
65 85 178.92192
65 86 177.28027
65 87 181.12956
65 88 152.18043
65 89 157.66408
65 90 137.07945
65 91 172.2175
65 92 119.03922
65 93 113.10512
65 94 142.9601
65 95 119.74147
65 96 152.05159
65 97 121.31081
65 98 157.09398
65 99 162.98801
66 67 127.03445
66 68 144.92756
66 69 136.97409
66 70 163.27521
66 71 114.70877
66 72 164.52958
66 73 157.06145
66 74 173.16221
66 75 164.05942
66 76 155.69001
66 77 116.4017
66 78 162.55977
66 79 123.78186
66 80 145.36829
66 81 147.69345
66 82 150.97871
66 83 145.16954
66 84 140.9437
66 85 177.52988
66 86 176.06178
66 87 179.81419
66 88 150.67928
66 89 155.60353
66 90 136.31156
66 91 169.97465
66 92 117.69818
66 93 110.9124
66 94 142.05425
66 95 117.66886
66 96 150.66498
66 97 120.72933
66 98 154.88416
66 99 161.62473
67 68 122.53335
67 69 139.62773
67 70 146.41015
67 71 112.32924
67 72 153.94375
67 73 136.96193
67 74 150.23246
67 75 142.68256
67 76 134.46235
67 77 133.52858
67 78 153.01331
67 79 117.02076
67 80 118.57168
67 81 126.44806
67 82 126.56253
67 83 129.77603
67 84 147.81597
67 85 161.71416
67 86 162.65037
67 87 164.90195
67 88 135.70653
67 89 131.23436
67 90 134.68591
67 91 143.058
67 92 120.54827
67 93 116.44154
67 94 137.13954
67 95 111.83702
67 96 137.40418
67 97 128.10801
67 98 131.85085
67 99 147.35493
68 69 136.62901
68 70 125.0268
68 71 131.74599
68 72 136.06994
68 73 147.93949
68 74 128.41287
68 75 120.19194
68 76 144.56779
68 77 143.76998
68 78 136.0481
68 79 139.40148
68 80 121.47617
68 81 104.20644
68 82 107.27884
68 83 146.5141
68 84 170.17853
68 85 173.81874
68 86 176.65054
68 87 177.53391
68 88 151.62573
68 89 136.91587
68 90 156.33547
68 91 136.13326
68 92 142.93987
68 93 136.32282
68 94 157.76292
68 95 133.85004
68 96 154.20482
68 97 150.57069
68 98 109.96534
68 99 162.15157
69 70 138.42447
69 71 135.78874
69 72 132.0858
69 73 176.32152
69 74 156.21609
69 75 146.14006
69 76 173.57462
69 77 122.86107
69 78 129.48878
69 79 151.23062
69 80 153.07219
69 81 135.87295
69 82 143.65805
69 83 169.11184
69 84 176.91461
69 85 201.34152
69 86 202.12811
69 87 204.51686
69 88 175.10748
69 89 168.59637
69 90 168.68173
69 91 172.57133
69 92 149.14596
69 93 137.71581
69 94 173.08751
69 95 142.01215
69 96 176.50875
69 97 155.30362
69 98 143.07789
69 99 186.81855
70 71 152.89616
70 72 115.94642
70 73 171.65598
70 74 120.52735
70 75 112.74744
70 76 168.17854
70 77 156.06238
70 78 117.66795
70 79 163.41212
70 80 145.44493
70 81 120.82327
70 82 125.95193
70 83 171.44095
70 84 194.14493
70 85 197.14941
70 86 200.6057
70 87 200.99319
70 88 176.39353
70 89 159.60869
70 90 180.93387
70 91 151.60847
70 92 165.85325
70 93 157.17522
70 94 182.67632
70 95 156.57977
70 96 179.07324
70 97 173.51668
70 98 120.15314
70 99 186.54614
71 72 157.24821
71 73 145.38525
71 74 160.15217
71 75 151.64504
71 76 143.48178
71 77 123.36414
71 78 155.76099
71 79 115.51489
71 80 130.76693
71 81 135.03103
71 82 137.1591
71 83 135.26999
71 84 142.95155
71 85 168.23326
71 86 167.95517
71 87 170.99966
71 88 141.21183
71 89 142.03665
71 90 132.99704
71 91 155.33798
71 92 114.04109
71 93 104.58249
71 94 137.30362
71 95 106.31253
71 96 142.02746
71 97 121.28473
71 98 141.65048
71 99 152.81986
72 73 184.00717
72 74 136.01943
72 75 128.66802
72 76 180.62476
72 77 153.64905
72 78 102.83477
72 79 170.23402
72 80 157.5334
72 81 132.27312
72 82 139.28811
72 83 181.82041
72 84 200.07725
72 85 209.86713
72 86 212.69281
72 87 213.59729
72 88 187.22847
72 89 172.70271
72 90 188.37955
72 91 166.92917
72 92 171.13751
72 93 160.93093
72 94 191.08231
72 95 162.15009
72 96 189.60321
72 97 178.53082
72 98 134.36695
72 99 198.06066
73 74 164.3899
73 75 162.14308
73 76 103.51179
73 77 168.74506
73 78 183.94571
73 79 133.55036
73 80 126.47926
73 81 151.78616
73 82 145.7127
73 83 113.68489
73 84 147.47172
73 85 125.93036
73 86 128.95848
73 87 129.59869
73 88 111.74855
73 89 112.94299
73 90 132.92461
73 91 132.85105
73 92 140.54888
73 93 147.04293
73 94 128.50152
73 95 140.0222
73 96 114.81084
73 97 142.93281
73 98 151.7242
73 99 115.97066
74 75 110.13175
74 76 160.9182
74 77 169.91935
74 78 138.03421
74 79 166.40643
74 80 141.25774
74 81 125.48042
74 82 123.77126
74 83 168.08282
74 84 196.65433
74 85 188.04643
74 86 192.70312
74 87 192.02227
74 88 171.896
74 89 151.47237
74 90 181.85144
74 91 137.21508
74 92 170.77583
74 93 164.7314
74 94 182.01993
74 95 161.91712
74 96 174.99443
74 97 178.27978
74 98 118.51928
74 99 180.26103
75 76 158.63145
75 77 160.01842
75 78 130.23688
75 79 159.40978
75 80 136.96777
75 81 116.61587
75 82 117.54525
75 83 163.84333
75 84 190.08438
75 85 187.00957
75 86 191.00657
75 87 190.92761
75 88 168.25711
75 89 149.56619
75 90 175.82298
75 91 139.3264
75 92 163.1308
75 93 156.18759
75 94 176.66254
75 95 154.0337
75 96 171.17436
75 97 170.75589
75 98 111.32499
75 99 177.61343
76 77 166.78419
76 78 180.59784
76 79 132.52111
76 80 123.09275
76 81 148.38117
76 82 142.23049
76 83 114.21342
76 84 148.80383
76 85 129.25305
76 86 132.45223
76 87 132.97497
76 88 113.72211
76 89 109.52981
76 90 133.82099
76 91 129.97537
76 92 139.66283
76 93 145.42185
76 94 129.90647
76 95 138.3744
76 96 116.975
76 97 142.64801
76 98 148.22685
76 99 119.37645
77 78 151.2976
77 79 137.42636
77 80 151.57201
77 81 145.23762
77 82 150.83566
77 83 158.33276
77 84 157.30212
77 85 191.25981
77 86 190.51604
77 87 193.86555
77 88 164.17893
77 89 164.67676
77 90 152.18908
77 91 175.18319
77 92 132.74178
77 93 122.44207
77 94 157.63252
77 95 129.0763
77 96 164.68057
77 97 136.95477
77 98 153.0339
77 99 175.61212
78 79 169.07548
78 80 157.51595
78 81 132.41449
78 82 139.74574
78 83 181.30003
78 84 198.67282
78 85 209.85076
78 86 212.5037
78 87 213.54404
78 88 186.79208
78 89 172.87714
78 90 187.26314
78 91 167.92165
78 92 169.71939
78 93 159.32946
78 94 190.13479
78 95 160.82463
78 96 189.09237
78 97 177.04046
78 98 135.12933
78 99 197.7557
79 80 128.7572
79 81 143.40104
79 82 142.64649
79 83 121.39577
79 84 130.80564
79 85 154.01238
79 86 153.09045
79 87 156.49559
79 88 127.00122
79 89 134.17428
79 90 118.21338
79 91 152.07507
79 92 107.2439
79 93 115.0029
79 94 121.90356
79 95 109.22566
79 96 127.27929
79 97 112.69658
79 98 148.3416
79 99 138.23764
80 81 125.31015
80 82 119.71797
80 83 126.96259
80 84 156.73628
80 85 152.3426
80 86 155.29756
80 87 156.06391
80 88 131.30133
80 89 115.8852
80 90 141.35723
80 91 124.61479
80 92 135.05
80 93 134.53262
80 94 140.90503
80 95 128.57196
80 96 134.20766
80 97 141.45363
80 98 125.94707
80 99 141.10387
81 82 108.22325
81 83 150.68016
81 84 174.20058
81 85 177.60799
81 86 180.58424
81 87 181.35556
81 88 155.74723
81 89 140.4673
81 90 160.47245
81 91 137.90454
81 92 146.7026
81 93 139.57825
81 94 161.95679
81 95 137.53356
81 96 158.35498
81 97 154.36073
81 98 107.8198
81 99 166.1813
82 83 146.39387
82 84 173.0329
82 85 171.22067
82 86 174.66848
82 87 175.05263
82 88 150.97942
82 89 133.71831
82 90 158.48432
82 91 129.68129
82 92 147.06801
82 93 141.72557
82 94 159.14823
82 95 138.34214
82 96 153.82023
82 97 154.53271
82 98 106.27809
82 99 160.75752
83 84 134.80869
83 85 132.96699
83 86 133.0301
83 87 135.76363
83 88 106.01033
83 89 120.85564
83 90 119.62171
83 91 142.16533
83 92 127.9074
83 93 135.98412
83 94 116.18008
83 95 129.26995
83 96 107.7941
83 97 129.46416
83 98 152.67144
83 99 117.73243
84 85 153.9973
84 86 149.17329
84 87 154.40373
84 88 135.8402
84 89 155.42558
84 90 115.68083
84 91 176.43552
84 92 128.95346
84 93 139.75819
84 94 118.97022
84 95 137.9738
84 96 133.16924
84 97 121.81283
84 98 178.91125
84 99 140.23783
85 86 107.31406
85 87 103.98639
85 88 127.08092
85 89 137.55946
85 90 144.73846
85 91 152.62007
85 92 159.88403
85 93 168.85404
85 94 138.43867
85 95 162.22445
85 96 126.87105
85 97 159.41228
85 98 177.05685
85 99 115.9587
86 87 105.51091
86 88 127.025
86 89 141.47149
86 90 141.63146
86 91 158.21006
86 92 158.37124
86 93 168.08801
86 94 135.28531
86 95 161.76718
86 96 125.92843
86 97 156.98425
86 98 180.67905
86 99 115.30982
87 88 129.79053
87 89 141.4346
87 90 146.16132
87 91 156.59036
87 92 162.12372
87 93 171.42764
87 94 139.81505
87 95 164.91204
87 96 129.22177
87 97 161.21912
87 98 180.91997
87 99 118.25859
88 89 122.29306
88 90 121.83173
88 91 143.47082
88 92 133.18865
88 93 141.77797
88 94 116.90067
88 95 135.15492
88 96 103.31355
88 97 133.88953
88 98 157.23299
88 99 111.72282
89 90 139.89109
89 91 121.354
89 92 141.39031
89 93 144.82191
89 94 137.02833
89 95 137.93508
89 96 125.60568
89 97 145.8346
89 98 139.49904
89 99 128.89679
90 91 160.78695
90 92 119.75432
90 93 131.11813
90 94 106.35097
90 95 127.01405
90 96 119.82395
90 97 115.86498
90 98 164.53485
90 99 129.23468
91 92 158.87901
91 93 159.1474
91 94 158.30153
91 95 153.09162
91 96 146.77833
91 97 164.57167
91 98 132.95004
91 99 148.31291
92 93 111.4382
92 94 124.91308
92 95 109.27432
92 96 133.01316
92 97 107.67918
92 98 152.39333
92 99 143.95596
93 94 135.97443
93 95 107.04828
93 96 142.23856
93 97 117.94543
93 98 146.23188
93 99 153.17221
94 95 131.08723
94 96 114.40132
94 97 121.96247
94 98 165.338
94 99 123.08262
95 96 135.84274
95 97 116.9471
95 98 143.45036
95 99 146.69258
96 97 132.96055
96 98 160.08782
96 99 110.97323
97 98 159.95392
97 99 143.51571
98 99 166.91057
