100 40
0 1 154.19485
0 2 130.24871
0 3 145.51712
0 4 116.60353
0 5 131.9897
0 6 182.4298
0 7 123.35579
0 8 162.52772
0 9 173.11351
0 10 111.72762
0 11 159.36763
0 12 116.88422
0 13 157.10995
0 14 182.53572
0 15 110.14057
0 16 148.65294
0 17 129.56442
0 18 114.80476
0 19 157.03723
0 20 137.41594
0 21 156.86903
0 22 171.0776
0 23 120.42368
0 24 156.93437
0 25 153.61685
0 26 138.39241
0 27 173.54408
0 28 115.44729
0 29 190.53061
0 30 142.52494
0 31 151.19642
0 32 117.83456
0 33 176.88818
0 34 132.07482
0 35 117.46957
0 36 205.51767
0 37 186.17784
0 38 159.41032
0 39 149.98407
0 40 122.99916
0 41 128.22527
0 42 133.9546
0 43 164.87061
0 44 155.82211
0 45 155.07673
0 46 139.39289
0 47 180.734
0 48 150.88741
0 49 187.98048
0 50 126.56999
0 51 181.14318
0 52 167.23638
0 53 112.60556
0 54 175.10454
0 55 112.71547
0 56 122.56671
0 57 198.21394
0 58 128.73756
0 59 128.44628
0 60 170.7871
0 61 156.86732
0 62 166.16172
0 63 165.89968
0 64 153.12631
0 65 102.45426
0 66 108.7317
0 67 159.57507
0 68 126.69294
0 69 119.54933
0 70 169.98678
0 71 123.7801
0 72 144.47078
0 73 172.36317
0 74 177.0237
0 75 153.73957
0 76 131.64654
0 77 185.82764
0 78 165.96226
0 79 169.30048
0 80 154.61272
0 81 164.09363
0 82 148.75025
0 83 182.78765
0 84 162.59343
0 85 139.88474
0 86 164.13215
0 87 145.25744
0 88 134.66729
0 89 118.85413
0 90 144.30165
0 91 183.20691
0 92 168.34778
0 93 147.4981
0 94 117.45795
0 95 170.98697
0 96 171.86102
0 97 164.59048
0 98 144.01528
0 99 177.60038
1 2 154.26859
1 3 121.90909
1 4 138.75045
1 5 126.93299
1 6 162.9192
1 7 130.83919
1 8 165.54072
1 9 158.09363
1 10 160.9578
1 11 187.02125
1 12 137.65551
1 13 129.77709
1 14 169.0109
1 15 162.03916
1 16 138.55785
1 17 131.69031
1 18 164.25244
1 19 102.95639
1 20 117.18502
1 21 116.12089
1 22 120.35749
1 23 168.71859
1 24 153.87304
1 25 117.50372
1 26 120.89447
1 27 167.83533
1 28 155.15415
1 29 161.09475
1 30 111.75084
1 31 177.98289
1 32 157.90299
1 33 126.23686
1 34 172.31755
1 35 150.32289
1 36 180.54189
1 37 133.11633
1 38 110.18562
1 39 122.21766
1 40 131.45852
1 41 165.69332
1 42 129.18762
1 43 119.0683
1 44 140.46609
1 45 149.91823
1 46 172.95092
1 47 149.40563
1 48 151.67985
1 49 180.37154
1 50 147.31838
1 51 130.0671
1 52 185.27639
1 53 159.87588
1 54 121.70562
1 55 162.61179
1 56 158.46203
1 57 174.63466
1 58 148.74255
1 59 146.16735
1 60 195.79674
1 61 106.93337
1 62 154.2725
1 63 199.13983
1 64 150.66887
1 65 152.66097
1 66 157.167
1 67 191.97121
1 68 131.01996
1 69 151.09049
1 70 166.09552
1 71 159.07707
1 72 114.59063
1 73 123.49985
1 74 140.12335
1 75 135.79927
1 76 143.24269
1 77 173.44734
1 78 139.29586
1 79 125.19102
1 80 177.54967
1 81 184.18954
1 82 105.45235
1 83 167.00171
1 84 183.63165
1 85 126.60587
1 86 196.95711
1 87 184.2762
1 88 144.34963
1 89 161.43869
1 90 179.93201
1 91 155.87767
1 92 179.4845
1 93 132.6786
1 94 166.84025
1 95 118.87681
1 96 142.29453
1 97 117.57716
1 98 121.24384
1 99 172.02285
2 3 135.1838
2 4 135.0059
2 5 127.74046
2 6 156.22099
2 7 132.65222
2 8 132.60409
2 9 146.53431
2 10 123.72412
2 11 134.80618
2 12 127.51494
2 13 140.64088
2 14 154.52934
2 15 127.26908
2 16 127.22619
2 17 146.74282
2 18 144.37397
2 19 157.11627
2 20 143.24509
2 21 147.95156
2 22 163.58682
2 23 124.69503
2 24 129.08056
2 25 144.06231
2 26 133.37598
2 27 144.39591
2 28 145.03488
2 29 167.17086
2 30 145.63832
2 31 125.56782
2 32 147.78748
2 33 180.46013
2 34 120.04546
2 35 145.30024
2 36 179.28578
2 37 186.82863
2 38 163.19086
2 39 138.20236
2 40 130.13547
2 41 113.80308
2 42 150.06133
2 43 155.49856
2 44 133.62458
2 45 128.4457
2 46 118.68769
2 47 159.52752
2 48 123.07747
2 49 158.45475
2 50 107.44855
2 51 172.2833
2 52 138.72229
2 53 142.8215
2 54 170.04155
2 55 142.39196
2 56 152.26564
2 57 171.98868
2 58 154.97785
2 59 108.12605
2 60 145.31456
2 61 153.13306
2 62 139.59297
2 63 145.52305
2 64 125.96042
2 65 131.69461
2 66 123.27366
2 67 138.3506
2 68 142.2787
2 69 147.52582
2 70 140.72831
2 71 109.80181
2 72 152.30676
2 73 163.09121
2 74 159.29281
2 75 133.85823
2 76 155.35949
2 77 157.31439
2 78 145.77847
2 79 157.56072
2 80 127.15706
2 81 136.10369
2 82 149.91737
2 83 155.38111
2 84 134.87437
2 85 128.8155
2 86 143.38315
2 87 130.27665
2 88 111.69709
2 89 116.7254
2 90 125.6724
2 91 159.85545
2 92 138.39772
2 93 129.69883
2 94 146.71448
2 95 164.84781
2 96 151.54374
2 97 170.21433
2 98 155.93161
2 99 148.1874
3 4 134.84097
3 5 113.61209
3 6 146.30291
3 7 125.7567
3 8 143.85034
3 9 139.50596
3 10 148.35374
3 11 165.88979
3 12 129.38951
3 13 113.38467
3 14 150.64552
3 15 150.50177
3 16 116.84279
3 17 136.012
3 18 158.87102
3 19 124.27492
3 20 121.61028
3 21 112.90029
3 22 128.55627
3 23 154.44144
3 24 132.32934
3 25 109.05326
3 26 108.41245
3 27 147.42798
3 28 152.56742
3 29 149.14684
3 30 119.28742
3 31 157.05989
3 32 155.75208
3 33 147.49073
3 34 154.73718
3 35 149.13748
3 36 167.13164
3 37 152.38373
3 38 132.02303
3 39 104.51949
3 40 124.41728
3 41 148.13006
3 42 136.20693
3 43 120.8047
3 44 120.13606
3 45 128.40824
3 46 153.57891
3 47 137.93296
3 48 129.79169
3 49 160.91894
3 50 129.28525
3 51 137.76321
3 52 163.42152
3 53 155.07115
3 54 134.85844
3 55 156.88148
3 56 158.08504
3 57 160.35681
3 58 152.5104
3 59 127.58555
3 60 174.21067
3 61 118.67621
3 62 134.44294
3 63 178.46527
3 64 128.92275
3 65 144.8888
3 66 145.17518
3 67 171.36761
3 68 132.70326
3 69 150.72037
3 70 145.2706
3 71 142.05974
3 72 127.89326
3 73 128.5462
3 74 132.15493
3 75 115.57436
3 76 148.88702
3 77 154.96305
3 78 124.00175
3 79 124.17729
3 80 156.17227
3 81 162.43796
3 82 119.60918
3 83 149.25745
3 84 161.94669
3 85 106.56935
3 86 176.2742
3 87 165.40784
3 88 124.03255
3 89 146.23242
3 90 160.5142
3 91 142.46349
3 92 157.60117
3 93 111.0116
3 94 161.65935
3 95 129.67569
3 96 129.13675
3 97 139.44247
3 98 134.56314
3 99 151.78048
4 5 121.79551
4 6 177.68985
4 7 109.18363
4 8 163.54522
4 9 169.15205
4 10 126.53586
4 11 168.74059
4 12 108.01652
4 13 147.8686
4 14 179.62362
4 15 126.16797
4 16 143.31231
4 17 113.6157
4 18 125.62995
4 19 141.46842
4 20 121.59993
4 21 144.19898
4 22 157.04905
4 23 135.44656
4 24 155.3084
4 25 141.51233
4 26 126.62463
4 27 172.53599
4 28 117.80391
4 29 183.2296
4 30 127.00677
4 31 159.7775
4 32 120.95212
4 33 160.41379
4 34 144.49687
4 35 114.40516
4 36 200.06349
4 37 169.94006
4 38 143.10213
4 39 139.30889
4 40 110.50707
4 41 139.0747
4 42 117.87051
4 43 151.81261
4 44 149.97982
4 45 152.49863
4 46 149.67374
4 47 172.43542
4 48 149.81016
4 49 187.17243
4 50 128.48225
4 51 167.2058
4 52 173.71284
4 53 121.35446
4 54 160.21063
4 55 123.90921
4 56 123.33552
4 57 192.94506
4 58 120.80445
4 59 129.38851
4 60 179.76942
4 61 142.34664
4 62 162.60957
4 63 177.42141
4 64 151.21473
4 65 114.58698
4 66 122.64102
4 67 170.58945
4 68 110.18072
4 69 116.1816
4 70 169.31256
4 71 132.89537
4 72 127.98117
4 73 158.88873
4 74 166.96762
4 75 146.75424
4 76 120.37029
4 77 183.43789
4 78 157.94333
4 79 156.91902
4 80 162.02667
4 81 171.10072
4 82 133.31968
4 83 179.19619
4 84 169.84121
4 85 130.75298
4 86 175.45919
4 87 157.97004
4 88 133.70057
4 89 130.98457
4 90 155.72559
4 91 176.19075
4 92 172.54857
4 93 140.27791
4 94 128.29729
4 95 156.53656
4 96 163.51299
4 97 148.04933
4 98 127.47556
4 99 176.89069
5 6 156.48168
5 7 113.16461
5 8 146.84281
5 9 148.41835
5 10 135.78922
5 11 161.75243
5 12 115.80115
5 13 126.1599
5 14 159.25738
5 15 137.59796
5 16 122.69858
5 17 126.07703
5 18 145.26694
5 19 129.85715
5 20 116.38364
5 21 125.11671
5 22 140.06403
5 23 142.71027
5 24 136.73731
5 25 121.69752
5 26 106.82346
5 27 153.62031
5 28 139.27917
5 29 161.43925
5 30 117.9556
5 31 152.52616
5 32 142.48858
5 33 152.91689
5 34 145.38987
5 35 136.20057
5 36 178.49875
5 37 159.96087
5 38 135.48252
5 39 118.12407
5 40 111.30139
5 41 138.76121
5 42 127.65043
5 43 133.20022
5 44 128.791
5 45 133.3228
5 46 146.30634
5 47 150.66542
5 48 132.21357
5 49 168.00091
5 50 120.54109
5 51 149.88027
5 52 162.40326
5 53 141.50453
5 54 145.18656
5 55 143.27252
5 56 145.12701
5 57 171.45558
5 58 140.96016
5 59 119.62758
5 60 171.42999
5 61 127.10292
5 62 142.26836
5 63 173.15998
5 64 132.70602
5 65 131.29311
5 66 132.34577
5 67 165.97456
5 68 121.99008
5 69 137.93703
5 70 150.78398
5 71 132.16265
5 72 125.24012
5 73 140.85124
5 74 145.63047
5 75 125.19567
5 76 138.29917
5 77 163.30568
5 78 136.14807
5 79 137.35294
5 80 152.92014
5 81 160.65629
5 82 122.27752
5 83 158.47641
5 84 159.80848
5 85 108.96717
5 86 171.00138
5 87 157.42427
5 88 119.43284
5 89 134.96416
5 90 153.25877
5 91 154.42843
5 92 158.60292
5 93 118.79441
5 94 148.05627
5 95 140.48894
5 96 141.73333
5 97 142.47387
5 98 130.07596
5 99 158.06039
6 7 169.60485
6 8 130.13837
6 9 109.69703
6 10 179.29868
6 11 163.66657
6 12 170.36181
6 13 133.85859
6 14 109.17055
6 15 182.63595
6 16 134.44836
6 17 181.88379
6 18 197.21775
6 19 163.85775
6 20 167.90082
6 21 146.81243
6 22 152.63366
6 23 180.84491
6 24 127.30574
6 25 145.80876
6 26 154.14185
6 27 118.82522
6 28 194.01763
6 29 115.40814
6 30 165.02696
6 31 159.30287
6 32 197.21022
6 33 181.54597
6 34 172.84233
6 35 191.86949
6 36 123.18272
6 37 180.46213
6 38 172.2507
6 39 143.11438
6 40 167.51168
6 41 168.38543
6 42 182.43703
6 43 146.7169
6 44 127.73634
6 45 127.88457
6 46 165.60267
6 47 118.58597
6 48 133.16303
6 49 121.48434
6 50 156.58504
6 51 153.54888
6 52 151.72635
6 53 194.42058
6 54 160.05559
6 55 195.12274
6 56 200.57407
6 57 115.85513
6 58 197.44181
6 59 154.47728
6 60 164.9746
6 61 156.4621
6 62 116.64065
6 63 176.78841
6 64 130.27327
6 65 182.89323
6 66 177.86623
6 67 171.72557
6 68 178.16937
6 69 193.79788
6 70 121.28822
6 71 165.99864
6 72 173.37389
6 73 148.88258
6 74 128.41147
6 75 131.40423
6 76 194.54877
6 77 112.78286
6 78 123.6363
6 79 142.25305
6 80 154.76466
6 81 153.66873
6 82 163.34878
6 83 105.82808
6 84 154.54643
6 85 147.76697
6 86 174.99168
6 87 176.07074
6 88 147.98409
6 89 172.92909
6 90 170.15508
6 91 111.71132
6 92 141.58513
6 93 137.69594
6 94 199.88771
6 95 155.73582
6 96 121.3979
6 97 178.84565
6 98 180.37778
6 99 119.55796
7 8 157.86962
7 9 161.3941
7 10 130.95445
7 11 167.39386
7 12 107.25889
7 13 138.91455
7 14 172.11426
7 15 131.56159
7 16 135.54514
7 17 114.54629
7 18 134.42393
7 19 133.68726
7 20 114.28294
7 21 135.07359
7 22 148.28678
7 23 139.3737
7 24 148.67609
7 25 132.33578
7 26 117.47255
7 27 165.82523
7 28 126.98712
7 29 174.46497
7 30 119.19436
7 31 158.18941
7 32 130.12862
7 33 154.24292
7 34 145.99419
7 35 123.38093
7 36 191.66089
7 37 163.08484
7 38 136.52404
7 39 130.19505
7 40 102.62974
7 41 139.87031
7 42 117.45964
7 43 142.76732
7 44 141.88212
7 45 145.54638
7 46 149.51458
7 47 163.52133
7 48 143.57914
7 49 180.3674
7 50 125.3701
7 51 158.43035
7 52 170.55655
7 53 130.27513
7 54 151.8821
7 55 132.59453
7 56 132.32836
7 57 184.61998
7 58 127.86762
7 59 125.61028
7 60 177.95989
7 61 133.76235
7 62 155.08019
7 63 177.32679
7 64 144.57561
7 65 121.87483
7 66 127.02821
7 67 170.27098
7 68 110.05171
7 69 124.98579
7 70 162.78786
7 71 133.20841
7 72 122.31597
7 73 149.95449
7 74 157.83558
7 75 138.35918
7 76 125.66082
7 77 176.07695
7 78 149.15762
7 79 147.78504
7 80 159.68445
7 81 168.29608
7 82 125.39596
7 83 171.46049
7 84 167.20145
7 85 122.08656
7 86 175.26173
7 87 159.17186
7 88 128.42398
7 89 133.26548
7 90 156.0805
7 91 167.5165
7 92 168.21078
7 93 131.9435
7 94 137.14964
7 95 147.95436
7 96 154.62783
7 97 142.29302
7 98 124.05423
7 99 170.24033
8 9 121.74807
8 10 156.14774
8 11 133.79281
8 12 155.52973
8 13 138.30255
8 14 124.84258
8 15 159.73696
8 16 127.01893
8 17 172.23061
8 18 176.91402
8 19 167.63776
8 20 162.54222
8 21 152.04972
8 22 164.56798
8 23 155.32347
8 24 111.76719
8 25 149.03196
8 26 148.36937
8 27 113.04273
8 28 176.64344
8 29 144.76345
8 30 162.11547
8 31 129.20566
8 32 179.58517
8 33 189.9163
8 34 145.00733
8 35 176.04572
8 36 150.98297
8 37 192.54182
8 38 175.72284
8 39 143.45657
8 40 155.29353
8 41 141.81732
8 42 174.33702
8 43 156.45992
8 44 126.20215
8 45 115.70501
8 46 136.70184
8 47 142.29179
8 48 114.66478
8 49 126.01045
8 50 136.30683
8 51 169.78916
8 52 123.71717
8 53 175.13122
8 54 172.361
8 55 174.90707
8 56 183.79089
8 57 144.14886
8 58 184.3459
8 59 134.78553
8 60 136.86585
8 61 161.04395
8 62 117.63767
8 63 147.19311
8 64 114.93307
8 65 163.72368
8 66 155.87756
8 67 141.75227
8 68 167.82932
8 69 178.21972
8 70 109.4876
8 71 141.40935
8 72 170.56847
8 73 162.08806
8 74 147.78125
8 75 130.46856
8 76 183.2914
8 77 126.40987
8 78 134.86422
8 79 154.96635
8 80 124.63272
8 81 124.71335
8 82 163.43003
8 83 126.8793
8 84 125.2541
8 85 140.96292
8 86 145.28958
8 87 146.34183
8 88 129.8453
8 89 148.49622
8 90 140.49332
8 91 138.71754
8 92 114.93693
8 93 132.89075
8 94 179.29537
8 95 167.07333
8 96 138.1386
8 97 183.11489
8 98 176.40093
8 99 116.04636
9 10 169.68702
9 11 155.54047
9 12 161.63251
9 13 128.33002
9 14 111.1419
9 15 173.04852
9 16 125.875
9 17 174.24392
9 18 187.91647
9 19 159.41336
9 20 161.01417
9 21 142.31342
9 22 150.79044
9 23 171.149
9 24 117.619
9 25 140.61147
9 26 146.82832
9 27 113.10797
9 28 185.09015
9 29 123.08653
9 30 158.69029
9 31 150.51777
9 32 188.26207
9 33 178.93463
9 34 163.24443
9 35 183.16906
9 36 132.79018
9 37 179.18857
9 38 167.87931
9 39 136.92161
9 40 159.18215
9 41 158.71096
9 42 175.13944
9 43 143.82754
9 44 119.77041
9 45 118.26917
9 46 156.19142
9 47 121.47191
9 48 123.46875
9 49 122.42236
9 50 147.06446
9 51 153.53803
9 52 144.65611
9 53 185.23197
9 54 158.5401
9 55 185.82433
9 56 191.77
9 57 125.47424
9 58 189.25645
9 59 144.98234
9 60 157.97544
9 61 152.08363
9 62 107.00821
9 63 168.92027
9 64 120.60339
9 65 173.66431
9 66 168.33129
9 67 163.4804
9 68 170.34368
9 69 185.14975
9 70 114.15189
9 71 156.30698
9 72 167.22542
9 73 147.44682
9 74 129.08971
9 75 124.01365
9 76 186.70076
9 77 115.5001
9 78 119.70103
9 79 140.377
9 80 146.23422
9 81 146.16101
9 82 157.78538
9 83 110.06647
9 84 146.85042
9 85 140.0108
9 86 167.03125
9 87 166.89918
9 88 138.53363
9 89 163.24831
9 90 160.96848
9 91 117.01683
9 92 134.80776
9 93 129.87365
9 94 190.56191
9 95 153.74072
9 96 120.05303
9 97 174.83217
9 98 174.03551
9 99 115.90054
10 11 148.54377
10 12 123.71269
10 13 158.18174
10 14 178.14277
10 15 103.60941
10 16 147.34541
10 17 140.0857
10 18 122.11672
10 19 163.8942
10 20 145.17891
10 21 160.74949
10 22 175.85319
10 23 108.95199
10 24 152.53173
10 25 157.14508
10 26 142.60277
10 27 168.11816
10 28 126.50651
10 29 189.09076
10 30 149.73481
10 31 140.85681
10 32 128.38454
10 33 185.18288
10 34 120.57235
10 35 129.124
10 36 202.46879
10 37 193.78
10 38 167.42905
10 39 152.54083
10 40 129.72166
10 41 117.5925
10 42 144.39319
10 43 168.84096
10 44 154.4314
10 45 151.42227
10 46 128.56476
10 47 180.27176
10 48 146.44483
10 49 182.10078
10 50 122.95528
10 51 185.63675
10 52 157.59604
10 53 121.94109
10 54 180.77413
10 55 120.40395
10 56 133.27014
10 57 195.14499
10 58 140.44636
10 59 125.14443
10 60 159.99248
10 61 162.50852
10 62 162.68402
10 63 154.36283
10 64 149.12159
10 65 114.15456
10 66 103.95747
10 67 148.19285
10 68 136.65632
10 69 131.14813
10 70 164.44673
10 71 114.92643
10 72 153.1675
10 73 176.54798
10 74 178.05416
10 75 153.29543
10 76 143.314
10 77 181.01416
10 78 165.72763
10 79 172.52793
10 80 144.76497
10 81 154.248
10 82 155.64631
10 83 178.85025
10 84 152.65822
10 85 142.03742
10 86 152.64567
10 87 133.5836
10 88 131.6788
10 89 108.32615
10 90 132.93374
10 91 181.70927
10 92 159.89016
10 93 147.62788
10 94 124.03884
10 95 176.21747
10 96 171.6796
10 97 173.23172
10 98 153.77525
10 99 171.87734
11 12 161.80709
11 13 166.04223
11 14 157.14852
11 15 151.686
11 16 151.8471
11 17 181.2259
11 18 170.26655
11 19 189.69146
11 20 177.77888
11 21 177.4066
11 22 192.15279
11 23 142.48515
11 24 141.75026
11 25 173.70602
11 26 166.48213
11 27 145.25676
11 28 174.76126
11 29 178.532
11 30 179.66795
11 31 109.26201
11 32 176.85863
11 33 213.15731
11 34 128.63073
11 35 176.53798
11 36 182.80069
11 37 218.18733
11 38 196.57009
11 39 167.54187
11 40 164.90937
11 41 131.1509
11 42 184.71882
11 43 183.73695
11 44 154.88692
11 45 144.51148
11 46 120.00515
11 47 175.65438
11 48 139.53062
11 49 153.24233
11 50 142.22482
11 51 199.19718
11 52 114.81612
11 53 170.47998
11 54 199.48663
11 55 168.73786
11 56 181.7203
11 57 176.51914
11 58 187.30408
11 59 142.48641
11 60 111.44887
11 61 184.5659
11 62 150.91475
11 63 113.61879
11 64 142.1849
11 65 161.51031
11 66 150.68602
11 67 108.13664
11 68 176.82387
11 69 178.71049
11 70 142.40228
11 71 136.21153
11 72 186.81503
11 73 190.56802
11 74 179.89017
11 75 157.7838
11 76 188.7109
11 77 157.38463
11 78 166.09409
11 79 183.91186
11 80 110.14775
11 81 111.34403
11 82 183.26345
11 83 159.74559
11 84 109.86113
11 85 160.4478
11 86 111.58938
11 87 119.94238
11 88 142.76369
11 89 140.57116
11 90 116.72742
11 91 172.48635
11 92 123.85229
11 93 156.89838
11 94 171.78374
11 95 194.09336
11 96 170.41806
11 97 203.82329
11 98 190.70617
11 99 146.34428
12 13 141.82386
12 14 171.95832
12 15 124.44466
12 16 135.91396
12 17 119.43435
12 18 129.48661
12 19 140.55115
12 20 121.47271
12 21 140.15445
12 22 154.19596
12 23 132.11806
12 24 147.40681
12 25 137.03715
12 26 121.77086
12 27 164.62639
12 28 123.86873
12 29 176.62666
12 30 126.17656
12 31 152.71205
12 32 127.09007
12 33 161.47079
12 34 139.15462
12 35 121.53674
12 36 192.9673
12 37 170.18919
12 38 143.72619
12 39 133.90794
12 40 106.20442
12 41 133.22242
12 42 123.12377
12 43 148.09797
12 44 142.76766
12 45 144.68663
12 46 143.29187
12 47 166.14875
12 48 141.84757
12 49 179.27033
12 50 120.70244
12 51 164.27066
12 52 166.09527
12 53 125.70577
12 54 158.28478
12 55 127.51035
12 56 130.21922
12 57 185.78573
12 58 128.81703
12 59 121.47586
12 60 172.65123
12 61 140.01679
12 62 154.98906
12 63 171.15137
12 64 143.32364
12 65 115.79836
12 66 119.79892
12 67 164.18124
12 68 115.10349
12 69 123.53041
12 70 161.37078
12 71 126.68778
12 72 129.56297
12 73 155.5333
12 74 161.42301
12 75 139.84118
12 76 128.17773
12 77 175.70561
12 78 151.4754
12 79 152.70832
12 80 154.66023
12 81 163.59013
12 82 132.25347
12 83 171.64292
12 84 162.38445
12 85 124.43264
12 86 169.12769
12 87 152.46596
12 88 125.68599
12 89 126.1728
12 90 149.66852
12 91 169.46983
12 92 164.64821
12 93 133.36707
12 94 132.27334
12 95 154.11217
12 96 157.20294
12 97 149.55089
12 98 130.93827
12 99 168.96485
13 14 139.31632
13 15 160.77254
13 16 114.42631
13 17 149.33411
13 18 171.0673
13 19 131.205
13 20 134.45913
13 21 114.31558
13 22 126.51607
13 23 163.04076
13 24 126.66294
13 25 112.28228
13 26 121.77916
13 27 138.43062
13 28 165.4388
13 29 135.76218
13 30 131.22536
13 31 158.0237
13 32 168.64714
13 33 152.04654
13 34 160.67167
13 35 162.24597
13 36 153.90304
13 37 154.24049
13 38 139.65852
13 39 109.47341
13 40 137.36767
13 41 154.40006
13 42 149.32226
13 43 118.23353
13 44 112.10571
13 45 122.89944
13 46 157.45277
13 47 124.61259
13 48 126.74918
13 49 150.60065
13 50 136.57078
13 51 133.18458
13 52 160.60196
13 53 167.47601
13 54 134.2028
13 55 169.02775
13 56 171.19206
13 57 147.25138
13 58 165.89394
13 59 134.48694
13 60 172.70653
13 61 123.9765
13 62 124.72513
13 63 179.36654
13 64 124.58298
13 65 156.78593
13 66 155.45258
13 67 172.57868
13 68 146.08523
13 69 163.89775
13 70 137.07037
13 71 149.20592
13 72 139.51793
13 73 124.56197
13 74 119.97084
13 75 108.29564
13 76 162.23165
13 77 143.74197
13 78 110.72375
13 79 117.89971
13 80 155.92052
13 81 160.41218
13 82 129.59864
13 83 137.47146
13 84 160.29474
13 85 117.40257
13 86 177.20614
13 87 169.4994
13 88 128.9874
13 89 154.57627
13 90 164.04033
13 91 129.12596
13 92 153.09351
13 93 110.9857
13 94 173.85615
13 95 128.85713
13 96 115.76314
13 97 146.7453
13 98 146.54484
13 99 142.48675
14 15 181.6141
14 16 136.58428
14 17 185.19493
14 18 197.31827
14 19 170.22818
14 20 172.13559
14 21 153.09591
14 22 160.46484
14 23 178.67704
14 24 125.69285
14 25 151.576
14 26 157.90597
14 27 112.0147
14 28 195.11829
14 29 124.04523
14 30 169.83065
14 31 153.78004
14 32 198.25544
14 33 189.07594
14 34 169.41891
14 35 193.45716
14 36 126.14579
14 37 188.61856
14 38 178.68769
14 39 148.04013
14 40 169.83643
14 41 165.61394
14 42 186.18488
14 43 153.99397
14 44 130.81383
14 45 127.53737
14 46 161.45006
14 47 127.56718
14 48 131.79481
14 49 112.57316
14 50 156.09734
14 51 162.09762
14 52 144.31297
14 53 194.86487
14 54 168.06091
14 55 195.23888
14 56 201.92975
14 57 119.44747
14 58 199.93394
14 59 154.12422
14 60 157.36306
14 61 162.86108
14 62 117.03926
14 63 169.87078
14 64 129.41043
14 65 183.26281
14 66 177.15021
14 67 165.27952
14 68 181.23167
14 69 195.48381
14 70 115.36308
14 71 164.09444
14 72 178.36073
14 73 156.87802
14 74 137.00727
14 75 135.13413
14 76 197.5557
14 77 104.44037
14 78 130.06881
14 79 150.01392
14 80 148.89998
14 81 146.61335
14 82 168.85379
14 83 103.3817
14 84 147.66391
14 85 150.99869
14 86 168.18571
14 87 171.15272
14 88 147.88717
14 89 171.17569
14 90 165.32392
14 91 120.87583
14 92 134.12111
14 93 140.88614
14 94 199.90111
14 95 163.50846
14 96 129.11542
14 97 185.53733
14 98 185.17729
14 99 111.24186
15 16 150.34665
15 17 139.48758
15 18 118.70476
15 19 164.95237
15 20 145.84443
15 21 162.68716
15 22 177.5878
15 23 110.5402
15 24 155.97395
15 25 159.16096
15 26 144.36162
15 27 171.66394
15 28 123.90154
15 29 192.2034
15 30 150.62051
15 31 144.18196
15 32 125.53474
15 33 185.74758
15 34 123.3945
15 35 126.98415
15 36 205.81486
15 37 194.62589
15 38 168.074
15 39 154.77707
15 40 130.6037
15 41 120.94993
15 42 143.85486
15 43 170.7794
15 44 157.47207
15 45 154.77935
15 46 131.77165
15 47 183.2102
15 48 149.87869
15 49 185.6789
15 50 126.14618
15 51 187.46914
15 52 161.04315
15 53 118.86737
15 54 182.25491
15 55 117.07553
15 56 130.42767
15 57 198.48854
15 58 138.37956
15 59 128.31402
15 60 163.12688
15 61 163.95382
15 62 166.04159
15 63 157.00294
15 64 152.51414
15 65 112.57705
15 66 105.34118
15 67 151.00493
15 68 136.34843
15 69 128.90664
15 70 167.99739
15 71 118.53477
15 72 153.50184
15 73 178.44747
15 74 180.70353
15 75 156.16701
15 76 141.66317
15 77 184.5235
15 78 168.59716
15 79 174.66658
15 80 148.19374
15 81 157.66213
15 82 156.66451
15 83 182.27781
15 84 156.05665
15 85 144.30902
15 86 155.34772
15 87 136.04115
15 88 134.86187
15 89 111.84678
15 90 135.80618
15 91 184.82203
15 92 163.46586
15 93 150.36687
15 94 120.52858
15 95 177.82132
15 96 174.55236
15 97 173.63515
15 98 153.62626
15 99 175.44332
16 17 148.72976
16 18 163.31494
16 19 140.73177
16 20 136.70739
16 21 126.03098
16 22 140.31949
16 23 150.9447
16 24 115.50776
16 25 122.61302
16 26 122.23744
16 27 131.36811
16 28 159.60297
16 29 141.98372
16 30 135.54034
16 31 143.66457
16 32 162.80402
16 33 163.42698
16 34 147.02583
16 35 157.42987
16 36 157.18572
16 37 167.05972
16 38 148.73088
16 39 116.6947
16 40 133.3097
16 41 141.00847
16 42 149.99037
16 43 131.90559
16 44 107.18313
16 45 111.62175
16 46 143.20335
16 47 132.95608
16 48 113.34594
16 49 145.49044
16 50 124.56173
16 51 147.55356
16 52 147.48587
16 53 160.28294
16 54 147.74626
16 55 161.22139
16 56 166.12609
16 57 149.95207
16 58 163.39455
16 59 122.36217
16 60 159.04255
16 61 134.38976
16 62 119.5728
16 63 165.06628
16 64 112.11253
16 65 148.88213
16 66 145.21462
16 67 158.22296
16 68 144.68837
16 69 159.3737
16 70 128.86776
16 71 136.44336
16 72 144.11993
16 73 138.76421
16 74 132.07169
16 75 106.69791
16 76 160.9828
16 77 140.60808
16 78 118.66863
16 79 132.2913
16 80 141.77538
16 81 146.9073
16 82 136.44573
16 83 135.93821
16 84 146.63069
16 85 114.89207
16 86 162.89698
16 87 155.23199
16 88 116.07201
16 89 142.49648
16 90 149.70229
16 91 134.62276
16 92 141.00738
16 93 105.87963
16 94 166.04038
16 95 142.34787
16 96 124.54832
16 97 156.1347
16 98 150.37159
16 99 135.79813
17 18 134.95313
17 19 133.90795
17 20 115.96226
17 21 141.75313
17 22 151.73711
17 23 149.01973
17 24 162.66127
17 25 140.09924
17 26 127.81032
17 27 179.66101
17 28 124.68838
17 29 185.02762
17 30 121.1209
17 31 172.10483
17 32 127.03039
17 33 149.41065
17 34 157.95859
17 35 119.44294
17 36 203.13712
17 37 159.70113
17 38 133.20684
17 39 139.94332
17 40 117.17563
17 41 152.33781
17 42 104.39782
17 43 148.27499
17 44 154.48767
17 45 159.34755
17 46 162.65818
17 47 173.60405
17 48 157.80085
17 49 194.07478
17 50 139.63493
17 51 161.67481
17 52 184.99104
17 53 130.51086
17 54 153.25898
17 55 133.71943
17 56 126.94358
17 57 196.3175
17 58 117.40903
17 59 140.0364
17 60 192.00796
17 61 136.99827
17 62 168.26793
17 63 190.5037
17 64 158.58765
17 65 127.29495
17 66 136.22043
17 67 183.57046
17 68 104.51121
17 69 119.79639
17 70 176.75683
17 71 145.95607
17 72 118.04558
17 73 154.37494
17 74 166.50319
17 75 150.5007
17 76 112.92094
17 77 189.30051
17 78 160.00767
17 79 154.06534
17 80 173.88794
17 81 182.64915
17 82 126.79448
17 83 184.2614
17 84 181.50931
17 85 134.23799
17 86 188.49827
17 87 171.40428
17 88 142.95376
17 89 144.52632
17 90 168.91917
17 91 178.45683
17 92 182.75678
17 93 144.38031
17 94 137.21729
17 95 150.52755
17 96 164.98376
17 97 136.85745
17 98 115.07763
17 99 184.09739
18 19 166.90118
18 20 147.06761
18 21 169.36291
18 22 182.64589
18 23 128.07453
18 24 171.69039
18 25 166.40433
18 26 151.17497
18 27 188.18769
18 28 110.82525
18 29 205.07219
18 30 152.54805
18 31 162.88387
18 32 110.0743
18 33 184.34392
18 34 141.74579
18 35 116.13422
18 36 220.2867
18 37 194.47082
18 38 167.72451
18 39 163.38772
18 40 134.93046
18 41 139.6528
18 42 139.08694
18 43 177.1574
18 44 170.46338
18 45 169.87668
18 46 150.43131
18 47 195.05336
18 48 165.62711
18 49 202.5507
18 50 141.27959
18 51 192.80036
18 52 179.7125
18 53 104.45591
18 54 185.80667
18 55 102.096
18 56 114.19757
18 57 212.98861
18 58 125.85369
18 59 143.20282
18 60 181.68625
18 61 167.97411
18 62 180.96636
18 63 174.7689
18 64 167.90796
18 65 114.45136
18 66 121.24559
18 67 169.12552
18 68 133.81501
18 69 116.87302
18 70 184.6022
18 71 136.70068
18 72 152.38543
18 73 184.37834
18 74 190.82521
18 75 168.19987
18 76 131.11806
18 77 200.57556
18 78 180.28734
18 79 182.01997
18 80 166.87688
18 81 176.35424
18 82 158.85331
18 83 197.59022
18 84 174.75516
18 85 153.6848
18 86 173.24556
18 87 153.65449
18 88 149.46589
18 89 130.43833
18 90 154.10651
18 91 197.77813
18 92 181.7906
18 93 161.8659
18 94 102.79103
18 95 182.16616
18 96 186.13716
18 97 171.79525
18 98 149.99922
18 99 192.19094
19 20 119.87015
19 21 117.13379
19 22 118.86297
19 23 171.67141
19 24 155.92396
19 25 119.0541
19 26 123.74269
19 27 169.4993
19 28 157.6668
19 29 161.32382
19 30 114.52879
19 31 180.68395
19 32 160.36817
19 33 123.48255
19 34 175.24617
19 35 152.76731
19 36 180.85792
19 37 130.16345
19 38 108.46595
19 39 124.19358
19 40 134.35991
19 41 168.61817
19 42 131.17204
19 43 118.79958
19 44 142.2639
19 45 151.96732
19 46 175.80267
19 47 149.70435
19 48 153.94569
19 49 181.77178
19 50 150.20372
19 51 128.21864
19 52 187.69624
19 53 162.508
19 54 119.35104
19 55 165.28676
19 56 160.78518
19 57 175.11823
19 58 150.75908
19 59 149.0255
19 60 198.35683
19 61 107.39649
19 62 155.86181
19 63 201.887
19 64 152.82232
19 65 155.47341
19 66 160.09651
19 67 194.72447
19 68 133.48526
19 69 153.46555
19 70 167.87637
19 71 162.01033
19 72 116.32922
19 73 122.3176
19 74 140.11917
19 75 137.6307
19 76 145.11896
19 77 174.6685
19 78 140.31428
19 79 124.82781
19 80 180.16323
19 81 186.67872
19 82 108.30046
19 83 168.1128
19 84 186.15161
19 85 129.24496
19 86 199.7023
19 87 187.16391
19 88 147.08049
19 89 164.39467
19 90 182.78585
19 91 156.37461
19 92 181.72315
19 93 134.86495
19 94 169.46759
19 95 117.03333
19 96 142.95197
19 97 115.60814
19 98 122.54916
19 99 173.6327
20 21 125.81038
20 22 136.33492
20 23 153.45438
20 24 151.81451
20 25 124.34276
20 26 114.47213
20 27 168.06525
20 28 138.10005
20 29 169.78952
20 30 105.54162
20 31 168.52223
20 32 140.93096
20 33 140.0089
20 34 159.0141
20 35 133.41917
20 36 188.3333
20 37 148.82376
20 38 122.25355
20 39 124.9888
20 40 115.53392
20 41 152.61031
20 42 115.01321
20 43 132.36772
20 44 141.39071
20 45 148.12376
20 46 161.34425
20 47 158.21974
20 48 147.88542
20 49 182.00526
20 50 135.81816
20 51 146.4239
20 52 178.7868
20 53 142.69455
20 54 138.79584
20 55 145.43003
20 56 141.83815
20 57 181.70979
20 58 133.3578
20 59 135.31971
20 60 187.67745
20 61 121.47873
20 62 155.631
20 63 188.74727
20 64 147.94437
20 65 135.74093
20 66 141.27139
20 67 181.58483
20 68 114.22855
20 69 134.36112
20 70 165.54983
20 71 145.86395
20 72 109.06175
20 73 138.7044
20 74 150.71491
20 75 137.00216
20 76 128.67846
20 77 176.40885
20 78 145.17822
20 79 138.11235
20 80 169.16739
20 81 177.02354
20 82 111.79967
20 83 170.83671
20 84 176.15507
20 85 121.85294
20 86 186.61659
20 87 171.80981
20 88 135.8018
20 89 146.90584
20 90 168.16956
20 91 163.46819
20 92 174.82193
20 93 131.50999
20 94 149.65983
20 95 135.45354
20 96 149.80396
20 97 128.25571
20 98 113.86563
20 99 172.48753
21 22 115.66532
21 23 167.15882
21 24 140.29096
21 25 103.88925
21 26 118.48733
21 27 152.74561
21 28 161.92322
21 29 145.45835
21 30 121.10159
21 31 168.83823
21 32 164.99641
21 33 137.90431
21 34 167.61403
21 35 157.85295
21 36 164.73124
21 37 141.03155
21 38 125.59182
21 39 109.95343
21 40 134.43718
21 41 161.017
21 42 140.60367
21 43 108.09405
21 44 126.00821
21 45 136.38759
21 46 166.17169
21 47 133.72734
21 48 139.32456
21 49 164.70273
21 50 142.18255
21 51 124.96557
21 52 173.49332
21 53 165.30406
21 54 122.27415
21 55 167.46515
21 56 166.64841
21 57 158.66137
21 58 159.10581
21 59 140.46103
21 60 185.0263
21 61 109.7717
21 62 139.03451
21 63 190.31847
21 64 137.66807
21 65 155.94619
21 66 157.40737
21 67 183.30416
21 68 139.50993
21 69 159.13206
21 70 151.35241
21 71 154.95904
21 72 128.21091
21 73 115.80686
21 74 125.20044
21 75 121.58453
21 76 154.47555
21 77 157.53627
21 78 123.21165
21 79 112.72254
21 80 167.46379
21 81 172.93262
21 82 117.38468
21 83 150.98711
21 84 172.62848
21 85 119.46274
21 86 188.13094
21 87 178.08252
21 88 136.58265
21 89 159.02684
21 90 173.06117
21 91 139.92455
21 92 166.61212
21 93 120.56232
21 94 172.11858
21 95 116.96556
21 96 126.24574
21 97 132.52952
21 98 135.38445
21 99 156.78584
22 23 182.56286
22 24 153.07543
22 25 119.5465
22 26 133.25369
22 27 162.8343
22 28 174.28131
22 29 146.50547
22 30 130.83621
22 31 183.81739
22 32 177.18862
22 33 129.08137
22 34 183.27929
22 35 169.72823
22 36 166.00939
22 37 128.44971
22 38 124.77178
22 39 125.42552
22 40 148.15819
22 41 176.68156
22 42 149.47895
22 43 108.41585
22 44 138.52271
22 45 149.38058
22 46 181.70375
22 47 135.67748
22 48 153.193
22 49 172.84385
22 50 157.84148
22 51 110.15682
22 52 187.11689
22 53 178.40307
22 54 107.84763
22 55 180.8572
22 56 178.16615
22 57 161.13947
22 58 168.96968
22 59 156.12635
22 60 199.1712
22 61 114.85748
22 62 149.34019
22 63 205.28208
22 64 151.09789
22 65 169.91366
22 66 172.37798
22 67 198.35063
22 68 150.55485
22 69 170.69581
22 70 162.16827
22 71 170.60075
22 72 134.93955
22 73 104.1504
22 74 125.22744
22 75 134.7673
22 76 163.56862
22 77 164.78292
22 78 131.2608
22 79 110.45381
22 80 182.09417
22 81 186.90418
22 82 124.94337
22 83 157.76197
22 84 186.75172
22 85 135.10656
22 86 203.10305
22 87 193.6542
22 88 152.14499
22 89 174.52432
22 90 188.55802
22 91 143.03144
22 92 179.45388
22 93 135.37405
22 94 185.33743
22 95 103.15502
22 96 131.3707
22 97 129.22173
22 98 141.39748
22 99 166.41391
23 24 153.59332
23 25 163.42451
23 26 149.5117
23 27 167.91757
23 28 134.37115
23 29 191.7998
23 30 157.77256
23 31 135.77101
23 32 135.83956
23 33 193.43698
23 34 113.85631
23 35 137.51979
23 36 203.83135
23 37 201.73051
23 38 175.64308
23 39 158.38313
23 40 137.9218
23 41 113.72604
23 42 153.31428
23 43 175.1967
23 44 157.75838
23 45 153.13504
23 46 123.11245
23 47 183.77585
23 48 147.68283
23 49 181.2777
23 50 126.55329
23 51 192.12427
23 52 153.12812
23 53 128.98438
23 54 187.89672
23 55 126.74658
23 56 140.71465
23 57 196.5575
23 58 148.91148
23 59 128.70877
23 60 153.8312
23 61 169.763
23 62 164.24256
23 63 146.79017
23 64 150.62611
23 65 122.87716
23 66 112.80555
23 67 141.05127
23 68 145.53111
23 69 139.44671
23 70 164.21434
23 71 114.89505
23 72 161.67891
23 73 182.9416
23 74 182.57825
23 75 157.29972
23 76 152.06803
23 77 181.15096
23 78 169.60246
23 79 178.43637
23 80 140.30019
23 81 149.56707
23 82 163.50706
23 83 179.7536
23 84 147.88468
23 85 147.93616
23 86 145.21517
23 87 125.71454
23 88 134.87581
23 89 108.48116
23 90 126.08378
23 91 184.46107
23 92 156.81372
23 93 152.16647
23 94 129.38631
23 95 183.15475
23 96 175.49286
23 97 181.6459
23 98 162.5643
23 99 171.34321
24 25 137.26657
24 26 137.43063
24 27 117.22837
24 28 169.93849
24 29 139.66281
24 30 150.96871
24 31 135.15926
24 32 173.02597
24 33 178.1496
24 34 145.7384
24 35 168.65542
24 36 150.24055
24 37 180.88639
24 38 164.05863
24 39 131.73156
24 40 146.20174
24 41 141.0953
24 42 164.38671
24 43 144.87889
24 44 114.56694
24 45 103.95678
24 46 139.11132
24 47 134.48525
24 48 106.10381
24 49 131.8655
24 50 130.42764
24 51 158.76189
24 52 134.2454
24 53 169.34695
24 54 160.82653
24 55 169.61751
24 56 176.89152
24 57 142.96445
24 58 176.00418
24 59 128.49011
24 60 146.85564
24 61 149.28542
24 62 110.92762
24 63 155.3672
24 64 104.10577
24 65 157.74928
24 66 151.46233
24 67 149.16152
24 68 158.39038
24 69 170.75259
24 70 114.11334
24 71 138.79963
24 72 159.5124
24 73 150.76493
24 74 138.14546
24 75 118.71899
24 76 174.33142
24 77 128.89449
24 78 124.46983
24 79 143.72005
24 80 131.74055
24 81 134.47834
24 82 151.93848
24 83 126.32663
24 84 134.61794
24 85 129.99645
24 86 153.30709
24 87 150.31044
24 88 122.40879
24 89 145.80329
24 90 144.39369
24 91 132.70964
24 92 126.43224
24 93 121.32127
24 94 174.252
24 95 155.50386
24 96 128.67622
24 97 171.43591
24 98 165.60159
24 99 121.60249
25 26 115.26719
25 27 150.44542
25 28 159.30282
25 29 145.75169
25 30 120.16992
25 31 165.08396
25 32 162.41774
25 33 140.915
25 34 163.73463
25 35 155.41468
25 36 164.71831
25 37 144.57849
25 38 127.46698
25 39 106.16667
25 40 131.49802
25 41 157.14203
25 42 139.33218
25 43 111.77434
25 44 123.27682
25 45 133.32896
25 46 162.29348
25 47 134.07557
25 48 135.95454
25 49 162.86802
25 50 138.31708
25 51 128.72461
25 52 170.09463
25 53 162.42028
25 54 126.12365
25 55 164.47459
25 56 164.28199
25 57 158.40145
25 58 157.30779
25 59 136.58297
25 60 181.47464
25 61 112.05786
25 62 136.82029
25 63 186.55864
25 64 134.45279
25 65 152.7861
25 66 153.86076
25 67 179.52707
25 68 137.5259
25 69 156.78955
25 70 148.84842
25 71 151.10742
25 72 127.96396
25 73 119.52042
25 74 126.40475
25 75 118.69893
25 76 152.95594
25 77 156.00654
25 78 122.21667
25 79 115.686
25 80 163.80087
25 81 169.4402
25 82 117.565
25 83 149.65877
25 84 169.09552
25 85 115.62259
25 86 184.36983
25 87 174.19795
25 88 132.7026
25 89 155.25361
25 90 169.18844
25 91 139.79581
25 92 163.44537
25 93 116.98968
25 94 169.17436
25 95 120.83753
25 96 126.01839
25 97 134.65512
25 98 135.11471
25 99 154.58781
26 27 153.59318
26 28 144.41218
26 29 157.5338
26 30 113.88262
26 31 157.35369
26 32 147.57443
26 33 147.10958
26 34 151.75098
26 35 140.83289
26 36 175.36329
26 37 153.6325
26 38 130.10276
26 39 112.75308
26 40 116.35081
26 41 145.09877
26 42 128.33995
26 43 126.53109
26 44 127.09532
26 45 133.69567
26 46 152.06097
26 47 146.34534
26 48 133.77541
26 49 167.56766
26 50 126.49878
26 51 143.10887
26 52 165.87733
26 53 147.23996
26 54 138.39098
26 55 149.23169
26 56 149.77263
26 57 168.51276
26 58 144.12164
26 59 125.28309
26 60 175.67517
26 61 120.40198
26 62 141.25104
26 63 178.36277
26 64 133.62432
26 65 137.52316
26 66 139.13125
26 67 171.18357
26 68 124.35583
26 69 142.37405
26 70 151.09121
26 71 138.60068
26 72 122.20692
26 73 134.12875
26 74 140.36475
26 75 122.86338
26 76 140.62202
26 77 162.13101
26 78 132.32679
26 79 130.94586
26 80 157.25383
26 81 164.44189
26 82 116.78401
26 83 156.75419
26 84 163.73657
26 85 107.43602
26 86 176.18569
26 87 163.44975
26 88 123.71923
26 89 141.69938
26 90 159.04363
26 91 150.79397
26 92 161.1628
26 93 117.0984
26 94 153.9509
26 95 133.66732
26 96 137.53986
26 97 137.34253
26 98 128.17619
26 99 158.01604
27 28 186.9574
27 29 134.17296
27 30 166.62368
27 31 141.77162
27 32 190.01075
27 33 190.24984
27 34 157.99276
27 35 185.81653
27 36 138.11295
27 37 191.28138
27 38 177.90099
27 39 145.79456
27 40 163.37605
27 41 154.57138
27 42 181.19893
27 43 155.40471
27 44 127.47092
27 45 120.31546
27 46 149.74377
27 47 134.45983
27 48 122.90761
27 49 114.64697
27 50 146.98265
27 51 166.27417
27 52 132.9096
27 53 186.06853
27 54 170.66055
27 55 186.13837
27 56 193.96789
27 57 131.45996
27 58 193.2292
27 59 145.18766
27 60 146.14937
27 61 162.37245
27 62 113.72945
27 63 158.15684
27 64 121.32756
27 65 174.50934
27 66 167.49334
27 67 153.37477
27 68 175.4485
27 69 187.9272
27 70 103.70326
27 71 153.6506
27 72 175.24032
27 73 159.7228
27 74 142.13513
27 75 132.1553
27 76 191.48593
27 77 113.38442
27 78 131.59538
27 79 152.56087
27 80 136.88717
27 81 134.94856
27 82 166.73186
27 83 114.48988
27 84 135.90502
27 85 146.25817
27 86 156.4165
27 87 159.20429
27 88 139.40443
27 89 160.76495
27 90 153.40157
27 91 129.24972
27 92 122.75994
27 93 136.67822
27 94 190.67446
27 95 165.66997
27 96 132.89938
27 97 185.09467
27 98 181.66213
27 99 104.44202
28 29 200.48268
28 30 143.6412
28 31 166.64247
28 32 103.22203
28 33 174.05511
28 34 147.07829
28 35 105.37508
28 36 216.75731
28 37 184.38827
28 38 157.81087
28 39 157.05601
28 40 128.15111
28 41 143.61063
28 42 128.65028
28 43 169.4264
28 44 166.55436
28 45 167.61124
28 46 154.76506
28 47 189.90852
28 48 164.06131
28 49 201.55363
28 50 140.33662
28 51 184.41927
28 52 182.61388
28 53 106.79585
28 54 176.84848
28 55 110.22626
28 56 107.23263
28 57 209.54689
28 58 115.50758
28 59 141.92037
28 60 186.19287
28 61 159.45261
28 62 178.30879
28 63 180.84084
28 64 165.95477
28 65 113.5138
28 66 124.07565
28 67 174.69732
28 68 124.19523
28 69 106.10894
28 70 183.51613
28 71 139.19373
28 72 142.51644
28 73 176.34254
28 74 184.7186
28 75 163.70827
28 76 120.38685
28 77 198.68356
28 78 175.28923
28 79 174.64526
28 80 170.03534
28 81 179.50704
28 82 149.86414
28 83 195.01938
28 84 178.01885
28 85 148.1407
28 86 179.14364
28 87 159.93581
28 88 147.56237
28 89 134.19519
28 90 159.43215
28 91 193.33715
28 92 183.38642
28 93 157.23562
28 94 112.71674
28 95 173.53571
28 96 180.96585
28 97 161.50341
28 98 139.58913
28 99 191.16265
29 30 165.91477
29 31 173.59219
29 32 203.70464
29 33 175.37935
29 34 185.2302
29 35 197.63359
29 36 119.60514
29 37 172.34011
29 38 169.24781
29 39 145.0857
29 40 172.74035
29 41 180.19201
29 42 184.78304
29 43 142.7015
29 44 134.80456
29 45 139.04941
29 46 178.75988
29 47 111.73104
29 48 144.84625
29 49 135.22061
29 50 166.14115
29 51 144.6507
29 52 167.01259
29 53 201.83505
29 54 153.00335
29 55 202.98708
29 56 206.54629
29 57 114.87771
29 58 201.65421
29 59 163.94772
29 60 180.29417
29 61 154.20427
29 62 128.82612
29 63 191.81494
29 64 141.70613
29 65 190.6215
29 66 187.13824
29 67 186.51542
29 68 181.84491
29 69 199.37391
29 70 136.40006
29 71 176.92946
29 72 173.58286
29 73 142.39859
29 74 121.45714
29 75 136.89829
29 76 197.9423
29 77 126.63388
29 78 125.30736
29 79 137.06424
29 80 169.31467
29 81 168.82663
29 82 162.83643
29 83 120.70779
29 84 169.62995
29 85 152.47678
29 86 189.9667
29 87 189.76136
29 88 157.42594
29 89 183.54767
29 90 183.82785
29 91 107.38184
29 92 156.9112
29 93 143.31295
29 94 207.82469
29 95 149.64631
29 96 120.04396
29 97 175.01667
29 98 180.75957
29 99 134.91453
30 31 170.45633
30 32 146.47104
30 33 135.79755
30 34 162.46127
30 35 138.95218
30 36 184.77292
30 37 144.04651
30 38 118.0266
30 39 121.92283
30 40 120.0353
30 41 155.93744
30 42 119.54884
30 43 127.18774
30 44 139.42246
30 45 147.14315
30 46 164.09149
30 47 154.24545
30 48 147.58296
30 49 180.2057
30 50 138.33638
30 51 140.9056
30 52 179.67014
30 53 148.18942
30 54 133.27708
30 55 150.88684
30 56 147.33095
30 57 178.32086
30 58 138.51632
30 59 137.55079
30 60 189.1832
30 61 115.99223
30 62 153.73018
30 63 191.10684
30 64 147.27431
30 65 140.94517
30 66 145.87948
30 67 183.92242
30 68 119.72184
30 69 139.86857
30 70 164.33752
30 71 149.21456
30 72 108.61795
30 73 133.29868
30 74 146.25525
30 75 134.8526
30 76 133.55251
30 77 174.1771
30 78 141.83243
30 79 133.05988
30 80 170.69704
30 81 178.14246
30 82 106.31296
30 83 168.31354
30 84 177.38304
30 85 121.17794
30 86 188.9507
30 87 174.94501
30 88 137.08875
30 89 150.85966
30 90 171.00655
30 91 159.84648
30 92 175.04372
30 93 129.96859
30 94 155.15551
30 95 129.91493
30 96 146.08756
30 97 124.68294
30 98 115.36983
30 99 171.00074
31 32 168.89217
31 33 204.16387
31 34 122.16825
31 35 168.12045
31 36 179.87094
31 37 209.43029
31 38 187.45492
31 39 158.91887
31 40 155.69163
31 41 123.26462
31 42 175.54758
31 43 175.41164
31 44 147.33083
31 45 137.43961
31 46 112.65919
31 47 169.59129
31 48 132.04823
31 49 151.90289
31 50 132.97421
31 51 191.20265
31 52 117.51331
31 53 162.73925
31 54 191.02537
31 55 161.24023
31 56 173.70951
31 57 173.20757
31 58 178.69804
31 59 133.22476
31 60 119.995
31 61 175.719
31 62 145.15943
31 63 121.48213
31 64 134.93623
31 65 153.24205
31 66 142.63092
31 67 114.55845
31 68 167.68316
31 69 170.31587
31 70 138.50014
31 71 127.63404
31 72 177.5614
31 73 182.42029
31 74 172.96191
31 75 149.85699
31 76 179.87552
31 77 154.70755
31 78 158.99026
31 79 175.92279
31 80 105.37451
31 81 113.85214
31 82 174.13751
31 83 156.02119
31 84 112.14013
31 85 151.46408
31 86 119.29667
31 87 117.86479
31 88 133.65505
31 89 132.64871
31 90 112.56264
31 91 167.13312
31 92 123.38499
31 93 148.45399
31 94 164.59447
31 95 185.64634
31 96 163.6839
31 97 194.68146
31 98 181.44814
31 99 143.68444
32 33 176.22105
32 34 148.89065
32 35 107.6231
32 36 219.96535
32 37 186.6809
32 38 160.23312
32 39 160.23576
32 40 131.34006
32 41 145.7406
32 42 130.82039
32 43 172.45169
32 44 169.76437
32 45 170.7376
32 46 156.85408
32 47 193.12497
32 48 167.12631
32 49 204.59271
32 50 143.2872
32 51 187.3143
32 52 185.06653
32 53 107.03926
32 54 179.60807
32 55 110.11872
32 56 104.89374
32 57 212.75134
32 58 115.82213
32 59 144.91493
32 60 188.30395
32 61 162.34396
32 62 181.46814
32 63 182.53193
32 64 169.05544
32 65 116.1137
32 66 126.26131
32 67 176.52016
32 68 126.88767
32 69 107.46689
32 70 186.55313
32 71 141.60403
32 72 144.99977
32 73 179.31152
32 74 187.89877
32 75 166.9288
32 76 121.32297
32 77 201.7997
32 78 178.50948
32 79 177.71564
32 80 172.4176
32 81 181.90578
32 82 152.65582
32 83 198.18031
32 84 180.39298
32 85 151.3572
32 86 180.88246
32 87 161.5262
32 88 150.63335
32 89 136.30743
32 90 161.28873
32 91 196.55893
32 92 186.07261
32 93 160.45669
32 94 111.34412
32 95 176.38424
32 96 184.18283
32 97 163.68473
32 98 141.72889
32 99 194.19906
33 34 198.12686
33 35 168.74181
33 36 194.73345
33 37 111.27748
33 38 117.80148
33 39 146.73428
33 40 155.52333
33 41 191.55038
33 42 145.41727
33 43 135.11891
33 44 163.9094
33 45 174.22435
33 46 199.12803
33 47 164.74507
33 48 176.76251
33 49 201.26577
33 50 173.42457
33 51 132.11403
33 52 210.77846
33 53 179.89327
33 54 122.45663
33 55 183.04265
33 56 175.34774
33 57 190.11828
33 58 163.30677
33 59 172.34482
33 60 221.69827
33 61 129.04802
33 62 176.53039
33 63 225.36532
33 64 175.36137
33 65 174.98551
33 66 181.26708
33 67 218.20017
33 68 150.81721
33 69 168.80496
33 70 189.08747
33 71 184.86455
33 72 132.4339
33 73 133.07905
33 74 154.27424
33 75 159.47483
33 76 157.0242
33 77 193.45341
33 78 159.2356
33 79 139.31339
33 80 203.58241
33 81 209.90549
33 82 130.64677
33 83 186.51404
33 84 209.43463
33 85 152.71117
33 86 223.18128
33 87 210.3411
33 88 170.56168
33 89 186.65338
33 90 206.10264
33 91 172.11243
33 92 204.35641
33 93 157.65167
33 94 186.62792
33 95 125.93156
33 96 160.16994
33 97 112.55373
33 98 134.49246
33 99 194.11908
34 35 149.54355
34 36 195.26124
34 37 205.33479
34 38 180.45677
34 39 158.02035
34 40 143.96461
34 41 106.65652
34 42 161.99076
34 43 175.31549
34 44 153.05085
34 45 146.21628
34 46 109.61669
34 47 178.5571
34 48 140.38734
34 49 170.43836
34 50 125.50528
34 51 192.17945
34 52 139.65805
34 53 142.25901
34 54 189.46795
34 55 140.29724
34 56 153.78365
34 57 188.13598
34 58 160.75177
34 59 127.15346
34 60 139.99424
34 61 172.03594
34 62 156.66475
34 63 133.82648
34 64 143.53978
34 65 134.41256
34 66 123.40247
34 67 127.63203
34 68 153.94932
34 69 151.61835
34 70 154.33894
34 71 113.26244
34 72 167.84825
34 73 182.9649
34 74 179.06176
34 75 153.70973
34 76 163.11881
34 77 171.37661
34 78 165.33397
34 79 177.56537
34 80 126.97801
34 81 136.01975
34 82 167.51895
34 83 170.93519
34 84 134.30721
34 85 148.22451
34 86 132.08092
34 87 113.48197
34 88 131.74001
34 89 113.62404
34 90 112.41227
34 91 178.08299
34 92 144.22617
34 93 149.74223
34 94 143.18141
34 95 184.37525
34 96 170.95824
34 97 187.07425
34 98 170.02575
34 99 160.96825
35 36 214.37197
35 37 179.13135
35 38 152.63082
35 39 153.57161
35 40 124.90721
35 41 145.49421
35 42 123.32521
35 43 165.18245
35 44 164.21697
35 45 166.09114
35 46 156.64894
35 47 186.82821
35 48 162.92656
35 49 200.45817
35 50 139.91118
35 51 179.83651
35 52 183.55005
35 53 111.91442
35 54 172.02818
35 55 115.34375
35 56 108.94919
35 57 207.22462
35 58 111.40005
35 59 141.28132
35 60 187.9078
35 61 154.87316
35 62 176.51143
35 63 183.36665
35 64 164.60672
35 65 115.14963
35 66 126.16492
35 67 177.0078
35 68 119.30334
35 69 102.227
35 70 182.46689
35 71 140.48977
35 72 137.38213
35 73 171.93408
35 74 181.19361
35 75 161.10086
35 76 115.46049
35 77 197.1587
35 78 172.34848
35 79 170.55115
35 80 171.18894
35 81 180.58761
35 82 145.10317
35 83 193.1761
35 84 179.16427
35 85 145.15753
35 86 181.59111
35 87 162.70281
35 88 146.48473
35 89 136.22696
35 90 161.74148
35 91 190.58536
35 92 183.66967
35 93 154.61861
35 94 118.09128
35 95 168.86501
35 96 177.91061
35 97 156.194
35 98 134.25965
35 99 190.09938
36 37 191.1244
36 38 188.83224
36 39 163.37266
36 40 189.71499
36 41 191.13013
36 42 203.22528
36 43 162.2915
36 44 150.20577
36 45 151.04674
36 46 187.51063
36 47 131.15556
36 48 156.20849
36 49 131.05473
36 50 179.76656
36 51 163.46764
36 52 169.26353
36 53 217.40378
36 54 172.29386
36 55 218.19079
36 56 223.17013
36 57 107.32761
36 58 219.30427
36 59 177.65546
36 60 181.81882
36 61 173.68293
36 62 139.78655
36 63 195.09531
36 64 153.39008
36 65 205.91927
36 66 201.04815
36 67 190.93312
36 68 199.69462
36 69 216.23608
36 70 141.50847
36 71 189.03382
36 72 192.67196
36 73 161.88221
36 74 141.05877
36 75 153.3283
36 76 215.98397
36 77 125.41749
36 78 143.18162
36 79 156.66829
36 80 174.91712
36 81 171.92333
36 82 182.04923
36 83 124.33067
36 84 173.11824
36 85 169.59196
36 86 193.53129
36 87 197.29721
36 88 171.15419
36 89 196.00922
36 90 191.4695
36 91 124.92877
36 92 159.22528
36 93 159.79192
36 94 222.97253
36 95 169.13745
36 96 138.70241
36 97 194.62056
36 98 199.83124
36 99 136.46552
37 38 126.84547
37 39 150.71183
37 40 164.07727
37 41 198.69307
37 42 155.87734
37 43 136.14568
37 44 166.34522
37 45 177.07017
37 46 205.48836
37 47 162.63253
37 48 180.32499
37 49 201.08791
37 50 180.11978
37 51 127.70052
37 52 214.48797
37 53 190.01507
37 54 120.65058
37 55 193.07797
37 56 186.04075
37 57 187.21778
37 58 174.21527
37 59 178.81724
37 60 226.04418
37 61 133.80155
37 62 177.75539
37 63 230.84873
37 64 178.54347
37 65 184.40228
37 66 189.92527
37 67 223.74955
37 68 160.71067
37 69 179.3219
37 70 190.56356
37 71 192.1225
37 72 142.13035
37 73 131.77329
37 74 152.2348
37 75 162.24094
37 76 167.96224
37 77 192.87043
37 78 159.70974
37 79 138.81344
37 80 208.34458
37 81 213.96412
37 82 138.2278
37 83 185.79433
37 84 213.65386
37 85 158.26447
37 86 228.65765
37 87 217.03635
37 88 176.24636
37 89 194.54552
37 90 212.46997
37 91 170.112
37 92 207.31683
37 93 161.55575
37 94 196.83798
37 95 125.64296
37 96 159.5206
37 97 123.21077
37 98 145.04967
37 99 194.85772
38 39 132.39025
38 40 137.73995
38 41 173.90999
38 42 129.66849
38 43 126.54749
38 44 150.5935
38 45 160.10385
38 46 181.78863
38 47 157.71982
38 48 161.8136
38 49 190.23544
38 50 156.02198
38 51 132.80355
38 52 195.27258
38 53 163.27188
38 54 122.67668
38 55 166.29173
38 56 159.96466
38 57 183.241
38 58 148.81521
38 59 155.06546
38 60 205.58456
38 61 115.83129
38 62 164.28718
38 63 208.43328
38 64 160.84321
38 65 157.59386
38 66 163.5246
38 67 201.2498
38 68 133.91907
38 69 152.98341
38 70 176.22191
38 71 167.20069
38 72 115.33924
38 73 128.68771
38 74 147.88566
38 75 145.93818
38 76 142.7692
38 77 183.12806
38 78 148.74624
38 79 132.35204
38 80 187.2453
38 81 194.09924
38 82 113.32474
38 83 176.555
38 84 193.4957
38 85 136.38176
38 86 206.2601
38 87 192.82705
38 88 153.80895
38 89 168.86221
38 90 188.74045
38 91 164.5322
38 92 189.62285
38 93 142.85125
38 94 170.13681
38 95 122.24097
38 96 151.23618
38 97 107.42041
38 98 119.35151
38 99 182.05454
39 40 128.9114
39 41 151.47135
39 42 139.854
39 43 117.30213
39 44 118.33266
39 45 127.77522
39 46 156.28529
39 47 133.72985
39 48 130.02869
39 49 158.80111
39 50 132.75267
39 51 134.17457
39 52 164.10203
39 53 159.5906
39 54 132.22541
39 55 161.39618
39 56 162.51532
39 57 156.72119
39 58 156.6702
39 59 130.92288
39 60 175.36945
39 61 117.69528
39 62 132.41446
39 63 180.39477
39 64 128.70099
39 65 149.38458
39 66 149.44111
39 67 173.36777
39 68 136.81363
39 69 155.12592
39 70 143.92806
39 71 145.59759
39 72 130.35916
39 73 124.95071
39 74 127.66304
39 75 113.64744
39 76 152.85664
39 77 152.42124
39 78 120.1968
39 79 120.05754
39 80 157.64627
39 81 163.37607
39 82 120.99932
39 83 146.42685
39 84 163.00437
39 85 110.50758
39 86 178.20621
39 87 168.22875
39 88 126.71956
39 89 150.08855
39 90 163.15484
39 91 138.56363
39 92 157.67637
39 93 110.93981
39 94 166.17635
39 95 126.90106
39 96 125.04186
39 97 139.7355
39 98 137.28848
39 99 150.05456
40 41 137.74468
40 42 120.04906
40 43 142.28165
40 44 139.77536
40 45 143.12322
40 46 147.20144
40 47 161.92849
40 48 141.04573
40 49 177.94095
40 50 122.81609
40 51 158.26367
40 52 167.94553
40 53 130.92247
40 54 152.11468
40 55 133.02802
40 56 133.84229
40 57 182.63479
40 58 130.09758
40 59 123.01
40 60 175.42626
40 61 133.86816
40 62 152.79728
40 63 174.97544
40 64 142.09797
40 65 121.7558
40 66 125.84972
40 67 167.89878
40 68 112.67874
40 69 126.63597
40 70 160.3082
40 71 131.04311
40 72 124.00252
40 73 149.6204
40 74 156.57106
40 75 136.38675
40 76 128.13573
40 77 173.76327
40 78 147.44631
40 79 147.09043
40 80 157.12301
40 81 165.70152
40 82 126.06574
40 83 169.24699
40 84 164.61632
40 85 120.26735
40 86 172.89926
40 87 157.046
40 88 125.80296
40 89 131.48003
40 90 153.8255
40 91 165.725
40 92 165.58196
40 93 129.93195
40 94 137.6921
40 95 147.99771
40 96 153.00607
40 97 143.76346
40 98 126.24295
40 99 167.78377
41 42 156.25563
41 43 168.75446
41 44 147.27736
41 45 141.15976
41 46 111.16885
41 47 173.03508
41 48 135.44483
41 49 167.69105
41 50 118.86895
41 51 185.64325
41 52 140.13425
41 53 139.48942
41 54 182.8299
41 55 137.98443
41 56 150.58966
41 57 183.91781
41 58 156.44394
41 59 120.56296
41 60 142.58361
41 61 165.37944
41 62 151.95331
41 63 138.40869
41 64 138.53321
41 65 130.40016
41 66 119.53515
41 67 131.72723
41 68 148.20205
41 69 147.64502
41 70 150.87451
41 71 106.7464
41 72 161.50443
41 73 176.42187
41 74 173.08004
41 75 147.65476
41 76 158.32751
41 77 167.88867
41 78 159.49695
41 79 171.11137
41 80 127.26925
41 81 136.72069
41 82 160.92562
41 83 166.88743
41 84 135.10849
41 85 141.60466
41 86 136.49562
41 87 119.304
41 88 125.41378
41 89 109.43317
41 90 116.66305
41 91 172.95496
41 92 143.19754
41 93 143.43355
41 94 141.43812
41 95 177.74949
41 96 165.21266
41 97 180.58244
41 98 163.92413
41 99 157.86245
42 43 146.64458
42 44 155.37757
42 45 160.93775
42 46 166.41451
42 47 173.2289
42 48 159.77754
42 49 195.47288
42 50 142.82153
42 51 159.25294
42 52 187.98105
42 53 134.6635
42 54 150.45741
42 55 137.91952
42 56 130.30071
42 57 196.53039
42 58 119.58705
42 59 143.0589
42 60 195.37548
42 61 134.96827
42 62 169.39254
42 63 194.27439
42 64 160.35553
42 65 131.69103
42 66 140.50931
42 67 187.2945
42 68 108.05374
42 69 123.4446
42 70 178.41779
42 71 149.79003
42 72 114.92088
42 73 152.34621
42 74 165.65945
42 75 151.20264
42 76 114.11813
42 77 190.368
42 78 160.04464
42 79 152.57982
42 80 177.13566
42 81 185.75048
42 82 124.65523
42 83 185.08841
42 84 184.66073
42 85 135.22326
42 86 192.24755
42 87 175.40484
42 88 145.50258
42 89 148.63672
42 90 172.77313
42 91 178.4029
42 92 185.35273
42 93 145.30084
42 94 141.28088
42 95 148.0565
42 96 164.77802
42 97 132.87184
42 98 110.93903
42 99 185.64095
43 44 130.31197
43 45 141.13268
43 46 173.46992
43 47 131.21516
43 48 144.82234
43 49 166.14714
43 50 149.98369
43 51 116.95885
43 52 178.81289
43 53 173.0417
43 54 115.97388
43 55 175.28674
43 56 173.87611
43 57 156.79998
43 58 165.68323
43 59 148.195
43 60 190.79608
43 61 112.20949
43 62 141.76106
43 63 196.87258
43 64 142.78184
43 65 163.89632
43 66 165.50114
43 67 189.94915
43 68 146.44369
43 69 166.35536
43 70 154.5088
43 71 162.80531
43 72 133.06281
43 73 107.74608
43 74 121.3609
43 75 126.43016
43 76 160.71572
43 77 158.3886
43 78 124.12669
43 79 106.12943
43 80 173.67937
43 81 178.54663
43 82 122.22518
43 83 151.50443
43 84 178.37511
43 85 127.36781
43 86 194.69433
43 87 185.45092
43 88 143.96779
43 89 167.02644
43 90 180.29494
43 91 138.17652
43 92 171.29849
43 93 126.98159
43 94 179.89875
43 95 110.62544
43 96 125.34198
43 97 132.49407
43 98 140.0531
43 99 159.15363
44 45 110.87364
44 46 148.42611
44 47 126.01782
44 48 115.36138
44 49 140.78324
44 50 131.5592
44 51 144.53666
44 52 148.65121
44 53 167.38749
44 54 146.26206
44 55 168.37103
44 56 172.98114
44 57 143.01871
44 58 169.73674
44 59 129.35629
44 60 160.97291
44 61 135.3265
44 62 114.30886
44 63 168.38215
44 64 112.80861
44 65 156.0225
44 66 152.36389
44 67 161.79122
44 68 150.62917
44 69 166.1168
44 70 125.63016
44 71 143.0951
44 72 148.02915
44 73 136.30838
44 74 126.2405
44 75 104.68582
44 76 167.00269
44 77 135.03892
44 78 112.30495
44 79 129.34981
44 80 144.74009
44 81 148.62418
44 82 139.26486
44 83 129.77377
44 84 148.60208
44 85 120.24969
44 86 166.2529
44 87 160.33058
44 88 122.93463
44 89 149.35157
44 90 154.62346
44 91 127.44074
44 92 140.9915
44 93 110.10772
44 94 173.19463
44 95 140.93692
44 96 117.93532
44 97 157.8694
44 98 154.65836
44 99 131.75888
45 46 140.24771
45 47 132.80664
45 48 105.87569
45 49 134.82118
45 50 128.83128
45 51 155.32841
45 52 137.77856
45 53 167.3473
45 54 157.09865
45 55 167.79079
45 56 174.47021
45 57 143.72384
45 58 173.08383
45 59 126.77758
45 60 150.17191
45 61 145.33932
45 62 111.26274
45 63 158.09285
45 64 102.69891
45 65 155.74831
45 66 150.07738
45 67 151.69646
45 68 155.1341
45 69 168.15344
45 70 117.49249
45 71 138.24675
45 72 155.70744
45 73 147.17749
45 74 135.5275
45 75 114.8458
45 76 171.20171
45 77 131.08581
45 78 121.60602
45 79 140.19255
45 80 134.4037
45 81 137.80635
45 82 148.01609
45 83 127.71916
45 84 137.83832
45 85 126.27498
45 86 155.99684
45 87 151.77689
45 88 120.41099
45 89 145.1033
45 90 145.91172
45 91 131.86756
45 92 130.26014
45 93 117.39672
45 94 172.48948
45 95 151.75656
45 96 126.27717
45 97 167.47988
45 98 161.87089
45 99 124.75005
46 47 173.03571
46 48 134.38324
46 49 161.58951
46 50 125.77309
46 51 190.01944
46 52 130.08428
46 53 150.50582
46 54 188.38995
46 55 148.84613
46 56 161.71515
46 57 180.51345
46 58 167.54712
46 59 126.78552
46 60 131.44997
46 61 171.75208
46 62 149.9455
46 63 127.85999
46 64 137.55241
46 65 141.56717
46 66 130.69371
46 67 120.92435
46 68 158.39128
46 69 158.80523
46 70 146.16509
46 71 116.77932
46 72 170.3769
46 73 180.91679
46 74 174.66641
46 75 149.85456
46 76 169.26243
46 77 163.09289
46 78 160.6816
46 79 174.99534
46 80 117.36295
46 81 126.47961
46 82 168.54889
46 83 163.21488
46 84 124.78485
46 85 147.34249
46 86 125.84054
46 87 112.0486
46 88 129.5917
46 89 120.57038
46 90 106.98534
46 91 171.81251
46 92 134.7224
46 93 146.87183
46 94 152.06235
46 95 183.13058
46 96 166.01254
46 97 188.7413
46 98 173.42303
46 99 152.42837
47 48 138.65615
47 49 140.04776
47 50 157.51274
47 51 135.28819
47 52 165.78444
47 53 191.6368
47 54 142.63288
47 55 192.98543
47 56 195.76928
47 57 125.61857
47 58 190.39782
47 59 155.31141
47 60 179.05993
47 61 142.53298
47 62 124.76199
47 63 189.223
47 64 135.49421
47 65 180.64368
47 66 178.01601
47 67 183.33983
47 68 170.54344
47 69 188.49948
47 70 135.58941
47 71 169.08489
47 72 161.86116
47 73 131.67184
47 74 110.48891
47 75 127.09378
47 76 186.52499
47 77 131.3685
47 78 114.77345
47 79 125.80068
47 80 165.8875
47 81 167.00145
47 82 151.10579
47 83 124.34363
47 84 167.52982
47 85 141.76784
47 86 187.23997
47 87 184.57372
47 88 148.93955
47 89 175.36756
47 90 178.6947
47 91 107.47974
47 92 156.12837
47 93 133.23591
47 94 197.82875
47 95 138.83226
47 96 108.9459
47 97 163.66567
47 98 169.03869
47 99 136.60125
48 49 137.53696
48 50 124.35142
48 51 159.75638
48 52 134.16907
48 53 163.33295
48 54 160.76782
48 55 163.55764
48 56 171.06114
48 57 148.91171
48 58 170.57925
48 59 122.44271
48 60 145.97826
48 61 147.71815
48 62 116.57222
48 63 153.02141
48 64 103.17691
48 65 151.74315
48 66 145.35856
48 67 146.45759
48 68 153.44728
48 69 165.04663
48 70 119.54601
48 71 132.83942
48 72 155.98225
48 73 151.3012
48 74 141.00259
48 75 118.45479
48 76 169.16165
48 77 134.94869
48 78 126.98389
48 79 144.49699
48 80 129.38296
48 81 133.73052
48 82 149.2063
48 83 132.40547
48 84 133.55949
48 85 126.40527
48 86 150.89399
48 87 145.96039
48 88 116.50017
48 89 139.80089
48 90 140.11389
48 91 137.70297
48 92 127.80948
48 93 119.12404
48 94 168.17824
48 95 155.37991
48 96 131.92141
48 97 169.23215
48 98 161.74739
48 99 127.17295
49 50 161.46008
49 51 174.66622
49 52 138.99583
49 53 200.53934
49 54 180.49398
49 55 200.51556
49 56 208.58354
49 57 126.26652
49 58 207.84717
49 59 159.71579
49 60 151.06089
49 61 174.46669
49 62 126.47672
49 63 164.79596
49 64 135.95784
49 65 189.00877
49 66 181.68611
49 67 161.26825
49 68 189.91109
49 69 202.5714
49 70 118.03974
49 71 167.41192
49 72 188.81122
49 73 169.32327
49 74 149.58038
49 75 145.37703
49 76 206.02079
49 77 108.75406
49 78 142.05458
49 79 162.39087
49 80 146.61987
49 81 142.00908
49 82 179.78982
49 83 115.70539
49 84 143.3888
49 85 160.34397
49 86 163.37889
49 87 169.75934
49 88 154.02228
49 89 174.50408
49 90 164.23548
49 91 133.12886
49 92 129.39474
49 93 150.49582
49 94 204.99726
49 95 175.85782
49 96 141.56802
49 97 197.23094
49 98 195.41954
49 99 110.39529
50 51 166.91265
50 52 145.42836
50 53 139.08804
50 54 163.96306
50 55 139.2136
50 56 147.49065
50 57 172.43912
50 58 148.92968
50 59 102.20295
50 60 152.618
50 61 146.61363
50 62 140.06033
50 63 152.93095
50 64 126.71883
50 65 127.54965
50 66 121.28191
50 67 145.7667
50 68 135.14242
50 69 142.11203
50 70 143.44248
50 71 112.85148
50 72 144.87956
50 73 157.68339
50 74 156.02513
50 75 130.78475
50 76 148.829
50 77 159.29945
50 78 143.14778
50 79 152.60238
50 80 134.3148
50 81 143.01725
50 82 142.80652
50 83 156.51169
50 84 141.87645
50 85 122.74444
50 86 150.79855
50 87 136.96023
50 88 108.72445
50 89 118.07215
50 90 132.71849
50 91 158.76037
50 92 144.11624
50 93 125.64277
50 94 143.82697
50 95 158.88168
50 96 149.07013
50 97 162.9708
50 98 148.49156
50 99 151.06995
51 52 193.00602
51 53 188.55973
51 54 110.50122
51 55 191.00812
51 56 188.22852
51 57 159.52768
51 58 178.80777
51 59 165.09736
51 60 205.49632
51 61 124.9704
51 62 153.37571
51 63 212.54918
51 64 157.34272
51 65 180.01417
51 66 182.22602
51 67 205.75949
51 68 160.62608
51 69 180.77388
51 70 166.14926
51 71 179.74535
51 72 144.52335
51 73 109.22982
51 74 125.13947
51 75 141.41486
51 76 173.28487
51 77 166.1979
51 78 135.1246
51 79 115.28845
51 80 189.06278
51 81 193.1345
51 82 134.90458
51 83 159.09276
51 84 193.1372
51 85 144.3266
51 86 210.38994
51 87 202.0429
51 88 160.67332
51 89 183.97691
51 90 196.76945
51 91 142.74558
51 92 184.71714
51 93 143.19677
51 94 195.49336
51 95 111.20221
51 96 133.48631
51 97 135.76853
51 98 150.68031
51 99 169.43432
52 53 179.22967
52 54 194.786
52 55 177.98019
52 56 189.79143
52 57 163.33844
52 58 193.60391
52 59 144.95861
52 60 113.3215
52 61 181.74042
52 62 141.31621
52 63 125.85505
52 64 136.0315
52 65 169.10297
52 66 158.94535
52 67 122.50408
52 68 180.48395
52 69 185.77295
52 70 130.67334
52 71 143.46413
52 72 187.55676
52 73 184.95498
52 74 171.49256
52 75 152.38695
52 76 194.0762
52 77 143.94617
52 78 158.39591
52 79 177.94758
52 80 112.8708
52 81 103.7675
52 82 182.26354
52 83 147.20101
52 84 105.51964
52 85 158.99524
52 86 124.38586
52 87 133.87935
52 88 143.02345
52 89 149.27946
52 90 129.47471
52 91 161.61405
52 92 110.19475
52 93 153.16243
52 94 181.56091
52 95 189.41729
52 96 161.85096
52 97 202.67771
52 98 192.38836
52 99 133.15262
53 54 181.46075
53 55 103.44017
53 56 111.80441
53 57 210.12834
53 58 122.23829
53 59 140.90234
53 60 181.92792
53 61 163.69189
53 62 178.32705
53 63 175.75345
53 64 165.48258
53 65 111.60271
53 66 120.29508
53 67 169.85145
53 68 129.36655
53 69 112.9015
53 70 182.52953
53 71 135.84986
53 72 147.93266
53 73 180.20287
53 74 187.12841
53 75 164.93678
53 76 127.17379
53 77 198.23573
53 78 176.89483
53 79 177.98986
53 80 166.47574
53 81 175.97417
53 82 154.48844
53 83 195.00782
53 84 174.42038
53 85 150.0736
53 86 174.14064
53 87 154.69803
53 88 146.98415
53 89 130.09201
53 90 154.67126
53 91 194.57955
53 92 180.75956
53 93 158.54423
53 94 106.9661
53 95 177.87371
53 96 182.70181
53 97 167.34574
53 98 145.56604
53 99 190.15298
54 55 184.11838
54 56 180.12285
54 57 167.79822
54 58 170.03384
54 59 162.36486
54 60 206.72698
54 61 118.30447
54 62 157.18417
54 63 212.5067
54 64 158.7546
54 65 173.74329
54 66 177.15763
54 67 205.52199
54 68 152.72551
54 69 172.77866
54 70 170.01451
54 71 176.57179
54 72 135.54863
54 73 111.18702
54 74 132.147
54 75 142.40085
54 76 164.28946
54 77 172.3452
54 78 139.07397
54 79 118.16348
54 80 189.47306
54 81 194.49778
54 82 126.99912
54 83 165.29185
54 84 194.30571
54 85 141.27834
54 86 210.32201
54 87 200.25716
54 88 158.80077
54 89 180.06619
54 90 195.2989
54 91 150.07507
54 92 187.22937
54 93 142.59625
54 94 188.42658
54 95 105.39849
54 96 138.94575
54 97 125.27111
54 98 141.22919
54 99 174.21186
55 56 114.63383
55 57 210.89285
55 58 125.61415
55 59 141.12826
55 60 180.17114
55 61 166.22258
55 62 178.87573
55 63 173.51927
55 64 165.82845
55 65 112.36574
55 66 119.33965
55 67 167.77475
55 68 132.37393
55 69 116.33482
55 70 182.55782
55 71 134.84973
55 72 150.95966
55 73 182.5415
55 74 188.80429
55 75 166.11874
55 76 130.61043
55 77 198.50526
55 78 178.2177
55 79 180.10624
55 80 165.16203
55 81 174.64888
55 82 157.19767
55 83 195.50289
55 84 173.06187
55 85 151.65269
55 86 171.96049
55 87 152.41656
55 88 147.38046
55 89 128.70308
55 90 152.68828
55 91 195.69075
55 92 179.92444
55 93 159.79071
55 94 104.84363
55 95 180.42061
55 96 184.07215
55 97 170.50445
55 98 148.79297
55 99 190.15154
56 57 215.99973
56 58 112.92766
56 59 149.03301
56 60 193.16344
56 61 163.31414
56 62 185.04827
56 63 187.42243
56 64 172.88104
56 65 120.71801
56 66 131.08469
56 67 181.41356
56 68 127.61184
56 69 107.52182
56 70 190.55386
56 71 146.34523
56 72 144.96781
56 73 180.5011
56 74 190.12799
56 75 169.94844
56 76 119.0118
56 77 205.55591
56 78 181.27107
56 79 179.32284
56 80 177.17928
56 81 186.66008
56 82 153.36423
56 83 201.74332
56 84 185.15949
56 85 154.07632
56 86 185.77529
56 87 166.40959
56 88 154.56389
56 89 141.15761
56 90 166.18056
56 91 199.47818
56 92 190.61893
56 93 163.46474
56 94 114.82411
56 95 177.17328
56 96 186.84836
56 97 162.8878
56 98 140.99631
56 99 198.1991
57 58 212.33199
57 59 170.32871
57 60 176.14519
57 61 167.84768
57 62 132.4656
57 63 189.07251
57 64 146.07715
57 65 198.63161
57 66 193.72065
57 67 184.6551
57 68 192.79936
57 69 209.10656
57 70 134.72542
57 71 181.74543
57 72 186.35803
57 73 157.06801
57 74 135.93199
57 75 146.26181
57 76 209.12606
57 77 119.43441
57 78 136.54002
57 79 151.41267
57 80 168.34689
57 81 165.8276
57 82 175.86303
57 83 117.30893
57 84 166.94633
57 85 162.58343
57 86 187.44074
57 87 190.48996
57 88 163.82915
57 89 188.70961
57 90 184.63191
57 91 118.7574
57 92 153.20077
57 93 152.70294
57 94 215.67033
57 95 164.29108
57 96 132.44099
57 97 189.27516
57 98 193.49096
57 99 130.24369
58 59 150.00774
58 60 198.60364
58 61 154.31945
58 62 182.89474
58 63 194.54381
58 64 171.90209
58 65 126.35472
58 66 137.34981
58 67 188.09144
58 68 119.87124
58 69 109.62024
58 70 190.04986
58 71 151.10915
58 72 134.48562
58 73 171.71232
58 74 183.67436
58 75 166.11726
58 76 106.30691
58 77 203.85038
58 78 176.43175
58 79 171.46909
58 80 181.49096
58 81 190.78685
58 82 144.05142
58 83 199.32287
58 84 189.42678
58 85 149.75528
58 86 192.73495
58 87 173.99295
58 88 154.50301
58 89 147.30806
58 90 172.85314
58 91 194.89087
58 92 193.03754
58 93 159.75118
58 94 127.12246
58 95 167.61898
58 96 181.64496
58 97 151.00493
58 98 129.49377
58 99 197.60388
59 60 152.64483
59 61 145.19697
59 62 137.98334
59 63 153.56368
59 64 124.72044
59 65 129.32603
59 66 123.40718
59 67 146.38191
59 68 135.52769
59 69 143.46613
59 70 141.68094
59 71 114.79039
59 72 144.3723
59 73 155.87212
59 74 153.87777
59 75 128.60602
59 76 149.65342
59 77 157.38181
59 78 140.95806
59 79 150.68254
59 80 134.22246
59 81 142.69291
59 82 141.79171
59 83 154.48272
59 84 141.62243
59 85 121.09048
59 86 151.41263
59 87 138.22086
59 88 106.548
59 89 120.22966
59 90 133.76497
59 91 156.56657
59 92 143.17341
59 93 123.53597
59 94 145.77698
59 95 157.24009
59 96 146.8772
59 97 162.09877
59 98 148.2703
59 99 149.32077
60 61 192.79858
60 62 154.50217
60 63 114.74231
60 64 148.18859
60 65 172.91276
60 66 162.11736
60 67 114.82646
60 68 187.5649
60 69 190.08776
60 70 143.988
60 71 147.49512
60 72 196.64801
60 73 197.22241
60 74 184.54404
60 75 164.42073
60 76 199.86436
60 77 156.71083
60 78 171.23793
60 79 190.32
60 80 118.5121
60 81 112.37762
60 82 192.36637
60 83 160.33134
60 84 112.42139
60 85 169.21948
60 86 114.0598
60 87 130.18094
60 88 152.09466
60 89 152.00963
60 90 127.8599
60 91 174.93532
60 92 123.38961
60 93 164.48926
60 94 183.17293
60 95 201.33383
60 96 174.91447
60 97 212.92632
60 98 200.88984
60 99 146.13943
61 62 148.69078
61 63 197.09743
61 64 146.37242
61 65 155.56529
61 66 158.86955
61 67 189.98191
61 68 135.70231
61 69 155.83982
61 70 160.86104
61 71 158.951
61 72 120.94622
61 73 117.39457
61 74 133.1907
61 75 130.75677
61 76 149.08629
61 77 167.30139
61 78 132.92111
61 79 118.33859
61 80 174.83469
61 81 180.91875
61 82 110.31501
61 83 160.72516
61 84 180.48657
61 85 124.46585
61 86 194.90674
61 87 183.39505
61 88 142.44482
61 89 162.06605
61 90 178.72676
61 91 149.09288
61 92 175.361
61 93 128.60375
61 94 170.64252
61 95 114.20062
61 96 135.60128
61 97 122.77792
61 98 127.86852
61 99 166.45894
62 63 164.46832
62 64 113.63575
62 65 166.74692
62 66 161.32426
62 67 158.66043
62 68 164.25603
62 69 178.51946
62 70 112.84775
62 71 149.37951
62 72 162.3346
62 73 146.37933
62 74 130.32638
62 75 118.90619
62 76 180.55543
62 77 121.03817
62 78 118.29903
62 79 139.19178
62 80 141.23357
62 81 142.33072
62 82 153.41272
62 83 116.71294
62 84 142.80454
62 85 134.16944
62 86 162.49481
62 87 160.96232
62 88 131.54911
62 89 156.29312
62 90 155.03091
62 91 122.04202
62 92 132.04169
62 93 124.15333
62 94 183.6027
62 95 152.11624
62 96 120.7093
62 97 171.43988
62 98 168.96249
62 99 117.77175
63 64 155.7341
63 65 168.22765
63 66 157.21086
63 67 107.18639
63 68 186.24927
63 69 185.44477
63 70 155.50285
63 71 144.56282
63 72 197.80773
63 73 203.83003
63 74 193.50363
63 75 171.14608
63 76 196.69522
63 77 169.73446
63 78 179.68815
63 79 197.26114
63 80 123.68957
63 81 123.25892
63 82 195.11073
63 83 172.61726
63 84 122.25445
63 85 172.74575
63 86 102.19108
63 87 121.11494
63 88 154.80919
63 89 147.25678
63 90 121.76301
63 91 185.90973
63 92 135.88602
63 93 169.92871
63 94 175.84992
63 95 207.12659
63 96 184.03663
63 97 215.57117
63 98 201.14468
63 99 158.83183
64 65 153.88015
64 66 147.8896
64 67 149.26359
64 68 154.30538
64 69 166.69648
64 70 118.21229
64 71 135.75218
64 72 155.77631
64 73 149.04106
64 74 138.03453
64 75 116.35623
64 76 170.22909
64 77 132.77136
64 78 124.0551
64 79 142.13574
64 80 132.05156
64 81 135.85845
64 82 148.49699
64 83 129.80773
64 84 135.80362
64 85 126.19094
64 86 153.62381
64 87 149.10077
64 88 118.50016
64 89 142.6574
64 90 143.24293
64 91 134.54394
64 92 128.99521
64 93 117.99205
64 94 170.49425
64 95 153.38635
64 96 128.86363
64 97 168.24598
64 98 161.76412
64 99 125.70736
65 66 111.01789
65 67 161.85876
65 68 124.56522
65 69 117.26603
65 70 170.98582
65 71 125.70916
65 72 142.55203
65 73 171.32017
65 74 176.63089
65 75 153.75436
65 76 129.19504
65 77 186.63563
65 78 165.87273
65 79 168.46872
65 80 156.54664
65 81 166.00987
65 82 147.20928
65 83 183.41883
65 84 164.53159
65 85 139.45673
65 86 166.4446
65 87 147.64119
65 88 135.38145
65 89 121.08655
65 90 146.59185
65 91 183.32682
65 92 169.9591
65 93 147.43498
65 94 117.20563
65 95 169.72752
65 96 171.73859
65 97 162.63567
65 98 141.87031
65 99 178.61733
66 67 150.85072
66 68 132.73565
66 69 128.2668
66 70 163.85707
66 71 115.56682
66 72 149.21896
66 73 173.18173
66 74 175.39276
66 75 150.94729
66 76 139.90026
66 77 180.18303
66 78 163.36996
66 79 169.34499
66 80 146.22003
66 81 155.71727
66 82 151.83254
66 83 177.69533
66 84 154.18127
66 85 138.96952
66 86 155.42696
66 87 136.68825
66 88 129.94107
66 89 110.13202
66 90 135.57993
66 91 179.75997
66 92 160.59441
66 93 145.09171
66 94 123.48526
66 95 172.66537
66 96 169.32458
66 97 169.2924
66 98 149.828
66 99 171.37955
67 68 179.28463
67 69 179.11743
67 70 150.48358
67 71 137.69509
67 72 190.6461
67 73 196.97701
67 74 187.20437
67 75 164.40049
67 76 190.052
67 77 165.51623
67 78 173.29848
67 79 190.47824
67 80 117.45685
67 81 119.26588
67 82 187.92781
67 83 167.86107
67 84 117.89699
67 85 165.6051
67 86 105.03255
67 87 115.95842
67 88 147.65289
67 89 140.79282
67 90 115.27554
67 91 180.3762
67 92 131.90889
67 93 162.97893
67 94 170.36579
67 95 200.14972
67 96 177.82125
67 97 208.38512
67 98 194.03816
67 99 154.47946
68 69 120.14831
68 70 172.49806
68 71 141.74479
68 72 118.58586
68 73 152.92003
68 74 163.84427
68 75 146.76541
68 76 116.38132
68 77 185.29402
68 78 156.67982
68 79 152.0513
68 80 169.41348
68 81 178.15202
68 82 125.81299
68 83 180.38617
68 84 177.01877
68 85 130.41447
68 86 184.22918
68 87 167.35566
68 88 138.47307
68 89 140.63187
68 90 164.72665
68 91 175.14752
68 92 178.25973
68 93 140.53859
68 94 136.26303
68 95 149.60219
68 96 161.81772
68 97 138.33625
68 98 117.32306
68 99 179.87947
69 70 184.59048
69 71 142.68874
69 72 137.83491
69 73 172.99847
69 74 182.70335
69 75 162.93446
69 76 114.27875
69 77 199.20805
69 78 174.07476
69 79 171.8028
69 80 173.40336
69 81 182.80587
69 82 145.94375
69 83 195.1685
69 84 181.37986
69 85 146.90331
69 86 183.68137
69 87 164.73144
69 88 148.62237
69 89 138.35255
69 90 163.84646
69 91 192.35806
69 92 185.89269
69 93 156.45665
69 94 118.57063
69 95 169.74481
69 96 179.59579
69 97 156.27899
69 98 134.3204
69 99 192.21914
70 71 149.95622
70 72 172.94039
70 73 159.22707
70 74 142.55953
70 75 130.29834
70 76 188.44084
70 77 117.04652
70 78 131.1327
70 79 152.0394
70 80 133.73101
70 81 132.43008
70 82 164.73609
70 83 117.52858
70 84 133.26908
70 85 143.69954
70 86 153.70359
70 87 155.79384
70 88 136.00157
70 89 157.07051
70 90 149.96103
70 91 130.97192
70 92 120.70046
70 93 134.37554
70 94 187.07582
70 95 164.92068
70 96 133.09543
70 97 183.48443
70 98 179.23934
70 99 107.64651
71 72 154.76237
71 73 170.51553
71 74 168.36616
71 75 142.94694
71 76 152.56608
71 77 166.73899
71 78 155.10256
71 79 165.44867
71 80 130.84171
71 81 140.31582
71 82 154.25837
71 83 165.04899
71 84 138.82567
71 85 135.4973
71 86 142.5794
71 87 126.01133
71 88 120.42771
71 89 107.11435
71 90 122.98343
71 91 169.60051
71 92 145.09205
71 93 138.22678
71 94 138.79975
71 95 171.55578
71 96 160.94086
71 97 173.8484
71 98 157.25328
71 99 157.27565
72 73 138.06231
72 74 153.33126
72 75 143.44595
72 76 128.79081
72 77 182.72073
72 78 150.00362
72 79 139.1605
72 80 178.13592
72 81 185.87921
72 82 110.92811
72 83 176.78599
72 84 185.04558
72 85 129.60667
72 86 195.67776
72 87 180.74737
72 88 144.6655
72 89 155.47896
72 90 177.18394
72 91 167.75598
72 92 183.27155
72 93 138.57894
72 94 154.80021
72 95 133.32342
72 96 153.97914
72 97 120.14307
72 98 107.17818
72 99 179.61847
73 74 121.19551
73 75 132.85567
73 76 166.4634
73 77 161.15862
73 78 128.13902
73 79 107.18933
73 80 180.45974
73 81 184.89948
73 82 127.69376
73 83 154.10495
73 84 184.82155
73 85 135.10562
73 86 201.66117
73 87 192.92601
73 88 151.50456
73 89 174.77187
73 90 187.69844
73 91 139.0647
73 92 177.01575
73 93 134.18174
73 94 187.1
73 95 107.25541
73 96 127.76454
73 97 133.33485
73 98 144.71308
73 99 163.18733
74 75 125.44556
74 76 179.35787
74 77 141.06795
74 78 114.04109
74 79 115.61149
74 80 169.84425
74 81 172.23849
74 82 142.42417
74 83 133.9645
74 84 172.54339
74 85 137.17415
74 86 191.43293
74 87 186.55708
74 88 147.94075
74 89 174.09709
74 90 180.82366
74 91 117.93204
74 92 162.36641
74 93 130.47606
74 94 193.61622
74 95 128.38204
74 96 109.64288
74 97 153.56225
74 98 160.48266
74 99 144.91356
75 76 163.14455
75 77 139.4218
75 78 112.43333
75 79 126.1282
75 80 147.65347
75 81 152.13842
75 82 134.58537
75 83 133.89467
75 84 152.00622
75 85 116.37632
75 86 168.99153
75 87 161.87047
75 88 122.52075
75 89 148.82706
75 90 156.30239
75 91 129.66368
75 92 145.10568
75 93 106.48371
75 94 170.95991
75 95 137.03037
75 96 118.38754
75 97 153.23043
75 98 150.13544
75 99 136.4358
76 77 201.58729
76 78 172.88869
76 79 166.61237
76 80 182.30548
76 81 191.4355
76 82 138.77334
76 83 196.74967
76 84 190.15548
76 85 146.79565
76 86 194.81237
76 87 176.52776
76 88 153.54128
76 89 149.51572
76 90 174.93349
76 91 191.34691
76 92 192.82419
76 93 156.91695
76 94 132.65669
76 95 162.08284
76 96 177.89837
76 97 144.75634
76 98 123.41797
76 99 195.90103
77 78 134.4991
77 79 154.33808
77 80 149.65511
77 81 146.52706
77 82 173.26291
77 83 107.1054
77 84 147.70522
77 85 155.15452
77 86 168.14297
77 87 172.32651
77 88 151.26645
77 89 173.84619
77 90 166.57793
77 91 124.38323
77 92 133.84872
77 93 145.07194
77 94 203.12518
77 95 167.83923
77 96 133.41469
77 97 189.97518
77 98 189.51273
77 99 111.07545
78 79 120.96766
78 80 156.00217
78 81 158.87351
78 82 139.78018
78 83 127.81662
78 84 159.06874
78 85 127.19528
78 86 177.59771
78 87 172.54276
78 88 134.73824
78 89 161.14481
78 90 166.79499
78 91 118.46771
78 92 149.73327
78 93 118.46522
78 94 183.06122
78 95 134.144
78 96 105.95521
78 97 155.50132
78 98 157.08814
78 99 135.15906
79 80 173.7797
79 81 177.97398
79 82 128.29116
79 83 147.32803
79 84 177.93926
79 85 130.54659
79 86 195.10241
79 87 187.03782
79 88 145.88049
79 89 170.12305
79 90 181.68607
79 91 132.99415
79 92 169.90035
79 93 128.12398
79 94 184.78251
79 95 113.50392
79 96 120.93418
79 97 137.95243
79 98 146.17095
79 99 156.06348
80 81 109.49852
80 82 173.98707
80 83 151.25314
80 84 107.98522
80 85 150.94401
80 86 121.59602
80 87 123.19907
80 88 133.61204
80 89 136.45992
80 90 117.93436
80 91 163.04012
80 92 118.0136
80 93 146.91866
80 94 168.70345
80 95 184.07642
80 96 160.41522
80 97 194.55875
80 98 182.41573
80 99 138.59871
81 82 180.98407
81 83 149.38167
81 84 101.75446
81 85 157.73156
81 86 121.61798
81 87 130.12674
81 88 141.22416
81 89 145.94968
81 90 125.71103
81 91 163.17491
81 92 112.71488
81 93 152.45434
81 94 178.15819
81 95 189.11042
81 96 162.62022
81 97 201.48216
81 98 190.50949
81 99 135.58393
82 83 167.06905
82 84 180.33849
82 85 123.27012
82 86 192.93693
82 87 179.69796
82 88 140.49977
82 89 156.35489
82 90 175.51292
82 91 157.1782
82 92 176.96809
82 93 130.61961
82 94 161.4543
82 95 123.80961
82 96 143.42564
82 97 120.57295
82 98 118.05928
82 99 171.02113
83 84 150.3739
83 85 150.0234
83 86 170.89308
83 87 173.20619
83 88 148.12777
83 89 172.08941
83 90 167.33843
83 91 117.53847
83 92 137.00825
83 93 139.88112
83 94 200.20763
83 95 160.83195
83 96 126.39395
83 97 183.31002
83 98 183.68157
83 99 114.34781
84 85 157.11447
84 86 120.52372
84 87 128.39504
84 88 140.38053
84 89 144.37132
84 90 123.95676
84 91 163.8662
84 92 114.01234
84 93 152.1063
84 94 176.53955
84 95 188.91274
84 96 162.94589
84 97 200.86498
84 98 189.58034
84 99 136.71303
85 86 170.55715
85 87 159.08562
85 88 117.98951
85 89 139.69311
85 90 154.30515
85 91 145.46179
85 92 153.93773
85 93 110.14241
85 94 156.47488
85 95 136.15228
85 96 132.82585
85 97 143.7531
85 98 135.60614
85 99 150.68965
86 87 119.64713
86 88 152.62351
86 89 145.42988
86 90 119.89311
86 91 184.00501
86 92 134.30633
86 93 167.74673
86 94 174.38158
86 95 204.94261
86 96 181.98172
86 97 213.40344
86 98 199.05226
86 99 157.19764
87 88 141.51007
87 89 127.09145
87 90 105.93385
87 91 182.97231
87 92 141.10441
87 93 158.91384
87 94 154.74655
87 95 195.02567
87 96 177.78004
87 97 199.62599
87 98 183.22608
87 99 161.36789
88 89 126.43799
88 90 136.50077
88 91 150.04624
88 92 139.85178
88 93 118.02106
88 94 152.07994
88 95 153.53917
88 96 140.61827
88 97 161.06164
88 98 149.36529
88 99 143.64337
89 90 125.54509
89 91 176.1926
89 92 151.63941
89 93 143.69021
89 94 132.35754
89 95 175.22837
89 96 167.04372
89 97 175.15633
89 98 157.09913
89 99 164.38332
90 91 177.04464
90 92 135.94733
90 93 153.58164
90 94 155.47007
90 95 190.02521
90 96 171.97796
90 97 195.66983
90 98 180.06809
90 99 155.66159
91 92 151.66982
91 93 136.11283
91 94 200.52544
91 95 146.18312
91 96 113.77742
91 97 170.67034
91 98 174.91049
91 99 130.7673
92 93 146.86098
92 94 183.87956
92 95 181.92106
92 96 152.7395
92 97 197.04107
92 98 188.64074
92 99 122.98109
93 94 164.63409
93 95 137.20796
93 96 124.37954
93 97 150.2553
93 98 144.99622
93 99 141.07392
94 95 184.82836
94 96 188.91484
94 97 174.0746
94 98 152.21426
94 99 194.65007
95 96 134.43808
95 97 126.3174
95 98 139.54311
95 99 169.30173
96 97 157.63877
96 98 161.13307
96 99 135.95224
97 98 121.95873
97 99 189.21151
98 99 186.0665
