50 5
0 1 140.20117
0 2 191.21352
0 3 165.72877
0 4 189.29459
0 5 176.86302
0 6 153.58864
0 7 142.4077
0 8 160.93392
0 9 142.84138
0 10 105.89633
0 11 186.17658
0 12 160.12798
0 13 169.28276
0 14 115.63345
0 15 183.91566
0 16 184.34468
0 17 139.07365
0 18 141.64398
0 19 106.1951
0 20 149.34524
0 21 101.60358
0 22 147.42519
0 23 153.99324
0 24 170.80013
0 25 192.5969
0 26 141.2612
0 27 167.35742
0 28 184.22992
0 29 166.70942
0 30 188.17817
0 31 152.09372
0 32 151.3821
0 33 119.6178
0 34 152.13383
0 35 188.89445
0 36 148.26929
0 37 120.3059
0 38 127.20591
0 39 116.40607
0 40 182.45452
0 41 122.9741
0 42 110.25084
0 43 146.29213
0 44 158.97858
0 45 186.10717
0 46 109.04652
0 47 174.1972
0 48 147.44453
0 49 195.60279
1 2 161.53735
1 3 155.56215
1 4 151.78475
1 5 141.46175
1 6 121.40814
1 7 121.53668
1 8 126.07499
1 9 144.9599
1 10 145.2239
1 11 152.13874
1 12 131.40448
1 13 132.59761
1 14 124.79193
1 15 160.42367
1 16 168.30827
1 17 122.12948
1 18 121.89397
1 19 138.1013
1 20 145.86942
1 21 138.6189
1 22 139.06979
1 23 158.84033
1 24 150.76575
1 25 162.3609
1 26 135.45169
1 27 132.60604
1 28 178.13896
1 29 148.65885
1 30 153.66354
1 31 166.73277
1 32 158.70123
1 33 120.84447
1 34 126.38134
1 35 171.72134
1 36 151.16137
1 37 137.5393
1 38 145.33179
1 39 154.62523
1 40 152.98888
1 41 137.09867
1 42 149.93956
1 43 141.5835
1 44 118.83279
1 45 174.47953
1 46 148.30608
1 47 134.55035
1 48 108.39012
1 49 160.43498
2 3 141.43014
2 4 127.07985
2 5 123.72849
2 6 173.56478
2 7 148.91062
2 8 135.74281
2 9 159.66617
2 10 197.10943
2 11 114.65863
2 12 131.6102
2 13 132.12427
2 14 177.38401
2 15 115.64047
2 16 131.462
2 17 152.14415
2 18 149.6187
2 19 192.38488
2 20 152.69272
2 21 190.03169
2 22 199.21268
2 23 163.23638
2 24 126.08833
2 25 101.93393
2 26 153.72594
2 27 129.77264
2 28 152.24348
2 29 130.51102
2 30 115.50369
2 31 178.05056
2 32 166.40418
2 33 174.13896
2 34 139.27368
2 35 130.18929
2 36 160.11403
2 37 197.06657
2 38 176.21032
2 39 198.87585
2 40 108.8372
2 41 197.28659
2 42 201.23973
2 43 152.38097
2 44 151.06049
2 45 141.34984
2 46 195.77723
2 47 141.43667
2 48 161.68136
2 49 117.73958
3 4 159.2568
3 5 146.81762
3 6 175.76632
3 7 134.13082
3 8 142.51106
3 9 124.08199
3 10 171.1692
3 11 147.68382
3 12 131.75784
3 13 147.76679
3 14 156.89672
3 15 126.85105
3 16 119.397
3 17 134.51925
3 18 133.93068
3 19 169.32779
3 20 116.696
3 21 165.1069
3 22 193.03067
3 23 122.34513
3 24 115.9775
3 25 143.35981
3 26 125.02851
3 27 142.70006
3 28 122.59604
3 29 112.69772
3 30 149.94632
3 31 137.11765
3 32 125.84107
3 33 155.41051
3 34 131.05418
3 35 124.14778
3 36 121.3965
3 37 179.16368
3 38 142.56084
3 39 167.4725
3 40 136.13363
3 41 180.52919
3 42 174.17022
3 43 119.44095
3 44 158.54017
3 45 120.62406
3 46 166.89613
3 47 160.61841
3 48 161.09911
3 49 156.16569
4 5 113.86999
4 6 156.18069
4 7 149.31432
4 8 128.55414
4 9 169.68814
4 10 194.92229
4 11 113.0859
4 12 133.41422
4 13 120.01438
4 14 173.85456
4 15 139.72648
4 16 155.83
4 17 153.02824
4 18 150.29325
4 19 188.62129
4 20 164.46403
4 21 187.84349
4 22 183.9421
4 23 177.83274
4 24 143.67707
4 25 126.10277
4 26 160.80308
4 27 122.64956
4 28 175.61926
4 29 146.57014
4 30 111.64312
4 31 191.74867
4 32 180.19083
4 33 169.99203
4 34 140.69953
4 35 155.73893
4 36 172.51013
4 37 189.31056
4 38 182.21199
4 39 200.74184
4 40 125.46958
4 41 188.75419
4 42 199.51652
4 43 162.37444
4 44 135.16798
4 45 165.75135
4 46 195.91392
4 47 120.087
4 48 148.30801
4 49 112.44003
5 6 150.43104
5 7 135.86659
5 8 116.05456
5 9 155.85357
5 10 182.60425
5 11 110.94893
5 12 119.54672
5 13 109.1482
5 14 161.68958
5 15 131.48642
5 16 146.50157
5 17 139.57645
5 18 136.82381
5 19 176.68417
5 20 150.78172
5 21 175.46761
5 22 177.01852
5 23 164.36916
5 24 131.96099
5 25 123.76211
5 26 146.93535
5 27 109.50628
5 28 164.99224
5 29 134.17496
5 30 112.2318
5 31 178.08556
5 32 166.60075
5 33 157.95243
5 34 126.95468
5 35 147.39993
5 36 158.82335
5 37 178.73291
5 38 168.4539
5 39 187.58602
5 40 117.79775
5 41 178.47958
5 42 187.11375
5 43 148.57096
5 44 127.95628
5 45 156.05616
5 46 183.06042
5 47 118.07035
5 48 139.78032
5 49 119.08001
6 7 142.40214
6 8 138.96111
6 9 166.35626
6 10 157.21756
6 11 161.23855
6 12 147.81466
6 13 141.52173
6 14 140.51507
6 15 176.19677
6 16 186.49422
6 17 143.4151
6 18 142.8937
6 19 149.42247
6 20 167.16237
6 21 152.01867
6 22 127.99689
6 23 180.24812
6 24 168.7059
6 25 173.90086
6 26 156.83702
6 27 144.00243
6 28 198.33083
6 29 167.41073
6 30 162.06776
6 31 187.83616
6 32 180.08369
6 33 137.29241
6 34 145.13037
6 35 189.37645
6 36 172.56951
6 37 142.41588
6 38 165.25921
6 39 169.67842
6 40 165.95238
6 41 140.61573
6 42 161.68391
6 43 162.90024
6 44 122.52594
6 45 193.63375
6 46 162.55263
6 47 136.11698
6 48 114.66733
6 49 167.3919
7 8 121.2219
7 9 125.9196
7 10 148.29351
7 11 144.21744
7 12 117.76886
7 13 129.96025
7 14 128.59143
7 15 143.34616
7 16 148.29794
7 17 103.71503
7 18 101.0072
7 19 143.49866
7 20 125.07237
7 21 141.17811
7 22 159.19755
7 23 138.90459
7 24 131.60264
7 25 150.24201
7 26 115.64876
7 27 126.66513
7 28 156.66185
7 29 128.61584
7 30 146.3377
7 31 149.10971
7 32 139.46375
7 33 125.60753
7 34 109.72907
7 35 152.14866
7 36 131.43227
7 37 149.43616
7 38 133.44046
7 39 151.81295
7 40 140.10958
7 41 150.13535
7 42 152.53987
7 43 120.9574
7 44 129.58951
7 45 153.57512
7 46 147.67989
7 47 139.20455
7 48 127.90434
7 49 153.86261
8 9 144.64569
8 10 166.63845
8 11 126.26168
8 12 110.78887
8 13 108.762
8 14 145.6698
8 15 137.29589
8 16 148.84676
8 17 124.88372
8 18 122.2259
8 19 160.63913
8 20 141.16705
8 21 159.51675
8 22 163.54289
8 23 155.48777
8 24 131.40598
8 25 136.44122
8 26 134.74698
8 27 106.66405
8 28 163.8131
8 29 131.404
8 30 127.95886
8 31 167.84324
8 32 157.01575
8 33 141.91001
8 34 114.23725
8 35 151.19629
8 36 148.87413
8 37 162.90242
8 38 154.62556
8 39 172.20318
8 40 127.49073
8 41 162.76788
8 42 171.17959
8 43 138.00994
8 44 117.50683
8 45 157.06831
8 46 167.37744
8 47 119.25408
8 48 126.0664
8 49 135.09109
9 10 147.95608
9 11 160.98473
9 12 136.47088
9 13 152.67399
9 14 136.97549
9 15 147.72243
9 16 143.45234
9 17 123.60481
9 18 125.0806
9 19 147.17089
9 20 107.58281
9 21 142.44455
9 22 177.26175
9 23 114.08971
9 24 134.3338
9 25 161.46239
9 26 110.29267
9 27 148.23905
9 28 141.43682
9 29 129.71901
9 30 163.33539
9 31 123.34195
9 32 113.76881
9 33 136.72003
9 34 130.41761
9 35 148.19026
9 36 106.50231
9 37 158.63667
9 38 118.48713
9 39 143.3916
9 40 152.1923
9 41 160.43506
9 42 150.59891
9 43 107.46177
9 44 155.50141
9 45 143.68201
9 46 143.07412
9 47 163.76667
9 48 152.57969
9 49 170.60659
10 11 191.99545
10 12 166.00269
10 13 174.92187
10 14 121.08814
10 15 189.75336
10 16 189.92576
10 17 144.96857
10 18 147.53434
10 19 107.79994
10 20 154.66933
10 21 107.155
10 22 148.20778
10 23 158.50716
10 24 176.59823
10 25 198.49121
10 26 146.90851
10 27 173.09815
10 28 189.19799
10 29 172.47352
10 30 193.98316
10 31 155.44723
10 32 155.71018
10 33 125.01473
10 34 158.01761
10 35 194.50341
10 36 153.13849
10 37 119.99065
10 38 131.43426
10 39 115.14456
10 40 188.34902
10 41 122.79045
10 42 104.7159
10 43 151.7629
10 44 164.0539
10 45 191.44044
10 46 108.23979
10 47 179.48481
10 48 152.14237
10 49 201.39207
11 12 126.64598
11 13 120.0949
11 14 171.32588
11 15 126.66413
11 16 142.82567
11 17 147.8394
11 18 145.10453
11 19 186.40856
11 20 154.99257
11 21 184.84051
11 22 187.96103
11 23 167.56232
11 24 131.77645
11 25 114.1059
11 26 153.09045
11 27 119.60883
11 28 162.84155
11 29 135.185
11 30 102.35822
11 31 181.94354
11 32 170.23476
11 33 167.71128
11 34 134.68142
11 35 142.65436
11 36 162.954
11 37 189.16378
11 38 175.36218
11 39 195.94603
11 40 112.51752
11 41 189.01574
11 42 196.40765
11 43 153.5293
11 44 138.83139
11 45 152.7758
11 46 191.87898
11 47 127.29764
11 48 150.71929
11 49 109.78426
12 13 116.8117
12 14 145.87289
12 15 129.06852
12 16 138.81923
12 17 121.29783
12 18 118.60099
12 19 160.93381
12 20 131.92883
12 21 158.86813
12 22 170.33956
12 23 145.99613
12 24 121.10388
12 25 132.80477
12 26 127.38893
12 27 111.98172
12 28 153.0603
12 29 120.6944
12 30 128.84298
12 31 159.12168
12 32 147.87872
12 33 142.55389
12 34 108.07949
12 35 141.56518
12 36 139.88828
12 37 165.53864
12 38 149.08632
12 39 169.31845
12 40 122.77575
12 41 165.85739
12 42 170.28854
12 43 129.32394
12 44 127.71
12 45 146.62083
12 46 165.4118
12 47 129.22687
12 48 133.82399
12 49 136.38734
13 14 153.86707
13 15 137.35413
13 16 150.96593
13 17 133.63403
13 18 130.96187
13 19 168.69653
13 20 148.62069
13 21 167.83526
13 22 167.89332
13 23 162.77631
13 24 134.6109
13 25 132.39048
13 26 143.0116
13 27 105.06685
13 28 167.84655
13 29 135.70042
13 30 121.32785
13 31 175.66082
13 32 164.56687
13 33 150.02538
13 34 122.37929
13 35 152.58684
13 36 156.50736
13 37 170.04349
13 38 163.32044
13 39 180.87805
13 40 125.04914
13 41 169.6888
13 42 179.50833
13 43 145.77468
13 44 118.99635
13 45 159.96599
13 46 175.93447
13 47 112.93172
13 48 130.63408
13 49 127.85338
14 15 171.57806
14 16 174.24522
14 17 125.72638
14 18 127.9869
14 19 115.10088
14 20 141.84314
14 21 114.10567
14 22 141.79833
14 23 150.308
14 24 159.07154
14 25 178.64801
14 26 131.91136
14 27 152.19394
14 28 177.54386
14 29 155.39761
14 30 173.24909
14 31 152.82182
14 32 148.61644
14 33 103.99373
14 34 138.1158
14 35 178.54582
14 36 143.29509
14 37 122.26696
14 38 127.51113
14 39 129.99071
14 40 168.55468
14 41 123.72413
14 42 125.73136
14 43 138.00381
14 44 143.45806
14 45 177.51187
14 46 123.51563
14 47 158.56766
14 48 132.41815
14 49 180.59125
15 16 116.26556
15 17 145.8777
15 18 143.79682
15 19 186.03838
15 20 140.29879
15 21 182.92141
15 22 199.40664
15 23 149.13181
15 24 113.55094
15 25 117.53028
15 26 143.75023
15 27 133.25759
15 28 136.80575
15 29 118.1046
15 30 128.41112
15 31 163.94471
15 32 152.52255
15 33 168.86284
15 34 134.80248
15 35 116.10498
15 36 147.02906
15 37 192.78211
15 38 165.45121
15 39 189.39419
15 40 114.34848
15 41 193.44139
15 42 193.51461
15 43 140.93119
15 44 154.60097
15 45 126.25048
15 46 187.25281
15 47 149.237
15 48 162.67653
15 49 132.69685
16 17 149.79068
16 18 148.42212
16 19 187.53005
16 20 135.98378
16 21 183.61238
16 22 207.14715
16 23 140.22738
16 24 117.78848
16 25 133.25383
16 26 143.11519
16 27 146.30634
16 28 120.8307
16 29 119.73894
16 30 144.63846
16 31 154.32498
16 32 143.94671
16 33 172.24611
16 34 141.9621
16 35 104.75622
16 36 140.60771
16 37 196.35828
16 38 161.93902
16 39 186.82362
16 40 130.36054
16 41 197.46019
16 42 193.12432
16 43 138.27381
16 44 166.30706
16 45 109.98496
16 46 186.02709
16 47 163.53735
16 48 172.19122
16 49 148.8867
17 18 102.75573
17 19 140.44077
17 20 123.75271
17 21 137.88832
17 22 158.51158
17 23 137.0729
17 24 133.65139
17 25 153.52366
17 26 113.56706
17 27 130.37938
17 28 156.82723
17 29 130.31719
17 30 149.97665
17 31 146.50422
17 32 137.32465
17 33 123.01697
17 34 113.21954
17 35 153.81706
17 36 129.46444
17 37 147.08552
17 38 129.86441
17 39 148.14246
17 40 143.38107
17 41 147.94738
17 42 149.14589
17 43 119.48524
17 44 132.26997
17 45 154.47697
17 46 144.11431
17 47 142.61981
17 48 129.21485
17 49 157.50847
18 19 142.83639
18 20 124.43671
18 21 140.43111
18 22 159.25505
18 23 138.17232
18 24 131.88663
18 25 150.9698
18 26 114.83365
18 27 127.6437
18 28 156.41771
18 29 128.78708
18 30 147.23523
18 31 148.22867
18 32 138.66855
18 33 125.08722
18 34 110.53414
18 35 152.3274
18 36 130.66635
18 37 149.00712
18 38 132.43328
18 39 150.89271
18 40 140.83146
18 41 149.75666
18 42 151.75383
18 43 120.27993
18 44 130.45675
18 45 153.53065
18 46 146.81819
18 47 140.1996
18 48 128.45564
18 49 154.76471
19 20 153.27022
19 21 105.48405
19 22 141.43549
19 23 158.98105
19 24 173.20949
19 25 193.67627
19 26 144.46696
19 27 167.2041
19 28 188.59718
19 29 169.30507
19 30 188.31669
19 31 157.87182
19 32 156.54934
19 33 118.73245
19 34 153.11386
19 35 191.98752
19 36 152.8979
19 37 114.1149
19 38 132.6279
19 39 121.8913
19 40 183.56542
19 41 116.77937
19 42 112.31262
19 43 149.93076
19 44 156.91425
19 45 189.86871
19 46 114.48769
19 47 172.56928
19 48 144.71184
19 49 195.63414
20 21 148.81396
20 22 180.59787
20 23 114.36548
20 24 127.02859
20 25 154.52439
20 26 110.76432
20 27 143.90371
20 28 135.7051
20 29 122.42403
20 30 157.35079
20 31 127.3041
20 32 115.95197
20 33 140.97499
20 34 127.10641
20 35 140.70691
20 36 108.04615
20 37 163.95183
20 38 126.00979
20 39 150.84394
20 40 145.53175
20 41 165.55297
20 42 157.55058
20 43 104.31741
20 44 153.92434
20 45 136.7737
20 46 150.21164
20 47 160.41932
20 48 152.85731
20 49 164.46001
21 22 146.26542
21 23 153.87447
21 24 169.86468
21 25 191.39906
21 26 140.5015
21 27 165.96134
21 28 183.87111
21 29 165.81594
21 30 186.82936
21 31 152.41923
21 32 151.34692
21 33 118.08072
21 34 150.89659
21 35 188.1387
21 36 147.99309
21 37 119.51717
21 38 127.28786
21 39 117.87823
21 40 181.25872
21 41 122.12421
21 42 111.6731
21 43 145.66628
21 44 157.40452
21 45 185.54438
21 46 110.56807
21 47 172.65422
21 48 145.84424
21 49 194.24105
22 23 191.1642
22 24 189.75337
22 25 199.78885
22 26 169.86613
22 27 169.47346
22 28 215.25251
22 29 187.41967
22 30 189.02297
22 31 194.62004
22 32 189.87341
22 33 140.894
22 34 165.37876
22 35 210.69095
22 36 183.75695
22 37 128.38822
22 38 169.20916
22 39 163.19406
22 40 191.02938
22 41 125.61465
22 42 151.44239
22 43 176.35449
22 44 149.2829
22 45 212.77234
22 46 155.86138
22 47 163.96515
22 48 137.53248
22 49 194.7892
23 24 137.18443
23 25 165.14535
23 26 123.50757
23 27 157.97156
23 28 131.79656
23 29 132.94866
23 30 169.90607
23 31 114.83506
23 32 103.76144
23 33 150.41721
23 34 141.46901
23 35 144.86441
23 36 107.68669
23 37 171.3383
23 38 127.1207
23 39 150.96569
23 40 157.05152
23 41 173.32229
23 42 160.40759
23 43 118.04954
23 44 168.13846
23 45 137.27285
23 46 152.40956
23 47 174.73023
23 48 166.26585
23 49 176.69919
24 25 127.98499
24 26 130.25735
24 27 129.68283
24 28 133.29545
24 29 104.61488
24 30 134.01514
24 31 151.97904
24 32 140.31767
24 33 156.61969
24 34 124.38694
24 35 120.95624
24 36 134.14988
24 37 180.73126
24 38 151.91224
24 39 175.86674
24 40 120.17886
24 41 181.58856
24 42 180.25557
24 43 127.41822
24 44 148.74204
24 45 125.67362
24 46 173.84707
24 47 147.49747
24 48 154.41919
24 49 140.19173
25 26 155.39916
25 27 130.31566
25 28 154.05652
25 29 132.38815
25 30 114.67518
25 31 179.95584
25 32 168.30264
25 33 175.35838
25 34 140.56734
25 35 131.8579
25 36 161.97636
25 37 198.14404
25 38 177.90568
25 39 200.44701
25 40 110.1429
25 41 198.3177
25 42 202.65163
25 43 154.15674
25 44 151.37677
25 45 143.11085
25 46 197.26742
25 47 141.21474
25 48 162.26095
25 49 116.22063
26 27 138.7988
26 28 145.92369
26 29 125.88472
26 30 155.40462
26 31 133.59398
26 32 123.8403
26 33 130.65662
26 34 120.6329
26 35 147.63881
26 36 115.90259
26 37 154.17076
26 38 122.54667
26 39 145.6661
26 40 145.61183
26 41 155.60199
26 42 150.30862
26 43 106.48877
26 44 145.21554
26 45 145.65205
26 46 143.6486
26 47 153.7221
26 48 142.76264
26 49 162.84806
27 28 162.86399
27 29 130.65706
27 30 121.29528
27 31 171.05721
27 32 159.85521
27 33 148.47171
27 34 118.28745
27 35 148.12435
27 36 151.8457
27 37 169.56059
27 38 159.68913
27 39 178.22034
27 40 121.95031
27 41 169.40822
27 42 177.60806
27 43 141.20719
27 44 121.69963
27 45 155.15472
27 46 173.60118
27 47 117.97281
27 48 131.94573
27 49 128.45948
28 29 132.42658
28 30 164.80137
28 31 142.55526
28 32 135.31409
28 33 176.55287
28 34 153.42255
28 35 123.23177
28 36 136.07722
28 37 199.64667
28 38 158.32552
28 39 182.68814
28 40 150.33319
28 41 201.2577
28 42 191.52545
28 43 139.59877
28 44 180.50523
28 45 111.42101
28 46 183.69247
28 47 180.76075
28 48 183.66616
28 49 169.49773
29 30 137.4808
29 31 147.68396
29 32 135.98126
29 33 153.11204
29 34 122.43059
29 35 123.54032
29 36 129.62521
29 37 177.26116
29 38 147.34798
29 39 171.40765
29 40 124.12606
29 41 178.22186
29 42 176.05206
29 43 122.82952
29 44 148.33161
29 45 126.23897
29 46 169.52675
29 47 148.62794
29 48 152.92041
29 49 143.96014
30 31 184.2971
30 32 172.58668
30 33 169.60174
30 34 136.85139
30 35 144.29232
30 36 165.31183
30 37 190.83251
30 38 177.6474
30 39 198.10471
30 40 114.48451
30 41 190.63186
30 42 198.41689
30 43 155.88095
30 44 139.78506
30 45 154.60956
30 46 193.97126
30 47 127.48888
30 48 151.94136
30 49 107.54451
31 32 111.73593
31 33 154.03286
31 34 153.60874
31 35 158.83616
31 36 119.26771
31 37 171.45906
31 38 125.67382
31 39 144.66917
31 40 171.72825
31 41 173.80417
31 42 156.21922
31 43 129.88849
31 44 178.68358
31 45 150.11503
31 46 148.09414
31 47 187.03164
31 48 174.75377
31 49 191.22033
32 33 149.001
32 34 142.85571
32 35 148.59579
32 36 108.17568
32 37 169.2131
32 38 124.27746
32 39 147.6417
32 40 159.99925
32 41 171.28207
32 42 157.42977
32 43 119.08393
32 44 168.94939
32 45 141.02036
32 46 149.37466
32 47 176.26672
32 48 166.3485
32 49 179.48931
33 34 134.94043
33 35 176.44982
33 36 143.16086
33 37 124.15055
33 38 129.24685
33 39 133.83498
33 40 165.30217
33 41 125.2288
33 42 129.67823
33 43 136.96011
33 44 139.47317
33 45 175.95893
33 46 127.46825
33 47 154.57964
33 48 128.58069
33 49 176.90563
34 35 145.34099
34 36 134.69506
34 37 158.36324
34 38 141.51426
34 39 161.26502
34 40 130.45156
34 41 158.85501
34 42 162.2688
34 43 123.80491
34 44 127.76382
34 45 148.55818
34 46 157.33384
34 47 133.44085
34 48 130.55214
34 49 144.39387
35 36 145.35925
35 37 200.58901
35 38 166.67739
35 39 191.55055
35 40 130.44836
35 41 201.63267
35 42 197.74628
35 43 142.92398
35 44 168.70309
35 45 111.82092
35 46 190.69394
35 47 164.88222
35 48 175.23874
35 49 147.88663
36 37 164.74518
36 38 122.40596
36 39 147.19128
36 40 153.23083
36 41 166.61552
36 42 155.46161
36 43 110.90906
36 44 160.84052
36 45 139.53236
36 46 147.68454
36 47 168.11979
36 48 158.62646
36 49 172.36774
37 38 145.90568
37 39 135.11671
37 40 188.26082
37 41 102.80146
37 42 123.05425
37 43 160.20322
37 44 155.21206
37 45 199.77803
37 46 127.95151
37 47 171.38675
37 48 141.99122
37 49 197.79413
38 39 124.94736
38 40 168.1561
38 41 148.19312
38 42 133.30773
38 43 124.55106
38 44 160.68406
38 45 161.80188
38 46 125.37876
38 47 172.40299
38 48 153.71039
38 49 185.14378
39 40 190.41433
39 41 137.91269
39 42 113.27895
39 43 148.96334
39 44 172.98597
39 45 186.69584
39 46 107.42141
39 47 187.39164
39 48 162.40237
39 49 205.642
40 41 188.50728
40 42 192.50939
40 43 144.79257
40 44 143.60038
40 45 140.2873
40 46 187.15392
40 47 135.85491
40 48 153.55136
40 49 120.05661
41 42 125.83448
41 43 161.72767
41 44 154.34747
41 45 201.11848
41 46 130.73254
41 47 170.53158
41 48 141.04992
41 49 197.50421
42 43 154.86334
42 44 168.76919
42 45 194.24896
42 46 108.14641
42 47 184.18461
42 48 156.84186
42 49 205.84736
43 44 150.09034
43 45 139.93803
43 46 147.7745
43 47 157.24264
43 48 148.64246
43 49 163.14538
44 45 174.32763
44 46 166.90931
44 47 116.1846
44 48 113.33585
44 49 145.53688
45 46 186.7538
45 47 172.71305
45 48 179.10447
45 49 158.84816
46 47 181.72467
46 48 155.85465
46 49 201.47385
47 48 129.50004
47 49 131.73431
48 49 158.15776
