50 12
0 1 167.11878
0 2 138.37297
0 3 133.33423
0 4 115.84342
0 5 172.44677
0 6 151.17706
0 7 176.73558
0 8 146.73491
0 9 144.93502
0 10 141.94217
0 11 179.83236
0 12 164.63463
0 13 150.71038
0 14 109.98837
0 15 175.52901
0 16 129.00997
0 17 129.87335
0 18 134.2387
0 19 129.70843
0 20 174.88414
0 21 173.3012
0 22 167.4703
0 23 192.90195
0 24 116.49404
0 25 148.15275
0 26 169.69251
0 27 150.61533
0 28 149.23696
0 29 202.00464
0 30 163.16813
0 31 161.75385
0 32 121.08903
0 33 191.02375
0 34 157.97729
0 35 121.70699
0 36 150.53232
0 37 126.5549
0 38 182.79535
0 39 102.3627
0 40 129.58629
0 41 158.10941
0 42 111.58929
0 43 131.14442
0 44 142.55272
0 45 143.13645
0 46 134.09422
0 47 107.91714
0 48 123.12014
0 49 137.74019
1 2 197.62743
1 3 134.57062
1 4 152.32291
1 5 135.55026
1 6 127.5563
1 7 118.50551
1 8 171.29529
1 9 172.17799
1 10 166.85564
1 11 162.28204
1 12 122.3778
1 13 116.40913
1 14 168.40425
1 15 115.59718
1 16 155.90321
1 17 144.17136
1 18 162.22684
1 19 158.51126
1 20 151.49982
1 21 128.47346
1 22 136.34002
1 23 126.06204
1 24 175.49853
1 25 141.87385
1 26 119.23954
1 27 140.13151
1 28 119.44679
1 29 135.48497
1 30 170.1773
1 31 123.16607
1 32 146.17089
1 33 127.7728
1 34 133.35614
1 35 177.0811
1 36 135.6564
1 37 140.64694
1 38 166.16626
1 39 166.96811
1 40 163.79847
1 41 137.88197
1 42 167.54868
1 43 138.368
1 44 127.55329
1 45 124.94375
1 46 188.80631
1 47 174.85197
1 48 148.59979
1 49 132.64824
2 3 167.92294
2 4 152.88791
2 5 190.03457
2 6 187.59072
2 7 210.7186
2 8 142.19199
2 9 180.29046
2 10 141.6017
2 11 185.13303
2 12 187.64776
2 13 182.07575
2 14 145.7926
2 15 201.67207
2 16 167.18632
2 17 153.62398
2 18 140.09175
2 19 167.5737
2 20 185.05441
2 21 194.02211
2 22 205.00084
2 23 221.5233
2 24 147.04683
2 25 186.31544
2 26 204.61827
2 27 167.16214
2 28 178.21605
2 29 233.06372
2 30 160.72638
2 31 184.69303
2 32 154.00439
2 33 216.56497
2 34 176.79145
2 35 120.61645
2 36 188.1657
2 37 159.07843
2 38 186.61694
2 39 140.23766
2 40 136.23259
2 41 195.96646
2 42 147.74967
2 43 167.23615
2 44 170.18993
2 45 176.83395
2 46 110.14821
2 47 132.05175
2 48 160.93153
2 49 165.02083
3 4 117.89964
3 5 150.57665
3 6 120.21924
3 7 143.52804
3 8 154.52165
3 9 145.09579
3 10 148.98302
3 11 168.35761
3 12 138.67454
3 13 118.47031
3 14 133.83399
3 15 145.48015
3 16 124.84637
3 17 121.67774
3 18 141.49819
3 19 127.63607
3 20 159.79244
3 21 148.25306
3 22 138.80554
3 23 160.62876
3 24 141.00872
3 25 125.18629
3 26 136.85002
3 27 136.14501
3 28 119.70431
3 29 168.81558
3 30 162.76693
3 31 136.4081
3 32 113.92903
3 33 160.56338
3 34 138.14995
3 35 147.61324
3 36 123.52719
3 37 109.3459
3 38 172.13762
3 39 132.86098
3 40 140.39069
3 41 131.4268
3 42 132.99626
3 43 104.94421
3 44 117.23599
3 45 109.85784
3 46 160.57768
3 47 141.23426
3 48 114.54193
3 49 116.06327
4 5 162.85657
4 6 135.38216
4 7 160.99199
4 8 150.26773
4 9 139.21096
4 10 144.78242
4 11 175.2362
4 12 153.01729
4 13 136.00499
4 14 116.3646
4 15 162.14329
4 16 118.89177
4 17 122.89313
4 18 136.51865
4 19 120.86373
4 20 168.47644
4 21 162.26925
4 22 152.15048
4 23 178.33363
4 24 124.0836
4 25 133.697
4 26 153.86644
4 27 143.49812
4 28 135.68048
4 29 186.70758
4 30 163.35617
4 31 150.33948
4 32 109.20399
4 33 177.51052
4 34 148.86138
4 35 133.81003
4 36 135.28116
4 37 113.24761
4 38 178.6498
4 39 115.07609
4 40 133.34679
4 41 143.08957
4 42 115.89146
4 43 115.31365
4 44 130.25998
4 45 127.75541
4 46 146.99477
4 47 123.73796
4 48 108.30326
4 49 126.29745
5 6 156.84951
5 7 153.42205
5 8 152.2145
5 9 195.54425
5 10 150.07126
5 11 127.46061
5 12 114.01649
5 13 137.622
5 14 178.25154
5 15 124.11835
5 16 175.37292
5 17 142.5922
5 18 149.94548
5 19 178.15368
5 20 116.7138
5 21 108.10473
5 22 170.64178
5 23 142.73136
5 24 186.31309
5 25 170.00524
5 26 154.70553
5 27 123.18206
5 28 132.22389
5 29 157.93327
5 30 142.72129
5 31 115.01181
5 32 153.80806
5 33 132.404
5 34 114.48559
5 35 171.98487
5 36 164.90259
5 37 149.85786
5 38 131.17371
5 39 173.45921
5 40 153.99496
5 41 169.7368
5 42 178.28758
5 43 155.51743
5 44 133.55929
5 45 145.66429
5 46 179.96621
5 47 178.48578
5 48 163.92536
5 49 136.64924
6 7 127.56993
6 8 173.54714
6 9 144.94646
6 10 168.1339
6 11 179.85657
6 12 142.96182
6 13 119.41012
6 14 148.85933
6 15 142.63739
6 16 131.20138
6 17 140.81086
6 18 161.06845
6 19 133.43955
6 20 169.93017
6 21 151.80507
6 22 118.83198
6 23 151.21288
6 24 154.45739
6 25 114.33387
6 26 119.57087
6 27 149.88605
6 28 125.83187
6 29 155.4336
6 30 179.33824
6 31 141.89767
6 32 133.9269
6 33 155.18872
6 34 148.1621
6 35 167.53723
6 36 108.30202
6 37 129.56013
6 38 183.8077
6 39 150.15711
6 40 160.37422
6 41 113.46846
6 42 147.4708
6 43 120.37421
6 44 129.7456
6 45 114.53203
6 46 180.60976
6 47 159.00915
6 48 128.49167
6 49 131.86146
7 8 188.31227
7 9 170.48033
7 10 183.55677
7 11 180.53173
7 12 140.76462
7 13 129.35432
7 14 175.73653
7 15 130.68354
7 16 158.74715
7 17 158.73398
7 18 178.13569
7 19 160.91954
7 20 169.71597
7 21 145.86169
7 22 125.12566
7 23 127.81662
7 24 181.76966
7 25 139.33632
7 26 108.25682
7 27 158.11326
7 28 134.9888
7 29 128.22531
7 30 188.43748
7 31 141.66798
7 32 157.07426
7 33 136.29235
7 34 151.80716
7 35 190.13718
7 36 133.17037
7 37 151.76285
7 38 184.37706
7 39 176.06597
7 40 178.99938
7 41 131.21205
7 42 174.48778
7 43 145.727
7 44 142.80436
7 45 134.02404
7 46 202.608
7 47 184.65252
7 48 155.16448
7 49 147.35694
8 9 189.05918
8 10 105.60107
8 11 142.98156
8 12 154.40334
8 13 159.61902
8 14 156.55348
8 15 169.70352
8 16 169.15701
8 17 132.89482
8 18 113.76978
8 19 171.08368
8 20 143.89832
8 21 158.03872
8 22 192.34164
8 23 190.50078
8 24 163.05061
8 25 179.35839
8 26 184.71539
8 27 132.37485
8 28 153.38991
8 29 204.29994
8 30 118.99908
8 31 151.84105
8 32 144.09183
8 33 182.73753
8 34 141.69309
8 35 131.25474
8 36 178.02616
8 37 145.90819
8 38 144.4306
8 39 148.96849
8 40 117.38749
8 41 185.83638
8 42 157.88547
8 43 157.03389
8 44 145.9658
8 45 159.30329
8 46 132.37217
8 47 147.63902
8 48 157.42634
8 49 142.26559
9 10 183.6866
9 11 212.57761
9 12 183.00536
9 13 159.88162
9 14 135.4267
9 15 186.52623
9 16 121.13656
9 17 161.22581
9 18 175.43151
9 19 118.63806
9 20 204.59715
9 21 192.55571
9 22 148.63975
9 23 196.0466
9 24 133.32992
9 25 131.28012
9 26 162.26511
9 27 180.19106
9 28 163.7231
9 29 198.64631
9 30 202.53758
9 31 181.01965
9 32 147.22244
9 33 199.94616
9 34 183.2008
9 35 166.54014
9 36 137.63159
9 37 148.46108
9 38 216.21457
9 39 142.59611
9 40 171.78562
9 41 139.82129
9 42 133.57149
9 43 140.20802
9 44 162.32759
9 45 150.60365
9 46 178.2347
9 47 148.88774
9 48 133.72863
9 49 160.50778
10 11 143.95142
10 12 150.96053
10 13 154.64127
10 14 151.64
10 15 166.1492
10 16 163.66195
10 17 127.39862
10 18 108.26765
10 19 165.62332
10 20 143.47892
10 21 155.34177
10 22 186.94715
10 23 186.9109
10 24 158.37016
10 25 173.77566
10 26 179.71878
10 27 128.91677
10 28 148.57342
10 29 200.40609
10 30 121.97049
10 31 148.27669
10 32 138.49784
10 33 179.66857
10 34 138.53052
10 35 128.18066
10 36 172.49968
10 37 140.32235
10 38 145.8448
10 39 144.12289
10 40 112.36285
10 41 180.33246
10 42 152.9017
10 43 151.44602
10 44 140.97206
10 45 153.96581
10 46 131.50739
10 47 143.4228
10 48 151.86536
10 49 137.07237
11 12 139.92735
11 13 160.60535
11 14 187.95801
11 15 151.55787
11 16 191.48834
11 17 152.36042
11 18 148.33406
11 19 194.10824
11 20 110.82425
11 21 135.50105
11 22 195.69201
11 23 169.18635
11 24 195.7862
11 25 191.4576
11 26 181.0638
11 27 132.39861
11 28 154.02526
11 29 184.5046
11 30 125.73721
11 31 139.60233
11 32 166.21715
11 33 157.78784
11 34 131.69452
11 35 171.54018
11 36 187.28476
11 37 164.1644
11 38 103.96686
11 39 181.50755
11 40 153.42172
11 41 193.26209
11 42 188.58723
11 43 172.94262
11 44 151.71558
11 45 166.6011
11 46 175.19535
11 47 183.8059
11 48 179.00225
11 49 152.35843
12 13 123.94533
12 14 169.09455
12 15 115.3306
12 16 163.45961
12 17 135.82434
12 18 148.53994
12 19 166.25062
12 20 129.17799
12 21 109.58874
12 22 156.68817
12 23 136.11589
12 24 177.02529
12 25 156.36549
12 26 141.19421
12 27 122.06992
12 28 119.28605
12 29 150.30483
12 30 149.60573
12 31 102.98846
12 32 144.45837
12 33 129.03846
12 34 112.90331
12 35 168.14945
12 36 151.08925
12 37 139.76968
12 38 143.82891
12 39 165.2772
12 40 151.59204
12 41 155.74747
12 42 168.85157
12 43 143.58256
12 44 122.7609
12 45 132.53954
12 46 177.92619
12 47 171.43738
12 48 152.76086
12 49 127.03309
13 14 152.20028
13 15 127.38768
13 16 141.57426
13 17 129.39962
13 18 148.87276
13 19 144.3097
13 20 150.55875
13 21 133.19176
13 22 135.62488
13 23 142.33543
13 24 159.47224
13 25 132.42695
13 26 125.0964
13 27 131.92453
13 28 106.93423
13 29 151.58331
13 30 162.2874
13 31 122.61483
13 32 129.7961
13 33 142.19751
13 34 128.94949
13 35 161.46231
13 36 127.30683
13 37 124.26999
13 38 164.56646
13 39 150.56688
13 40 149.64515
13 41 132.6933
13 42 151.42958
13 43 122.69061
13 44 113.66926
13 45 109.56253
13 46 173.61159
13 47 158.4537
13 48 132.86309
13 49 118.00862
14 15 178.50789
14 16 122.00997
14 17 136.40516
14 18 143.76097
14 19 121.97408
14 20 182.28073
14 21 178.2024
14 22 163.37367
14 23 194.45985
14 24 108.07202
14 25 143.18107
14 26 168.17159
14 27 157.51848
14 28 152.04283
14 29 202.26419
14 30 172.54171
14 31 166.34843
14 32 124.65936
14 33 193.86929
14 34 163.96577
14 35 131.16889
14 36 146.6398
14 37 129.44308
14 38 191.09016
14 39 107.65458
14 40 139.28152
14 41 153.63914
14 42 101.95716
14 43 130.38926
14 44 146.40283
14 45 143.57213
14 46 142.87883
14 47 113.77072
14 48 120.57268
14 49 142.13225
15 16 168.92216
15 17 148.59118
15 18 163.29693
15 19 171.63995
15 20 140.83211
15 21 116.05875
15 22 151.69614
15 23 120.79735
15 24 186.1031
15 25 156.95364
15 26 133.90016
15 27 137.33693
15 28 126.48034
15 29 135.09654
15 30 164.46415
15 31 117.88031
15 32 154.55521
15 33 115.49765
15 34 128.21145
15 35 181.70272
15 36 150.87543
15 37 149.28366
15 38 155.21706
15 39 175.80922
15 40 165.99869
15 41 153.4631
15 42 177.94626
15 43 149.96349
15 44 133.09432
15 45 136.93865
15 46 192.16511
15 47 182.84136
15 48 160.01534
15 49 138.15755
16 17 140.15317
16 18 155.40205
16 19 102.79143
16 20 183.67603
16 21 173.04724
16 22 142.59876
16 23 181.32888
16 24 125.03486
16 25 122.06538
16 26 150.6448
16 27 159.12396
16 28 144.29451
16 29 186.60163
16 30 181.74341
16 31 161.24374
16 32 126.22653
16 33 183.33712
16 34 162.53718
16 35 150.26734
16 36 126.68351
16 37 127.33793
16 38 195.10589
16 39 126.99225
16 40 152.2012
16 41 132.70723
16 42 120.13528
16 43 119.90674
16 44 141.86418
16 45 132.01268
16 46 163.02462
16 47 135.28269
16 48 112.60288
16 49 139.63129
17 18 120.30578
17 19 142.58775
17 20 145.96952
17 21 143.90348
17 22 159.64193
17 23 167.98534
17 24 144.44719
17 25 146.7359
17 26 153.83202
17 27 121.11505
17 28 124.72651
17 29 179.50081
17 30 142.03093
17 31 132.85175
17 32 114.05749
17 33 163.87191
17 34 128.11248
17 35 133.27398
17 36 145.14185
17 37 113.66771
17 38 155.75729
17 39 130.98514
17 40 120.33222
17 41 152.94193
17 42 136.75769
17 43 124.6165
17 44 116.6244
17 45 126.90611
17 46 144.63997
17 47 136.00449
17 48 127.56788
17 49 111.55725
18 19 157.35611
18 20 146.09348
18 21 154.18383
18 22 179.89854
18 23 183.82054
18 24 150.72885
18 25 166.00115
18 26 173.75296
18 27 127.23229
18 28 143.27567
18 29 196.67551
18 30 128.96533
18 31 145.67821
18 32 130.41866
18 33 177.57023
18 34 136.96165
18 35 123.3897
18 36 165.01245
18 37 132.58573
18 38 150.71268
18 39 136.34563
18 40 105.12371
18 41 172.92371
18 42 144.94719
18 43 143.66313
18 44 135.33328
18 45 147.20107
18 46 130.02507
18 47 136.46272
18 48 143.66559
18 49 130.92816
19 20 186.36812
19 21 175.83834
19 22 143.98118
19 23 183.84148
19 24 124.09476
19 25 123.48508
19 26 152.77043
19 27 161.76494
19 28 147.08146
19 29 188.87275
19 30 184.00871
19 31 164.0349
19 32 128.59263
19 33 185.99979
19 34 165.28207
19 35 151.21855
19 36 128.48471
19 37 129.94394
19 38 197.70861
19 39 127.58217
19 40 154.00674
19 41 134.09089
19 42 120.04143
19 43 122.69724
19 44 144.6362
19 45 134.75106
19 46 163.80205
19 47 135.54683
19 48 115.12937
19 49 142.34946
20 21 124.7997
20 22 185.29461
20 23 158.95163
20 24 190.27129
20 25 182.01346
20 26 170.3597
20 27 124.97928
20 28 144.18004
20 29 174.24572
20 30 129.83743
20 31 129.00536
20 32 159.29876
20 33 147.90797
20 34 122.016
20 35 169.44279
20 36 177.56033
20 37 156.59395
20 38 114.66856
20 39 176.34296
20 40 150.93743
20 41 183.25007
20 42 182.70784
20 43 164.54137
20 44 142.74383
20 45 157.1267
20 46 174.93001
20 47 179.67206
20 48 171.40519
20 49 144.08942
21 22 164.319
21 23 134.83331
21 24 186.1842
21 25 165.49767
21 26 147.71263
21 27 126.9529
21 28 128.85572
21 29 149.9579
21 30 150.0778
21 31 111.97303
21 32 153.5437
21 33 125.08502
21 34 117.23846
21 35 175.16366
21 36 160.03122
21 37 149.03744
21 38 139.16114
21 39 174.07285
21 40 157.78981
21 41 164.22656
21 42 178.03573
21 43 153.16592
21 44 132.09479
21 45 142.0259
21 46 184.08915
21 47 179.8469
21 48 162.27947
21 49 136.0711
22 23 152.92147
22 24 167.56493
22 25 120.53564
22 26 118.39518
22 27 167.41767
22 28 142.53901
22 29 151.71513
22 30 197.45068
22 31 156.36445
22 32 152.14406
22 33 160.56051
22 34 164.31062
22 35 185.37765
22 36 116.9384
22 37 148.13368
22 38 199.65765
22 39 166.10947
22 40 179.13473
22 41 109.89596
22 42 161.71551
22 43 138.13627
22 44 147.79157
22 45 133.10892
22 46 198.55095
22 47 175.03024
22 48 144.355
22 49 150.42025
23 24 201.55328
23 25 164.8604
23 26 135.04821
23 27 158.13219
23 28 144.04065
23 29 115.3187
23 30 184.69027
23 31 138.66922
23 32 171.84402
23 33 112.36196
23 34 148.96154
23 35 201.25924
23 36 158.47434
23 37 166.35037
23 38 172.50334
23 39 192.85348
23 40 186.28514
23 41 158.2019
23 42 193.61072
23 43 164.39821
23 44 151.68369
23 45 150.99028
23 46 212.22579
23 47 200.54172
23 48 174.61968
23 49 156.89271
24 25 147.05947
24 26 173.98254
24 27 165.55426
24 28 159.69363
24 29 208.79181
24 30 179.66203
24 31 174.30339
24 32 132.65049
24 33 201.39204
24 34 172.03642
24 35 135.47488
24 36 151.2637
24 37 137.29179
24 38 198.86354
24 39 114.47987
24 40 146.03367
24 41 157.69037
24 42 108.19217
24 43 137.18272
24 44 154.29462
24 45 150.5637
24 46 145.83882
24 47 116.80486
24 48 127.02478
24 49 150.11581
25 26 131.08745
25 27 160.09899
25 28 138.0346
25 29 167.55788
25 30 187.87703
25 31 154.99517
25 32 136.03235
25 33 169.42598
25 34 160.00515
25 35 167.50249
25 36 106.38791
25 37 133.45454
25 38 195.35616
25 39 146.57347
25 40 164.22828
25 41 110.64198
25 42 141.45523
25 43 122.34111
25 44 139.89987
25 45 124.89131
25 46 180.69161
25 47 155.41613
25 48 125.45745
25 49 140.46852
26 27 155.98365
26 28 131.5396
26 29 136.48114
26 30 186.53762
26 31 141.5127
26 32 150.66781
26 33 142.17146
26 34 150.86169
26 35 184.14126
26 36 124.91383
26 37 145.54383
26 38 184.98697
26 39 168.89327
26 40 174.15993
26 41 123.26302
26 42 166.85578
26 43 138.55294
26 44 138.75693
26 45 127.83298
26 46 196.8585
26 47 177.60026
26 48 147.63982
26 49 142.83138
27 28 124.99807
27 29 171.9903
27 30 130.5554
27 31 119.46666
27 32 134.32639
27 33 150.78915
27 34 109.75851
27 35 148.80792
27 36 156.57858
27 37 131.84222
27 38 136.09276
27 39 151.90313
27 40 130.96809
27 41 163.31087
27 42 157.86379
27 43 140.62163
27 44 120.30875
27 45 135.71353
27 46 157.17966
27 47 156.06622
27 48 146.69302
27 49 120.08276
28 29 154.84846
28 30 155.40805
28 31 117.3685
28 32 128.17335
28 33 141.91051
28 34 122.33138
28 35 157.70468
28 36 133.38316
28 37 122.82898
28 38 157.97585
28 39 149.41534
28 40 144.52226
28 41 139.25689
28 42 151.51934
28 43 124.52083
28 44 108.12504
28 45 113.44041
28 46 169.35952
28 47 156.71196
28 48 134.12814
28 49 113.20538
29 30 199.51094
29 31 152.62003
29 32 181.31795
29 33 127.256
29 34 163.20482
29 35 212.54507
29 36 161.39097
29 37 175.80028
29 38 187.8189
29 39 201.65526
29 40 198.70301
29 41 159.08596
29 42 201.18453
29 43 171.87861
29 44 162.88872
29 45 158.95804
29 46 224.12353
29 47 209.83949
29 48 181.82772
29 49 168.04412
30 31 147.76211
30 32 155.55957
30 33 175.05949
30 34 137.06349
30 35 149.9698
30 36 185.27285
30 37 155.66321
30 38 126.3949
30 39 165.23364
30 40 133.85028
30 41 192.52837
30 42 173.62525
30 43 166.36386
30 44 149.68304
30 45 164.83673
30 46 151.13837
30 47 165.25178
30 48 169.30717
30 49 147.70718
31 32 141.69499
31 33 131.94035
31 34 110.73998
31 35 165.16683
31 36 149.90925
31 37 137.09756
31 38 143.54507
31 39 162.42666
31 40 148.6674
31 41 154.90892
31 42 166.1405
31 43 141.33953
31 44 120.128
31 45 130.77682
31 46 174.98963
31 47 168.5132
31 48 150.3305
31 49 124.23663
32 33 170.03422
32 34 139.71709
32 35 133.69178
32 36 135.98321
32 37 105.52613
32 38 169.68424
32 39 121.25506
32 40 128.24079
32 41 144.01564
32 42 124.534
32 43 114.11094
32 44 121.85808
32 45 123.05059
32 46 146.69897
32 47 128.70474
32 48 113.75102
32 49 117.47296
33 34 141.14148
33 35 196.81245
33 36 163.11546
33 37 164.73613
33 38 160.94286
33 39 191.28928
33 40 180.60511
33 41 164.30672
33 42 193.25925
33 43 164.88809
33 44 148.58263
33 45 151.61729
33 46 206.91249
33 47 198.33711
33 48 175.04336
33 49 153.62272
34 35 158.10318
34 36 155.64266
34 37 136.13134
34 38 135.64719
34 39 159.01965
34 40 140.56181
34 41 161.57199
34 42 164.0735
34 43 142.99908
34 44 120.93914
34 45 135.11509
34 46 166.85085
34 47 164.00607
34 48 150.6219
34 49 123.04404
35 36 168.73603
35 37 138.60946
35 38 173.7267
35 39 124.0
35 40 118.51526
35 41 176.67332
35 42 132.98246
35 43 147.31057
35 44 149.73026
35 45 156.32144
35 46 113.20685
35 47 118.69664
35 48 142.08952
35 49 144.53739
36 37 132.54999
36 38 191.21676
36 39 149.17696
36 40 163.71862
36 41 108.03249
36 42 145.03812
36 43 121.87448
36 44 136.27056
36 45 120.87803
36 46 181.93594
36 47 158.09975
36 48 127.4196
36 49 137.56951
37 38 167.76963
37 39 126.61302
37 40 131.1766
37 41 140.53396
37 42 129.10494
37 43 111.12746
37 44 117.01369
37 45 117.7701
37 46 151.44468
37 47 134.21677
37 48 114.85084
37 49 113.20862
38 39 184.52259
38 40 155.82783
38 41 197.21792
38 42 191.7687
38 43 176.68998
38 44 155.57554
38 45 170.51209
38 46 176.78254
38 47 186.53974
38 48 182.58934
38 49 156.11283
39 40 131.76047
39 41 156.65461
39 42 109.22813
39 43 130.36053
39 44 142.97542
39 45 142.70896
39 46 136.25996
39 47 108.92551
39 48 121.84941
39 49 138.28543
40 41 171.71008
40 42 140.5605
40 43 142.01769
40 44 136.42771
40 45 146.98418
40 46 126.35873
40 47 131.43982
40 48 140.91049
40 49 131.65464
41 42 151.95105
41 43 129.90689
41 44 143.09772
41 45 127.72937
41 46 189.87826
41 47 165.55393
41 48 135.07757
41 49 144.86662
42 43 129.36357
42 44 146.11236
42 45 142.6535
42 46 144.78675
42 47 115.72425
42 48 119.37729
42 49 141.97757
43 44 122.12562
43 45 113.43195
43 46 160.45184
43 47 139.04842
43 48 110.23558
43 49 120.58466
44 45 115.41743
44 46 161.26437
44 47 149.76424
44 48 130.40946
44 49 105.21129
45 46 169.02952
45 47 151.01968
45 48 123.6675
45 49 117.3454
46 47 129.38139
46 48 155.26017
46 49 156.16223
47 48 130.76943
47 49 144.80965
48 49 127.58208
