50 12
0 1 153.84217
0 2 170.08297
0 3 152.48595
0 4 152.0992
0 5 121.55395
0 6 139.0103
0 7 122.02991
0 8 134.73565
0 9 111.11494
0 10 133.50964
0 11 128.83084
0 12 152.59226
0 13 120.48636
0 14 125.41782
0 15 110.00523
0 16 154.17852
0 17 118.677
0 18 178.27045
0 19 163.21201
0 20 164.83943
0 21 143.11426
0 22 124.42972
0 23 183.3316
0 24 119.63008
0 25 126.39356
0 26 173.79153
0 27 132.54569
0 28 104.72682
0 29 171.47469
0 30 164.64667
0 31 152.77062
0 32 174.93402
0 33 110.62124
0 34 164.57071
0 35 152.50369
0 36 108.49021
0 37 155.56249
0 38 138.0226
0 39 181.12141
0 40 158.00062
0 41 121.64475
0 42 115.57966
0 43 158.31764
0 44 152.83662
0 45 121.62073
0 46 123.96665
0 47 173.22857
0 48 159.23073
0 49 106.65662
1 2 118.26256
1 3 128.36628
1 4 117.13315
1 5 138.8543
1 6 131.60751
1 7 173.57514
1 8 137.87216
1 9 143.95877
1 10 148.3501
1 11 138.33204
1 12 159.94991
1 13 134.83316
1 14 136.73102
1 15 163.27183
1 16 151.62453
1 17 170.71115
1 18 124.69792
1 19 118.37679
1 20 139.85763
1 21 126.84393
1 22 172.4825
1 23 133.63719
1 24 157.06618
1 25 163.52722
1 26 120.0749
1 27 144.15706
1 28 149.13786
1 29 172.23426
1 30 168.10708
1 31 164.51642
1 32 174.54593
1 33 146.3707
1 34 115.4817
1 35 148.17966
1 36 162.23075
1 37 153.21575
1 38 124.68645
1 39 127.71299
1 40 122.6167
1 41 175.48691
1 42 162.89052
1 43 146.88039
1 44 127.95691
1 45 162.83309
1 46 177.50139
1 47 121.08537
1 48 138.78856
1 49 147.99956
2 3 130.00492
2 4 132.86616
2 5 152.33377
2 6 149.50751
2 7 188.29793
2 8 147.0215
2 9 160.96351
2 10 157.43822
2 11 156.59438
2 12 177.05579
2 13 149.99915
2 14 149.36969
2 15 178.98033
2 16 168.00594
2 17 185.70801
2 18 116.399
2 19 127.82224
2 20 135.3279
2 21 144.37148
2 22 186.19685
2 23 115.53061
2 24 169.91383
2 25 175.36594
2 26 108.12087
2 27 162.35371
2 28 165.48871
2 29 171.80467
2 30 169.23497
2 31 169.04844
2 32 173.40112
2 33 161.4862
2 34 122.49592
2 35 150.61698
2 36 178.22817
2 37 169.48945
2 38 142.85324
2 39 111.99175
2 40 135.89466
2 41 191.57183
2 42 177.09986
2 43 146.72085
2 44 129.40518
2 45 180.7906
2 46 194.02103
2 47 119.41422
2 48 137.10759
2 49 163.82955
3 4 143.72964
3 5 131.13692
3 6 151.33364
3 7 165.73817
3 8 120.39715
3 9 147.05338
3 10 129.51244
3 11 152.54201
3 12 180.17716
3 13 132.91893
3 14 127.31425
3 15 159.15519
3 16 174.11157
3 17 163.83355
3 18 145.6016
3 19 146.7093
3 20 114.22024
3 21 148.83805
3 22 161.98177
3 23 136.54213
3 24 145.36968
3 25 149.12581
3 26 137.64167
3 27 159.77139
3 28 148.75446
3 29 144.0217
3 30 140.35536
3 31 139.05514
3 32 146.22784
3 33 142.07519
3 34 143.23419
3 35 120.88573
3 36 159.2029
3 37 175.82871
3 38 143.77534
3 39 141.55032
3 40 150.27893
3 41 171.91056
3 42 154.25045
3 43 118.53974
3 44 100.61163
3 45 169.55272
3 46 175.46636
3 47 145.82555
3 48 110.93544
3 49 145.84813
4 5 143.67039
4 6 118.64559
4 7 173.75004
4 8 147.69353
4 9 141.05814
4 10 157.20837
4 11 128.58722
4 12 144.27337
4 13 137.48175
4 14 142.98606
4 15 162.09499
4 16 135.16227
4 17 170.52873
4 18 131.21259
4 19 111.49758
4 20 156.34728
4 21 112.81943
4 22 174.33414
4 23 148.23556
4 24 161.0229
4 25 168.39388
4 26 130.98626
4 27 132.37476
4 28 147.50904
4 29 186.41669
4 30 181.60241
4 31 176.06509
4 32 189.01559
4 33 147.62185
4 34 114.68077
4 35 161.765
4 36 160.50001
4 37 136.67214
4 38 114.74642
4 39 138.73156
4 40 107.27053
4 41 172.95412
4 42 164.4547
4 43 161.748
4 44 143.426
4 45 154.97743
4 46 173.89874
4 47 124.19291
4 48 154.57239
4 49 147.66193
5 6 138.46064
5 7 136.09164
5 8 113.65113
5 9 118.93555
5 10 116.74199
5 11 132.945
5 12 161.95119
5 13 107.2355
5 14 103.86632
5 15 128.13864
5 16 159.71897
5 17 133.70317
5 18 163.35481
5 19 152.95186
5 20 143.28898
5 21 139.80826
5 22 133.94241
5 23 164.06926
5 24 118.21902
5 25 125.01211
5 26 157.46757
5 27 139.66622
5 28 118.33806
5 29 154.34512
5 30 147.8884
5 31 138.0015
5 32 157.66995
5 33 110.98709
5 34 152.59364
5 35 132.48533
5 36 128.07889
5 37 161.3823
5 38 133.46411
5 39 164.065
5 40 150.75524
5 41 140.95875
5 42 124.77933
5 43 137.53103
5 44 131.5247
5 45 140.75515
5 46 144.36154
5 47 159.81512
5 48 137.71652
5 49 115.04595
6 7 161.00148
6 8 147.45923
6 9 128.18333
6 10 154.70004
6 11 111.15624
6 12 129.15659
6 13 131.241
6 14 139.4803
6 15 148.77093
6 16 122.97824
6 17 157.61667
6 18 149.83124
6 19 129.66029
6 20 165.35667
6 21 105.87057
6 22 163.07653
6 23 165.03131
6 24 152.71742
6 25 160.48398
6 26 148.98115
6 27 113.73362
6 28 135.00193
6 29 189.4366
6 30 183.67534
6 31 175.56379
6 32 192.45192
6 33 137.978
6 34 133.32282
6 35 165.03612
6 36 146.79431
6 37 124.70969
6 38 107.63405
6 39 156.8535
6 40 121.63535
6 41 158.02681
6 42 153.4913
6 43 167.08426
6 44 151.23715
6 45 137.21494
6 46 158.16746
6 47 142.82871
6 48 162.05994
6 49 136.40117
7 8 145.51488
7 9 133.09246
7 10 139.00026
7 11 150.58459
7 12 171.36851
7 13 138.75634
7 14 139.41363
7 15 112.29839
7 16 174.61996
7 17 103.41361
7 18 198.26825
7 19 184.63539
7 20 175.57351
7 21 165.13836
7 22 107.21357
7 23 200.10965
7 24 120.79134
7 25 120.80027
7 26 193.00339
7 27 153.44394
7 28 126.364
7 29 171.05998
7 30 164.31193
7 31 151.39778
7 32 174.4551
7 33 127.20573
7 34 185.56978
7 35 158.65862
7 36 114.4824
7 37 175.85642
7 38 159.94756
7 39 199.8894
7 40 179.86469
7 41 111.72651
7 42 111.50206
7 43 165.67936
7 44 166.22082
7 45 135.03123
7 46 116.67386
7 47 193.82713
7 48 169.60159
7 49 126.16567
8 9 132.41907
8 10 110.59914
8 11 144.23843
8 12 173.47662
8 13 118.93865
8 14 110.15135
8 15 139.91369
8 16 169.95594
8 17 143.78211
8 18 160.57271
8 19 154.833
8 20 130.5946
8 21 147.33579
8 22 141.58684
8 23 156.26087
8 24 124.99171
8 25 128.94684
8 26 153.53028
8 27 151.35699
8 28 131.88763
8 29 142.3135
8 30 136.29589
8 31 128.59782
8 32 145.4839
8 33 124.13979
8 34 153.11842
8 35 119.10587
8 36 140.3183
8 37 171.6697
8 38 141.09332
8 39 159.01077
8 40 154.95841
8 41 152.41715
8 42 134.08062
8 43 123.8799
8 44 120.91924
8 45 154.40627
8 46 156.3131
8 47 158.62477
8 48 124.77129
8 49 128.45935
9 10 134.66638
9 11 118.6637
9 12 145.28664
9 13 114.26709
9 14 122.27072
9 15 121.11223
9 16 145.2274
9 17 129.76526
9 18 168.02418
9 19 152.25592
9 20 160.46343
9 21 132.06107
9 22 134.8952
9 23 174.9206
9 24 126.14947
9 25 133.79661
9 26 164.02883
9 27 123.67221
9 28 106.82325
9 29 172.93118
9 30 166.33015
9 31 155.57736
9 32 176.30542
9 33 111.76738
9 34 153.82659
9 35 151.40404
9 36 119.44399
9 37 146.73718
9 38 126.90776
9 39 171.56266
9 40 146.89001
9 41 132.10195
9 42 125.38249
9 43 156.19985
9 44 147.30071
9 45 122.54364
9 46 133.6468
9 47 162.67115
9 48 155.29648
9 49 108.67577
10 11 149.68462
10 12 178.66805
10 13 123.83908
10 14 115.22317
10 15 136.05401
10 16 176.37944
10 17 137.91196
10 18 171.16714
10 19 164.96102
10 20 136.98581
10 21 155.41583
10 22 133.95718
10 23 165.97051
10 24 118.3508
10 25 120.04546
10 26 164.07714
10 27 156.38832
10 28 132.00183
10 29 138.37708
10 30 131.69702
10 31 121.26202
10 32 141.79168
10 33 123.90386
10 34 163.4821
10 35 119.94458
10 36 137.05959
10 37 178.05356
10 38 149.05764
10 39 169.41183
10 40 164.47175
10 41 147.61066
10 42 128.18353
10 43 126.74033
10 44 130.09078
10 45 154.77375
10 46 152.01033
10 47 169.18595
10 48 131.00684
10 49 128.33858
11 12 129.2441
11 13 125.91937
11 14 134.93792
11 15 138.29013
11 16 127.07645
11 17 147.17639
11 18 159.18359
11 19 139.99335
11 20 166.75858
11 21 116.56694
11 22 153.21404
11 23 171.88914
11 24 144.51297
11 25 152.2484
11 26 157.30204
11 27 107.29959
11 28 125.26951
11 29 186.51271
11 30 180.3232
11 31 170.93653
11 32 189.71362
11 33 129.73444
11 34 143.09245
11 35 162.95462
11 36 136.20101
11 37 128.68139
11 38 114.31778
11 39 165.20453
11 40 132.54126
11 41 147.00723
11 42 143.9274
11 43 166.16301
11 44 152.57591
11 45 126.42198
11 46 147.03218
11 47 152.576
11 48 162.64956
11 49 127.29809
12 13 155.07089
12 14 164.13408
12 15 159.82937
12 16 110.77047
12 17 168.10412
12 18 173.8714
12 19 152.51835
12 20 194.30772
12 21 133.14385
12 22 175.96013
12 23 192.49211
12 24 171.15464
12 25 178.56541
12 26 175.0437
12 27 122.2857
12 28 150.63775
12 29 215.75667
12 30 209.55043
12 31 199.92463
12 32 218.95619
12 33 157.05193
12 34 157.4888
12 35 192.10153
12 36 157.42744
12 37 110.20877
12 38 136.782
12 39 182.59219
12 40 143.1497
12 41 163.79407
12 42 168.06745
12 43 194.99769
12 44 180.11971
12 45 137.30358
12 46 161.6107
12 47 166.26963
12 48 190.7315
12 49 153.63394
13 14 109.09259
13 15 128.98429
13 16 152.54522
13 17 135.95242
13 18 159.53105
13 19 147.35214
13 20 146.2023
13 21 132.75888
13 22 137.84668
13 23 162.89609
13 24 123.55194
13 25 130.93473
13 26 154.30666
13 27 132.80421
13 28 116.22952
13 29 160.82709
13 30 154.5154
13 31 145.05182
13 32 164.09116
13 33 111.58256
13 34 147.52284
13 35 138.03403
13 36 128.31828
13 37 154.21656
13 38 126.45163
13 39 161.34917
13 40 144.40809
13 41 141.64363
13 42 128.12539
13 43 142.3156
13 44 133.19481
13 45 136.8045
13 46 144.38534
13 47 155.3338
13 48 141.03639
13 49 113.96443
14 15 131.88299
14 16 161.33138
14 17 137.15262
14 18 160.97798
14 19 151.70578
14 20 139.43048
14 21 140.27353
14 22 136.83899
14 23 160.69916
14 24 120.62083
14 25 126.79657
14 26 154.8092
14 27 141.88168
14 28 122.13201
14 29 151.73528
14 30 145.42975
14 31 136.21644
14 32 155.00369
14 33 114.85203
14 34 150.97523
14 35 129.20812
14 36 131.88865
14 37 163.01956
14 38 133.90727
14 39 161.20094
14 40 150.18041
14 41 144.68184
14 42 127.98925
14 43 133.96126
14 44 127.71177
14 45 144.37466
14 46 148.15689
14 47 157.79999
14 48 133.87854
14 49 118.89146
15 16 162.56239
15 17 108.88725
15 18 187.83924
15 19 173.17507
15 20 170.50623
15 21 153.03327
15 22 116.14617
15 23 191.69694
15 24 118.65427
15 25 123.05415
15 26 183.07666
15 27 141.23726
15 28 114.60881
15 29 172.17415
15 30 165.29153
15 31 152.72394
15 32 175.64401
15 33 117.64953
15 34 174.43418
15 35 155.91896
15 36 102.41242
15 37 163.84242
15 38 148.0174
15 39 190.2567
15 40 168.00205
15 41 112.83318
15 42 110.15694
15 43 162.38196
15 44 159.5692
15 45 124.87122
15 46 116.40186
15 47 182.98426
15 48 164.67567
15 49 115.27522
16 17 171.24591
16 18 163.73915
16 19 142.4617
16 20 187.99646
16 21 125.50574
16 22 178.39937
16 23 183.28029
16 24 171.35255
16 25 179.02353
16 26 165.41038
16 27 121.68548
16 28 151.38674
16 29 212.15746
16 30 206.25127
16 31 197.54017
16 32 215.22622
16 33 156.68091
16 34 147.59277
16 35 187.90268
16 36 160.23548
16 37 101.73184
16 38 130.37363
16 39 172.7954
16 40 133.14144
16 41 168.41319
16 42 169.73021
16 43 190.06196
16 44 173.98445
16 45 142.61498
16 46 166.9092
16 47 156.09953
16 48 184.91504
16 49 153.88895
17 18 195.38751
17 19 181.47039
17 20 174.09697
17 21 161.79119
17 22 109.00696
17 23 197.77231
17 24 119.56191
17 25 120.84085
17 26 190.25457
17 27 150.04054
17 28 123.07393
17 29 171.26852
17 30 164.46053
17 31 151.58583
17 32 174.69422
17 33 124.37073
17 34 182.49289
17 35 157.75573
17 36 111.07318
17 37 172.49133
17 38 156.64764
17 39 197.22397
17 40 176.58812
17 41 110.60202
17 42 109.7912
17 43 164.65218
17 44 164.29941
17 45 132.00603
17 46 115.55057
17 47 190.83266
17 48 168.14782
17 49 123.04703
18 19 121.35763
18 20 151.72507
18 21 144.02996
18 22 197.12876
18 23 124.52467
18 24 181.50764
18 25 187.69504
18 26 108.27813
18 27 163.53371
18 28 173.5471
18 29 188.14819
18 30 185.41523
18 31 184.55143
18 32 189.78423
18 33 171.0626
18 34 116.66242
18 35 166.44827
18 36 186.7139
18 37 164.97004
18 38 144.87669
18 39 110.73611
18 40 130.72585
18 41 199.88975
18 42 187.57437
18 43 162.93373
18 44 145.02392
18 45 185.17125
18 46 201.67088
18 47 107.65392
18 48 153.39528
18 49 172.58818
19 20 157.56168
19 21 123.79511
19 22 184.83821
19 23 142.0235
19 24 170.82317
19 25 177.94327
19 26 123.43452
19 27 143.34041
19 28 158.56636
19 29 190.61097
19 30 186.43526
19 31 182.37557
19 32 192.91521
19 33 158.0632
19 34 105.42496
19 35 166.48846
19 36 171.66082
19 37 143.73996
19 38 126.24123
19 39 130.45643
19 40 109.36906
19 41 184.26829
19 42 174.97319
19 43 165.23995
19 44 146.28476
19 45 166.41026
19 46 185.31778
19 47 113.80107
19 48 156.96873
19 49 158.474
20 21 162.58228
20 22 170.90358
20 23 135.67985
20 24 154.7888
20 25 156.96761
20 26 143.44777
20 27 173.9913
20 28 161.47753
20 29 136.88885
20 30 135.31338
20 31 138.70014
20 32 138.2245
20 33 154.23914
20 34 153.35339
20 35 120.41606
20 36 170.86441
20 37 189.70385
20 38 157.75711
20 39 144.97303
20 40 162.42202
20 41 182.98966
20 42 164.31819
20 43 113.82942
20 44 114.2187
20 45 183.00579
20 46 186.90682
20 47 153.84651
20 48 105.98544
20 49 158.31765
21 22 166.73514
21 23 159.89798
21 24 155.3227
21 25 163.02518
21 26 143.43009
21 27 119.59457
21 28 138.85296
21 29 188.66361
21 30 183.1705
21 31 175.82307
21 32 191.56207
21 33 140.85563
21 34 127.48045
21 35 164.02442
21 36 151.17301
21 37 127.19055
21 38 106.36742
21 39 151.26915
21 40 115.97469
21 41 162.86091
21 42 156.99289
21 43 165.44857
21 44 148.67819
21 45 142.89334
21 46 163.25888
21 47 136.97861
21 48 159.71999
21 49 139.82643
22 23 197.2417
22 24 116.64627
22 25 114.56652
22 26 191.4022
22 27 156.87227
22 28 128.08578
22 29 164.26467
22 30 157.57477
22 31 144.6618
22 32 167.63256
22 33 126.77532
22 34 185.31661
22 35 153.13344
22 36 118.55673
22 37 179.72801
22 38 161.1646
22 39 197.98509
22 40 180.78785
22 41 118.91047
22 42 109.87976
22 43 160.30324
22 44 162.4983
22 45 140.60691
22 46 123.87441
22 47 193.16658
22 48 164.91851
22 49 126.93597
23 24 180.643
23 25 185.20519
23 26 118.77619
23 27 177.79278
23 28 178.88353
23 29 172.10158
23 30 170.97821
23 31 173.55909
23 32 173.00513
23 33 174.04905
23 34 136.59904
23 35 154.73742
23 36 191.18477
23 37 184.7286
23 38 158.30825
23 39 113.99241
23 40 150.69565
23 41 204.46848
23 42 188.6829
23 43 149.15971
23 44 135.94735
23 45 195.50992
23 46 207.27545
23 47 130.77575
23 48 139.6447
23 49 176.86049
24 25 107.7743
24 26 175.42871
24 27 149.81959
24 28 120.55563
24 29 153.53087
24 30 146.64726
24 31 134.15858
24 32 157.00218
24 33 114.82528
24 34 170.70853
24 35 138.22917
24 36 120.16106
24 37 172.87595
24 38 149.23924
24 39 181.78702
24 40 167.89375
24 41 129.39232
24 42 109.8524
24 43 145.09109
24 44 145.87988
24 45 140.95652
24 46 133.94135
24 47 178.03285
24 48 148.81403
24 49 117.56179
25 26 181.28818
25 27 157.43898
25 28 127.93538
25 29 150.42882
25 30 143.62847
25 31 130.74556
25 32 153.85338
25 33 122.59475
25 34 177.58173
25 35 138.6667
25 36 125.03672
25 37 180.53252
25 38 156.90342
25 39 187.32788
25 40 175.34276
25 41 131.41244
25 42 112.92361
25 43 145.89318
25 44 149.67894
25 45 147.02892
25 46 136.30494
25 47 184.59087
25 48 151.00216
25 49 125.14907
26 27 162.39899
26 28 169.10653
26 29 179.89478
26 30 177.23509
26 31 176.67724
26 32 181.51308
26 33 165.88871
26 34 118.04267
26 35 158.41616
26 36 182.12651
26 37 166.78267
26 38 143.08841
26 39 107.90764
26 40 132.40895
26 41 195.42491
26 42 182.04047
26 43 154.73488
26 44 137.05385
26 45 182.57749
26 46 197.53516
26 47 112.32742
26 48 145.16264
26 49 167.80887
27 28 129.70755
27 29 193.56774
27 30 187.31069
27 31 177.64791
27 32 196.79486
27 33 135.30216
27 34 147.05437
27 35 170.16206
27 36 138.97077
27 37 123.13505
27 38 119.50309
27 39 170.29825
27 40 134.99688
27 41 148.33803
27 42 148.06842
27 43 173.44846
27 44 159.79386
27 45 124.72565
27 46 147.60541
27 47 156.56189
27 48 169.9306
27 49 132.29011
28 29 170.32607
28 30 163.5735
28 31 152.14267
28 32 173.75877
28 33 108.12378
28 34 159.86753
28 35 150.24793
28 36 113.20886
28 37 152.84186
28 38 133.58357
28 39 176.46452
28 40 153.51424
28 41 126.35517
28 42 118.65934
28 43 155.70991
28 44 149.07611
28 45 122.85178
28 46 128.53276
28 47 168.50557
28 48 155.99493
28 49 103.66333
29 30 106.88384
29 31 119.6836
29 32 103.47347
29 33 162.25912
29 34 187.25475
29 35 124.73519
29 36 173.66787
29 37 213.87868
29 38 182.65448
29 39 181.84961
29 40 193.36944
29 41 181.82262
29 42 162.66975
29 43 125.5514
29 44 144.49282
29 45 192.97902
29 46 186.67896
29 47 189.41691
29 48 134.78829
29 49 166.66531
30 31 112.91727
30 32 110.35635
30 33 155.52987
30 34 183.35938
30 35 119.95759
30 36 166.78427
30 37 207.96546
30 38 177.06485
30 39 179.80501
30 40 188.66481
30 41 175.00031
30 42 155.80549
30 43 122.51722
30 44 140.87562
30 45 186.17713
30 46 179.84429
30 47 186.14541
30 48 132.19725
30 49 159.91636
31 32 123.11025
31 33 144.28453
31 34 179.99805
31 35 118.83454
31 36 154.31591
31 37 199.22412
31 38 169.52635
31 39 180.43842
31 40 183.30116
31 41 162.14495
31 42 143.07399
31 43 124.88208
31 44 139.65057
31 45 174.38871
31 46 167.0107
31 47 184.12674
31 48 133.96892
31 49 148.53025
32 33 165.68425
32 34 189.4349
32 35 127.54388
32 36 177.14062
32 37 216.94999
32 38 185.59977
32 39 183.17107
32 40 195.91154
32 41 185.25519
32 42 166.1268
32 43 127.68873
32 44 146.67497
32 45 196.42845
32 46 190.11809
32 47 191.30416
32 48 136.60457
32 49 170.09707
33 34 158.63009
33 35 142.20875
33 36 117.29729
33 37 158.2318
33 38 134.94363
33 39 172.906
33 40 154.2048
33 41 130.45099
33 42 116.91313
33 43 147.82546
33 44 142.44841
33 45 130.97063
33 46 133.58165
33 47 166.69715
33 48 148.61313
33 49 104.47913
34 35 163.48879
34 36 173.05894
34 37 148.91362
34 38 128.92755
34 39 125.20944
34 40 114.4616
34 41 185.92844
34 42 175.51047
34 43 161.7538
34 44 142.77066
34 45 169.37063
34 46 187.26682
34 47 109.51569
34 48 153.15477
34 49 159.4471
35 36 156.8139
35 37 189.63117
35 38 158.09347
35 39 161.80063
35 40 168.7799
35 41 167.55139
35 42 148.08044
35 43 107.34306
35 44 121.44891
35 45 173.03366
35 46 171.95087
35 47 166.64831
35 48 115.24802
35 49 146.66905
36 37 161.50389
36 38 146.28718
36 39 189.39009
36 40 166.28889
36 41 113.34366
36 42 112.24483
36 43 163.13941
36 44 159.59829
36 45 122.54017
36 46 116.29425
36 47 181.71427
36 48 165.08502
36 49 114.39916
37 38 132.09828
37 39 174.1228
37 40 134.45272
37 41 169.4718
37 42 171.12753
37 43 191.79358
37 44 175.69975
37 45 143.52167
37 46 167.87007
37 47 157.32253
37 48 186.63653
37 49 155.38897
38 39 150.996
38 40 120.00349
38 41 158.45231
38 42 151.35089
38 43 159.82609
38 44 143.66581
38 45 140.44498
38 46 159.23776
38 47 138.36281
38 48 154.54807
38 49 134.23303
39 40 139.671
39 41 202.71785
39 42 188.78337
39 43 157.34915
39 44 140.94202
39 45 190.40351
39 46 204.95771
39 47 117.71069
39 48 147.62891
39 49 175.02203
40 41 178.39617
40 42 170.92257
40 43 168.50315
40 44 149.93973
40 45 158.8356
40 46 179.01738
40 47 123.14903
40 48 161.01108
40 49 153.94726
41 42 119.58135
41 43 174.27023
41 44 172.3339
41 45 126.52028
41 46 104.98415
41 47 194.73035
41 48 177.10754
41 49 127.74261
42 43 154.91763
42 44 154.72971
42 45 134.62791
42 46 124.22309
42 47 183.45587
42 48 158.36474
42 49 117.16711
43 44 118.98698
43 45 178.28615
43 46 178.56715
43 47 163.91403
43 48 109.72469
43 49 152.22143
44 45 169.7851
44 46 175.86829
44 47 145.28977
44 48 111.17672
44 49 146.19404
45 46 124.40573
45 47 178.80301
45 48 177.80656
45 49 126.49406
46 47 196.24642
46 48 181.07002
46 49 130.42462
47 48 154.69961
47 49 167.84453
48 49 152.76246
