50 15
0 1 148.26641
0 2 182.03657
0 3 139.25664
0 4 126.67159
0 5 137.17203
0 6 154.92027
0 7 166.004
0 8 142.63575
0 9 160.81344
0 10 138.96088
0 11 113.29611
0 12 114.95325
0 13 150.6533
0 14 138.40593
0 15 152.60957
0 16 182.9692
0 17 121.95859
0 18 135.76123
0 19 130.91827
0 20 187.46713
0 21 166.74757
0 22 201.98103
0 23 151.71606
0 24 138.39225
0 25 172.10514
0 26 106.87423
0 27 185.49377
0 28 195.30777
0 29 179.98376
0 30 132.15839
0 31 140.61325
0 32 121.52255
0 33 179.61773
0 34 191.02478
0 35 111.47016
0 36 164.78858
0 37 173.23899
0 38 148.20312
0 39 148.28136
0 40 115.78177
0 41 135.09121
0 42 137.33409
0 43 192.42853
0 44 186.19909
0 45 189.97211
0 46 192.06058
0 47 146.58214
0 48 200.45056
0 49 172.76857
1 2 202.43716
1 3 186.13849
1 4 121.97199
1 5 148.26751
1 6 150.93089
1 7 164.86158
1 8 161.89465
1 9 127.50497
1 10 173.16617
1 11 135.7819
1 12 156.28708
1 13 193.09694
1 14 178.56729
1 15 195.16388
1 16 182.67285
1 17 157.84069
1 18 125.60603
1 19 173.12972
1 20 194.96522
1 21 132.08751
1 22 172.5011
1 23 158.73027
1 24 131.35087
1 25 194.47724
1 26 145.51037
1 27 179.10176
1 28 208.61958
1 29 157.14121
1 30 128.62491
1 31 187.15358
1 32 167.74779
1 33 173.98654
1 34 184.00479
1 35 154.26472
1 36 165.95659
1 37 139.17358
1 38 149.20043
1 39 175.79404
1 40 137.38562
1 41 177.90624
1 42 111.48696
1 43 170.84353
1 44 192.37239
1 45 181.72624
1 46 193.19047
1 47 122.73982
1 48 213.63142
1 49 176.65283
2 3 170.41678
2 4 193.34905
2 5 154.78346
2 6 154.93995
2 7 145.14601
2 8 142.2586
2 9 187.92981
2 10 144.9847
2 11 181.54455
2 12 167.68618
2 13 154.16074
2 14 152.03936
2 15 154.42437
2 16 139.52074
2 17 160.15666
2 18 176.99516
2 19 158.69382
2 20 125.58209
2 21 190.07473
2 22 193.37144
2 23 144.19441
2 24 171.089
2 25 110.05044
2 26 176.72554
2 27 149.95697
2 28 118.1531
2 29 175.40447
2 30 174.66139
2 31 168.82516
2 32 169.97814
2 33 148.6533
2 34 151.77644
2 35 171.04714
2 36 142.38835
2 37 190.47878
2 38 154.00051
2 39 133.91762
2 40 194.6103
2 41 158.17199
2 42 198.63569
2 43 176.28011
2 44 127.94286
2 45 153.65425
2 46 137.83588
2 47 216.68719
2 48 121.92895
2 49 134.51604
3 4 165.45186
3 5 155.05575
3 6 173.22315
3 7 178.18359
3 8 149.29565
3 9 192.29377
3 10 130.48815
3 11 150.43399
3 12 130.39595
3 13 118.61934
3 14 119.97394
3 15 119.65728
3 16 189.75814
3 17 132.12248
3 18 167.52314
3 19 117.63435
3 20 186.7907
3 21 197.74613
3 22 225.7257
3 23 163.62065
3 24 166.92033
3 25 161.08962
3 26 140.66065
3 27 196.33239
3 28 187.81051
3 29 202.67968
3 30 163.2959
3 31 102.0399
3 32 118.39072
3 33 191.2171
3 34 201.22532
3 35 131.94365
3 36 175.66573
3 37 202.98947
3 38 166.34173
3 39 141.88233
3 40 154.44383
3 41 114.58554
3 42 175.86807
3 43 212.35405
3 44 186.94733
3 45 201.26695
3 46 195.76474
3 47 185.67294
3 48 192.1713
3 49 178.92527
4 5 139.25479
4 6 149.99079
4 7 163.81648
4 8 151.09973
4 9 140.94329
4 10 157.19152
4 11 115.44736
4 12 136.79732
4 13 174.44443
4 14 160.53481
4 15 176.49209
4 16 182.25503
4 17 140.18046
4 18 121.91815
4 19 154.16795
4 20 191.41488
4 21 146.76728
4 22 186.06725
4 23 153.17759
4 24 128.04307
4 25 184.27742
4 26 125.0497
4 27 181.44333
4 28 202.85574
4 29 166.70823
4 30 121.43215
4 31 166.64023
4 32 147.18278
4 33 175.71014
4 34 186.85564
4 35 134.21218
4 36 163.86796
4 37 153.94443
4 38 145.42693
4 39 162.61147
4 40 115.87432
4 41 158.83805
4 42 110.70429
4 43 180.37394
4 44 189.33533
4 45 185.07823
4 46 192.52169
4 47 123.75903
4 48 208.05344
4 49 173.96111
5 6 119.00427
5 7 128.8328
5 8 113.74944
5 9 140.99427
5 10 129.94309
5 11 130.41625
5 12 129.31769
5 13 153.42391
5 14 139.13502
5 15 155.33867
5 16 146.09167
5 17 123.75126
5 18 122.67056
5 19 137.62743
5 20 152.77141
5 21 145.51016
5 22 170.78939
5 23 114.94567
5 24 117.62577
5 25 146.35326
5 26 130.32718
5 27 148.3456
5 28 163.60787
5 29 147.75613
5 30 119.9338
5 31 155.02774
5 32 140.4542
5 33 142.4846
5 34 153.86752
5 35 130.80052
5 36 127.68531
5 37 149.51729
5 38 111.89447
5 39 128.50362
5 40 144.32386
5 41 141.69917
5 42 143.85404
5 43 158.33448
5 44 150.97544
5 45 152.88114
5 46 155.62469
5 47 162.08799
5 48 168.8097
5 49 136.37011
6 7 114.14582
6 8 125.61535
6 9 132.98996
6 10 145.515
6 11 145.82202
6 12 148.30099
6 13 169.16015
6 14 155.81856
6 15 170.91031
6 16 132.51415
6 17 142.64396
6 18 128.49302
6 19 155.60593
6 20 144.04975
6 21 135.42034
6 22 152.63205
6 23 112.59358
6 24 122.0511
6 25 149.08005
6 26 148.06367
6 27 131.723
6 28 158.19938
6 29 129.66654
6 30 128.59973
6 31 173.00678
6 32 159.38384
6 33 125.88161
6 34 137.23428
6 35 149.6442
6 36 115.02618
6 37 136.96345
6 38 107.11104
6 39 139.73703
6 40 159.19193
6 41 159.28724
6 42 150.79086
6 43 139.40776
6 44 141.44213
6 45 135.74776
6 46 142.96104
6 47 169.74853
6 48 163.07681
6 49 125.72447
7 8 128.92307
7 9 144.66882
7 10 148.31185
7 11 158.3328
7 12 157.11612
7 13 170.774
7 14 159.14557
7 15 172.27209
7 16 118.45213
7 17 150.38294
7 18 142.56143
7 19 160.76191
7 20 130.46383
7 21 145.82427
7 22 152.03595
7 23 115.08631
7 24 136.07425
7 25 141.34213
7 26 159.15377
7 27 119.56319
7 28 145.44411
7 29 131.19272
7 30 142.38494
7 31 177.61418
7 32 166.79844
7 33 113.77523
7 34 125.05663
7 35 159.08024
7 36 103.13139
7 37 145.50025
7 38 118.68531
7 39 139.42254
7 40 172.03802
7 41 163.67602
7 42 164.93202
7 43 136.08721
7 44 127.67966
7 45 124.23124
7 46 128.83973
7 47 183.89258
7 48 150.09111
7 49 112.27795
8 9 153.6893
8 10 120.06633
8 11 139.71106
8 12 130.5455
8 13 143.57789
8 14 130.68223
8 15 145.30713
8 16 142.47869
8 17 123.0107
8 18 136.34699
8 19 131.83885
8 20 144.88882
8 21 157.71064
8 22 177.88788
8 23 114.443
8 24 131.35257
8 25 133.2615
8 26 136.40837
8 27 147.61209
8 28 153.21332
8 29 155.11622
8 30 133.35881
8 31 148.78624
8 32 138.52982
8 33 142.22806
8 34 152.77995
8 35 133.23997
8 36 126.5269
8 37 160.87689
8 38 119.84934
8 39 115.17458
8 40 153.23726
8 41 134.84971
8 42 156.84288
8 43 163.50387
8 44 143.77568
8 45 152.5057
8 46 150.47838
8 47 174.54055
8 48 158.41536
8 49 131.66111
9 10 170.77175
9 11 147.72209
9 12 162.39804
9 13 193.83807
9 14 179.18847
9 15 195.81687
9 16 160.41633
9 17 160.38837
9 18 125.39213
9 19 176.09991
9 20 174.89452
9 21 105.97273
9 22 145.71565
9 23 144.53126
9 24 125.45501
9 25 181.83534
9 26 155.43527
9 27 154.83572
9 28 190.11237
9 29 129.83432
9 30 129.45486
9 31 192.7381
9 32 174.94089
9 33 150.46542
9 34 159.18591
9 35 161.84205
9 36 146.70932
9 37 113.0052
9 38 135.10213
9 39 168.86388
9 40 156.07837
9 41 180.65439
9 42 134.56318
9 43 143.41165
9 44 171.94748
9 45 156.66169
9 46 170.63299
9 47 150.20414
9 48 194.73846
9 49 156.9387
10 11 142.54596
10 12 124.0173
10 13 123.72777
10 14 110.84797
10 15 125.5598
10 16 159.27453
10 17 117.61307
10 18 149.27753
10 19 114.54493
10 20 157.22171
10 21 175.43257
10 22 197.94467
10 23 134.43715
10 24 146.1011
10 25 134.95332
10 26 135.04762
10 27 165.96472
10 28 160.64351
10 29 175.12452
10 30 145.37472
10 31 129.65181
10 32 125.08049
10 33 160.98026
10 34 170.78536
10 35 127.50369
10 36 145.62984
10 37 179.40055
10 38 139.28144
10 39 112.07296
10 40 153.48377
10 41 115.96049
10 42 165.52617
10 43 183.49802
10 44 157.07121
10 45 170.90094
10 46 165.53307
10 47 180.74296
10 48 165.46617
10 49 148.43719
11 12 121.34995
11 13 159.00427
11 14 145.19481
11 15 161.05004
11 16 176.23388
11 17 125.14505
11 18 123.08494
11 19 138.72542
11 20 183.01054
11 21 153.67948
11 22 189.93448
11 23 145.33916
11 24 126.69496
11 25 172.028
11 26 109.77794
11 27 177.34793
11 28 192.80479
11 29 168.50003
11 30 119.912
11 31 151.52326
11 32 132.06065
11 33 171.45328
11 34 182.89354
11 35 118.8258
11 36 157.65232
11 37 160.30886
11 38 139.75189
11 39 149.23221
11 40 113.90941
11 41 143.39078
11 42 125.49282
11 43 181.42948
11 44 181.32388
11 45 181.53346
11 46 185.96992
11 47 138.32546
11 48 198.01827
11 49 166.76407
12 13 137.67383
12 14 124.21829
12 15 139.71413
12 16 172.64917
12 17 107.76867
12 18 137.29604
12 19 117.39612
12 20 175.16578
12 21 168.0182
12 22 199.06608
12 23 142.11583
12 24 137.36454
12 25 157.68133
12 26 112.08826
12 27 176.61006
12 28 181.73079
12 29 176.23876
12 30 133.0929
12 31 131.169
12 32 112.54299
12 33 170.88709
12 34 182.01803
12 35 103.48647
12 36 155.36394
12 37 173.67164
12 38 141.20095
12 39 133.78034
12 40 129.97128
12 41 122.04113
12 42 146.64039
12 43 187.47566
12 44 174.22356
12 45 181.34256
12 46 180.99209
12 47 159.1982
12 48 186.80221
12 49 161.99125
13 14 114.78511
13 15 102.06694
13 16 179.16597
13 17 135.29533
13 18 170.99672
13 19 120.28009
13 20 173.43138
13 21 198.71601
13 22 221.39021
13 23 157.71105
13 24 168.68423
13 25 145.60343
13 26 149.66996
13 27 187.08807
13 28 172.09873
13 29 198.68958
13 30 166.87145
13 31 116.63761
13 32 129.62838
13 33 182.5951
13 34 191.46456
13 35 140.50516
13 36 167.89386
13 37 202.94084
13 38 163.00563
13 39 131.49372
13 40 166.43484
13 41 115.68858
13 42 184.06349
13 43 206.5369
13 44 174.11286
13 45 191.97237
13 46 183.62554
13 47 196.71644
13 48 176.08964
13 49 168.79801
14 15 116.82532
14 16 169.89808
14 17 120.73622
14 18 156.21286
14 19 107.86628
14 20 166.9232
14 21 184.1533
14 22 208.39944
14 23 145.11692
14 24 153.95314
14 25 142.3012
14 26 136.29142
14 27 176.77263
14 28 168.81273
14 29 185.48361
14 30 152.09242
14 31 118.96667
14 32 119.65769
14 33 171.81973
14 34 181.55019
14 35 127.40451
14 36 156.47563
14 37 188.56691
14 38 149.33326
14 39 121.90862
14 40 153.97705
14 41 106.13997
14 42 169.83859
14 43 194.18554
14 44 167.01092
14 45 181.70805
14 46 175.79081
14 47 183.35155
14 48 173.39115
14 49 159.11219
15 16 180.31856
15 17 137.36085
15 18 173.03792
15 19 122.32463
15 20 174.21637
15 21 200.67229
15 22 223.0546
15 23 159.36735
15 24 170.68995
15 25 146.08886
15 26 151.69753
15 27 188.37539
15 28 172.44373
15 29 200.39843
15 30 168.9169
15 31 117.63734
15 32 131.49891
15 33 183.95423
15 34 192.68881
15 35 142.52589
15 36 169.36735
15 37 204.8549
15 38 164.81257
15 39 132.90791
15 40 168.39106
15 41 117.70753
15 42 186.1241
15 43 208.10682
15 44 174.97758
15 45 193.24603
15 46 184.5699
15 47 198.72721
15 48 176.34056
15 49 170.03046
16 17 165.35509
16 18 160.99105
16 19 173.15356
16 20 116.56296
16 21 160.37764
16 22 154.31642
16 23 131.26898
16 24 154.51569
16 25 140.04669
16 26 176.21228
16 27 110.46391
16 28 132.79691
16 29 139.17994
16 30 160.82655
16 31 188.85806
16 32 180.94805
16 33 110.85495
16 34 112.85836
16 35 175.01469
16 36 118.60612
16 37 158.35549
16 38 136.96364
16 39 148.24899
16 40 190.05335
16 41 175.22612
16 42 183.27726
16 43 137.22458
16 44 113.36616
16 45 114.29177
16 46 110.52257
16 47 202.2164
16 48 136.46211
16 49 110.91196
17 18 136.22063
17 19 115.8736
17 20 167.44991
17 21 165.73517
17 22 194.42979
17 23 135.3007
17 24 134.94066
17 25 150.18992
17 26 117.46809
17 27 169.74328
17 28 173.98919
17 29 171.4315
17 30 132.01216
17 31 132.41958
17 32 116.74432
17 33 164.10415
17 34 175.08635
17 35 110.94447
17 36 148.45244
17 37 170.87462
17 38 135.5515
17 39 126.33067
17 40 135.91989
17 41 120.58807
17 42 149.18457
17 43 182.04298
17 44 166.55415
17 45 174.53878
17 46 173.48761
17 47 163.46389
17 48 179.07114
17 49 154.61153
18 19 152.09403
18 20 171.41619
18 21 131.22077
18 22 166.95709
18 23 133.87014
18 24 106.52251
18 25 168.89363
18 26 130.1052
18 27 159.62748
18 28 184.13297
18 29 146.04555
18 30 104.23213
18 31 168.11422
18 32 149.80548
18 33 153.94716
18 34 165.00527
18 35 136.53074
18 36 142.97052
18 37 137.51194
18 38 124.91168
18 39 150.56846
18 40 133.89404
18 41 156.79911
18 42 122.61328
18 43 159.39341
18 44 169.08401
18 45 163.18677
18 46 171.39955
18 47 141.54922
18 48 189.24217
18 49 153.42639
19 20 171.74885
19 21 181.34601
19 22 208.1519
19 23 146.0663
19 24 150.6493
19 25 148.77736
19 26 129.42431
19 27 179.22168
19 28 174.91773
19 29 185.11179
19 30 147.88381
19 31 117.42909
19 32 111.86852
19 33 173.97392
19 34 184.23978
19 35 120.3042
19 36 158.32838
19 37 186.24772
19 38 148.75673
19 39 126.61327
19 40 146.61948
19 41 104.78201
19 42 163.85938
19 43 194.72147
19 44 171.54427
19 45 184.14452
19 46 179.8339
19 47 176.52143
19 48 179.65027
19 49 162.25167
20 21 175.51051
20 22 170.50574
20 23 138.2512
20 24 164.91756
20 25 129.35178
20 26 181.08188
20 27 126.60576
20 28 116.24702
20 29 155.63515
20 30 170.41015
20 31 185.56817
20 32 181.28309
20 33 127.29117
20 34 127.14795
20 35 178.02849
20 36 129.03184
20 37 174.11638
20 38 146.50692
20 39 145.21459
20 40 196.89357
20 41 172.80695
20 42 194.02934
20 43 153.49944
20 44 103.20312
20 45 129.39896
20 46 112.26036
20 47 212.95078
20 48 120.17474
20 49 118.33632
21 22 140.49171
21 23 147.53215
21 24 130.82581
21 25 184.50008
21 26 161.30786
21 27 153.90884
21 28 191.09701
21 29 126.69479
21 30 135.22276
21 31 198.13812
21 32 180.55766
21 33 150.01596
21 34 157.87746
21 35 167.5617
21 36 148.14699
21 37 107.27242
21 38 138.50407
21 39 172.84756
21 40 161.99878
21 41 185.84523
21 42 139.98394
21 43 139.75569
21 44 172.47189
21 45 155.23827
21 46 170.32127
21 47 154.81187
21 48 195.56058
21 49 157.96158
22 23 163.68732
22 24 163.58906
22 25 191.9897
22 26 195.63997
22 27 143.94571
22 28 186.36448
22 29 123.04734
22 30 170.05125
22 31 225.57574
22 32 210.95555
22 33 144.73281
22 34 143.91538
22 35 199.68514
22 36 155.15629
22 37 133.32905
22 38 159.39536
22 39 190.75054
22 40 200.39125
22 41 211.9094
22 42 180.27856
22 43 117.11217
22 44 167.40097
22 45 141.3548
22 46 160.04114
22 47 195.15381
22 48 189.22299
22 49 159.43823
23 24 127.56025
23 25 137.37936
23 26 144.94556
23 27 134.49718
23 28 150.27225
23 29 141.14211
23 30 132.38526
23 31 163.16768
23 32 151.72582
23 33 128.81024
23 34 139.90484
23 35 144.19533
23 36 113.26379
23 37 149.48262
23 38 109.80793
23 39 127.42464
23 40 159.23934
23 41 149.24484
23 42 156.34124
23 43 149.07156
23 44 136.27207
23 45 139.25561
23 46 140.68218
23 47 175.10998
23 48 155.3972
23 49 121.4275
24 25 163.25235
24 26 132.12897
24 27 153.40157
24 28 177.76881
24 29 141.82224
24 30 107.08336
24 31 167.32123
24 32 149.86919
24 33 147.66927
24 34 158.82301
24 35 137.20578
24 36 136.45008
24 37 136.3071
24 38 118.42717
24 39 146.07178
24 40 138.78845
24 41 155.22057
24 42 129.11727
24 43 154.7628
24 44 162.57063
24 45 157.08321
24 46 164.90628
24 47 148.06517
24 48 182.85982
24 49 146.90605
25 26 166.90377
25 27 150.0479
25 28 126.72902
25 29 172.44077
25 30 166.28393
25 31 159.57633
25 32 159.97677
25 33 147.6001
25 34 152.85608
25 35 161.05668
25 36 138.32542
25 37 185.61279
25 38 147.08717
25 39 123.90145
25 40 184.91611
25 41 148.44116
25 42 190.04286
25 43 175.11978
25 44 130.86797
25 45 154.30543
25 46 140.98585
25 47 207.79277
25 48 131.12881
25 49 132.59455
26 27 178.6315
26 28 189.40974
26 29 173.46044
26 30 126.26139
26 31 141.74556
26 32 122.28312
26 33 172.75294
26 34 184.16476
26 35 109.19893
26 36 157.97266
26 37 167.58902
26 38 141.33077
26 39 143.31821
26 40 118.45204
26 41 133.99177
26 42 135.25978
26 43 185.76139
26 44 179.72869
26 45 183.10191
26 46 185.39525
26 47 147.11494
26 48 194.58162
26 49 166.08898
27 28 142.65812
27 29 130.40762
27 30 160.19192
27 31 195.59524
27 32 185.97364
27 33 105.90025
27 34 105.5504
27 35 178.62656
27 36 121.29133
27 37 150.93025
27 38 137.62696
27 39 155.70408
27 40 190.86234
27 41 181.74756
27 42 181.11456
27 43 126.8999
27 44 123.47264
27 45 104.93632
27 46 117.35093
27 47 199.81281
27 48 145.92662
27 49 118.504
28 29 171.87248
28 30 182.57916
28 31 186.30491
28 32 185.67794
28 33 143.53586
28 34 142.57515
28 35 184.91134
28 36 143.51674
28 37 190.04274
28 38 159.47239
28 39 148.80708
28 40 206.43692
28 41 174.94102
28 42 206.6035
28 43 169.4672
28 44 119.45013
28 45 145.03514
28 46 126.59823
28 47 225.30878
28 48 105.21627
28 49 133.18549
29 30 148.63941
29 31 202.53787
29 32 188.00851
29 33 128.35254
29 34 133.18773
29 35 176.99974
29 36 134.28853
29 37 121.80256
29 38 136.35881
29 39 168.48318
29 40 179.93218
29 41 188.89706
29 42 162.70055
29 43 113.8307
29 44 152.43465
29 45 130.38842
29 46 147.73509
29 47 179.65328
29 48 175.64204
29 49 140.90969
30 31 163.88281
30 32 145.61331
30 33 154.40944
30 34 165.64956
30 35 132.39625
30 36 142.48492
30 37 141.34799
30 38 124.08746
30 39 147.19129
30 40 131.71112
30 41 152.59628
30 42 124.10079
30 43 161.72705
30 44 168.21186
30 45 163.97445
30 46 171.11456
30 47 142.73538
30 48 187.73126
30 49 152.70084
31 32 119.47088
31 33 190.54128
31 34 200.43687
31 35 132.89674
31 36 175.04972
31 37 203.27957
31 38 166.18059
31 39 140.82664
31 40 155.92683
31 41 113.94072
31 42 176.99522
31 43 212.02386
31 44 185.78615
31 45 200.53142
31 46 194.69621
31 47 187.11397
31 48 190.62181
31 49 178.0566
32 33 180.43329
32 34 191.22868
32 35 113.61486
32 36 164.71419
32 37 186.17078
32 38 152.28654
32 39 136.89991
32 40 137.19098
32 41 114.75284
32 42 157.52491
32 43 198.7755
32 44 180.77495
32 45 190.82188
32 46 188.45508
32 47 168.09111
32 48 190.53178
32 49 170.07318
33 34 111.45065
33 35 172.8528
33 36 115.73187
33 37 147.66389
33 38 131.72728
33 39 151.1133
33 40 184.98285
33 41 176.6458
33 42 175.62456
33 43 127.67575
33 44 124.08888
33 45 110.45626
33 46 120.30848
33 47 194.39935
33 48 147.30131
33 49 115.09767
34 35 184.0752
34 36 126.6567
34 37 154.4047
34 38 143.17689
34 39 160.23476
34 40 196.39504
34 41 186.64235
34 42 186.32634
34 43 127.33104
34 44 124.2332
34 45 102.82182
34 46 116.12577
34 47 204.95084
34 48 145.30813
34 49 122.66711
35 36 157.45869
35 37 173.43299
35 38 142.58996
35 39 137.1627
35 40 126.62547
35 41 124.81856
35 42 144.29455
35 43 188.5573
35 44 177.00426
35 45 183.30576
35 46 183.55616
35 47 156.22384
35 48 190.00208
35 49 164.45024
36 37 148.11975
36 38 118.45325
36 39 136.48303
36 40 171.45492
36 41 161.12331
36 42 165.49618
36 43 139.14281
36 44 126.41919
36 45 126.11063
36 46 128.67071
36 47 184.46582
36 48 148.28434
36 49 110.69946
37 38 141.16537
37 39 175.83324
37 40 169.05676
37 41 190.63584
37 42 147.2554
37 43 133.94076
37 44 170.99365
37 45 151.66747
37 46 167.86966
37 47 161.84937
37 48 194.28411
37 49 157.25469
38 39 134.67145
38 40 153.38499
38 41 152.55414
38 42 147.52464
38 43 146.4915
38 44 144.20748
38 45 141.92306
38 46 147.12332
38 47 166.4454
38 48 164.52851
38 49 128.62451
39 40 161.57245
39 41 127.64095
39 42 169.65282
39 43 175.39953
39 44 145.1672
39 45 160.61216
39 46 153.88316
39 47 186.36587
39 48 153.71483
39 49 137.61079
40 41 150.85752
40 42 125.89874
40 43 193.26866
40 44 195.22666
40 45 194.93766
40 46 199.84621
40 47 131.2762
40 48 211.64382
40 49 180.66038
41 42 168.59224
41 43 198.16159
41 44 172.80799
41 45 186.68234
41 46 181.43168
41 47 181.02826
41 48 179.5287
41 49 164.37505
42 43 176.52977
42 44 191.68674
42 45 184.28984
42 46 193.74761
42 47 118.97045
42 48 211.73731
42 49 176.00974
43 44 150.37244
43 45 124.64769
43 46 143.38072
43 47 193.41987
43 48 172.49825
43 49 142.52656
44 45 126.40342
44 46 110.13771
44 47 210.63317
44 48 123.32811
44 49 115.73822
45 46 118.73701
45 47 202.83726
45 48 147.89108
45 49 123.28314
46 47 212.69688
46 48 129.18283
46 49 119.31207
47 48 230.46501
47 49 194.96884
48 49 137.81318
