100 30
0 1 134.69913
0 2 139.09244
0 3 156.99638
0 4 129.65871
0 5 124.8145
0 6 170.91632
0 7 147.84048
0 8 163.05069
0 9 121.81899
0 10 133.91045
0 11 109.24015
0 12 108.92402
0 13 155.0279
0 14 147.37097
0 15 115.74403
0 16 109.77789
0 17 156.50418
0 18 128.91101
0 19 131.1823
0 20 163.14454
0 21 160.47386
0 22 118.02171
0 23 137.71537
0 24 169.7557
0 25 162.66346
0 26 154.56716
0 27 147.3596
0 28 177.19351
0 29 136.93406
0 30 120.39306
0 31 144.22573
0 32 159.08006
0 33 158.45477
0 34 133.82348
0 35 163.44041
0 36 144.75005
0 37 162.00972
0 38 144.27297
0 39 168.71751
0 40 166.37091
0 41 157.6079
0 42 179.449
0 43 158.27122
0 44 155.75845
0 45 137.32295
0 46 115.66596
0 47 158.46185
0 48 181.403
0 49 162.27751
0 50 118.37799
0 51 131.1122
0 52 169.13065
0 53 112.72764
0 54 166.13579
0 55 135.05844
0 56 122.35897
0 57 158.99981
0 58 190.65549
0 59 150.39842
0 60 120.92384
0 61 133.60374
0 62 108.38149
0 63 138.56537
0 64 164.29408
0 65 115.66134
0 66 179.68081
0 67 136.81072
0 68 159.52778
0 69 179.74531
0 70 138.91624
0 71 163.71834
0 72 140.3482
0 73 166.52492
0 74 124.0411
0 75 161.3222
0 76 110.16964
0 77 125.36386
0 78 144.10747
0 79 153.13313
0 80 184.75395
0 81 138.60674
0 82 149.04581
0 83 184.07063
0 84 121.68171
0 85 157.83878
0 86 122.71257
0 87 157.7997
0 88 167.41551
0 89 113.37878
0 90 123.7085
0 91 156.25756
0 92 160.82616
0 93 140.25233
0 94 162.58271
0 95 166.10097
0 96 167.48652
0 97 117.76296
0 98 173.93623
0 99 114.85935
1 2 171.32284
1 3 135.1182
1 4 105.80551
1 5 115.72097
1 6 192.3421
1 7 114.88773
1 8 144.72634
1 9 114.3763
1 10 132.06454
1 11 129.67719
1 12 143.39439
1 13 136.72525
1 14 180.08575
1 15 138.70555
1 16 141.5745
1 17 148.09737
1 18 106.21336
1 19 105.63927
1 20 150.86733
1 21 145.69945
1 22 125.84837
1 23 132.6055
1 24 191.18853
1 25 131.57962
1 26 163.61182
1 27 147.63724
1 28 170.15949
1 29 140.58987
1 30 145.39558
1 31 173.4233
1 32 162.27856
1 33 160.5926
1 34 164.59997
1 35 191.60662
1 36 148.7616
1 37 179.7886
1 38 140.83055
1 39 193.29045
1 40 144.2019
1 41 134.22302
1 42 181.14947
1 43 172.77339
1 44 176.49524
1 45 102.66739
1 46 120.79967
1 47 160.60188
1 48 187.16344
1 49 133.29421
1 50 117.97922
1 51 110.63741
1 52 175.51639
1 53 139.40714
1 54 175.94514
1 55 122.34706
1 56 115.56474
1 57 157.66974
1 58 187.7916
1 59 135.64748
1 60 155.48451
1 61 113.9075
1 62 134.91265
1 63 132.85947
1 64 167.81872
1 65 150.23874
1 66 180.74013
1 67 156.82355
1 68 156.69734
1 69 177.46058
1 70 159.39591
1 71 133.14688
1 72 130.78939
1 73 177.23086
1 74 154.99938
1 75 189.17187
1 76 144.09817
1 77 154.09872
1 78 109.42061
1 79 119.86197
1 80 189.09725
1 81 113.49198
1 82 175.23233
1 83 176.34036
1 84 138.71741
1 85 140.14921
1 86 157.22588
1 87 135.29226
1 88 145.20037
1 89 140.80738
1 90 112.94795
1 91 188.02566
1 92 168.33687
1 93 161.75887
1 94 169.82191
1 95 166.68969
1 96 164.22155
1 97 151.77187
1 98 171.48286
1 99 120.23545
2 3 181.47944
2 4 167.19901
2 5 157.35108
2 6 143.33529
2 7 181.8396
2 8 183.2454
2 9 160.33542
2 10 153.72762
2 11 147.85096
2 12 130.57094
2 13 177.29616
2 14 108.86351
2 15 133.46783
2 16 130.17049
2 17 169.99545
2 18 165.12271
2 19 168.98916
2 20 178.03428
2 21 178.31834
2 22 156.58924
2 23 157.48751
2 24 142.41135
2 25 193.49178
2 26 150.20359
2 27 156.61981
2 28 183.39774
2 29 149.53868
2 30 127.57776
2 31 111.09964
2 32 159.73448
2 33 160.55471
2 34 107.85333
2 35 127.32034
2 36 151.63988
2 37 142.34692
2 38 158.74384
2 39 136.95386
2 40 189.10402
2 41 183.09357
2 42 175.56383
2 43 144.87614
2 44 133.8551
2 45 173.71846
2 46 154.61893
2 47 160.55648
2 48 172.27904
2 49 191.3347
2 50 157.16838
2 51 169.80924
2 52 162.46271
2 53 144.61487
2 54 156.13162
2 55 161.82252
2 56 161.22749
2 57 164.63117
2 58 189.6483
2 59 171.43501
2 60 126.06011
2 61 165.04668
2 62 136.45059
2 63 158.27321
2 64 162.62424
2 65 128.52574
2 66 176.47835
2 67 129.13519
2 68 166.51566
2 69 180.28461
2 70 128.45283
2 71 193.97179
2 72 161.96293
2 73 155.22487
2 74 116.37239
2 75 125.9163
2 76 128.96173
2 77 143.52199
2 78 180.546
2 79 186.88784
2 80 176.60925
2 81 170.3908
2 82 120.21408
2 83 189.56388
2 84 136.51471
2 85 178.83663
2 86 119.47088
2 87 182.57558
2 88 189.99356
2 89 130.59928
2 90 158.61078
2 91 117.1665
2 92 155.66398
2 93 160.35009
2 94 157.08455
2 95 167.1581
2 96 172.28146
2 97 130.67377
2 98 176.06602
2 99 151.39144
3 4 139.54545
3 5 133.04877
3 6 184.7879
3 7 124.94182
3 8 110.22601
3 9 145.69422
3 10 127.75707
3 11 157.0895
3 12 163.09453
3 13 105.67735
3 14 190.02042
3 15 150.16413
3 16 158.4427
3 17 122.03634
3 18 135.67149
3 19 140.37343
3 20 119.77454
3 21 113.86528
3 22 157.34763
3 23 124.03344
3 24 183.80628
3 25 118.965
3 26 149.33321
3 27 131.44389
3 28 139.59948
3 29 133.15115
3 30 154.50128
3 31 178.58541
3 32 142.58689
3 33 140.40009
3 34 173.64702
3 35 192.62455
3 36 135.8704
3 37 170.31761
3 38 125.43051
3 39 189.34902
3 40 109.6067
3 41 102.55824
3 42 155.94405
3 43 161.42838
3 44 170.89355
3 45 133.85489
3 46 150.01827
3 47 140.40843
3 48 164.62756
3 49 113.88545
3 50 148.13225
3 51 145.65964
3 52 155.51646
3 53 166.96508
3 54 159.15778
3 55 121.98499
3 56 147.86785
3 57 135.02035
3 58 158.28669
3 59 111.04148
3 60 176.21222
3 61 125.14474
3 62 151.88643
3 63 123.28352
3 64 146.85765
3 65 171.31476
3 66 155.05376
3 67 156.09322
3 68 132.88788
3 69 149.513
3 70 158.19035
3 71 117.9808
3 72 119.51652
3 73 161.05443
3 74 166.52854
3 75 190.0546
3 76 162.56431
3 77 181.62019
3 78 133.7348
3 79 124.72659
3 80 165.07443
3 81 122.18406
3 82 176.17359
3 83 144.64353
3 84 145.36922
3 85 107.49848
3 86 174.81126
3 87 101.17749
3 88 110.66329
3 89 154.41249
3 90 136.07798
3 91 195.21611
3 92 151.12045
3 93 193.19418
3 94 151.94867
3 95 143.22908
3 96 137.81062
3 97 174.24269
3 98 144.31389
3 99 144.04588
4 5 114.50594
4 6 190.52848
4 7 120.66977
4 8 148.77831
4 9 108.63897
4 10 132.4034
4 11 124.06716
4 12 138.49012
4 13 140.56004
4 14 175.87542
4 15 135.3632
4 16 137.15651
4 17 150.53214
4 18 104.77314
4 19 102.03354
4 20 154.04207
4 21 149.17237
4 22 120.0539
4 23 133.64764
4 24 189.36369
4 25 137.29832
4 26 163.5007
4 27 148.53156
4 28 172.83024
4 29 140.53964
4 30 142.11797
4 31 169.97447
4 32 163.11604
4 33 161.56845
4 34 160.74979
4 35 188.49758
4 36 149.05146
4 37 178.48638
4 38 142.08421
4 39 190.90116
4 40 148.86582
4 41 138.88871
4 42 182.55886
4 43 171.92669
4 44 174.63633
4 45 108.39716
4 46 115.16385
4 47 161.57758
4 48 187.98015
4 49 138.79875
4 50 112.29587
4 51 106.71261
4 52 176.07394
4 53 133.68305
4 54 175.93864
4 55 123.99523
4 56 109.76259
4 57 159.15801
4 58 190.01184
4 59 138.77839
4 60 150.2427
4 61 116.07237
4 62 130.77555
4 63 134.04175
4 64 168.71816
4 65 145.02513
4 66 182.24878
4 67 154.71682
4 68 158.41489
4 69 179.46861
4 70 157.27724
4 71 138.82726
4 72 132.59741
4 73 177.09375
4 74 151.00045
4 75 186.11284
4 76 139.35438
4 77 148.32355
4 78 114.71829
4 79 125.66749
4 80 190.16848
4 81 117.39566
4 82 172.38035
4 83 179.20296
4 84 136.26665
4 85 143.97869
4 86 152.33533
4 87 139.83337
4 88 149.88714
4 89 136.96896
4 90 110.52875
4 91 184.09186
4 92 168.58195
4 93 156.05603
4 94 170.14053
4 95 168.05524
4 96 166.17813
4 97 146.3843
4 98 173.43218
4 99 115.80776
5 6 176.6433
5 7 124.54974
5 8 140.48358
5 9 115.20811
5 10 118.25549
5 11 124.04658
5 12 132.27175
5 13 132.1115
5 14 166.20607
5 15 123.9942
5 16 128.95095
5 17 138.4688
5 18 110.14671
5 19 116.48801
5 20 143.30666
5 21 139.29464
5 22 125.35502
5 23 120.13776
5 24 175.48765
5 25 138.06911
5 26 149.01338
5 27 134.57558
5 28 160.77366
5 29 126.10755
5 30 130.45768
5 31 158.43402
5 32 149.01588
5 33 147.5748
5 34 150.21546
5 35 176.24817
5 36 134.71133
5 37 164.24364
5 38 128.57217
5 39 177.59973
5 40 142.62661
5 41 133.32479
5 42 168.82125
5 43 157.49198
5 44 160.7857
5 45 117.52954
5 46 117.58519
5 47 147.58377
5 48 173.79218
5 49 137.46808
5 50 116.35431
5 51 120.7044
5 52 161.77484
5 53 133.93177
5 54 161.45987
5 55 112.31796
5 56 117.68684
5 57 145.64674
5 58 177.13808
5 59 128.63392
5 60 145.31296
5 61 108.79479
5 62 121.93434
5 63 120.68647
5 64 154.63542
5 65 140.12796
5 66 168.60435
5 67 141.10848
5 68 145.16994
5 69 166.38697
5 70 143.68077
5 71 139.02513
5 72 120.24151
5 73 162.59694
5 74 141.00173
5 75 173.78202
5 76 132.35581
5 77 148.67372
5 78 123.9435
5 79 129.70069
5 80 176.13729
5 81 113.93814
5 82 159.73809
5 83 167.40735
5 84 123.15247
5 85 135.29348
5 86 145.5174
5 87 133.72127
5 88 143.68394
5 89 126.8573
5 90 104.5088
5 91 173.60828
5 92 154.17252
5 93 160.3626
5 94 155.75367
5 95 154.35079
5 96 153.14194
5 97 142.5473
5 98 160.32171
5 99 110.99839
6 7 196.98874
6 8 181.21715
6 9 186.83264
6 10 162.66067
6 11 179.98324
6 12 165.23906
6 13 179.22305
6 14 143.39551
6 15 157.08873
6 16 161.36218
6 17 164.8048
6 18 186.67631
6 19 192.5612
6 20 171.57865
6 21 175.0396
6 22 188.40004
6 23 164.38277
6 24 101.17434
6 25 202.22535
6 26 135.95145
6 27 153.34437
6 28 165.75414
6 29 154.26662
6 30 150.92517
6 31 132.38345
6 32 145.07151
6 33 147.10885
6 34 142.01886
6 35 122.43479
6 36 149.08782
6 37 114.55704
6 38 159.69707
6 39 109.78505
6 40 188.59368
6 41 187.17409
6 42 149.00666
6 43 123.63094
6 44 115.89292
6 45 193.95096
6 46 183.30006
6 47 147.10357
6 48 140.88377
6 49 198.08787
6 50 184.90357
6 51 195.57387
6 52 137.62028
6 53 181.08036
6 54 130.504
6 55 173.69173
6 56 188.67354
6 57 153.1149
6 58 162.74074
6 59 173.84814
6 60 166.92935
6 61 180.74844
6 62 164.07163
6 63 164.71437
6 64 143.69908
6 65 167.41585
6 66 150.40807
6 67 135.89613
6 68 155.64702
6 69 157.2564
6 70 133.37202
6 71 201.84771
6 72 168.60206
6 73 128.45649
6 74 149.09823
6 75 121.52413
6 76 163.06265
6 77 184.60793
6 78 199.79105
6 79 200.83996
6 80 145.11985
6 81 185.03245
6 82 123.85325
6 83 169.61276
6 84 154.44071
6 85 178.90679
6 86 159.97327
6 87 185.95245
6 88 189.10873
6 89 157.7918
6 90 180.05615
6 91 137.94918
6 92 136.48038
6 93 202.12577
6 94 136.5931
6 95 149.29548
6 96 156.60251
6 97 170.63451
6 98 156.07459
6 99 176.7556
7 8 135.16519
7 9 129.07965
7 10 134.33701
7 11 143.99442
7 12 156.08777
7 13 128.45024
7 14 190.70121
7 15 148.3929
7 16 153.31744
7 17 143.21762
7 18 119.29529
7 19 120.39939
7 20 143.67599
7 21 137.89841
7 22 140.72347
7 23 133.05068
7 24 195.88115
7 25 116.78697
7 26 164.73053
7 27 146.99089
7 28 163.68869
7 29 142.8722
7 30 154.64635
7 31 182.32918
7 32 161.01743
7 33 159.03849
7 34 174.5907
7 35 199.43702
7 36 149.59172
7 37 183.40587
7 38 139.77957
7 39 199.34065
7 40 132.6709
7 41 123.25125
7 42 177.81006
7 43 175.43616
7 44 181.5481
7 45 112.46719
7 46 135.2653
7 47 159.04776
7 48 185.24812
7 49 119.18777
7 50 132.55846
7 51 124.7663
7 52 174.54682
7 53 153.92788
7 54 176.41103
7 55 123.29702
7 56 130.42869
7 57 154.88457
7 58 182.15588
7 59 129.76039
7 60 168.75931
7 61 117.10286
7 62 146.33732
7 63 132.90638
7 64 166.19272
7 65 163.49904
7 66 177.14733
7 67 163.02524
7 68 153.33841
7 69 172.61091
7 70 165.53525
7 71 118.45038
7 72 129.47591
7 73 177.99516
7 74 165.51752
7 75 196.91199
7 76 156.44577
7 77 168.74704
7 78 109.23805
7 79 105.29271
7 80 186.47987
7 81 112.11511
7 82 182.6958
7 83 169.18794
7 84 146.56673
7 85 131.60124
7 86 169.68382
7 87 124.69136
7 88 133.55583
7 89 151.40456
7 90 124.23813
7 91 197.89453
7 92 168.38572
7 93 176.61436
7 94 169.63459
7 95 163.87292
7 96 159.90118
7 97 165.41335
7 98 166.94887
7 99 132.98127
8 9 154.24165
8 10 130.77991
8 11 164.32927
8 12 168.20446
8 13 108.40353
8 14 191.45173
8 15 154.04885
8 16 163.09062
8 17 116.42791
8 18 144.61745
8 19 149.77844
8 20 111.15396
8 21 106.21025
8 22 165.55126
8 23 126.70144
8 24 180.31702
8 25 127.53469
8 26 145.26963
8 27 128.85191
8 28 130.01224
8 29 133.72534
8 30 157.3944
8 31 179.0249
8 32 137.03905
8 33 134.84903
8 34 175.40423
8 35 191.38955
8 36 133.86413
8 37 166.66241
8 38 124.68103
8 39 186.73414
8 40 107.46777
8 41 112.17423
8 42 147.67774
8 43 157.58921
8 44 168.42691
8 45 143.65994
8 46 157.95584
8 47 134.85619
8 48 156.97965
8 49 122.05272
8 50 156.34488
8 51 155.11327
8 52 149.03484
8 53 173.90529
8 54 153.60968
8 55 128.42729
8 56 156.53175
8 57 128.97597
8 58 148.7022
8 59 112.74889
8 60 181.07439
8 61 133.49823
8 62 157.00498
8 63 125.83086
8 64 140.49814
8 65 176.43597
8 66 146.65569
8 67 156.00616
8 68 126.55935
8 69 140.52814
8 70 157.80355
8 71 126.13727
8 72 123.01703
8 73 155.62414
8 74 169.31486
8 75 188.8524
8 76 167.38796
8 77 188.20253
8 78 143.89985
8 79 134.82711
8 80 156.95147
8 81 131.42079
8 82 175.46849
8 83 134.67063
8 84 148.46022
8 85 105.23271
8 86 178.87635
8 87 110.59492
8 88 107.89664
8 89 158.50245
8 90 144.05114
8 91 195.71379
8 92 145.86857
8 93 200.81639
8 94 146.40854
8 95 136.13853
8 96 129.8734
8 97 179.63304
8 98 135.75641
8 99 151.29186
9 10 133.1148
9 11 115.48435
9 12 130.74153
9 13 145.85682
9 14 168.84987
9 15 130.17371
9 16 130.17081
9 17 153.6242
9 18 110.39839
9 19 109.70907
9 20 158.14663
9 21 153.78934
9 22 111.9456
9 23 135.30187
9 24 185.65919
9 25 145.49176
9 26 162.606
9 27 149.42874
9 28 175.95617
9 29 140.29434
9 30 136.83236
9 31 164.05154
9 32 163.63755
9 33 162.31951
9 34 154.32105
9 35 182.94597
9 36 149.04363
9 37 175.63692
9 38 143.69344
9 39 186.36711
9 40 155.23414
9 41 145.3872
9 42 183.7038
9 43 169.82207
9 44 171.00057
9 45 117.01137
9 46 106.59944
9 47 162.32828
9 48 188.19356
9 49 146.57511
9 50 103.6943
9 51 109.48771
9 52 176.0118
9 53 125.04572
9 54 175.03859
9 55 127.12918
9 56 102.47945
9 57 160.70608
9 58 192.31722
9 59 143.14165
9 60 141.9808
9 61 120.74546
9 62 124.42043
9 63 135.8749
9 64 169.25201
9 65 136.81432
9 66 183.54497
9 67 150.97349
9 68 160.31319
9 69 181.53785
9 70 153.47194
9 71 146.93201
9 72 135.37697
9 73 175.98715
9 74 144.45088
9 75 180.6449
9 76 131.83323
9 77 139.72714
9 78 123.30887
9 79 134.17879
9 80 190.74516
9 81 123.75105
9 82 167.30476
9 83 182.56156
9 84 132.49084
9 85 149.19966
9 86 144.50583
9 87 146.13905
9 88 156.2796
9 89 130.91853
9 90 110.79875
9 91 177.40921
9 92 168.1446
9 93 148.20124
9 94 169.7923
9 95 169.29014
9 96 168.31455
9 97 137.96952
9 98 175.47272
9 99 110.08532
10 11 137.54041
10 12 137.86569
10 13 123.84834
10 14 162.30123
10 15 123.27731
10 16 132.51122
10 17 122.65594
10 18 127.72088
10 19 134.28045
10 20 129.28631
10 21 127.1426
10 22 141.63548
10 23 104.08618
10 24 161.55754
10 25 141.34976
10 26 131.58234
10 27 116.33832
10 28 144.11612
10 29 108.70219
10 30 126.88262
10 31 151.30675
10 32 130.77201
10 33 129.31988
10 34 145.90193
10 35 166.65912
10 36 116.72054
10 37 149.11527
10 38 110.92772
10 39 165.35013
10 40 135.77268
10 41 129.38531
10 42 150.61243
10 43 141.38249
10 44 147.32007
10 45 133.00117
10 46 133.8552
10 47 129.32884
10 48 155.5937
10 49 138.32288
10 50 133.4793
10 51 138.85209
10 52 143.67602
10 53 145.95476
10 54 143.88216
10 55 111.05309
10 56 135.57403
10 57 127.64153
10 58 159.47022
10 59 118.20529
10 60 150.48712
10 61 118.77271
10 62 126.8731
10 63 104.96445
10 64 136.38903
10 65 146.02409
10 66 150.43384
10 67 129.72021
10 68 127.42364
10 69 148.60169
10 70 132.08771
10 71 141.44958
10 72 108.24959
10 73 145.18995
10 74 138.90467
10 75 164.09095
10 76 136.86687
10 77 159.24677
10 78 137.95503
10 79 138.2381
10 80 157.88579
10 81 122.49018
10 82 149.90678
10 83 150.93759
10 84 117.80354
10 85 125.87006
10 86 148.0972
10 87 128.84862
10 88 136.72368
10 89 127.75076
10 90 122.74105
10 91 167.80285
10 92 136.30261
10 93 173.64979
10 94 137.81813
10 95 136.1774
10 96 135.50779
10 97 149.39218
10 98 142.55073
10 99 125.81163
11 12 117.28315
11 13 156.01736
11 14 155.89083
11 15 123.77203
11 16 119.01793
11 17 160.05196
11 18 124.71712
11 19 125.18691
11 20 165.98496
11 21 162.59718
11 22 108.82522
11 23 140.90574
11 24 178.81866
11 25 159.89897
11 26 161.7788
11 27 152.51781
11 28 181.62434
11 29 142.23918
11 30 129.1898
11 31 153.40828
11 32 165.28331
11 33 164.4246
11 34 142.91911
11 35 172.6313
11 36 150.61069
11 37 170.67395
11 38 148.39437
11 39 177.93803
11 40 166.67254
11 41 157.29343
11 42 185.75972
11 43 166.45713
11 44 164.6845
11 45 132.34094
11 46 108.90382
11 47 164.43233
11 48 188.49048
11 49 160.31645
11 50 111.79192
11 51 123.8846
11 52 176.1555
11 53 110.0966
11 54 173.70587
11 55 135.90674
11 56 115.17837
11 57 164.25153
11 58 196.2022
11 59 152.08761
11 60 126.90259
11 61 132.27529
11 62 116.28033
11 63 141.68511
11 64 170.68798
11 65 121.90086
11 66 185.86988
11 67 145.38693
11 68 164.46689
11 69 185.25734
11 70 147.60199
11 71 161.18101
11 72 142.64623
11 73 174.24748
11 74 133.20672
11 75 170.5319
11 76 118.95279
11 77 125.03083
11 78 138.77742
11 79 149.21219
11 80 191.62908
11 81 136.61157
11 82 158.27827
11 83 188.46249
11 84 128.85197
11 85 159.10627
11 86 130.30059
11 87 157.74428
11 88 167.72994
11 89 122.22119
11 90 121.35875
11 91 164.99982
11 92 167.89993
11 93 136.57301
11 94 169.64285
11 95 171.94585
11 96 172.54778
11 97 122.64387
11 98 179.31013
11 99 113.07019
12 13 160.52653
12 14 138.64826
12 15 115.66526
12 16 105.87304
12 17 159.80029
12 18 137.47509
12 19 140.05629
12 20 166.98516
12 21 164.98549
12 22 126.02595
12 23 141.89813
12 24 164.10278
12 25 170.34082
12 26 153.34853
12 27 149.16538
12 28 179.25547
12 29 138.96398
12 30 117.28565
12 31 136.659
12 32 159.27291
12 33 158.97328
12 34 125.95947
12 35 155.84714
12 36 145.77056
12 37 157.72373
12 38 147.31608
12 39 162.12673
12 40 172.2034
12 41 163.96535
12 42 179.19593
12 43 155.17397
12 44 150.75463
12 45 145.98997
12 46 124.55713
12 47 158.97935
12 48 179.99372
12 49 169.55163
12 50 127.29578
12 51 140.02694
12 52 167.9609
12 53 115.8413
12 54 164.1073
12 55 141.16509
12 56 131.25831
12 57 160.40797
12 58 191.28771
12 59 155.45558
12 60 113.17063
12 61 141.0063
12 62 111.23485
12 63 142.77688
12 64 164.12906
12 65 108.24304
12 66 179.59088
12 67 133.29376
12 68 161.29153
12 69 180.52747
12 70 135.01411
12 71 171.27741
12 72 145.19504
12 73 164.21824
12 74 116.62041
12 75 153.85571
12 76 102.19651
12 77 123.32901
12 78 152.81486
12 79 161.36833
12 80 183.63781
12 81 146.20962
12 82 142.41495
12 83 186.09996
12 84 122.28571
12 85 163.0808
12 86 113.84744
12 87 163.98539
12 88 173.22709
12 89 111.45283
12 90 131.84965
12 91 147.71669
12 92 159.7082
12 93 140.27968
12 94 161.45629
12 95 166.64517
12 96 168.97037
12 97 111.53546
12 98 174.95701
12 99 123.27069
13 14 185.72136
13 15 146.86339
13 16 155.59008
13 17 116.48753
13 18 136.31711
13 19 141.63456
13 20 115.24984
13 21 109.45097
13 22 157.14778
13 23 119.89475
13 24 178.2506
13 25 124.50244
13 26 143.68825
13 27 125.88941
13 28 135.2749
13 29 128.32812
13 30 150.72896
13 31 173.9171
13 32 136.92628
13 33 134.7427
13 34 169.44476
13 35 187.49713
13 36 130.43068
13 37 164.73144
13 38 120.14302
13 39 183.92819
13 40 111.92664
13 41 108.20654
13 42 150.74096
13 43 155.815
13 44 165.4773
13 45 135.83335
13 46 149.55867
13 47 134.75109
13 48 159.21411
13 49 119.53309
13 50 147.94155
13 51 146.98002
13 52 149.91343
13 53 165.66207
13 54 153.48583
13 55 120.15998
13 56 148.15861
13 57 129.41855
13 58 153.84035
13 59 105.9257
13 60 173.52112
13 61 125.12074
13 62 149.29427
13 63 119.07438
13 64 141.25603
13 65 168.76954
13 66 149.90405
13 67 151.20334
13 68 127.33351
13 69 144.66988
13 70 153.22092
13 71 123.60245
13 72 115.69066
13 73 155.3792
13 74 162.74547
13 75 184.93226
13 76 159.82424
13 77 180.0599
13 78 136.71199
13 79 129.04555
13 80 159.79613
13 81 123.29449
13 82 171.15921
13 83 140.75226
13 84 141.64796
13 85 103.42668
13 86 171.6742
13 87 106.7981
13 88 112.89004
13 89 151.23698
13 90 135.64833
13 91 190.59252
13 92 145.44452
13 93 192.46501
13 94 146.27968
13 95 137.7525
13 96 132.58819
13 97 171.86774
13 98 139.28384
13 99 142.96265
14 15 142.33123
14 16 138.75209
14 17 177.75408
14 18 173.89393
14 19 177.64
14 20 185.80056
14 21 186.37159
14 22 164.52361
14 23 165.9947
14 24 142.64004
14 25 202.30046
14 26 156.20283
14 27 164.26362
14 28 189.97667
14 29 157.73074
14 30 136.39733
14 31 114.51535
14 32 166.12403
14 33 167.13533
14 34 116.45636
14 35 123.85856
14 36 159.19821
14 37 145.32054
14 38 166.83747
14 39 135.52929
14 40 197.46813
14 41 191.68615
14 42 180.6316
14 43 149.34941
14 44 136.97006
14 45 182.50038
14 46 162.99502
14 47 167.13625
14 48 176.37108
14 49 200.07985
14 50 165.6072
14 51 178.29882
14 52 167.43237
14 53 151.81062
14 54 160.68806
14 55 170.60358
14 56 169.64796
14 57 171.58091
14 58 194.91616
14 59 179.83286
14 60 132.19649
14 61 173.9082
14 62 145.1818
14 63 166.76359
14 64 168.52027
14 65 135.5197
14 66 181.65012
14 67 136.35811
14 68 173.59238
14 69 186.03088
14 70 135.26939
14 71 202.75956
14 72 170.5129
14 73 159.53691
14 74 125.21158
14 75 123.23865
14 76 137.20134
14 77 148.75602
14 78 189.3373
14 79 195.75132
14 80 180.78085
14 81 179.25067
14 82 122.89013
14 83 195.92291
14 84 145.27053
14 85 187.15242
14 86 126.32028
14 87 191.12788
14 88 198.33916
14 89 139.42571
14 90 167.41722
14 91 109.76123
14 92 161.23069
14 93 164.6829
14 94 162.51978
14 95 173.35107
14 96 178.90139
14 97 137.07291
14 98 182.17998
14 99 160.07641
15 16 109.8409
15 17 144.43667
15 18 132.51612
15 19 137.31678
15 20 151.83879
15 21 150.29919
15 22 131.63122
15 23 127.36267
15 24 155.91506
15 25 160.34357
15 26 138.89035
15 27 133.50237
15 28 163.59095
15 29 123.35083
15 30 106.75634
15 31 134.72033
15 32 143.96025
15 33 143.53347
15 34 126.22474
15 35 153.13742
15 36 130.15943
15 37 147.01687
15 38 131.94345
15 39 156.20652
15 40 158.75947
15 41 151.40818
15 42 164.14291
15 43 142.71096
15 44 141.4464
15 45 140.92574
15 46 126.21521
15 47 143.53991
15 48 165.72705
15 49 158.58712
15 50 127.92378
15 51 139.37253
15 52 153.48996
15 53 128.24224
15 54 150.39176
15 55 129.06432
15 56 131.81045
15 57 144.76679
15 58 175.86316
15 59 141.4037
15 60 127.4532
15 61 131.58894
15 62 107.53023
15 63 128.23902
15 64 148.99977
15 65 123.37265
15 66 164.45328
15 67 121.73726
15 68 145.62707
15 69 165.04286
15 70 124.05798
15 71 160.95013
15 72 131.19234
15 73 150.79036
15 74 117.24687
15 75 150.76321
15 76 114.19556
15 77 138.74041
15 78 147.63542
15 79 153.42197
15 80 169.14586
15 81 136.94273
15 82 137.18091
15 83 170.4347
15 84 106.62276
15 85 149.08653
15 86 124.83576
15 87 151.16468
15 88 159.74319
15 89 104.52444
15 90 125.76651
15 91 149.61642
15 92 145.18342
15 93 155.0753
15 94 146.9413
15 95 151.2142
15 96 153.32882
15 97 127.00437
15 98 159.40197
15 99 120.16181
16 17 154.1645
16 18 135.44834
16 19 138.89755
16 20 161.45498
16 21 159.65214
16 22 127.78181
16 23 136.5785
16 24 160.20789
16 25 166.80753
16 26 147.6522
16 27 143.33709
16 28 173.42123
16 29 133.18482
16 30 111.8015
16 31 134.55326
16 32 153.42105
16 33 153.10648
16 34 124.33661
16 35 153.7422
16 36 139.90154
16 37 153.02403
16 38 141.6688
16 39 158.96184
16 40 167.37613
16 41 159.45633
16 42 173.39381
16 43 149.97148
16 44 146.4244
16 45 144.07093
16 46 124.61966
16 47 153.11259
16 48 174.36951
16 49 165.65589
16 50 127.06642
16 51 139.65145
16 52 162.27837
16 53 120.31885
16 54 158.60246
16 55 136.69564
16 56 131.13739
16 57 154.5445
16 58 185.42518
16 59 150.35798
16 60 117.98959
16 61 137.46161
16 62 107.01878
16 63 137.45934
16 64 158.30771
16 65 113.60363
16 66 173.7727
16 67 128.15955
16 68 155.44671
16 69 174.65821
16 70 130.05391
16 71 167.62514
16 72 140.08325
16 73 158.78688
16 74 114.46315
16 75 151.59572
16 76 104.39258
16 77 129.16186
16 78 150.93442
16 79 158.5442
16 80 177.96131
16 81 142.78164
16 82 139.27652
16 83 180.26002
16 84 116.44682
16 85 158.02204
16 86 116.67877
16 87 159.37746
16 88 168.38606
16 89 105.58254
16 90 129.2779
16 91 147.24202
16 92 154.00551
16 93 145.93563
16 94 155.75762
16 95 160.78006
16 96 163.10655
16 97 117.17731
16 98 169.08401
16 99 121.39787
17 18 145.82384
17 19 152.04633
17 20 108.04691
17 21 110.23549
17 22 163.44067
17 23 119.14805
17 24 163.9131
17 25 140.97678
17 26 128.85341
17 27 113.55327
17 28 122.36352
17 29 121.45437
17 30 146.20337
17 31 164.58474
17 32 120.837
17 33 118.63489
17 34 162.28532
17 35 175.69169
17 36 118.68852
17 37 150.25408
17 38 112.49661
17 39 170.49092
17 40 123.85584
17 41 124.59457
17 42 134.67432
17 43 141.17409
17 44 152.29356
17 45 147.93031
17 46 155.58078
17 47 118.64264
17 48 142.78779
17 49 135.90513
17 50 154.73379
17 51 157.24233
17 52 133.49706
17 53 168.61014
17 54 137.47589
17 55 126.68043
17 56 156.09264
17 57 113.01911
17 58 139.70882
17 59 113.46255
17 60 171.86346
17 61 134.51929
17 62 149.15554
17 63 118.38279
17 64 124.8408
17 65 167.76564
17 66 133.95775
17 67 141.54999
17 68 110.85269
17 69 129.59365
17 70 143.04535
17 71 140.01448
17 72 118.24783
17 73 139.44512
17 74 157.53809
17 75 173.18507
17 76 158.5562
17 77 181.78065
17 78 150.4181
17 79 144.72278
17 80 143.55439
17 81 135.01175
17 82 160.20104
17 83 128.93973
17 84 138.07441
17 85 114.92839
17 86 168.53875
17 87 123.06222
17 88 124.32455
17 89 148.94512
17 90 142.82551
17 91 181.14721
17 92 129.59213
17 93 196.29655
17 94 130.24722
17 95 121.2871
17 96 116.68401
17 97 171.30913
17 98 123.78671
17 99 147.81783
18 19 106.56355
18 20 149.49571
18 21 144.73855
18 22 122.34364
18 23 128.88532
18 24 185.51692
18 25 135.31426
18 26 158.9606
18 27 143.79304
18 28 168.14444
18 29 135.95561
18 30 139.22033
18 31 167.23643
18 32 158.39202
18 33 156.82827
18 34 158.38663
18 35 185.48324
18 36 144.40483
18 37 174.3791
18 38 137.31604
18 39 187.38172
18 40 145.1295
18 41 135.21004
18 42 177.79181
18 43 167.62813
18 44 170.79957
18 45 108.62492
18 46 116.09548
18 47 156.83742
18 48 183.2672
18 49 136.2042
18 50 113.53807
18 51 111.46274
18 52 171.39653
18 53 134.70498
18 54 171.3799
18 55 119.24005
18 56 112.32574
18 57 154.38608
18 58 185.2609
18 59 134.25635
18 60 149.8013
18 61 111.47387
18 62 128.73462
18 63 129.27286
18 64 163.989
18 65 144.54072
18 66 177.47813
18 67 151.00164
18 68 153.64275
18 69 174.70435
18 70 153.57185
18 71 136.68811
18 72 127.83961
18 73 172.56975
18 74 148.79225
18 75 183.05905
18 76 138.08941
18 77 149.58568
18 78 115.48694
18 79 124.54381
18 80 185.42646
18 81 113.52841
18 82 169.16648
18 83 174.55137
18 84 132.73649
18 85 139.71805
18 86 151.26998
18 87 136.04467
18 88 146.16603
18 89 134.59555
18 90 106.80734
18 91 181.81281
18 92 163.96053
18 93 158.59941
18 94 165.50473
18 95 163.28836
18 96 161.4133
18 97 146.2677
18 98 168.66578
18 99 114.21667
19 20 155.35556
19 21 150.38555
19 22 120.53244
19 23 135.42225
19 24 191.39631
19 25 137.15166
19 26 165.45462
19 27 150.35065
19 28 174.30036
19 29 142.47381
19 30 144.07294
19 31 171.89179
19 32 164.95399
19 33 163.38444
19 34 162.60291
19 35 190.45418
19 36 150.95427
19 37 180.5153
19 38 143.83668
19 39 192.91616
19 40 149.58676
19 41 139.59995
19 42 184.3115
19 43 173.93741
19 44 176.66894
19 45 107.93526
19 46 116.30829
19 47 163.3936
19 48 189.8305
19 49 138.93339
19 50 113.40289
19 51 105.34699
19 52 177.95646
19 53 134.59832
19 54 177.88617
19 55 125.62645
19 56 110.3893
19 57 160.88463
19 58 191.60072
19 59 140.08549
19 60 151.61683
19 61 117.52929
19 62 132.60117
19 63 135.79321
19 64 170.54957
19 65 146.42305
19 66 183.98317
19 67 156.74638
19 68 160.09661
19 69 181.1013
19 70 159.30621
19 71 138.745
19 72 134.22515
19 73 179.0541
19 74 152.82966
19 75 188.07545
19 76 140.98404
19 77 149.08964
19 78 113.69121
19 79 125.22548
19 80 191.98076
19 81 118.35946
19 82 174.36606
19 83 180.62373
19 84 138.28943
19 85 145.05988
19 86 153.88877
19 87 140.60782
19 88 150.59682
19 89 138.84527
19 90 112.55828
19 91 185.91805
19 92 170.50025
19 93 156.2162
19 94 172.05082
19 95 169.80958
19 96 167.8154
19 97 147.66292
19 98 175.07487
19 99 117.62181
20 21 105.91642
20 22 168.62648
20 23 125.42988
20 24 170.73734
20 25 138.29697
20 26 135.76844
20 27 121.57578
20 28 120.02509
20 29 129.23301
20 30 153.95711
20 31 172.59804
20 32 126.72604
20 33 124.59084
20 34 170.31481
20 35 183.36422
20 36 126.69841
20 37 157.0951
20 38 120.03506
20 39 177.70047
20 40 118.38139
20 41 122.17526
20 42 136.58357
20 43 148.01162
20 44 159.68947
20 45 150.2915
20 46 160.79781
20 47 124.59703
20 48 145.82575
20 49 132.89289
20 50 159.65454
20 51 160.67129
20 52 138.11795
20 53 174.93259
20 54 143.05895
20 55 131.05209
20 56 160.57094
20 57 118.58191
20 58 138.61779
20 59 115.27021
20 60 179.29109
20 61 138.02185
20 62 156.12564
20 63 124.58407
20 64 129.69411
20 65 175.05072
20 66 135.59607
20 67 149.58057
20 68 116.06907
20 69 129.76193
20 70 151.0442
20 71 137.022
20 72 123.36773
20 73 145.11511
20 74 165.42238
20 75 180.87674
20 76 165.84456
20 77 188.50326
20 78 151.75162
20 79 144.23097
20 80 145.83665
20 81 137.40441
20 82 168.0673
20 83 125.65297
20 84 145.61342
20 85 112.34549
20 86 176.19945
20 87 120.5289
20 88 118.57593
20 89 156.36218
20 90 147.43732
20 91 189.136
20 92 135.56688
20 93 202.47562
20 94 135.93712
20 95 125.10299
20 96 118.71953
20 97 178.5192
20 98 124.73328
20 99 153.3524
21 22 164.63788
21 23 123.08937
21 24 174.14599
21 25 132.50537
21 26 139.08844
21 27 123.01395
21 28 125.8835
21 29 128.83776
21 30 153.11447
21 31 173.65035
21 32 130.84422
21 33 128.65144
21 34 170.50842
21 35 185.54086
21 36 128.10081
21 37 160.48787
21 38 119.5767
21 39 180.65056
21 40 113.6709
21 41 116.28686
21 42 142.27881
21 43 151.40914
21 44 162.38904
21 45 144.97561
21 46 156.87803
21 47 128.65867
21 48 151.29055
21 49 127.14962
21 50 155.53847
21 51 155.72588
21 52 142.98245
21 53 171.85884
21 54 147.43331
21 55 126.98011
21 56 156.17157
21 57 122.80473
21 58 144.51528
21 59 110.67216
21 60 177.62046
21 61 133.30942
21 62 153.90773
21 63 122.20982
21 64 134.4046
21 65 173.16114
21 66 141.33554
21 67 150.57859
21 68 120.41399
21 69 135.65165
21 70 152.27395
21 71 131.28939
21 72 120.14182
21 73 149.44013
21 74 164.88521
21 75 183.01496
21 76 164.00945
21 77 185.80378
21 78 146.12549
21 79 138.33757
21 80 151.48588
21 81 132.20759
21 82 169.77857
21 83 131.30243
21 84 144.38933
21 85 106.43233
21 86 175.00272
21 87 114.64321
21 88 114.10039
21 89 154.80703
21 90 143.22761
21 91 190.3101
21 92 139.66701
21 93 199.16941
21 94 140.22444
21 95 130.20204
21 96 124.24436
21 97 176.49865
21 98 130.52465
21 99 149.7304
22 23 144.4916
22 24 187.23124
22 25 157.3004
22 26 168.41164
22 27 157.47249
22 28 185.5366
22 29 147.55302
22 30 137.48329
22 31 162.22818
22 32 170.97719
22 33 169.91835
22 34 151.74315
22 35 181.44938
22 36 156.20416
22 37 178.64178
22 38 152.54435
22 39 186.60457
22 40 166.92901
22 41 157.15702
22 42 191.38964
22 43 173.96166
22 44 172.94942
22 45 128.37491
22 46 107.86025
22 47 169.92658
22 48 194.84165
22 49 158.50747
22 50 109.2247
22 51 117.65794
22 52 182.51302
22 53 115.10851
22 54 180.589
22 55 137.67141
22 56 110.29826
22 57 169.10421
22 58 201.05037
22 59 153.96946
22 60 134.59249
22 61 132.22674
22 62 124.36036
22 63 145.18043
22 64 176.50359
22 65 129.88038
22 66 191.38499
22 67 153.36848
22 68 169.03626
22 69 190.14384
22 70 155.6729
22 71 158.78293
22 72 145.38698
22 73 181.27248
22 74 142.02857
22 75 179.34135
22 76 127.75408
22 77 128.80795
22 78 134.08995
22 79 145.69427
22 80 197.76258
22 81 135.60761
22 82 166.98422
22 83 192.27933
22 84 135.99242
22 85 160.42414
22 86 138.64858
22 87 157.84499
22 88 167.97996
22 89 130.62616
22 90 121.50509
22 91 173.71711
22 92 174.35885
22 93 136.25577
22 94 176.07647
22 95 177.2495
22 96 177.13067
22 97 129.98013
22 98 184.11543
22 99 115.82917
23 24 163.30519
23 25 138.57039
23 26 131.83158
23 27 115.03182
23 28 141.04616
23 29 110.1782
23 30 130.85779
23 31 154.67579
23 32 129.67401
23 33 128.01545
23 34 149.64499
23 35 169.50565
23 36 116.6689
23 37 150.51008
23 38 108.46822
23 39 167.58527
23 40 131.80234
23 41 125.79217
23 42 148.91628
23 43 142.39744
23 44 149.34709
23 45 133.22498
23 46 136.64895
23 47 128.02469
23 48 154.56361
23 49 135.21198
23 50 136.01961
23 51 140.2585
23 52 142.94703
23 53 149.58154
23 54 143.84012
23 55 110.43953
23 56 137.78017
23 57 125.57544
23 58 157.01538
23 59 114.17506
23 60 154.55973
23 61 118.82104
23 62 130.85436
23 63 100.88086
23 64 135.22565
23 65 150.07214
23 66 148.62848
23 67 132.60908
23 68 125.03283
23 69 146.24951
23 70 134.87524
23 71 138.52574
23 72 104.63781
23 73 145.29429
23 74 142.8618
23 75 166.93217
23 76 140.92724
23 77 163.07621
23 78 137.59789
23 79 136.54644
23 80 156.58472
23 81 121.69445
23 82 152.82756
23 83 147.80533
23 84 121.81996
23 85 121.81955
23 86 152.179
23 87 125.15133
23 88 132.74029
23 89 131.83689
23 90 124.63592
23 91 171.25603
23 92 136.0037
23 93 177.21703
23 94 137.4118
23 95 134.41321
23 96 133.01297
23 97 153.41641
23 98 140.18416
23 99 128.75802
24 25 201.1947
24 26 135.06438
24 27 152.3657
24 28 165.17429
24 29 153.1806
24 30 149.75514
24 31 131.42715
24 32 144.28439
24 33 146.30556
24 34 140.97813
24 35 122.06879
24 36 148.0741
24 37 113.66126
24 38 158.68026
24 39 109.68799
24 40 187.68295
24 41 186.18551
24 42 148.65748
24 43 122.75022
24 44 114.72738
24 45 192.80275
24 46 182.12615
24 47 146.30042
24 48 140.70792
24 49 197.07855
24 50 183.72923
24 51 194.40326
24 52 137.10412
24 53 179.94388
24 54 129.9306
24 55 172.58431
24 56 187.49944
24 57 152.30381
24 58 162.47684
24 59 172.85479
24 60 165.87442
24 61 179.61924
24 62 162.90111
24 63 163.64283
24 64 143.02603
24 65 166.32362
24 66 150.0473
24 67 134.72507
24 68 154.83501
24 69 156.81595
24 70 132.19981
24 71 200.82799
24 72 167.53846
24 73 127.90257
24 74 147.98608
24 75 121.03825
24 76 161.92502
24 77 183.54106
24 78 198.65284
24 79 199.74749
24 80 144.97891
24 81 183.91677
24 82 122.82319
24 83 169.1207
24 84 153.26979
24 85 177.96385
24 86 158.9223
24 87 184.97212
24 88 188.20578
24 89 156.62486
24 90 178.89341
24 91 137.39069
24 92 135.74276
24 93 201.07044
24 94 135.9006
24 95 148.63277
24 96 155.92091
24 97 169.55593
24 98 155.52216
24 99 175.58194
25 26 167.44385
25 27 149.25778
25 28 157.52472
25 29 148.66465
25 30 165.91409
25 31 192.35527
25 32 161.33509
25 33 159.16624
25 34 185.87927
25 35 207.99238
25 36 153.16942
25 37 187.94076
25 38 142.56263
25 39 206.01889
25 40 122.01757
25 41 116.41438
25 42 174.77532
25 43 179.2609
25 44 187.65936
25 45 129.2351
25 46 151.40671
25 47 159.1748
25 48 183.5813
25 49 105.51176
25 50 148.82801
25 51 141.54049
25 52 174.411
25 53 169.95674
25 54 177.80074
25 55 131.74859
25 56 147.00871
25 57 153.91907
25 58 176.18733
25 59 128.8713
25 60 183.36019
25 61 129.37053
25 62 159.80781
25 63 138.06135
25 64 165.75511
25 65 178.15298
25 66 173.84079
25 67 171.05074
25 68 151.82859
25 69 167.998
25 70 173.38004
25 71 101.97275
25 72 134.03435
25 73 179.64607
25 74 177.54766
25 75 205.42192
25 76 170.38194
25 77 184.87023
25 78 125.28757
25 79 112.6211
25 80 183.95479
25 81 124.13199
25 82 191.25335
25 83 161.85875
25 84 157.07588
25 85 126.36117
25 86 183.46657
25 87 118.00227
25 88 122.53821
25 89 163.98268
25 90 139.06704
25 91 208.60848
25 92 169.713
25 93 193.33764
25 94 170.63013
25 95 162.19394
25 96 156.68606
25 97 180.42124
25 98 163.01835
25 99 147.99531
26 27 118.22401
26 28 134.10682
26 29 123.03532
26 30 136.12049
26 31 141.78852
26 32 110.37046
26 33 111.95795
26 34 143.63789
26 35 148.65116
26 36 115.16668
26 37 121.40341
26 38 125.23776
26 39 141.98363
26 40 152.66077
26 41 151.79522
26 42 126.39678
26 43 112.3207
26 44 124.35067
26 45 164.58264
26 46 161.40544
26 47 111.95536
26 48 126.83841
26 49 162.95224
26 50 161.95817
26 51 169.65735
26 52 114.63051
26 53 167.13242
26 54 112.45952
26 55 142.16236
26 56 164.91392
26 57 117.67392
26 58 139.83599
26 59 138.62952
26 60 161.86539
26 61 150.29549
26 62 146.20329
26 63 131.87974
26 64 112.42286
26 65 159.4882
26 66 127.04646
26 67 122.2693
26 68 120.15629
26 69 130.09867
26 70 122.09436
26 71 166.86521
26 72 135.27519
26 73 113.62136
26 74 143.31475
26 75 146.28255
26 76 151.37983
26 77 176.59441
26 78 169.35687
26 79 167.8418
26 80 130.31345
26 81 153.5232
26 82 135.04926
26 83 139.77977
26 84 133.003
26 85 143.11535
26 86 156.34545
26 87 150.47731
26 88 153.1635
26 89 142.21722
26 90 153.26601
26 91 157.09727
26 92 106.36158
26 93 193.58747
26 94 108.10778
26 95 117.17379
26 96 123.29
26 97 163.3277
26 98 125.97757
26 99 153.46293
27 28 130.09188
27 29 110.42562
27 30 134.07011
27 31 151.03149
27 32 114.643
27 33 113.03715
27 34 148.97601
27 35 162.54791
27 36 105.14189
27 37 138.88167
27 38 107.21143
27 39 158.16332
27 40 135.90716
27 41 133.8413
27 42 134.27819
27 43 130.05158
27 44 139.7502
27 45 148.22142
27 46 149.81333
27 47 113.04627
27 48 139.53584
27 49 144.86705
27 50 149.64532
27 51 155.07076
27 52 127.96596
27 53 159.96956
27 54 129.43213
27 55 125.39461
27 56 151.88005
27 57 111.73444
27 58 143.69852
27 59 120.54669
27 60 160.43164
27 61 133.8272
27 62 139.34829
27 63 114.80968
27 64 120.20944
27 65 156.7544
27 66 134.12288
27 67 128.00501
27 68 112.18995
27 69 132.75747
27 70 129.49635
27 71 148.72783
27 72 117.60629
27 73 131.06512
27 74 144.83919
27 75 160.01594
27 76 147.65844
27 77 172.0131
27 78 152.33995
27 79 149.83287
27 80 141.63748
27 81 136.31857
27 82 146.78981
27 83 136.94486
27 84 126.89075
27 85 125.80688
27 86 156.48117
27 87 132.60808
27 88 136.55827
27 89 137.85283
27 90 139.07074
27 91 167.60021
27 92 121.39533
27 93 187.61174
27 94 122.67407
27 95 119.87825
27 96 120.13495
27 97 160.45576
27 98 126.79255
27 99 141.6849
28 29 140.40471
28 30 163.77574
28 31 175.70629
28 32 123.89008
28 33 122.86045
28 34 176.27726
28 35 182.08619
28 36 133.79759
28 37 152.44659
28 38 133.22999
28 39 173.69154
28 40 136.05245
28 41 141.89036
28 42 120.57126
28 43 144.18922
28 44 157.65889
28 45 169.80177
28 46 177.68979
28 47 122.8591
28 48 131.02546
28 49 152.02546
28 50 176.96672
28 51 179.53295
28 52 128.26675
28 53 189.66149
28 54 135.25037
28 55 149.0414
28 56 178.42835
28 57 119.24767
28 58 118.70476
28 59 134.6456
28 60 190.32932
28 61 156.77688
28 62 169.33621
28 63 140.35868
28 64 122.66141
28 65 186.7913
28 66 119.20271
28 67 154.36507
28 68 118.00497
28 69 111.66007
28 70 154.95227
28 71 156.06876
28 72 140.59521
28 73 137.30308
28 74 173.78493
28 75 179.83481
28 76 177.73006
28 77 202.0596
28 78 171.64153
28 79 164.21485
28 80 129.5549
28 81 156.84536
28 82 169.15256
28 83 106.87738
28 84 156.97481
28 85 132.3005
28 86 186.02052
28 87 140.24878
28 88 135.84566
28 89 167.9191
28 90 165.16036
28 91 191.20378
28 92 130.39916
28 93 217.38237
28 94 129.74365
28 95 117.15945
28 96 111.11735
28 97 190.51474
28 98 109.79949
28 99 169.79188
29 30 124.75104
29 31 145.59855
29 32 123.47765
29 33 122.36533
29 34 141.70847
29 35 159.63147
29 36 108.75741
29 37 140.5345
29 38 109.30374
29 39 157.41613
29 40 139.84718
29 41 135.1614
29 42 143.83911
29 43 132.69182
29 44 139.16953
29 45 141.62516
29 46 140.03788
29 47 122.37356
29 48 147.90018
29 49 145.11764
29 50 140.12658
29 51 146.80892
29 52 135.75387
29 53 149.5493
29 54 135.42809
29 55 119.67694
29 56 142.69082
29 57 122.10724
29 58 153.98026
29 59 122.40368
29 60 150.60249
29 61 127.46399
29 62 128.94847
29 63 110.61454
29 64 129.05702
29 65 146.71032
29 66 143.83615
29 67 122.94224
29 68 122.60168
29 69 143.03635
29 70 125.0697
29 71 148.55015
29 72 114.63097
29 73 136.65647
29 74 136.2169
29 75 157.05743
29 76 137.54632
29 77 161.65507
29 78 146.65626
29 79 146.58281
29 80 150.4967
29 81 131.14077
29 82 143.06574
29 83 147.27488
29 84 116.81436
29 85 129.47925
29 86 147.09437
29 87 134.31287
29 88 140.68577
29 89 127.79088
29 90 130.46034
29 91 162.28364
29 92 128.06538
29 93 177.18613
29 94 129.6541
29 95 129.75708
29 96 130.55738
29 97 150.35516
29 98 137.12733
29 99 131.90294
30 31 128.04037
30 32 142.56442
30 33 142.47451
30 34 120.03588
30 35 146.38125
30 36 129.97905
30 37 141.61716
30 38 133.9352
30 39 149.64309
30 40 162.65018
30 41 155.95421
30 42 162.1568
30 43 138.20016
30 44 135.50144
30 45 147.57861
30 46 132.59349
30 47 142.47983
30 48 162.71162
30 49 163.8207
30 50 134.45335
30 51 146.08678
30 52 150.71038
30 53 132.02759
30 54 146.84089
30 55 134.26936
30 56 138.39535
30 57 144.59498
30 58 174.61795
30 59 145.02853
30 60 126.61577
30 61 137.67037
30 62 113.14923
30 63 131.69983
30 64 147.19434
30 65 123.56435
30 66 162.61412
30 67 116.47807
30 68 145.80072
30 69 164.00434
30 70 118.52648
30 71 166.40378
30 72 135.09863
30 73 146.99588
30 74 112.03074
30 75 144.00748
30 76 115.27045
30 77 140.47398
30 78 154.24657
30 79 159.58783
30 80 166.37836
30 81 142.97302
30 82 130.47525
30 83 170.51629
30 84 109.13355
30 85 152.6426
30 86 122.4241
30 87 155.55763
30 88 163.59474
30 89 107.0155
30 90 132.44817
30 91 143.24821
30 92 142.48197
30 93 157.56498
30 94 144.22435
30 95 150.07815
30 96 153.08726
30 97 127.39783
30 98 158.63822
30 99 126.86928
31 32 151.82058
31 33 152.92037
31 34 110.81909
31 35 119.22563
31 36 145.90039
31 37 131.54468
31 38 154.35543
31 39 126.67996
31 40 185.40878
31 41 180.44845
31 42 166.13578
31 43 134.92281
31 44 123.06179
31 45 175.61874
31 46 158.99314
31 47 152.92082
31 48 162.11168
31 49 189.60593
31 50 161.25563
31 51 173.4891
31 52 152.94084
31 53 151.96486
31 54 146.2635
31 55 160.69783
31 56 165.31345
31 57 157.5815
31 58 180.40703
31 59 167.99141
31 60 135.31526
31 61 165.2392
31 62 139.63184
31 63 155.37196
31 64 154.05763
31 65 136.71469
31 66 167.14475
31 67 123.07826
31 68 159.68334
31 69 171.53227
31 70 121.57105
31 71 192.60565
31 72 159.29854
31 73 145.17611
31 74 120.20337
31 75 117.1973
31 76 134.69002
31 77 153.06887
31 78 182.28029
31 79 187.12566
31 80 166.49785
31 81 170.42551
31 82 109.15494
31 83 181.55485
31 84 135.77962
31 85 175.02241
31 86 128.37461
31 87 179.72895
31 88 186.22391
31 89 133.15463
31 90 160.47927
31 91 116.69606
31 92 146.72717
31 93 170.32364
31 94 148.00683
31 95 158.95786
31 96 164.67297
31 97 139.4868
31 98 167.75184
31 99 154.40365
32 33 102.20213
32 34 152.81931
32 35 158.96507
32 36 114.77315
32 37 130.75449
32 38 121.5953
32 39 151.81136
32 40 144.50682
32 41 145.13052
32 42 120.47703
32 43 121.79682
32 44 134.58762
32 45 162.83559
32 46 163.509
32 47 102.19436
32 48 124.89466
32 49 156.45928
32 50 163.59063
32 51 169.61405
32 52 113.53014
32 53 171.80683
32 54 116.63954
32 55 140.00834
32 56 166.06067
32 57 108.1447
32 58 132.05853
32 59 132.65041
32 60 169.04194
32 61 148.45283
32 62 150.7523
32 63 129.43367
32 64 105.62104
32 65 166.11572
32 66 120.61778
32 67 130.96787
32 68 110.66082
32 69 121.49196
32 70 131.30307
32 71 160.51735
32 72 131.99498
32 73 118.61281
32 74 151.30725
32 75 156.61575
32 76 157.47571
32 77 182.58075
32 78 166.79575
32 79 163.45952
32 80 127.12835
32 81 150.76519
32 82 145.35841
32 83 129.84083
32 84 137.51806
32 85 135.72223
32 86 164.0483
32 87 143.66767
32 88 144.88449
32 89 147.845
32 90 153.48328
32 91 167.3699
32 92 108.85152
32 93 199.01881
32 94 109.41037
32 95 107.62582
32 96 112.94563
32 97 169.94046
32 98 116.50222
32 99 155.37745
33 34 153.50801
33 35 160.60677
33 36 113.81412
33 37 132.73377
33 38 119.80721
33 39 153.70613
33 40 142.31665
33 41 142.94537
33 42 121.47908
33 43 123.72399
33 44 136.29668
33 45 161.09112
33 46 162.38285
33 47 100.00935
33 48 126.5892
33 49 154.27568
33 50 162.3783
33 51 168.1053
33 52 115.53607
33 53 171.17964
33 54 118.84161
33 55 138.27884
33 56 164.75619
33 57 106.01948
33 58 132.33109
33 59 130.51824
33 60 169.04025
33 61 146.73261
33 62 150.17015
33 63 127.73337
33 64 107.24635
33 65 165.973
33 66 121.47879
33 67 131.59979
33 68 108.54988
33 69 121.56354
33 70 132.10281
33 71 158.33804
33 72 130.15536
33 73 120.81374
33 74 151.59627
33 75 158.23158
33 76 157.22471
33 77 182.23876
33 78 164.93945
33 79 161.41213
33 80 128.60033
33 81 148.91608
33 82 146.7043
33 83 129.05726
33 84 137.01857
33 85 133.52176
33 86 164.21016
33 87 141.4781
33 88 142.70008
33 89 147.524
33 90 152.05995
33 91 168.65087
33 92 111.02504
33 93 198.51804
33 94 111.61249
33 95 107.68073
33 96 111.76613
33 97 169.78421
33 98 116.20456
33 99 154.24346
34 35 129.90341
34 36 144.04839
34 37 138.4681
34 38 150.93176
34 39 137.21517
34 40 181.25069
34 41 175.27813
34 42 169.5023
34 43 139.62292
34 44 130.1763
34 45 166.92367
34 46 148.94863
34 47 153.51034
34 48 166.98666
34 49 183.62448
34 50 151.34362
34 51 163.80513
34 52 156.56697
34 53 141.15252
34 54 150.62849
34 55 154.1632
34 56 155.41635
34 57 157.33835
34 58 183.37856
34 59 163.58206
34 60 124.94338
34 61 157.67782
34 62 130.02221
34 63 150.42784
34 64 156.0364
34 65 125.9723
34 66 170.33529
34 67 121.91482
34 68 159.14395
34 69 173.71537
34 70 121.57996
34 71 186.31982
34 72 154.13109
34 73 149.93225
34 74 109.88668
34 75 127.97253
34 76 124.05232
34 77 142.68072
34 78 173.70435
34 79 179.57747
34 80 171.22271
34 81 162.99515
34 82 118.17088
34 83 182.56449
34 84 128.82308
34 85 170.98473
34 86 117.97475
34 87 174.74642
34 88 182.14036
34 89 123.81025
34 90 151.75569
34 91 123.43733
34 92 149.37232
34 93 160.12675
34 94 150.87978
34 95 160.33894
34 96 165.16524
34 97 128.88166
34 98 169.26326
34 99 144.98842
35 36 157.5312
35 37 130.49288
35 38 167.37145
35 39 112.98837
35 40 198.32132
35 41 194.72986
35 42 168.17936
35 43 137.9407
35 44 124.44325
35 45 193.67855
35 46 178.0709
35 47 160.60433
35 48 161.47339
35 49 204.70205
35 50 180.26182
35 51 192.32627
35 52 155.50839
35 53 170.9862
35 54 148.14082
35 55 176.91576
35 56 184.30185
35 57 166.17543
35 58 182.45013
35 59 181.66025
35 60 153.32409
35 61 182.37442
35 62 158.57752
35 63 170.08143
35 64 159.43204
35 65 155.36529
35 66 169.45316
35 67 136.94227
35 68 168.58052
35 69 175.40475
35 70 134.63064
35 71 208.01951
35 72 174.11483
35 73 146.41581
35 74 139.42864
35 75 102.57429
35 76 153.9003
35 77 170.84216
35 78 200.19165
35 79 203.99424
35 80 165.87377
35 81 187.36161
35 82 116.78883
35 83 186.97996
35 84 153.14333
35 85 188.03108
35 86 146.57978
35 87 193.7975
35 88 199.02225
35 89 152.0392
35 90 178.6805
35 91 116.26307
35 92 151.68869
35 93 187.55973
35 94 152.43368
35 95 164.94195
35 96 171.71926
35 97 157.82067
35 98 172.97448
35 99 173.14433
36 37 134.77343
36 38 110.61158
36 39 153.49796
36 40 140.81979
36 41 138.1919
36 42 135.21245
36 43 126.20735
36 44 135.04667
36 45 149.60962
36 46 148.74626
36 47 113.82183
36 48 139.16009
36 49 149.00534
36 50 148.87694
36 51 155.40937
36 52 127.06584
36 53 157.46161
36 54 127.24436
36 55 127.03502
36 56 151.44447
36 57 114.67415
36 58 145.907
36 59 124.85098
36 60 156.54142
36 61 135.25478
36 62 136.52541
36 63 116.7148
36 64 120.3229
36 65 153.10328
36 66 135.27267
36 67 122.89603
36 68 115.82966
36 69 135.00861
36 70 124.35715
36 71 152.76222
36 72 120.18537
36 73 128.64591
36 74 140.31239
36 75 154.9909
36 76 144.13837
36 77 168.88826
36 78 154.23287
36 79 152.81007
36 80 141.74073
36 81 138.36319
36 82 141.67959
36 83 140.55486
36 84 123.55804
36 85 130.608
36 86 152.2749
36 87 137.04465
36 88 141.50206
36 89 134.34157
36 90 139.11379
36 91 162.46026
36 92 119.58257
36 93 184.91262
36 94 121.10261
36 95 121.3851
36 96 123.22456
36 97 156.86305
36 98 129.27183
36 99 140.61978
37 38 145.37819
37 39 121.27536
37 40 174.03669
37 41 172.7229
37 42 137.69218
37 43 109.0904
37 44 108.49495
37 45 181.21488
37 46 172.81041
37 47 132.72894
37 48 131.56108
37 49 183.70557
37 50 174.09532
37 51 183.9387
37 52 125.08669
37 53 173.30548
37 54 117.70569
37 55 160.16491
37 56 177.65598
37 57 138.71072
37 58 151.99443
37 59 159.41775
37 60 162.09624
37 61 167.58216
37 62 154.41184
37 63 150.77927
37 64 129.9381
37 65 161.4781
37 66 138.96057
37 67 125.29343
37 68 141.23858
37 69 145.02683
37 70 123.0958
37 71 187.50889
37 72 154.58316
37 73 115.92885
37 74 143.01014
37 75 128.54964
37 76 155.53288
37 77 179.14471
37 78 186.76753
37 79 187.05543
37 80 136.00483
37 81 171.6012
37 82 122.51993
37 83 156.89048
37 84 143.22629
37 85 164.3659
37 86 155.4191
37 87 171.47841
37 88 174.55311
37 89 148.63098
37 90 167.95763
37 91 142.85006
37 92 122.4124
37 93 196.78967
37 94 122.77765
37 95 135.55996
37 96 142.73125
37 97 165.05298
37 98 143.00561
37 99 165.68738
38 39 163.94358
38 40 131.14816
38 41 127.68988
38 42 140.47624
38 43 136.74306
38 44 145.4909
38 45 141.28615
38 46 144.74503
38 47 119.81653
38 48 146.39574
38 49 138.4068
38 50 144.2715
38 51 148.7119
38 52 135.04955
38 53 156.56993
38 54 136.63859
38 55 118.49022
38 56 146.16861
38 57 117.10725
38 58 148.66098
38 59 114.39007
38 60 159.37958
38 61 126.94507
38 62 136.7527
38 63 108.04377
38 64 127.05207
38 65 155.26934
38 66 140.17032
38 67 131.38086
38 68 116.62306
38 69 137.84749
38 70 133.26914
38 71 142.15125
38 72 110.42968
38 73 138.25506
38 74 145.50432
38 75 164.80929
38 76 146.06024
38 77 169.4527
38 78 145.21862
38 79 142.66132
38 80 148.26762
38 81 129.18756
38 82 151.11848
38 83 140.07148
38 84 125.61639
38 85 120.76935
38 86 156.16773
38 87 126.60791
38 88 131.92522
38 89 136.45503
38 90 133.07711
38 91 171.04874
38 92 128.60673
38 93 184.29858
38 94 129.8763
38 95 125.97332
38 96 124.66241
38 97 158.8183
38 98 131.7834
38 99 136.72836
39 40 193.97087
39 41 191.63295
39 42 157.95195
39 43 130.01961
39 44 118.45548
39 45 195.1113
39 46 182.21677
39 47 153.70201
39 48 150.29772
39 49 202.21611
39 50 184.09157
39 51 195.45393
39 52 145.97493
39 53 177.83579
39 54 138.65572
39 55 176.18396
39 56 188.01132
39 57 159.60114
39 58 171.92411
39 59 178.31221
39 60 161.98803
39 61 182.62138
39 62 162.64192
39 63 168.02719
39 64 151.2134
39 65 163.16681
39 66 159.31261
39 67 136.54728
39 68 162.10778
39 69 165.85596
39 70 133.98454
39 71 205.80983
39 72 172.02572
39 73 136.71659
39 74 145.55049
39 75 112.5592
39 76 160.01816
39 77 179.74571
39 78 201.2807
39 79 203.51714
39 80 154.59979
39 81 187.24632
39 82 119.72486
39 83 177.96898
39 84 154.66324
39 85 183.96826
39 86 155.03656
39 87 190.52506
39 88 194.56604
39 89 156.13868
39 90 180.62189
39 91 129.02681
39 92 143.65813
39 93 196.9864
39 94 144.05298
39 95 156.83497
39 96 163.98826
39 97 166.08406
39 98 164.18073
39 99 176.31372
40 41 109.98681
40 42 154.58435
40 43 164.97461
40 44 175.61279
40 45 142.73767
40 46 159.62236
40 47 142.32382
40 48 164.1001
40 49 116.55158
40 50 157.71901
40 51 154.81582
40 52 156.43317
40 53 176.52113
40 54 161.07379
40 55 131.31261
40 56 157.37821
40 57 136.44019
40 58 154.5483
40 59 117.68199
40 60 185.25895
40 61 134.74414
40 62 160.97055
40 63 130.97264
40 64 147.925
40 65 180.44219
40 66 153.50175
40 67 162.51322
40 68 134.01596
40 69 147.04352
40 70 164.41663
40 71 120.3655
40 72 127.61204
40 73 163.09034
40 74 174.66245
40 75 195.77228
40 76 171.57245
40 77 191.13185
40 78 141.8122
40 79 131.26798
40 80 163.88714
40 81 131.60472
40 82 182.22604
40 83 139.96792
40 84 153.57391
40 85 110.38991
40 86 183.55037
40 87 109.0953
40 88 101.05759
40 89 163.1115
40 90 145.6844
40 91 202.10329
40 92 153.33556
40 93 202.8008
40 94 153.87494
40 95 143.47417
40 96 137.02699
40 97 183.45996
40 98 142.5896
40 99 153.61888
41 42 158.4489
41 43 163.85812
41 44 173.17928
41 45 132.79941
41 46 149.97162
41 47 142.95374
41 48 167.17066
41 49 111.33288
41 50 147.97271
41 51 144.83163
41 52 158.07374
41 53 167.24702
41 54 161.69197
41 55 122.80326
41 56 147.49273
41 57 137.57736
41 58 160.5912
41 59 113.34206
41 60 177.11584
41 61 125.11075
41 62 152.79914
41 63 125.079
41 64 149.41492
41 65 172.15846
41 66 157.54718
41 67 158.09181
41 68 135.44604
41 69 151.93448
41 70 160.22845
41 71 115.42321
41 72 121.20287
41 73 163.583
41 74 167.96422
41 75 192.15788
41 76 163.516
41 77 181.99217
41 78 132.22254
41 79 122.65552
41 80 167.59324
41 81 121.68266
41 82 178.2226
41 83 146.79542
41 84 146.82321
41 85 109.98887
41 86 175.92665
41 87 101.64734
41 88 111.00024
41 89 155.58629
41 90 136.09946
41 91 197.04585
41 92 153.64738
41 93 193.17168
41 94 154.48621
41 95 145.78186
41 96 140.32531
41 97 175.00222
41 98 146.78442
41 99 144.30877
42 43 131.41654
42 44 144.75605
42 45 181.3997
42 46 183.86186
42 47 121.47072
42 48 110.502
42 49 169.42708
42 50 183.83764
42 51 189.17387
42 52 113.20216
42 53 192.16624
42 54 120.2559
42 55 158.83423
42 56 186.15182
42 57 123.47973
42 58 114.39178
42 59 148.11384
42 60 188.21075
42 61 167.24418
42 62 171.09336
42 63 148.51996
42 64 115.15688
42 65 185.67395
42 66 101.48679
42 67 148.60749
42 68 124.61069
42 69 109.28882
42 70 148.21533
42 71 173.5654
42 72 150.36778
42 73 121.8123
42 74 169.70561
42 75 166.23389
42 76 177.31183
42 77 202.52176
42 78 184.61218
42 79 179.39184
42 80 109.309
42 81 168.7854
42 82 158.12955
42 83 121.89212
42 84 157.80919
42 85 148.46003
42 86 182.74217
42 87 156.82466
42 88 154.58448
42 89 167.85311
42 90 173.32431
42 91 179.82554
42 92 120.243
42 93 219.20646
42 94 118.65472
42 95 114.50365
42 96 118.15305
42 97 189.51485
42 98 112.01674
42 99 175.72235
43 44 113.64398
43 45 174.02947
43 46 167.61303
43 47 123.71951
43 48 127.42534
43 49 174.91862
43 50 168.61986
43 51 177.68413
43 52 118.24634
43 53 170.22494
43 54 111.3415
43 55 152.35765
43 56 171.96921
43 57 129.67192
43 58 145.79041
43 59 150.59492
43 60 161.37263
43 61 160.08224
43 62 150.23911
43 63 142.59288
43 64 121.52957
43 65 159.99308
43 66 132.51971
43 67 121.88133
43 68 132.19479
43 69 137.74727
43 70 120.33836
43 71 178.76912
43 72 146.27799
43 73 110.35374
43 74 142.10611
43 75 135.74858
43 76 153.03519
43 77 177.6331
43 78 179.29926
43 79 178.88339
43 80 131.73509
43 81 163.82303
43 82 126.71715
43 83 149.0555
43 84 138.00114
43 85 155.36336
43 86 155.08617
43 87 162.58309
43 88 165.4823
43 89 145.052
43 90 161.44088
43 91 148.47116
43 92 113.81349
43 93 195.13506
43 94 114.49298
43 95 127.09395
43 96 134.08575
43 97 163.73246
43 98 135.0389
43 99 160.09971
44 45 178.13914
44 46 167.61205
44 47 136.29376
44 48 139.52143
44 49 183.79394
44 50 169.14154
44 51 179.69517
44 52 131.71023
44 53 166.51647
44 54 124.50038
44 55 158.27935
44 56 172.87359
44 57 141.99552
44 58 159.1464
44 59 159.85689
44 60 154.21957
44 61 165.1024
44 62 148.5892
44 63 149.75301
44 64 135.01953
44 65 153.92214
44 66 145.92706
44 67 120.03125
44 68 144.44973
44 69 151.37579
44 70 117.53126
44 71 187.41586
44 72 153.72518
44 73 123.05198
44 74 135.3816
44 75 122.17661
44 76 148.55855
44 77 171.50479
44 78 184.05598
44 79 185.55779
44 80 143.95464
44 81 169.51793
44 82 114.09749
44 83 162.66655
44 84 138.56784
44 85 165.55608
44 86 147.44098
44 87 172.06959
44 88 176.22834
44 89 142.46758
44 90 164.16793
44 91 135.10784
44 92 127.27408
44 93 189.15344
44 94 128.08917
44 95 140.50685
44 96 147.28504
44 97 157.40009
44 98 148.63967
44 99 160.93355
45 46 123.45911
45 47 161.10044
45 48 187.6803
45 49 131.19255
45 50 120.63022
45 51 112.48905
45 52 176.16949
45 53 142.05235
45 54 176.84497
45 55 122.82842
45 56 118.11959
45 57 157.93698
45 58 187.63528
45 59 135.17727
45 60 158.12941
45 61 114.40434
45 62 137.3547
45 63 133.41175
45 64 168.33327
45 65 152.88095
45 66 180.94373
45 67 158.59263
45 68 156.85714
45 69 177.42655
45 70 161.16365
45 71 130.85151
45 72 131.06362
45 73 178.18438
45 74 157.37419
45 75 191.22876
45 76 146.66248
45 77 156.71957
45 78 106.86375
45 79 117.32197
45 80 189.49426
45 81 112.95797
45 82 177.23167
45 83 175.86974
45 84 140.66129
45 85 139.24079
45 86 159.81216
45 87 133.95014
45 88 143.71724
45 89 143.16056
45 90 115.17596
45 91 190.35853
45 92 169.14294
45 93 164.15119
45 94 170.59249
45 95 166.98986
45 96 164.24162
45 97 154.43268
45 98 171.48952
45 99 122.78553
46 47 162.39123
46 48 187.60918
46 49 152.12786
46 50 102.90882
46 51 115.49522
46 52 175.30837
46 53 118.66541
46 54 173.70347
46 55 129.89826
46 56 106.70298
46 57 161.39704
46 58 193.3103
46 59 146.21908
46 60 135.44293
46 61 124.88402
46 62 119.61638
46 63 137.33136
46 64 169.06862
46 65 130.30633
46 66 183.81988
46 67 147.72009
46 68 161.2749
46 69 182.41921
46 70 150.13341
46 71 152.76156
46 72 137.53456
46 73 174.48612
46 74 139.06497
46 75 175.83875
46 76 125.81453
46 77 133.5011
46 78 129.87392
46 79 140.44405
46 80 190.42211
46 81 128.69951
46 82 162.85548
46 83 184.42612
46 84 129.67113
46 85 152.79679
46 86 138.19851
46 87 150.57261
46 88 160.67761
46 89 126.17095
46 90 113.95844
46 91 171.76163
46 92 167.23033
46 93 143.20038
46 94 168.92893
46 95 169.64135
46 96 169.36263
46 97 131.38132
46 98 176.38021
46 99 108.14018
47 48 126.57988
47 49 154.28407
47 50 162.38686
47 51 168.11439
47 52 115.5269
47 53 171.18674
47 54 118.8338
47 55 138.28815
47 56 164.76494
47 57 106.0253
47 58 132.32474
47 59 130.52709
47 60 169.04533
47 61 146.74191
47 62 150.17708
47 63 127.74264
47 64 107.23701
47 65 165.97857
47 66 121.47073
47 67 131.60224
47 68 108.5556
47 69 121.55771
47 70 132.10454
47 71 158.34649
47 72 130.16471
47 73 120.80613
47 74 151.60022
47 75 158.22929
47 76 157.23063
47 77 182.24501
47 78 164.94879
47 79 161.42128
47 80 128.5912
47 81 148.92543
47 82 146.70349
47 83 129.05485
47 84 137.02521
47 85 133.52973
47 86 164.21464
47 87 141.48639
47 88 142.70711
47 89 147.53012
47 90 152.06889
47 91 168.65045
47 92 111.01811
47 93 198.5248
47 94 111.60471
47 95 107.6743
47 96 111.76519
47 97 169.78983
47 98 116.19991
47 99 154.25184
48 49 178.34587
48 50 187.91505
48 51 194.44418
48 52 112.34008
48 53 193.96818
48 54 116.42554
48 55 164.86514
48 56 190.58412
48 57 130.37746
48 58 122.15287
48 59 155.95048
48 60 187.73498
48 61 173.31733
48 62 173.03519
48 63 154.30717
48 64 119.34878
48 65 185.7733
48 66 111.94156
48 67 147.62259
48 68 132.09092
48 69 119.76809
48 70 146.68827
48 71 182.48625
48 72 156.71553
48 73 117.07396
48 74 168.67242
48 75 159.75942
48 76 177.97622
48 77 203.11854
48 78 191.45435
48 79 187.26427
48 80 104.44397
48 81 175.45062
48 82 153.49968
48 83 132.24932
48 84 159.80513
48 85 157.23208
48 86 181.77651
48 87 165.5795
48 88 164.17808
48 89 168.98864
48 90 178.23076
48 91 174.40761
48 92 120.60104
48 93 220.27196
48 94 118.85197
48 95 121.52294
48 96 127.10625
48 97 189.59336
48 98 122.02044
48 99 179.54088
49 50 149.70932
49 51 143.67639
49 52 169.39619
49 53 170.413
49 54 173.00724
49 55 129.57378
49 56 148.30703
49 57 148.90186
49 58 170.68161
49 59 124.33185
49 60 182.68014
49 61 128.67463
49 62 158.72664
49 63 134.62141
49 64 160.73764
49 65 177.53708
49 66 168.47187
49 67 167.82103
49 68 146.75051
49 69 162.55003
49 70 170.07707
49 71 104.14222
49 72 130.59053
49 73 174.88837
49 74 175.64667
49 75 202.12796
49 76 169.42184
49 77 185.34651
49 78 128.27264
49 79 116.13265
49 80 178.63304
49 81 123.79396
49 82 188.0393
49 83 156.34896
49 84 154.82019
49 85 121.12403
49 86 182.3298
49 87 112.84298
49 88 117.11153
49 89 162.44327
49 90 139.08411
49 91 206.02622
49 92 164.95096
49 93 194.73808
49 94 165.8071
49 95 157.02929
49 96 151.37671
49 97 180.01504
49 98 157.62556
49 99 147.92235
50 51 112.73508
50 52 175.65692
50 53 121.43142
50 54 174.32954
50 55 128.62271
50 56 104.07299
50 57 161.11456
50 58 192.92456
50 59 144.86632
50 60 138.33514
50 61 123.00363
50 62 121.69169
50 63 136.65695
50 64 169.18125
50 65 133.18682
50 66 183.74412
50 67 149.16595
50 68 160.87313
50 69 182.07516
50 70 151.62122
50 71 150.22137
50 72 136.55605
50 73 175.18624
50 74 141.45766
50 75 177.99861
50 76 128.47916
50 77 136.19071
50 78 126.99138
50 79 137.7045
50 80 190.61463
50 81 126.50263
50 82 164.85119
50 83 183.65065
50 84 130.8703
50 85 151.23008
50 86 140.99781
50 87 148.63984
50 88 158.77092
50 89 128.24693
50 90 112.32701
50 91 174.2867
50 92 167.66366
50 93 145.28095
50 94 169.34167
50 95 169.51889
50 96 168.93302
50 97 134.2892
50 98 176.01953
50 99 108.54007
51 52 182.46745
51 53 132.50531
51 54 182.11379
51 55 130.70108
51 56 108.80527
51 57 165.8029
51 58 196.72072
51 59 145.40149
51 60 150.76595
51 61 122.76145
51 62 133.87111
51 63 140.67574
51 64 175.22565
51 65 145.69559
51 66 188.88222
51 67 159.67868
51 68 165.09188
51 69 186.16635
51 70 162.21215
51 71 143.21618
51 72 139.30179
51 73 183.20822
51 74 153.93727
51 75 190.00569
51 76 141.20845
51 77 146.46004
51 78 116.92329
51 79 129.25967
51 80 196.70235
51 81 123.69904
51 82 176.55249
51 83 185.89006
51 84 141.134
51 85 150.40558
51 86 153.69361
51 87 145.87053
51 88 155.8189
51 89 140.33805
51 90 116.39193
51 91 186.89255
51 92 174.87425
51 93 152.24003
51 94 176.45789
51 95 174.67138
51 96 172.87512
51 97 146.51722
51 98 180.12653
51 99 119.21754
52 53 181.72976
52 54 107.38099
52 55 153.35135
52 56 178.38651
52 57 120.49685
52 58 127.54979
52 59 145.96269
52 60 176.18011
52 61 161.76711
52 62 160.75565
52 63 142.76593
52 64 108.65882
52 65 173.9798
52 66 114.27444
52 67 136.18068
52 68 122.68169
52 69 119.94343
52 70 135.54175
52 71 173.49691
52 72 145.47269
52 73 109.25836
52 74 157.34228
52 75 153.46775
52 76 165.97847
52 77 191.17845
52 78 180.26813
52 79 176.94739
52 80 115.68348
52 81 164.2371
52 82 144.94246
52 83 132.02716
52 84 147.50231
52 85 148.39133
52 86 170.44337
52 87 156.55506
52 88 156.68005
52 89 156.84773
52 90 166.17899
52 91 166.70558
52 92 108.30681
52 93 208.21206
52 94 106.54914
52 95 113.14423
52 96 120.34087
52 97 177.81411
52 98 118.50526
52 99 167.25589
53 54 178.51873
53 55 145.50275
53 56 124.26294
53 57 171.6455
53 58 203.36106
53 59 161.48592
53 60 120.31538
53 61 142.30434
53 62 121.07405
53 63 150.4022
53 64 177.01001
53 65 116.29538
53 66 192.40499
53 67 148.46438
53 68 172.10945
53 69 192.4436
53 70 150.37202
53 71 171.25635
53 72 151.75721
53 73 178.81788
53 74 132.2877
53 75 169.11711
53 76 118.02048
53 77 114.93559
53 78 148.28601
53 79 159.10911
53 80 197.37814
53 81 146.70171
53 82 158.15761
53 83 196.53381
53 84 134.37196
53 85 168.67298
53 86 125.49035
53 87 167.65138
53 88 177.5774
53 89 125.22261
53 90 131.43107
53 91 161.36262
53 92 173.42296
53 93 127.7302
53 94 175.18073
53 95 178.82217
53 96 180.1045
53 97 115.44858
53 98 186.61399
53 99 122.9386
54 55 154.25436
54 56 177.33459
54 57 124.63375
54 58 134.64604
54 59 148.98257
54 60 171.41462
54 61 162.49904
54 62 157.84378
54 63 143.80664
54 64 113.6374
54 65 169.60167
54 66 121.44072
54 67 131.33014
54 68 127.07162
54 69 127.32288
54 70 130.29743
54 71 177.04046
54 72 146.963
54 73 102.11137
54 74 152.29248
54 75 146.11765
54 76 162.04295
54 77 187.06427
54 78 181.43793
54 79 179.23611
54 80 120.59745
54 81 165.50101
54 82 138.00206
54 83 139.31337
54 84 144.85391
54 85 152.35674
54 86 165.38719
54 87 160.25136
54 88 161.41899
54 89 153.35021
54 90 165.72311
54 91 159.58267
54 92 108.11458
54 93 204.35857
54 94 107.22946
54 95 119.06167
54 96 126.43172
54 97 173.40487
54 98 125.59671
54 99 165.81545
55 56 129.5724
55 57 135.3607
55 58 166.02091
55 59 116.32866
55 60 154.31269
55 61 108.45524
55 62 129.99727
55 63 110.58595
55 64 145.51639
55 65 149.36678
55 66 158.45453
55 67 140.13055
55 68 134.4881
55 69 155.47927
55 70 142.58694
55 71 132.15674
55 72 108.60275
55 73 155.68081
55 74 146.07314
55 75 174.36232
55 76 140.72036
55 77 159.93097
55 78 127.19856
55 79 127.33425
55 80 166.75219
55 81 111.4655
55 82 160.12694
55 83 155.55127
55 84 125.34265
55 85 123.20099
55 86 153.24686
55 87 122.8401
55 88 132.35779
55 89 133.0508
55 90 116.38677
55 91 176.87204
55 92 146.44082
55 93 172.42877
55 94 147.85126
55 95 144.35787
55 96 142.19107
55 97 152.26081
55 98 149.44925
55 99 122.89282
56 57 163.17472
56 58 194.79555
56 59 145.53464
56 60 142.00258
56 61 123.03792
56 62 125.72471
56 63 138.35416
56 64 171.67282
56 65 136.90958
56 66 185.99948
56 67 152.86429
56 68 162.78918
56 69 184.01401
56 70 155.34299
56 71 148.50339
56 72 137.84489
56 73 178.25935
56 74 145.5305
56 75 182.03042
56 76 132.49212
56 77 138.70037
56 78 124.07041
56 79 135.42374
56 80 193.16014
56 81 125.81739
56 82 168.82936
56 83 185.02849
56 84 134.45144
56 85 151.51488
56 86 144.89391
56 87 148.28426
56 88 158.4199
56 89 132.27219
56 90 113.26824
56 91 178.35135
56 92 170.49219
56 93 146.43461
56 94 172.14667
56 95 171.74598
56 96 170.79259
56 97 137.81935
56 98 177.94899
56 99 111.97315
57 58 131.98155
57 59 125.66075
57 60 171.1888
57 61 143.76473
57 62 150.90457
57 63 125.12866
57 64 111.83829
57 65 167.77729
57 66 123.10103
57 67 135.49836
57 68 102.5324
57 69 121.05007
57 70 136.32753
57 71 153.00041
57 72 126.89034
57 73 126.65308
57 74 154.5472
57 75 163.7647
57 76 158.7995
57 77 183.44876
57 78 161.31192
57 79 156.91136
57 80 131.69409
57 81 145.39727
57 82 151.82932
57 83 125.92703
57 84 138.14824
57 85 127.94217
57 86 166.78515
57 87 136.06266
57 88 136.79269
57 89 148.99552
57 90 150.15506
57 91 173.60854
57 92 116.99158
57 93 199.24533
57 94 117.4401
57 95 109.07136
57 96 108.5625
57 97 171.53504
57 98 115.06122
57 99 153.28919
58 59 152.73102
58 60 201.04159
58 61 174.11541
58 62 182.42431
58 63 156.45161
58 64 127.66213
58 65 198.17345
58 66 113.27913
58 67 162.0792
58 68 132.05201
58 69 110.94497
58 70 161.90861
58 71 174.70239
58 72 157.42444
58 73 136.17079
58 74 182.96977
58 75 180.54384
58 76 189.51503
58 77 214.56715
58 78 189.88032
58 79 182.84862
58 80 118.4455
58 81 174.70299
58 82 172.49206
58 83 115.12553
58 84 169.33446
58 85 150.94532
58 86 195.87768
58 87 158.94854
58 88 154.27161
58 89 179.8436
58 90 181.62147
58 91 194.21655
58 92 134.01758
58 93 230.80447
58 94 132.56442
58 95 124.65098
58 96 124.00461
58 97 201.99887
58 98 116.93586
58 99 185.22464
59 60 168.33683
59 61 122.78786
59 62 144.25753
59 63 113.32877
59 64 137.36679
59 65 163.68746
59 66 147.41568
59 67 145.29154
59 68 123.86215
59 69 142.91559
59 70 147.32527
59 71 128.23821
59 72 110.27506
59 73 150.80265
59 74 157.02254
59 75 179.09289
59 76 154.6467
59 77 175.62972
59 78 137.15417
59 79 131.34183
59 80 156.91505
59 81 122.23444
59 82 165.27878
59 83 140.70569
59 84 135.99312
59 85 107.68339
59 86 166.23939
59 87 112.2187
59 88 118.59686
59 89 145.83085
59 90 132.55684
59 91 184.66729
59 92 140.87949
59 93 188.65425
59 94 141.84821
59 95 134.43908
59 96 130.14276
59 97 166.88724
59 98 137.1988
59 99 139.15278
60 61 154.08183
60 62 124.32678
60 63 155.44057
60 64 173.46637
60 65 105.26315
60 66 188.76579
60 67 140.11246
60 68 172.33133
60 69 190.52364
60 70 141.16999
60 71 184.33807
60 72 158.06184
60 73 171.18013
60 74 119.27864
60 75 151.78197
60 76 113.69782
60 77 117.76122
60 78 164.85434
60 79 174.05161
60 80 191.66414
60 81 159.23461
60 82 143.10281
60 83 197.09607
60 84 133.81123
60 85 175.99425
60 86 106.97068
60 87 177.11519
60 88 186.27646
60 89 122.93161
60 90 144.58374
60 91 141.92297
60 92 168.16289
60 93 135.19645
60 94 169.86063
60 95 176.60398
60 96 179.69567
60 97 104.94586
60 98 185.22613
60 99 135.77931
61 62 130.45185
61 63 119.01995
61 64 153.96859
61 65 148.90856
61 66 166.84228
61 67 146.15564
61 68 142.82014
61 69 163.6827
61 70 148.69168
61 71 130.27143
61 72 116.89641
61 73 163.87225
61 74 148.81752
61 75 179.85649
61 76 141.01251
61 77 157.15745
61 78 119.21848
61 79 121.9256
61 80 175.20344
61 81 105.37001
61 82 165.65579
61 83 163.13139
61 84 129.46761
61 85 128.48023
61 86 154.10492
61 87 125.68859
61 88 135.79854
61 89 134.90603
61 90 110.9903
61 91 180.89893
61 92 154.75799
61 93 168.07933
61 94 156.19737
61 95 152.7822
61 96 150.41562
61 97 151.34176
61 98 157.67962
61 99 119.4525
62 63 131.72829
62 64 155.93679
62 65 119.47724
62 66 171.33957
62 67 129.11916
62 68 151.53778
62 69 171.53394
62 70 131.36556
62 71 160.64275
62 72 134.01189
62 73 158.27828
62 74 120.22858
62 75 156.30762
62 76 110.74087
62 77 132.75267
62 78 144.20818
62 79 151.55284
62 80 176.37413
62 81 135.76603
62 82 143.23937
62 83 176.21062
62 84 113.30331
62 85 151.86765
62 86 123.65952
62 87 152.78852
62 88 161.99348
62 89 106.56098
62 90 122.40169
62 91 153.31859
62 92 152.45242
62 93 148.38764
62 94 154.20851
62 95 157.83091
62 96 159.42834
62 97 122.63293
62 98 165.76946
62 99 114.97935
63 64 134.96034
63 65 150.95205
63 66 148.20875
63 67 133.21336
63 68 124.51362
63 69 145.71328
63 70 135.45578
63 71 137.98037
63 72 104.03705
63 73 145.29079
63 74 143.69768
63 75 167.50744
63 76 141.80788
63 77 163.92775
63 78 137.65298
63 79 136.30256
63 80 156.26856
63 81 121.69476
63 82 153.42507
63 83 147.10173
63 84 122.6742
63 85 120.96252
63 86 153.05268
63 87 124.40835
63 88 131.90611
63 89 132.715
63 90 125.17298
63 91 171.96815
63 92 135.92551
63 93 178.02496
63 94 137.30805
63 95 134.01709
63 96 132.45732
63 97 154.29427
63 98 139.64935
63 99 129.47409
64 65 170.75178
64 66 115.4661
64 67 134.48678
64 68 114.04295
64 69 117.68102
64 70 134.46795
64 71 164.83809
64 72 137.39916
64 73 115.74443
64 74 155.30833
64 75 157.19501
64 76 162.27402
64 77 187.4579
64 78 172.17621
64 79 168.46039
64 80 121.50736
64 81 156.156
64 82 146.93982
64 83 127.77207
64 84 142.65262
64 85 139.74366
64 86 168.22333
64 87 147.89684
64 88 148.20511
64 89 152.75324
64 90 159.10393
64 91 169.01365
64 92 107.74556
64 93 204.07148
64 94 107.16182
64 95 105.62357
64 96 112.90727
64 97 174.58871
64 98 113.77638
64 99 160.94266
65 66 186.15562
65 67 138.31358
65 68 168.79047
65 69 187.52636
65 70 139.65653
65 71 179.14812
65 72 153.42259
65 73 169.51569
65 74 118.54121
65 75 153.6415
65 76 109.21105
65 77 117.69188
65 78 159.61628
65 79 168.79149
65 80 189.58281
65 81 154.03558
65 82 143.81001
65 83 193.60428
65 84 129.90781
65 85 171.31807
65 86 109.20279
65 87 172.19805
65 88 181.46674
65 89 118.92315
65 90 139.33251
65 91 145.10082
65 92 165.83499
65 93 135.31713
65 94 167.56036
65 95 173.60358
65 96 176.32471
65 97 103.84132
65 98 182.08899
65 99 130.51824
66 67 149.30142
66 68 124.09515
66 69 107.82866
66 70 148.97697
66 71 172.60678
66 72 149.95074
66 73 123.0526
66 74 170.35672
66 75 167.48837
66 76 177.72768
66 77 202.91989
66 78 184.05331
66 79 178.64441
66 80 110.48462
66 81 168.27578
66 82 159.21458
66 83 120.40898
66 84 158.07513
66 85 147.56101
66 86 183.36672
66 87 155.91762
66 88 153.48214
66 89 168.21927
66 90 173.11115
66 91 180.96695
66 92 120.99239
66 93 219.52812
66 94 119.45557
66 95 114.25733
66 96 117.3385
66 97 189.99513
66 98 110.91365
66 99 175.67984
67 68 137.3874
67 69 152.09952
67 70 102.57236
67 71 171.0921
67 72 137.2351
67 73 131.20216
67 74 121.16269
67 75 134.37274
67 76 131.1539
67 77 155.87119
67 78 164.73342
67 79 167.38662
67 80 151.56873
67 81 150.9102
67 82 120.22045
67 83 160.65693
67 84 118.5448
67 85 152.12475
67 86 134.26309
67 87 157.25511
67 88 163.30217
67 89 123.45185
67 90 144.30195
67 91 139.73268
67 92 128.37508
67 93 173.30822
67 94 130.01369
67 95 138.53589
67 96 143.25154
67 97 142.10078
67 98 147.45375
67 99 140.91279
68 69 121.22497
68 70 138.32299
68 71 150.86378
68 72 125.92656
68 73 129.10548
68 74 156.03356
68 75 166.15894
68 76 159.74312
68 77 184.19664
68 78 160.00356
68 79 155.19222
68 80 133.1415
68 81 144.18446
68 82 154.09553
68 83 124.81762
68 84 139.00582
68 85 125.71086
68 86 168.10181
68 87 133.90797
68 88 134.34873
68 89 149.93105
68 90 149.6687
68 91 175.80185
68 92 119.49781
68 93 199.77624
68 94 119.90198
68 95 110.57785
68 96 108.1002
68 97 172.51971
68 98 115.16043
68 99 153.20708
69 70 152.14241
69 71 166.65452
69 72 146.87738
69 73 129.17445
69 74 172.73553
69 75 173.32506
69 76 178.78722
69 77 203.77246
69 78 180.00495
69 79 173.68477
69 80 117.9426
69 81 164.55593
69 82 164.08055
69 83 112.69363
69 84 158.48995
69 85 142.03595
69 86 185.52879
69 87 150.28886
69 88 146.93219
69 89 169.0758
69 90 170.88206
69 91 186.07337
69 92 124.80791
69 93 219.92067
69 94 123.59962
69 95 113.92621
69 96 113.29153
69 97 191.34115
69 98 106.06547
69 99 174.3226
70 71 173.39073
70 72 139.48724
70 73 130.01075
70 74 121.99584
70 75 132.05737
70 76 132.84904
70 77 157.29585
70 78 167.2973
70 79 169.86844
70 80 150.7301
70 81 153.42116
70 82 117.99625
70 83 161.11693
70 84 121.08028
70 85 154.03788
70 86 135.09093
70 87 159.35678
70 88 165.18609
70 89 125.53767
70 90 146.8688
70 91 138.10409
70 92 127.98582
70 93 174.81314
70 94 129.56244
70 95 138.78155
70 96 143.83843
70 97 143.40348
70 98 147.70386
70 99 143.40271
71 72 133.94382
71 73 178.90918
71 74 178.11447
71 75 205.44689
71 76 171.26423
71 77 186.18259
71 78 127.09879
71 79 114.47563
71 80 182.77393
71 81 125.11905
71 82 191.30945
71 83 160.28726
71 84 157.49805
71 85 125.26059
71 86 184.2988
71 87 116.95855
71 88 120.84077
71 89 164.66784
71 90 140.20991
71 91 208.93012
71 92 168.97164
71 93 194.88289
71 94 169.84935
71 95 161.16064
71 96 155.51863
71 97 181.4813
71 98 161.75528
71 99 149.12705
72 73 148.52532
72 74 147.1273
72 75 171.54094
72 76 144.37239
72 77 165.66473
72 78 134.80119
72 79 132.63008
72 80 158.43864
72 81 118.77023
72 82 157.45067
72 83 147.18474
72 84 125.99084
72 85 117.94318
72 86 156.01966
72 87 120.6164
72 88 128.58064
72 89 135.59321
72 90 124.57822
72 91 175.86486
72 92 138.97633
72 93 179.18173
72 94 140.27882
72 95 135.93131
72 96 133.5903
72 97 156.64482
72 98 140.8499
72 99 129.99031
73 74 151.98509
73 75 144.43629
73 76 162.12997
73 77 187.04887
73 78 182.87797
73 79 180.8967
73 80 121.38439
73 81 166.98043
73 82 136.75437
73 83 141.27218
73 84 145.41389
73 85 154.30293
73 86 165.04814
73 87 162.15451
73 88 163.4453
73 89 153.6092
73 90 166.81748
73 91 158.15964
73 92 109.93772
73 93 204.41715
73 94 109.21581
73 95 121.17253
73 96 128.54266
73 97 173.30129
73 98 127.62126
73 99 166.65708
74 75 137.35796
74 76 114.5692
74 77 136.15063
74 78 164.19222
74 79 170.59525
74 80 172.67986
74 81 154.17767
74 82 125.87417
74 83 180.36651
74 84 121.15948
74 85 164.61506
74 86 113.11087
74 87 167.58195
74 88 175.60207
74 89 114.22939
74 90 142.2485
74 91 133.0914
74 92 149.50278
74 93 153.80164
74 94 151.15817
74 95 158.93278
74 96 162.82683
74 97 122.04893
74 98 167.75703
74 99 135.20788
75 76 151.87928
75 77 169.39064
75 78 197.72439
75 79 201.45663
75 80 164.1768
75 81 184.83155
75 82 114.23814
75 83 184.80403
75 84 150.66176
75 85 185.47679
75 86 144.97035
75 87 191.22738
75 88 196.47621
75 89 149.75878
75 90 176.25403
75 91 116.50769
75 92 149.44945
75 93 186.25957
75 94 150.23497
75 95 162.68066
75 96 169.40597
75 97 156.19905
75 98 170.786
75 99 170.80965
76 77 125.22615
76 78 153.51201
76 79 161.70952
76 80 181.64841
76 81 146.27614
76 82 140.29918
76 83 184.56037
76 84 120.77346
76 85 162.30018
76 86 113.23987
76 87 163.48063
76 88 172.58799
76 89 109.81211
76 90 132.23913
76 91 146.12756
76 92 157.74126
76 93 142.31894
76 94 159.48609
76 95 164.88697
76 96 167.35855
76 97 112.80943
76 98 173.26035
76 99 123.87878
77 78 162.76096
77 79 173.89169
77 80 206.83701
77 81 161.62145
77 82 160.81585
77 83 208.92979
77 84 145.33023
77 85 182.97461
77 86 124.7263
77 87 182.3419
77 88 192.18544
77 89 134.73575
77 90 146.33555
77 91 158.49959
77 92 182.95593
77 93 117.65137
77 94 184.69819
77 95 189.91706
77 96 192.00297
77 97 114.10548
77 98 198.14195
77 99 137.72581
78 79 112.69667
78 80 193.00357
78 81 116.03157
78 82 183.66311
78 83 177.39238
78 84 147.07823
78 85 139.99944
78 86 166.64626
78 87 133.59101
78 88 142.71619
78 89 149.96989
78 90 121.95267
78 91 197.14165
78 92 173.57843
78 93 169.15998
78 94 174.95138
78 95 170.37931
78 96 167.01859
78 97 161.07296
78 98 174.19251
78 99 129.63982
79 80 188.25103
79 81 116.702
79 82 187.22324
79 83 169.36938
79 84 151.34633
79 85 131.91444
79 86 174.94519
79 87 124.23675
79 88 132.05122
79 89 156.52841
79 90 129.51992
79 91 202.82355
79 92 171.15255
79 93 181.38166
79 94 172.31908
79 95 165.76981
79 96 161.31329
79 97 170.7019
79 98 168.19766
79 99 138.27388
80 81 177.06622
80 82 157.91737
80 83 129.88652
80 84 163.0958
80 85 157.60864
80 86 185.79039
80 87 165.97726
80 88 163.89187
80 89 172.53026
80 90 180.60925
80 91 178.85157
80 92 123.97506
80 93 223.89411
80 94 122.21827
80 95 122.63673
80 96 127.27001
80 97 193.4119
80 98 121.32523
80 99 182.31656
81 82 170.60792
81 83 162.9385
81 84 134.64733
81 85 126.72116
81 86 159.40438
81 87 122.52615
81 88 132.63972
81 89 140.27586
81 90 115.30182
81 91 186.17534
81 92 157.59903
81 93 171.78357
81 94 158.95246
81 95 154.46853
81 96 151.42013
81 97 156.36892
81 98 158.65046
81 99 124.13067
82 83 174.68173
82 84 136.58695
82 85 171.87228
82 86 136.13886
82 87 177.34155
82 88 182.96844
82 89 136.69112
82 90 162.36013
82 91 122.07765
82 92 139.36176
82 93 178.29428
82 94 140.4844
82 95 152.11803
82 96 158.30404
82 97 146.91302
82 98 160.71586
82 99 157.33755
83 84 163.81573
83 85 137.59874
83 86 192.70215
83 87 145.17909
83 88 139.60744
83 89 174.74836
83 90 171.76285
83 91 196.75937
83 92 135.46513
83 93 224.25625
83 94 134.57743
83 95 122.60728
83 96 117.54007
83 97 197.33682
83 98 114.03088
83 99 176.56255
84 85 143.63664
84 86 130.63874
84 87 146.42434
84 88 154.52693
84 89 110.98473
84 90 125.96185
84 91 151.64888
84 92 139.20743
84 93 161.50973
84 94 140.96078
84 95 144.69626
84 96 146.70972
84 97 133.57902
84 98 152.81788
84 99 122.4783
85 86 173.92228
85 87 108.36863
85 88 111.20725
85 89 153.51403
85 90 138.91907
85 91 191.71757
85 92 144.40582
85 93 195.60577
85 94 145.12805
85 95 135.91061
85 96 130.33923
85 97 174.48614
85 98 136.81545
85 99 146.07531
86 87 175.77849
86 88 184.54173
86 89 120.43899
86 90 145.47848
86 91 135.90119
86 92 162.5675
86 93 142.15561
86 94 164.23342
86 95 171.66051
86 96 175.19757
86 97 111.24125
86 98 180.41154
86 99 137.05358
87 88 110.14089
87 89 155.39397
87 90 136.65359
87 91 196.35463
87 92 152.22281
87 93 193.76554
87 94 153.03819
87 95 144.21178
87 96 138.70777
87 97 175.09885
87 98 145.14742
87 99 144.71913
88 89 164.10276
88 90 146.74055
88 91 202.91963
88 92 153.72423
88 93 203.85711
88 94 154.23274
88 95 143.6781
88 96 137.14021
88 97 184.49163
88 98 142.57668
88 99 154.67599
89 90 128.02177
89 91 147.22076
89 92 148.55989
89 93 151.40756
89 94 150.31489
89 95 155.19786
89 96 157.5561
89 97 122.60312
89 98 163.5063
89 99 121.27487
90 91 175.19243
90 92 158.51734
90 93 157.1168
90 94 160.11399
90 95 158.85688
90 96 157.63026
90 97 141.41644
90 98 164.81715
90 99 108.92936
91 92 161.4141
91 93 174.2723
91 94 162.49932
91 95 174.192
91 96 180.31023
91 97 146.77831
91 98 182.79003
91 99 168.29698
92 93 199.94113
92 94 101.7579
92 95 113.28088
92 96 120.33117
92 97 169.67361
92 98 121.43945
92 99 159.21732
93 94 201.69321
93 95 206.19003
93 96 207.73842
93 97 131.75643
93 98 214.15176
93 99 149.53628
94 95 112.78524
94 96 120.02264
94 97 171.39822
94 98 120.55235
94 99 160.90557
95 96 107.37023
95 97 177.42024
95 98 108.92437
95 99 161.50409
96 97 180.08737
96 98 107.264
96 99 161.30164
97 98 185.88807
97 99 132.50855
98 99 168.29058
