100 20
0 1 141.2134
0 2 163.25454
0 3 163.12561
0 4 111.24157
0 5 190.20117
0 6 162.16617
0 7 196.61807
0 8 187.58375
0 9 168.21734
0 10 117.7124
0 11 156.08178
0 12 104.29843
0 13 185.51434
0 14 129.27284
0 15 146.05324
0 16 141.37313
0 17 157.04436
0 18 185.9662
0 19 109.63968
0 20 196.01394
0 21 159.02115
0 22 106.28068
0 23 130.28591
0 24 192.39208
0 25 135.87464
0 26 145.0673
0 27 129.32202
0 28 130.96506
0 29 117.12394
0 30 126.87928
0 31 126.33298
0 32 119.4619
0 33 182.6825
0 34 179.8806
0 35 188.09918
0 36 127.90916
0 37 109.29413
0 38 186.44552
0 39 167.02162
0 40 165.98609
0 41 152.31579
0 42 152.65527
0 43 186.37256
0 44 157.73878
0 45 159.10961
0 46 143.94437
0 47 156.59107
0 48 176.65575
0 49 180.30197
0 50 154.73284
0 51 160.41794
0 52 149.43668
0 53 134.27196
0 54 182.02731
0 55 152.84278
0 56 161.33908
0 57 129.79546
0 58 108.05264
0 59 166.80377
0 60 122.99119
0 61 158.06103
0 62 126.2748
0 63 118.26105
0 64 138.79796
0 65 187.72896
0 66 132.57505
0 67 162.90084
0 68 135.50624
0 69 160.74328
0 70 178.74417
0 71 156.8039
0 72 118.39441
0 73 169.02461
0 74 136.94644
0 75 186.08332
0 76 133.55711
0 77 190.3631
0 78 151.32105
0 79 119.86392
0 80 119.19091
0 81 143.98646
0 82 126.08626
0 83 164.76131
0 84 122.85593
0 85 131.95984
0 86 172.03246
0 87 120.17755
0 88 170.52089
0 89 148.85981
0 90 155.58284
0 91 185.52937
0 92 139.24341
0 93 141.55075
0 94 170.92856
0 95 182.51576
0 96 121.35837
0 97 186.29669
0 98 135.5811
0 99 156.48621
1 2 200.41612
1 3 199.67132
1 4 141.84007
1 5 197.05385
1 6 198.17123
1 7 196.65654
1 8 156.71289
1 9 178.68327
1 10 155.33764
1 11 115.99555
1 12 137.34453
1 13 160.64178
1 14 112.98363
1 15 150.57316
1 16 154.36071
1 17 170.39233
1 18 175.37836
1 19 147.09438
1 20 202.88747
1 21 151.50673
1 22 140.96769
1 23 166.50901
1 24 197.61616
1 25 171.6924
1 26 168.75841
1 27 159.99165
1 28 156.10626
1 29 146.55248
1 30 114.58918
1 31 155.60123
1 32 123.0204
1 33 187.37122
1 34 150.487
1 35 182.46349
1 36 113.82972
1 37 138.60976
1 38 160.01754
1 39 190.78307
1 40 153.16907
1 41 185.67631
1 42 188.35651
1 43 162.3179
1 44 120.49524
1 45 149.39369
1 46 170.93198
1 47 165.51032
1 48 143.07429
1 49 144.94881
1 50 180.38632
1 51 150.96309
1 52 171.30417
1 53 123.88022
1 54 155.73176
1 55 131.00169
1 56 188.35927
1 57 164.41694
1 58 148.50799
1 59 185.06029
1 60 163.22501
1 61 137.5776
1 62 153.66395
1 63 151.07801
1 64 129.58621
1 65 164.40257
1 66 169.22352
1 67 180.24057
1 68 127.69321
1 69 191.09841
1 70 178.46308
1 71 178.02985
1 72 141.73515
1 73 168.54111
1 74 104.28097
1 75 177.14105
1 76 107.76502
1 77 187.28795
1 78 180.10706
1 79 149.51983
1 80 139.00803
1 81 104.5992
1 82 117.1101
1 83 154.83153
1 84 128.13997
1 85 161.38522
1 86 137.92389
1 87 134.91678
1 88 154.11436
1 89 117.43009
1 90 162.63466
1 91 185.97538
1 92 108.00721
1 93 117.36768
1 94 152.55746
1 95 149.30932
1 96 119.9137
1 97 189.45829
1 98 145.2508
1 99 190.4102
2 3 102.69191
2 4 170.64606
2 5 180.6549
2 6 105.10066
2 7 195.14239
2 8 228.35443
2 9 164.74869
2 10 146.01125
2 11 212.23315
2 12 167.51101
2 13 219.86622
2 14 187.4335
2 15 169.10509
2 16 159.09327
2 17 157.8367
2 18 203.07777
2 19 154.65085
2 20 184.12674
2 21 185.4115
2 22 160.74743
2 23 133.98728
2 24 184.54452
2 25 128.72416
2 26 142.08426
2 27 141.29716
2 28 147.38921
2 29 153.8921
2 30 186.15717
2 31 145.65717
2 32 182.02601
2 33 179.92098
2 34 220.62324
2 35 197.87925
2 36 189.12207
2 37 162.28519
2 38 222.34225
2 39 139.80026
2 40 194.22955
2 41 118.47673
2 42 112.72612
2 43 219.56648
2 44 210.95753
2 45 187.7897
2 46 136.71819
2 47 164.40147
2 48 222.58024
2 49 227.56845
2 50 135.59252
2 51 188.05282
2 52 143.9959
2 53 197.50331
2 54 218.86909
2 55 196.06276
2 56 131.85187
2 57 136.02444
2 58 159.65191
2 59 150.8973
2 60 141.02787
2 61 197.60894
2 62 148.01371
2 63 149.34497
2 64 181.79078
2 65 219.72629
2 66 131.33177
2 67 151.84651
2 68 198.49808
2 69 123.44856
2 70 185.17969
2 71 144.24997
2 72 177.17509
2 73 180.92611
2 74 196.53147
2 75 201.03096
2 76 193.67181
2 77 195.72012
2 78 129.77094
2 79 151.03906
2 80 161.96089
2 81 204.19512
2 82 188.35295
2 83 190.4885
2 84 173.12764
2 85 140.76519
2 86 219.42327
2 87 181.98478
2 88 200.54776
2 89 200.5919
2 90 166.8454
2 91 187.80025
2 92 200.76656
2 93 192.68525
2 94 202.87363
2 95 226.92859
2 96 182.47061
2 97 184.19897
2 98 164.3088
2 99 114.53463
3 4 170.85203
3 5 178.00092
3 6 102.50456
3 7 192.53309
3 8 226.5722
3 9 162.25445
3 10 145.70197
3 11 211.22545
3 12 167.35381
3 13 217.90684
3 14 186.69818
3 15 167.24975
3 16 157.28034
3 17 155.52279
3 18 200.74928
3 19 154.33222
3 20 181.45058
3 21 183.44155
3 22 160.37144
3 23 133.45678
3 24 181.89633
3 25 128.05231
3 26 140.08123
3 27 140.1951
3 28 146.01638
3 29 153.11884
3 30 185.50456
3 31 144.58776
3 32 181.69248
3 33 177.34515
3 34 218.87206
3 35 195.42776
3 36 188.60309
3 37 161.76272
3 38 220.42048
3 39 137.14063
3 40 192.237
3 41 116.48608
3 42 111.43063
3 43 217.57335
3 44 209.78908
3 45 185.86483
3 46 134.81207
3 47 162.17221
3 48 221.01893
3 49 226.04326
3 50 133.20167
3 51 186.09433
3 52 141.81664
3 53 197.39746
3 54 216.99284
3 55 194.55302
3 56 129.24912
3 57 135.2619
3 58 159.84186
3 59 148.3066
3 60 141.24023
3 61 195.95185
3 62 146.88066
3 63 148.6663
3 64 180.42215
3 65 217.69724
3 66 130.86968
3 67 149.33683
3 68 198.49569
3 69 120.83342
3 70 182.72812
3 71 141.8311
3 72 177.49848
3 73 178.61729
3 74 195.83559
3 75 198.66606
3 76 193.03304
3 77 193.20199
3 78 127.54653
3 79 150.19074
3 80 161.02323
3 81 203.51585
3 82 187.95267
3 83 188.45375
3 84 172.18911
3 85 139.49634
3 86 217.93764
3 87 182.12325
3 88 198.56234
3 89 199.40934
3 90 164.67403
3 91 185.26496
3 92 200.2302
3 93 191.53512
3 94 200.93022
3 95 225.28841
3 96 181.98265
3 97 181.61522
3 98 162.75101
3 99 112.27159
4 5 201.35014
4 6 170.17848
4 7 207.42588
4 8 193.21617
4 9 179.40166
4 10 127.18243
4 11 157.66336
4 12 109.89187
4 13 192.60259
4 14 132.04826
4 15 156.50722
4 16 152.41233
4 17 168.25606
4 18 195.55784
4 19 120.27099
4 20 207.18046
4 21 168.44307
4 22 117.44512
4 23 139.38605
4 24 203.48372
4 25 144.84681
4 26 156.14376
4 27 140.02517
4 28 142.15391
4 29 128.35886
4 30 129.14911
4 31 137.33305
4 32 118.87429
4 33 193.70033
4 34 185.77722
4 35 198.3199
4 36 128.03112
4 37 119.96576
4 38 193.19758
4 39 177.83175
4 40 174.83719
4 41 161.59023
4 42 161.04821
4 43 193.65393
4 44 160.64905
4 45 168.21354
4 46 154.73797
4 47 167.62366
4 48 181.28696
4 49 184.39143
4 50 165.49238
4 51 169.60641
4 52 160.57127
4 53 128.38483
4 54 188.72772
4 55 159.45868
4 56 171.81821
4 57 139.53922
4 58 111.01135
4 59 177.98065
4 60 129.62444
4 61 165.24254
4 62 137.42978
4 63 129.16243
4 64 146.65524
4 65 195.18796
4 66 141.34125
4 67 174.1181
4 68 128.49486
4 69 170.62188
4 70 189.38007
4 71 167.90876
4 72 107.34315
4 73 179.51552
4 74 137.6489
4 75 195.89148
4 76 134.14367
4 77 200.86467
4 78 161.69771
4 79 131.03434
4 80 129.77354
4 81 143.55776
4 82 124.89437
4 83 174.01478
4 84 130.84254
4 85 142.75327
4 86 176.40023
4 87 111.46769
4 88 178.90974
4 89 152.98344
4 90 166.48424
4 91 196.28865
4 92 137.7893
4 93 146.54613
4 94 178.98129
4 95 187.36897
4 96 122.79146
4 97 197.2488
4 98 146.14921
4 99 165.46825
5 6 175.55535
5 7 116.07837
5 8 182.48548
5 9 122.08743
5 10 179.75963
5 11 197.38338
5 12 191.8497
5 13 168.75469
5 14 189.0472
5 15 147.74323
5 16 149.05978
5 17 133.40282
5 18 139.14998
5 19 182.56039
5 20 105.95714
5 21 147.21298
5 22 183.93246
5 23 174.24447
5 24 104.02096
5 25 172.52716
5 26 149.70214
5 27 166.00329
5 28 160.67611
5 29 173.41964
5 30 190.52073
5 31 166.52192
5 32 196.17935
5 33 110.02089
5 34 177.6734
5 35 128.40396
5 36 195.88786
5 37 181.49216
5 38 172.21911
5 39 140.86412
5 40 150.26422
5 41 165.30091
5 42 172.44958
5 43 167.11172
5 44 191.33218
5 45 150.08924
5 46 154.2229
5 47 134.036
5 48 186.27899
5 49 191.43732
5 50 147.72705
5 51 148.78169
5 52 145.07643
5 53 212.27062
5 54 171.40374
5 55 170.1465
5 56 148.97883
5 57 171.24546
5 58 194.54747
5 59 130.47374
5 60 186.04169
5 61 165.69335
5 62 165.40021
5 63 174.17743
5 64 167.57672
5 65 165.71279
5 66 174.9069
5 67 131.44728
5 68 215.61005
5 69 157.26608
5 70 121.47535
5 71 139.93146
5 72 208.11286
5 73 129.41952
5 74 195.85403
5 75 135.71525
5 76 195.57601
5 77 122.53535
5 78 154.60332
5 79 171.30175
5 80 172.06254
5 81 201.54578
5 82 198.48278
5 83 146.5237
5 84 176.16676
5 85 163.28118
5 86 186.63416
5 87 207.28503
5 88 154.16704
5 89 183.88317
5 90 135.89365
5 91 116.15271
5 92 203.17905
5 93 180.06419
5 94 157.4256
5 95 186.73425
5 96 192.6038
5 97 110.08794
5 98 156.59096
5 99 167.21497
6 7 190.05125
6 8 224.34469
6 9 159.74999
6 10 144.62169
6 11 209.51987
6 12 166.3641
6 13 215.58323
6 14 185.21255
6 15 164.99236
6 16 155.05227
6 17 153.05329
6 18 198.27257
6 19 153.22438
6 20 179.043
6 21 181.11704
6 22 159.2048
6 23 132.2319
6 24 179.44403
6 25 126.73792
6 26 137.75596
6 27 138.48174
6 28 144.09001
6 29 151.63738
6 30 184.08541
6 31 142.88966
6 32 180.53785
6 33 174.84997
6 34 216.66359
6 35 192.92601
6 36 187.28985
6 37 160.47197
6 38 218.1163
6 39 134.70334
6 40 189.89941
6 41 114.22071
6 42 109.81864
6 43 215.2326
6 44 207.96642
6 45 183.56375
6 46 132.54787
6 47 159.73176
6 48 218.92659
6 49 223.97325
6 50 130.71374
6 51 183.77533
6 52 139.40231
6 53 196.4255
6 54 214.71354
6 55 192.49996
6 56 126.76275
6 57 133.83494
6 58 159.16995
6 59 145.81586
6 60 140.63574
6 61 193.80435
6 62 145.12967
6 63 147.26959
6 64 178.4695
6 65 215.33875
6 66 129.71704
6 67 146.8323
6 68 197.61294
6 69 118.3531
6 70 180.22648
6 71 139.33578
6 72 176.92394
6 73 176.14738
6 74 194.37593
6 75 196.17986
6 76 191.62034
6 77 190.69787
6 78 125.12103
6 79 148.65457
6 80 159.40144
6 81 202.06565
6 82 186.73758
6 83 186.09561
6 84 170.55583
6 85 137.65814
6 86 215.89478
6 87 181.3772
6 88 196.22751
6 89 197.57994
6 90 162.25677
6 91 182.76215
6 92 198.89613
6 93 189.73226
6 94 198.61684
6 95 223.14592
6 96 180.69952
6 97 179.12253
6 98 160.68035
6 99 109.86
7 8 172.75269
7 9 132.12972
7 10 188.58632
7 11 194.33752
7 12 197.61973
7 13 158.61789
7 14 190.5235
7 15 151.24543
7 16 155.47644
7 17 142.64619
7 18 128.20735
7 19 190.024
7 20 116.56549
7 21 145.15521
7 22 190.36995
7 23 184.89995
7 24 112.19481
7 25 183.9881
7 26 160.54665
7 27 175.60147
7 28 169.28182
7 29 180.66677
7 30 192.43613
7 31 175.29662
7 32 199.56337
7 33 115.71754
7 34 169.11942
7 35 117.11155
7 36 197.78408
7 37 187.49028
7 38 162.07489
7 39 155.65088
7 40 145.29011
7 41 178.84946
7 42 186.06451
7 43 156.71472
7 44 187.65991
7 45 147.42589
7 46 165.66919
7 47 140.49382
7 48 178.81156
7 49 183.63061
7 50 160.84407
7 51 145.89704
7 52 156.26264
7 53 214.50562
7 54 162.11508
7 55 167.26152
7 56 163.29063
7 57 181.61894
7 58 201.9395
7 59 144.27384
7 60 195.89224
7 61 161.76363
7 62 173.73929
7 63 182.28535
7 64 168.25949
7 65 154.96092
7 66 185.9513
7 67 144.05083
7 68 218.09322
7 69 171.69974
7 70 118.57255
7 71 152.45066
7 72 213.72556
7 73 128.80962
7 74 196.1562
7 75 124.84012
7 76 196.46562
7 77 110.64182
7 78 167.63392
7 79 179.04947
7 80 177.65418
7 81 200.92957
7 82 200.84218
7 83 142.48475
7 84 179.58512
7 85 173.08622
7 86 180.05483
7 87 211.91351
7 88 147.51018
7 89 181.66163
7 90 141.07308
7 91 111.21125
7 92 203.52875
7 93 179.29467
7 94 150.52661
7 95 178.21047
7 96 195.51735
7 97 111.38414
7 98 161.34052
7 99 181.25024
8 9 176.0623
8 10 193.58916
8 11 143.32424
8 12 185.25679
8 13 114.16813
8 14 161.74042
8 15 159.38864
8 16 169.29376
8 17 175.51993
8 18 144.54726
8 19 188.26659
8 20 186.60607
8 21 144.20748
8 22 183.84958
8 23 199.74329
8 24 180.625
8 25 202.99727
8 26 186.79156
8 27 189.3927
8 28 182.06232
8 29 182.00665
8 30 164.75292
8 31 185.71799
8 32 175.61251
8 33 173.25576
8 34 107.94388
8 35 155.71641
8 36 167.77244
8 37 180.23836
8 38 110.77091
8 39 200.87927
8 40 136.26109
8 41 210.12403
8 42 215.75495
8 43 116.19063
8 44 136.6897
8 45 141.35926
8 46 191.80704
8 47 168.0388
8 48 114.23331
8 49 115.41631
8 50 196.20298
8 51 141.5166
8 52 186.10515
8 53 180.57894
8 54 111.17841
8 55 135.11923
8 56 203.46687
8 57 196.35748
8 58 195.61658
8 59 189.86732
8 60 203.21887
8 61 131.40999
8 62 183.10182
8 63 186.62666
8 64 150.22097
8 65 118.23926
8 66 202.28609
8 67 185.73206
8 68 184.35443
8 69 210.02049
8 70 161.36465
8 71 189.24099
8 72 195.53955
8 73 156.80235
8 74 159.58306
8 75 147.94327
8 76 162.42618
8 77 162.26192
8 78 199.94807
8 79 183.30881
8 80 173.49289
8 81 158.39473
8 82 171.77026
8 83 140.57309
8 84 165.11824
8 85 188.90777
8 86 119.20291
8 87 189.64626
8 88 130.34763
8 89 140.85795
8 90 164.7538
8 91 166.50203
8 92 164.43349
8 93 146.67164
8 94 127.25659
8 95 108.77533
8 96 171.01585
8 97 172.41877
8 98 164.6507
8 99 214.64562
9 10 157.78151
9 11 181.51469
9 12 169.99916
9 13 163.94649
9 14 169.37478
9 15 128.12689
9 16 127.41956
9 17 111.32027
9 18 140.02812
9 19 160.47688
9 20 127.81723
9 21 133.78052
9 22 161.9627
9 23 152.99018
9 24 124.7056
9 25 151.87737
9 26 128.492
9 27 144.1986
9 28 138.61933
9 29 151.36052
9 30 170.51591
9 31 144.5035
9 32 175.2269
9 33 116.43646
9 34 169.71767
9 35 133.30224
9 36 175.81051
9 37 159.6298
9 38 167.14504
9 39 127.49205
9 40 140.11505
9 41 147.4908
9 42 154.68245
9 43 162.87541
9 44 176.33423
9 45 136.95486
9 46 133.54136
9 47 113.25151
9 48 176.25454
9 49 181.64694
9 50 129.42109
9 51 136.13454
9 52 124.13849
9 53 191.79387
9 54 165.02166
9 55 155.28396
9 56 133.42674
9 57 149.81441
9 58 172.46173
9 59 115.21946
9 60 164.39712
9 61 152.38906
9 62 143.32661
9 63 152.09825
9 64 149.20913
9 65 162.19897
9 66 153.92193
9 67 112.9404
9 68 194.96433
9 69 141.72361
9 70 120.66209
9 71 120.77461
9 72 186.24735
9 73 119.62829
9 74 176.93461
9 75 137.43286
9 76 176.20972
9 77 131.01734
9 78 136.00259
9 79 149.21534
9 80 150.39029
9 81 183.26823
9 82 178.07812
9 83 135.78929
9 84 155.47196
9 85 141.54483
9 86 175.37977
9 87 185.71466
9 88 145.7331
9 89 167.61179
9 90 116.06322
9 91 123.24899
9 92 184.09004
9 93 162.5066
9 94 148.89731
9 95 178.21135
9 96 171.94667
9 97 120.74614
9 98 135.59332
9 99 150.40303
10 11 168.61403
10 12 121.81123
10 13 188.87617
10 14 142.46036
10 15 141.89901
10 16 134.01331
10 17 146.50726
10 18 183.0755
10 19 108.63978
10 20 185.28544
10 21 157.77464
10 22 114.76637
10 23 112.57459
10 24 182.48548
10 25 118.16544
10 26 131.10934
10 27 114.15807
10 28 119.31267
10 29 111.59881
10 30 140.80189
10 31 113.3178
10 32 136.01549
10 33 173.56213
10 34 185.65663
10 35 182.94273
10 36 143.30869
10 37 116.72788
10 38 190.44702
10 39 151.37997
10 40 166.00915
10 41 134.65727
10 42 135.01581
10 43 189.31262
10 44 168.72125
10 45 158.80512
10 46 128.53447
10 47 148.20439
10 48 184.59037
10 49 188.92465
10 50 139.03285
10 51 159.7915
10 52 135.8153
10 53 151.8523
10 54 186.26208
10 55 158.6092
10 56 144.87333
10 57 112.35681
10 58 116.95124
10 59 153.21457
10 60 109.65283
10 61 162.39899
10 62 114.91524
10 63 107.32939
10 64 143.40624
10 65 190.25576
10 66 114.92312
10 67 149.97611
10 68 153.20717
10 69 143.44303
10 70 172.0137
10 71 142.73745
10 72 134.45855
10 73 163.31287
10 74 151.26472
10 75 182.47893
10 76 148.19719
10 77 183.97783
10 78 134.69944
10 79 110.96748
10 80 120.177
10 81 158.80665
10 82 142.36103
10 83 163.70883
10 84 130.18687
10 85 117.01401
10 86 180.51327
10 87 137.61761
10 88 171.52607
10 89 158.79306
10 90 148.23879
10 91 177.9846
10 92 154.95898
10 93 150.85244
10 94 172.72103
10 95 189.93218
10 96 136.61127
10 97 177.57299
10 98 132.11313
10 99 138.77871
11 12 152.46624
11 13 149.86551
11 14 126.82682
11 15 154.45556
11 16 160.65465
11 17 174.9605
11 18 169.9931
11 19 160.84614
11 20 202.95007
11 21 150.2052
11 22 154.93977
11 23 178.8468
11 24 197.28602
11 25 183.69
11 26 176.99336
11 27 171.04165
11 28 165.94777
11 29 158.6673
11 30 129.24614
11 31 166.64038
11 32 138.79015
11 33 187.40023
11 34 138.23092
11 35 178.66761
11 36 129.65003
11 37 152.11855
11 38 148.53809
11 39 197.73654
11 40 149.12388
11 41 196.303
11 42 199.80017
11 43 151.811
11 44 107.37641
11 45 147.45089
11 46 180.07967
11 47 168.9491
11 48 129.15035
11 49 130.03389
11 50 188.52448
11 51 148.86396
11 52 178.74259
11 53 138.50091
11 54 144.63642
11 55 127.29865
11 56 196.59278
11 57 176.34451
11 58 163.6955
11 59 190.32393
11 60 177.14813
11 61 132.59359
11 62 164.39745
11 63 163.45208
11 64 133.77134
11 65 154.09192
11 66 181.59929
11 67 185.47395
11 68 142.04926
11 69 200.4338
11 70 177.13874
11 71 184.77836
11 72 157.73063
11 73 168.00401
11 74 120.05022
11 75 172.32972
11 76 123.53714
11 77 184.23493
11 78 189.33744
11 79 161.30679
11 80 150.29619
11 81 115.92554
11 82 133.08774
11 83 151.89612
11 84 139.15353
11 85 171.96845
11 86 124.12225
11 87 150.88762
11 88 148.1854
11 89 113.9317
11 90 165.70284
11 91 184.41923
11 92 122.39504
11 93 120.47674
11 94 145.85569
11 95 135.19831
11 96 135.24193
11 97 188.76335
11 98 152.0447
11 99 201.10479
12 13 183.81086
12 14 125.77058
12 15 146.63116
12 16 142.81569
12 17 158.95871
12 18 185.75576
12 19 113.44865
12 20 197.71225
12 21 158.66586
12 22 108.63159
12 23 134.37637
12 24 193.89211
12 25 139.96909
12 26 147.94809
12 27 132.73177
12 28 133.64813
12 29 119.72109
12 30 123.22094
12 31 129.44756
12 32 115.23435
12 33 184.0328
12 34 177.64686
12 35 188.42936
12 36 123.86129
12 37 110.36951
12 38 184.58707
12 39 170.19179
12 40 165.23721
12 41 156.29344
12 42 156.81312
12 43 184.76329
12 44 154.45425
12 45 158.52378
12 46 147.19182
12 47 157.99306
12 48 173.94554
12 49 177.41956
12 50 157.97799
12 51 159.89305
12 52 152.18532
12 53 130.06199
12 54 180.13971
12 55 150.85473
12 56 164.78688
12 57 133.71246
12 58 111.22941
12 59 169.40262
12 60 127.28252
12 61 156.35531
12 62 129.09746
12 63 121.60617
12 64 137.38418
12 65 186.20931
12 66 136.72029
12 67 165.35298
12 68 131.42052
12 69 164.50316
12 70 179.52441
12 71 159.59637
12 72 116.26361
12 73 169.63681
12 74 133.06557
12 75 186.04588
12 76 129.6317
12 77 190.98392
12 78 154.8578
12 79 122.72051
12 80 119.98114
12 81 139.96201
12 82 121.87373
12 83 164.28695
12 84 121.40872
12 85 135.26916
12 86 169.22425
12 87 116.75154
12 88 169.48908
12 89 145.89862
12 90 156.74883
12 91 186.46694
12 92 135.07663
12 93 138.84951
12 94 169.70341
12 95 179.89288
12 96 117.43202
12 97 187.52584
12 98 136.30364
12 99 160.52792
13 14 162.79154
13 15 150.95124
13 16 161.03454
13 17 164.74986
13 18 130.42621
13 19 184.6504
13 20 172.69935
13 21 134.46626
13 22 180.99965
13 23 193.44928
13 24 166.74407
13 25 196.09595
13 26 177.82839
13 27 182.74935
13 28 175.12711
13 29 177.34003
13 30 165.74976
13 31 179.48133
13 32 176.39297
13 33 159.75433
13 34 112.78183
13 35 141.61968
13 36 169.63414
13 37 177.31529
13 38 103.47687
13 39 189.81704
13 40 125.72522
13 41 201.42855
13 42 207.50003
13 43 102.21515
13 44 142.57658
13 45 132.11572
13 46 183.15064
13 47 157.31581
13 48 123.78511
13 49 127.26228
13 50 186.33435
13 51 131.8143
13 52 176.53432
13 53 184.20795
13 54 105.29841
13 55 133.18527
13 56 193.18869
13 57 189.9194
13 58 193.36372
13 59 178.33159
13 60 198.50521
13 61 127.4655
13 62 176.89307
13 63 181.64703
13 64 146.78111
13 65 104.58182
13 66 195.83423
13 67 174.47977
13 68 188.09751
13 69 200.23115
13 70 147.9166
13 71 178.82943
13 72 195.94321
13 73 144.37254
13 74 162.71349
13 75 133.84345
13 76 165.03144
13 77 148.16491
13 78 190.70212
13 79 178.12933
13 80 169.35923
13 81 163.24058
13 82 173.64376
13 83 129.73017
13 84 162.65854
13 85 181.86272
13 86 127.33067
13 87 190.75674
13 88 119.3939
13 89 143.40713
13 90 154.233
13 91 152.67568
13 92 168.63874
13 93 147.21297
13 94 117.01163
13 95 120.86468
13 96 171.63281
13 97 158.66798
13 98 157.96689
13 99 205.75833
14 15 141.46021
14 16 143.55877
14 17 160.19772
14 18 172.1616
14 19 134.34695
14 20 194.97637
14 21 146.16549
14 22 128.30137
14 23 153.52769
14 24 190.04835
14 25 158.71022
14 26 156.72024
14 27 147.128
14 28 143.58826
14 29 133.58134
14 30 103.01384
14 31 142.75708
14 32 113.87253
14 33 179.73474
14 34 154.59313
14 35 177.76189
14 36 107.48835
14 37 125.74895
14 38 162.88452
14 39 179.09852
14 40 149.89195
14 41 172.82531
14 42 175.39571
14 43 164.13633
14 44 128.77429
14 45 144.70657
14 46 158.52829
14 47 156.12769
14 48 149.34826
14 49 152.34629
14 50 168.28633
14 51 146.2844
14 52 159.58462
14 53 124.15727
14 54 158.42054
14 55 130.06301
14 56 176.1726
14 57 151.43987
14 58 136.98281
14 59 174.24722
14 60 150.58639
14 61 136.56729
14 62 140.90044
14 63 138.09438
14 64 122.32025
14 65 165.94744
14 66 156.2444
14 67 169.50521
14 68 127.90745
14 69 178.53719
14 70 171.9925
14 71 166.55398
14 72 133.80195
14 73 161.79564
14 74 109.22407
14 75 173.39988
14 76 107.12138
14 77 181.89391
14 78 167.62238
14 79 136.57418
14 80 126.22415
14 81 116.91615
14 82 111.20886
14 83 150.55843
14 84 115.73341
14 85 148.61567
14 86 144.40463
14 87 128.06224
14 88 152.32111
14 89 121.04564
14 90 153.58001
14 91 179.49258
14 92 115.20191
14 93 115.57884
14 94 151.51521
14 95 155.48683
14 96 109.33663
14 97 182.28584
14 98 134.48161
14 99 177.53978
15 16 110.08335
15 17 120.50576
15 18 141.20221
15 19 140.81202
15 20 153.69501
15 21 116.88678
15 22 139.95286
15 23 143.53269
15 24 149.02577
15 25 145.53311
15 26 127.41724
15 27 132.68427
15 28 124.94344
15 29 131.6741
15 30 142.8113
15 31 130.14443
15 32 148.69143
15 33 138.76946
15 34 151.78803
15 35 142.10895
15 36 148.16803
15 37 136.77692
15 38 153.30011
15 39 144.3703
15 40 125.72317
15 41 150.77547
15 42 156.62271
15 43 150.82369
15 44 150.04676
15 45 118.85902
15 46 132.44457
15 47 114.93958
15 48 155.15556
15 49 160.44233
15 50 137.4003
15 51 119.35523
15 52 127.13725
15 53 164.53277
15 54 149.76585
15 55 130.2111
15 56 145.11036
15 57 139.91275
15 58 152.21088
15 59 135.92792
15 60 150.93295
15 61 129.67602
15 62 127.75875
15 63 134.69161
15 64 121.23804
15 65 151.22936
15 66 145.68818
15 67 131.09728
15 68 167.90151
15 69 150.97306
15 70 132.93897
15 71 131.62247
15 72 162.586
15 73 123.00926
15 74 148.81898
15 75 140.76455
15 76 148.18395
15 77 144.36003
15 78 140.61861
15 79 131.06939
15 80 126.86512
15 81 155.16329
15 82 150.7437
15 83 122.59009
15 84 128.6136
15 85 131.37777
15 86 152.91793
15 87 160.67798
15 88 131.89031
15 89 140.55397
15 90 112.14429
15 91 140.03942
15 92 156.00581
15 93 134.73258
15 94 133.94563
15 95 158.74992
15 96 144.93911
15 97 141.76588
15 98 110.50619
15 99 155.26367
16 17 116.9752
16 18 149.63837
16 19 134.56538
16 20 154.94735
16 21 126.86469
16 22 135.0937
16 23 134.03377
16 24 151.08203
16 25 135.66655
16 26 117.79503
16 27 123.25302
16 28 115.63081
16 29 125.20078
16 30 144.25627
16 31 121.32269
16 32 148.0014
16 33 141.30944
16 34 161.61835
16 35 148.93076
16 36 149.38364
16 37 132.48028
16 38 163.37469
16 39 137.08347
16 40 135.73267
16 41 140.83214
16 42 146.56986
16 43 160.89768
16 44 157.09549
16 45 128.93621
16 46 122.53286
16 47 115.21856
16 48 164.41601
16 49 169.61772
16 50 128.5444
16 51 129.38907
16 52 118.37309
16 53 164.85033
16 54 159.80822
16 55 138.62942
16 56 136.509
16 57 130.40473
16 58 146.46315
16 59 130.74565
16 60 142.4803
16 61 139.01357
16 62 119.21657
16 63 127.19147
16 64 126.90918
16 65 161.2761
16 66 136.04516
16 67 125.96605
16 68 167.87932
16 69 141.69357
16 70 138.19034
16 71 124.12799
16 72 159.07755
16 73 129.29989
16 74 151.9192
16 75 148.7581
16 76 150.62817
16 77 150.10685
16 78 131.03027
16 79 123.77247
16 80 123.01384
16 81 158.93293
16 82 151.28764
16 83 132.42487
16 84 128.65875
16 85 121.65913
16 86 161.83929
16 87 158.3105
16 88 141.9409
16 89 147.06521
16 90 114.46155
16 91 144.5413
16 92 158.69051
16 93 140.27046
16 94 144.02816
16 95 168.3039
16 96 144.97192
16 97 144.95359
16 98 109.12675
16 99 145.38348
17 18 145.24291
17 19 149.18008
17 20 139.09576
17 21 131.41951
17 22 150.81108
17 23 142.2724
17 24 135.99111
17 25 141.66248
17 26 118.21532
17 27 133.07204
17 28 127.30624
17 29 140.10797
17 30 161.05836
17 31 133.2111
17 32 164.95861
17 33 127.21782
17 34 168.50925
17 35 140.80224
17 36 166.24661
17 37 148.59643
17 38 167.6683
17 39 125.38954
17 40 139.36015
17 41 139.72121
17 42 146.70003
17 43 164.03635
17 44 170.47559
17 45 134.43499
17 46 123.68947
17 47 107.48345
17 48 173.59947
17 49 178.98846
17 50 122.43608
17 51 134.07529
17 52 114.48742
17 53 181.82292
17 54 164.90408
17 55 150.16794
17 56 128.5645
17 57 138.97296
17 58 161.15835
17 59 115.51877
17 60 153.3397
17 61 148.53672
17 62 132.00676
17 63 140.77807
17 64 141.55598
17 65 163.77571
17 66 143.41356
17 67 110.77681
17 68 184.85244
17 69 136.095
17 70 128.32033
17 71 114.22906
17 72 175.17378
17 73 123.0945
17 74 168.25475
17 75 143.26654
17 76 167.197
17 77 139.88923
17 78 128.13614
17 79 137.91173
17 80 139.59091
17 81 174.99043
17 82 168.23762
17 83 135.13753
17 84 145.58912
17 85 130.48809
17 86 171.99058
17 87 174.89726
17 88 145.54975
17 89 161.05918
17 90 110.80686
17 91 132.77758
17 92 175.20916
17 93 155.11716
17 94 148.41213
17 95 176.39765
17 96 161.94297
17 97 131.37587
17 98 125.78435
17 99 143.30225
18 19 181.75881
18 20 142.59682
18 21 127.13616
18 22 180.18276
18 23 183.49466
18 24 136.73952
18 25 184.45591
18 26 162.27262
18 27 172.8279
18 28 165.26717
18 29 172.78555
18 30 174.61735
18 31 170.90201
18 32 183.61247
18 33 131.10178
18 34 141.10675
18 35 111.21089
18 36 179.6497
18 37 176.73207
18 38 133.89105
18 39 167.50847
18 40 122.35803
18 41 184.92102
18 42 191.81254
18 43 128.56082
18 44 162.86505
18 45 127.76518
18 46 167.95771
18 47 139.02774
18 48 151.17031
18 49 155.78692
18 50 167.58066
18 51 126.25268
18 52 159.39274
18 53 196.16575
18 54 133.9532
18 55 144.44347
18 56 172.90077
18 57 179.88263
18 58 192.75676
18 59 155.24747
18 60 191.96183
18 61 138.05552
18 62 168.66495
18 63 175.89175
18 64 150.50746
18 65 126.90598
18 66 185.32132
18 67 152.52263
18 68 199.99176
18 69 180.91831
18 70 120.19442
18 71 159.06488
18 72 200.76048
18 73 122.1804
18 74 175.83299
18 75 103.4672
18 76 176.94237
18 77 117.74838
18 78 173.36606
18 79 172.27157
18 80 167.05093
18 81 179.20454
18 82 183.24792
18 83 121.83246
18 84 165.07057
18 85 171.01024
18 86 152.9255
18 87 197.37581
18 88 121.81276
18 89 158.76198
18 90 137.19481
18 91 123.03421
18 92 182.96417
18 93 158.4323
18 94 124.24993
18 95 150.15113
18 96 179.04981
18 97 129.16132
18 98 151.39512
18 99 188.54315
19 20 188.27584
19 21 155.44071
19 22 106.19382
19 23 121.05851
19 24 184.9781
19 25 126.6406
19 26 135.95148
19 27 119.78765
19 28 122.26745
19 29 109.36637
19 30 132.51069
19 31 117.11775
19 32 127.37572
19 33 175.55915
19 34 180.39195
19 35 182.79288
19 36 134.77482
19 37 108.75405
19 38 185.95125
19 39 157.57598
19 40 163.1483
19 41 142.85147
19 42 143.57488
19 43 185.2744
19 44 161.43301
19 45 156.02677
19 46 134.48043
19 47 149.59086
19 48 178.46563
19 49 182.55839
19 50 145.24961
19 51 157.17892
19 52 140.45045
19 53 143.35288
19 54 181.64566
19 55 153.14793
19 56 151.73961
19 57 120.264
19 58 111.99624
19 59 157.92214
19 60 116.30371
19 61 157.5671
19 62 117.47449
19 63 108.92129
19 64 138.18175
19 65 186.40565
19 66 123.50787
19 67 154.21789
19 68 144.84925
19 69 151.12023
19 70 172.65231
19 71 147.73334
19 72 127.60133
19 73 163.33556
19 74 142.95981
19 75 181.52083
19 76 139.81199
19 77 184.48983
19 78 141.69689
19 79 111.27597
19 80 115.38132
19 81 150.42573
19 82 133.73426
19 83 161.34286
19 84 123.50364
19 85 122.48984
19 86 174.16301
19 87 129.81717
19 88 168.25196
19 89 151.78562
19 90 149.02022
19 91 179.10592
19 92 146.41191
19 93 143.97864
19 94 169.09547
19 95 184.03089
19 96 128.06557
19 97 179.35914
19 98 130.40098
19 99 147.11746
20 21 152.74596
20 22 189.75144
20 23 179.40276
20 24 106.01118
20 25 177.46544
20 26 154.94068
20 27 171.43162
20 28 166.29612
20 29 179.17751
20 30 196.46385
20 31 172.09493
20 32 202.1342
20 33 115.58985
20 34 182.11828
20 35 131.50604
20 36 201.83236
20 37 187.34949
20 38 176.17529
20 39 144.39701
20 40 155.36219
20 41 169.43323
20 42 176.50805
20 43 170.96403
20 44 196.80311
20 45 155.55962
20 46 159.26417
20 47 139.96649
20 48 191.02383
20 49 196.11355
20 50 152.2062
20 51 154.21199
20 52 150.26349
20 53 218.22457
20 54 175.61967
20 55 175.67536
20 56 152.77827
20 57 176.48493
20 58 200.25211
20 59 134.86251
20 60 191.3538
20 61 171.05546
20 62 171.04276
20 63 179.82773
20 64 173.44654
20 65 169.43821
20 66 179.95826
20 67 136.36057
20 68 221.56648
20 69 160.90735
20 70 126.38682
20 71 144.74703
20 72 213.97328
20 73 134.94659
20 74 201.73263
20 75 139.12989
20 76 201.48512
20 77 125.18557
20 78 159.06113
20 79 177.00642
20 80 177.9579
20 81 207.36711
20 82 204.43637
20 83 151.75592
20 84 182.12364
20 85 168.67921
20 86 191.57905
20 87 213.20256
20 88 158.95493
20 89 189.52737
20 90 141.84984
20 91 120.15797
20 92 209.0655
20 93 185.84739
20 94 162.18174
20 95 191.21462
20 96 198.56086
20 97 114.57997
20 98 162.53703
20 99 171.05746
21 22 153.38005
21 23 160.33475
21 24 147.09309
21 25 162.41989
21 26 143.36219
21 27 149.49154
21 28 141.75279
21 29 146.83931
21 30 148.38403
21 31 146.73369
21 32 156.81465
21 33 137.21108
21 34 137.09338
21 35 131.59794
21 36 153.60238
21 37 149.8549
21 38 137.04931
21 39 156.80872
21 40 108.87562
21 41 166.96543
21 42 173.09298
21 43 134.16851
21 44 144.13361
21 45 103.17444
21 46 148.70463
21 47 123.97295
21 48 142.61455
21 49 148.01838
21 50 152.12906
21 51 102.70053
21 52 142.17218
21 53 170.32258
21 54 133.87177
21 55 122.9356
21 56 159.27804
21 57 156.72557
21 58 166.03172
21 59 146.24753
21 60 167.10092
21 61 118.86156
21 62 144.25849
21 63 150.45533
21 64 123.94822
21 65 134.44345
21 66 162.5359
21 67 141.87343
21 68 174.05349
21 69 166.00211
21 70 127.16426
21 71 145.03356
21 72 173.63118
21 73 117.80356
21 74 151.13142
21 75 127.73827
21 76 151.66589
21 77 135.90852
21 78 156.2709
21 79 146.80972
21 80 140.36454
21 81 155.77579
21 82 156.98607
21 83 105.9371
21 84 137.94967
21 85 148.25571
21 86 141.59929
21 87 170.37169
21 88 115.14917
21 89 136.90197
21 90 120.6151
21 91 134.61186
21 92 158.48325
21 93 134.14145
21 94 117.52692
21 95 145.0499
21 96 152.36012
21 97 138.61169
21 98 125.66741
21 99 171.29424
22 23 126.9776
22 24 186.11313
22 25 132.52105
22 26 139.32395
22 27 124.23384
22 28 125.0544
22 29 111.12396
22 30 126.37856
22 31 120.8353
22 32 121.33308
22 33 176.40283
22 34 176.04197
22 35 182.04469
22 36 128.58223
22 37 103.68594
22 38 182.10767
22 39 161.56992
22 40 160.614
22 41 148.4247
22 42 149.5
22 43 181.75151
22 44 155.80846
22 45 153.63312
22 46 138.59478
22 47 150.31125
22 48 173.54298
22 49 177.46632
22 50 149.37443
22 51 154.89184
22 52 143.58679
22 53 137.69974
22 54 177.73692
22 55 148.82139
22 56 156.25973
22 57 125.84411
22 58 112.68002
22 59 160.85634
22 60 122.28734
22 61 153.6572
22 62 120.47228
22 63 113.13732
22 64 134.23462
22 65 183.00893
22 66 129.50602
22 67 156.86713
22 68 139.4354
22 69 156.24572
22 70 172.54672
22 71 150.99021
22 72 124.44898
22 73 162.88148
22 74 136.81186
22 75 180.20271
22 76 133.63885
22 77 184.20468
22 78 146.39711
22 79 114.08916
22 80 113.16739
22 81 144.25035
22 82 127.60599
22 83 159.18631
22 84 118.73286
22 85 126.70992
22 86 169.10479
22 87 125.37796
22 88 165.37383
22 89 146.37665
22 90 149.32177
22 91 179.29478
22 92 140.2221
22 93 138.70874
22 94 165.95881
22 95 179.23961
22 96 121.87409
22 97 180.02315
22 98 129.45587
22 99 152.80427
23 24 177.37001
23 25 105.59272
23 26 124.5709
23 27 110.84857
23 28 118.5903
23 29 120.18276
23 30 152.18436
23 31 114.03799
23 32 148.30985
23 33 169.35031
23 34 191.81619
23 35 181.66673
23 36 155.15711
23 37 128.31406
23 38 195.3991
23 39 141.44873
23 40 169.05407
23 41 122.2084
23 42 122.52802
23 43 193.60272
23 44 178.16971
23 45 161.95622
23 46 120.24161
23 47 145.82893
23 48 192.06246
23 49 196.72622
23 50 129.47276
23 51 162.67436
23 52 129.1683
23 53 164.39286
23 54 191.44925
23 55 165.53272
23 56 134.07906
23 57 103.62968
23 58 128.6844
23 59 145.51233
23 60 112.68932
23 61 168.33992
23 62 116.6529
23 63 115.46301
23 64 150.50317
23 65 194.25523
23 66 102.75385
23 67 143.12004
23 68 165.781
23 69 131.51898
23 70 169.83187
23 71 135.01827
23 72 146.54395
23 73 162.2867
23 74 162.58129
23 75 182.38816
23 76 159.69154
23 77 181.7183
23 78 124.00509
23 79 117.63857
23 80 128.68921
23 81 170.23093
23 82 154.51269
23 83 166.11441
23 84 139.72304
23 85 112.4911
23 86 188.37575
23 87 150.09281
23 88 175.02378
23 89 167.93743
23 90 146.76217
23 91 174.95675
23 92 166.79363
23 93 159.9464
23 94 176.69809
23 95 197.00578
23 96 148.52729
23 97 173.58197
23 98 135.48634
23 99 126.22345
24 25 175.82514
24 26 152.79978
24 27 168.8704
24 28 163.29341
24 29 175.76125
24 30 191.63343
24 31 169.19991
24 32 197.66274
24 33 110.31367
24 34 176.10825
24 35 125.73392
24 36 197.01016
24 37 183.56231
24 38 170.21887
24 39 144.77349
24 40 149.44809
24 41 169.01585
24 42 176.18412
24 43 165.02647
24 44 191.06051
24 45 149.84844
24 46 157.47464
24 47 135.90745
24 48 185.02272
24 49 190.10664
24 50 151.32592
24 51 148.47213
24 52 148.23322
24 53 213.51007
24 54 169.62499
24 55 169.9921
24 56 152.81581
24 57 174.30201
24 58 196.97427
24 59 134.16324
24 60 189.01068
24 61 165.2531
24 62 167.97234
24 63 176.7232
24 64 168.298
24 65 163.52866
24 66 178.11896
24 67 134.86389
24 68 216.91528
24 69 161.13301
24 70 120.4639
24 71 143.3735
24 72 210.14982
24 73 129.33875
24 74 196.58583
24 75 133.27635
24 76 196.45145
24 77 119.56014
24 78 158.19937
24 79 173.75459
24 80 174.00499
24 81 202.06497
24 82 199.72395
24 83 145.90103
24 84 177.59881
24 85 166.18761
24 86 185.6082
24 87 209.08863
24 88 152.96444
24 89 183.95219
24 90 137.46054
24 91 114.15132
24 92 203.94027
24 93 180.48114
24 94 156.18614
24 95 185.20394
24 96 193.96473
24 97 108.63696
24 98 158.2531
24 99 171.0213
25 26 123.48412
25 27 113.64162
25 28 121.00474
25 29 125.17732
25 30 157.46387
25 31 117.6524
25 32 153.84542
25 33 168.31362
25 34 195.10285
25 35 181.89025
25 36 160.56566
25 37 133.73679
25 38 198.19009
25 39 137.67671
25 40 171.24269
25 41 116.77618
25 42 116.98492
25 43 196.13367
25 44 182.73956
25 45 164.26122
25 46 118.3747
25 47 146.02669
25 48 195.85652
25 49 200.63119
25 50 126.20436
25 51 164.86286
25 52 127.74418
25 53 169.98244
25 54 194.35241
25 55 169.25392
25 56 129.85026
25 57 107.34561
25 58 134.05377
25 59 142.99237
25 60 117.01869
25 61 171.67373
25 62 120.20536
25 63 120.63023
25 64 154.42209
25 65 196.6643
25 66 103.60297
25 67 141.11686
25 68 171.37256
25 69 126.4902
25 70 169.74703
25 71 132.73451
25 72 151.95441
25 73 162.81354
25 74 167.81807
25 75 183.13411
25 76 164.98837
25 77 181.49383
25 78 120.09884
25 79 122.38991
25 80 133.40049
25 81 175.48915
25 82 160.00673
25 83 168.07017
25 84 144.53814
25 85 114.23375
25 86 192.33084
25 87 155.63629
25 88 177.34578
25 89 172.43808
25 90 147.35138
25 91 174.43063
25 92 172.18463
25 93 164.46918
25 94 179.20148
25 95 200.6296
25 96 153.96425
25 97 172.61204
25 98 138.38404
25 99 120.66517
26 27 116.95322
26 28 114.40482
26 29 128.24154
26 30 156.67521
26 31 118.83374
26 32 157.53394
26 33 144.90861
26 34 179.20521
26 35 158.79427
26 36 161.24595
26 37 138.19487
26 38 180.36581
26 39 122.74697
26 40 152.15731
26 41 123.61548
26 42 129.98058
26 43 177.49459
26 44 174.05297
26 45 145.82015
26 46 105.68519
26 47 123.27162
26 48 182.21089
26 49 187.41064
26 50 111.6374
26 51 146.01937
26 52 104.73785
26 53 174.87079
26 54 177.00049
26 55 156.32575
26 56 119.66905
26 57 121.54941
26 58 147.36772
26 59 122.12994
26 60 136.42884
26 61 156.79658
26 62 118.85167
26 63 127.03105
26 64 143.7212
26 65 177.64204
26 66 125.42993
26 67 118.9482
26 68 177.31795
26 69 123.96958
26 70 146.45655
26 71 111.78423
26 72 163.42383
26 73 140.21207
26 74 165.72135
26 75 160.63534
26 76 163.80256
26 77 158.0998
26 78 113.24176
26 79 125.24938
26 80 131.55122
26 81 173.18457
26 82 162.23081
26 83 148.40565
26 84 140.99177
26 85 114.10206
26 86 179.60415
26 87 164.65974
26 88 158.48146
26 89 163.80907
26 90 125.21297
26 91 150.95555
26 92 171.82104
26 93 156.52587
26 94 160.86173
26 95 186.05571
26 96 155.67093
26 97 149.18361
26 98 125.14324
26 99 127.94647
27 28 107.7419
27 29 114.14047
27 30 146.28973
27 31 104.41487
27 32 144.54529
27 33 160.28561
27 34 181.48962
27 35 171.39373
27 36 150.03279
27 37 124.1264
27 38 184.76219
27 39 137.80864
27 40 158.22438
27 41 125.69749
27 42 128.76527
27 43 182.8612
27 44 169.6626
27 45 151.14278
27 46 114.7226
27 47 135.7686
27 48 182.23924
27 49 187.04143
27 50 125.46782
27 51 151.84246
27 52 121.66687
27 53 161.56677
27 54 180.86794
27 55 155.63078
27 56 132.05643
27 57 107.23405
27 58 130.65475
27 59 139.05824
27 60 120.29081
27 61 158.04666
27 62 106.7267
27 63 111.12561
27 64 140.87472
27 65 183.47779
27 66 113.09508
27 67 135.84984
27 68 163.53799
27 69 132.27759
27 70 159.82862
27 71 128.59647
27 72 147.36579
27 73 151.88177
27 74 156.34767
27 75 171.81538
27 76 153.8008
27 77 171.78091
27 78 122.16685
27 79 110.88868
27 80 121.01358
27 81 164.0438
27 82 150.13543
27 83 155.26615
27 84 132.11983
27 85 102.85783
27 86 178.76176
27 87 149.41775
27 88 164.21945
27 89 159.30279
27 90 136.4022
27 91 165.31764
27 92 161.41078
27 93 151.3884
27 94 165.94159
27 95 186.98961
27 96 143.73494
27 97 164.41059
27 98 124.85578
27 99 130.41884
28 29 113.93154
28 30 143.2087
28 31 106.01986
28 32 143.27848
28 33 154.26244
28 34 174.18799
28 35 164.20413
28 36 147.50199
28 37 123.7941
28 38 177.1925
28 39 137.04643
28 40 150.49633
28 41 130.43828
28 42 134.67542
28 43 175.20393
28 44 163.97881
28 45 143.4301
28 46 114.99568
28 47 128.97451
28 48 175.36898
28 49 180.27836
28 50 125.27511
28 51 144.11305
28 52 118.53722
28 53 160.59981
28 54 173.34768
28 55 148.77794
28 56 132.86832
28 57 114.97439
28 58 134.10673
28 59 135.83896
28 60 127.07521
28 61 150.81682
28 62 104.7969
28 63 113.5621
28 64 134.40995
28 65 175.79051
28 66 120.79888
28 67 131.98874
28 68 162.97344
28 69 134.99224
28 70 152.92574
28 71 125.95196
28 72 149.35943
28 73 144.61018
28 74 152.7591
28 75 164.34454
28 76 150.54778
28 77 164.89969
28 78 124.03444
28 79 111.12241
28 80 117.63465
28 81 160.37715
28 82 148.2109
28 83 147.52426
28 84 127.97234
28 85 106.84882
28 86 172.08019
28 87 150.3146
28 88 156.51248
28 89 153.58765
28 90 129.25465
28 91 158.73403
28 92 158.44137
28 93 145.8285
28 94 158.27607
28 95 179.94568
28 96 141.66171
28 97 158.26138
28 98 117.41234
28 99 135.24492
29 30 132.4844
29 31 110.17006
29 32 130.43548
29 33 166.26507
29 34 174.07134
29 35 173.52694
29 36 135.99442
29 37 110.15774
29 38 178.87409
29 39 150.64075
29 40 154.84953
29 41 139.57677
29 42 141.81915
29 43 177.8118
29 44 158.14847
29 45 147.66451
29 46 127.83855
29 47 140.25692
29 48 173.19346
29 49 177.62077
29 50 138.55424
29 51 148.72689
29 52 132.46688
29 53 147.5524
29 54 174.67644
29 55 147.07128
29 56 145.69666
29 57 117.87102
29 58 121.29073
29 59 149.73902
29 60 121.25024
29 61 150.80019
29 62 109.41325
29 63 104.87372
29 64 131.85841
29 65 178.798
29 66 122.93388
29 67 145.78556
29 68 149.66312
29 69 146.40194
29 70 163.2943
29 71 139.87552
29 72 135.49581
29 73 154.02629
29 74 142.7388
29 75 172.43615
29 76 140.0213
29 77 175.14399
29 78 136.08239
29 79 103.26744
29 80 108.80166
29 81 150.43012
29 82 135.99953
29 83 152.77188
29 84 119.57779
29 85 116.25266
29 86 169.21669
29 87 136.4182
29 88 160.2185
29 89 148.01122
29 90 139.65406
29 91 169.74027
29 92 147.46897
29 93 140.02019
29 94 161.30553
29 95 178.45735
29 96 129.62299
29 97 170.03473
29 98 121.40215
29 99 144.20349
30 31 141.96863
30 32 110.8596
30 33 181.32555
30 34 157.60574
30 35 179.97316
30 36 105.3781
30 37 124.08353
30 38 165.86956
30 39 179.21428
30 40 152.41142
30 41 171.96007
30 42 174.26801
30 43 167.07778
30 44 131.55579
30 45 147.04575
30 46 158.19903
30 47 157.29688
30 48 152.32698
30 49 155.27433
30 50 168.16544
30 51 148.6154
30 52 159.73122
30 53 122.07173
30 54 161.40325
30 55 132.93461
30 56 175.97365
30 57 150.25609
30 58 134.45035
30 59 174.80742
30 60 148.63987
30 61 139.39475
30 62 140.24665
30 63 136.83838
30 64 124.44652
30 65 168.87264
30 66 154.87534
30 67 170.11244
30 68 125.71428
30 69 178.02297
30 70 173.87716
30 71 166.81512
30 72 130.7917
30 73 163.6548
30 74 110.46306
30 75 175.77644
30 76 107.53728
30 77 183.97087
30 78 167.1993
30 79 135.57445
30 80 125.64024
30 81 118.05215
30 82 108.63279
30 83 152.93108
30 84 115.83256
30 85 147.92434
30 86 147.36851
30 87 125.06424
30 88 155.00835
30 89 124.03663
30 90 154.86793
30 91 181.35449
30 92 115.23454
30 93 118.54628
30 94 154.27942
30 95 158.47438
30 96 106.37482
30 97 183.98433
30 98 135.27523
30 99 176.63483
31 32 140.58026
31 33 160.2444
31 34 177.79485
31 35 170.11105
31 36 145.80176
31 37 120.3115
31 38 181.39237
31 39 140.7478
31 40 155.34501
31 41 130.07594
31 42 133.16035
31 43 179.67519
31 44 165.32307
31 45 148.19424
31 46 117.768
31 47 134.98957
31 48 178.24792
31 49 182.99413
31 50 128.54023
31 51 148.98704
31 52 123.35596
31 53 157.72213
31 54 177.4239
31 55 151.66341
31 56 135.55109
31 57 110.65788
31 58 128.65671
31 59 140.84628
31 60 121.17449
31 61 154.32164
31 62 102.61631
31 63 108.19766
31 64 136.77351
31 65 180.37893
31 66 116.57236
31 67 137.26446
31 68 159.81862
31 69 136.32752
31 70 158.91714
31 71 130.61613
31 72 144.63269
31 73 150.49542
31 74 151.97964
31 75 170.07757
31 76 149.46694
31 77 170.89092
31 78 125.91563
31 79 106.91624
31 80 116.6082
31 81 159.67298
31 82 146.02489
31 83 152.58903
31 84 127.70539
31 85 106.09837
31 86 174.68457
31 87 146.19808
31 88 161.21828
31 89 154.97522
31 90 135.20895
31 91 164.75312
31 92 157.12241
31 93 147.0441
31 94 162.7987
31 95 183.09416
31 96 139.5784
31 97 164.26027
31 98 121.52323
31 99 134.81174
32 33 187.44198
32 34 168.45127
32 35 188.1496
32 36 109.19071
32 37 120.47529
32 38 176.60557
32 39 180.27369
32 40 161.71762
32 41 169.54038
32 42 170.82821
32 43 177.66354
32 44 141.92651
32 45 155.85305
32 46 158.00315
32 47 162.28745
32 48 163.12123
32 49 165.94389
32 50 168.53213
32 51 157.38245
32 52 161.20082
32 53 117.33746
32 54 172.13273
32 55 143.37241
32 56 175.94632
32 57 147.0587
32 58 125.96583
32 59 177.48158
32 60 142.40243
32 61 149.68175
32 62 139.43956
32 63 133.88506
32 64 133.11297
32 65 179.40269
32 66 150.83461
32 67 173.01055
32 68 119.98398
32 69 176.8228
32 70 181.02079
32 71 168.55873
32 72 119.93665
32 73 170.80172
32 74 118.79702
32 75 184.51043
32 76 115.2873
32 77 191.68609
32 78 166.48831
32 79 133.70287
32 80 126.14713
32 81 125.08662
32 82 106.64369
32 83 161.78615
32 84 120.07784
32 85 146.67626
32 86 158.13056
32 87 114.38126
32 88 164.81333
32 89 134.86762
32 90 160.28815
32 91 188.37284
32 92 119.88589
32 93 129.28411
32 94 164.32354
32 95 169.28734
32 96 104.77652
32 97 190.44221
32 98 139.67514
32 99 174.00458
33 34 168.15332
33 35 121.33496
33 36 186.70271
33 37 173.74364
33 38 163.19152
33 39 140.89017
33 40 140.32827
33 41 163.29681
33 42 170.51363
33 43 158.22145
33 44 181.3192
33 45 140.07293
33 46 149.97494
33 47 126.09166
33 48 176.5136
33 49 181.71488
33 50 145.24387
33 51 138.7613
33 52 140.5745
33 53 203.21699
33 54 162.11169
33 55 160.14666
33 56 148.11743
33 57 166.12186
33 58 187.54296
33 59 129.0576
33 60 180.55751
33 61 155.67347
33 62 158.84145
33 63 167.51533
33 64 158.00661
33 65 156.97553
33 66 170.3343
33 67 128.44134
33 68 206.63505
33 69 156.54121
33 70 111.89479
33 71 136.78119
33 72 200.26914
33 73 119.40993
33 74 186.29764
33 75 127.81071
33 76 186.14301
33 77 116.83458
33 78 151.99627
33 79 164.41704
33 80 164.08713
33 81 191.83506
33 82 189.43314
33 83 136.53518
33 84 167.36847
33 85 157.70439
33 86 176.74625
33 87 199.02892
33 88 144.42124
33 89 173.94448
33 90 127.37654
33 91 108.83814
33 92 193.64754
33 93 170.28513
33 94 147.69574
33 95 177.1686
33 96 183.70384
33 97 104.35414
33 98 148.15934
33 99 165.85316
34 35 152.01138
34 36 160.88373
34 37 172.41782
34 38 110.58523
34 39 193.89861
34 40 129.62256
34 41 202.44594
34 42 207.9983
34 43 114.97881
34 44 131.16872
34 45 134.13339
34 46 184.14892
34 47 161.04976
34 48 111.00469
34 49 114.83425
34 50 188.81913
34 51 134.43445
34 52 178.66504
34 53 174.34599
34 54 107.69305
34 55 127.25107
34 56 196.19122
34 57 188.43841
34 58 187.89919
34 59 183.13683
34 60 195.28944
34 61 123.47705
34 62 175.17893
34 63 178.68567
34 64 142.30553
34 65 117.36045
34 66 194.36505
34 67 178.88201
34 68 178.1774
34 69 202.58796
34 70 156.28747
34 71 182.04567
34 72 188.33513
34 73 150.82222
34 74 153.07197
34 75 144.3474
34 76 155.74852
34 77 158.49751
34 78 192.39746
34 79 175.3652
34 80 165.57267
34 81 152.56727
34 82 164.90188
34 83 133.95882
34 84 157.31998
34 85 181.03566
34 86 114.77098
34 87 182.61299
34 88 124.13546
34 89 133.98737
34 90 157.70759
34 91 161.9628
34 92 158.36409
34 93 139.30079
34 94 120.8893
34 95 109.11267
34 96 163.79703
34 97 167.69845
34 98 156.78091
34 99 206.99819
35 36 185.20009
35 37 178.80696
35 38 145.08863
35 39 160.4676
35 40 129.65439
35 41 180.21081
35 42 187.30796
35 43 139.76926
35 44 171.7612
35 45 133.22486
35 46 164.39347
35 47 135.88912
35 48 161.78493
35 49 166.55532
35 50 162.3307
35 51 131.63864
35 52 155.2893
35 53 201.91916
35 54 145.01485
35 55 152.0975
35 56 166.72898
35 57 178.13747
35 58 194.30921
35 59 148.19428
35 60 191.27244
35 61 146.14829
35 62 168.12097
35 63 176.03531
35 64 155.52802
35 65 138.11135
35 66 183.20534
35 67 146.22792
35 68 205.65116
35 69 175.01132
35 70 112.69985
35 71 153.64646
35 72 204.05266
35 73 119.6318
35 74 182.43741
35 75 107.77628
35 76 183.15483
35 77 106.546
35 78 168.60075
35 79 172.52394
35 80 168.91482
35 81 186.53886
35 82 188.56415
35 83 127.63371
35 84 168.72538
35 85 169.25511
35 86 163.19098
35 87 201.35869
35 88 130.95594
35 89 166.59076
35 90 134.99395
35 91 112.65242
35 92 189.73243
35 93 165.17279
35 94 133.82541
35 95 161.09981
35 96 183.79317
35 97 118.67897
35 98 152.61503
35 99 183.42957
36 37 126.84305
36 38 169.55779
36 39 183.88892
36 40 157.37466
36 41 175.56965
36 42 177.49487
36 43 171.05541
36 44 133.12153
36 45 152.18164
36 46 162.48831
36 47 162.60537
36 48 154.84719
36 49 157.38316
36 50 172.64114
36 51 153.75782
36 52 164.46047
36 53 116.74888
36 54 165.11881
36 55 137.25416
36 56 180.35926
36 57 153.49133
36 58 134.8947
36 59 179.81852
36 60 150.49559
36 61 143.8276
36 62 144.25447
36 63 140.06654
36 64 129.70153
36 65 172.92828
36 66 157.79121
36 67 175.15677
36 68 120.45112
36 69 182.06203
36 70 179.23003
36 71 171.62401
36 72 128.4031
36 73 169.01178
36 74 109.61778
36 75 180.88383
36 76 106.1146
36 77 189.26528
36 78 171.36441
36 79 139.18443
36 80 129.86767
36 81 116.10151
36 82 104.02407
36 83 158.04054
36 84 120.78394
36 85 151.84303
36 86 149.77957
36 87 121.98902
36 88 159.7297
36 89 126.92854
36 90 160.208
36 91 186.71246
36 92 111.65356
36 93 122.56478
36 94 158.84931
36 95 161.06391
36 96 106.71205
36 97 189.36117
36 98 140.46693
36 99 180.17876
37 38 178.43092
37 39 160.72779
37 40 157.00297
37 41 149.10531
37 42 150.69214
37 43 178.06559
37 44 152.69091
37 45 150.04866
37 46 137.99258
37 47 147.67818
37 48 170.0566
37 49 174.04402
37 50 148.69198
37 51 151.32363
37 52 142.26614
37 53 137.44584
37 54 174.06374
37 55 145.18492
37 56 155.85291
37 57 126.74191
37 58 116.30202
37 59 159.30949
37 60 125.04896
37 61 149.98042
37 62 119.49488
37 63 113.42915
37 64 130.55425
37 65 179.32389
37 66 130.95349
37 67 155.16878
37 68 139.5083
37 69 156.39092
37 70 169.52875
37 71 149.69394
37 72 126.6241
37 73 159.76375
37 74 134.54425
37 75 176.81263
37 76 131.5135
37 77 181.10907
37 78 146.19915
37 79 113.39536
37 80 109.91288
37 81 142.1111
37 82 126.35422
37 83 155.63654
37 84 115.14595
37 85 126.36966
37 86 165.66665
37 87 126.64108
37 88 161.72052
37 89 143.10337
37 90 146.52012
37 91 176.37166
37 92 138.48204
37 93 135.35196
37 94 162.2854
37 95 175.71368
37 96 120.22763
37 97 177.28303
37 98 126.32344
37 99 153.61422
38 39 192.82298
38 40 128.44247
38 41 203.93507
38 42 209.9142
38 43 105.41972
38 44 141.34817
38 45 134.55597
38 46 185.62681
38 47 160.21147
38 48 121.41607
38 49 124.47943
38 50 189.0837
38 51 134.36878
38 52 179.20599
38 53 183.74246
38 54 104.47814
38 55 133.75629
38 56 196.03275
38 57 191.89709
38 58 194.35632
38 59 181.4258
38 60 200.0931
38 61 128.45054
38 62 178.79182
38 63 183.26595
38 64 147.88164
38 65 107.53424
38 66 197.82424
38 67 177.51243
38 68 187.61333
38 69 202.97616
38 70 151.34263
38 71 181.68831
38 72 196.29767
38 73 147.61164
38 74 162.29564
38 75 137.3127
38 76 164.75331
38 77 151.63326
38 78 193.31952
38 79 179.78747
38 80 170.74223
38 81 162.40294
38 82 173.57922
38 83 132.5572
38 84 163.60987
38 85 183.96739
38 86 125.35464
38 87 190.92735
38 88 122.15168
38 89 142.99717
38 90 157.07715
38 91 156.14645
38 92 167.98161
38 93 147.33181
38 94 119.52242
38 95 117.92664
38 96 171.86913
38 97 162.13319
38 98 159.92268
38 99 208.31124
39 40 164.66288
39 41 125.74296
39 42 132.52138
39 43 188.98383
39 44 194.0129
39 45 159.81457
39 46 123.09558
39 47 132.8545
39 48 198.82198
39 49 204.19409
39 50 112.36229
39 51 159.46433
39 52 119.51585
39 53 197.60885
39 54 190.19034
39 55 174.58014
39 56 108.67097
39 57 139.69427
39 58 168.27116
39 59 112.30294
39 60 154.13191
39 61 173.55927
39 62 141.24039
39 63 148.76268
39 64 163.97725
39 65 188.56305
39 66 140.94122
39 67 115.379
39 68 200.01933
39 69 116.51427
39 70 148.0004
39 71 112.95932
39 72 185.17064
39 73 146.42165
39 74 187.95693
39 75 164.92124
39 76 186.21165
39 77 157.35001
39 78 117.57953
39 79 147.5137
39 80 154.28816
39 81 195.2841
39 82 184.95795
39 83 160.39739
39 84 163.4314
39 85 135.08714
39 86 197.00406
39 87 186.9433
39 88 170.78466
39 89 184.09907
39 90 136.19421
39 91 149.26475
39 92 194.27007
39 93 177.34657
39 94 173.71261
39 95 201.75444
39 96 178.39932
39 97 145.03319
39 98 145.88085
39 99 126.77229
40 41 175.77098
40 42 181.94373
40 43 125.3376
40 44 142.3724
40 45 107.20524
40 46 157.53842
40 47 131.87984
40 48 136.5678
40 49 141.89633
40 50 160.6443
40 51 106.3845
40 52 150.80978
40 53 173.83257
40 54 125.54394
40 55 122.47336
40 56 167.61124
40 57 165.45611
40 58 173.29267
40 59 153.61595
40 60 175.44381
40 61 116.53564
40 62 152.83438
40 63 158.67985
40 64 128.68005
40 65 125.56963
40 66 171.29368
40 67 149.47488
40 68 177.66896
40 69 174.53857
40 70 128.98455
40 71 153.28319
40 72 179.55806
40 73 121.68075
40 74 153.50101
40 75 123.97217
40 76 154.58449
40 77 135.11113
40 78 164.98161
40 79 155.04937
40 80 147.85945
40 81 157.10827
40 82 161.02827
40 83 104.33699
40 84 144.01211
40 85 157.05556
40 86 136.45085
40 87 175.7203
40 88 106.33338
40 89 136.95696
40 90 128.67887
40 91 135.84594
40 92 160.66961
40 93 136.10254
40 94 109.05272
40 95 138.12032
40 96 157.07582
40 97 140.8113
40 98 134.03361
40 99 180.06382
41 42 107.21702
41 43 201.10855
41 44 194.41289
41 45 169.37923
41 46 118.33168
41 47 146.06672
41 48 204.80506
41 49 209.88147
41 50 118.08476
41 51 169.61471
41 52 125.61786
41 53 186.1145
41 54 200.50919
41 55 178.44537
41 56 117.07288
41 57 122.60386
41 58 150.82824
41 59 134.85301
41 60 133.42404
41 61 179.62538
41 62 132.07226
41 63 135.67643
41 64 164.62876
41 65 201.25465
41 66 120.34567
41 67 134.86191
41 68 187.69976
41 69 110.76137
41 70 167.54503
41 71 126.72064
41 72 168.72281
41 73 162.7417
41 74 182.04516
41 75 182.98774
41 76 179.48089
41 77 178.48188
41 78 111.61553
41 79 136.41171
41 80 146.67331
41 81 189.74123
41 82 175.42997
41 83 172.01474
41 84 157.70387
41 85 124.38695
41 86 201.84729
41 87 172.26554
41 88 182.09319
41 89 184.02248
41 90 148.42703
41 91 170.73134
41 92 187.03139
41 93 176.26312
41 94 184.44752
41 95 208.96788
41 96 169.14898
41 97 167.63829
41 98 146.62148
41 99 104.80701
42 43 207.2609
42 44 198.36695
42 45 175.39004
42 46 124.4388
42 47 152.85383
42 48 209.86063
42 49 214.84365
42 50 125.29313
42 51 175.71023
42 52 132.4227
42 53 186.86657
42 54 206.37792
42 55 183.33733
42 56 123.88273
42 57 124.02216
42 58 150.07559
42 59 142.02784
42 60 131.78026
42 61 184.92574
42 62 135.45041
42 63 137.45873
42 64 169.08338
42 65 207.49149
42 66 120.09421
42 67 142.07765
42 68 188.15201
42 69 116.56151
42 70 174.6591
42 71 133.90807
42 72 167.94329
42 73 169.63577
42 74 184.5575
42 75 189.94662
42 76 181.80331
42 77 185.65828
42 78 118.72603
42 79 138.84344
42 80 149.62347
42 81 192.24704
42 82 176.98733
42 83 178.29452
42 84 160.78521
42 85 128.0942
42 86 206.69723
42 87 172.11403
42 88 188.24203
42 89 187.98968
42 90 155.07992
42 91 177.92783
42 92 189.09345
42 93 180.10915
42 94 190.49145
42 95 214.23344
42 96 170.91714
42 97 174.85528
42 98 151.59346
42 99 106.37566
43 44 144.49797
43 45 131.96488
43 46 182.86945
43 47 156.63657
43 48 125.98349
43 49 129.47625
43 50 185.78669
43 51 131.5564
43 52 176.07203
43 53 185.79918
43 54 107.41499
43 55 134.34725
43 56 192.53755
43 57 190.05349
43 58 194.17882
43 59 177.39446
43 60 198.92337
43 61 128.42213
43 62 177.09873
43 63 182.05506
43 64 147.58725
43 65 102.38603
43 66 195.95488
43 67 173.62293
43 68 189.69499
43 69 199.68058
43 70 146.42501
43 71 178.17067
43 72 197.12577
43 73 143.26118
43 74 164.29918
43 75 131.99826
43 76 166.55203
43 77 146.30919
43 78 190.28323
43 79 178.51239
43 80 169.94304
43 81 165.00051
43 82 175.05589
43 83 129.19865
43 84 163.52762
43 85 181.90185
43 86 129.46848
43 87 192.03926
43 88 119.02114
43 89 145.01607
43 90 153.6154
43 91 150.99952
43 92 170.32185
43 93 148.56858
43 94 116.9322
43 95 123.06552
43 96 172.89518
43 97 157.02411
43 98 158.15212
43 99 205.39317
44 45 141.24899
44 46 177.55069
44 47 164.11823
44 48 122.73636
44 49 124.4657
44 50 185.4142
44 51 142.5934
44 52 175.41053
44 53 144.1247
44 54 137.37335
44 55 121.26225
44 56 193.45954
44 57 175.42919
44 58 165.60839
44 59 185.95865
44 60 177.66713
44 61 125.93649
44 62 162.94383
44 63 163.01021
44 64 130.33725
44 65 146.7655
44 66 180.91851
44 67 181.13849
44 68 147.83019
44 69 197.81557
44 70 170.76954
44 71 181.07556
44 72 161.52457
44 73 161.91269
44 74 123.94926
44 75 165.27767
44 76 127.20221
44 77 177.44611
44 78 186.7553
44 79 160.53113
44 80 149.48568
44 81 121.72786
44 82 136.89822
44 83 145.36508
44 84 138.62378
44 85 170.30909
44 86 117.59556
44 87 154.98585
44 88 141.08837
44 89 110.39144
44 90 160.78355
44 91 177.95253
44 92 127.90074
44 93 118.28026
44 94 138.66312
44 95 128.93507
44 96 137.87041
44 97 182.48488
44 98 148.91276
44 99 199.21823
45 46 151.07248
45 47 127.01671
45 48 139.46231
45 49 144.8666
45 50 154.86533
45 51 101.58676
45 52 144.82676
45 53 168.83815
45 54 131.21196
45 55 120.15228
45 56 162.11162
45 57 158.36852
45 58 166.31194
45 59 149.35477
45 60 168.23911
45 61 115.77302
45 62 145.67177
45 63 151.47576
45 64 122.76615
45 65 132.40748
45 66 164.22726
45 67 144.94781
45 68 172.61215
45 69 168.71115
45 70 129.72465
45 71 147.92052
45 72 173.16502
45 73 120.67447
45 74 149.22702
45 75 128.73931
45 76 149.93964
45 77 137.89447
45 78 158.83254
45 79 147.84458
45 80 140.78251
45 81 153.58256
45 82 155.67497
45 83 105.93343
45 84 137.49153
45 85 150.04688
45 86 138.42492
45 87 169.62761
45 88 113.08694
45 89 134.32987
45 90 123.62944
45 91 137.09326
45 92 156.54115
45 93 132.041
45 94 115.10414
45 95 141.97745
45 96 151.30941
45 97 141.31264
45 98 126.83777
45 99 173.76649
46 47 128.9524
46 48 186.75498
46 49 191.89209
46 50 110.79157
46 51 151.33936
46 52 109.41041
46 53 175.26324
46 54 182.18101
46 55 160.58787
46 56 117.94849
46 57 117.6495
46 58 145.30264
46 59 125.31433
46 60 132.62235
46 61 161.45569
46 62 118.57397
46 63 125.68357
46 64 147.34869
46 65 183.06949
46 66 120.69603
46 67 122.91965
46 68 177.4767
46 69 120.35706
46 70 151.9964
46 71 114.78693
46 72 162.07593
46 73 145.89053
46 74 167.67001
46 75 166.31247
46 76 165.51694
46 77 163.56276
46 78 109.26129
46 79 124.63552
46 80 132.62516
46 81 175.25476
46 82 163.11965
46 83 153.85951
46 84 142.85103
46 85 111.99278
46 86 183.96157
46 87 163.93427
46 88 163.84836
46 89 167.21603
46 90 130.88546
46 91 156.30457
46 92 173.42943
46 93 159.70589
46 94 166.15564
46 95 190.78414
46 96 156.58463
46 97 154.28676
46 98 128.92172
46 99 122.85062
47 48 166.30411
47 49 171.70111
47 50 129.40797
47 51 126.61651
47 52 120.45245
47 53 178.68531
47 54 157.42358
47 55 143.4459
47 56 135.90375
47 57 142.33344
47 58 161.54765
47 59 122.48926
47 60 155.9278
47 61 141.42094
47 62 133.30749
47 63 141.79632
47 64 136.13642
47 65 156.42579
47 66 147.32103
47 67 117.95754
47 68 181.91057
47 69 143.22545
47 70 124.06147
47 71 121.53631
47 72 174.24666
47 73 116.94225
47 74 163.70242
47 75 137.36635
47 76 162.95836
47 77 136.01331
47 78 134.63384
47 79 138.55973
47 80 138.0989
47 81 170.10155
47 82 164.93982
47 83 127.66727
47 84 142.39539
47 85 133.4943
47 86 164.83227
47 87 173.25537
47 88 138.08123
47 89 155.01746
47 90 103.45238
47 91 129.78051
47 92 170.84416
47 93 149.5553
47 94 140.93111
47 95 168.99373
47 96 158.87812
47 97 129.78115
47 98 122.61809
47 99 149.90436
48 49 105.40437
48 50 192.55429
48 51 140.15143
48 52 182.28699
48 53 166.83748
48 54 118.66116
48 55 126.612
48 56 200.23966
48 57 188.8713
48 58 184.70311
48 59 188.75306
48 60 194.07596
48 61 125.48042
48 62 175.66539
48 63 177.98573
48 64 141.57048
48 65 128.36478
48 66 194.71638
48 67 184.25944
48 68 170.56008
48 69 206.04338
48 70 164.80418
48 71 186.46287
48 72 183.02696
48 73 158.24649
48 74 146.21236
48 75 154.27633
48 76 149.23779
48 77 168.171
48 78 195.44449
48 79 174.91508
48 80 164.43988
48 81 144.45556
48 82 158.78454
48 83 140.75385
48 84 154.97262
48 85 182.16703
48 86 105.15196
48 87 176.83306
48 88 132.11198
48 89 128.31473
48 90 162.86781
48 91 170.96699
48 92 150.62526
48 93 135.11701
48 94 128.85746
48 95 106.24272
48 96 158.68483
48 97 176.47489
48 98 158.27438
48 99 209.49024
49 50 197.83131
49 51 145.55167
49 52 187.56085
49 53 168.38536
49 54 122.45205
49 55 131.50883
49 56 205.54356
49 57 193.58648
49 58 188.3257
49 59 194.15398
49 60 198.34001
49 61 130.77218
49 62 180.42655
49 63 182.44441
49 64 146.23461
49 65 131.8114
49 66 199.39992
49 67 189.65525
49 68 172.00843
49 69 211.27813
49 70 169.96399
49 71 191.80668
49 72 185.74044
49 73 163.5654
49 74 148.38732
49 75 158.96605
49 76 151.5763
49 77 172.9903
49 78 200.63487
49 79 179.45098
49 80 168.83522
49 81 145.81408
49 82 161.23846
49 83 146.10442
49 84 159.06047
49 85 187.05022
49 86 108.41175
49 87 179.33854
49 88 137.29367
49 89 131.52902
49 90 168.26339
49 91 176.01628
49 92 152.16909
49 93 138.80262
49 94 134.02153
49 95 106.71571
49 96 161.64902
49 97 181.58747
49 98 163.29462
49 99 214.58395
50 51 154.82886
50 52 110.27196
50 53 185.83554
50 54 186.00063
50 55 167.13264
50 56 108.06831
50 57 127.48808
50 58 155.91162
50 59 117.3438
50 60 142.14999
50 61 167.0739
50 62 129.21083
50 63 136.47296
50 64 155.08382
50 65 185.69173
50 66 129.24258
50 67 116.80323
50 68 188.12571
50 69 113.89684
50 70 149.63749
50 71 108.69033
50 72 172.83345
50 73 145.49624
50 74 177.32
50 75 165.4663
50 76 175.35174
50 77 160.43012
50 78 106.87635
50 79 135.37742
50 80 142.81763
50 81 184.80311
50 82 173.46875
50 83 156.61026
50 84 152.55292
50 85 122.77468
50 86 190.21346
50 87 174.72294
50 88 166.9572
50 89 175.23133
50 90 132.2175
50 91 152.65209
50 92 183.3474
50 93 168.04835
50 94 169.59693
50 95 196.08105
50 96 166.91385
50 97 149.59114
50 98 136.53778
50 99 121.1023
51 52 144.86507
51 53 170.41891
51 54 131.17241
51 55 121.57338
51 56 161.97612
51 57 159.07475
51 58 167.56624
51 59 148.8262
51 60 169.18333
51 61 116.95724
51 62 146.48571
51 63 152.46353
51 64 124.31155
51 65 131.8872
51 66 164.90987
51 67 144.48722
51 68 174.19078
51 69 168.7008
51 70 128.28074
51 71 147.72596
51 72 174.61137
51 73 119.39488
51 74 150.81067
51 75 127.17983
51 76 151.52637
51 77 136.3275
51 78 158.95127
51 79 148.82485
51 80 141.9834
51 81 155.14236
51 82 157.2434
51 83 104.43297
51 84 138.92564
51 85 150.67228
51 86 139.29198
51 87 171.12563
51 88 112.55684
51 89 135.81727
51 90 123.27665
51 91 135.61866
51 92 158.12271
51 93 133.61455
51 94 114.84882
51 95 142.45951
51 96 152.84984
51 97 139.91487
51 98 127.74341
51 99 173.9578
52 53 178.52694
52 54 176.021
52 55 156.89164
52 56 118.14543
52 57 126.22515
52 58 151.97189
52 59 117.49622
52 60 141.13887
52 61 156.80667
52 62 123.16246
52 63 131.54402
52 64 145.1273
52 65 176.07989
52 66 129.89466
52 67 114.21051
52 68 181.08744
52 69 123.92315
52 70 142.79006
52 71 107.42799
52 72 167.82174
52 73 137.22062
52 74 168.44539
52 75 157.57058
52 76 166.69921
52 77 154.25288
52 78 114.28761
52 79 129.57519
52 80 135.07763
52 81 175.7924
52 82 165.65199
52 83 146.87557
52 84 143.93057
52 85 118.82156
52 86 179.94426
52 87 168.84169
52 88 157.14044
52 89 165.30175
52 90 122.85753
52 91 146.9258
52 92 174.76096
52 93 158.27896
52 94 159.68868
52 95 185.8487
52 96 159.10427
52 97 144.88141
52 98 126.70191
52 99 129.54752
53 54 179.40524
53 55 152.9456
53 56 193.19167
53 57 163.51661
53 58 138.63053
53 59 194.69184
53 60 156.82424
53 61 159.60539
53 62 156.68937
53 63 150.68275
53 64 146.44581
53 65 187.8089
53 66 166.77236
53 67 190.17047
53 68 103.90889
53 69 193.80612
53 70 195.94381
53 71 185.87395
53 72 124.42519
53 73 185.71787
53 74 121.50003
53 75 197.49055
53 76 119.50286
53 77 206.01387
53 78 183.63316
53 79 150.81312
53 80 143.45653
53 81 122.59113
53 82 113.78932
53 83 174.66615
53 84 136.32443
53 85 163.80124
53 86 161.68674
53 87 117.40622
53 88 175.84228
53 89 140.8013
53 90 176.45065
53 91 203.4153
53 92 116.22998
53 93 138.21672
53 94 174.73002
53 95 173.0533
53 96 119.88127
53 97 205.96437
53 98 156.22084
53 99 190.45041
54 55 129.29677
54 56 193.09441
54 57 187.97037
54 58 189.95092
54 59 179.00363
54 60 195.91294
54 61 124.09485
54 62 174.81666
54 63 179.1106
54 64 143.52858
54 65 109.79684
54 66 193.90322
54 67 174.95775
54 68 183.2831
54 69 199.87288
54 70 150.2176
54 71 178.7926
54 72 191.81981
54 73 145.6773
54 74 157.93777
54 75 137.27734
54 76 160.35667
54 77 151.54371
54 78 190.04325
54 79 175.65643
54 80 166.47825
54 81 158.21231
54 82 169.13887
54 83 129.79298
54 84 159.20317
54 85 180.14924
54 86 122.05355
54 87 186.45851
54 88 119.42928
54 89 138.62784
54 90 154.20721
54 91 155.48217
54 92 163.71181
54 93 142.8626
54 94 116.4928
54 95 116.33536
54 96 167.3946
54 97 161.35327
54 98 156.01241
54 99 204.9392
55 56 175.02326
55 57 162.30161
55 58 160.81806
55 59 165.681
55 60 168.20737
55 61 106.6673
55 62 149.07374
55 63 151.778
55 64 115.21406
55 65 136.03837
55 66 168.16757
55 67 160.93357
55 68 156.84676
55 69 180.28737
55 70 149.85394
55 71 161.81388
55 72 162.77984
55 73 140.73864
55 74 131.83504
55 75 146.34657
55 76 133.44333
55 77 157.36044
55 78 169.47886
55 79 148.58019
55 80 138.45334
55 81 134.7613
55 82 141.1825
55 83 124.78275
55 84 130.12761
55 85 155.56399
55 86 123.40196
55 87 157.7536
55 88 123.13674
55 89 114.49369
55 90 140.04171
55 91 157.16943
55 92 138.73844
55 93 114.7605
55 94 121.79622
55 95 131.49126
55 96 138.59729
55 97 161.46471
55 98 131.8261
55 99 183.17051
56 57 132.76151
56 58 161.8215
56 59 119.0637
56 60 146.65424
56 61 174.77149
56 62 136.50844
56 63 143.18131
56 64 163.13512
56 65 192.32202
56 66 133.26284
56 67 120.51904
56 68 195.35971
56 69 108.42418
56 70 154.07448
56 71 114.36746
56 72 179.15371
56 73 151.13995
56 74 185.24356
56 75 170.54974
56 76 183.21542
56 77 164.152
56 78 110.18508
56 79 142.46193
56 80 150.49445
56 81 192.75632
56 82 181.0557
56 83 163.47962
56 84 160.44443
56 85 129.55824
56 86 198.0089
56 87 181.46858
56 88 173.88121
56 89 183.28936
56 90 138.95935
56 91 156.15272
56 92 191.18247
56 93 176.1166
56 94 176.62721
56 95 203.62542
56 96 174.51486
56 97 152.37473
56 98 144.59934
56 99 118.27977
57 58 129.17591
57 59 142.95261
57 60 114.98608
57 61 164.96894
57 62 113.26868
57 63 113.43704
57 64 147.35227
57 65 190.68816
57 66 105.93548
57 67 140.32347
57 68 165.10285
57 69 131.08911
57 70 166.36355
57 71 132.40703
57 72 146.80986
57 73 158.72388
57 74 160.57392
57 75 178.79358
57 76 157.78923
57 77 178.27024
57 78 122.58022
57 79 115.04559
57 80 126.05698
57 81 168.25578
57 82 153.0893
57 83 162.49751
57 84 137.19253
57 85 108.90229
57 86 185.25823
57 87 149.8748
57 88 171.44171
57 89 165.14292
57 90 143.2033
57 91 171.58163
57 92 165.07729
57 93 157.16646
57 94 173.14091
57 95 193.74558
57 96 146.94169
57 97 170.32835
57 98 131.97448
57 99 126.96279
58 59 169.46752
58 60 118.62425
58 61 165.93703
58 62 129.31311
58 63 120.5646
58 64 146.59358
58 65 195.49033
58 66 130.50731
58 67 165.91819
58 68 139.14212
58 69 160.12413
58 70 184.43306
58 71 159.13126
58 72 117.91597
58 73 174.97257
58 74 144.22701
58 75 192.70078
58 76 140.76876
58 77 196.21423
58 78 151.64393
58 79 123.24689
58 80 125.70987
58 81 150.97665
58 82 132.56938
58 83 171.85203
58 84 130.74778
58 85 133.48413
58 86 180.06804
58 87 122.35153
58 88 178.01778
58 89 156.8574
58 90 160.89406
58 91 190.97921
58 92 145.82728
58 93 149.59344
58 94 178.54673
58 95 190.56795
58 96 128.60178
58 97 191.32494
58 98 141.71281
58 99 154.60272
59 60 157.93377
59 61 163.90106
59 62 140.55164
59 63 149.02675
59 64 156.73767
59 65 176.86166
59 66 145.73291
59 67 104.85697
59 68 197.46218
59 69 127.48781
59 70 135.69986
59 71 110.55445
59 72 185.19818
59 73 134.4431
59 74 182.66479
59 75 152.63035
59 76 181.33778
59 77 145.24601
59 78 124.20158
59 79 146.94856
59 80 151.40704
59 81 189.64256
59 82 181.42563
59 83 149.29546
59 84 159.03662
59 85 136.20113
59 86 187.32123
59 87 185.94955
59 88 159.57807
59 89 176.45338
59 90 125.94073
59 91 137.19672
59 92 189.41011
59 93 170.30462
59 94 162.61346
59 95 191.28566
59 96 174.95867
59 97 133.31112
59 98 139.8718
59 99 137.00048
60 61 172.04938
60 62 123.30515
60 63 116.86967
60 64 153.01691
60 65 199.84298
60 66 113.46441
60 67 155.28399
60 68 157.60023
60 69 143.47861
60 70 179.95289
60 71 147.39142
60 72 136.28833
60 73 171.66458
60 74 159.04179
60 75 191.21126
60 76 155.80656
60 77 191.92268
60 78 136.6489
60 79 120.44414
60 80 129.75449
60 81 166.39216
60 82 148.98872
60 83 173.02354
60 84 139.38612
60 85 122.86001
60 86 189.92913
60 87 140.96208
60 88 181.03725
60 89 167.9052
60 90 156.32853
60 91 185.5748
60 92 162.02107
60 93 160.02415
60 94 182.29014
60 95 199.47406
60 96 143.8066
60 97 184.69555
60 98 141.44548
60 99 136.74943
61 62 151.7061
61 63 155.34111
61 64 119.43483
61 65 129.9545
61 66 170.8932
61 67 159.2847
61 68 163.50508
61 69 180.58061
61 70 144.88702
61 71 161.07234
61 72 168.86899
61 73 136.34487
61 74 138.49575
61 75 140.1024
61 76 140.10455
61 77 151.64368
61 78 170.03769
61 79 151.97032
61 80 142.46455
61 81 141.23525
61 82 147.72994
61 83 119.43724
61 84 135.20656
61 85 157.66476
61 86 123.46078
61 87 164.04905
61 88 116.53934
61 89 120.70679
61 90 137.96877
61 91 152.02472
61 92 145.36268
61 93 121.40202
61 94 115.12953
61 95 129.3426
61 96 144.90671
61 97 156.64792
61 98 133.44865
61 99 184.26381
62 63 108.78684
62 64 134.21952
62 65 177.81671
62 66 119.18729
62 67 136.75936
62 68 158.92167
62 69 137.81319
62 70 157.10142
62 71 130.54142
62 72 144.66339
62 73 148.49051
62 74 150.12232
62 75 167.90916
62 76 147.70438
62 77 169.06781
62 78 127.15463
62 79 106.4132
62 80 114.67664
62 81 157.80138
62 82 144.67081
62 83 150.13058
62 84 125.63242
62 85 107.72144
62 86 172.12604
62 87 145.8192
62 88 158.6788
62 89 152.58035
62 90 133.33351
62 91 163.08671
62 92 155.45231
62 93 144.673
62 94 160.23216
62 95 180.49398
62 96 138.16906
62 97 162.79492
62 98 118.94908
62 99 136.84339
63 64 136.56648
63 65 182.97444
63 66 118.20106
63 67 145.38142
63 68 152.53525
63 69 143.14678
63 70 165.35583
63 71 138.81377
63 72 136.47687
63 73 156.42816
63 74 147.18856
63 75 175.36475
63 76 144.3671
63 77 177.29017
63 78 133.26988
63 79 103.64774
63 80 113.66242
63 81 154.859
63 82 139.76504
63 83 156.39067
63 84 124.417
63 85 113.70413
63 86 174.04391
63 87 138.30214
63 88 164.20685
63 89 152.88297
63 90 141.57606
63 91 171.52971
63 92 151.64234
63 93 144.89263
63 94 165.42635
63 95 183.20664
63 96 133.54592
63 97 171.42476
63 98 124.80186
63 99 140.19797
64 65 148.93145
64 66 153.16916
64 67 151.88072
64 68 150.14369
64 69 167.53667
64 70 149.76806
64 71 151.01794
64 72 151.00054
64 73 139.61856
64 74 128.29185
64 75 151.48548
64 76 128.26185
64 77 159.57541
64 78 156.50553
64 79 133.39418
64 80 123.27372
64 81 134.1408
64 82 133.03899
64 83 128.69416
64 84 115.9996
64 85 141.0561
64 86 137.91163
64 87 147.04086
64 88 132.29598
64 89 120.17524
64 90 133.14604
64 91 157.28492
64 92 135.64227
64 93 113.57019
64 94 132.33826
64 95 146.65872
64 96 128.54504
64 97 160.32099
64 98 118.57814
64 99 169.41301
65 66 196.57207
65 67 173.18696
65 68 191.70893
65 69 199.57363
65 70 145.2496
65 71 177.95715
65 72 198.77865
65 73 142.57107
65 74 166.3114
65 75 130.36412
65 76 168.51016
65 77 144.63447
65 78 190.32767
65 79 179.40934
65 80 171.04635
65 81 167.14833
65 82 176.91922
65 83 129.2436
65 84 164.91033
65 85 182.44346
65 86 131.84889
65 87 193.78341
65 88 119.33907
65 89 147.05819
65 90 153.47969
65 91 149.57148
65 92 172.40927
65 93 150.40138
65 94 117.59209
65 95 125.35999
65 96 174.62942
65 97 155.63282
65 98 158.87058
65 99 205.48785
66 67 143.60456
66 68 168.0801
66 69 130.08545
66 70 171.23538
66 71 135.34048
66 72 148.41772
66 73 163.93233
66 74 165.28302
66 75 184.13301
66 76 162.37502
66 77 183.07079
66 78 123.37447
66 79 120.38796
66 80 131.44034
66 81 172.92531
66 82 157.08346
66 83 168.27809
66 84 142.47686
66 85 114.38821
66 86 191.05661
66 87 152.20669
66 88 177.30747
66 89 170.68139
66 90 148.41279
66 91 176.17467
66 92 169.43482
66 93 162.69126
66 94 179.03641
66 95 199.62818
66 96 151.14584
66 97 174.59983
66 98 137.902
66 99 124.12868
67 68 192.99436
67 69 128.7858
67 70 133.56021
67 71 108.51217
67 72 181.28136
67 73 131.10976
67 74 177.87591
67 75 150.08974
67 76 176.58607
67 77 143.87465
67 78 123.58517
67 79 143.10679
67 80 147.01341
67 81 184.82556
67 82 176.83299
67 83 145.17981
67 84 154.37327
67 85 133.01396
67 86 182.72901
67 87 181.79958
67 88 155.53269
67 89 171.60836
67 90 121.39186
67 91 135.98707
67 92 184.65287
67 93 165.44766
67 94 158.50877
67 95 186.9206
67 96 170.39097
67 97 132.78797
67 98 135.08638
67 99 137.56706
68 69 195.67636
68 70 199.52416
68 71 188.46843
68 72 123.66053
68 73 189.29151
68 74 125.39776
68 75 201.28851
68 76 123.40608
68 77 209.6851
68 78 185.67807
68 79 152.90306
68 80 146.09367
68 81 126.19535
68 82 117.25644
68 83 178.45461
68 84 139.51519
68 85 165.86304
68 86 165.4122
68 87 117.10481
68 88 179.72548
68 89 144.69044
68 90 179.74833
68 91 206.98061
68 92 119.93649
68 93 142.11231
68 94 178.62802
68 95 176.76526
68 96 123.03301
68 97 209.44056
68 98 159.37112
68 99 191.94841
69 70 162.33402
69 71 121.92356
69 72 177.87453
69 73 158.9916
69 74 187.72892
69 75 178.65098
69 76 185.43878
69 77 172.53673
69 78 111.09664
69 79 143.13823
69 80 152.38693
69 81 195.36166
69 82 182.35204
69 83 170.50691
69 84 162.96349
69 85 130.24428
69 86 203.53282
69 87 180.89519
69 88 180.85302
69 89 187.50709
69 90 146.09413
69 91 164.55261
69 92 193.24599
69 93 180.04499
69 94 183.48356
69 95 209.72176
69 96 175.90116
69 97 160.7987
69 98 148.99492
69 99 110.43165
70 71 140.9511
70 72 195.52379
70 73 110.23724
70 74 177.80208
70 75 117.21598
70 76 178.01173
70 77 111.97401
70 78 155.9413
70 79 161.96243
70 80 159.63445
70 81 182.80631
70 82 182.27181
70 83 125.47937
70 84 161.07828
70 85 157.54678
70 86 165.22019
70 87 193.50381
70 88 132.6925
70 89 164.03247
70 90 123.78656
70 91 107.52587
70 92 185.18047
70 93 161.14437
70 94 135.95025
70 95 165.32073
70 96 176.95213
70 97 111.82695
70 98 143.23209
70 99 170.73388
71 72 175.17711
71 73 137.07495
71 74 175.30421
71 75 156.88277
71 76 173.67526
71 77 151.76281
71 78 115.24451
71 79 136.95372
71 80 142.41748
71 81 182.55508
71 82 172.914
71 83 149.13148
71 84 150.98634
71 85 125.73929
71 86 184.45803
71 87 176.26364
71 88 159.53889
71 89 171.14253
71 90 124.6115
71 91 144.02195
71 92 181.75227
71 93 164.39624
71 94 162.31223
71 95 189.64181
71 96 166.37743
71 97 141.13512
71 98 132.97715
71 99 129.78312
72 73 185.54136
72 74 137.77634
72 75 201.27226
72 76 134.38261
72 77 206.85513
72 78 169.02694
72 79 138.25528
72 80 136.18516
72 81 142.69361
72 82 124.69422
72 83 179.0419
72 84 135.69365
72 85 150.08885
72 86 178.01359
72 87 107.24042
72 88 183.26608
72 89 154.80055
72 90 172.9544
72 91 202.54897
72 92 136.47806
72 93 149.07826
72 94 183.09447
72 95 189.2053
72 96 124.53876
72 97 203.72942
72 98 152.38624
72 99 172.51868
73 74 167.75098
73 75 120.4241
73 76 167.87861
73 77 121.35109
73 78 151.19446
73 79 152.93504
73 80 149.85135
73 81 172.93414
73 82 172.038
73 83 117.57962
73 84 150.88947
73 85 149.82367
73 86 158.02744
73 87 183.37544
73 88 126.68679
73 89 154.61465
73 90 115.52567
73 91 117.70097
73 92 175.1287
73 93 151.29106
73 94 129.94094
73 95 159.57858
73 96 166.71829
73 97 120.96269
73 98 133.44375
73 99 166.39265
74 75 177.42642
74 76 103.51033
74 77 187.03249
74 78 176.79188
74 79 145.76266
74 80 135.44569
74 81 107.69908
74 82 113.08379
74 83 154.84168
74 84 124.82183
74 85 157.83859
74 86 141.08302
74 87 131.08536
74 88 154.9356
74 89 119.31343
74 90 160.9504
74 91 185.32768
74 92 107.3787
74 93 117.40083
74 94 153.60785
74 95 152.45467
74 96 115.63398
74 97 188.56341
74 98 142.79309
74 99 186.75564
75 76 178.40051
75 77 114.32196
75 78 171.39705
75 79 171.76927
75 80 167.03985
75 81 181.06103
75 82 184.40776
75 83 122.84633
75 84 165.63586
75 85 169.89772
75 86 155.87862
75 87 198.10926
75 88 124.20048
75 89 160.76693
75 90 135.78313
75 91 119.6238
75 92 184.62478
75 93 160.04078
75 94 126.84452
75 95 153.41722
75 96 180.00931
75 97 125.7525
75 98 151.12009
75 99 186.50314
76 77 187.55668
76 78 174.57008
76 79 143.10618
76 80 133.05763
76 81 110.6145
76 82 109.70266
76 83 155.66776
76 84 122.81181
76 85 155.39811
76 86 144.1312
76 87 127.78401
76 88 156.38454
76 89 121.79538
76 90 160.32636
76 91 185.53309
76 92 108.08289
76 93 118.72908
76 94 155.23124
76 95 155.47372
76 96 112.2069
76 97 188.55625
76 98 141.53225
76 99 184.16196
77 78 166.94572
77 79 173.87622
77 80 171.19766
77 81 191.46529
77 82 192.49484
77 83 132.62253
77 84 171.95219
77 85 169.47578
77 86 169.44966
77 87 204.54072
77 88 136.98673
77 89 171.83152
77 90 135.74134
77 91 108.10276
77 92 194.37563
77 93 169.93106
77 94 139.95901
77 95 167.59449
77 96 187.4601
77 97 113.40539
77 98 154.78611
77 99 181.41423
78 79 132.82012
78 80 141.56648
78 81 184.40171
78 82 171.82296
78 83 161.10081
78 84 151.99157
78 85 119.83203
78 86 192.79707
78 87 171.48272
78 88 171.31499
78 89 176.43494
78 90 137.13649
78 91 159.25106
78 92 182.43336
78 93 168.95332
78 94 173.79754
78 95 199.29502
78 96 165.32357
78 97 156.34835
78 98 138.00063
78 99 115.27512
79 80 111.05561
79 81 153.46032
79 82 139.24687
79 83 152.74471
79 84 122.1533
79 85 112.98869
79 86 171.06552
79 87 139.46075
79 88 160.59947
79 89 150.30644
79 90 138.20688
79 91 168.22815
79 92 150.61975
79 93 142.31358
79 94 161.84933
79 95 180.05211
79 96 132.85136
79 97 168.27187
79 98 121.15429
79 99 141.06529
80 81 143.12558
80 82 130.68267
80 83 146.21918
80 84 111.16833
80 85 122.39439
80 86 160.4287
80 87 135.33079
80 88 152.88522
80 89 139.28789
80 90 136.77353
80 91 166.51533
80 92 140.87113
80 93 131.2932
80 94 153.71477
80 95 169.75595
80 96 124.12266
80 97 167.55081
80 98 116.41412
80 99 151.4178
81 82 118.68401
81 83 158.92917
81 84 132.41037
81 85 165.51996
81 86 139.32096
81 87 135.6371
81 88 157.76004
81 89 120.68279
81 90 167.21623
81 91 190.3092
81 92 106.50159
81 93 121.66194
81 94 156.05319
81 95 150.63397
81 96 122.6531
81 97 193.87126
81 98 149.81791
81 99 194.45359
82 83 161.5629
82 84 122.65588
82 85 152.11413
82 86 153.70277
82 87 118.10035
82 88 163.52936
82 89 130.93762
82 90 162.6738
82 91 189.72518
82 92 113.25859
82 93 126.53359
82 94 162.71258
82 95 165.00842
82 96 106.56005
82 97 192.20217
82 98 142.54586
82 99 179.96236
83 84 143.35401
83 85 153.95494
83 86 140.44818
83 87 175.55274
83 88 110.4142
83 89 139.22324
83 90 124.52112
83 91 132.58842
83 92 162.11653
83 93 137.5432
83 94 113.3293
83 95 142.43043
83 96 157.23886
83 97 137.27568
83 98 131.59875
83 99 176.24577
84 85 133.33777
84 86 150.66183
84 87 132.63611
84 88 148.10244
84 89 128.60893
84 90 140.27626
84 91 168.38179
84 92 130.84696
84 93 120.66771
84 94 148.29603
84 95 160.58596
84 96 116.48311
84 97 170.36821
84 98 119.89936
84 99 162.46999
85 86 178.8267
85 87 151.9928
85 88 163.13351
85 89 159.92398
85 90 134.30535
85 91 162.89772
85 92 163.11103
85 93 152.07614
85 94 164.96969
85 95 186.7779
85 96 145.65692
85 97 161.85717
85 98 124.25709
85 99 129.17209
86 87 171.76855
86 88 132.71632
86 89 123.42313
86 90 161.38053
86 91 171.69015
86 92 145.47661
86 93 130.49176
86 94 129.58078
86 95 111.38649
86 96 153.73654
86 97 176.99919
86 98 155.2272
86 99 206.57178
87 88 179.02916
87 89 148.794
87 90 171.65625
87 91 200.70324
87 92 129.3495
87 93 143.59591
87 94 178.62377
87 95 183.04572
87 96 119.15653
87 97 202.29516
87 98 150.87114
87 99 176.30146
88 89 137.16115
88 90 134.92739
88 91 138.98551
88 92 161.87517
88 93 137.66255
88 94 103.28523
88 95 132.94506
88 96 160.08823
88 97 144.38829
88 98 139.77438
88 99 186.3938
89 90 151.77464
89 91 171.42275
89 92 125.42276
89 93 107.9947
89 94 135.37898
89 95 134.44146
89 96 130.38076
89 97 175.50723
89 98 138.69576
89 99 188.82802
90 91 130.08781
90 92 168.14821
90 93 146.47272
90 94 137.71792
90 95 165.59833
90 96 156.72746
90 97 130.77742
90 98 120.79555
90 99 152.40424
91 92 192.70602
91 93 168.64789
91 94 142.17537
91 95 171.0618
91 96 184.35014
91 97 106.12873
91 98 150.17195
91 99 173.55386
92 93 124.59306
92 94 160.40879
92 95 156.83429
92 96 118.34935
92 97 195.93375
92 98 149.58581
92 99 191.67214
93 94 136.51726
93 95 141.04352
93 96 124.5686
93 97 172.24108
93 98 131.57732
93 99 181.07013
94 95 129.66659
94 96 159.56839
94 97 147.62305
94 98 141.28393
94 99 188.80351
95 96 164.82222
95 97 176.77713
95 98 162.67577
95 99 213.60273
96 97 186.5971
96 98 136.35851
96 99 173.7219
97 98 151.45114
97 99 170.16622
98 99 151.35474
