100 10
0 1 136.93581
0 2 142.2978
0 3 157.4809
0 4 141.94199
0 5 157.30581
0 6 105.78895
0 7 169.25154
0 8 131.97715
0 9 154.53817
0 10 181.84085
0 11 135.18428
0 12 117.87613
0 13 185.25359
0 14 157.109
0 15 115.89127
0 16 141.70937
0 17 127.27232
0 18 161.35826
0 19 166.93694
0 20 136.50593
0 21 133.25836
0 22 175.66539
0 23 147.40291
0 24 154.58627
0 25 127.69595
0 26 123.05405
0 27 116.90303
0 28 134.11619
0 29 165.42872
0 30 167.70647
0 31 142.80446
0 32 121.48865
0 33 154.16359
0 34 187.4031
0 35 126.47033
0 36 179.93954
0 37 134.84135
0 38 127.10564
0 39 115.60957
0 40 144.00795
0 41 119.87938
0 42 169.67585
0 43 154.66086
0 44 122.43235
0 45 188.73882
0 46 150.10744
0 47 157.38967
0 48 150.34545
0 49 180.44208
0 50 147.24656
0 51 144.44928
0 52 122.53915
0 53 121.76974
0 54 177.76585
0 55 111.08665
0 56 143.37012
0 57 155.03233
0 58 172.23643
0 59 155.69996
0 60 139.10941
0 61 137.52539
0 62 172.95737
0 63 151.70651
0 64 141.15415
0 65 171.43544
0 66 128.29577
0 67 126.42869
0 68 174.23963
0 69 129.6917
0 70 140.04108
0 71 134.80618
0 72 116.17304
0 73 141.0246
0 74 130.95392
0 75 118.32367
0 76 112.38901
0 77 145.75553
0 78 141.26035
0 79 168.39595
0 80 162.87147
0 81 152.80079
0 82 109.46632
0 83 136.40465
0 84 122.87051
0 85 165.8572
0 86 134.98365
0 87 154.14834
0 88 166.40483
0 89 156.92312
0 90 128.62083
0 91 143.08895
0 92 135.90474
0 93 168.00422
0 94 132.16627
0 95 155.84925
0 96 154.1683
0 97 125.45487
0 98 136.32987
0 99 183.48544
1 2 142.44013
1 3 150.75902
1 4 164.16848
1 5 125.32773
1 6 133.08956
1 7 138.23966
1 8 160.64968
1 9 142.03886
1 10 146.40961
1 11 127.73428
1 12 154.68383
1 13 177.33894
1 14 154.79528
1 15 128.94229
1 16 109.91438
1 17 118.87926
1 18 162.1256
1 19 139.86514
1 20 136.38101
1 21 131.30526
1 22 142.6981
1 23 133.22971
1 24 162.86408
1 25 116.88633
1 26 113.89225
1 27 141.87432
1 28 102.82006
1 29 149.35786
1 30 131.39365
1 31 153.95135
1 32 116.21152
1 33 117.37322
1 34 150.54898
1 35 163.37673
1 36 143.05065
1 37 166.70771
1 38 154.09855
1 39 140.74187
1 40 135.31288
1 41 142.44759
1 42 160.34776
1 43 162.39589
1 44 117.7167
1 45 180.97164
1 46 126.12319
1 47 121.76255
1 48 158.94201
1 49 143.61897
1 50 132.66363
1 51 144.5658
1 52 152.0899
1 53 145.9432
1 54 147.98352
1 55 134.37334
1 56 107.62117
1 57 134.12935
1 58 142.33045
1 59 121.61986
1 60 116.49442
1 61 160.25197
1 62 136.87531
1 63 139.96302
1 64 167.99376
1 65 134.89263
1 66 128.75759
1 67 111.03954
1 68 162.91553
1 69 129.05023
1 70 170.39039
1 71 118.61761
1 72 120.8312
1 73 176.59884
1 74 116.95407
1 75 125.28737
1 76 139.8863
1 77 108.85548
1 78 141.7207
1 79 133.65076
1 80 137.97447
1 81 115.91618
1 82 141.9492
1 83 127.79608
1 84 137.50776
1 85 139.81608
1 86 126.9018
1 87 117.98857
1 88 133.43101
1 89 120.14234
1 90 120.0041
1 91 128.02439
1 92 150.74199
1 93 148.066
1 94 141.5583
1 95 139.92277
1 96 121.1862
1 97 120.86835
1 98 139.27007
1 99 146.99211
2 3 115.54419
2 4 131.80313
2 5 167.06698
2 6 136.8894
2 7 146.53942
2 8 137.548
2 9 116.94821
2 10 165.08406
2 11 163.41148
2 12 154.35366
2 13 142.96293
2 14 115.03514
2 15 150.61653
2 16 136.59718
2 17 125.24393
2 18 120.80071
2 19 139.51076
2 20 169.5499
2 21 164.59935
2 22 154.50514
2 23 172.92173
2 24 120.76647
2 25 127.03529
2 26 138.84935
2 27 129.00776
2 28 141.32456
2 29 127.3555
2 30 157.20537
2 31 182.04148
2 32 134.51256
2 33 150.35174
2 34 176.78438
2 35 157.72691
2 36 174.02905
2 37 145.89979
2 38 132.42983
2 39 156.98914
2 40 110.31535
2 41 126.26472
2 42 127.694
2 43 120.19613
2 44 130.4495
2 45 146.46827
2 46 168.20165
2 47 148.00808
2 48 117.28733
2 49 175.31594
2 50 172.45901
2 51 178.62689
2 52 164.7875
2 53 163.51645
2 54 150.92639
2 55 131.24296
2 56 141.8748
2 57 125.82029
2 58 146.96977
2 59 162.51617
2 60 157.20543
2 61 130.01796
2 62 172.9036
2 63 114.8272
2 64 139.596
2 65 169.59587
2 66 116.39293
2 67 136.16009
2 68 132.56685
2 69 160.97056
2 70 145.99364
2 71 123.93608
2 72 139.30764
2 73 161.02597
2 74 153.06031
2 75 149.67498
2 76 132.20321
2 77 147.70102
2 78 101.04294
2 79 152.94549
2 80 134.32766
2 81 152.54657
2 82 137.16292
2 83 114.73711
2 84 161.20635
2 85 137.53717
2 86 115.53912
2 87 156.8696
2 88 147.93264
2 89 156.43204
2 90 123.49204
2 91 167.487
2 92 176.00201
2 93 132.53656
2 94 169.59784
2 95 120.88328
2 96 141.08672
2 97 124.45133
2 98 171.06569
2 99 170.61645
3 4 143.02625
3 5 173.2573
3 6 151.92773
3 7 141.8982
3 8 151.36379
3 9 110.3314
3 10 161.1288
3 11 175.04842
3 12 169.89442
3 13 128.33992
3 14 106.89129
3 15 164.4084
3 16 142.67681
3 17 136.83716
3 18 114.24016
3 19 133.34484
3 20 182.01804
3 21 176.89459
3 22 149.55031
3 23 183.30606
3 24 123.40967
3 25 138.23018
3 26 150.72265
3 27 144.54079
3 28 150.40476
3 29 115.16234
3 30 156.93956
3 31 195.82289
3 32 146.8341
3 33 153.87404
3 34 174.55026
3 35 173.05853
3 36 173.93135
3 37 159.66937
3 38 146.94764
3 39 171.74694
3 40 115.91839
3 41 141.758
3 42 112.20912
3 43 122.51753
3 44 142.84139
3 45 131.96331
3 46 176.83721
3 47 149.65755
3 48 122.56714
3 49 175.42664
3 50 182.78675
3 51 191.06647
3 52 180.01836
3 53 178.31589
3 54 143.33682
3 55 146.51479
3 56 147.95184
3 57 122.6073
3 58 140.81367
3 59 168.19452
3 60 166.83897
3 61 142.42682
3 62 175.15776
3 63 111.28536
3 64 151.65385
3 65 171.46969
3 66 130.06693
3 67 147.20539
3 68 117.02374
3 69 173.45299
3 70 158.85406
3 71 132.72792
3 72 152.56882
3 73 175.14247
3 74 164.14377
3 75 162.97474
3 76 147.73012
3 77 153.80798
3 78 116.5265
3 79 151.02437
3 80 128.61363
3 81 157.05671
3 82 152.69263
3 83 124.60336
3 84 175.18194
3 85 131.19882
3 86 125.97945
3 87 161.82573
3 88 145.31419
3 89 160.29045
3 90 134.89678
3 91 177.90339
3 92 190.12976
3 93 121.79634
3 94 183.12879
3 95 114.82625
3 96 142.52046
3 97 136.81807
3 98 183.88998
3 99 167.90761
4 5 189.2889
4 6 139.72752
4 7 178.029
4 8 113.56143
4 9 148.3206
4 10 196.08141
4 11 175.14499
4 12 142.53323
4 13 162.04398
4 14 137.73718
4 15 156.92036
4 16 162.16812
4 17 145.50482
4 18 136.15052
4 19 171.28963
4 20 178.02746
4 21 174.22219
4 22 185.95912
4 23 186.88476
4 24 123.77834
4 25 147.44003
4 26 154.26739
4 27 125.86196
4 28 162.00951
4 29 157.63802
4 30 186.50755
4 31 184.15629
4 32 149.93526
4 33 177.0271
4 34 206.75729
4 35 140.23503
4 36 202.63794
4 37 119.77491
4 38 115.21044
4 39 156.76913
4 40 141.64291
4 41 123.66785
4 42 152.54675
4 43 124.48579
4 44 146.99323
4 45 164.63965
4 46 186.30019
4 47 176.44378
4 48 121.79209
4 49 203.72558
4 50 186.5986
4 51 186.28695
4 52 159.21217
4 53 161.95364
4 54 182.72952
4 55 134.2963
4 56 166.71025
4 57 157.49904
4 58 178.705
4 59 185.78603
4 60 174.49422
4 61 104.44227
4 62 199.50563
4 63 146.49941
4 64 108.91611
4 65 196.70212
4 66 136.33282
4 67 154.19895
4 68 157.78681
4 69 170.46808
4 70 116.79406
4 71 149.03742
4 72 150.4345
4 73 134.94552
4 74 167.67831
4 75 158.18867
4 76 130.08029
4 77 171.79399
4 78 131.51464
4 79 183.33168
4 80 166.10908
4 81 178.03124
4 82 132.5725
4 83 141.88543
4 84 164.80165
4 85 169.33224
4 86 141.68528
4 87 181.49022
4 88 178.773
4 89 182.31181
4 90 144.79349
4 91 181.89825
4 92 176.9951
4 93 163.59663
4 94 174.09368
4 95 152.57484
4 96 170.15393
4 97 143.35481
4 98 178.14789
4 99 200.96489
5 6 154.99036
5 7 146.85517
5 8 184.81486
5 9 163.52525
5 10 144.13002
5 11 130.12397
5 12 173.66105
5 13 197.56895
5 14 178.17777
5 15 144.18888
5 16 130.81314
5 17 144.20389
5 18 185.81073
5 19 152.69032
5 20 137.91737
5 21 134.97814
5 22 147.04923
5 23 125.00456
5 24 187.73609
5 25 142.20833
5 26 136.04502
5 27 165.91482
5 28 127.29917
5 29 168.28267
5 30 129.85659
5 31 155.85395
5 32 139.85572
5 33 121.21199
5 34 140.21799
5 35 183.13266
5 36 129.98702
5 37 190.17269
5 38 178.40349
5 39 155.01925
5 40 158.87574
5 41 166.90596
5 42 181.15013
5 43 187.21762
5 44 142.36149
5 45 201.06771
5 46 112.98183
5 47 127.83467
5 48 183.93484
5 49 129.53189
5 50 124.44233
5 51 142.11399
5 52 165.63171
5 53 158.00463
5 54 156.06741
5 55 157.78003
5 56 125.46036
5 57 153.00747
5 58 151.42569
5 59 105.40194
5 60 118.86186
5 61 185.27529
5 62 119.36262
5 63 162.00478
5 64 192.63473
5 65 120.23764
5 66 154.07537
5 67 135.18775
5 68 182.6849
5 69 135.52688
5 70 194.35342
5 71 143.17117
5 72 141.88094
5 73 198.30488
5 74 127.04844
5 75 140.51091
5 76 163.25917
5 77 119.55154
5 78 166.4333
5 79 136.72728
5 80 153.18382
5 81 117.03351
5 82 164.32439
5 83 152.33367
5 84 147.85771
5 85 153.62308
5 86 151.63476
5 87 112.18706
5 88 140.36154
5 89 115.61848
5 90 145.31302
5 91 123.19192
5 92 155.94649
5 93 164.96176
5 94 146.80523
5 95 160.28666
5 96 133.34671
5 97 146.14801
5 98 141.36058
5 99 140.19245
6 7 163.9043
6 8 131.31374
6 9 148.77823
6 10 177.03142
6 11 135.66371
6 12 122.78869
6 13 179.84543
6 14 151.80634
6 15 117.22588
6 16 136.93995
6 17 121.74247
6 18 156.35559
6 19 161.34402
6 20 138.3481
6 21 134.50135
6 22 170.47675
6 23 147.67391
6 24 150.25503
6 25 122.31793
6 26 119.48059
6 27 113.89301
6 28 130.30003
6 29 159.65153
6 30 163.23047
6 31 146.71709
6 32 117.06501
6 33 150.01464
6 34 183.19241
6 35 130.61795
6 36 176.11178
6 37 135.4922
6 38 125.65814
6 39 120.25856
6 40 138.25434
6 41 116.46116
6 42 164.10283
6 43 150.26404
6 44 117.33454
6 45 183.3576
6 46 148.96104
6 47 152.7937
6 48 145.9585
6 49 176.70559
6 50 147.44551
6 51 146.79741
6 52 128.176
6 53 126.70334
6 54 172.27275
6 55 106.19863
6 56 139.04608
6 57 149.29835
6 58 166.78147
6 59 152.9069
6 60 137.50166
6 61 135.28741
6 62 169.68048
6 63 145.94616
6 64 140.15611
6 65 167.92003
6 66 122.5378
6 67 122.20764
6 68 168.61015
6 69 130.75977
6 70 140.18632
6 71 129.25348
6 72 113.11139
6 73 143.66645
6 74 129.68482
6 75 118.5641
6 76 109.70432
6 77 141.94307
6 78 135.84776
6 79 163.51886
6 80 157.20948
6 81 149.00157
6 82 109.35343
6 83 130.61585
6 84 126.12419
6 85 160.22331
6 86 129.19595
6 87 150.75678
6 88 161.28204
6 89 153.2261
6 90 123.001
6 91 142.97226
6 92 140.09115
6 93 162.21907
6 94 135.2962
6 95 150.06069
6 96 149.18938
6 97 119.82617
6 98 138.66995
6 99 179.02198
7 8 181.08037
7 9 132.26151
7 10 119.23298
7 11 165.15783
7 12 186.64457
7 13 157.08924
7 14 148.70534
7 15 166.01985
7 16 129.28057
7 17 142.2488
7 18 156.08149
7 19 108.96256
7 20 174.07145
7 21 169.17862
7 22 107.96865
7 23 167.38636
7 24 164.19958
7 25 141.58987
7 26 149.18307
7 27 165.84859
7 28 140.28886
7 29 129.47736
7 30 119.34253
7 31 192.05163
7 32 148.5919
7 33 126.46356
7 34 133.02304
7 35 193.63299
7 36 134.46493
7 37 189.00025
7 38 174.84787
7 39 177.35616
7 40 136.41015
7 41 164.60895
7 42 143.66122
7 43 163.37093
7 44 146.86347
7 45 160.10187
7 46 156.56943
7 47 119.46482
7 48 162.10189
7 49 136.13678
7 50 166.7658
7 51 181.6144
7 52 188.42232
7 53 183.15917
7 54 109.85787
7 55 161.87466
7 56 130.77311
7 57 120.79182
7 58 104.58271
7 59 141.59952
7 60 152.08015
7 61 175.65985
7 62 139.4038
7 63 132.95698
7 64 185.14608
7 65 135.46522
7 66 145.83511
7 67 144.67381
7 68 142.86449
7 69 167.19896
7 70 190.52294
7 71 134.90212
7 72 155.37527
7 73 202.52145
7 74 154.99401
7 75 162.68848
7 76 166.31827
7 77 133.45795
7 78 146.66936
7 79 111.63911
7 80 113.285
7 81 130.89569
7 82 170.32242
7 83 137.69114
7 84 175.45745
7 85 111.00662
7 86 138.48759
7 87 135.13236
7 88 106.54381
7 89 131.25004
7 90 141.24999
7 91 163.08919
7 92 188.97958
7 93 123.39888
7 94 179.78413
7 95 127.46055
7 96 117.07096
7 97 144.3679
7 98 177.15023
7 99 126.25117
8 9 154.46073
8 10 197.91998
8 11 166.8123
8 12 129.37315
8 13 173.51686
8 14 147.21958
8 15 147.7534
8 16 160.77468
8 17 143.28951
8 18 147.26758
8 19 175.44728
8 20 168.46645
8 21 165.19174
8 22 188.78656
8 23 178.92063
8 24 135.75819
8 25 144.9927
8 26 148.8149
8 27 118.90124
8 28 158.15515
8 29 164.82695
8 30 186.63528
8 31 172.61348
8 32 144.99025
8 33 175.51461
8 34 207.13426
8 35 126.68084
8 36 201.8066
8 37 108.35777
8 38 106.6193
8 39 145.56967
8 40 145.87927
8 41 118.26546
8 42 162.18983
8 43 136.32537
8 44 142.933
8 45 176.36216
8 46 180.01469
8 47 176.17274
8 48 132.86378
8 49 202.70968
8 50 178.71028
8 51 176.20744
8 52 146.62627
8 53 150.16241
8 54 187.09283
8 55 127.19115
8 56 164.61822
8 57 161.54517
8 58 182.48781
8 59 181.97181
8 60 168.35915
8 61 110.66979
8 62 197.25769
8 63 152.1704
8 64 109.27815
8 65 194.86321
8 66 135.94965
8 67 149.86548
8 68 167.44537
8 69 161.56724
8 70 109.84907
8 71 148.58309
8 72 143.68126
8 73 123.79654
8 74 160.82691
8 75 149.69931
8 76 121.91137
8 77 169.01587
8 78 136.92325
8 79 184.62064
8 80 170.38333
8 81 175.74775
8 82 122.61685
8 83 143.45149
8 84 154.28754
8 85 173.67672
8 86 142.79862
8 87 178.57115
8 88 180.7298
8 89 180.10056
8 90 143.15631
8 91 174.28087
8 92 165.35053
8 93 170.05997
8 94 163.46165
8 95 158.09411
8 96 170.62177
8 97 140.91623
8 98 168.14284
8 99 201.85807
9 10 151.45363
9 11 167.67196
9 12 168.87275
9 13 135.36329
9 14 116.72878
9 15 159.08295
9 16 133.33021
9 17 130.59482
9 18 124.42948
9 19 124.12812
9 20 175.17269
9 21 169.97277
9 22 140.09366
9 23 175.08432
9 24 131.98005
9 25 131.61146
9 26 144.01148
9 27 144.08166
9 28 142.03884
9 29 111.07648
9 30 146.64068
9 31 190.0941
9 32 140.60934
9 33 143.74987
9 34 164.5424
9 35 173.32941
9 36 163.65122
9 37 162.80269
9 38 149.15937
9 39 167.6496
9 40 110.53815
9 41 141.72456
9 42 118.32809
9 43 131.13961
9 44 136.85285
9 45 139.01317
9 46 167.86456
9 47 139.36038
9 48 130.14843
9 49 165.13455
9 50 174.53961
9 51 184.11057
9 52 176.86652
9 53 174.20775
9 54 134.95419
9 55 144.10889
9 56 138.4786
9 57 112.32077
9 58 131.71194
9 59 158.37322
9 60 158.41997
9 61 146.84811
9 62 164.84606
9 63 102.83214
9 64 156.39754
9 65 161.14714
9 66 126.24257
9 67 140.04448
9 68 121.39747
9 69 166.72516
9 70 162.92983
9 71 125.07011
9 72 146.9725
9 73 177.80657
9 74 156.57025
9 75 157.15552
9 76 146.47457
9 77 144.2432
9 78 117.53767
9 79 140.86864
9 80 119.10764
9 81 147.07481
9 82 151.35626
9 83 118.68604
9 84 169.89845
9 85 122.01286
9 86 120.17412
9 87 151.8939
9 88 135.23105
9 89 150.17521
9 90 128.66825
9 91 169.75164
9 92 184.87069
9 93 115.59926
9 94 177.24462
9 95 104.80128
9 96 132.23892
9 97 131.17288
9 98 177.32215
9 99 157.96826
10 11 169.5138
10 12 199.68335
10 13 174.446
10 14 167.93816
10 15 175.33756
10 16 140.13437
10 17 156.40274
10 18 175.29982
10 19 127.94164
10 20 178.40155
10 21 174.12296
10 22 111.81599
10 23 168.29627
10 24 183.32896
10 25 155.25502
10 26 159.64118
10 27 181.38354
10 28 149.05322
10 29 148.29596
10 30 115.61137
10 31 196.90471
10 32 160.37409
10 33 129.73508
10 34 114.85424
10 35 207.55506
10 36 120.30395
10 37 205.52332
10 38 191.47976
10 39 187.15047
10 40 154.80344
10 41 180.59385
10 42 162.28542
10 43 182.5103
10 44 159.71768
10 45 177.16612
10 46 156.34906
10 47 124.70925
10 48 181.10137
10 49 121.97309
10 50 167.69088
10 51 184.5399
10 52 198.49951
10 53 192.23093
10 54 121.17099
10 55 176.17167
10 56 139.0395
10 57 139.69706
10 58 120.94069
10 59 139.93249
10 60 155.861
10 61 193.41135
10 62 129.47277
10 63 152.02157
10 64 202.7465
10 65 126.16671
10 66 162.02547
10 67 155.62728
10 68 160.91728
10 69 173.04832
10 70 207.58914
10 71 149.80557
10 72 166.46274
10 73 218.17976
10 74 161.15044
10 75 171.63932
10 76 181.12574
10 77 138.78678
10 78 165.11443
10 79 113.57007
10 80 132.51539
10 81 133.10839
10 82 184.58431
10 83 154.64789
10 84 183.31451
10 85 130.06618
10 86 155.17289
10 87 135.30777
10 88 117.3171
10 89 130.87876
10 90 155.87608
10 91 165.13987
10 92 195.19442
10 93 141.83484
10 94 185.72239
10 95 146.65692
10 96 127.98674
10 97 158.74006
10 98 181.76586
10 99 108.23636
11 12 148.01619
11 13 202.87434
11 14 177.70929
11 15 119.34002
11 16 137.63355
11 17 138.43426
11 18 184.19339
11 19 167.52903
11 20 108.97838
11 21 104.87357
11 22 168.48488
11 23 112.23445
11 24 181.63703
11 25 136.88175
11 26 124.58145
11 27 149.33102
11 28 126.57783
11 29 176.18421
11 30 153.92226
11 31 127.41275
11 32 128.914
11 33 140.28073
11 34 169.03366
11 35 157.71696
11 36 159.29929
11 37 170.01694
11 38 161.31905
11 39 127.17644
11 40 159.13215
11 41 151.50662
11 42 185.8506
11 43 181.40541
11 44 132.96705
11 45 206.53623
11 46 118.40939
11 47 146.70431
11 48 177.34669
11 49 159.09981
11 50 112.11596
11 51 116.84868
11 52 136.61348
11 53 128.71636
11 54 175.00991
11 55 140.84929
11 56 134.61663
11 57 161.37488
11 58 169.46551
11 59 131.62916
11 60 113.65589
11 61 170.72921
11 62 149.2986
11 63 165.23826
11 64 175.78409
11 65 149.52103
11 66 147.1634
11 67 127.84377
11 68 189.02678
11 69 106.20496
11 70 175.2055
11 71 142.63005
11 72 125.36013
11 73 174.59801
11 74 111.16727
11 75 117.1224
11 76 145.35063
11 77 131.89192
11 78 162.47354
11 79 158.50257
11 80 165.70088
11 81 136.47662
11 82 144.24615
11 83 150.49019
11 84 118.55616
11 85 167.53797
11 86 149.17204
11 87 134.43771
11 88 159.6826
11 89 138.76896
11 90 140.32636
11 91 108.62316
11 92 126.14901
11 93 175.51078
11 94 116.79275
11 95 166.36733
11 96 148.20275
11 97 138.9696
11 98 112.2647
11 99 167.63281
12 13 196.22419
12 14 168.06017
12 15 129.72184
12 16 159.54941
12 17 144.4083
12 18 170.6994
12 19 183.75558
12 20 146.33111
12 21 144.74254
12 22 193.26478
12 23 159.95894
12 24 161.3945
12 25 145.08521
12 26 140.79422
12 27 125.36255
12 28 151.86516
12 29 179.94584
12 30 185.57938
12 31 145.46472
12 32 139.36069
12 33 171.97817
12 34 205.21184
12 35 109.70511
12 36 197.57179
12 37 127.59538
12 38 128.03964
12 39 121.38405
12 40 158.45556
12 41 128.24429
12 42 181.98637
12 43 161.7196
12 44 140.09043
12 45 199.49571
12 46 165.01737
12 47 175.26411
12 48 157.59822
12 49 198.0163
12 50 159.94888
12 51 152.27928
12 52 117.99244
12 53 123.48277
12 54 194.85984
12 55 125.34323
12 56 161.23411
12 57 171.18751
12 58 189.42548
12 59 172.58794
12 60 154.94626
12 61 138.76047
12 62 190.19844
12 63 166.0951
12 64 138.04062
12 65 188.87449
12 66 143.28781
12 67 144.29736
12 68 186.91813
12 69 141.87809
12 70 133.54706
12 71 151.85135
12 72 133.85325
12 73 127.02343
12 74 146.67703
12 75 133.22609
12 76 122.40953
12 77 163.45636
12 78 153.38557
12 79 186.21175
12 80 179.42295
12 81 170.47318
12 82 117.51993
12 83 151.91775
12 84 130.96343
12 85 182.52351
12 86 150.61683
12 87 171.56149
12 88 184.06744
12 89 174.5268
12 90 145.52476
12 91 156.55317
12 92 138.20794
12 93 183.34405
12 94 138.93031
12 95 170.919
12 96 171.93
12 97 142.36253
12 98 144.89285
12 99 201.35496
13 14 128.27963
13 15 192.74752
13 16 168.32335
13 17 165.00858
13 18 126.25721
13 19 148.39306
13 20 210.11621
13 21 204.9551
13 22 162.88876
13 23 210.4433
13 24 138.26762
13 25 166.29676
13 26 178.81101
13 27 171.0574
13 28 177.40023
13 29 129.39111
13 30 175.69437
13 31 224.16113
13 32 175.05314
13 33 176.80549
13 34 189.21212
13 35 198.04329
13 36 191.55196
13 37 181.25272
13 38 170.63824
13 39 199.87054
13 40 143.96951
13 41 168.05275
13 42 117.04834
13 43 137.56174
13 44 171.09684
13 45 103.662
13 46 202.94966
13 47 171.18924
13 48 140.67513
13 49 193.21865
13 50 209.8966
13 51 219.12821
13 52 207.71222
13 53 206.42005
13 54 153.41588
13 55 174.18419
13 56 173.27195
13 57 144.5685
13 58 153.94198
13 59 192.25006
13 60 193.76366
13 61 163.17437
13 62 195.52318
13 63 137.66687
13 64 170.8948
13 65 191.6084
13 66 158.36485
13 67 175.08912
13 68 114.91063
13 69 201.58411
13 70 178.83757
13 71 160.25642
13 72 180.89643
13 73 196.78918
13 74 191.82863
13 75 191.29317
13 76 174.71791
13 77 178.83552
13 78 144.00297
13 79 168.40907
13 80 145.77714
13 81 180.64554
13 82 179.61386
13 83 152.74391
13 84 203.51597
13 85 146.65026
13 86 154.16358
13 87 185.5411
13 88 162.62357
13 89 183.11114
13 90 163.0598
13 91 205.11472
13 92 218.45513
13 93 133.99324
13 94 211.45418
13 95 137.60743
13 96 164.61873
13 97 165.10689
13 98 212.08608
13 99 182.41653
14 15 165.602
14 16 147.38741
14 17 139.2774
14 18 107.82523
14 19 140.2092
14 20 184.19805
14 21 179.17349
14 22 156.39811
14 23 186.63723
14 24 116.74409
14 25 140.88764
14 26 153.15015
14 27 142.81166
14 28 154.14024
14 29 121.79821
14 30 163.29838
14 31 197.04587
14 32 148.98168
14 33 159.42704
14 34 181.23393
14 35 170.36271
14 36 180.32903
14 37 155.38609
14 38 143.43355
14 39 171.97219
14 40 119.49361
14 41 139.83594
14 42 114.98425
14 43 115.84223
14 44 144.91789
14 45 131.68662
14 46 180.90842
14 47 155.60808
14 48 116.44549
14 49 181.79512
14 50 186.14351
14 51 193.27894
14 52 179.50178
14 53 178.48184
14 54 150.21719
14 55 146.02341
14 56 152.72962
14 57 129.03276
14 58 147.69398
14 59 173.24813
14 60 170.45266
14 61 137.65678
14 62 181.12089
14 63 117.0277
14 64 146.54878
14 65 177.49877
14 66 131.21239
14 67 150.03706
14 68 120.24836
14 69 175.60698
14 70 154.03922
14 71 136.30467
14 72 154.14418
14 73 170.98271
14 74 167.06201
14 75 164.54953
14 76 146.43835
14 77 158.63366
14 78 116.07324
14 79 157.59665
14 80 135.42879
14 81 162.37582
14 82 151.33759
14 83 127.46932
14 84 176.22489
14 85 138.06339
14 86 128.67373
14 87 167.05351
14 88 151.94303
14 89 165.80411
14 90 137.39945
14 91 181.2032
14 92 191.03519
14 93 128.54922
14 94 184.55305
14 95 121.42429
14 96 148.44629
14 97 138.84758
14 98 185.83701
14 99 174.62613
15 16 136.77109
15 17 128.57366
15 18 171.09966
15 19 165.78942
15 20 121.12246
15 21 117.45011
15 22 171.25109
15 23 131.57391
15 24 166.42134
15 25 127.86026
15 26 116.96053
15 27 131.11678
15 28 126.3752
15 29 169.1396
15 30 160.16196
15 31 131.45994
15 32 118.88857
15 33 145.93133
15 34 178.45706
15 35 139.36186
15 36 169.91063
15 37 150.68987
15 38 142.54825
15 39 111.84584
15 40 149.12911
15 41 133.64843
15 42 176.19177
15 43 166.33532
15 44 122.30824
15 45 196.36409
15 46 135.33882
15 47 150.70343
15 48 162.08823
15 49 170.13926
15 50 131.4415
15 51 129.64747
15 52 123.20101
15 53 117.15369
15 54 175.40666
15 55 123.08016
15 56 136.44839
15 57 156.16592
15 58 169.70829
15 59 143.60846
15 60 125.35391
15 61 152.47821
15 62 161.5734
15 63 156.34407
15 64 156.84964
15 65 160.69631
15 66 134.46701
15 67 121.5593
15 68 180.15891
15 69 113.8183
15 70 155.93166
15 71 135.21174
15 72 112.13385
15 73 155.65905
15 74 117.14586
15 75 103.84247
15 76 126.84211
15 77 136.87915
15 78 149.59322
15 79 162.54704
15 80 162.63202
15 81 143.4842
15 82 125.13684
15 83 140.46534
15 84 110.82294
15 85 165.18391
15 86 138.9862
15 87 143.58869
15 88 161.88145
15 89 147.11919
15 90 130.46335
15 91 127.46254
15 92 125.80751
15 93 170.19782
15 94 119.02275
15 95 159.11198
15 96 149.38536
15 97 127.92828
15 98 121.55719
15 99 175.51602
16 17 117.51101
16 18 154.99949
16 19 130.11284
16 20 146.21861
16 21 141.10192
16 22 134.61636
16 23 142.80686
16 24 157.36146
16 25 115.93631
16 26 120.08232
16 27 142.78093
16 28 111.32633
16 29 139.8454
16 30 126.50613
16 31 163.55774
16 32 120.26964
16 33 114.88401
16 34 146.84662
16 35 167.52972
16 36 141.03243
16 37 167.64981
16 38 154.15826
16 39 148.23704
16 40 128.066
16 41 142.62385
16 42 151.46366
16 43 156.79163
16 44 119.70423
16 45 171.92519
16 46 134.62641
16 47 115.95466
16 48 153.74401
16 49 141.95626
16 50 142.22435
16 51 154.47279
16 52 159.42416
16 53 153.92283
16 54 138.81278
16 55 136.56655
16 56 105.35426
16 57 124.46152
16 58 133.11545
16 59 126.01907
16 60 126.13021
16 61 158.63364
16 62 137.37724
16 63 131.53653
16 64 167.15644
16 65 134.53754
16 66 125.83605
16 67 115.73707
16 68 153.69956
16 69 138.67905
16 70 170.6237
16 71 113.31314
16 72 126.62295
16 73 179.07924
16 74 126.74491
16 75 133.40861
16 76 141.79833
16 77 111.26259
16 78 136.04812
16 79 126.70084
16 80 128.06738
16 81 116.14759
16 82 144.8327
16 83 122.01599
16 84 146.21572
16 85 129.97191
16 86 121.56657
16 87 120.28473
16 88 125.23084
16 89 120.28528
16 90 117.67045
16 91 137.71755
16 92 160.00752
16 93 138.23721
16 94 150.99589
16 95 130.72614
16 96 112.72602
16 97 119.90437
16 98 149.04087
16 99 142.24064
17 18 145.89504
17 19 139.67171
17 20 145.18229
17 21 140.07055
17 22 149.04033
17 23 147.6778
17 24 144.80816
17 25 102.00039
17 26 113.91606
17 27 125.33773
17 28 117.06164
17 29 140.57299
17 30 143.76474
17 31 159.50913
17 32 110.06457
17 33 132.23235
17 34 164.22166
17 35 151.51059
17 36 158.52667
17 37 150.14825
17 38 136.67055
17 39 137.96085
17 40 121.03992
17 41 125.11333
17 42 148.15376
17 43 144.42524
17 44 106.27095
17 45 168.6615
17 46 143.45463
17 47 133.20198
17 48 140.71792
17 49 159.42026
17 50 147.21576
17 51 154.23668
17 52 148.12408
17 53 144.39433
17 54 150.53053
17 55 119.83198
17 56 121.43838
17 57 128.25947
17 58 145.04428
17 59 140.39451
17 60 132.14094
17 61 141.72641
17 62 154.26389
17 63 127.90462
17 64 149.91536
17 65 151.69214
17 66 109.98474
17 67 110.91784
17 68 151.84977
17 69 136.616
17 70 153.13767
17 71 107.53542
17 72 116.4398
17 73 161.90667
17 74 127.85638
17 75 126.5616
17 76 124.72766
17 77 126.30081
17 78 124.36774
17 79 142.83648
17 80 135.70745
17 81 132.7089
17 82 128.29046
17 83 112.26485
17 84 139.36045
17 85 138.633
17 86 110.85961
17 87 135.99617
17 88 140.01424
17 89 137.03999
17 90 101.94988
17 91 142.24328
17 92 154.30986
17 93 141.93858
17 94 146.67543
17 95 130.55647
17 96 128.43074
17 97 102.40045
17 98 147.07954
17 99 159.33658
18 19 147.43214
18 20 190.33082
18 21 185.39519
18 22 163.66234
18 23 193.5097
18 24 112.72893
18 25 147.61016
18 26 159.61817
18 27 145.98142
18 28 161.33375
18 29 128.08572
18 30 171.05818
18 31 202.4015
18 32 155.3078
18 33 167.22595
18 34 188.78906
18 35 171.97992
18 36 188.07754
18 37 155.06678
18 38 144.46395
18 39 176.61396
18 40 126.96931
18 41 142.88141
18 42 117.75743
18 43 111.89763
18 44 151.24228
18 45 129.2023
18 46 188.18897
18 47 163.43256
18 48 114.48223
18 49 189.55467
18 50 193.03209
18 51 199.40401
18 52 183.40093
18 53 183.02446
18 54 156.98569
18 55 150.33725
18 56 160.35072
18 57 136.75025
18 58 154.81875
18 59 180.92704
18 60 177.52555
18 61 136.99313
18 62 188.9459
18 63 124.84644
18 64 145.0616
18 65 185.32128
18 66 137.17388
18 67 156.77379
18 68 122.65674
18 69 181.75706
18 70 152.9046
18 71 143.5387
18 72 160.02745
18 73 170.64313
18 74 173.75124
18 75 170.34531
18 76 149.97555
18 77 166.25929
18 78 121.76511
18 79 165.24895
18 80 142.79983
18 81 170.13122
18 82 154.71669
18 83 134.50145
18 84 181.53126
18 85 145.28954
18 86 135.59977
18 87 174.78449
18 88 159.55105
18 89 173.59445
18 90 144.07847
18 91 188.07094
18 92 196.15242
18 93 134.95594
18 94 190.12022
18 95 129.0423
18 96 156.27095
18 97 145.22388
18 98 191.79549
18 99 182.13979
19 20 176.24351
19 21 171.16695
19 22 116.23203
19 23 171.22862
19 24 156.08111
19 25 139.4263
19 26 148.84045
19 27 161.4761
19 28 141.43714
19 29 120.51777
19 30 127.40433
19 31 193.666
19 32 147.428
19 33 131.56701
19 34 141.9688
19 35 190.07681
19 36 143.22484
19 37 183.56695
19 38 169.45188
19 39 176.60529
19 40 129.8034
19 41 159.8926
19 42 134.69975
19 43 155.23118
19 44 145.0401
19 45 151.4926
19 46 161.16009
19 47 124.87052
19 48 154.24923
19 49 144.87472
19 50 170.61646
19 51 184.29326
19 52 187.32979
19 53 182.71809
19 54 111.64971
19 55 158.52828
19 56 133.00452
19 57 113.92478
19 58 107.58652
19 59 147.30886
19 60 155.14714
19 61 169.23945
19 62 147.41582
19 63 125.21645
19 64 178.80536
19 65 143.47528
19 66 141.38131
19 67 144.2368
19 68 134.00372
19 69 168.79188
19 70 184.62535
19 71 132.13649
19 72 154.3989
19 73 197.66271
19 74 156.80885
19 75 162.75669
19 76 162.50021
19 77 136.92805
19 78 139.77518
19 79 120.01636
19 80 105.18329
19 81 135.93762
19 82 166.83472
19 83 132.79353
19 84 175.82214
19 85 102.14603
19 86 133.83808
19 87 140.5852
19 88 114.26177
19 89 137.18992
19 90 138.3431
19 91 166.5571
19 92 189.96498
19 93 114.50969
19 94 181.06043
19 95 119.37299
19 96 120.07076
19 97 141.51823
19 98 179.1241
19 99 135.18269
20 21 105.22295
20 22 177.46172
20 23 115.43845
20 24 186.76804
20 25 143.82398
20 26 131.31001
20 27 152.23917
20 28 135.00082
20 29 184.09965
20 30 162.82717
20 31 118.5063
20 32 135.24897
20 33 149.25058
20 34 177.48456
20 35 155.84238
20 36 167.57961
20 37 170.64984
20 38 163.52055
20 39 124.9536
20 40 166.17371
20 41 154.75206
20 42 193.16648
20 43 186.61357
20 44 139.2979
20 45 213.77513
20 46 125.36174
20 47 155.68174
20 48 182.43965
20 49 167.28361
20 50 115.69284
20 51 109.0814
20 52 132.27683
20 53 124.40727
20 54 183.91744
20 55 144.13678
20 56 143.44167
20 57 169.55911
20 58 178.35286
20 59 139.99187
20 60 122.5871
20 61 173.58525
20 62 157.26603
20 63 172.64176
20 64 177.65968
20 65 157.77157
20 66 153.15969
20 67 135.12851
20 68 196.57007
20 69 108.59118
20 70 176.1563
20 71 150.1213
20 72 130.40104
20 73 173.34163
20 74 119.48096
20 75 120.47411
20 76 147.94758
20 77 140.86167
20 78 168.57122
20 79 167.47818
20 80 174.24821
20 81 145.41302
20 82 145.94721
20 83 157.42356
20 84 115.36804
20 85 176.18393
20 86 156.03859
20 87 143.22217
20 88 168.64148
20 89 147.59231
20 90 147.1213
20 91 114.84103
20 92 118.08784
20 93 183.76068
20 94 109.5133
20 95 174.17676
20 96 157.07997
20 97 145.37121
20 98 103.45554
20 99 176.32752
21 22 172.77059
21 23 115.2874
21 24 182.12513
21 25 138.67812
21 26 126.17225
21 27 148.36454
21 28 129.8481
21 29 178.87688
21 30 158.51652
21 31 122.97831
21 32 130.19423
21 33 144.72892
21 34 173.87033
21 35 154.39879
21 36 164.16247
21 37 167.8752
21 38 159.9842
21 39 123.52802
21 40 161.03092
21 41 150.74683
21 42 187.99186
21 43 181.9457
21 44 134.25575
21 45 208.61502
21 46 123.06863
21 47 151.01524
21 48 177.80524
21 49 163.96994
21 50 115.33839
21 51 114.17551
21 52 132.32521
21 53 124.38034
21 54 179.01039
21 55 140.07494
21 56 138.47021
21 57 164.34673
21 58 173.41952
21 59 136.49176
21 60 118.29623
21 61 169.78407
21 62 154.17063
21 63 167.45149
21 64 174.29934
21 65 154.38828
21 66 148.22466
21 67 129.92908
21 68 191.36942
21 69 103.79891
21 70 173.23395
21 71 144.91467
21 72 125.64487
21 73 171.58096
21 74 114.36005
21 75 116.13957
21 76 144.18843
21 77 136.15268
21 78 163.63008
21 79 162.89346
21 80 169.10202
21 81 141.03392
21 82 142.57888
21 83 152.29293
21 84 114.39668
21 85 171.07376
21 86 150.9183
21 87 139.16801
21 88 163.85478
21 89 143.46537
21 90 142.00399
21 91 112.86114
21 92 121.3184
21 93 178.55284
21 94 111.92697
21 95 168.95597
21 96 152.14732
21 97 140.32753
21 98 107.97923
21 99 172.3916
22 23 169.36484
22 24 172.0649
22 25 148.20441
22 26 154.69771
22 27 173.18831
22 28 145.02508
22 29 136.48787
22 30 117.43627
22 31 195.74799
22 32 154.59201
22 33 128.42893
22 34 126.35103
22 35 200.54887
22 36 129.58566
22 37 196.63947
22 38 182.49804
22 39 182.82508
22 40 144.35957
22 41 172.07318
22 42 150.47148
22 43 171.22945
22 44 153.23601
22 45 165.70024
22 46 157.96292
22 47 121.78167
22 48 170.02721
22 49 131.30404
22 50 168.74427
22 51 184.5061
22 52 194.03758
22 53 188.39275
22 54 110.41283
22 55 168.8234
22 56 135.07828
22 57 128.75735
22 58 109.12947
22 59 142.10168
22 60 155.0246
22 61 183.54513
22 62 136.41925
22 63 140.87738
22 64 193.01064
22 65 132.60834
22 66 153.3024
22 67 150.32441
22 68 149.17349
22 69 171.12572
22 70 198.28681
22 71 141.88804
22 72 161.17931
22 73 209.95345
22 74 158.91969
22 75 167.75956
22 76 173.44217
22 77 136.61963
22 78 154.62897
22 79 110.40468
22 80 121.00733
22 81 132.63761
22 82 177.28879
22 83 145.3418
22 84 180.20456
22 85 118.37306
22 86 146.06636
22 87 136.19119
22 88 109.38601
22 89 131.91012
22 90 148.19548
22 91 165.48112
22 92 193.17984
22 93 130.02225
22 94 183.83178
22 95 135.29484
22 96 121.89948
22 97 151.25022
22 98 180.67279
22 99 119.5396
23 24 191.99107
23 25 145.91108
23 26 134.43448
23 27 161.17825
23 28 133.04662
23 29 182.5702
23 30 153.17614
23 31 131.54595
23 32 138.98532
23 33 141.09331
23 34 165.22025
23 35 169.63577
23 36 154.94942
23 37 182.24159
23 38 173.32051
23 39 138.81158
23 40 167.4854
23 41 163.21694
23 42 193.41201
23 43 191.69379
23 44 142.88737
23 45 214.08818
23 46 112.08248
23 47 148.03336
23 48 187.76046
23 49 154.41422
23 50 100.62157
23 51 117.27619
23 52 147.33275
23 53 139.38759
23 54 177.15392
23 55 152.6299
23 56 138.62737
23 57 167.25887
23 58 171.90108
23 59 128.42599
23 60 116.7354
23 61 182.49408
23 62 144.08133
23 63 172.87252
23 64 187.82975
23 65 145.23557
23 66 157.07281
23 67 136.76299
23 68 196.11841
23 69 118.14012
23 70 187.40322
23 71 150.58124
23 72 136.60051
23 73 186.69198
23 74 120.02433
23 75 129.235
23 76 157.31618
23 77 134.30588
23 78 172.04146
23 79 159.00576
23 80 170.23734
23 81 136.7638
23 82 156.40159
23 83 159.16881
23 84 129.62012
23 85 171.59475
23 86 157.97627
23 87 133.32611
23 88 161.33016
23 89 137.74087
23 90 149.45084
23 91 105.43877
23 92 132.99211
23 93 180.97585
23 94 124.94452
23 95 173.14094
23 96 151.21047
23 97 148.62384
23 98 118.48065
23 99 165.01771
24 25 146.73853
24 26 157.55734
24 27 138.07829
24 28 161.53622
24 29 138.51355
24 30 177.05238
24 31 196.96772
24 32 153.01601
24 33 171.0221
24 34 195.98181
24 35 161.50797
24 36 194.03856
24 37 143.17452
24 38 133.93396
24 39 170.17926
24 40 130.24603
24 41 134.95472
24 42 130.17921
24 43 100.90444
24 44 149.10838
24 45 140.87901
24 46 188.24309
24 47 168.32745
24 48 104.33439
24 49 195.39635
24 50 191.57213
24 51 195.71245
24 52 175.64438
24 53 176.31459
24 54 166.56274
24 55 144.05753
24 56 162.62945
24 57 143.69895
24 58 163.65293
24 59 183.24881
24 60 176.92749
24 61 125.17753
24 62 193.4787
24 63 131.32123
24 64 132.6313
24 65 190.09159
24 66 135.01288
24 67 155.57371
24 68 135.23575
24 69 178.36434
24 70 140.5707
24 71 144.56493
24 72 156.49085
24 73 158.61547
24 74 171.96763
24 75 166.33387
24 76 142.44807
24 77 168.43849
24 78 121.32873
24 79 172.10337
24 80 151.08765
24 81 173.30155
24 82 146.77886
24 83 135.42976
24 84 176.26322
24 85 153.9528
24 86 136.10274
24 87 177.63601
24 88 166.7066
24 89 177.15542
24 90 143.26553
24 91 186.60685
24 92 190.31633
24 93 145.2049
24 94 185.26569
24 95 136.77344
24 96 161.27415
24 97 143.52008
24 98 187.79341
24 99 189.55534
25 26 112.51471
25 27 126.84511
25 28 115.06294
25 29 141.33587
25 30 142.33779
25 31 158.51209
25 32 109.0496
25 33 130.52968
25 34 162.7519
25 35 152.43368
25 36 156.87747
25 37 151.73515
25 38 138.37421
25 39 137.65866
25 40 122.35281
25 41 126.76795
25 42 149.37786
25 43 146.34589
25 44 105.72372
25 45 169.95458
25 46 141.50889
25 47 131.76526
25 48 142.66472
25 49 157.74281
25 50 145.44082
25 51 152.85345
25 52 148.04751
25 53 144.01854
25 54 150.08818
25 55 120.91942
25 56 119.64737
25 57 128.51055
25 58 144.543
25 59 138.42052
25 60 130.24812
25 61 143.63271
25 62 152.43316
25 63 128.97645
25 64 151.74495
25 65 149.91111
25 66 111.97697
25 67 109.16592
25 68 152.95124
25 69 135.28778
25 70 154.83566
25 71 107.49277
25 72 115.77387
25 73 163.2427
25 74 126.17892
25 75 125.63287
25 76 125.98548
25 77 124.39621
25 78 126.17876
25 79 141.68563
25 80 135.64487
25 81 130.87626
25 82 129.33271
25 83 113.62979
25 84 138.58071
25 85 138.48464
25 86 112.29136
25 87 134.08669
25 88 139.08058
25 89 135.21661
25 90 103.54335
25 91 140.47321
25 92 153.47698
25 93 142.39132
25 94 145.64804
25 95 131.29519
25 96 127.2694
25 97 104.12841
25 98 145.81613
25 99 157.97838
26 27 129.93586
26 28 111.07252
26 29 153.39995
26 30 145.00794
26 31 146.35772
26 32 104.57271
26 33 131.20397
26 34 164.42366
26 35 149.51285
26 36 156.89102
26 37 154.16536
26 38 142.47094
26 39 128.18314
26 40 134.864
26 41 131.1458
26 42 161.88201
26 43 157.26512
26 44 108.47528
26 45 182.46905
26 46 132.0664
26 47 134.95344
26 48 153.32676
26 49 157.41259
26 50 134.01991
26 51 140.3458
26 52 139.34209
26 53 134.01808
26 54 158.48758
26 55 121.73566
26 56 120.6704
26 57 139.6752
26 58 152.79385
26 59 133.57074
26 60 120.27078
26 61 150.05453
26 62 150.20284
26 63 141.42213
26 64 156.85107
26 65 148.49901
26 66 122.71019
26 67 104.60392
26 68 165.39111
26 69 122.7754
26 70 158.31162
26 71 119.14842
26 72 106.94986
26 73 163.14455
26 74 114.41039
26 75 113.98866
26 76 127.22456
26 77 122.70149
26 78 137.92176
26 79 146.46723
26 80 145.77814
26 81 129.74894
26 82 128.62241
26 83 126.12069
26 84 127.12928
26 85 148.2692
26 86 124.749
26 87 131.28803
26 88 145.3118
26 89 133.89403
26 90 115.84013
26 91 129.06132
26 92 141.72459
26 93 153.85144
26 94 133.47504
26 95 143.3748
26 96 132.80131
26 97 114.39818
26 98 133.32635
26 99 160.71802
27 28 139.32988
27 29 155.13613
27 30 169.10003
27 31 159.70715
27 32 126.09294
27 33 157.26684
27 34 189.5588
27 35 129.28006
27 36 183.66269
27 37 124.95907
27 38 112.55067
27 39 132.44606
27 40 133.92787
27 41 103.13737
27 42 156.62384
27 43 138.2275
27 44 124.18494
27 45 174.39222
27 46 161.41513
27 47 158.5395
27 48 133.93319
27 49 184.48307
27 50 160.91453
27 51 160.63884
27 52 137.64508
27 53 138.36792
27 54 173.00295
27 55 108.58471
27 56 146.24562
27 57 148.05923
27 58 167.92197
27 59 163.0956
27 60 149.68155
27 61 121.42829
27 62 178.63209
27 63 141.37537
27 64 127.04475
27 65 176.36892
27 66 120.1169
27 67 131.00684
27 68 161.56327
27 69 144.60703
27 70 128.53868
27 71 131.58041
27 72 125.10135
27 73 136.82007
27 74 142.38689
27 75 132.33087
27 76 104.51422
27 77 150.37132
27 78 128.05038
27 79 167.86981
27 80 156.72646
27 81 157.20925
27 82 108.77095
27 83 128.69717
27 84 139.56871
27 85 159.9689
27 86 127.64294
27 87 159.84376
27 88 164.55952
27 89 161.55887
27 90 125.58292
27 91 156.29728
27 92 152.79144
27 93 159.0721
27 94 148.83975
27 95 146.59905
27 96 153.55277
27 97 122.93867
27 98 152.50235
27 99 184.63198
28 29 149.85515
28 30 134.13051
28 31 152.23142
28 32 113.49693
28 33 120.16956
28 34 153.36241
28 35 160.55938
28 36 145.86098
28 37 164.10142
28 38 151.62851
28 39 138.13255
28 40 134.73815
28 41 140.00171
28 42 160.36597
28 43 161.09957
28 44 115.2608
28 45 181.04709
28 46 126.89539
28 47 124.36344
28 48 157.5418
28 49 146.41893
28 50 132.50459
28 51 143.41923
28 52 149.46655
28 53 143.44611
28 54 149.95541
28 55 131.70977
28 56 110.07332
28 57 134.84413
28 58 144.27517
28 59 123.89821
28 60 116.44041
28 61 158.03364
28 62 139.56088
28 63 139.83536
28 64 165.62558
28 65 137.64601
28 66 127.0349
28 67 108.36485
28 68 163.14099
28 69 127.35695
28 70 167.86468
28 71 117.83573
28 72 118.01332
28 73 173.84581
28 74 115.52708
28 75 122.78111
28 76 137.23143
28 77 111.66087
28 78 140.5596
28 79 136.17185
28 80 139.25392
28 81 118.72095
28 82 139.20287
28 83 126.85286
28 84 135.22873
28 85 141.2623
28 86 125.84618
28 87 120.6377
28 88 135.70371
28 89 122.92615
28 90 118.3694
28 91 127.71797
28 92 148.7541
28 93 148.94149
28 94 139.68718
28 95 140.22325
28 96 123.3198
28 97 118.89042
28 98 137.75995
28 99 149.76432
29 30 146.96192
29 31 199.74262
29 32 150.38304
29 33 147.4244
29 34 162.48278
29 35 184.36275
29 36 163.40406
29 37 173.18472
29 38 159.78173
29 39 178.17697
29 40 121.54
29 41 152.7393
29 42 114.24039
29 43 137.6155
29 44 146.83208
29 45 132.82503
29 46 174.28433
29 47 141.83049
29 48 137.70564
29 49 165.01483
29 50 181.9973
29 51 192.88163
29 52 187.6447
29 53 184.70473
29 54 128.99675
29 55 155.11683
29 56 144.50837
29 57 115.47675
29 58 127.40241
29 59 162.93834
29 60 165.84009
29 61 156.62385
29 62 166.48457
29 63 113.8546
29 64 166.05356
29 65 162.60563
29 66 137.15763
29 67 149.16118
29 68 114.48419
29 69 175.81702
29 70 172.93312
29 71 134.25318
29 72 157.00794
29 73 188.37865
29 74 165.01695
29 75 166.95916
29 76 157.55017
29 77 149.86565
29 78 128.07812
29 79 140.06743
29 80 116.8792
29 81 151.30956
29 82 162.42792
29 83 129.21
29 84 179.90285
29 85 118.48799
29 86 130.68348
29 87 156.20404
29 88 134.19891
29 89 153.7206
29 90 138.70643
29 91 177.38139
29 92 194.81283
29 93 106.87224
29 94 186.85995
29 95 110.04272
29 96 135.22861
29 97 141.43954
29 98 186.45729
29 99 155.68956
30 31 181.32432
30 32 146.25764
30 33 114.27167
30 34 120.50156
30 35 193.84699
30 36 117.0445
30 37 193.81031
30 38 180.05773
30 39 172.0045
30 40 147.02377
30 41 168.7182
30 42 161.13102
30 43 176.31563
30 44 146.15533
30 45 178.85378
30 46 141.40545
30 47 110.57273
30 48 174.19599
30 49 118.49703
30 50 152.56292
30 51 169.12602
30 52 183.36177
30 53 176.90747
30 54 127.21121
30 55 163.07267
30 56 124.36669
30 57 134.33244
30 58 123.53013
30 59 125.15071
30 60 140.26672
30 61 183.38221
30 62 120.07995
30 63 146.36061
30 64 192.36586
30 65 116.13672
30 66 150.84953
30 67 141.28337
30 68 161.08975
30 69 157.44429
30 70 196.45347
30 71 138.07075
30 72 151.92875
30 73 205.56529
30 74 145.58919
30 75 156.41255
30 76 168.28656
30 77 123.36343
30 78 157.00711
30 79 107.7606
30 80 130.09748
30 81 117.49716
30 82 171.32286
30 83 144.64698
30 84 167.8384
30 85 129.05418
30 86 144.82675
30 87 119.91323
30 88 113.15894
30 89 115.47062
30 90 143.60265
30 91 149.77367
30 92 179.5855
30 93 141.70182
30 94 170.11252
30 95 142.15519
30 96 116.36254
30 97 146.16236
30 98 166.18034
30 99 115.79222
31 32 149.48702
31 33 167.66815
31 34 195.77517
31 35 153.63368
31 36 185.74732
31 37 172.67111
31 38 168.97773
31 39 127.41945
31 40 180.38758
31 41 162.65806
31 42 207.51407
31 43 196.9645
31 44 153.2744
31 45 227.78588
31 46 142.97425
31 47 173.99312
31 48 192.66449
31 49 185.36861
31 50 132.0029
31 51 114.6163
31 52 127.74655
31 53 122.48312
31 54 201.86014
31 55 152.91572
31 56 161.28852
31 57 185.87719
31 58 196.23872
31 59 158.30482
31 60 141.06506
31 61 179.82802
31 62 175.19685
31 63 187.41374
31 64 181.83985
31 65 175.94148
31 66 165.92651
31 67 150.70861
31 68 211.34585
31 69 124.90251
31 70 178.5634
31 71 165.49222
31 72 143.28797
31 73 171.35272
31 74 137.06284
31 75 132.95707
31 76 155.19295
31 77 159.13091
31 78 181.01363
31 79 185.85954
31 80 191.2916
31 81 163.88925
31 82 151.76533
31 83 171.64965
31 84 120.87042
31 85 193.44257
31 86 170.18746
31 87 161.72215
31 88 186.80913
31 89 166.09741
31 90 161.44575
31 91 132.68874
31 92 107.30003
31 93 200.10114
31 94 112.88338
31 95 189.70759
31 96 174.99116
31 97 159.14066
31 98 115.1481
31 99 194.78299
32 33 132.95026
32 34 166.13382
32 35 147.62743
32 36 159.10403
32 37 150.68782
32 38 138.55076
32 39 129.18521
32 40 131.09205
32 41 127.06786
32 42 158.21631
32 43 152.73267
32 44 104.06902
32 45 178.70355
32 46 136.51015
32 47 135.90402
32 48 148.77682
32 49 159.73599
32 50 138.57609
32 51 144.3234
32 52 139.96326
32 53 135.3871
32 54 157.58747
32 55 118.23947
32 56 121.99381
32 57 137.29439
32 58 151.93673
32 59 137.02525
32 60 124.74083
32 61 145.7675
32 62 153.05778
32 63 137.94267
32 64 152.80559
32 65 151.10115
32 66 118.25888
32 67 105.187
32 68 161.90246
32 69 126.66222
32 70 154.60654
32 71 116.32376
32 72 106.98736
32 73 160.40012
32 74 118.96268
32 75 116.58387
32 76 123.76666
32 77 125.01669
32 78 133.56693
32 79 146.97011
32 80 143.99365
32 81 132.0527
32 82 125.74826
32 83 122.31481
32 84 129.55431
32 85 146.67239
32 86 120.88957
32 87 134.13222
32 88 145.24966
32 89 136.32628
32 90 112.01345
32 91 133.62216
32 92 144.4313
32 93 151.3094
32 94 136.63576
32 95 140.34137
32 96 132.86276
32 97 110.13411
32 98 137.05589
32 99 162.04697
33 34 133.23952
33 35 180.5226
33 36 126.4056
33 37 182.21343
33 38 168.89533
33 39 157.77704
33 40 140.95048
33 41 157.29738
33 42 160.716
33 43 170.38874
33 44 133.45397
33 45 180.24885
33 46 130.10591
33 47 106.99888
33 48 167.63591
33 49 127.22139
33 50 140.47174
33 51 156.0937
33 52 169.13177
33 53 162.63697
33 54 136.12583
33 55 150.52829
33 56 111.08302
33 57 132.44835
33 58 131.03059
33 59 115.81056
33 60 126.69721
33 61 173.51527
33 62 122.67907
33 63 142.62077
33 64 182.0253
33 65 119.68204
33 66 140.70378
33 67 127.82245
33 68 161.89507
33 69 143.42888
33 70 185.36049
33 71 128.03997
33 72 138.15382
33 73 193.08818
33 74 131.43491
33 75 142.16653
33 76 155.92209
33 77 109.09179
33 78 149.92215
33 79 118.25192
33 80 131.98447
33 81 104.44041
33 82 158.52386
33 83 136.23283
33 84 153.59233
33 85 132.43182
33 86 135.99175
33 87 109.03871
33 88 120.25802
33 89 106.42601
33 90 132.52127
33 91 137.06719
33 92 165.59399
33 93 143.80964
33 94 156.14258
33 95 140.05402
33 96 112.22922
33 97 134.59889
33 98 152.53192
33 99 129.65332
34 35 213.74532
34 36 110.45063
34 37 214.30434
34 38 200.55867
34 39 190.24185
34 40 166.48656
34 41 189.21339
34 42 176.61969
34 43 195.1997
34 44 166.34707
34 45 191.97324
34 46 153.18787
34 47 131.02591
34 48 193.42505
34 49 111.42233
34 50 164.65999
34 51 182.2991
34 52 201.52311
34 53 194.58869
34 54 136.02319
34 55 183.36074
34 56 144.1471
34 57 152.37834
34 58 135.42254
34 59 137.49366
34 60 155.83904
34 61 203.72887
34 62 121.67338
34 63 164.75437
34 64 212.78486
34 65 119.98635
34 66 171.316
34 67 161.03785
34 68 175.50252
34 69 173.5487
34 70 216.94924
34 71 158.5611
34 72 171.37169
34 73 225.91448
34 74 162.55316
34 75 174.62709
34 76 188.63758
34 77 141.88142
34 78 176.67852
34 79 123.89714
34 80 146.1302
34 81 135.0205
34 82 191.52363
34 83 164.8744
34 84 184.97377
34 85 144.02961
34 86 165.13781
34 87 135.1902
34 88 129.3276
34 89 131.36553
34 90 164.09543
34 91 163.12741
34 92 195.18214
34 93 156.22483
34 94 185.78348
34 95 159.81026
34 96 136.67462
34 97 166.62142
34 98 180.93678
34 99 106.81965
35 36 206.40377
35 37 122.30723
35 38 127.61721
35 39 130.95326
35 40 163.20673
35 41 131.63293
35 42 184.86296
35 43 161.96148
35 44 147.85029
35 45 201.1405
35 46 174.68546
35 47 183.40871
35 48 158.1011
35 49 206.91222
35 50 169.63238
35 51 161.45858
35 52 125.89647
35 53 132.3993
35 54 201.42353
35 55 131.75855
35 56 169.61993
35 57 176.99926
35 58 196.13214
35 59 181.89403
35 60 164.49199
35 61 137.12943
35 62 199.34843
35 63 170.64097
35 64 134.05091
35 65 197.89036
35 66 148.85984
35 67 152.70754
35 68 189.96439
35 69 151.5721
35 70 128.02825
35 71 158.73609
35 72 142.64311
35 73 117.81613
35 74 156.21868
35 75 142.80477
35 76 127.59478
35 77 172.21077
35 78 156.835
35 79 194.01041
35 80 185.51033
35 81 179.26159
35 82 123.3171
35 83 157.56484
35 84 140.4854
35 85 188.69808
35 86 156.38233
35 87 180.59161
35 88 191.50167
35 89 183.39295
35 90 152.39394
35 91 166.25791
35 92 146.51193
35 93 188.34652
35 94 148.1323
35 95 175.87122
35 96 179.62517
35 97 149.30637
35 98 154.26609
35 99 209.63889
36 37 208.59937
36 38 195.18956
36 39 181.57361
36 40 163.92466
36 41 183.63361
36 42 177.63853
36 43 193.3103
36 44 159.82959
36 45 194.56189
36 46 142.96819
36 47 126.24589
36 48 191.11513
36 49 101.72006
36 50 154.39828
36 51 172.10081
36 52 192.74955
36 53 185.59802
36 54 139.96788
36 55 176.89604
36 56 137.47359
36 57 151.3332
36 58 137.89001
36 59 127.67072
36 60 146.39461
36 61 199.32198
36 62 111.22418
36 63 163.40403
36 64 208.06398
36 65 109.81005
36 66 166.52712
36 67 153.92608
36 68 177.22461
36 69 164.06905
36 70 211.65567
36 71 153.69556
36 72 163.77692
36 73 219.42144
36 74 153.51463
36 75 166.06818
36 76 182.31086
36 77 134.20066
36 78 173.78582
36 79 123.33664
36 80 146.5523
36 81 127.14385
36 82 184.80446
36 83 160.99678
36 84 175.79314
36 85 145.08535
36 86 161.03314
36 87 126.32195
36 88 129.20536
36 89 123.04642
36 90 158.68192
36 91 153.06035
36 92 185.42383
36 93 157.73055
36 94 176.08935
36 95 159.12306
36 96 132.9542
36 97 160.91091
36 98 171.03514
36 99 112.97281
37 38 114.15424
37 39 146.55915
37 40 154.11166
37 41 125.09242
37 42 170.36904
37 43 143.80647
37 44 149.08753
37 45 183.99947
37 46 184.42492
37 47 183.28355
37 48 140.59217
37 49 209.43331
37 50 182.08778
37 51 177.81561
37 52 145.55571
37 53 150.26932
37 54 195.21659
37 55 132.47373
37 56 171.20282
37 57 169.69101
37 58 190.53274
37 59 187.67122
37 60 172.99212
37 61 118.07921
37 62 203.53713
37 63 160.49408
37 64 112.09939
37 65 201.31721
37 66 143.50342
37 67 155.74033
37 68 175.63097
37 69 164.416
37 70 105.95224
37 71 155.90043
37 72 148.44047
37 73 115.61787
37 74 165.14028
37 75 153.12061
37 76 126.95452
37 77 175.28654
37 78 145.26696
37 79 192.13185
37 80 178.5322
37 81 182.15462
37 82 126.202
37 83 151.31281
37 84 155.81491
37 85 181.82653
37 86 150.57718
37 87 184.69585
37 88 188.42063
37 89 186.50176
37 90 150.20893
37 91 177.89901
37 92 165.37261
37 93 178.40124
37 94 164.693
37 95 166.39767
37 96 177.98638
37 97 147.75022
37 98 169.92602
37 99 209.19787
38 39 141.62159
38 40 140.13242
38 41 111.66869
38 42 158.25779
38 43 134.36501
38 44 136.38592
38 45 173.66213
38 46 173.92975
38 47 169.58229
38 48 130.48417
38 49 196.0908
38 50 173.08338
38 51 171.55491
38 52 144.13379
38 53 146.74413
38 54 181.10108
38 55 121.03834
38 56 158.00261
38 57 155.59802
38 58 176.38778
38 59 175.47704
38 60 162.21446
38 61 111.00921
38 62 190.65992
38 63 146.748
38 64 114.56095
38 65 188.25119
38 66 129.46277
38 67 143.36732
38 68 163.46723
38 69 156.29197
38 70 116.46719
38 71 142.02481
38 72 137.58874
38 73 128.64945
38 74 154.83636
38 75 144.20672
38 76 116.01262
38 77 162.42668
38 78 131.70972
38 79 178.13811
38 80 164.43742
38 81 169.14205
38 82 117.64445
38 83 137.16359
38 84 149.85848
38 85 167.73119
38 86 136.44562
38 87 171.99804
38 88 174.33208
38 89 173.49447
38 90 136.54854
38 91 168.55389
38 92 161.8006
38 93 164.72215
38 94 159.12885
38 95 152.56067
38 96 164.08551
38 97 134.29693
38 98 163.43411
38 99 195.32117
39 40 157.30054
39 41 135.46505
39 42 183.83609
39 43 170.24173
39 44 131.93554
39 45 203.41454
39 46 144.99376
39 47 162.48974
39 48 165.92637
39 49 181.75244
39 50 138.84414
39 51 131.34104
39 52 111.3575
39 53 106.57801
39 54 186.58631
39 55 126.32831
39 56 148.1996
39 57 166.1591
39 58 180.90441
39 59 154.89945
39 60 136.20384
39 61 152.42455
39 62 172.95991
39 63 164.83931
39 64 154.84347
39 65 172.25305
39 66 141.80693
39 67 132.68541
39 68 188.15508
39 69 120.97155
39 70 152.288
39 71 145.1509
39 72 122.20671
39 73 148.38805
39 74 128.28954
39 75 115.6373
39 76 127.94452
39 77 148.72393
39 78 155.94622
39 79 174.28644
39 80 173.15194
39 81 155.30194
39 82 124.35021
39 83 149.00798
39 84 109.59454
39 85 175.85607
39 86 147.52442
39 87 155.26634
39 88 173.44168
39 89 158.88434
39 90 139.703
39 91 135.79818
39 92 120.37216
39 93 179.89196
39 94 118.135
39 95 168.27212
39 96 160.92826
39 97 136.79983
39 98 123.66296
39 99 187.35756
40 41 131.75048
40 42 127.14142
40 43 129.56539
40 44 127.16513
40 45 147.62349
40 46 161.43345
40 47 138.08487
40 48 127.19083
40 49 165.24638
40 50 166.97446
40 51 175.20626
40 52 166.36976
40 53 163.87133
40 54 141.38599
40 55 133.58285
40 56 133.42026
40 57 115.90669
40 58 137.11507
40 59 154.05527
40 60 151.12386
40 61 139.44896
40 62 163.2732
40 63 107.71141
40 64 149.00686
40 65 159.85518
40 66 115.71673
40 67 131.28848
40 68 131.03684
40 69 157.62669
40 70 154.88701
40 71 116.93182
40 72 137.11022
40 73 168.68665
40 74 148.2297
40 75 147.44347
40 76 136.09369
40 77 139.32811
40 78 110.31158
40 79 142.6352
40 80 124.65775
40 81 143.51674
40 82 140.93643
40 83 108.77728
40 84 159.94952
40 85 127.93305
40 86 110.21382
40 87 148.05401
40 88 137.62424
40 89 147.19507
40 90 119.09075
40 91 162.06951
40 92 174.93408
40 93 125.14964
40 94 167.60615
40 95 112.68983
40 96 131.05592
40 97 121.24754
40 98 168.11667
40 99 160.30242
41 42 153.78612
41 43 135.09768
41 44 124.74549
41 45 171.36883
41 46 162.95418
41 47 158.19536
41 48 130.80097
41 49 184.50983
41 50 162.93171
41 51 163.25586
41 52 140.78245
41 53 141.44318
41 54 171.47914
41 55 110.68046
41 56 146.36774
41 57 146.30728
41 58 166.50503
41 59 163.87625
41 60 151.17066
41 61 119.28472
41 62 178.99384
41 63 139.06384
41 64 125.7378
41 65 176.60258
41 66 118.77782
41 67 131.78203
41 68 158.76787
41 69 146.96871
41 70 128.08841
41 71 130.85223
41 72 126.82539
41 73 137.91402
41 74 144.11317
41 75 134.63974
41 76 107.53333
41 77 150.75805
41 78 125.33245
41 79 167.14242
41 80 155.05246
41 81 157.48255
41 82 111.90535
41 83 127.12038
41 84 142.39223
41 85 158.31837
41 86 126.17649
41 87 160.33218
41 88 163.6129
41 89 161.83545
41 90 125.11856
41 91 158.24258
41 92 155.78412
41 93 156.88807
41 94 151.63804
41 95 144.44019
41 96 152.93056
41 97 122.72402
41 98 155.13049
41 99 184.12101
42 43 129.29779
42 44 154.30557
42 45 120.70541
42 46 186.07367
42 47 155.51809
42 48 130.90257
42 49 179.24524
42 50 192.86762
42 51 202.15888
42 52 192.21477
42 53 190.41081
42 54 142.28875
42 55 158.72167
42 56 156.49961
42 57 128.2683
42 58 141.34479
42 59 175.89042
42 60 176.7463
42 61 152.61997
42 62 180.49465
42 63 120.62297
42 64 161.40883
42 65 176.6429
42 66 142.06273
42 67 158.09418
42 68 105.26546
42 69 184.65606
42 70 168.97471
42 71 143.22362
42 72 164.22714
42 73 185.96216
42 74 174.79112
42 75 174.58016
42 76 159.89721
42 77 162.15395
42 78 128.69325
42 79 154.3024
42 80 131.09439
42 81 164.37445
42 82 164.85659
42 83 135.91005
42 84 186.99895
42 85 132.70125
42 86 137.35487
42 87 169.25695
42 88 148.43339
42 89 167.10078
42 90 146.20405
42 91 188.07617
42 92 201.97412
42 93 120.45139
42 94 194.74495
42 95 120.88255
42 96 148.67957
42 97 148.37692
42 98 195.19325
42 99 169.81278
43 44 148.80651
43 45 140.21135
43 46 187.8395
43 47 167.63685
43 48 104.31552
43 49 194.67412
43 50 191.2706
43 51 195.57296
43 52 175.82875
43 53 176.40579
43 54 165.6898
43 55 144.06997
43 56 162.0706
43 57 142.89662
43 58 162.80047
43 59 182.70467
43 60 176.55797
43 61 125.77881
43 62 192.81995
43 63 130.51354
43 64 133.35775
43 65 189.41937
43 66 134.67283
43 67 155.21949
43 68 134.36437
43 69 178.19109
43 70 141.27974
43 71 144.04925
43 72 156.304
43 73 159.27551
43 74 171.67345
43 75 166.19588
43 76 142.57105
43 77 167.89117
43 78 120.78824
43 79 171.32687
43 80 150.2462
43 81 172.70321
43 82 146.94948
43 83 134.89347
43 84 176.23352
43 85 153.10136
43 86 135.5939
43 87 177.05831
43 88 165.91513
43 89 176.53882
43 90 142.86073
43 91 186.30246
43 92 190.34249
43 93 144.31154
43 94 185.20946
43 95 135.9355
43 96 160.57266
43 97 143.17553
43 98 187.67271
43 99 188.76232
44 45 174.7433
44 46 139.89914
44 47 135.63963
44 48 144.8921
44 49 160.56691
44 50 142.46479
44 51 148.37526
44 52 142.35286
44 53 138.30462
44 54 155.55749
44 55 117.07459
44 56 122.37097
44 57 134.22864
44 58 149.96913
44 59 139.15264
44 60 128.2214
44 61 142.92838
44 62 154.4544
44 63 134.14957
44 64 150.37255
44 65 152.25208
44 66 114.23799
44 67 107.20599
44 68 158.07172
44 69 130.70832
44 70 152.67906
44 71 113.21649
44 72 110.1759
44 73 159.6448
44 74 122.86992
44 75 120.31807
44 76 122.48548
44 77 126.19913
44 78 129.50733
44 79 146.19195
44 80 141.33578
44 81 133.0904
44 82 125.18137
44 83 118.39775
44 84 133.08993
44 85 144.14429
44 86 116.95134
44 87 135.66299
44 88 143.9935
44 89 137.43029
44 90 108.18481
44 91 137.4985
44 92 148.03938
44 93 148.06622
44 94 140.45932
44 95 136.80788
44 96 131.85497
44 97 106.0736
44 98 141.06128
44 99 161.92197
45 46 206.54983
45 47 174.55949
45 48 143.49874
45 49 196.23759
45 50 213.54053
45 51 222.7884
45 52 211.17323
45 53 209.95835
45 54 156.05735
45 55 177.66187
45 56 176.85348
45 57 148.08692
45 58 156.83012
45 59 195.73844
45 60 197.40367
45 61 165.9368
45 62 198.74401
45 63 141.32616
45 64 173.44235
45 65 194.82103
45 66 161.96251
45 67 178.75086
45 68 118.38302
45 69 205.24148
45 70 181.41753
45 71 163.91766
45 72 184.52856
45 73 199.48686
45 74 195.48953
45 75 194.92896
45 76 178.10359
45 77 182.39601
45 78 147.50984
45 79 171.50157
45 80 149.04443
45 81 184.12172
45 82 182.98405
45 83 156.39665
45 84 207.12588
45 85 149.79985
45 86 157.81408
45 87 189.01717
45 88 165.74702
45 89 186.53441
45 90 166.71299
45 91 208.76296
45 92 222.0582
45 93 137.18618
45 94 215.08772
45 95 141.20157
45 96 168.04607
45 97 168.74821
45 98 215.74006
45 99 185.19596
46 47 137.10476
46 48 184.17175
46 49 142.49301
46 50 111.50367
46 51 129.13265
46 52 154.92223
46 53 147.07028
46 54 166.20155
46 55 152.89293
46 56 129.7767
46 57 158.81135
46 58 161.13459
46 59 116.41986
46 60 111.80603
46 61 182.05071
46 62 132.24204
46 63 165.91966
46 64 188.45935
46 65 133.21537
46 66 153.37089
46 67 132.91416
46 68 188.29869
46 69 124.37088
46 70 189.12552
46 71 144.65075
46 72 136.34741
46 73 190.85865
46 74 119.28466
46 75 132.06479
46 76 158.10454
46 77 124.60207
46 78 167.42113
46 79 147.56168
46 80 160.72145
46 81 125.67775
46 82 158.22343
46 83 153.73944
46 84 136.8737
46 85 161.74223
46 86 152.74138
46 87 121.77174
46 88 150.31795
46 89 126.09769
46 90 144.97923
46 91 110.52214
46 92 143.4492
46 93 171.97151
46 94 134.56346
46 95 165.34861
46 96 141.11305
46 97 144.91342
46 98 128.75976
46 99 152.93899
47 48 165.21564
47 49 127.42569
47 50 147.41192
47 51 162.77771
47 52 173.82877
47 53 167.68899
47 54 129.14152
47 55 152.51483
47 56 114.33055
47 57 127.46026
47 58 124.03326
47 59 122.46959
47 60 133.25833
47 61 173.20015
47 62 125.5169
47 63 138.59493
47 64 182.07272
47 65 121.90702
47 66 140.50907
47 67 131.0301
47 68 156.30374
47 69 149.46749
47 70 186.00348
47 71 127.68159
47 72 141.80878
47 73 194.99397
47 74 137.307
47 75 147.04506
47 76 157.71644
47 77 114.8696
47 78 147.71051
47 79 112.00554
47 80 125.76544
47 81 111.43238
47 82 160.78663
47 83 134.75108
47 84 159.032
47 85 125.8883
47 86 134.79786
47 87 115.81376
47 88 113.29721
47 89 112.33178
47 90 133.07713
47 91 143.90525
47 92 171.58887
47 93 137.70559
47 94 162.19197
47 95 135.28803
47 96 107.16234
47 97 135.60083
47 98 158.90178
47 99 126.28674
48 49 192.43609
48 50 187.34643
48 51 191.3807
48 52 171.55016
48 53 172.09147
48 54 165.04494
48 55 139.76305
48 56 158.96888
48 57 141.4047
48 58 161.83566
48 59 179.5265
48 60 172.79903
48 61 122.51472
48 62 190.18881
48 63 129.14985
48 64 130.70538
48 65 186.86753
48 66 130.85979
48 67 151.42786
48 68 136.10615
48 69 174.04215
48 70 138.47828
48 71 140.79069
48 72 152.17565
48 73 156.16174
48 74 167.73619
48 75 162.00224
48 76 138.26504
48 77 164.73528
48 78 117.73058
48 79 169.52802
48 80 149.16634
48 81 169.77243
48 82 142.66549
48 83 131.74036
48 84 171.9461
48 85 152.14655
48 86 132.32566
48 87 174.02846
48 88 164.25812
48 89 173.69461
48 90 139.21873
48 91 182.38505
48 92 186.03265
48 93 144.20105
48 94 180.93897
48 95 134.87658
48 96 158.23073
48 97 139.36613
48 98 183.45944
48 99 187.09153
49 50 153.87198
49 51 171.61403
49 52 192.88643
49 53 185.66926
49 54 141.68753
49 55 177.61686
49 56 138.24909
49 57 152.82179
49 58 139.58935
49 59 127.50765
49 60 146.34829
49 61 200.37066
49 62 110.41778
49 63 164.84772
49 64 209.05971
49 65 109.60996
49 66 167.55416
49 67 154.55146
49 68 178.8689
49 69 163.97819
49 70 212.55793
49 71 154.73606
49 72 164.27038
49 73 220.10224
49 74 153.60945
49 75 166.29827
49 76 183.05231
49 77 134.76369
49 78 175.05709
49 79 124.95184
49 80 148.15336
49 81 127.70409
49 82 185.46512
49 83 162.16355
49 84 175.8062
49 85 146.72307
49 86 162.16904
49 87 126.58472
49 88 130.8177
49 89 123.51989
49 90 159.62334
49 91 152.68333
49 92 185.18965
49 93 159.37644
49 94 175.89208
49 95 160.6287
49 96 134.22925
49 97 161.79697
49 98 170.73801
49 99 114.51611
50 51 117.78717
50 52 147.47217
50 53 139.52317
50 54 176.5328
50 55 152.35878
50 56 138.02894
50 57 166.67897
50 58 171.28095
50 59 127.82884
50 60 116.16966
50 61 182.21243
50 62 143.54779
50 63 172.33517
50 64 187.60106
50 65 144.67686
50 66 156.63846
50 67 136.29893
50 68 195.5603
50 69 118.09552
50 70 187.22831
50 71 150.06478
50 72 136.27917
50 73 186.64689
50 74 119.61352
50 75 129.0427
50 76 157.07511
50 77 133.69247
50 78 171.58199
50 79 158.3858
50 80 169.63456
50 81 136.14245
50 82 156.21067
50 83 158.6743
50 84 129.70437
50 85 170.98606
50 86 157.48758
50 87 132.70952
50 88 160.7087
50 89 137.12547
50 90 148.98182
50 91 104.97565
50 92 133.34549
50 93 180.38511
50 94 125.20563
50 95 172.57941
50 96 150.59591
50 97 148.18139
50 98 118.78679
50 99 164.43229
51 52 136.41007
51 53 129.10861
51 54 191.47155
51 55 152.72599
51 56 151.31502
51 57 178.1787
51 58 185.98942
51 59 145.09118
51 60 129.55741
51 61 181.8508
51 62 161.31696
51 63 181.60505
51 64 185.4601
51 65 162.34103
51 66 162.23548
51 67 144.0779
51 68 205.50335
51 69 117.67202
51 70 183.46913
51 71 159.04275
51 72 139.44021
51 73 179.21252
51 74 127.94261
51 75 129.3786
51 76 156.26462
51 77 148.17459
51 78 177.64672
51 79 174.32612
51 80 182.5393
51 81 152.01482
51 82 153.9126
51 83 166.4662
51 84 122.01341
51 85 184.34333
51 86 165.08845
51 87 149.24301
51 88 175.94289
51 89 153.68296
51 90 156.17257
51 91 119.41727
51 92 117.86667
51 93 192.33633
51 94 113.3491
51 95 183.00359
51 96 164.7846
51 97 154.44882
51 98 108.14038
51 99 181.78008
52 53 107.95198
52 54 197.53722
52 55 133.54543
52 56 159.52651
52 57 176.37458
52 58 191.87428
52 59 165.8323
52 60 146.97349
52 61 155.1355
52 62 183.92182
52 63 174.03567
52 64 155.60325
52 65 183.34965
52 66 150.6642
52 67 143.773
52 68 196.77028
52 69 130.55171
52 70 151.50252
52 71 155.51114
52 72 133.06937
52 73 143.65854
52 74 139.29686
52 75 126.97671
52 76 133.45714
52 77 160.07408
52 78 163.7535
52 79 185.59977
52 80 183.68798
52 81 166.62182
52 82 128.88797
52 83 158.45979
52 84 118.06041
52 85 186.48584
52 86 157.0005
52 87 166.47488
52 88 184.65158
52 89 170.15805
52 90 149.74994
52 91 145.12395
52 92 120.62024
52 93 189.82371
52 94 123.44038
52 95 177.90198
52 96 172.13883
52 97 146.70768
52 98 130.01446
52 99 198.70074
53 54 192.5055
53 55 132.69134
53 56 153.50677
53 57 172.52879
53 58 186.81105
53 59 158.43015
53 60 139.50138
53 61 157.68455
53 62 176.51508
53 63 171.40003
53 64 159.37228
53 65 176.0935
53 66 148.38488
53 67 138.58837
53 68 194.73307
53 69 122.71019
53 70 156.13614
53 71 151.50186
53 72 128.40232
53 73 150.19679
53 74 132.08764
53 75 120.66578
53 76 133.91167
53 77 153.54583
53 78 162.47354
53 79 179.59198
53 80 179.37914
53 81 159.88268
53 82 129.97083
53 83 155.55479
53 84 110.20539
53 85 182.02888
53 86 154.06988
53 87 159.42889
53 88 179.02766
53 89 163.25219
53 90 146.16291
53 91 137.19549
53 92 115.19729
53 93 186.33252
53 94 115.86802
53 95 174.7814
53 96 166.53618
53 97 143.29623
53 98 122.29692
53 99 192.03315
54 55 169.76266
54 56 140.57162
54 57 125.55407
54 58 105.70145
54 59 150.91109
54 60 161.93411
54 61 180.77882
54 62 146.69675
54 63 136.37086
54 64 190.35439
54 65 142.84334
54 66 152.88849
54 67 153.92761
54 68 140.33093
54 69 176.98934
54 70 196.24746
54 71 143.02914
54 72 164.47107
54 73 209.28641
54 74 164.79752
54 75 172.15811
54 76 173.89214
54 77 143.31031
54 78 151.23971
54 79 119.59837
54 80 116.73305
54 81 140.53325
54 82 178.13246
54 83 144.36131
54 84 185.0277
54 85 113.45298
54 86 145.3628
54 87 144.60367
54 88 115.88401
54 89 140.5618
54 90 149.33785
54 91 172.90951
54 92 198.6963
54 93 122.16048
54 94 189.54176
54 95 130.35764
54 96 126.87023
54 97 152.50543
54 98 186.9848
54 99 129.3211
55 56 139.44539
55 57 145.84438
55 58 164.41851
55 59 155.19768
55 60 141.19207
55 61 129.88506
55 62 171.24865
55 63 141.29029
55 64 135.58293
55 65 169.18867
55 66 118.0685
55 67 123.34798
55 68 163.35966
55 69 136.29346
55 70 136.58835
55 71 126.97844
55 72 116.55059
55 73 142.57741
55 74 133.81594
55 75 123.96025
55 76 105.5277
55 77 143.08284
55 78 130.20837
55 79 162.6017
55 80 154.11747
55 81 150.05466
55 82 108.46575
55 83 126.61275
55 84 132.29864
55 85 157.24346
55 86 125.28973
55 87 152.34408
55 88 159.84203
55 89 154.37363
55 90 120.63985
55 91 147.7226
55 92 146.27676
55 93 158.16094
55 94 141.43708
55 95 145.80753
55 96 148.18495
55 97 117.57596
55 98 144.62255
55 99 178.79019
56 57 129.03805
56 58 134.95756
56 59 120.67974
56 60 122.21143
56 61 163.05372
56 62 132.84485
56 63 136.76811
56 64 171.35179
56 65 130.26381
56 66 130.44076
56 67 116.9428
56 68 158.55742
56 69 136.42586
56 70 174.45387
56 71 118.311
56 72 127.57125
56 73 182.00816
56 74 124.22598
56 75 132.84128
56 76 144.8415
56 77 105.90893
56 78 141.30396
56 79 126.09867
56 80 131.63931
56 81 111.3211
56 82 147.46164
56 83 127.22881
56 84 145.12884
56 85 133.16346
56 86 126.69978
56 87 115.11233
56 88 125.82559
56 89 115.62124
56 90 121.93645
56 91 133.73334
56 92 158.27096
56 93 142.41843
56 94 149.02683
56 95 135.67131
56 96 113.7044
56 97 123.76044
56 98 146.44925
56 99 140.12395
57 58 121.21409
57 59 147.70441
57 60 150.55443
57 61 155.35564
57 62 152.80658
57 63 112.38973
57 64 164.9117
57 65 149.05122
57 66 128.13966
57 67 135.20608
57 68 129.70969
57 69 161.47651
57 70 170.70096
57 71 121.02968
57 72 144.21201
57 73 183.9224
57 74 150.23681
57 75 153.58533
57 76 149.42038
57 77 134.39876
57 78 126.01084
57 79 128.60453
57 80 108.84119
57 81 136.13758
57 82 153.94887
57 83 119.43493
57 84 166.70951
57 85 112.13552
57 86 120.63679
57 87 141.02816
57 88 123.0535
57 89 138.83899
57 90 126.63214
57 91 162.12835
57 92 181.39919
57 93 114.23348
57 94 173.02536
57 95 107.87919
57 96 120.47857
57 97 129.71789
57 98 172.09042
57 99 145.88137
58 59 146.17744
58 60 156.48365
58 61 176.55946
58 62 143.49009
58 63 132.78635
58 64 186.10681
58 65 139.56798
58 66 147.81293
58 67 148.23791
58 68 140.07999
58 69 171.35592
58 70 191.776
58 71 137.57414
58 72 158.8054
58 73 204.38587
58 74 159.17727
58 75 166.4567
58 76 168.65906
58 77 137.87755
58 78 147.19965
58 79 115.7698
58 80 112.71282
58 81 135.46558
58 82 172.82118
58 83 139.40471
58 84 179.32906
58 85 109.70162
58 86 140.33252
58 87 139.715
58 88 111.07718
58 89 135.82565
58 90 143.90608
58 91 167.55993
58 92 193.02351
58 93 120.8942
58 94 183.88667
58 95 126.95951
58 96 121.27445
58 97 147.06364
58 98 181.39703
58 99 128.60321
59 60 118.94445
59 61 181.86959
59 62 118.09139
59 63 156.92197
59 64 189.52307
59 65 117.90716
59 66 150.11451
59 67 132.1102
59 68 177.35745
59 69 136.48495
59 70 191.62613
59 71 138.74196
59 72 139.84753
59 73 196.5012
59 74 126.61122
59 75 139.8187
59 76 160.71784
59 77 114.81581
59 78 161.92094
59 79 131.72413
59 80 147.78256
59 81 111.64946
59 82 162.15604
59 83 147.81978
59 84 148.44625
59 85 148.22754
59 86 147.20218
59 87 106.78692
59 88 135.13516
59 89 110.35766
59 90 141.35867
59 91 125.74236
59 92 157.7618
59 93 159.56716
59 94 148.41863
59 95 155.04761
59 96 127.95138
59 97 142.45722
59 98 143.44488
59 99 136.69139
60 61 170.24698
60 62 137.01686
60 63 156.25708
60 64 176.72402
60 65 136.74067
60 66 141.94127
60 67 121.38053
60 68 179.39546
60 69 117.71074
60 70 177.56899
60 71 134.19341
60 72 124.68211
60 73 180.09949
60 74 108.27331
60 75 121.72745
60 76 146.46686
60 77 118.62473
60 78 156.37952
60 79 144.94535
60 80 153.83236
60 81 122.82703
60 82 146.82738
60 83 143.0347
60 84 129.50241
60 85 155.36572
60 86 141.9292
60 87 120.89828
60 88 146.38782
60 89 125.17136
60 90 133.7717
60 91 111.5888
60 92 139.54414
60 93 164.35481
60 94 130.07921
60 95 156.4108
60 96 135.36366
60 97 133.44076
60 98 125.91766
60 99 154.13491
61 62 195.89001
61 63 144.84092
61 64 109.58374
61 65 193.16342
61 66 132.8322
61 67 150.12688
61 68 157.8846
61 69 166.03172
61 70 116.43281
61 71 145.6346
61 72 146.08795
61 73 133.65268
61 74 163.35313
61 75 153.75818
61 76 125.63802
61 77 168.02509
61 78 129.60048
61 79 180.48791
61 80 164.07755
61 81 174.36924
61 82 128.17928
61 83 138.91004
61 84 160.391
61 85 167.33544
61 86 138.59175
61 87 177.71837
61 88 176.09507
61 89 178.67318
61 90 141.11756
61 91 177.52717
61 92 172.6863
61 93 162.3223
61 94 169.68488
61 95 150.90123
61 96 167.06519
61 97 139.52196
61 98 173.71135
61 99 198.0557
62 63 164.11151
62 64 204.17552
62 65 103.94431
62 66 163.18181
62 67 147.90723
62 68 180.79723
62 69 154.42688
62 70 207.05997
62 71 150.65178
62 72 156.85594
62 73 213.3314
62 74 144.67269
62 75 157.75903
62 76 176.76059
62 77 128.26141
62 78 172.50924
62 79 127.77279
62 80 149.76132
62 81 121.5572
62 82 178.72613
62 83 158.90618
62 84 166.50506
62 85 148.98721
62 86 158.66983
62 87 118.93855
62 88 133.21786
62 89 117.22552
62 90 154.77443
62 91 142.55324
62 92 175.26504
62 93 161.55783
62 94 166.05707
62 95 160.67641
62 96 132.67616
62 97 156.55942
62 98 160.71302
62 99 123.36294
63 64 154.41507
63 65 160.47614
63 66 123.41081
63 67 137.52715
63 68 123.97532
63 69 164.1676
63 70 160.7898
63 71 122.60822
63 72 144.24581
63 73 175.39538
63 74 154.16922
63 75 154.46376
63 76 143.70555
63 77 142.59676
63 78 115.31605
63 79 140.93718
63 80 120.0777
63 81 145.77223
63 82 148.57611
63 83 115.90795
63 84 167.16349
63 85 123.15395
63 86 117.39516
63 87 150.54075
63 88 135.43655
63 89 149.03083
63 90 125.96968
63 91 167.51515
63 92 182.14109
63 93 117.98644
63 94 174.57568
63 95 106.07594
63 96 131.43573
63 97 128.42101
63 98 174.74672
63 99 158.27061
64 65 201.58765
64 66 141.56696
64 67 157.47754
64 68 166.65644
64 69 170.64521
64 70 108.01575
64 71 154.40472
64 72 152.13151
64 73 126.43902
64 74 169.39238
64 75 158.66193
64 76 130.55804
64 77 176.08081
64 78 139.18402
64 79 189.71986
64 80 173.64726
64 81 182.61845
64 82 131.73552
64 83 148.13535
64 84 163.55693
64 85 176.90845
64 86 147.72498
64 87 185.73479
64 88 185.43935
64 89 186.95391
64 90 149.50593
64 91 183.09645
64 92 174.56737
64 93 171.83658
64 94 172.73794
64 95 160.47847
64 96 176.11262
64 97 147.61739
64 98 177.38502
64 99 207.22065
65 66 160.37252
65 67 145.9205
65 68 176.89735
65 69 154.36897
65 70 204.69061
65 71 147.72017
65 72 155.27355
65 73 211.48974
65 74 144.05706
65 75 156.85988
65 76 174.67558
65 77 126.10788
65 78 169.2312
65 79 123.83796
65 80 145.85716
65 81 119.16359
65 82 176.84158
65 83 155.77126
65 84 166.20839
65 85 145.05407
65 86 155.59761
65 87 117.31303
65 88 129.2737
65 89 114.82245
65 90 152.09777
65 91 143.25669
65 92 175.6322
65 93 157.6354
65 94 166.31357
65 95 156.92764
65 96 129.06623
65 97 154.02311
65 98 161.22708
65 99 120.6531
66 67 120.56817
66 68 146.34991
66 69 144.58348
66 70 145.7039
66 71 112.83925
66 72 122.94123
66 73 156.68671
66 74 137.07812
66 75 133.33815
66 76 121.28534
66 77 135.71586
66 78 115.41154
66 79 148.67751
66 80 136.69388
66 81 141.75054
66 82 125.88641
66 83 108.7076
66 84 145.18256
66 85 139.91321
66 86 107.54812
66 87 145.3805
66 88 144.92798
66 89 146.00688
66 90 108.76607
66 91 151.66528
66 92 160.09738
66 93 140.09697
66 94 153.36127
66 95 127.74251
66 96 134.70534
66 97 108.50801
66 98 154.68127
66 99 165.93078
67 68 161.44171
67 69 126.7113
67 70 159.54549
67 71 115.00235
67 72 110.89083
67 73 165.58634
67 74 117.02574
67 75 118.57351
67 76 128.86791
67 77 119.83053
67 78 135.28557
67 79 142.32758
67 80 141.18977
67 81 126.86578
67 82 130.93466
67 83 122.67427
67 84 131.70506
67 85 143.6679
67 86 121.38979
67 87 128.99612
67 88 140.94415
67 89 131.14041
67 90 112.69585
67 91 131.3273
67 92 146.22793
67 93 149.41108
67 94 137.83899
67 95 139.1677
67 96 128.45654
67 97 112.06259
67 98 137.33802
67 99 157.05783
68 69 188.11975
68 70 174.23519
68 71 146.46059
68 72 168.10998
68 73 191.2216
68 74 177.90208
68 75 178.38885
68 76 164.73488
68 77 164.05437
68 78 133.54414
68 79 153.95271
68 80 131.04173
68 81 165.74497
68 82 169.69862
68 83 139.71162
68 84 190.981
68 85 132.15187
68 86 141.18357
68 87 170.64059
68 88 148.11749
68 89 168.20153
68 90 149.9077
68 91 190.8404
68 92 205.96596
68 93 119.4946
68 94 198.52415
68 95 123.00343
68 96 149.70898
68 97 152.24681
68 98 198.7109
68 99 168.68319
69 70 169.71681
69 71 141.71278
69 72 121.9045
69 73 168.55372
69 74 112.22418
69 75 112.34644
69 76 140.45585
69 77 134.6177
69 78 159.99455
69 79 161.43137
69 80 166.52987
69 81 139.9575
69 82 138.95052
69 83 148.86752
69 84 112.50677
69 85 168.60897
69 86 147.47506
69 87 138.52146
69 88 162.07348
69 89 142.69777
69 90 138.55808
69 91 114.82763
69 92 122.16511
69 93 175.70514
69 94 112.72733
69 95 165.85281
69 96 150.12955
69 97 136.78133
69 98 110.64061
69 99 171.72798
70 71 158.38966
70 72 152.90677
70 73 118.47574
70 74 169.86369
70 75 158.19666
70 76 131.16036
70 77 178.80783
70 78 145.47399
70 79 194.34074
70 80 179.51506
70 81 185.56482
70 82 131.06739
70 83 153.01185
70 84 161.4562
70 85 182.8008
70 86 152.42226
70 87 188.33752
70 88 190.35868
70 89 189.918
70 90 153.00179
70 91 182.94213
70 92 171.26364
70 93 178.48498
70 94 170.40875
70 95 166.80179
70 96 180.40167
70 97 150.76308
70 98 175.53143
70 99 211.63328
71 72 123.19515
71 73 168.39084
71 74 131.57361
71 75 132.79941
71 76 131.56414
71 77 123.97635
71 78 123.27318
71 79 136.30987
71 80 128.21534
71 81 129.44586
71 82 135.43486
71 83 109.2124
71 84 145.85509
71 85 131.11148
71 86 108.46706
71 87 133.42316
71 88 133.04703
71 89 133.59794
71 90 106.34929
71 91 145.17572
71 92 160.67521
71 93 134.98623
71 94 152.60899
71 95 124.22644
71 96 122.08597
71 97 109.4911
71 98 152.33532
71 99 153.3074
72 73 156.65687
72 74 117.29993
72 75 110.42289
72 76 121.7848
72 77 129.61336
72 78 138.30969
72 79 153.20543
72 80 150.98061
72 81 136.64653
72 82 122.44519
72 83 128.39856
72 84 122.9306
72 85 153.65686
72 86 126.92701
72 87 138.00173
72 88 151.8058
72 89 140.75249
72 90 118.33209
72 91 131.50252
72 92 137.89819
72 93 158.16041
72 94 130.55999
72 95 146.98324
72 96 139.33389
72 97 115.86566
72 98 131.76818
72 99 167.65368
73 74 171.89257
73 75 158.79618
73 76 137.2811
73 77 185.41677
73 78 160.3319
73 79 204.64692
73 80 192.73492
73 81 192.44729
73 82 134.6519
73 83 164.98122
73 84 157.97746
73 85 196.01988
73 86 164.07882
73 87 194.39772
73 88 201.37753
73 89 196.72637
73 90 162.31659
73 91 183.00851
73 92 164.27771
73 93 193.3715
73 94 165.87085
73 95 181.18607
73 96 190.28823
73 97 159.53096
73 98 171.90869
73 99 221.21974
74 75 113.47024
74 76 138.92151
74 77 122.5017
74 78 152.15845
74 79 149.29401
74 80 154.76747
74 81 128.19915
74 82 138.9388
74 83 139.68215
74 84 122.44516
74 85 156.71584
74 86 138.41221
74 87 127.36635
74 88 149.85045
74 89 131.2967
74 90 129.68949
74 91 114.66463
74 92 134.2831
74 93 164.39638
74 94 124.91215
74 95 155.20615
74 96 137.92954
74 97 128.66664
74 98 122.31701
74 99 160.26509
75 76 128.2649
75 77 133.1001
75 78 148.66966
75 79 158.93024
75 80 159.7629
75 81 139.66716
75 82 127.16817
75 83 138.69601
75 84 113.14373
75 85 162.2291
75 86 137.23692
75 87 139.74624
75 88 158.40679
75 89 143.28352
75 90 128.49408
75 91 124.77869
75 92 127.8761
75 93 167.71387
75 94 120.16655
75 95 156.91654
75 96 145.9377
75 97 126.20487
75 98 121.51907
75 99 171.72436
76 77 148.5751
76 78 131.20721
76 79 167.56195
76 80 157.91565
76 81 155.53053
76 82 104.96406
76 83 129.99283
76 84 135.08533
76 85 161.1061
76 86 128.79244
76 87 157.86283
76 88 164.58986
76 89 159.85637
76 90 125.31193
76 91 152.54202
76 92 148.28207
76 93 161.09684
76 94 144.36466
76 95 148.63694
76 96 153.15839
76 97 122.3863
76 98 148.12469
76 99 183.95892
77 78 147.10985
77 79 126.81367
77 80 136.17053
77 81 107.06087
77 82 150.76495
77 83 133.01256
77 84 144.52781
77 85 137.34767
77 86 132.42115
77 87 109.69641
77 88 127.80588
77 89 111.31005
77 90 127.04236
77 91 129.74189
77 92 156.76083
77 93 147.37189
77 94 147.34491
77 95 141.284
77 96 116.91133
77 97 128.51694
77 98 144.0551
77 99 138.64358
78 79 152.87
78 80 134.5952
78 81 152.04626
78 82 136.16862
78 83 114.10527
78 84 160.17567
78 85 137.82418
78 86 114.83821
78 87 156.3305
78 88 147.92138
78 89 155.96462
78 90 122.63719
78 91 166.6086
78 92 174.96634
78 93 133.13692
78 94 168.57891
78 95 121.33832
78 96 140.83279
78 97 123.5266
78 98 170.07193
78 99 170.5523
79 80 123.22275
79 81 122.34398
79 82 171.01612
79 83 141.59092
79 84 171.02169
79 85 121.80204
79 86 142.01277
79 87 125.7903
79 88 105.86907
79 89 121.5066
79 90 142.33223
79 91 155.20231
79 92 183.56959
79 93 134.47503
79 94 174.15853
79 95 136.20665
79 96 114.41675
79 97 145.17801
79 98 170.73861
79 99 117.68982
80 81 136.18456
80 82 162.34386
80 83 128.03337
80 84 172.89264
80 85 103.29433
80 86 129.14855
80 87 140.99691
80 88 117.35568
80 89 138.00694
80 90 134.25797
80 91 165.37218
80 92 187.28087
80 93 111.95546
80 94 178.56225
80 95 114.31957
80 96 119.87809
80 97 137.41783
80 98 177.00482
80 99 139.41399
81 82 157.79763
81 83 138.10428
81 84 150.57203
81 85 136.74969
81 86 137.70364
81 87 104.89563
81 88 124.6543
81 89 104.35321
81 90 133.25421
81 91 132.85932
81 92 162.09038
81 93 147.93173
81 94 152.61639
81 95 143.58506
81 96 116.32163
81 97 135.00227
81 98 148.74115
81 99 132.15311
82 83 134.57011
82 84 132.24651
82 85 165.50185
82 86 133.31692
82 87 159.78762
82 88 168.30382
82 89 162.07448
82 90 129.10122
82 91 151.88087
82 92 144.70578
82 93 165.86375
82 94 141.53186
82 95 153.42269
82 96 156.60102
82 97 126.04162
82 98 145.79553
82 99 187.07321
83 84 151.28804
83 85 131.27182
83 86 101.48809
83 87 142.29536
83 88 137.37053
83 89 142.1156
83 90 110.31664
83 91 153.73572
83 92 166.27125
83 93 131.63052
83 94 158.85181
83 95 119.4607
83 96 128.28498
83 97 112.53895
83 98 159.34413
83 99 159.14638
84 85 175.33198
84 86 149.80909
84 87 149.78438
84 88 170.91592
84 89 153.74172
84 90 141.26094
84 91 127.09726
84 92 114.98497
84 93 180.81352
84 94 109.29588
84 95 169.86734
84 96 158.54594
84 97 138.75044
84 98 114.14574
84 99 182.68968
85 86 132.36525
85 87 141.46973
85 88 115.98108
85 89 138.21848
85 90 137.23698
85 91 166.83983
85 92 189.59663
85 93 112.67639
85 94 180.77562
85 95 117.27152
85 96 120.64152
85 97 140.40642
85 98 179.0107
85 99 137.25417
86 87 141.80213
86 88 137.93922
86 89 141.77345
86 90 108.9174
86 91 152.53992
86 92 164.79291
86 93 133.02949
86 94 157.39653
86 95 120.9075
86 96 128.48433
86 97 111.06342
86 98 157.93371
86 99 159.49813
87 88 128.74384
87 89 104.4439
87 90 136.72971
87 91 129.86672
87 92 160.44182
87 93 152.78175
87 94 150.97733
87 95 148.45252
87 96 121.16616
87 97 138.20398
87 98 146.6239
87 99 133.23672
88 89 124.77795
88 90 139.28136
88 91 157.17874
88 92 184.05013
88 93 128.65703
88 94 174.74791
88 95 130.52343
88 96 112.51411
88 97 142.27524
88 98 171.7961
88 99 122.84971
89 90 137.55567
89 91 134.31038
89 92 164.70068
89 93 149.90856
89 94 155.2273
89 95 146.47079
89 96 118.49257
89 97 139.34104
89 98 150.98271
89 99 129.03602
90 91 144.01336
90 92 156.21887
90 93 140.19161
90 94 148.61649
90 95 128.70378
90 96 127.97863
90 97 103.17549
90 98 149.0275
90 99 159.06303
91 92 132.92887
91 93 175.94349
91 94 124.07729
91 95 167.88436
91 96 146.63499
91 97 143.20616
91 98 118.24827
91 99 162.40323
92 93 195.56144
92 94 109.4779
92 95 184.77198
92 96 171.92685
92 97 153.73291
92 98 114.70596
92 99 193.6775
93 94 187.24342
93 95 112.47656
93 96 131.61578
93 97 143.15182
93 98 186.31426
93 99 149.40998
94 95 176.82567
94 96 162.71539
94 97 146.37122
94 98 106.67811
94 99 184.21404
95 96 128.24741
95 97 131.48775
95 98 176.49026
95 99 153.21379
96 97 130.78161
96 98 160.12406
96 99 131.23666
97 98 147.11599
97 99 161.72516
98 99 179.75421
