100 20
0 1 169.61966
0 2 196.06247
0 3 164.15568
0 4 191.36463
0 5 181.10109
0 6 170.11338
0 7 149.29331
0 8 192.17866
0 9 177.872
0 10 171.83552
0 11 207.41366
0 12 144.79612
0 13 151.36215
0 14 133.39734
0 15 165.39388
0 16 176.55374
0 17 185.26098
0 18 149.40553
0 19 105.67126
0 20 147.62431
0 21 170.69627
0 22 153.85883
0 23 135.81095
0 24 163.96654
0 25 147.16087
0 26 165.56913
0 27 120.00171
0 28 166.80611
0 29 180.17282
0 30 177.01306
0 31 118.95899
0 32 185.51096
0 33 154.3754
0 34 161.3553
0 35 165.33775
0 36 161.74012
0 37 152.08212
0 38 145.82306
0 39 167.64696
0 40 195.06351
0 41 135.61801
0 42 183.9483
0 43 186.31078
0 44 125.85812
0 45 187.8746
0 46 163.44531
0 47 149.90398
0 48 142.91001
0 49 134.86593
0 50 112.68159
0 51 115.92279
0 52 184.64928
0 53 168.66079
0 54 172.73151
0 55 125.22805
0 56 164.12903
0 57 119.73573
0 58 185.17978
0 59 165.64222
0 60 133.56586
0 61 193.00057
0 62 175.65617
0 63 131.0147
0 64 170.62277
0 65 125.44037
0 66 194.43371
0 67 176.01508
0 68 173.20897
0 69 122.725
0 70 153.0146
0 71 156.39486
0 72 173.84592
0 73 124.27412
0 74 128.4187
0 75 128.03737
0 76 154.13914
0 77 180.39889
0 78 169.58148
0 79 177.06093
0 80 114.53299
0 81 121.61717
0 82 181.0982
0 83 119.12004
0 84 104.82471
0 85 145.08618
0 86 161.31354
0 87 144.67555
0 88 157.96534
0 89 151.01702
0 90 187.11744
0 91 117.37819
0 92 147.64424
0 93 142.69631
0 94 144.87585
0 95 143.90849
0 96 181.93154
0 97 144.75954
0 98 171.65422
0 99 129.10872
1 2 182.32576
1 3 111.05649
1 4 165.68742
1 5 113.87041
1 6 154.63523
1 7 196.56753
1 8 181.74634
1 9 108.88378
1 10 119.07396
1 11 187.88129
1 12 128.2232
1 13 153.0681
1 14 178.38472
1 15 111.27871
1 16 175.41655
1 17 117.83146
1 18 141.10715
1 19 165.32845
1 20 180.52472
1 21 105.62863
1 22 123.64068
1 23 194.72473
1 24 213.6705
1 25 200.59763
1 26 107.24905
1 27 161.42646
1 28 119.13993
1 29 182.26245
1 30 130.71672
1 31 166.90653
1 32 122.15352
1 33 122.73744
1 34 191.95334
1 35 179.93073
1 36 163.1342
1 37 121.89312
1 38 130.91612
1 39 206.66677
1 40 172.84193
1 41 142.00905
1 42 176.58577
1 43 165.33339
1 44 175.7347
1 45 181.57283
1 46 109.76285
1 47 145.51431
1 48 128.703
1 49 140.04147
1 50 166.80782
1 51 159.37978
1 52 167.78532
1 53 120.63174
1 54 106.81497
1 55 174.79728
1 56 205.66943
1 57 153.62804
1 58 118.0224
1 59 191.40478
1 60 189.65069
1 61 182.68824
1 62 107.37846
1 63 164.74508
1 64 189.26593
1 65 183.03103
1 66 179.3327
1 67 185.60488
1 68 171.89674
1 69 153.6234
1 70 148.94652
1 71 184.69563
1 72 114.02541
1 73 174.3099
1 74 151.06609
1 75 189.65365
1 76 127.85438
1 77 129.35842
1 78 104.42064
1 79 174.55751
1 80 155.47586
1 81 185.77576
1 82 142.96658
1 83 172.72756
1 84 165.0218
1 85 124.53388
1 86 146.36961
1 87 127.32979
1 88 171.09834
1 89 176.19181
1 90 161.54004
1 91 180.32894
1 92 159.04957
1 93 158.76212
1 94 158.00793
1 95 133.5404
1 96 158.51822
1 97 193.28651
1 98 176.86822
1 99 161.28195
2 3 190.39191
2 4 118.88192
2 5 193.27803
2 6 130.27541
2 7 174.999
2 8 104.87912
2 9 187.73742
2 10 163.70468
2 11 112.07648
2 12 191.6346
2 13 145.6825
2 14 171.46329
2 15 191.42856
2 16 120.8776
2 17 178.05436
2 18 153.21058
2 19 196.84074
2 20 158.20551
2 21 187.94562
2 22 165.17446
2 23 188.96247
2 24 184.29119
2 25 183.7963
2 26 175.78422
2 27 176.06554
2 28 163.2554
2 29 121.27757
2 30 153.0347
2 31 209.41514
2 32 170.8229
2 33 165.73821
2 34 154.75126
2 35 137.51893
2 36 134.32284
2 37 169.25659
2 38 196.72854
2 39 167.97601
2 40 112.2603
2 41 199.87067
2 42 112.5188
2 43 117.10279
2 44 176.85507
2 45 110.5561
2 46 188.35551
2 47 150.11679
2 48 189.31442
2 49 169.76664
2 50 204.50551
2 51 180.56847
2 52 114.7474
2 53 161.69714
2 54 176.97469
2 55 176.73468
2 56 170.68418
2 57 178.82578
2 58 177.4648
2 59 149.04424
2 60 184.01801
2 61 104.64693
2 62 188.01801
2 63 165.89535
2 64 140.57394
2 65 184.65473
2 66 103.06204
2 67 129.89774
2 68 123.4042
2 69 200.6606
2 70 145.72421
2 71 152.33626
2 72 169.76719
2 73 217.42673
2 74 169.44302
2 75 190.92949
2 76 160.48998
2 77 156.39504
2 78 186.61483
2 79 119.88941
2 80 186.41928
2 81 193.15397
2 82 140.96424
2 83 181.08087
2 84 192.41345
2 85 180.95098
2 86 140.83803
2 87 172.12386
2 88 140.28875
2 89 151.00528
2 90 121.71656
2 91 190.30144
2 92 148.4184
2 93 153.36725
2 94 151.19833
2 95 198.00069
2 96 123.84086
2 97 175.79128
2 98 127.64467
2 99 167.08162
3 4 174.63036
3 5 117.19329
3 6 161.47707
3 7 196.33275
3 8 189.37611
3 9 115.40547
3 10 128.85566
3 11 196.77977
3 12 120.04671
3 13 156.67751
3 14 177.53364
3 15 101.43469
3 16 181.49584
3 17 128.27678
3 18 144.4982
3 19 159.3681
3 20 181.73995
3 21 107.8766
3 22 127.25707
3 23 192.37444
3 24 213.54594
3 25 199.44559
3 26 115.14122
3 27 159.02851
3 28 127.57914
3 29 188.22095
3 30 140.53662
3 31 158.94413
3 32 133.16764
3 33 126.44246
3 34 194.16656
3 35 183.93645
3 36 167.97152
3 37 124.0606
3 38 121.493
3 39 208.13341
3 40 181.62482
3 41 133.19734
3 42 183.5994
3 43 173.66347
3 44 173.89508
3 45 188.65485
3 46 102.04739
3 47 149.02445
3 48 121.39835
3 49 138.96873
3 50 159.6507
3 51 156.03508
3 52 175.681
3 53 129.51774
3 54 117.81999
3 55 172.92474
3 56 206.69887
3 57 150.38626
3 58 128.55312
3 59 194.32908
3 60 187.62992
3 61 190.33612
3 62 112.95003
3 63 164.28558
3 64 193.15575
3 65 180.43707
3 66 187.46795
3 67 190.6476
3 68 177.80128
3 69 145.88055
3 70 153.03132
3 71 186.88749
3 72 124.64599
3 73 165.85442
3 74 149.78685
3 75 186.6124
3 76 132.09864
3 77 139.77074
3 78 107.63533
3 79 180.78771
3 80 150.75244
3 81 182.0906
3 82 152.42964
3 83 170.0241
3 84 159.82833
3 85 120.52867
3 86 152.20971
3 87 126.7643
3 88 174.72387
3 89 178.31037
3 90 170.29769
3 91 176.65832
3 92 161.72053
3 93 160.54806
3 94 160.2187
3 95 124.13452
3 96 166.83325
3 97 192.70957
3 98 182.09895
3 99 160.5449
4 5 175.72358
4 6 121.25531
4 7 180.60788
4 8 120.79481
4 9 170.31702
4 10 146.67957
4 11 122.19671
4 12 178.77345
4 13 140.22211
4 14 172.54432
4 15 175.53558
4 16 127.80086
4 17 159.76304
4 18 143.62576
4 19 191.04708
4 20 161.92147
4 21 171.30551
4 22 151.54062
4 23 191.57047
4 24 192.73692
4 25 188.87468
4 26 159.61791
4 27 171.94991
4 28 147.06287
4 29 132.38324
4 30 135.3971
4 31 202.09079
4 32 152.38576
4 33 151.93392
4 34 162.78465
4 35 144.29506
4 36 133.1338
4 37 155.67949
4 38 183.80099
4 39 177.81455
4 40 107.30173
4 41 188.70121
4 42 121.47876
4 43 106.232
4 44 176.42357
4 45 124.19951
4 46 172.63797
4 47 141.87798
4 48 176.75748
4 49 160.62004
4 50 197.91932
4 51 175.44467
4 52 110.50605
4 53 145.22557
4 54 159.87004
4 55 176.06818
4 56 179.68721
4 57 172.47424
4 58 159.16763
4 59 158.01946
4 60 186.16069
4 61 121.44648
4 62 170.82999
4 63 163.75858
4 64 150.52177
4 65 184.96612
4 66 115.91291
4 67 140.66693
4 68 127.65196
4 69 191.77409
4 70 138.37757
4 71 158.39512
4 72 152.45483
4 73 210.41137
4 74 163.17791
4 75 191.90375
4 76 147.33394
4 77 138.2709
4 78 170.07335
4 79 126.30295
4 80 179.71475
4 81 192.78681
4 82 123.02077
4 83 179.26263
4 84 187.16371
4 85 168.1508
4 86 130.71574
4 87 159.95704
4 88 142.86786
4 89 154.30942
4 90 104.64993
4 91 189.04035
4 92 145.5423
4 93 150.25361
4 94 147.87489
4 95 185.41355
4 96 109.6121
4 97 180.34343
4 98 134.52368
4 99 163.82769
5 6 166.98256
5 7 210.31819
5 8 193.1551
5 9 105.68841
5 10 129.73444
5 11 197.71594
5 12 137.23663
5 13 166.77324
5 14 191.99663
5 15 116.14902
5 16 188.06058
5 17 118.30675
5 18 154.89804
5 19 176.4269
5 20 194.39278
5 21 110.57354
5 22 137.49716
5 23 207.92571
5 24 227.449
5 25 214.1704
5 26 120.92709
5 27 174.52911
5 28 131.39865
5 29 194.93639
5 30 140.35645
5 31 176.06245
5 32 125.60142
5 33 136.59362
5 34 205.78434
5 35 193.44768
5 36 176.44868
5 37 135.71324
5 38 138.35675
5 39 220.53478
5 40 183.00603
5 41 150.18066
5 42 188.57692
5 43 176.17542
5 44 189.07398
5 45 193.47025
5 46 117.67102
5 47 159.26883
5 48 138.54979
5 49 153.45578
5 50 176.84399
5 51 172.07426
5 52 179.06992
5 53 132.34454
5 54 116.72682
5 55 188.12382
5 56 219.53718
5 57 166.34352
5 58 118.84142
5 59 205.14397
5 60 202.95839
5 61 194.07166
5 62 106.49233
5 63 178.41137
5 64 202.79151
5 65 196.11887
5 66 190.23566
5 67 198.72885
5 68 184.6648
5 69 163.05263
5 70 162.57147
5 71 198.53352
5 72 123.54089
5 73 182.81884
5 74 164.4905
5 75 202.56883
5 76 141.61469
5 77 137.66356
5 78 111.90678
5 79 187.11559
5 80 167.40789
5 81 198.37923
5 82 152.70331
5 83 185.74738
5 84 176.68185
5 85 136.52987
5 86 159.40787
5 87 140.73704
5 88 184.73843
5 89 190.04113
5 90 171.90306
5 91 192.92851
5 92 172.8725
5 93 172.63218
5 94 171.86618
5 95 140.95755
5 96 169.48144
5 97 206.97531
5 98 189.94691
5 99 174.88127
6 7 163.48163
6 8 128.34209
6 9 161.29719
6 10 137.53658
6 11 139.49518
6 12 161.37471
6 13 119.05088
6 14 152.82444
6 15 162.62666
6 16 121.23348
6 17 154.6008
6 18 123.33973
6 19 169.8787
6 20 144.25274
6 21 160.11686
6 22 135.24905
6 23 172.23209
6 24 177.57265
6 25 171.10686
6 26 147.63181
6 27 150.72144
6 28 135.66665
6 29 128.09909
6 30 129.53702
6 31 181.26413
6 32 148.49682
6 33 135.88017
6 34 148.78647
6 35 131.42108
6 36 115.17869
6 37 139.25456
6 38 166.46849
6 39 164.65442
6 40 125.46424
6 41 169.77065
6 42 122.12237
6 43 116.43598
6 44 155.9792
6 45 127.17944
6 46 159.43003
6 47 120.93744
6 48 159.0405
6 49 140.28097
6 50 176.89975
6 51 154.19573
6 52 115.99654
6 53 134.6439
6 54 150.25804
6 55 155.54553
6 56 165.57294
6 57 151.33354
6 58 154.06768
6 59 145.4463
6 60 166.67813
6 61 129.31377
6 62 161.09888
6 63 142.9516
6 64 140.0088
6 65 164.67993
6 66 127.69882
6 67 133.14972
6 68 118.16725
6 69 171.48439
6 70 117.17258
6 71 142.91112
6 72 143.82832
6 73 189.52198
6 74 141.98986
6 75 171.79359
6 76 130.45087
6 77 134.08979
6 78 158.67587
6 79 120.19122
6 80 158.66402
6 81 172.1792
6 82 121.46301
6 83 158.36357
6 84 165.93527
6 85 150.70188
6 86 110.5989
6 87 141.8488
6 88 126.20161
6 89 136.87633
6 90 117.12889
6 91 168.2058
6 92 124.96147
6 93 129.42642
6 94 127.04767
6 95 167.72542
6 96 111.98807
6 97 162.45794
6 98 124.51564
6 99 142.75256
7 8 170.1477
7 9 205.40512
7 10 188.5081
7 11 186.93903
7 12 181.99248
7 13 148.92464
7 14 119.15006
7 15 197.76525
7 16 154.74175
7 17 206.31274
7 18 157.89563
7 19 154.12029
7 20 119.24582
7 21 200.125
7 22 173.53027
7 23 118.53024
7 24 117.21372
7 25 108.91369
7 26 190.01362
7 27 139.29912
7 28 183.99287
7 29 153.93197
7 30 186.89331
7 31 168.24869
7 32 202.98667
7 33 174.4094
7 34 121.33353
7 35 137.55005
7 36 148.50781
7 37 174.68868
7 38 185.31737
7 39 119.1395
7 40 180.41987
7 41 178.90847
7 42 163.11879
7 43 174.3804
7 44 124.96847
7 45 164.52585
7 46 194.80569
7 47 154.49118
7 48 179.26634
7 49 157.3658
7 50 161.97436
7 51 144.28636
7 52 170.51949
7 53 184.67837
7 54 196.2782
7 55 125.88778
7 56 115.1362
7 57 148.65502
7 58 205.96979
7 59 127.48248
7 60 116.93036
7 61 170.57563
7 62 203.88486
7 63 132.05361
7 64 135.88031
7 65 124.13122
7 66 174.92942
7 67 145.9156
7 68 153.52855
7 69 169.23341
7 70 153.41984
7 71 122.71075
7 72 193.42289
7 73 172.69259
7 74 146.63791
7 75 125.09081
7 76 170.38238
7 77 191.58102
7 78 198.64244
7 79 156.03697
7 80 152.71698
7 81 131.17332
7 82 183.59833
7 83 131.31866
7 84 149.55718
7 85 176.15664
7 86 161.4712
7 87 169.83163
7 88 137.87939
7 89 126.64835
7 90 178.10113
7 91 132.84532
7 92 141.40798
7 93 139.42275
7 94 141.01951
7 95 184.44156
7 96 173.87369
7 97 104.53421
7 98 147.64322
7 99 135.79937
8 9 187.55307
8 10 163.4454
8 11 116.83348
8 12 189.59098
8 13 142.37405
8 14 166.92106
8 15 190.46369
8 16 116.30178
8 17 178.53628
8 18 150.65617
8 19 193.13876
8 20 153.48612
8 21 187.33911
8 22 163.56796
8 23 184.24699
8 24 179.42829
8 25 178.95531
8 26 175.02529
8 27 172.17878
8 28 162.60948
8 29 116.39925
8 30 153.21773
8 31 205.95272
8 32 171.47543
8 33 164.18064
8 34 149.87214
8 35 132.69985
8 36 130.51701
8 37 167.59116
8 38 194.68008
8 39 163.15331
8 40 115.17707
8 41 197.31334
8 42 108.23705
8 43 117.56195
8 44 172.45467
8 45 105.67774
8 46 187.33127
8 47 147.30503
8 48 187.19274
8 49 166.90398
8 50 200.91906
8 51 176.82407
8 52 114.0956
8 53 161.19029
8 54 176.66347
8 55 172.36226
8 56 165.82932
8 57 175.31229
8 58 177.95442
8 59 144.1708
8 60 179.34621
8 61 100.97172
8 62 187.69782
8 63 161.77235
8 64 135.71268
8 65 180.14749
8 66 105.91431
8 67 125.03668
8 68 119.11673
8 69 197.55274
8 70 142.80609
8 71 147.50037
8 72 169.61538
8 73 213.88191
8 74 165.97981
8 75 186.34262
8 76 158.78894
8 77 156.86683
8 78 185.96675
8 79 115.4347
8 80 182.92991
8 81 188.69581
8 82 141.5056
8 83 176.83439
8 84 188.63489
8 85 178.95237
8 86 138.7019
8 87 170.0089
8 88 135.80371
8 89 146.35252
8 90 122.74833
8 91 185.95301
8 92 144.58912
8 93 149.50938
8 94 147.40368
8 95 195.84468
8 96 123.83386
8 97 170.98086
8 98 122.9059
8 99 163.11675
9 10 124.11037
9 11 192.37095
9 12 135.0443
9 13 161.28477
9 14 187.26288
9 15 114.75709
9 16 182.37218
9 17 114.68252
9 18 149.49124
9 19 173.40441
9 20 189.20259
9 21 107.60844
9 22 132.22766
9 23 203.57814
9 24 222.48976
9 25 209.47867
9 26 115.57181
9 27 170.2522
9 28 125.71186
9 29 189.24804
9 30 134.92112
9 31 174.03509
9 32 121.36028
9 33 131.32562
9 34 200.40409
9 35 187.86054
9 36 170.81589
9 37 130.71646
9 38 136.87619
9 39 215.25968
9 40 177.58547
9 41 148.49871
9 42 182.91518
9 43 170.63819
9 44 184.60667
9 45 187.81735
9 46 115.22361
9 47 153.82291
9 48 135.99036
9 49 148.91585
9 50 174.38139
9 51 168.08977
9 52 173.47552
9 53 126.66312
9 54 111.03964
9 55 183.6675
9 56 214.34391
9 57 162.33982
9 58 115.12902
9 59 199.66342
9 60 198.52007
9 61 188.47312
9 62 102.4557
9 63 173.61573
9 64 197.20485
9 65 191.85995
9 66 184.70043
9 67 193.06279
9 68 178.97815
9 69 160.85081
9 70 157.04159
9 71 193.16759
9 72 117.97027
9 73 181.1196
9 74 159.94404
9 75 198.44252
9 76 136.19866
9 77 132.44804
9 78 108.40575
9 79 181.42756
9 80 163.89763
9 81 194.47204
9 82 147.3023
9 83 181.53781
9 84 173.34433
9 85 132.88095
9 86 153.74285
9 87 136.19689
9 88 179.20374
9 89 184.7024
9 90 166.43527
9 91 189.02145
9 92 167.49202
9 93 167.39571
9 94 166.56076
9 95 139.52219
9 96 163.92063
9 97 202.14831
9 98 184.27758
9 99 170.16268
10 11 168.85954
10 12 139.36175
10 13 140.86512
10 14 171.99881
10 15 129.54302
10 16 158.74842
10 17 118.21742
10 18 130.6125
10 19 168.71223
10 20 170.65937
10 21 124.66362
10 22 118.01994
10 23 190.27418
10 24 205.03067
10 25 193.93801
10 26 113.8181
10 27 158.71108
10 28 105.07507
10 29 165.62361
10 30 111.71018
10 31 174.08542
10 32 114.68579
10 33 117.46464
10 34 180.18668
10 35 165.87166
10 36 148.44665
10 37 119.99462
10 38 143.60851
10 39 195.69291
10 40 153.8754
10 41 152.4679
10 42 158.88145
10 43 146.62469
10 44 171.15922
10 45 163.75182
10 46 127.00502
10 47 134.21192
10 48 138.48408
10 49 137.60582
10 50 172.38565
10 51 158.48085
10 52 149.37355
10 53 103.83001
10 54 113.27303
10 55 170.32607
10 56 195.383
10 57 153.06834
10 58 117.78998
10 59 178.60285
10 60 184.80149
10 61 164.36715
10 62 124.31375
10 63 158.4541
10 64 175.14562
10 65 179.42923
10 66 160.67954
10 67 170.02661
10 68 155.50904
10 69 161.13444
10 70 136.30919
10 71 173.16439
10 72 106.2938
10 73 182.22227
10 74 147.3856
10 75 186.58131
10 76 118.9953
10 77 111.36524
10 78 123.48828
10 79 157.72769
10 80 157.33764
10 81 183.99338
10 82 123.89262
10 83 169.80965
10 84 167.01291
10 85 130.85881
10 86 131.09646
10 87 127.43267
10 88 157.87479
10 89 165.07068
10 90 142.61302
10 91 178.74668
10 92 147.93894
10 93 149.1291
10 94 147.72688
10 95 145.90927
10 96 139.8668
10 97 185.88446
10 98 161.22422
10 99 155.71366
11 12 200.0264
11 13 156.48119
11 14 183.49247
11 15 197.70188
11 16 132.946
11 17 181.2915
11 18 162.8314
11 19 207.94683
11 20 170.28005
11 21 193.49752
11 22 173.00141
11 23 201.03807
11 24 195.7447
11 25 195.7635
11 26 181.79837
11 27 187.45621
11 28 169.23166
11 29 133.04978
11 30 157.48839
11 31 220.14982
11 32 173.7784
11 33 173.46612
11 34 166.47625
11 35 149.53088
11 36 145.80742
11 37 177.14096
11 38 205.09868
11 39 179.18935
11 40 115.18001
11 41 209.14693
11 42 124.54236
11 43 123.77858
11 44 188.7856
11 45 122.41465
11 46 194.77924
11 47 160.17098
11 48 197.86484
11 49 179.71772
11 50 215.43335
11 51 191.76653
11 52 123.54424
11 53 167.4156
11 54 182.02105
11 55 188.6423
11 56 182.09065
11 57 189.71247
11 58 180.69285
11 59 160.65346
11 60 196.09265
11 61 116.36493
11 62 192.94867
11 63 177.57715
11 64 152.09689
11 65 196.65972
11 66 113.04949
11 67 141.46677
11 68 135.3519
11 69 210.86241
11 70 155.98979
11 71 164.31867
11 72 174.57707
11 73 228.27127
11 74 180.29444
11 75 202.97742
11 76 168.55793
11 77 160.1019
11 78 192.26915
11 79 131.92716
11 80 197.24808
11 81 205.12239
11 82 145.09219
11 83 192.86927
11 84 203.63204
11 85 189.33613
11 86 150.02365
11 87 180.79625
11 88 152.30411
11 89 163.07854
11 90 126.48712
11 91 202.1801
11 92 159.83333
11 93 164.79195
11 94 162.55984
11 95 206.56323
11 96 130.36626
11 97 187.81268
11 98 139.71188
11 99 178.58631
12 13 150.59357
12 14 162.84487
12 15 121.11582
12 16 178.58163
12 17 145.89567
12 18 139.54624
12 19 139.75083
12 20 169.9616
12 21 127.45977
12 22 127.27029
12 23 175.46518
12 24 199.04787
12 25 183.84052
12 26 127.36073
12 27 142.99878
12 28 135.69675
12 29 184.77427
12 30 149.49167
12 31 138.99239
12 32 148.90913
12 33 126.9502
12 34 183.58089
12 35 176.8438
12 36 163.30223
12 37 123.15817
12 38 105.09397
12 39 196.01853
12 40 185.04342
12 41 113.82582
12 42 182.61481
12 43 176.24812
12 44 158.00814
12 45 187.62523
12 46 119.84233
12 47 143.62652
12 48 102.84117
12 49 127.03438
12 50 139.61456
12 51 138.93846
12 52 177.10014
12 53 138.02153
12 54 133.52877
12 55 157.02618
12 56 193.95232
12 57 133.72596
12 58 146.02073
12 59 184.93335
12 60 171.18254
12 61 190.56047
12 62 132.63449
12 63 150.72877
12 64 185.50621
12 65 163.47061
12 66 188.98511
12 67 185.26324
12 68 174.69938
12 69 125.85119
12 70 148.21628
12 71 176.5018
12 72 137.95042
12 73 146.15787
12 74 136.03351
12 75 169.04904
12 76 131.48798
12 77 150.58544
12 78 126.68884
12 79 178.22294
12 80 132.31329
12 81 163.95473
12 82 159.31199
12 83 153.18872
12 84 140.72874
12 85 110.69957
12 86 150.89274
12 87 119.59677
12 88 167.36887
12 89 168.14273
12 90 174.14998
12 91 158.6216
12 92 153.49224
12 93 150.86833
12 94 151.30061
12 95 106.74949
12 96 169.74751
12 97 177.98341
12 98 177.43011
12 99 146.79046
13 14 135.27371
13 15 158.03449
13 16 128.73706
13 17 159.06753
13 18 112.18331
13 19 151.52894
13 20 130.22074
13 21 157.81582
13 22 129.71755
13 23 154.77995
13 24 164.77274
13 25 155.5006
13 26 145.87078
13 27 131.74418
13 28 136.93965
13 29 134.45871
13 30 137.99603
13 31 163.74781
13 32 154.82755
13 33 130.59685
13 34 139.41926
13 35 127.26263
13 36 112.91539
13 37 132.6172
13 38 155.49151
13 39 154.82997
13 40 143.70356
13 41 156.05018
13 42 134.42795
13 43 134.97455
13 44 137.47521
13 45 139.0568
13 46 154.74572
13 47 107.65917
13 48 147.89614
13 49 125.16841
13 50 158.95269
13 51 135.51021
13 52 133.34829
13 53 137.11674
13 54 150.85702
13 55 136.9593
13 56 154.57044
13 57 133.23237
13 58 158.65107
13 59 138.3787
13 60 149.14413
13 61 143.28338
13 62 160.34127
13 63 124.15363
13 64 136.48656
13 65 146.27223
13 66 143.71096
13 67 134.75136
13 68 124.87934
13 69 155.21748
13 70 104.5944
13 71 132.32417
13 72 146.45601
13 73 171.81168
13 74 123.8171
13 75 153.51364
13 76 125.22454
13 77 142.71303
13 78 156.27246
13 79 128.67492
13 80 140.78526
13 81 153.42559
13 82 135.48742
13 83 139.41376
13 84 147.35023
13 85 140.69501
13 86 112.89357
13 87 131.70881
13 88 118.10046
13 89 124.22325
13 90 136.17847
13 91 149.28342
13 92 107.52296
13 93 110.85057
13 94 108.59601
13 95 156.12866
13 96 131.0355
13 97 146.98799
13 98 126.84934
13 99 123.71713
14 15 178.9616
14 16 150.62215
14 17 189.30147
14 18 141.77091
14 19 137.3986
14 20 115.20155
14 21 181.66247
14 22 155.9232
14 23 119.51978
14 24 136.24303
14 25 122.2368
14 26 172.08537
14 27 120.25705
14 28 167.23418
14 29 152.27065
14 30 171.98528
14 31 152.00564
14 32 186.66271
14 33 156.77222
14 34 128.07832
14 35 135.7102
14 36 139.447
14 37 156.64569
14 38 166.18007
14 39 135.1869
14 40 174.035
14 41 160.056
14 42 158.95407
14 43 166.54855
14 44 107.56708
14 45 161.7579
14 46 176.06861
14 47 139.13267
14 48 160.1235
14 49 138.66121
14 50 145.734
14 51 125.49985
14 52 163.47728
14 53 168.1932
14 54 178.62152
14 55 108.17214
14 56 132.23449
14 57 129.5754
14 58 189.0045
14 59 132.78675
14 60 113.90136
14 61 167.57021
14 62 185.62499
14 63 113.71745
14 64 138.85879
14 65 113.28889
14 66 170.61623
14 67 146.20004
14 68 148.18217
14 69 151.14396
14 70 139.28036
14 71 123.87705
14 72 176.4388
14 73 157.64221
14 74 127.7468
14 75 119.55064
14 76 153.28549
14 77 176.48305
14 78 180.20718
14 79 151.57434
14 80 134.12892
14 81 122.02074
14 82 170.74464
14 83 114.27966
14 84 132.50254
14 85 157.214
14 86 148.14821
14 87 151.29905
14 88 131.19123
14 89 120.89043
14 90 169.21235
14 91 120.39175
14 92 128.1393
14 93 124.54071
14 94 126.68816
14 95 165.33848
14 96 164.39875
14 97 115.21829
14 98 144.27438
14 99 117.11543
15 16 182.72362
15 17 128.06852
15 18 145.85282
15 19 160.56985
15 20 183.16943
15 21 107.42051
15 22 128.56083
15 23 193.76598
15 24 214.97854
15 25 200.86625
15 26 115.94828
15 27 160.42952
15 28 128.47282
15 29 189.4609
15 30 141.24627
15 31 159.91893
15 32 133.22754
15 33 127.73777
15 34 195.58141
15 35 185.28977
15 36 169.27483
15 37 125.41837
15 38 122.31317
15 39 209.56208
15 40 182.55876
15 41 134.08655
15 42 184.74792
15 43 174.65746
15 44 175.30562
15 45 189.79912
15 46 103.29671
15 47 150.37904
15 48 122.5712
15 49 140.40181
15 50 160.73007
15 51 157.40465
15 52 176.73093
15 53 130.35929
15 54 118.09185
15 55 174.33474
15 56 208.13154
15 57 151.76432
15 58 128.37118
15 59 195.72558
15 60 189.03247
15 61 191.4221
15 62 112.30891
15 63 165.71869
15 64 194.5169
15 65 181.82357
15 66 188.49464
15 67 191.94948
15 68 179.04034
15 69 146.90663
15 70 154.36329
15 71 188.30166
15 72 125.11045
15 73 166.7447
15 74 151.21486
15 75 187.98001
15 76 133.38549
15 77 140.33071
15 78 107.46322
15 79 182.00333
15 80 152.05605
15 81 183.43049
15 82 153.227
15 83 171.4105
15 84 161.09078
15 85 121.93091
15 86 153.43255
15 87 128.19622
15 88 176.09004
15 89 179.72452
15 90 171.22894
15 91 178.00127
15 92 163.11492
15 93 161.96452
15 94 161.6253
15 95 124.94089
15 96 167.82444
15 97 194.13923
15 98 183.38603
15 99 161.97639
16 17 175.7797
16 18 139.04064
16 19 177.85286
16 20 137.39795
16 21 180.79773
16 22 154.4719
16 23 168.13196
16 24 165.46993
16 25 163.41679
16 26 168.2905
16 27 156.61326
16 28 156.67126
16 29 106.87928
16 30 150.52108
16 31 191.12026
16 32 169.50925
16 33 155.21976
16 34 135.47492
16 35 117.2677
16 36 115.90727
16 37 158.17941
16 38 183.59089
16 39 150.10851
16 40 126.01449
16 41 184.76619
16 42 108.47166
16 43 121.85643
16 44 156.18803
16 45 111.38061
16 46 179.46307
16 47 135.0175
16 48 175.989
16 49 153.90021
16 50 185.84168
16 51 161.51873
16 52 117.30955
16 53 155.77272
16 54 171.3375
16 55 156.11396
16 56 152.17803
16 57 160.52088
16 58 175.24007
16 59 130.37432
16 60 163.15077
16 61 116.97391
16 62 182.07219
16 63 145.8339
16 64 122.72099
16 65 163.84572
16 66 120.33397
16 67 113.2348
16 68 103.89022
16 69 183.57777
16 70 130.40067
16 71 132.0427
16 72 165.03564
16 73 198.8521
16 74 151.39226
16 75 170.06193
16 76 149.56846
16 77 154.92338
16 78 179.32093
16 79 101.50293
16 80 168.14294
16 81 172.40092
16 82 140.93298
16 83 160.69937
16 84 173.21409
16 85 168.24688
16 86 129.29232
16 87 159.14011
16 88 119.51325
16 89 130.13496
16 90 126.85309
16 91 169.71594
16 92 129.40089
16 93 134.17571
16 94 132.25196
16 95 184.43228
16 96 124.5479
16 97 155.2313
16 98 107.12565
16 99 147.44668
17 18 148.51454
17 19 181.39762
17 20 188.72882
17 21 120.71187
17 22 133.62293
17 23 207.03282
17 24 222.9858
17 25 211.41816
17 26 119.76156
17 27 174.52958
17 28 122.35303
17 29 182.60291
17 30 125.49644
17 31 184.17428
17 32 107.61747
17 33 132.83491
17 34 198.40411
17 35 183.90463
17 36 166.43356
17 37 133.93393
17 38 148.74429
17 39 213.89747
17 40 167.0541
17 41 159.71768
17 42 174.95463
17 43 161.09647
17 44 187.85065
17 45 179.60542
17 46 127.36267
17 47 152.29507
17 48 146.13701
17 49 152.88597
17 50 183.6414
17 51 173.44763
17 52 164.51566
17 53 121.95211
17 54 112.69513
17 55 186.97253
17 56 213.54233
17 57 167.78522
17 58 100.59892
17 59 196.77924
17 60 201.67584
17 61 179.4042
17 62 116.65782
17 63 175.6259
17 64 193.13334
17 65 195.80435
17 66 174.99241
17 67 187.56824
17 68 172.75849
17 69 170.87716
17 70 154.51984
17 71 191.37703
17 72 112.89453
17 73 191.77298
17 74 163.44844
17 75 202.78376
17 76 136.03846
17 77 121.67925
17 78 120.65128
17 79 174.65415
17 80 170.8076
17 81 199.61569
17 82 137.10076
17 83 185.83058
17 84 180.52443
17 85 140.78777
17 86 149.11149
17 87 140.95839
17 88 176.04951
17 89 183.25638
17 90 156.3578
17 91 194.2409
17 92 166.08128
17 93 167.0652
17 94 165.76253
17 95 151.36456
17 96 154.71661
17 97 203.52949
17 98 178.79974
17 99 172.61837
18 19 148.2315
18 20 140.27546
18 21 145.73178
18 22 117.59236
18 23 160.62962
18 24 174.47474
18 25 163.45798
18 26 133.97133
18 27 131.86269
18 28 126.16156
18 29 145.31402
18 30 130.48993
18 31 158.52545
18 32 145.13686
18 33 118.48145
18 34 150.91482
18 35 139.43825
18 36 124.04449
18 37 120.43777
18 38 144.56971
18 39 165.92078
18 40 148.64615
18 41 146.67836
18 42 143.31662
18 43 139.57044
18 44 141.88654
18 45 148.26431
18 46 142.56327
18 47 104.52629
18 48 136.97691
18 49 117.0239
18 50 154.59065
18 51 133.78474
18 52 139.30577
18 53 126.78274
18 54 139.34736
18 55 141.15245
18 56 165.26146
18 57 129.78179
18 58 148.15024
18 59 150.31884
18 60 155.04316
18 61 151.61396
18 62 148.43211
18 63 128.59198
18 64 148.66978
18 65 150.54262
18 66 150.80816
18 67 146.55053
18 68 135.16227
18 69 148.23962
18 70 108.80589
18 71 143.68814
18 72 135.66547
18 73 166.88272
18 74 121.15848
18 75 157.856
18 76 113.2926
18 77 134.83925
18 78 144.18714
18 79 138.67873
18 80 136.56757
18 81 156.3612
18 82 131.93424
18 83 141.87189
18 84 144.8565
18 85 129.23752
18 86 112.96214
18 87 120.13386
18 88 130.26787
18 89 135.26647
18 90 139.08667
18 91 151.52781
18 92 118.01117
18 93 118.55134
18 94 117.31659
18 95 145.49332
18 96 134.01588
18 97 155.31253
18 98 138.29897
18 99 126.46877
19 20 150.99904
19 21 166.11653
19 22 150.88979
19 23 141.29322
19 24 169.17992
19 25 152.42617
19 26 161.64345
19 27 121.47498
19 28 163.74286
19 29 181.86768
19 30 174.58894
19 31 114.65428
19 32 182.04117
19 33 151.33647
19 34 165.01782
19 35 167.65236
19 36 162.62181
19 37 148.77679
19 38 140.50856
19 39 172.15766
19 40 195.1222
19 41 130.06151
19 42 184.94575
19 43 186.23642
19 44 130.00048
19 45 189.07044
19 46 158.75607
19 47 149.23767
19 48 138.00888
19 49 132.64348
19 50 108.48687
19 51 116.33764
19 52 184.86657
19 53 165.69433
19 54 168.77672
19 55 129.26952
19 56 168.77543
19 57 118.58461
19 58 181.34619
19 59 168.9936
19 60 138.7972
19 61 193.99029
19 62 171.14177
19 63 133.14566
19 64 173.48465
19 65 130.58543
19 66 195.06223
19 67 178.23848
19 68 174.37148
19 69 117.05517
19 70 152.70613
19 71 159.67633
19 72 170.33331
19 73 121.27331
19 74 127.89053
19 75 133.59309
19 76 151.63031
19 77 177.74615
19 78 165.05643
19 79 178.25774
19 80 111.82763
19 81 127.24503
19 82 179.45835
19 83 123.23415
19 84 105.00827
19 85 140.84443
19 86 160.60115
19 87 141.32311
19 88 159.80459
19 89 153.73645
19 90 186.68821
19 91 122.8365
19 92 148.57579
19 93 143.70502
19 94 145.74571
19 95 138.51469
19 96 181.51328
19 97 149.59092
19 98 173.34453
19 99 130.67237
20 21 184.58716
20 22 156.98167
20 23 130.76093
20 24 134.55206
20 25 127.0212
20 26 173.64136
20 27 131.03297
20 28 166.39124
20 29 138.05233
20 30 168.17852
20 31 165.63222
20 32 184.89495
20 33 157.88219
20 34 114.34777
20 35 121.1993
20 36 129.36339
20 37 158.75019
20 38 173.97891
20 39 126.4
20 40 162.30801
20 41 169.81861
20 42 145.86764
20 43 155.72535
20 44 122.44664
20 45 148.07664
20 46 180.03565
20 47 136.44924
20 48 167.13037
20 49 143.43509
20 50 159.47537
20 51 136.82714
20 52 152.09095
20 53 166.85073
20 54 179.46292
20 55 122.82386
20 56 125.14482
20 57 139.3171
20 58 188.3476
20 59 118.02281
20 60 125.95134
20 61 154.04648
20 62 187.90261
20 63 119.94913
20 64 123.65767
20 65 128.11777
20 66 157.71911
20 67 131.35183
20 68 135.56972
20 69 162.88121
20 70 134.79535
20 71 108.79925
20 72 175.91864
20 73 171.8592
20 74 134.03095
20 75 133.41369
20 76 153.31117
20 77 172.91378
20 78 183.06228
20 79 138.53718
20 80 145.47264
20 81 136.92264
20 82 164.40979
20 83 128.74899
20 84 145.99563
20 85 162.47425
20 86 142.46752
20 87 154.98542
20 88 119.06054
20 89 107.61206
20 90 159.18823
20 91 135.59265
20 92 122.81858
20 93 121.84683
20 94 122.97176
20 95 173.61502
20 96 154.822
20 97 118.43279
20 98 130.58044
20 99 123.7799
21 22 128.14337
21 23 197.39689
21 24 217.29311
21 25 203.79412
21 26 112.50874
21 27 163.9918
21 28 124.73044
21 29 187.62824
21 30 136.26338
21 31 166.45184
21 32 126.22046
21 33 127.25125
21 34 196.36949
21 35 184.85232
21 36 168.23502
21 37 125.85615
21 38 129.28624
21 39 210.85659
21 40 178.46579
21 41 140.89049
21 42 182.11198
21 43 170.95949
21 44 178.59184
21 45 187.11034
21 46 107.62204
21 47 150.19995
21 48 128.48387
21 49 143.04446
21 50 166.88367
21 51 161.50087
21 52 173.39261
21 53 126.25634
21 54 111.92169
21 55 177.63769
21 56 209.70702
21 57 155.77089
21 58 121.03657
21 59 196.03932
21 60 192.45971
21 61 188.28274
21 62 105.1773
21 63 168.13989
21 64 194.16981
21 65 185.57137
21 66 184.95483
21 67 190.78719
21 68 177.24171
21 69 153.2885
21 70 153.81187
21 71 189.09332
21 72 119.38873
21 73 173.51257
21 74 154.06513
21 75 192.00102
21 76 132.61617
21 77 134.71764
21 78 101.54474
21 79 179.9644
21 80 156.89825
21 81 187.80839
21 82 148.5509
21 83 175.19273
21 84 166.23223
21 85 125.96943
21 86 151.65311
21 87 130.36343
21 88 175.90077
21 89 180.54933
21 90 167.16623
21 91 182.35738
21 92 163.53657
21 93 162.95964
21 94 162.34392
21 95 131.93402
21 96 164.14283
21 97 196.70439
21 98 182.08173
21 99 164.55286
22 23 173.41335
22 24 190.50264
22 25 178.13241
22 26 116.66029
22 27 141.07722
22 28 112.96188
22 29 161.12255
22 30 124.43453
22 31 157.2524
22 32 132.21493
22 33 100.90355
22 34 168.32214
22 35 156.88143
22 36 140.71519
22 37 104.14336
22 38 132.27055
22 39 183.04654
22 40 157.92867
22 41 138.30587
22 42 157.19371
22 43 149.26196
22 44 154.23134
22 45 162.26448
22 46 125.26537
22 47 122.07736
22 48 125.39821
22 49 119.6649
22 50 155.02626
22 51 140.53193
22 52 150.47443
22 53 114.81559
22 54 122.75701
22 55 153.35076
22 56 182.11958
22 57 135.06909
22 58 133.37971
22 59 167.8966
22 60 168.0739
22 61 164.53893
22 62 131.00783
22 63 142.20769
22 64 166.16346
22 65 162.2047
22 66 162.40593
22 67 163.3909
22 68 150.71967
22 69 144.75444
22 70 125.86109
22 71 161.05993
22 72 120.99528
22 73 165.55908
22 74 129.87861
22 75 169.2297
22 76 104.9039
22 77 127.03541
22 78 126.59863
22 79 153.84155
22 80 139.39292
22 81 166.30578
22 82 132.51633
22 83 152.31714
22 84 149.0343
22 85 116.7777
22 86 125.33368
22 87 110.15041
22 88 147.81755
22 89 152.55133
22 90 146.93117
22 91 160.99701
22 92 135.4337
22 93 135.16806
22 94 134.36919
22 95 133.96263
22 96 142.64621
22 97 170.47508
22 98 154.85007
22 99 139.06726
23 24 128.97717
23 25 112.43976
23 26 188.91698
23 27 133.41033
23 28 185.37166
23 29 168.67976
23 30 191.05978
23 31 154.11034
23 32 204.95596
23 33 174.21293
23 34 138.5149
23 35 151.80691
23 36 158.44598
23 37 173.54479
23 38 177.89116
23 39 137.30655
23 40 192.60675
23 41 169.5207
23 42 176.59443
23 43 185.48627
23 44 119.1822
23 45 178.82518
23 46 191.13887
23 47 158.3241
23 48 172.98667
23 49 154.72733
23 50 148.09072
23 51 136.58189
23 52 182.17818
23 53 186.51993
23 54 195.74858
23 55 120.06705
23 56 133.04062
23 57 142.06843
23 58 206.78006
23 59 144.48663
23 60 105.64368
23 61 184.80453
23 62 201.74045
23 63 132.04037
23 64 152.32371
23 65 112.00197
23 66 188.42801
23 67 161.46522
23 68 166.14352
23 69 157.92038
23 70 158.72577
23 71 137.61601
23 72 194.29961
23 73 157.22054
23 74 143.78205
23 75 107.97939
23 76 171.32671
23 77 195.46619
23 78 196.02107
23 79 169.24018
23 80 143.57964
23 81 114.71308
23 82 190.22899
23 83 122.38312
23 84 137.5632
23 85 171.85568
23 86 167.64007
23 87 167.39983
23 88 149.26814
23 89 138.04554
23 90 188.40361
23 91 118.4568
23 92 147.65411
23 93 144.00554
23 94 146.1875
23 95 176.51624
23 96 183.67882
23 97 115.10351
23 98 161.34119
23 99 134.56079
24 25 116.83903
24 26 207.05081
24 27 156.17034
24 28 200.63442
24 29 163.07051
24 30 202.71202
24 31 182.67985
24 32 219.37184
24 33 191.38849
24 34 130.00633
24 35 148.45678
24 36 162.39401
24 37 191.77972
24 38 202.2581
24 39 117.09645
24 40 191.47609
24 41 195.4154
24 42 173.38743
24 43 186.54154
24 44 141.42973
24 45 173.76151
24 46 212.01563
24 47 170.84745
24 48 196.34288
24 49 174.57831
24 50 176.52902
24 51 160.90358
24 52 182.31993
24 53 201.20825
24 54 213.21819
24 55 142.39095
24 56 113.67082
24 57 165.53274
24 58 222.62453
24 59 135.31223
24 60 130.40204
24 61 179.67921
24 62 221.00317
24 63 149.26387
24 64 143.7173
24 65 138.59524
24 66 184.77077
24 67 154.39345
24 68 165.09649
24 69 185.07093
24 70 169.34646
24 71 134.75291
24 72 210.11955
24 73 186.1542
24 74 163.84319
24 75 136.91175
24 76 187.20388
24 77 207.45493
24 78 215.80547
24 79 166.90118
24 80 169.10448
24 81 143.62563
24 82 198.42485
24 83 147.31477
24 84 164.94002
24 85 193.36141
24 86 176.89299
24 87 187.0251
24 88 151.38219
24 89 141.11677
24 90 190.80044
24 91 146.72085
24 92 157.3545
24 93 155.92375
24 94 157.31773
24 95 201.29462
24 96 187.02784
24 97 121.06454
24 98 158.42691
24 99 153.01231
25 26 194.32197
25 27 140.86477
25 28 189.25145
25 29 162.78677
25 30 193.1856
25 31 165.8424
25 32 208.55514
25 33 178.98623
25 34 130.21518
25 35 146.29874
25 36 156.35983
25 37 178.88101
25 38 186.74769
25 39 125.63826
25 40 188.94331
25 41 179.3056
25 42 171.82923
25 43 182.66202
25 44 125.83431
25 45 173.34907
25 46 198.04097
25 47 160.42026
25 48 181.21524
25 49 160.75164
25 50 159.69924
25 51 145.12624
25 52 178.9113
25 53 190.11664
25 54 200.84814
25 55 126.81663
25 56 121.24963
25 57 150.11831
25 58 211.10892
25 59 136.36437
25 60 113.63283
25 61 179.3986
25 62 207.81871
25 63 135.94593
25 64 144.78915
25 65 121.8815
25 66 183.66469
25 67 154.81884
25 68 162.05736
25 69 168.5281
25 70 159.86115
25 71 131.4621
25 72 198.53642
25 73 169.3799
25 74 149.75116
25 75 120.21931
25 76 175.38016
25 77 197.79629
25 78 202.35109
25 79 164.68424
25 80 153.00213
25 81 126.88449
25 82 190.68998
25 83 131.12805
25 84 148.28483
25 85 178.99842
25 86 168.28334
25 87 173.44202
25 88 146.01721
25 89 134.61125
25 90 186.20458
25 91 129.88473
25 92 148.00401
25 93 145.38012
25 94 147.22497
25 95 185.61909
25 96 181.83697
25 97 108.64945
25 98 156.34523
25 99 139.31603
26 27 155.8482
26 28 112.58369
26 29 175.12371
26 30 125.43417
26 31 164.70296
26 32 121.61376
26 33 115.75928
26 34 184.86684
26 35 172.68795
26 36 155.88855
26 37 115.44994
26 38 131.03047
26 39 199.6885
26 40 166.67421
26 41 141.05872
26 42 169.66098
26 43 158.89953
26 44 169.8116
26 45 174.67258
26 46 113.23317
26 47 138.34581
26 48 127.11212
26 49 134.22159
26 50 163.95335
26 51 154.26938
26 52 161.15247
26 53 114.41303
26 54 107.16714
26 55 168.89281
26 56 198.77986
26 57 148.54599
26 58 119.73123
26 59 184.22934
26 60 183.73069
26 61 175.97489
26 62 114.47236
26 63 158.38832
26 64 182.0247
26 65 177.37878
26 66 172.81993
26 67 178.37537
26 68 164.74173
26 69 151.43532
26 70 141.71906
26 71 177.62171
26 72 110.71267
26 73 172.47022
26 74 145.13757
26 75 184.1656
26 76 120.68827
26 77 124.99751
26 78 111.04724
26 79 167.45567
26 80 151.16489
26 81 180.61241
26 82 137.29234
26 83 167.18752
26 84 160.85676
26 85 121.0781
26 86 139.17383
26 87 121.74775
26 88 163.87854
26 89 169.14374
26 90 155.34463
26 91 175.1916
26 92 151.95313
26 93 151.82665
26 94 150.99183
26 95 133.50709
26 96 152.0662
26 97 186.8443
26 98 169.64724
26 99 155.04481
27 28 153.66575
27 29 160.43868
27 30 161.59447
27 31 135.59495
27 32 173.21558
27 33 141.80517
27 34 145.37142
27 35 146.24597
27 36 141.74272
27 37 140.66638
27 38 146.08873
27 39 155.01988
27 40 175.336
27 41 139.84425
27 42 163.94983
27 43 166.7006
27 44 115.03719
27 45 167.90937
27 46 157.75525
27 47 131.37979
27 48 140.35534
27 49 121.67685
27 50 129.79272
27 51 105.80665
27 52 164.84533
27 53 155.12283
27 54 162.81514
27 55 114.05499
27 56 152.33375
27 57 109.36477
27 58 174.32544
27 59 148.65844
27 60 128.60456
27 61 173.00278
27 62 168.37536
27 63 111.83177
27 64 152.44349
27 65 121.60797
27 66 174.45962
27 67 156.79149
27 68 153.23011
27 69 131.85749
27 70 133.8905
27 71 139.34132
27 72 162.06269
27 73 142.7321
27 74 111.35679
27 75 128.32089
27 76 139.82318
27 77 165.54471
27 78 162.6227
27 79 157.09146
27 80 114.45634
27 81 125.28282
27 82 163.73948
27 83 111.3399
27 84 116.66536
27 85 138.49984
27 86 142.61627
27 87 134.16264
27 88 138.33471
27 89 132.68245
27 90 167.83268
27 91 120.08422
27 92 127.65041
27 93 122.69835
27 94 124.89766
27 95 145.15022
27 96 162.66092
27 97 135.13397
27 98 151.91244
27 99 109.21708
28 29 163.54465
28 30 113.89453
28 31 169.41455
28 32 119.61414
28 33 112.43244
28 34 176.35651
28 35 162.66169
28 36 145.38888
28 37 115.14924
28 38 140.18317
28 39 191.71681
28 40 154.09758
28 41 148.43132
28 42 157.50052
28 43 146.33174
28 44 166.23308
28 45 162.46913
28 46 125.60163
28 47 129.98652
28 48 134.57625
28 49 132.53076
28 50 167.56257
28 51 153.40584
28 52 148.66866
28 53 102.32503
28 54 114.69845
28 55 165.39089
28 56 191.26278
28 57 147.99587
28 58 121.99071
28 59 175.04055
28 60 179.92161
28 61 163.55261
28 62 125.43282
28 63 153.63622
28 64 171.98609
28 65 174.45518
28 66 160.27899
28 67 167.42579
28 68 153.2663
28 69 156.56809
28 70 132.45478
28 71 169.25592
28 72 109.54077
28 73 177.60687
28 74 142.35105
28 75 181.58772
28 76 114.04568
28 77 115.06194
28 78 123.37096
28 79 155.7435
28 80 152.32109
28 81 178.94594
28 82 125.01056
28 83 164.78801
28 84 161.98231
28 85 126.60865
28 86 128.14796
28 87 122.53612
28 88 154.35933
28 89 161.03734
28 90 142.76734
28 91 173.69027
28 92 143.80758
28 93 144.7125
28 94 143.42059
28 95 142.36281
28 96 139.50071
28 97 181.27344
28 98 158.62841
28 99 150.82032
29 30 157.29178
29 31 195.50131
29 32 176.27219
29 33 161.88518
29 34 133.47727
29 35 116.87608
29 36 121.55662
29 37 164.77028
29 38 189.7469
29 39 146.96212
29 40 129.24955
29 41 190.44988
29 42 111.01893
29 43 126.87783
29 44 158.4175
29 45 110.72156
29 46 186.19267
29 47 141.14779
29 48 182.13952
29 49 159.56362
29 50 190.02789
29 51 165.60968
29 52 122.22586
29 53 162.6519
29 54 178.21423
29 55 158.45469
29 56 149.50472
29 57 165.09402
29 58 182.06039
29 59 127.78343
29 60 164.00035
29 61 116.72914
29 62 188.93909
29 63 149.18382
29 64 119.38882
29 65 165.55772
29 66 121.72598
29 67 108.76451
29 68 110.42072
29 69 188.58423
29 70 136.5673
29 71 131.42155
29 72 171.91177
29 73 203.03652
29 74 156.20102
29 75 171.35847
29 76 156.2237
29 77 161.64815
29 78 186.14698
29 79 107.95057
29 80 172.66819
29 81 174.27373
29 82 147.42781
29 83 163.44577
29 84 177.104
29 85 174.55122
29 86 136.0555
29 87 165.44772
29 88 122.22931
29 89 131.38811
29 90 132.17486
29 91 172.03071
29 92 134.05606
29 93 138.57124
29 94 136.87404
29 95 190.49653
29 96 130.52758
29 97 154.98158
29 98 108.52644
29 99 151.22163
30 31 181.66225
30 32 118.98927
30 33 124.26179
30 34 175.9649
30 35 160.05164
30 36 142.66542
30 37 127.72904
30 38 154.04673
30 39 191.79955
30 40 142.66475
30 41 161.93129
30 42 149.45819
30 43 135.95097
30 44 172.37631
30 45 154.12231
30 46 138.66107
30 47 132.86413
30 48 148.24096
30 49 142.14754
30 50 179.24784
30 51 162.44132
30 52 139.14328
30 53 111.6034
30 54 124.57754
30 55 171.63888
30 56 192.01484
30 57 157.4924
30 58 124.93171
30 59 173.56893
30 60 185.45251
30 61 154.10539
30 62 135.46107
30 63 159.04907
30 64 169.05065
30 65 181.01672
30 66 149.9803
30 67 162.68463
30 68 147.66912
30 69 169.17864
30 70 133.47434
30 71 169.30337
30 72 117.09622
30 73 189.98486
30 74 150.34159
30 75 188.32132
30 76 122.95896
30 77 104.78464
30 78 135.13725
30 79 149.34393
30 80 162.84839
30 81 186.58298
30 82 112.39623
30 83 172.11823
30 84 172.22108
30 85 140.02349
30 86 126.02618
30 87 134.58477
30 88 153.07446
30 89 161.79067
30 90 131.55084
30 91 181.58977
30 92 145.49456
30 93 147.81036
30 94 145.98391
30 95 156.18942
30 96 129.39063
30 97 184.78948
30 98 154.01289
30 99 156.93789
31 32 186.10041
31 33 157.49499
31 34 179.67174
31 35 181.82036
31 36 175.55053
31 37 154.3094
31 38 137.8634
31 39 186.56856
31 40 206.71884
31 41 126.0293
31 42 197.8449
31 43 197.69876
31 44 144.55525
31 45 202.17249
31 46 158.83268
31 47 160.33159
31 48 138.20873
31 49 141.73279
31 50 106.2986
31 51 130.04893
31 52 196.76597
31 53 171.578
31 54 171.52076
31 55 143.85344
31 56 183.08125
31 57 130.65062
31 58 184.2269
31 59 183.61122
31 60 152.33479
31 61 206.83531
31 62 171.62687
31 63 147.40872
31 64 187.93889
31 65 144.31289
31 66 207.45425
31 67 192.31289
31 68 187.51555
31 69 113.29902
31 70 164.25551
31 71 174.28573
31 72 174.50962
31 73 108.41879
31 74 139.98062
31 75 146.16736
31 76 159.11054
31 77 184.19096
31 78 165.66646
31 79 191.41541
31 80 123.02531
31 81 139.48424
31 82 188.208
31 83 137.77892
31 84 119.64286
31 85 143.76585
31 86 171.3765
31 87 147.12459
31 88 173.66575
31 89 168.16837
31 90 197.58829
31 91 135.95938
31 92 161.71942
31 93 156.99661
31 94 158.86834
31 95 135.36456
31 96 192.481
31 97 163.71543
31 98 187.01032
31 99 144.63508
32 33 131.54898
32 34 193.81163
32 35 178.59269
32 36 161.11696
32 37 133.44966
32 38 152.32104
32 39 209.49219
32 40 159.66085
32 41 162.65611
32 42 168.22307
32 43 153.96394
32 44 185.83258
32 45 172.77371
32 46 131.9093
32 47 148.53695
32 48 148.72588
32 49 151.87545
32 50 185.01931
32 51 172.72469
32 52 157.53156
32 53 118.47205
32 54 115.67462
32 55 184.99509
32 56 209.38638
32 57 167.20432
32 58 107.02384
32 59 191.82037
32 60 199.48672
32 61 172.32628
32 62 122.98236
32 63 173.13578
32 64 187.71063
32 65 194.0693
32 66 167.7634
32 67 181.62715
32 68 166.6468
32 69 172.88328
32 70 150.23482
32 71 186.92692
32 72 111.71496
32 73 193.97191
32 74 161.92834
32 75 201.19766
32 76 133.64883
32 77 114.72039
32 78 125.80202
32 79 168.32647
32 80 170.9783
32 81 198.48119
32 82 129.96998
32 83 184.37757
32 84 180.71018
32 85 142.33562
32 86 143.98541
32 87 140.83541
32 88 171.14558
32 89 179.03147
32 90 149.10662
32 91 193.19435
32 92 162.09021
32 93 163.56671
32 94 162.06398
32 95 154.8682
32 96 147.72162
32 97 200.44898
32 98 172.92271
32 99 170.3963
33 34 169.22416
33 35 157.74731
33 36 141.53795
33 37 103.8019
33 38 131.92078
33 39 183.94988
33 40 158.3729
33 41 138.20892
33 42 157.86156
33 43 149.74602
33 44 155.0319
33 45 162.93286
33 46 124.44394
33 47 122.96098
33 48 125.14914
33 49 120.32974
33 50 155.35878
33 51 141.17774
33 52 151.02471
33 53 114.36137
33 54 121.88671
33 55 154.14795
33 56 183.02069
33 57 135.68508
33 58 132.59913
33 59 168.79032
33 60 168.88412
33 61 165.15115
33 62 130.10433
33 63 143.05552
33 64 167.03362
33 65 162.97639
33 66 162.9553
33 67 164.21186
33 68 151.47738
33 69 144.92003
33 70 126.71868
33 71 161.96237
33 72 120.25752
33 73 165.78135
33 74 130.63521
33 75 169.98593
33 76 105.6666
33 77 126.72456
33 78 125.70654
33 79 154.57651
33 80 139.88885
33 81 167.01512
33 82 132.64084
33 83 153.06123
33 84 149.55199
33 85 116.55107
33 86 126.04176
33 87 110.371
33 88 148.69587
33 89 153.45446
33 90 147.33514
33 91 161.69556
33 92 136.33408
33 93 136.07025
33 94 135.2727
33 95 133.66449
33 96 143.10247
33 97 171.34363
33 98 155.65707
33 99 139.8956
34 35 118.49135
34 36 133.80826
34 37 170.574
34 38 187.76186
34 39 115.9097
34 40 161.48818
34 41 184.02774
34 42 143.48392
34 43 156.60955
34 44 135.6379
34 45 144.19601
34 46 192.3736
34 47 146.63983
34 48 180.7405
34 49 156.72039
34 50 173.46183
34 51 151.15937
34 52 152.3405
34 53 176.47712
34 54 190.17975
34 55 136.18063
34 56 116.98618
34 57 153.62996
34 58 197.97284
34 59 106.14962
34 60 135.06203
34 61 150.20235
34 62 199.30545
34 63 134.23381
34 64 114.65449
34 65 139.58613
34 66 155.0252
34 67 125.04869
34 68 135.1327
34 69 177.22497
34 70 143.91372
34 71 107.28392
34 72 185.86412
34 73 185.62898
34 74 147.9405
34 75 143.35281
34 76 164.2064
34 77 180.74873
34 78 194.82841
34 79 136.89965
34 80 159.81696
34 81 148.13692
34 82 170.11933
34 83 142.26607
34 84 160.03396
34 85 175.5648
34 86 149.97873
34 87 167.60374
34 88 122.94955
34 89 115.85856
34 90 160.99781
34 91 147.86774
34 92 132.91389
34 93 133.62185
34 94 134.03757
34 95 187.52102
34 96 157.43969
34 97 123.5418
34 98 128.42081
34 99 138.00423
35 36 117.48609
35 37 159.87598
35 38 181.54097
35 39 133.84268
35 40 143.21026
35 41 180.28116
35 42 125.5781
35 43 138.11828
35 44 142.21371
35 45 127.14867
35 46 181.99891
35 47 134.91203
35 48 174.05705
35 49 150.11795
35 50 176.0305
35 51 151.78881
35 52 133.86329
35 53 162.37241
35 54 177.12642
35 55 142.3469
35 56 135.43301
35 57 152.29437
35 58 183.42442
35 59 114.16615
35 60 147.13499
35 61 133.18307
35 62 187.09572
35 63 134.50824
35 64 109.34432
35 65 148.95657
35 66 137.37957
35 67 110.71268
35 68 116.64419
35 69 176.39475
35 70 131.04728
35 71 114.84287
35 72 171.90555
35 73 188.92469
35 74 144.25963
35 75 154.5726
35 76 152.25171
35 77 164.78072
35 78 183.3142
35 79 118.62559
35 80 159.59394
35 81 157.72579
35 82 152.87825
35 83 147.68195
35 84 162.73331
35 85 167.45213
35 86 134.79655
35 87 158.65523
35 88 109.47564
35 89 114.8927
35 90 142.55076
35 91 155.79197
35 92 123.3725
35 93 126.66094
35 94 125.73719
35 95 181.8483
35 96 139.14903
35 97 138.28189
35 98 110.14213
35 99 137.20404
36 37 144.08664
36 38 168.24811
36 39 149.71512
36 40 134.78555
36 41 168.95779
36 42 122.33308
36 43 127.10258
36 44 143.72154
36 45 126.63999
36 46 165.98
36 47 119.72705
36 48 160.64234
36 49 138.06965
36 50 170.43138
36 51 146.30892
36 52 124.1559
36 53 144.99798
36 54 159.96704
36 55 143.45662
36 56 150.47285
36 57 144.9015
36 58 165.9501
36 59 130.94025
36 60 153.02691
36 61 131.37013
36 62 170.1757
36 63 131.83759
36 64 126.70524
36 65 152.07534
36 66 132.77171
36 67 122.6763
36 68 112.10912
36 69 167.70831
36 70 115.23863
36 71 127.75222
36 72 154.52949
36 73 183.41188
36 74 135.65599
36 75 158.88958
36 76 135.90413
36 77 147.41828
36 78 166.71131
36 79 115.981
36 80 152.52976
36 81 160.15735
36 82 136.32439
36 83 147.26066
36 84 158.12962
36 85 153.19893
36 86 117.35023
36 87 144.12198
36 88 111.03099
36 89 121.85953
36 90 130.02096
36 91 156.7893
36 92 114.09783
36 93 119.04441
36 94 116.89411
36 95 168.95792
36 96 125.49317
36 97 147.73343
36 98 114.25779
36 99 132.78964
37 38 128.14255
37 39 185.00086
37 40 162.07151
37 41 134.47815
37 42 161.12111
37 43 153.39679
37 44 154.40952
37 45 166.18901
37 46 122.13211
37 47 124.96396
37 48 121.34793
37 49 118.99063
37 50 152.41742
37 51 139.54104
37 52 154.57073
37 53 117.27369
37 54 122.20678
37 55 153.49808
37 56 183.8832
37 57 133.91628
37 58 133.75953
37 59 170.44764
37 60 168.32131
37 61 168.56259
37 62 129.24295
37 63 142.95856
37 64 169.09854
37 65 162.09424
37 66 166.50149
37 67 166.74578
37 68 154.39388
37 69 141.5733
37 70 129.01991
37 71 163.29221
37 72 121.85007
37 73 162.54051
37 74 129.76966
37 75 168.97334
37 76 108.80409
37 77 129.91026
37 78 124.32463
37 79 157.59334
37 80 137.55046
37 81 165.68495
37 82 136.415
37 83 151.99557
37 84 147.27405
37 85 112.75596
37 86 129.19641
37 87 107.45449
37 88 150.67454
37 89 154.73362
37 90 151.07207
37 91 160.30704
37 92 137.84916
37 93 137.10577
37 94 136.53643
37 95 129.86673
37 96 146.78794
37 97 171.45326
37 98 158.29503
37 99 139.59539
38 39 199.85242
38 40 190.1022
38 41 111.85365
38 42 187.68672
38 43 181.32134
38 44 160.97788
38 45 192.69262
38 46 121.76244
38 47 148.6063
38 48 107.60738
38 49 131.53073
38 50 139.29024
38 51 141.63805
38 52 182.19142
38 53 142.50141
38 54 136.72801
38 55 160.00048
38 56 197.6491
38 57 136.7304
38 58 148.9208
38 59 189.30555
38 60 173.83365
38 61 195.6494
38 62 134.42439
38 63 154.49058
38 64 190.11359
38 65 165.94741
38 66 194.07803
38 67 190.10044
38 68 179.70598
38 69 125.21702
38 70 153.20679
38 71 180.74692
38 72 141.72997
38 73 144.4621
38 74 139.95267
38 75 171.19298
38 76 136.54839
38 77 154.91786
38 78 128.75027
38 79 183.24811
38 80 134.36527
38 81 165.8052
38 82 164.12585
38 83 155.81611
38 84 142.07859
38 85 115.78828
38 86 155.98353
38 87 124.67805
38 88 172.0724
38 89 172.46485
38 90 179.18281
38 91 160.57346
38 92 158.17024
38 93 155.3789
38 94 155.91043
38 95 102.64934
38 96 174.80608
38 97 181.21165
38 98 182.3396
38 99 150.54642
39 40 175.90114
39 41 194.78799
39 42 157.62466
39 43 171.72155
39 44 142.24308
39 45 157.53133
39 46 206.42006
39 47 161.79814
39 48 193.20349
39 49 169.76152
39 50 180.27041
39 51 160.52667
39 52 167.31213
39 53 191.94623
39 54 205.26782
39 55 143.04547
39 56 104.42087
39 57 164.06385
39 58 213.48054
39 59 119.80704
39 60 136.06614
39 61 163.33577
39 62 214.04276
39 63 145.36408
39 64 127.6229
39 65 142.99014
39 66 168.67035
39 67 138.20123
39 68 150.28004
39 69 186.32881
39 70 159.3854
39 71 122.56528
39 72 201.25104
39 73 191.43105
39 74 159.98504
39 75 144.20598
39 76 179.15215
39 77 196.58419
39 78 209.32547
39 79 151.58721
39 80 169.22544
39 81 150.30495
39 82 186.017
39 83 148.95656
39 84 167.39387
39 85 188.82394
39 86 165.78611
39 87 181.38346
39 88 138.84893
39 89 130.68962
39 90 176.32647
39 91 151.74619
39 92 147.96058
39 93 147.91385
39 94 148.70464
39 95 199.31677
39 96 172.99047
39 97 123.44825
39 98 143.29397
39 99 149.30738
40 41 194.50527
40 42 118.31423
40 43 109.07587
40 44 178.50691
40 45 119.6556
40 46 179.62024
40 47 146.40076
40 48 182.93516
40 49 165.65695
40 50 202.28857
40 51 179.20925
40 52 110.64068
40 53 152.31484
40 54 167.09335
40 55 178.23566
40 56 178.1304
40 57 176.64582
40 58 166.45829
40 59 156.29208
40 60 187.34433
40 61 115.62811
40 62 178.07202
40 63 166.36223
40 64 148.30149
40 65 186.82945
40 66 109.56102
40 67 137.92807
40 68 126.89368
40 69 196.87767
40 70 142.5149
40 71 157.82981
40 72 159.70014
40 73 214.96088
40 74 167.25252
40 75 193.55771
40 76 153.55562
40 77 145.57262
40 78 177.21536
40 79 124.60456
40 80 184.04789
40 81 194.94228
40 82 130.30407
40 83 181.87311
40 84 191.03497
40 85 174.37036
40 86 135.69808
40 87 165.95381
40 88 143.37114
40 89 154.75458
40 90 111.33032
40 91 191.50429
40 92 148.17081
40 93 153.05008
40 94 150.71074
40 95 191.62301
40 96 115.29615
40 97 180.56673
40 98 133.1038
40 99 166.83823
41 42 189.82892
41 43 185.50554
41 44 154.02422
41 45 194.69005
41 46 133.29038
41 47 150.08996
41 48 114.0382
41 49 130.89008
41 50 127.79607
41 51 134.62411
41 52 185.75737
41 53 150.74178
41 54 147.3441
41 55 153.07748
41 56 192.17519
41 57 130.72876
41 58 159.8455
41 59 186.33591
41 60 165.96431
41 61 198.26754
41 62 146.05851
41 63 149.88183
41 64 188.25859
41 65 157.821
41 66 197.41839
41 67 189.64933
41 68 180.89218
41 69 113.72348
41 70 154.6718
41 71 177.34731
41 72 151.53772
41 73 132.65996
41 74 136.45317
41 75 162.36382
41 76 141.74564
41 77 163.4781
41 78 140.2439
41 79 184.63142
41 80 126.32252
41 81 156.53103
41 82 170.82195
41 83 148.18909
41 84 132.43351
41 85 121.9083
41 86 159.17846
41 87 128.86045
41 88 170.98296
41 89 169.5006
41 90 184.0516
41 91 151.54026
41 92 157.2096
41 93 153.62381
41 94 154.63783
41 95 109.33554
41 96 179.33517
41 97 174.59627
41 98 182.53351
41 99 146.04196
42 43 116.28833
42 44 164.34603
42 45 105.07137
42 46 181.55238
42 47 139.73947
42 48 180.1421
42 49 159.21939
42 50 192.76209
42 51 168.62316
42 52 111.70998
42 53 156.2927
42 54 171.91079
42 55 164.23371
42 56 159.94908
42 57 167.19552
42 58 174.38928
42 59 138.10969
42 60 171.59228
42 61 109.05371
42 62 182.86576
42 63 153.54391
42 64 130.00769
42 65 172.13756
42 66 111.86527
42 67 119.62224
42 68 110.9172
42 69 189.64543
42 70 135.17204
42 71 140.40821
42 72 165.14906
42 73 205.73751
42 74 157.89423
42 75 178.43515
42 76 152.3356
42 77 153.50271
42 78 180.69
42 79 107.3855
42 80 174.81962
42 81 180.63605
42 82 138.57995
42 83 168.64087
42 84 180.42315
42 85 172.05523
42 86 131.95028
42 87 163.02162
42 88 127.77243
42 89 138.57876
42 90 121.71746
42 91 177.81028
42 92 136.37975
42 93 141.29066
42 94 139.20172
42 95 188.73951
42 96 120.9432
42 97 163.68021
42 98 115.484
42 99 154.88104
43 44 170.60531
43 45 119.78774
43 46 171.6385
43 47 137.36851
43 48 174.08944
43 49 156.58261
43 50 193.32295
43 51 170.42104
43 52 104.65204
43 53 144.70362
43 54 159.89744
43 55 170.27845
43 56 173.53328
43 57 167.72102
43 58 160.51066
43 59 151.91665
43 60 180.10361
43 61 118.3859
43 62 170.93775
43 63 158.12186
43 64 144.54837
43 65 179.08412
43 66 114.06224
43 67 134.90759
43 68 121.48667
43 69 187.80345
43 70 133.55881
43 71 152.16676
43 72 152.66841
43 73 205.95777
43 74 158.34891
43 75 185.96523
43 76 144.78511
43 77 139.41753
43 78 169.65
43 79 120.35351
43 80 175.0841
43 81 187.00566
43 82 124.00608
43 83 173.64551
43 84 182.21545
43 85 165.55755
43 86 126.62273
43 87 157.04143
43 88 136.66659
43 89 148.11376
43 90 105.45986
43 91 183.37133
43 92 139.88209
43 93 144.67767
43 94 142.31156
43 95 182.7868
43 96 106.83449
43 97 174.14053
43 98 128.43256
43 99 158.37451
44 45 167.48413
44 46 172.56294
44 47 139.9737
44 48 155.3811
44 49 135.69381
44 50 138.26953
44 51 119.47493
44 52 167.87402
44 53 167.42236
44 54 176.60373
44 55 100.98244
44 56 139.03095
44 57 124.29259
44 58 187.59839
44 59 140.2537
44 60 113.92249
44 61 173.1551
44 62 182.82273
44 63 113.51932
44 64 146.03632
44 65 108.81796
44 66 175.79407
44 67 152.85073
44 68 153.45352
44 69 144.34439
44 70 140.98004
44 71 131.21882
44 72 175.12319
44 73 150.0853
44 74 124.68685
44 75 116.12512
44 76 152.18794
44 77 176.68508
44 78 177.18724
44 79 157.02373
44 80 127.76615
44 81 116.43667
44 82 172.42676
44 83 106.77633
44 84 125.17106
44 85 153.38368
44 86 150.03781
44 87 148.41041
44 88 136.68345
44 89 127.32765
44 90 172.81208
44 91 113.61397
44 92 131.02517
44 93 126.66955
44 94 129.01528
44 95 159.92471
44 96 167.833
44 97 120.5889
44 98 150.1886
44 99 115.50723
45 46 186.60766
45 47 144.60862
45 48 185.13887
45 49 164.0007
45 50 196.9876
45 51 172.73302
45 52 115.51158
45 53 161.22473
45 54 176.82841
45 55 167.43068
45 56 160.17108
45 57 171.52976
45 58 179.03506
45 59 138.49538
45 60 173.98879
45 61 106.0499
45 62 187.80329
45 63 157.20799
45 64 130.05013
45 65 175.02043
45 66 111.20416
45 67 119.37687
45 68 114.69898
45 69 194.23785
45 70 140.01832
45 71 141.9091
45 72 170.00504
45 73 209.98605
45 74 162.29553
45 75 181.10067
45 76 157.40511
45 77 158.06353
45 78 185.69447
45 79 110.81924
45 80 179.15858
45 81 183.62934
45 82 142.96281
45 83 172.06935
45 84 184.47444
45 85 177.08186
45 86 137.01209
45 87 168.03693
45 88 130.80444
45 89 141.05519
45 90 125.23315
45 91 181.03818
45 92 140.51772
45 93 145.36544
45 94 143.36188
45 95 193.72178
45 96 125.18131
45 97 165.42337
45 98 117.53793
45 99 158.76661
46 47 147.08932
46 48 120.94199
46 49 137.4461
46 50 159.3236
46 51 154.90803
46 52 173.64211
46 53 127.56663
46 54 116.3864
46 55 171.59611
46 56 205.03089
46 57 149.22715
46 58 127.60379
46 59 192.47493
46 60 186.34
46 61 188.29146
46 62 112.7993
46 63 162.75218
46 64 191.22975
46 65 179.22757
46 66 185.43386
46 67 188.65503
46 68 175.77255
46 69 145.68126
46 70 151.06716
46 71 185.09204
46 72 122.98806
46 73 165.89726
46 74 148.32946
46 75 185.48162
46 76 130.09419
46 77 138.00768
46 78 106.98795
46 79 178.75118
46 80 149.86267
46 81 181.06442
46 82 150.4947
46 83 168.81821
46 84 159.05394
46 85 119.30003
46 86 150.17492
46 87 125.10426
46 88 172.80623
46 89 176.51529
46 90 168.2948
46 91 175.62312
46 92 159.86212
46 93 158.76444
46 94 158.39666
46 95 124.41159
46 96 164.80942
46 97 191.22321
46 98 180.09546
46 99 159.0403
47 48 140.99961
47 49 119.64996
47 50 156.04551
47 51 134.0388
47 52 136.64203
47 53 130.40153
47 54 143.54232
47 55 139.30958
47 56 161.2774
47 57 130.6533
47 58 151.90749
47 59 145.89046
47 60 152.69582
47 61 148.25094
47 62 152.8169
47 63 126.48011
47 64 144.14543
47 65 148.74737
47 66 147.84621
47 67 142.11662
47 68 131.12798
47 69 150.69369
47 70 104.62202
47 71 139.44847
47 72 139.52633
47 73 168.60411
47 74 121.49699
47 75 156.0758
47 76 117.66146
47 77 137.40938
47 78 148.65577
47 79 134.74152
47 80 137.83701
47 81 155.0813
47 82 132.66675
47 83 140.65839
47 84 145.52751
47 85 133.4719
47 86 111.41035
47 87 124.3996
47 88 125.75245
47 89 131.10955
47 90 137.46809
47 91 150.47092
47 92 113.84045
47 93 115.09008
47 94 113.53
47 95 149.41508
47 96 132.30452
47 97 152.12238
47 98 133.95161
47 99 124.89796
48 49 124.2011
48 50 138.40023
48 51 136.42053
48 52 174.83343
48 53 136.89743
48 54 133.59541
48 55 154.39873
48 56 191.15581
48 57 131.12558
48 58 146.22583
48 59 182.09561
48 60 168.63709
48 61 188.16095
48 62 133.62463
48 63 147.93142
48 64 182.69767
48 65 160.98601
48 66 186.69397
48 67 182.53183
48 68 172.10338
48 69 124.94005
48 70 145.6014
48 71 173.66064
48 72 137.51854
48 73 145.64905
48 74 133.22023
48 75 166.67032
48 76 129.42404
48 77 149.57858
48 78 127.58681
48 79 175.65282
48 80 130.0551
48 81 161.68785
48 82 157.70392
48 83 150.66801
48 84 138.71907
48 85 108.62742
48 86 148.51734
48 87 117.19424
48 88 164.58332
48 89 165.3025
48 90 172.12252
48 91 156.32493
48 92 150.69791
48 93 148.04109
48 94 148.48977
48 95 108.70171
48 96 167.64626
48 97 175.28005
48 98 174.74201
48 99 143.99568
49 50 138.19144
49 51 120.87708
49 52 156.17349
49 53 134.19936
49 54 141.14854
49 55 134.75829
49 56 168.0451
49 57 115.51561
49 58 152.69351
49 59 157.90872
49 60 149.61205
49 61 167.84388
49 62 147.15715
49 63 125.31688
49 64 158.59396
49 65 143.15827
49 66 167.48603
49 67 159.04203
49 68 150.03407
49 69 131.22083
49 70 124.09804
49 71 149.57545
49 72 140.53598
49 73 150.13305
49 74 111.03706
49 75 149.99064
49 76 119.30884
49 77 145.58067
49 78 141.60778
49 79 153.8001
49 80 120.82304
49 81 146.74683
49 82 146.93046
49 83 133.01009
49 84 130.07459
49 85 119.07065
49 86 129.98593
49 87 112.72837
49 88 140.67695
49 89 141.15434
49 90 156.05819
49 91 141.39838
49 92 126.76557
49 93 123.85312
49 94 124.41246
49 95 131.73504
49 96 151.0164
49 97 153.78495
49 98 151.70369
49 99 121.59647
50 51 124.42145
50 52 192.17888
50 53 169.64444
50 54 170.94627
50 55 137.57542
50 56 176.78913
50 57 125.72098
50 58 183.64929
50 59 177.47535
50 60 146.15223
50 61 201.78628
50 62 172.02345
50 63 141.54278
50 64 181.95477
50 65 138.08546
50 66 202.63479
50 67 186.58377
50 68 182.29868
50 69 114.0969
50 70 159.77445
50 71 168.16041
50 72 173.33126
50 73 113.01503
50 74 135.14031
50 75 140.18543
50 76 156.41328
50 77 182.06163
50 78 165.9757
50 79 186.19446
50 80 118.2407
50 81 133.55388
50 82 185.06649
50 83 131.4935
50 84 113.49491
50 85 142.87533
50 86 167.27202
50 87 145.04572
50 88 168.05357
50 89 162.19871
50 90 193.47854
50 91 129.82061
50 92 156.47208
50 93 151.66662
50 94 153.62613
50 95 136.9685
50 96 188.33191
50 97 157.44046
50 98 181.5149
50 99 138.93605
51 52 168.84286
51 53 155.04797
51 54 161.3654
51 55 118.51266
51 56 157.71694
51 57 105.75177
51 58 173.28755
51 59 154.46342
51 60 132.25146
51 61 177.67104
51 62 166.09423
51 63 117.55109
51 64 158.16689
51 65 124.58038
51 66 178.83855
51 67 162.26407
51 68 158.03405
51 69 126.09048
51 70 137.09198
51 71 145.14764
51 72 161.30487
51 73 137.42692
51 74 112.63865
51 75 130.57817
51 76 139.97096
51 77 166.1323
51 78 160.19728
51 79 161.92011
51 80 108.7307
51 81 126.39738
51 82 165.66338
51 83 114.25075
51 84 111.86621
51 85 135.62559
51 86 145.44015
51 87 132.55424
51 88 143.6481
51 89 138.42416
51 90 171.19481
51 91 120.95422
51 92 132.24611
51 93 127.36774
51 94 129.4217
51 95 140.49673
51 96 166.00893
51 97 139.99454
51 98 157.09466
51 99 114.58875
52 53 147.18773
52 54 162.60836
52 55 167.59838
52 56 169.21546
52 57 166.47771
52 58 163.93687
52 59 147.52114
52 60 176.86918
52 61 115.00378
52 62 173.64859
52 63 155.73539
52 64 140.02824
52 65 176.2192
52 66 111.9315
52 67 130.28776
52 68 117.22789
52 69 187.32558
52 70 132.52367
52 71 148.13165
52 72 155.52912
52 73 204.94333
52 74 157.06124
52 75 182.98077
52 76 145.82792
52 77 142.87091
52 78 172.03957
52 79 115.80903
52 80 173.95279
52 81 184.30819
52 82 127.59905
52 83 171.24116
52 84 180.69315
52 85 166.40347
52 86 126.57909
52 87 157.67023
52 88 133.05796
52 89 144.49725
52 90 110.01814
52 91 180.8645
52 92 137.56377
52 93 142.46053
52 94 140.13256
52 95 183.53203
52 96 109.81016
52 97 170.44966
52 98 124.02659
52 99 156.26793
53 54 115.63137
53 55 166.59573
53 56 191.60308
53 57 149.70189
53 58 121.54217
53 59 174.97733
53 60 181.03571
53 61 162.1261
53 62 126.57879
53 63 154.66611
53 64 171.67032
53 65 175.72996
53 66 158.70165
53 67 166.79603
53 68 152.44497
53 69 158.77523
53 70 132.57525
53 71 169.43188
53 72 109.53383
53 73 179.79127
53 74 143.77937
53 75 182.90177
53 76 115.32333
53 77 112.77468
53 78 124.95128
53 79 154.80036
53 80 154.20674
53 81 180.40348
53 82 122.94091
53 83 166.17162
53 84 163.83609
53 85 128.90335
53 86 127.66772
53 87 124.59893
53 88 154.25817
53 89 161.30568
53 90 140.99169
53 91 175.18307
53 92 144.14913
53 93 145.3024
53 94 143.91007
53 95 144.68588
53 96 137.88664
53 97 182.05633
53 98 157.99094
53 99 151.96001
54 55 175.69625
54 56 204.54566
54 57 155.65298
54 58 112.7151
54 59 189.19269
54 60 190.50807
54 61 177.59025
54 62 111.04473
54 63 164.9049
54 64 186.46635
54 65 184.2913
54 66 173.9512
54 67 182.10881
54 68 167.95551
54 69 158.22849
54 70 146.50889
54 71 182.98921
54 72 107.5226
54 73 179.17659
54 74 151.97642
54 75 191.13522
54 76 126.15519
54 77 122.80761
54 78 111.03168
54 79 170.38911
54 80 158.33195
54 81 187.6783
54 82 136.95095
54 83 174.15358
54 84 168.02235
54 85 128.09775
54 86 142.8048
54 87 128.81526
54 88 168.61661
54 89 174.60781
54 90 155.85692
54 91 182.26645
54 92 157.33696
54 93 157.61736
54 94 156.60664
54 95 139.30102
54 96 153.13507
54 97 193.23034
54 98 173.31515
54 99 161.66531
55 56 139.87335
55 57 123.3116
55 58 186.72304
55 59 140.70501
55 60 114.85377
55 61 173.07168
55 62 181.87793
55 63 112.90736
55 64 146.35307
55 65 109.4381
55 66 175.63713
55 67 153.00778
55 68 153.33049
55 69 143.46943
55 70 140.40111
55 71 131.61436
55 72 174.25684
55 73 149.48202
55 74 123.76072
55 75 116.76622
55 76 151.34736
55 77 175.92958
55 78 176.23507
55 79 156.92792
55 80 126.83394
55 81 116.72732
55 82 171.81149
55 83 106.10833
55 84 124.41016
55 85 152.41141
55 86 149.4645
55 87 147.47065
55 88 136.6265
55 89 127.4796
55 90 172.42118
55 91 113.60897
55 92 130.61023
55 93 126.18415
55 94 128.54173
55 95 158.95215
55 96 167.42395
55 97 121.525
55 98 150.18666
55 99 114.72707
56 57 161.50971
56 58 213.14241
56 59 121.84303
56 60 132.04004
56 61 166.06321
56 62 213.04723
56 63 143.22442
56 64 130.12239
56 65 139.2014
56 66 171.22554
56 67 140.7944
56 68 152.04664
56 69 183.30916
56 70 159.15844
56 71 122.80563
56 72 200.80319
56 73 187.73851
56 74 157.96613
56 75 140.07891
56 76 178.39112
56 77 196.79432
56 78 208.18504
56 79 153.63225
56 80 166.36325
56 81 146.28174
56 82 186.77979
56 83 145.66584
56 84 164.08151
56 85 187.11072
56 86 165.99709
56 87 179.93654
56 88 139.47241
56 89 130.35491
56 90 177.972
56 91 147.94095
56 92 147.46239
56 93 146.96181
56 94 147.95278
56 95 197.01363
56 96 174.42291
56 97 119.56894
56 98 145.21435
56 99 147.16187
57 58 167.63362
57 59 156.40742
57 60 137.54992
57 61 176.19159
57 62 160.34896
57 63 119.40277
57 64 159.34048
57 65 130.08849
57 66 176.92522
57 67 162.49079
57 68 156.88721
57 69 124.16472
57 70 134.16642
57 71 147.21156
57 72 155.72604
57 73 138.60141
57 74 109.42056
57 75 136.25982
57 76 134.78857
57 77 161.0412
57 78 154.46077
57 79 160.78689
57 80 107.62882
57 81 132.14857
57 82 161.36807
57 83 119.68537
57 84 115.09348
57 85 129.93175
57 86 142.02359
57 87 126.85461
57 88 143.62913
57 89 139.85895
57 90 168.10576
57 91 126.7041
57 92 131.13827
57 93 126.52337
57 94 128.29076
57 95 135.78811
57 96 162.93238
57 97 144.49873
57 98 156.65805
57 99 115.75116
58 59 196.32348
58 60 201.41394
58 61 178.82156
58 62 117.06501
58 63 175.33602
58 64 192.64718
58 65 195.57473
58 66 174.40289
58 67 187.04926
58 68 172.22778
58 69 170.93191
58 70 154.09857
58 71 190.95434
58 72 112.57283
58 73 191.84997
58 74 163.2244
58 75 202.56657
58 76 135.72957
58 77 121.09422
58 78 120.93786
58 79 174.11112
58 80 170.71523
58 81 199.43172
58 82 136.51323
58 83 185.61955
58 84 180.43678
58 85 140.78394
58 86 148.63459
58 87 140.82193
58 88 175.59426
58 89 182.84747
58 90 155.76684
58 91 194.06241
58 92 165.68384
58 93 166.70158
58 94 165.38477
58 95 151.53642
58 96 154.13665
58 97 203.20354
58 98 178.28375
58 99 172.34682
59 60 140.83466
59 61 144.45699
59 62 198.70169
59 63 137.09664
59 64 108.609
59 65 144.89554
59 66 149.46194
59 67 119.18801
59 68 130.47486
59 69 180.35032
59 70 142.68441
59 71 109.33703
59 72 184.46229
59 73 189.8819
59 74 149.93302
59 75 149.04328
59 76 163.55125
59 77 178.33344
59 78 194.49459
59 79 131.84082
59 80 162.98096
59 81 153.56441
59 82 166.90563
59 83 146.70502
59 84 163.98699
59 85 176.40461
59 86 147.83512
59 87 168.09613
59 88 120.72983
59 89 116.88272
59 90 156.52929
59 91 152.95358
59 92 132.61333
59 93 134.21055
59 94 134.19789
59 95 189.24201
59 96 153.27109
59 97 129.60008
59 98 123.49579
59 99 140.65671
60 61 179.93079
60 62 196.72438
60 63 126.46821
60 64 148.32165
60 65 108.26103
60 66 183.39164
60 67 157.06168
60 68 161.0331
60 69 154.94105
60 70 153.08232
60 71 133.34897
60 72 188.90877
60 73 156.20728
60 74 138.60933
60 75 108.3954
60 76 165.88218
60 77 189.87317
60 78 191.0642
60 79 164.218
60 80 139.74853
60 81 114.24403
60 82 184.58742
60 83 118.01976
60 84 134.66399
60 85 167.10183
60 86 162.0001
60 87 162.32322
60 88 144.0847
60 89 133.01591
60 90 182.93563
60 91 116.41081
60 92 142.04062
60 93 138.3637
60 94 140.55034
60 95 172.58065
60 96 178.17732
60 97 112.7122
60 98 156.46197
60 99 129.10337
61 62 188.62622
61 63 162.55069
61 64 135.9636
61 65 180.80857
61 66 106.18462
61 67 125.29018
61 68 119.88404
61 69 198.47187
61 70 143.74663
61 71 147.95615
61 72 170.53119
61 73 214.75372
61 74 166.86661
61 75 186.96934
61 76 159.76044
61 77 157.73094
61 78 186.91224
61 79 116.15873
61 80 183.81125
61 81 189.37415
61 82 142.35673
61 83 177.57941
61 84 189.475
61 85 179.92266
61 86 139.67204
61 87 170.97772
61 88 136.48684
61 89 146.95502
61 90 123.52433
61 91 186.66783
61 92 145.43023
61 93 150.34383
61 94 148.24937
61 95 196.81201
61 96 124.71633
61 97 171.46278
61 98 123.47135
61 99 163.92801
62 63 172.01379
62 64 196.43728
62 65 189.98077
62 66 184.99328
62 67 192.54248
62 68 178.62224
62 69 158.45656
62 70 156.16981
62 71 192.05191
62 72 118.37542
62 73 178.68693
62 74 158.19387
62 75 196.50946
62 76 135.1571
62 77 133.27777
62 78 106.08574
62 79 181.16287
62 80 161.74821
62 81 192.4563
62 82 147.85678
62 83 179.63522
62 84 171.15324
62 85 130.74426
62 86 153.23565
62 87 134.42883
62 88 178.3348
62 89 183.5552
62 90 166.86067
62 91 187.00446
62 92 166.39594
62 93 166.13986
62 94 165.37699
62 95 137.06988
62 96 164.17899
62 97 200.57025
62 98 183.77667
62 99 168.51253
63 64 140.62017
63 65 122.32749
63 66 164.52779
63 67 145.11774
63 68 142.66766
63 69 143.2555
63 70 127.49861
63 71 127.84607
63 72 162.7787
63 73 154.41689
63 74 114.77693
63 75 129.64381
63 76 139.64334
63 77 163.43099
63 78 166.66943
63 79 146.44942
63 80 125.90967
63 81 129.2752
63 82 158.91049
63 83 115.52487
63 84 128.22742
63 85 144.20456
63 86 136.56395
63 87 137.80339
63 88 126.96077
63 89 120.87337
63 90 159.96236
63 91 125.2855
63 92 118.23977
63 93 113.53221
63 94 115.91457
63 95 153.96733
63 96 154.9006
63 97 128.56726
63 98 140.67633
63 99 103.94445
64 65 151.60918
64 66 141.11462
64 67 110.67633
64 68 123.47645
64 69 183.50105
64 70 140.35813
64 71 115.13848
64 72 181.20415
64 73 194.64965
64 74 151.90348
64 75 156.33532
64 76 161.56028
64 77 173.74821
64 78 192.63059
64 79 124.21988
64 80 166.36352
64 81 160.38985
64 82 161.34605
64 83 152.12962
64 84 168.49287
64 85 176.33782
64 86 144.05218
64 87 167.64363
64 88 118.45378
64 89 119.77247
64 90 149.41046
64 91 159.24837
64 92 132.06914
64 93 134.81296
64 94 134.20875
64 95 190.30263
64 96 146.57129
64 97 137.69249
64 98 116.32555
64 99 143.78002
65 66 183.73731
65 67 159.37716
65 68 161.31575
65 69 146.68242
65 70 149.79799
65 71 136.47972
65 72 183.17869
65 73 148.56138
65 74 132.36281
65 75 107.32904
65 76 160.434
65 77 185.27464
65 78 184.21217
65 79 164.76817
65 80 131.70383
65 81 108.80503
65 82 181.23798
65 83 110.41308
65 84 126.40508
65 85 159.93252
65 86 158.85542
65 87 155.74513
65 88 144.36609
65 89 134.17289
65 90 181.4311
65 91 108.75675
65 92 139.7191
65 93 135.44903
65 94 137.78228
65 95 164.61653
65 96 176.488
65 97 119.63865
65 98 157.5538
65 99 124.07884
66 67 130.47302
66 68 122.43409
66 69 198.48446
66 70 143.52237
66 71 152.22162
66 72 166.73064
66 73 215.51868
66 74 167.51988
66 75 190.13603
66 76 157.75426
66 77 153.33306
66 78 183.63021
66 79 119.18807
66 80 184.49396
66 81 192.1562
66 82 137.9023
66 83 179.82553
66 84 190.69936
66 85 178.2927
66 86 138.29188
66 87 169.5141
66 88 139.43295
66 89 150.3928
66 90 118.658
66 91 189.15891
66 92 146.82021
66 93 151.77864
66 94 149.56262
66 95 195.38789
66 96 120.82597
66 97 175.53982
66 98 127.32989
66 99 165.55868
67 68 115.16457
67 69 186.4706
67 70 137.78389
67 71 123.86231
67 72 176.25011
67 73 199.51067
67 74 154.12952
67 75 164.74213
67 76 158.57248
67 77 167.23198
67 78 189.27176
67 79 114.7087
67 80 169.89441
67 81 168.17187
67 82 153.77415
67 83 158.3862
67 84 173.34163
67 85 175.44637
67 86 139.32098
67 87 166.44575
67 88 118.89923
67 89 125.52848
67 90 140.02374
67 91 166.399
67 92 132.44266
67 93 136.33201
67 94 135.06668
67 95 190.60009
67 96 137.76677
67 97 147.30221
67 98 108.80528
67 99 147.67903
68 69 179.81611
68 70 126.5118
68 71 130.98723
68 72 161.78201
68 73 195.30094
68 74 147.70456
68 75 167.70428
68 76 145.81865
68 77 152.16383
68 78 175.75613
68 79 103.89991
68 80 164.51455
68 81 169.77189
68 82 138.6169
68 83 157.72568
68 84 169.77968
68 85 164.37738
68 86 125.63929
68 87 155.2701
68 88 117.00268
68 89 128.10978
68 90 126.0664
68 91 166.89993
68 92 125.82661
68 93 130.6665
68 94 128.67348
68 95 180.54297
68 96 123.09912
68 97 153.71479
68 98 107.15102
68 99 144.10818
69 70 154.96215
69 71 171.07783
69 72 161.33349
69 73 121.1232
69 74 132.42486
69 75 150.39813
69 76 147.04917
69 77 171.47767
69 78 152.46413
69 79 183.68731
69 80 117.40868
69 81 144.20304
69 82 176.43127
69 83 137.92708
69 84 120.35998
69 85 130.57587
69 86 161.20076
69 87 134.60967
69 88 167.57314
69 89 163.96072
69 90 187.18671
69 91 139.54983
69 92 154.54112
69 93 150.22134
69 94 151.74638
69 95 122.87351
69 96 182.18526
69 97 164.77196
69 98 180.26604
69 99 139.80051
70 71 136.85739
70 72 141.95172
70 73 172.46339
70 74 124.81769
70 75 157.09171
70 76 121.20452
70 77 138.17425
70 78 152.27249
70 79 130.1195
70 80 141.53378
70 81 156.62599
70 82 131.53053
70 83 142.38566
70 84 148.78632
70 85 138.00241
70 86 109.06649
70 87 128.90955
70 88 122.167
70 89 128.80714
70 90 134.10284
70 91 152.26453
70 92 112.02453
70 93 114.74093
70 94 112.68223
70 95 154.03192
70 96 128.91695
70 97 151.39112
70 98 129.49394
70 99 126.54367
71 72 178.77836
71 73 180.60974
71 74 141.06681
71 75 141.25484
71 76 156.97509
71 77 174.08695
71 78 187.55265
71 79 133.35423
71 80 153.69248
71 81 145.25439
71 82 164.00827
71 83 137.54813
71 84 154.6687
71 85 168.35749
71 86 143.27758
71 87 160.34346
71 88 116.72283
71 89 108.57714
71 90 156.20915
71 91 144.22486
71 92 125.6779
71 93 126.34792
71 94 126.7561
71 95 180.57114
71 96 152.31202
71 97 123.56232
71 98 124.93581
71 99 131.47723
72 73 182.4467
72 74 150.87225
72 75 190.22168
72 76 123.15823
72 77 115.34176
72 78 118.397
72 79 164.01907
72 80 159.31648
72 81 187.26277
72 82 129.48778
72 83 173.31222
72 84 169.05263
72 85 130.75797
72 86 137.19343
72 87 129.18112
72 88 163.75379
72 89 170.57479
72 90 148.50535
72 91 181.93069
72 92 153.3483
72 93 154.20888
72 94 152.94688
72 95 144.18926
72 96 145.95227
72 97 190.63553
72 98 167.44545
72 99 159.82289
73 74 147.99887
73 75 149.2539
73 76 167.49475
73 77 192.44484
73 78 172.81521
73 79 199.19777
73 80 131.0267
73 81 142.53012
73 82 196.62215
73 83 143.37842
73 84 126.20623
73 85 151.69257
73 86 179.70431
73 87 155.41742
73 88 181.03669
73 89 174.93504
73 90 205.923
73 91 139.87714
73 92 169.47491
73 93 164.6783
73 94 166.62747
73 95 141.86852
73 96 200.80499
73 97 168.19393
73 98 194.52134
73 99 151.90698
74 75 139.35149
74 76 128.47135
74 77 154.23164
74 78 152.63492
74 79 151.5997
74 80 116.97737
74 81 136.62597
74 82 153.06876
74 83 122.45464
74 84 124.0369
74 85 129.51879
74 86 132.90682
74 87 123.76506
74 88 135.23729
74 89 133.0688
74 90 158.85077
74 91 131.44031
74 92 122.14508
74 93 117.81418
74 94 119.33297
74 95 139.60129
74 96 153.66919
74 97 142.93243
74 98 147.85014
74 99 110.88667
75 76 167.58951
75 77 192.56172
75 78 190.67198
75 79 171.05031
75 80 136.83666
75 81 106.73388
75 82 188.55164
75 83 116.98165
75 84 130.10501
75 85 166.19046
75 86 166.14312
75 87 162.45846
75 88 150.70308
75 89 140.05523
75 90 188.44804
75 91 110.8616
75 92 146.85112
75 93 142.67366
75 94 144.99032
75 95 169.69033
75 96 183.54542
75 97 121.02911
75 98 163.5706
75 99 131.38773
76 77 126.27248
76 78 131.07512
76 79 148.93804
76 80 139.90111
76 81 165.09705
76 82 129.44129
76 83 150.84853
76 84 149.33234
76 85 120.82645
76 86 120.44372
76 87 112.91303
76 88 143.29061
76 89 148.53213
76 90 142.69848
76 91 159.89729
76 92 131.29732
76 93 131.4689
76 94 130.46218
76 95 138.08979
76 96 138.2596
76 97 167.51408
76 98 150.00135
76 99 136.77918
77 78 133.73849
77 79 153.71271
77 80 166.09342
77 81 190.65186
77 82 115.43102
77 83 176.21995
77 84 175.58671
77 85 141.67057
77 86 130.80945
77 87 137.08757
77 88 157.85469
77 89 166.5593
77 90 134.72342
77 91 185.59556
77 92 150.1986
77 93 152.41652
77 94 150.62867
77 95 157.18438
77 96 133.06344
77 97 189.42883
77 98 158.59871
77 99 161.20792
78 79 178.49491
78 80 155.71058
78 81 186.52833
78 82 147.38005
78 83 173.84187
78 84 165.08953
78 85 124.73257
78 86 150.15761
78 87 128.91131
78 88 174.35825
78 89 179.00973
78 90 165.90625
78 91 181.07655
78 92 161.99302
78 93 161.42567
78 94 160.80424
78 95 131.39937
78 96 162.82783
78 97 195.23578
78 98 180.57117
78 99 163.09481
79 80 168.41432
79 81 173.28552
79 82 139.61222
79 83 161.42355
79 84 173.65578
79 85 167.83514
79 86 128.58172
79 87 158.73324
79 88 120.40274
79 89 131.20956
79 90 125.35623
79 91 170.51838
79 92 129.72289
79 93 134.55402
79 94 132.57055
79 95 184.13335
79 96 123.10227
79 97 156.46047
79 98 108.49997
79 99 147.95455
80 81 131.64386
80 82 167.64014
80 83 121.87534
80 84 109.73786
80 85 131.01673
80 86 149.11542
80 87 130.14294
80 88 151.07904
80 89 146.71253
80 90 175.29524
80 91 126.31184
80 92 138.75269
80 93 134.10084
80 94 135.90342
80 95 132.93728
80 96 170.13854
80 97 148.35505
80 98 164.21434
80 99 122.58351
81 82 187.74538
81 83 114.4895
81 84 124.10647
81 85 161.86175
81 86 165.68017
81 87 158.86887
81 88 152.89215
81 89 142.90743
81 90 189.11084
81 91 105.45199
81 92 147.29076
81 93 142.76057
81 94 145.13512
81 95 164.17766
81 96 184.0917
81 97 126.89938
81 98 166.20735
81 99 130.19523
82 83 173.32357
82 84 176.44713
82 85 149.16082
82 86 122.59805
82 87 142.25187
82 88 147.30745
82 89 157.36502
82 90 119.31049
82 91 183.12254
82 92 142.82632
82 93 146.22376
82 94 144.05779
82 95 166.06131
82 96 117.80341
82 97 182.08736
82 98 145.46899
82 99 157.55396
83 84 118.43746
83 85 149.52161
83 86 151.40637
83 87 145.49247
83 88 141.36176
83 89 132.92771
83 90 175.42412
83 91 109.88229
83 92 133.76372
83 93 129.01004
83 94 131.39039
83 95 154.58573
83 96 170.33715
83 97 126.84605
83 98 155.06195
83 99 115.8477
84 85 140.50156
84 86 156.93388
84 87 139.87605
84 88 154.98744
84 89 148.75252
84 90 182.86743
84 91 119.24342
84 92 144.04579
84 93 139.1361
84 94 141.23559
84 95 140.30212
84 96 177.68324
84 97 145.0406
84 98 168.57779
84 99 125.88238
85 86 140.25086
85 87 109.10742
85 88 157.9962
85 89 159.84743
85 90 163.51934
85 91 156.41304
85 92 144.28192
85 93 142.1965
85 94 142.32094
85 95 117.264
85 96 159.07627
85 97 172.42373
85 98 167.41241
85 99 140.37692
86 87 131.32421
86 88 127.17628
86 89 135.84233
86 90 126.22061
86 91 161.27883
86 92 120.29802
86 93 123.64199
86 94 121.46036
86 95 157.18906
86 96 121.10478
86 97 159.72571
86 98 130.54329
86 99 135.5587
87 88 149.23301
87 89 151.77865
87 90 155.30854
87 91 153.45288
87 92 135.68273
87 93 134.01151
87 94 133.90107
87 95 125.87699
87 96 150.69879
87 97 166.35647
87 98 158.35072
87 99 134.19069
88 89 111.45138
88 90 140.22809
88 91 150.23456
88 92 113.91424
88 93 117.4632
88 94 116.3547
88 95 172.3978
88 96 136.02136
88 97 137.47561
88 98 113.7451
88 99 129.13336
89 90 151.59362
89 91 140.89941
89 92 117.27611
89 93 117.7743
89 94 118.20551
89 95 172.37124
89 96 147.26564
89 97 126.04051
89 98 123.51918
89 99 124.16124
90 91 185.2431
90 92 141.82008
90 93 146.4316
90 94 144.04899
90 95 180.78299
90 96 105.18591
90 97 177.61728
90 98 133.15332
90 99 159.86796
91 92 143.50413
91 93 138.81199
91 94 141.19453
91 95 159.00088
91 96 180.17024
91 97 128.37244
91 98 163.78756
91 99 125.72225
92 93 104.95872
92 94 102.85107
92 95 158.48356
92 96 136.81377
92 97 139.47528
92 98 125.73136
92 99 118.77472
93 94 102.38261
93 95 155.50499
93 96 141.3688
93 97 137.04005
93 98 130.1405
93 99 113.829
94 95 156.14605
94 96 138.98696
94 97 138.80559
94 98 128.51993
94 99 116.13624
95 96 176.33138
95 97 180.27982
95 98 182.96732
95 99 150.03043
96 97 173.21883
96 98 130.24877
96 99 154.74063
97 98 148.21452
97 99 132.18975
98 99 142.69542
