100 20
0 1 149.3995
0 2 126.57414
0 3 165.10978
0 4 151.54025
0 5 137.84252
0 6 141.78957
0 7 120.46233
0 8 179.2207
0 9 144.22316
0 10 104.72395
0 11 159.73242
0 12 133.3839
0 13 139.9765
0 14 161.51123
0 15 145.93783
0 16 108.95253
0 17 140.28238
0 18 152.27435
0 19 134.99976
0 20 149.41175
0 21 137.82296
0 22 142.17849
0 23 150.15714
0 24 163.67487
0 25 141.97776
0 26 113.60609
0 27 158.6025
0 28 118.87903
0 29 159.3083
0 30 131.34
0 31 165.57057
0 32 139.05352
0 33 166.97167
0 34 124.52066
0 35 157.4477
0 36 159.98804
0 37 151.96689
0 38 157.75482
0 39 163.27757
0 40 162.95343
0 41 146.06769
0 42 160.93377
0 43 138.80376
0 44 159.53142
0 45 138.72562
0 46 116.58697
0 47 125.15259
0 48 141.46902
0 49 135.01636
0 50 144.32993
0 51 154.51333
0 52 137.74359
0 53 119.5434
0 54 160.76597
0 55 149.09512
0 56 148.35645
0 57 147.81446
0 58 133.68078
0 59 174.63311
0 60 149.70591
0 61 131.11071
0 62 143.65587
0 63 161.98133
0 64 144.33789
0 65 129.29003
0 66 133.75578
0 67 146.26232
0 68 123.11539
0 69 152.2151
0 70 116.89958
0 71 117.75692
0 72 146.91455
0 73 145.56115
0 74 139.49428
0 75 123.57394
0 76 148.2174
0 77 116.70127
0 78 136.88693
0 79 120.32647
0 80 167.97821
0 81 149.73003
0 82 126.89814
0 83 128.72895
0 84 141.08058
0 85 124.78638
0 86 132.4808
0 87 177.32327
0 88 165.88989
0 89 143.4934
0 90 174.87755
0 91 135.33813
0 92 151.93179
0 93 159.8018
0 94 112.94506
0 95 133.74818
0 96 158.26821
0 97 130.33651
0 98 143.23999
0 99 140.5358
1 2 170.41121
1 3 182.2998
1 4 134.8565
1 5 133.13681
1 6 176.0225
1 7 169.73459
1 8 132.89369
1 9 105.74947
1 10 153.48061
1 11 149.4396
1 12 174.7252
1 13 188.8157
1 14 144.54009
1 15 144.84825
1 16 157.62536
1 17 179.68128
1 18 128.18993
1 19 183.73143
1 20 116.8463
1 21 150.89334
1 22 168.76167
1 23 112.00263
1 24 127.41322
1 25 176.94453
1 26 161.12593
1 27 109.28905
1 28 146.83576
1 29 120.32633
1 30 118.09087
1 31 116.96674
1 32 143.93356
1 33 141.78534
1 34 154.07776
1 35 108.93491
1 36 116.84767
1 37 179.54978
1 38 112.18239
1 39 167.91941
1 40 177.36553
1 41 137.71545
1 42 115.51409
1 43 150.48263
1 44 167.05114
1 45 167.50871
1 46 163.81923
1 47 155.80589
1 48 120.35202
1 49 140.01372
1 50 192.70666
1 51 131.09479
1 52 134.45889
1 53 165.74024
1 54 182.61531
1 55 132.58837
1 56 117.01807
1 57 134.0526
1 58 133.82091
1 59 126.39375
1 60 143.17642
1 61 124.59931
1 62 110.66974
1 63 113.35008
1 64 111.0039
1 65 127.87209
1 66 152.17844
1 67 157.39055
1 68 127.67542
1 69 129.2352
1 70 165.46982
1 71 154.0162
1 72 155.56131
1 73 126.26066
1 74 188.8878
1 75 126.2898
1 76 176.27879
1 77 151.44693
1 78 143.24902
1 79 169.63343
1 80 158.83855
1 81 161.59145
1 82 133.95141
1 83 172.55956
1 84 134.1365
1 85 157.97049
1 86 134.08134
1 87 138.79227
1 88 174.99819
1 89 158.24333
1 90 131.1763
1 91 116.01135
1 92 134.25019
1 93 139.36869
1 94 145.23048
1 95 182.50438
1 96 134.32348
1 97 129.72378
1 98 111.01935
1 99 153.4052
2 3 149.04909
2 4 159.32661
2 5 164.373
2 6 119.44311
2 7 122.03093
2 8 195.61932
2 9 166.12159
2 10 126.00358
2 11 186.18938
2 12 145.6106
2 13 123.06417
2 14 166.09003
2 15 147.89372
2 16 125.2211
2 17 114.5522
2 18 163.2199
2 19 118.68649
2 20 164.92543
2 21 135.28354
2 22 126.18516
2 23 173.95089
2 24 176.76104
2 25 118.9922
2 26 113.57474
2 27 179.63277
2 28 144.42745
2 29 183.78191
2 30 152.95672
2 31 187.33526
2 32 165.29359
2 33 174.22962
2 34 120.2133
2 35 177.11199
2 36 176.73925
2 37 131.95066
2 38 180.60887
2 39 155.33521
2 40 149.06865
2 41 172.64182
2 42 183.99218
2 43 164.19375
2 44 150.85844
2 45 122.49988
2 46 110.9548
2 47 147.8658
2 48 156.29857
2 49 140.22375
2 50 140.18109
2 51 164.36765
2 52 145.97393
2 53 131.70742
2 54 142.653
2 55 157.81836
2 56 163.82535
2 57 174.31242
2 58 160.23014
2 59 192.87215
2 60 152.98716
2 61 147.1504
2 62 167.12954
2 63 183.69734
2 64 167.94463
2 65 155.25276
2 66 158.47134
2 67 170.93609
2 68 147.8157
2 69 162.68966
2 70 125.37848
2 71 116.76405
2 72 142.22995
2 73 171.59127
2 74 129.21884
2 75 147.40969
2 76 128.826
2 77 140.6692
2 78 163.14296
2 79 121.61834
2 80 194.18695
2 81 141.61505
2 82 153.40933
2 83 102.22596
2 84 167.62857
2 85 116.1498
2 86 142.06522
2 87 189.36417
2 88 154.60995
2 89 167.67229
2 90 189.98136
2 91 154.59609
2 92 160.04723
2 93 186.29143
2 94 125.19845
2 95 117.93409
2 96 167.17146
2 97 143.45851
2 98 166.76529
2 99 136.36198
3 4 151.25201
3 5 195.01404
3 6 130.57802
3 7 170.51194
3 8 191.58048
3 9 181.15954
3 10 167.64763
3 11 218.63684
3 12 193.49734
3 13 167.82752
3 14 148.64843
3 15 137.95585
3 16 169.28681
3 17 139.04799
3 18 158.69946
3 19 165.17818
3 20 167.87787
3 21 132.67955
3 22 123.61685
3 23 191.69274
3 24 170.8558
3 25 131.52316
3 26 158.35763
3 27 189.23839
3 28 183.26688
3 29 201.78857
3 30 171.90582
3 31 197.119
3 32 200.61562
3 33 158.28784
3 34 140.66694
3 35 184.28305
3 36 177.9852
3 37 118.27771
3 38 194.48153
3 39 120.01966
3 40 105.66344
3 41 203.7492
3 42 197.77181
3 43 202.35549
3 44 117.68667
3 45 127.40256
3 46 157.25747
3 47 190.25355
3 48 161.99416
3 49 142.98103
3 50 188.36637
3 51 157.34506
3 52 147.9023
3 53 178.71184
3 54 107.69584
3 55 152.25535
3 56 167.14803
3 57 203.32393
3 58 191.73423
3 59 193.34703
3 60 141.1413
3 61 159.99073
3 62 185.56751
3 63 194.06676
3 64 186.52191
3 65 183.76892
3 66 198.19741
3 67 210.38179
3 68 174.70846
3 69 157.58771
3 70 172.64904
3 71 147.42702
3 72 126.74304
3 73 197.5341
3 74 176.44684
3 75 172.66722
3 76 120.52235
3 77 181.80532
3 78 198.54279
3 79 170.09721
3 80 228.07075
3 81 120.71606
3 82 185.38603
3 83 148.6924
3 84 198.1825
3 85 140.56756
3 86 149.35833
3 87 177.90802
3 88 112.66198
3 89 208.05099
3 90 184.45733
3 91 168.65984
3 92 152.14758
3 93 214.00954
3 94 153.88534
3 95 164.91718
3 96 157.13515
3 97 154.62015
3 98 185.42233
3 99 129.72763
4 5 159.78633
4 6 155.65338
4 7 169.63792
4 8 141.17028
4 9 136.05531
4 10 156.21393
4 11 181.03157
4 12 184.50199
4 13 181.97875
4 14 111.30551
4 15 114.38383
4 16 160.22822
4 17 162.42952
4 18 107.54704
4 19 177.14985
4 20 118.25753
4 21 126.41557
4 22 145.24588
4 23 146.30785
4 24 120.23317
4 25 156.88522
4 26 156.69215
4 27 139.73259
4 28 161.03264
4 29 155.17113
4 30 133.47035
4 31 147.10332
4 32 169.1109
4 33 115.54746
4 34 139.12116
4 35 134.28496
4 36 126.85804
4 37 154.11292
4 38 146.40679
4 39 134.1686
4 40 145.7882
4 41 167.12721
4 42 149.31727
4 43 173.90064
4 44 134.26596
4 45 145.79725
4 46 158.23398
4 47 170.70908
4 48 116.61422
4 49 119.12396
4 50 193.89579
4 51 106.25779
4 52 114.09961
4 53 171.08009
4 54 153.59706
4 55 102.86078
4 56 117.89666
4 57 164.78583
4 58 158.24065
4 59 142.14541
4 60 110.15187
4 61 123.30826
4 62 141.92174
4 63 144.46144
4 64 142.75935
4 65 149.67886
4 66 172.73586
4 67 182.06534
4 68 142.73431
4 69 106.40393
4 70 167.70674
4 71 143.82982
4 72 125.93249
4 73 157.35634
4 74 185.90799
4 75 140.06339
4 76 151.78527
4 77 163.17333
4 78 167.59429
4 79 169.35393
4 80 190.79464
4 81 131.75428
4 82 154.34562
4 83 160.92002
4 84 162.13736
4 85 143.28233
4 86 119.18038
4 87 130.69864
4 88 141.85338
4 89 181.43814
4 90 134.29901
4 91 127.28953
4 92 100.91994
4 93 172.74445
4 94 140.01446
4 95 176.1432
4 96 107.9013
4 97 121.61326
4 98 141.97969
4 99 127.3281
5 6 177.71701
5 7 153.4091
5 8 165.22869
5 9 128.06439
5 10 139.43085
5 11 123.63407
5 12 148.627
5 13 175.31068
5 14 171.00134
5 15 163.48832
5 16 142.11388
5 17 177.63503
5 18 155.52215
5 19 170.76491
5 20 145.84979
5 21 162.74853
5 22 174.99529
5 23 124.58743
5 24 159.49997
5 25 178.16165
5 26 151.35526
5 27 138.81169
5 28 123.2214
5 29 128.71388
5 30 126.41679
5 31 142.00236
5 32 110.81392
5 33 171.32688
5 34 156.65113
5 35 141.55385
5 36 149.86585
5 37 185.86422
5 38 132.92578
5 39 186.39891
5 40 191.3476
5 41 108.7969
5 42 134.67068
5 43 117.60913
5 44 183.97651
5 45 172.26169
5 46 154.31649
5 47 128.49964
5 48 143.30029
5 49 153.93931
5 50 171.56813
5 51 158.64041
5 52 151.64835
5 53 145.18532
5 54 192.63184
5 55 156.95796
5 56 145.36921
5 57 110.00693
5 58 104.20595
5 59 157.67493
5 60 164.41037
5 61 138.13423
5 62 122.47755
5 63 139.37874
5 64 122.24943
5 65 111.28781
5 66 120.71591
5 67 124.25979
5 68 120.31352
5 69 156.22835
5 70 147.9536
5 71 152.31246
5 72 170.65427
5 73 110.73788
5 74 171.85098
5 75 122.48683
5 76 182.10666
5 77 128.69246
5 78 110.39118
5 79 153.50471
5 80 133.09436
5 81 175.66546
5 82 110.9674
5 83 166.54714
5 84 103.31378
5 85 158.88997
5 86 147.87049
5 87 171.75518
5 88 191.6821
5 89 125.22468
5 90 164.24208
5 91 132.50817
5 92 159.56838
5 93 121.98214
5 94 143.24438
5 95 169.53541
5 96 162.58982
5 97 142.55352
5 98 122.11829
5 99 165.8201
6 7 141.47072
6 8 195.74193
6 9 172.8585
6 10 142.77591
6 11 200.74016
6 12 165.02435
6 13 137.40894
6 14 159.29434
6 15 141.82474
6 16 143.12143
6 17 108.96697
6 18 161.39793
6 19 134.60313
6 20 166.3947
6 21 129.24092
6 22 111.45872
6 23 182.19744
6 24 175.30871
6 25 101.31493
6 26 131.27664
6 27 184.70831
6 28 160.63963
6 29 192.47962
6 30 160.60743
6 31 192.77447
6 32 180.58607
6 33 168.61666
6 34 122.30016
6 35 181.06448
6 36 178.2151
6 37 112.68549
6 38 187.49345
6 39 141.02148
6 40 131.66335
6 41 186.39911
6 42 190.95799
6 43 180.58806
6 44 136.53854
6 45 109.87731
6 46 129.3591
6 47 165.61079
6 48 158.2489
6 49 138.47571
6 50 157.81076
6 51 161.60514
6 52 144.93299
6 53 150.87573
6 54 123.63281
6 55 155.03762
6 56 165.37196
6 57 187.25811
6 58 173.8081
6 59 194.71656
6 60 146.96119
6 61 151.4266
6 62 175.37983
6 63 189.24777
6 64 176.29207
6 65 167.34625
6 66 175.37248
6 67 187.91754
6 68 158.77701
6 69 160.57857
6 70 144.56928
6 71 125.40459
6 72 132.34833
6 73 183.1939
6 74 145.87093
6 75 157.58131
6 76 110.07714
6 77 157.75409
6 78 178.41885
6 79 141.05753
6 80 209.39599
6 81 129.17481
6 82 166.94771
6 83 118.62184
6 84 181.03069
6 85 119.09455
6 86 142.94038
6 87 186.29191
6 88 138.28292
6 89 184.95469
6 90 189.302
6 91 160.15034
6 92 156.52096
6 93 198.98863
6 94 134.65187
6 95 134.34134
6 96 163.40748
6 97 146.45541
6 98 175.09269
6 99 128.58418
7 8 199.61764
7 9 164.44323
7 10 116.26038
7 11 172.05743
7 12 123.61419
7 13 122.01172
7 14 178.62433
7 15 161.46263
7 16 112.23326
7 17 135.79412
7 18 171.40751
7 19 117.82998
7 20 169.55547
7 21 150.67023
7 22 147.06822
7 23 169.60819
7 24 183.49824
7 25 141.01541
7 26 113.75379
7 27 178.88021
7 28 130.43126
7 29 178.15925
7 30 151.73334
7 31 185.64618
7 32 150.98983
7 33 185.18281
7 34 134.65041
7 35 177.88306
7 36 180.36034
7 37 153.90223
7 38 177.54466
7 39 174.17653
7 40 169.95332
7 41 160.41267
7 42 180.60473
7 43 147.98601
7 44 169.89691
7 45 143.26365
7 46 113.66701
7 47 129.97095
7 48 161.37818
7 49 151.4287
7 50 124.36923
7 51 173.3629
7 52 155.54108
7 53 110.8779
7 54 164.44859
7 55 167.45762
7 56 168.48182
7 57 163.24368
7 58 149.26118
7 59 195.09524
7 60 165.96479
7 61 151.05454
7 62 163.37751
7 63 182.09416
7 64 163.98514
7 65 147.26553
7 66 141.63556
7 67 153.35705
7 68 142.75587
7 69 171.20899
7 70 105.57539
7 71 127.62522
7 72 159.13599
7 73 162.73543
7 74 119.28384
7 75 143.61695
7 76 150.65303
7 77 125.24029
7 78 149.01652
7 79 100.4157
7 80 178.78403
7 81 160.11395
7 82 143.27554
7 83 123.09979
7 84 156.30925
7 85 132.25819
7 86 150.5232
7 87 197.02829
7 88 174.74111
7 89 149.66364
7 90 195.12438
7 91 155.78368
7 92 170.15477
7 93 174.9467
7 94 129.6649
7 95 116.67978
7 96 176.88642
7 97 149.48247
7 98 162.94533
7 99 152.68982
8 9 138.59818
8 10 183.70514
8 11 177.02341
8 12 207.16276
8 13 216.54953
8 14 143.44536
8 15 155.5336
8 16 187.98313
8 17 201.59933
8 18 134.51507
8 19 211.46775
8 20 130.74337
8 21 166.7955
8 22 185.95433
8 23 141.02994
8 24 120.94783
8 25 196.90409
8 26 189.05675
8 27 126.53652
8 28 179.45511
8 29 142.31778
8 30 148.8564
8 31 126.26463
8 32 176.00464
8 33 134.68739
8 34 176.40777
8 35 123.99128
8 36 119.27701
8 37 195.22139
8 38 133.8053
8 39 172.81124
8 40 185.96826
8 41 168.20299
8 42 133.78305
8 43 182.81392
8 44 174.02259
8 45 186.05832
8 46 191.37661
8 47 188.61122
8 48 139.36287
8 49 157.35773
8 50 223.47321
8 51 134.91545
8 52 150.93619
8 53 197.12672
8 54 194.56515
8 55 141.09647
8 56 131.84755
8 57 163.86001
8 58 166.42027
8 59 108.6112
8 60 151.17371
8 61 149.12489
8 62 143.07644
8 63 127.2887
8 64 143.13638
8 65 160.76332
8 66 184.93767
8 67 189.18689
8 68 159.67232
8 69 135.43984
8 70 195.9811
8 71 178.91168
8 72 167.09298
8 73 156.61059
8 74 218.19352
8 75 157.83405
8 76 192.76442
8 77 183.81231
8 78 175.56517
8 79 199.45119
8 80 185.2768
8 81 172.8384
8 82 166.84308
8 83 197.54948
8 84 165.65449
8 85 180.68154
8 86 153.86536
8 87 117.04581
8 88 180.88241
8 89 190.44678
8 90 107.17424
8 91 143.9306
8 92 140.25106
8 93 165.06292
8 94 171.81919
8 95 210.30826
8 96 134.48713
8 97 152.19961
8 98 143.48667
8 99 168.15624
9 10 148.18372
9 11 145.95991
9 12 168.98862
9 13 183.89006
9 14 146.44921
9 15 144.45569
9 16 152.27933
9 17 176.01369
9 18 130.09474
9 19 178.82473
9 20 119.11718
9 21 149.08719
9 22 166.23999
9 23 110.63575
9 24 131.60775
9 25 173.71883
9 26 156.30439
9 27 114.46076
9 28 141.08984
9 29 120.63591
9 30 113.22789
9 31 121.43872
9 32 138.78617
9 33 144.81125
9 34 150.67687
9 35 114.67748
9 36 121.85195
9 37 177.18117
9 38 114.67887
9 39 167.89006
9 40 176.43601
9 41 133.36224
9 42 118.13551
9 43 145.17816
9 44 166.64633
9 45 164.71646
9 46 159.06163
9 47 150.06241
9 48 120.15985
9 49 138.32126
9 50 187.20282
9 51 133.15802
9 52 133.33382
9 53 160.16497
9 54 180.95023
9 55 133.53134
9 56 118.95992
9 57 130.08159
9 58 128.4287
9 59 132.13572
9 60 143.44282
9 61 121.86877
9 62 106.18939
9 63 117.81493
9 64 106.88447
9 65 122.17259
9 66 146.63119
9 67 152.30121
9 68 122.08517
9 69 131.03423
9 70 160.06415
9 71 149.99625
9 72 154.55739
9 73 122.29989
9 74 183.65581
9 75 120.85579
9 76 173.78828
9 77 145.72601
9 78 137.98051
9 79 164.35575
9 80 155.56494
9 81 160.47209
9 82 128.25176
9 83 168.29895
9 84 129.3599
9 85 154.40513
9 86 132.0934
9 87 143.69501
9 88 174.63084
9 89 152.97582
9 90 136.62423
9 91 112.8986
9 92 135.5667
9 93 136.79329
9 94 140.93696
9 95 177.58902
9 96 136.73692
9 97 127.24826
9 98 106.38843
9 99 151.77533
10 11 160.37329
10 12 129.00439
10 13 136.75676
10 14 166.10169
10 15 150.27812
10 16 104.29004
10 17 140.27375
10 18 156.99817
10 19 131.91498
10 20 154.04202
10 21 141.63033
10 22 144.35198
10 23 153.57896
10 24 168.36111
10 25 142.82073
10 26 112.44458
10 27 162.6199
10 28 118.42387
10 29 162.42177
10 30 135.50817
10 31 169.41257
10 32 139.35814
10 33 171.66374
10 34 127.46538
10 35 161.67937
10 36 164.50281
10 37 153.63212
10 38 161.39251
10 39 166.8954
10 40 165.80568
10 41 147.27857
10 42 164.49857
10 43 138.24969
10 44 163.02865
10 45 140.75364
10 46 115.25995
10 47 122.95919
10 48 146.15479
10 49 139.44283
10 50 139.7769
10 51 159.23215
10 52 142.36764
10 53 114.87203
10 54 162.90605
10 55 153.78651
10 56 152.99276
10 57 149.43599
10 58 135.226
10 59 178.96295
10 60 154.1675
10 61 135.80078
10 62 147.2361
10 63 165.85178
10 64 147.87105
10 65 131.85044
10 66 132.71277
10 67 145.25064
10 68 126.59797
10 69 156.93715
10 70 112.29014
10 71 120.29607
10 72 150.68189
10 73 147.86495
10 74 135.49375
10 75 127.36815
10 76 149.9419
10 77 114.98551
10 78 137.22032
10 79 116.17306
10 80 168.20905
10 81 153.16272
10 82 128.68124
10 83 128.0314
10 84 142.57077
10 85 127.08292
10 86 137.11821
10 87 182.01924
10 88 169.13014
10 89 142.19563
10 90 179.45781
10 91 139.78233
10 92 156.61549
10 93 161.38935
10 94 117.1239
10 95 130.66324
10 96 162.97924
10 97 135.05602
10 98 146.80907
10 99 144.2344
11 12 160.48164
11 13 193.95639
11 14 191.93056
11 15 186.31073
11 16 162.20375
11 17 199.99877
11 18 175.7867
11 19 189.88003
11 20 165.05879
11 21 186.29388
11 22 198.5125
11 23 137.8002
11 24 176.82966
11 25 201.10723
11 26 172.75844
11 27 151.42574
11 28 142.22407
11 29 134.78442
11 30 148.68958
11 31 150.92443
11 32 121.15818
11 33 190.77032
11 34 180.09853
11 35 155.97105
11 36 165.79551
11 37 209.31449
11 38 143.41127
11 39 209.52478
11 40 214.92032
11 41 114.89301
11 42 143.25543
11 43 124.74936
11 44 207.28032
11 45 195.69541
11 46 175.62527
11 47 142.8499
11 48 164.43687
11 49 177.20611
11 50 185.79146
11 51 178.89619
11 52 174.42346
11 53 162.22991
11 54 216.24809
11 55 178.29959
11 56 164.83939
11 57 116.26032
11 58 127.15033
11 59 168.5655
11 60 186.75091
11 61 160.8639
11 62 139.77581
11 63 149.76735
11 64 139.09107
11 65 134.87034
11 66 131.22898
11 67 123.27209
11 68 143.92838
11 69 176.64773
11 70 166.48638
11 71 175.40048
11 72 194.03478
11 73 123.76313
11 74 188.8182
11 75 146.02041
11 76 205.5443
11 77 146.95991
11 78 123.23375
11 79 172.244
11 80 109.78848
11 81 199.16594
11 82 133.89181
11 83 188.2896
11 84 120.45721
11 85 182.14235
11 86 171.00421
11 87 187.3418
11 88 215.05918
11 89 127.06025
11 90 178.04762
11 91 154.0756
11 92 180.68155
11 93 112.45492
11 94 166.57536
11 95 188.71199
11 96 182.60345
11 97 165.61731
11 98 139.6108
11 99 189.35755
12 13 139.77745
12 14 194.76528
12 15 179.27588
12 16 125.71365
12 17 159.34983
12 18 184.42059
12 19 137.60608
12 20 179.63338
12 21 170.34117
12 22 169.89687
12 23 170.71073
12 24 194.4697
12 25 164.60279
12 26 135.22785
12 27 182.96285
12 28 127.95128
12 29 176.98896
12 30 158.55023
12 31 188.23387
12 32 141.70585
12 33 199.73342
12 34 155.26013
12 35 183.59566
12 36 188.65807
12 37 177.34826
12 38 179.28948
12 39 195.20828
12 40 192.5078
12 41 152.78988
12 42 181.74129
12 43 136.0445
12 44 191.15331
12 45 166.09999
12 46 136.25482
12 47 120.15291
12 48 172.63474
12 49 168.39579
12 50 125.63279
12 51 186.91637
12 52 170.9581
12 53 114.99764
12 54 187.72905
12 55 181.93676
12 56 178.67829
12 57 156.86332
12 58 145.26309
12 59 201.11833
12 60 183.08936
12 61 162.60693
12 62 165.85579
12 63 185.03401
12 64 166.16049
12 65 147.58108
12 66 129.88532
12 67 138.11819
12 68 147.51456
12 69 184.51252
12 70 120.85285
12 71 147.88619
12 72 179.2979
12 73 159.31302
12 74 131.68663
12 75 149.49797
12 76 174.00557
12 77 123.35073
12 78 140.38339
12 79 124.02182
12 80 164.89148
12 81 181.2524
12 82 141.81579
12 83 146.71353
12 84 150.55428
12 85 153.81612
12 86 165.67542
12 87 208.16058
12 88 196.69604
12 89 134.10003
12 90 203.99095
12 91 164.26415
12 92 184.82301
12 93 166.9863
12 94 146.12825
12 95 136.83829
12 96 190.82261
12 97 162.95733
12 98 165.40458
12 99 172.80071
13 14 189.10202
13 15 170.93078
13 16 133.39439
13 17 128.78362
13 18 185.37535
13 19 105.10338
13 20 185.84856
13 21 158.34574
13 22 147.20142
13 23 190.13082
13 24 198.58351
13 25 136.3675
13 26 127.7506
13 27 198.09518
13 28 152.43486
13 29 199.15557
13 30 170.75773
13 31 205.32062
13 32 172.94808
13 33 197.07941
13 34 143.06156
13 35 196.37834
13 36 197.36595
13 37 149.58838
13 38 197.68999
13 39 177.23947
13 40 169.05775
13 41 182.41928
13 42 200.89468
13 43 169.6541
13 44 172.71433
13 45 143.9097
13 46 125.22896
13 47 151.45304
13 48 177.28084
13 49 162.86172
13 50 122.13744
13 51 186.75402
13 52 168.30364
13 53 131.89334
13 54 160.54889
13 55 180.30735
13 56 184.74521
13 57 185.1935
13 58 171.13946
13 59 212.99424
13 60 175.9981
13 61 167.44633
13 62 183.62208
13 63 201.70375
13 64 184.31164
13 65 168.56848
13 66 163.21739
13 67 174.47374
13 68 163.08449
13 69 184.93419
13 70 127.57365
13 71 138.33667
13 72 165.08093
13 73 184.38542
13 74 109.86608
13 75 163.50173
13 76 147.45792
13 77 147.24677
13 78 170.99574
13 79 121.87376
13 80 200.41673
13 81 163.9499
13 82 164.9775
13 83 121.95919
13 84 178.25736
13 85 139.1394
13 86 163.99797
13 87 211.55113
13 88 175.45866
13 89 170.63396
13 90 211.33129
13 91 173.75233
13 92 182.66175
13 93 196.93769
13 94 144.7365
13 95 106.31371
13 96 189.75088
13 97 164.55437
13 98 183.20875
13 99 159.35924
14 15 118.2281
14 16 169.96507
14 17 166.98067
14 18 116.39793
14 19 184.47223
14 20 127.70194
14 21 131.14533
14 22 148.11729
14 23 156.34636
14 24 123.63019
14 25 160.58963
14 26 165.25912
14 27 148.06549
14 28 172.04521
14 29 164.61234
14 30 144.74426
14 31 154.7608
14 32 180.40287
14 33 109.80377
14 34 146.09325
14 35 142.39645
14 36 133.45117
14 37 155.31633
14 38 155.42717
14 39 129.40364
14 40 142.98798
14 41 178.2105
14 42 158.0597
14 43 185.20409
14 44 130.96281
14 45 149.51267
14 46 166.47636
14 47 181.66165
14 48 127.72019
14 49 127.19745
14 50 202.60767
14 51 113.44605
14 52 123.80797
14 53 180.95305
14 54 152.51743
14 55 114.1662
14 56 127.63077
14 57 175.72236
14 58 169.5218
14 59 146.5092
14 60 113.1043
14 61 134.51536
14 62 152.47912
14 63 152.56261
14 64 153.27372
14 65 160.97471
14 66 183.98458
14 67 193.37085
14 68 154.01065
14 69 115.4198
14 70 177.16731
14 71 151.78366
14 72 127.18579
14 73 168.19
14 74 193.88072
14 75 151.33846
14 76 153.65857
14 77 173.96016
14 78 178.8954
14 79 178.31332
14 80 201.66448
14 81 131.88062
14 82 165.64714
14 83 167.443
14 84 173.29436
14 85 149.96402
14 86 129.09138
14 87 129.28756
14 88 137.48837
14 89 192.73236
14 90 136.27116
14 91 138.49366
14 92 111.44186
14 93 183.24246
14 94 149.37712
14 95 183.55107
14 96 110.6867
14 97 132.35302
14 98 152.57499
14 99 130.94503
15 16 153.82558
15 17 149.10589
15 18 121.29673
15 19 166.34934
15 20 129.92256
15 21 112.98918
15 22 131.08274
15 23 155.09067
15 24 134.61067
15 25 143.09018
15 26 147.85417
15 27 151.35852
15 28 159.27334
15 29 164.83735
15 30 137.65032
15 31 159.18692
15 32 171.43594
15 33 126.96508
15 34 128.02677
15 35 146.33541
15 36 140.28658
15 37 139.73021
15 38 156.96982
15 39 123.54319
15 40 132.75374
15 41 171.68212
15 42 160.17197
15 43 175.10348
15 44 122.22772
15 45 131.95075
15 46 148.82638
15 47 168.4074
15 48 124.53056
15 49 111.07619
15 50 185.08875
15 51 120.62384
15 52 111.88731
15 53 164.8842
15 54 139.57972
15 55 114.66142
15 56 129.20307
15 57 170.19991
15 58 161.08619
15 59 156.14572
15 60 105.2168
15 61 125.45108
15 62 149.54664
15 63 156.18533
15 64 150.47568
15 65 152.45042
15 66 172.71836
15 67 183.43502
15 68 144.08074
15 69 120.26234
15 70 160.54428
15 71 134.11046
15 72 111.69986
15 73 163.42385
15 74 175.95877
15 75 141.53238
15 76 137.44622
15 77 160.18398
15 78 169.63531
15 79 161.12855
15 80 196.06829
15 81 117.70346
15 82 155.91442
15 83 149.22197
15 84 166.29319
15 85 131.79742
15 86 115.91777
15 87 144.58685
15 88 130.20084
15 89 182.12774
15 90 148.68258
15 91 132.89359
15 92 115.29935
15 93 179.64681
15 94 133.16546
15 95 165.45207
15 96 121.77792
15 97 121.00608
15 98 149.48319
15 99 113.24714
16 17 139.74291
16 18 161.17278
16 19 128.7064
16 20 158.32833
16 21 144.62898
16 22 145.77187
16 23 157.38866
16 24 172.62587
16 25 143.03517
16 26 111.89782
16 27 166.73055
16 28 119.9797
16 29 166.03327
16 30 139.7027
16 31 173.43314
16 32 141.06049
16 33 175.71309
16 34 129.78992
16 35 165.88182
16 36 168.78703
16 37 154.51313
16 38 165.31144
16 39 169.61287
16 40 167.75638
16 41 149.62717
16 42 168.37389
16 43 139.23523
16 44 165.63148
16 45 142.0726
16 46 114.26844
16 47 122.67582
16 48 150.41961
16 49 143.11849
16 50 135.49318
16 51 163.36765
16 52 146.30455
16 53 111.05973
16 54 164.18353
16 55 157.84034
16 56 157.27788
16 57 152.07765
16 58 137.91649
16 59 183.19751
16 60 157.85955
16 61 140.0622
16 62 151.14425
16 63 169.8892
16 64 151.75281
16 65 135.23932
16 66 133.33635
16 67 145.74644
16 68 130.52492
16 69 161.09172
16 70 108.00223
16 71 122.44411
16 72 153.60119
16 73 150.9934
16 74 131.51708
16 75 131.43145
16 76 150.90252
16 77 115.61058
16 78 138.97009
16 79 112.19079
16 80 169.66756
16 81 155.73313
16 82 131.61144
16 83 127.07881
16 84 145.15898
16 85 128.84337
16 86 141.08344
16 87 186.2758
16 88 171.45575
16 89 142.45198
16 90 183.74778
16 91 144.05628
16 92 160.65069
16 93 163.95443
16 94 120.70209
16 95 127.4669
16 96 167.08352
16 97 139.20294
16 98 150.7121
16 99 147.1106
17 18 167.65752
17 19 126.40298
17 20 171.57596
17 21 136.19294
17 22 120.06552
17 23 184.75019
17 24 181.57034
17 25 107.77503
17 26 127.96812
17 27 188.64987
17 28 158.64922
17 29 194.88077
17 30 163.23579
17 31 196.6129
17 32 179.30454
17 33 176.06322
17 34 125.76132
17 35 185.43211
17 36 183.49576
17 37 120.80676
17 38 190.68772
17 39 149.94609
17 40 140.48962
17 41 186.11013
17 42 194.13603
17 43 178.52343
17 44 145.4504
17 45 117.68522
17 46 125.47819
17 47 162.40568
17 48 163.15807
17 49 144.31353
17 50 149.78781
17 51 168.16605
17 52 150.68451
17 53 145.98008
17 54 131.78408
17 55 161.52973
17 56 170.5145
17 57 187.4476
17 58 173.56991
17 59 199.9628
17 60 154.31088
17 61 155.33279
17 62 177.88314
17 63 193.02074
17 64 178.75781
17 65 167.89378
17 66 172.90362
17 67 185.39956
17 68 159.8265
17 69 166.92259
17 70 139.6726
17 71 126.38241
17 72 140.45868
17 73 184.10288
17 74 137.62929
17 75 159.00449
17 76 118.79216
17 77 155.09879
17 78 177.14162
17 79 135.39595
17 80 208.23349
17 81 137.77684
17 82 166.69138
17 83 112.91101
17 84 180.9304
17 85 121.72475
17 86 147.96459
17 87 193.1233
17 88 147.22367
17 89 182.17873
17 90 195.39659
17 91 163.67139
17 92 163.2625
17 93 199.36123
17 94 135.87073
17 95 126.29737
17 96 170.29082
17 97 150.76393
17 98 177.55851
17 99 136.03985
18 19 180.42567
18 20 111.34605
18 21 132.30827
18 22 151.44492
18 23 139.95198
18 24 113.92603
18 25 162.58722
18 26 159.07195
18 27 132.41246
18 28 159.48665
18 29 148.37334
18 30 129.85201
18 31 139.64864
18 32 165.35941
18 33 116.1345
18 34 143.24995
18 35 126.88657
18 36 119.32692
18 37 160.78271
18 38 139.36658
18 39 141.69783
18 40 153.26871
18 41 162.34817
18 42 142.16313
18 43 170.62889
18 44 141.80314
18 45 151.64091
18 46 160.91096
18 47 169.26028
18 48 112.66377
18 49 123.41286
18 50 195.77629
18 51 103.12739
18 52 117.27599
18 53 171.71118
18 54 160.81955
18 55 106.64791
18 56 111.23355
18 57 159.64493
18 58 154.42313
18 59 134.86123
18 60 117.55855
18 61 121.86481
18 62 136.17101
18 63 137.09215
18 64 136.94559
18 65 146.10667
18 66 170.08682
18 67 178.61383
18 68 140.14404
18 69 101.15088
18 70 168.93069
18 71 147.04106
18 72 132.98949
18 73 152.02374
18 74 188.55999
18 75 137.53186
18 76 158.26326
18 77 162.22394
18 78 164.00382
18 79 171.15664
18 80 185.48347
18 81 138.93435
18 82 151.25488
18 83 164.96531
18 84 157.6166
18 85 147.51444
18 86 121.39466
18 87 126.18149
18 88 149.40015
18 89 178.32535
18 90 127.91505
18 91 123.33107
18 92 106.71207
18 93 166.87863
18 94 141.84646
18 95 179.35786
18 96 107.10723
18 97 121.99242
18 98 136.28499
18 99 133.64712
19 20 180.77572
19 21 153.89661
19 22 143.75527
19 23 185.15479
19 24 193.57749
19 25 133.66637
19 26 122.64987
19 27 193.0129
19 28 148.07218
19 29 194.24807
19 30 165.68064
19 31 200.25888
19 32 168.79244
19 33 192.32204
19 34 138.38265
19 35 191.27783
19 36 192.27661
19 37 147.0863
19 38 192.66759
19 39 173.57946
19 40 166.05567
19 41 178.03698
19 42 195.88491
19 43 165.78789
19 44 169.06733
19 45 140.31389
19 46 120.12866
19 47 147.68927
19 48 172.21589
19 49 158.05087
19 50 123.39727
19 51 181.8487
19 52 163.4047
19 53 128.22842
19 54 158.09334
19 55 175.43215
19 56 179.67271
19 57 180.69085
19 58 166.57836
19 59 207.89212
19 60 171.37575
19 61 162.35788
19 62 178.61878
19 63 196.63945
19 64 179.31662
19 65 163.76214
19 66 159.40712
19 67 170.94167
19 68 158.11514
19 69 180.00096
19 70 123.39496
19 71 133.41139
19 72 160.90464
19 73 179.67699
19 74 111.26892
19 75 158.48653
19 76 144.67567
19 77 142.99762
19 78 166.80214
19 79 117.63631
19 80 196.58581
19 81 160.07513
19 82 160.31756
19 83 117.86195
19 84 173.75823
19 85 134.56214
19 86 159.03672
19 87 206.59223
19 88 172.19692
19 89 167.16939
19 90 206.27531
19 91 168.64974
19 92 177.82012
19 93 192.49721
19 94 139.65018
19 95 101.25353
19 96 184.89308
19 97 159.5077
19 98 178.20778
19 99 155.04326
20 21 138.54492
20 22 157.53196
20 23 128.66613
20 24 114.91403
20 25 167.4804
20 26 158.47139
20 27 121.6391
20 28 153.1309
20 29 137.04522
20 30 121.89846
20 31 129.30657
20 32 156.13235
20 33 125.75542
20 34 146.03458
20 35 116.42987
20 36 111.92783
20 37 167.68992
20 38 128.15399
20 39 152.0713
20 40 162.65218
20 41 152.08406
20 42 131.06647
20 43 161.89011
20 44 151.68115
20 45 157.04311
20 46 160.72038
20 47 162.83432
20 48 108.62839
20 49 128.09187
20 50 193.71643
20 51 114.26329
20 52 121.71104
20 53 168.15402
20 54 169.1537
20 55 116.26841
20 56 101.10437
20 57 149.07367
20 58 145.27159
20 59 128.39189
20 60 127.33953
20 61 118.56865
20 62 125.28742
20 63 126.43317
20 64 126.00139
20 65 137.43443
20 66 162.10142
20 67 169.59401
20 68 133.01812
20 69 112.40396
20 70 166.30852
20 71 148.19239
20 72 141.36083
20 73 141.34154
20 74 187.78932
20 75 130.63244
20 76 164.78671
20 77 156.62329
20 78 154.97534
20 79 169.36036
20 80 174.68057
20 81 147.45328
20 82 143.05999
20 83 166.88214
20 84 147.64837
20 85 150.27455
20 86 123.61421
20 87 128.54211
20 88 159.49787
20 89 169.69276
20 90 125.61996
20 91 115.56216
20 92 117.58092
20 93 155.76267
20 94 141.15175
20 95 179.62582
20 96 117.65754
20 97 121.47235
20 98 125.44807
20 99 140.54489
21 22 119.18787
21 23 159.4567
21 24 146.16595
21 25 130.46987
21 26 136.91646
21 27 158.68149
21 28 153.83556
21 29 169.68703
21 30 139.24617
21 31 166.76049
21 32 169.13341
21 33 139.93677
21 34 116.14279
21 35 154.29695
21 36 150.00167
21 37 129.15158
21 38 162.99462
21 39 125.58402
21 40 128.64253
21 41 171.40489
21 42 166.38647
21 43 171.67552
21 44 122.16143
21 45 119.39954
21 46 137.43734
21 47 162.13919
21 48 131.19871
21 49 110.88239
21 50 173.58272
21 51 132.3789
21 52 116.90045
21 53 155.50647
21 54 131.86427
21 55 125.84765
21 56 137.61389
21 57 170.77142
21 58 159.67924
21 59 166.38368
21 60 118.20506
21 61 127.49101
21 62 153.13822
21 63 163.44713
21 64 154.09408
21 65 151.46217
21 66 168.28862
21 67 179.92309
21 68 142.46199
21 69 131.44076
21 70 150.52688
21 71 123.06402
21 72 109.09766
21 73 164.86514
21 74 163.87082
21 75 140.27791
21 76 126.27049
21 77 153.63033
21 78 167.14161
21 79 150.30698
21 80 195.84139
21 81 112.99136
21 82 153.6269
21 83 136.48736
21 84 165.84956
21 85 119.43159
21 86 116.99532
21 87 157.0825
21 88 129.33538
21 89 178.04918
21 90 160.21523
21 91 136.33486
21 92 127.28068
21 93 181.342
21 94 124.98648
21 95 153.05701
21 96 134.20093
21 97 122.07149
21 98 152.96828
21 99 103.08102
22 23 176.15566
22 24 165.24294
22 25 112.77328
22 26 134.74082
22 27 177.01791
22 28 160.77883
22 29 186.49091
22 30 154.88993
22 31 185.12335
22 32 179.33638
22 33 157.57511
22 34 118.4904
22 35 172.93341
22 36 169.1181
22 37 111.08007
22 38 180.6299
22 39 130.14026
22 40 122.95286
22 41 183.78979
22 42 184.0763
22 43 180.34785
22 44 125.61494
22 45 103.80702
22 46 133.68389
22 47 167.17885
22 48 149.82527
22 49 129.47033
22 50 166.26208
22 51 151.35185
22 52 135.82177
22 53 155.09513
22 54 118.59067
22 55 144.91742
22 56 156.56597
22 57 184.03498
22 58 171.36254
22 59 185.5383
22 60 136.10342
22 61 144.38902
22 62 169.50187
22 63 181.70263
22 64 170.44428
22 65 164.05717
22 66 175.75703
22 67 188.14791
22 68 155.09777
22 69 150.5485
22 70 149.04486
22 71 124.43524
22 72 121.01159
22 73 179.13804
22 74 154.85643
22 75 153.46781
22 76 107.54987
22 77 158.84292
22 78 177.20385
22 79 146.65541
22 80 207.61262
22 81 117.7417
22 82 164.68649
22 83 126.2394
22 84 178.27163
22 85 117.39235
22 86 134.7957
22 87 175.66932
22 88 128.50071
22 89 185.56898
22 90 179.31906
22 91 153.34506
22 92 146.13862
22 93 195.38559
22 94 132.11928
22 95 143.27603
22 96 152.84167
22 97 139.08506
22 98 169.26493
22 99 117.91807
23 24 139.12057
23 25 182.99008
23 26 163.08546
23 27 114.49798
23 28 143.00429
23 29 110.33622
23 30 121.60002
23 31 117.67485
23 32 135.20076
23 33 153.78698
23 34 159.90351
23 35 118.30541
23 36 127.99573
23 37 187.16954
23 38 108.60457
23 39 178.51214
23 40 187.01724
23 41 127.25532
23 42 111.15112
23 43 142.16199
23 44 177.2816
23 45 174.43162
23 46 165.96915
23 47 150.85711
23 48 130.73991
23 49 148.77282
23 50 191.10975
23 51 142.9242
23 52 143.93264
23 53 163.88318
23 54 191.31001
23 55 143.87939
23 56 128.71924
23 57 123.10584
23 58 126.50003
23 59 133.20264
23 60 154.00656
23 61 132.02942
23 62 106.86765
23 63 114.82465
23 64 106.01263
23 65 123.30776
23 66 145.03655
23 67 148.20136
23 68 127.04716
23 69 140.95945
23 70 164.77404
23 71 158.43477
23 72 165.14262
23 73 115.61431
23 74 188.87938
23 75 126.79134
23 76 183.70189
23 77 148.20139
23 78 134.97526
23 79 169.57776
23 80 147.03859
23 81 171.02882
23 82 128.89699
23 83 176.16382
23 84 124.6876
23 85 163.41181
23 86 142.47429
23 87 149.6536
23 88 185.26627
23 89 149.63705
23 90 140.88024
23 91 123.12204
23 92 145.76439
23 93 127.38654
23 94 149.06925
23 95 183.90379
23 96 146.25801
23 97 137.45746
23 98 107.20386
23 99 162.20325
24 25 176.50281
24 26 171.75507
24 27 127.36293
24 28 168.04118
24 29 145.21323
24 30 136.74603
24 31 132.69175
24 32 170.06329
24 33 116.69586
24 34 156.96496
24 35 121.81939
24 36 111.65021
24 37 174.32805
24 38 135.55774
24 39 152.52804
24 40 165.27921
24 41 164.9209
24 42 137.49601
24 43 176.1153
24 44 153.42053
24 45 165.5326
24 46 173.78397
24 47 177.73545
24 48 122.20647
24 49 137.2862
24 50 207.80328
24 51 113.98739
24 52 131.0324
24 53 182.70961
24 54 173.65388
24 55 120.32839
24 56 115.81747
24 57 161.42084
24 58 159.361
24 59 122.90547
24 60 130.23001
24 61 132.56433
24 62 137.64531
24 63 131.19502
24 64 138.16126
24 65 151.8885
24 66 176.68529
24 67 183.59082
24 68 147.90812
24 69 114.73223
24 70 180.55307
24 71 160.34646
24 72 146.14635
24 73 153.61437
24 74 201.25514
24 75 145.5418
24 76 171.93688
24 77 171.52131
24 78 169.06098
24 79 183.27793
24 80 186.15462
24 81 151.89661
24 82 157.66442
24 83 178.56588
24 84 160.95159
24 85 161.24336
24 86 134.70671
24 87 113.71236
24 88 160.53562
24 89 183.94068
24 90 114.09058
24 91 130.47272
24 92 119.3151
24 93 166.39991
24 94 154.37197
24 95 192.47599
24 96 113.75118
24 97 134.23783
24 98 137.91215
24 99 147.37099
25 26 131.15784
25 27 185.66726
25 28 160.79449
25 29 193.25881
25 30 161.3927
25 31 193.72492
25 32 180.8642
25 33 169.89978
25 34 123.08947
25 35 182.06964
25 36 179.31626
25 37 113.46908
25 38 188.36665
25 39 142.28076
25 40 132.75362
25 41 186.82136
25 42 191.8308
25 43 180.75215
25 44 137.80397
25 45 111.13956
25 46 129.14359
25 47 165.58938
25 48 159.30046
25 49 139.60706
25 50 156.93253
25 51 162.82109
25 52 146.06254
25 53 150.56719
25 54 124.46489
25 55 156.24499
25 56 166.45304
25 57 187.74662
25 58 174.22789
25 59 195.81927
25 60 148.23348
25 61 152.3574
25 62 176.16206
25 63 190.18937
25 64 177.07025
25 65 167.86745
25 66 175.47225
25 67 188.01919
25 68 159.35571
25 69 161.77514
25 70 144.24867
25 71 125.87099
25 72 133.65783
25 73 183.77648
25 74 144.93479
25 75 158.20802
25 76 111.0916
25 77 157.80606
25 78 178.6959
25 79 140.60378
25 80 209.70721
25 81 130.48601
25 82 167.35828
25 83 118.03944
25 84 181.47533
25 85 119.73927
25 86 143.98941
25 87 187.53533
25 88 139.44867
25 89 185.01548
25 90 190.48452
25 91 161.0445
25 92 157.75027
25 93 199.50832
25 94 135.20001
25 95 133.43854
25 96 164.65036
25 97 147.42726
25 98 175.87005
25 99 129.8544
26 27 170.41289
26 28 130.86338
26 29 172.51621
26 30 143.11464
26 31 177.74179
26 32 151.78738
26 33 172.18566
26 34 120.92377
26 35 168.62798
26 36 169.81422
26 37 142.90449
26 38 170.3425
26 39 160.65513
26 40 157.28043
26 41 159.43955
26 42 173.61824
26 43 150.62209
26 44 156.44021
26 45 130.96282
26 46 102.98131
26 47 134.54987
26 48 150.00018
26 49 138.09183
26 50 137.34924
26 51 160.80324
26 52 142.62218
26 53 120.35641
26 54 152.86956
26 55 154.66379
26 56 157.37343
26 57 161.34812
26 58 147.17253
26 59 185.29105
26 60 152.4599
26 61 139.94329
26 62 156.42017
26 63 174.11283
26 64 157.16124
26 65 142.8625
26 66 144.93893
26 67 157.43152
26 68 136.22514
26 69 158.76987
26 70 114.4108
26 71 113.87911
26 72 145.41685
26 73 159.15739
26 74 129.51421
26 75 136.2964
26 76 139.36777
26 77 127.13288
26 78 149.64427
26 79 113.39193
26 80 180.6523
26 81 146.59643
26 82 140.44515
26 83 115.58688
26 84 154.56479
26 85 118.79012
26 86 137.81228
26 87 185.05355
26 88 161.61588
26 89 154.23059
26 90 184.06545
26 91 146.00502
26 92 157.26444
26 93 173.33392
26 94 117.39218
26 95 121.44016
26 96 164.15367
26 97 137.51804
26 98 156.023
26 99 138.95604
27 28 155.01164
27 29 117.97928
27 30 127.34829
27 31 108.10546
27 32 149.5422
27 33 143.48819
27 34 162.95911
27 35 105.70382
27 36 115.71314
27 37 187.64602
27 38 108.33955
27 39 173.7065
27 40 184.10828
27 41 141.72297
27 42 110.17576
27 43 156.42036
27 44 173.28867
27 45 175.96841
27 46 173.10826
27 47 163.6147
27 48 127.52634
27 49 147.83436
27 50 201.64629
27 51 134.91035
27 52 141.89993
27 53 174.57053
27 54 190.07694
27 55 137.88926
27 56 122.2305
27 57 137.47049
27 58 140.28068
27 59 118.88122
27 60 148.9759
27 61 133.35942
27 62 117.25059
27 63 104.82851
27 64 117.11238
27 65 135.53027
27 66 158.88543
27 67 162.66051
27 68 136.5098
27 69 133.54813
27 70 174.52454
27 71 163.1698
27 72 162.55714
27 73 130.10009
27 74 198.07098
27 75 135.3149
27 76 184.48353
27 77 159.8449
27 78 149.18787
27 79 178.78778
27 80 160.23996
27 81 168.64562
27 82 141.52494
27 83 181.77202
27 84 139.12969
27 85 166.92516
27 86 142.22225
27 87 136.10053
27 88 181.12732
27 89 163.99113
27 90 126.65084
27 91 125.09256
27 92 138.99213
27 93 140.07007
27 94 154.47159
27 95 191.78473
27 96 137.41659
27 97 138.25831
27 98 117.69293
27 99 161.01672
28 29 150.03291
28 30 131.40722
28 31 160.39404
28 32 121.08632
28 33 175.43607
28 34 142.64139
28 35 155.7363
28 36 161.28618
28 37 170.78224
28 38 151.52932
28 39 179.34647
28 40 180.69762
28 41 129.98479
28 42 154.11846
28 43 119.96005
28 44 175.98857
28 45 157.42741
28 46 133.63505
28 47 109.77814
28 48 147.04771
28 49 148.28077
28 50 148.75424
28 51 162.27827
28 52 148.87498
28 53 121.99469
28 54 179.31675
28 55 158.25728
28 56 152.26226
28 57 132.88983
28 58 119.19903
28 59 173.22488
28 60 161.99538
28 61 137.86794
28 62 137.92925
28 63 157.14298
28 64 138.2596
28 65 119.72662
28 66 114.97934
28 67 127.41396
28 68 120.19329
28 69 159.78363
28 70 124.89973
28 71 136.37985
28 72 162.80538
28 73 133.19655
28 74 148.63523
28 75 122.49941
28 76 167.01974
28 77 105.49935
28 78 118.9905
28 79 130.56124
28 80 149.8204
28 81 166.49182
28 82 114.25377
28 83 146.44861
28 84 125.97431
28 85 143.44255
28 86 143.81297
28 87 181.5821
28 88 182.89535
28 89 124.81088
28 90 176.61884
28 91 137.569
28 92 161.16742
28 93 144.52024
28 94 129.49557
28 95 146.86836
28 96 166.33062
28 97 139.75957
28 98 137.47744
28 99 156.79411
29 30 131.87288
29 31 116.14045
29 32 138.17719
29 33 160.97089
29 34 170.18042
29 35 123.39464
29 36 133.58646
29 37 197.50175
29 38 109.66654
29 39 188.10385
29 40 197.03371
29 41 128.15974
29 42 108.56369
29 43 145.26824
29 44 187.06414
29 45 184.76362
29 46 175.44043
29 47 156.85251
29 48 140.32795
29 49 158.94949
29 50 198.71794
29 51 151.18824
29 52 153.92795
29 53 171.6281
29 54 201.5503
29 55 152.91419
29 56 137.29629
29 57 123.42444
29 58 131.74663
29 59 133.80799
29 60 163.42309
29 61 142.31639
29 62 117.1003
29 63 115.27467
29 64 116.18857
29 65 130.97563
29 66 149.31087
29 67 149.92649
29 68 136.2916
29 69 149.44602
29 70 173.10984
29 71 168.52242
29 72 175.1565
29 73 118.04365
29 74 197.33239
29 75 136.39662
29 76 194.03748
29 77 155.44318
29 78 138.53118
29 79 178.16139
29 80 142.98312
29 81 181.0928
29 82 135.80034
29 83 186.00267
29 84 127.60647
29 85 173.64014
29 86 152.69284
29 87 153.87767
29 88 195.03772
29 89 152.0895
29 90 143.88577
29 91 133.37592
29 92 154.55143
29 93 122.74911
29 94 159.09827
29 95 192.99457
29 96 154.18151
29 97 147.73792
29 98 117.38879
29 99 172.39908
30 31 134.64078
30 32 135.67733
30 33 145.95579
30 34 138.30935
30 35 126.1799
30 36 130.11108
30 37 165.95425
30 38 127.6608
30 39 161.01002
30 40 167.62901
30 41 134.1993
30 42 131.06312
30 43 140.77884
30 44 159.02998
30 45 152.99636
30 46 145.85239
30 47 141.03318
30 48 117.25827
30 49 129.16962
30 50 175.00626
30 51 132.90356
30 52 125.77194
30 53 148.33222
30 54 170.79174
30 55 130.62382
30 56 121.10868
30 57 132.54965
30 58 124.77886
30 59 143.56476
30 60 138.13812
30 61 112.27821
30 62 114.77263
30 63 131.00681
30 64 115.68828
30 65 116.29322
30 66 140.41504
30 67 148.80166
30 68 111.21414
30 69 130.4197
30 70 147.61902
30 71 137.01802
30 72 146.0709
30 73 125.92289
30 74 170.83415
30 75 109.05237
30 76 162.41225
30 77 135.26301
30 78 134.22905
30 79 151.62054
30 80 158.46289
30 81 151.60352
30 82 121.45002
30 83 155.14381
30 84 128.95828
30 85 141.81919
30 86 122.78884
30 87 150.20272
30 88 166.932
30 89 148.47594
30 90 145.44074
30 91 106.56091
30 92 133.30421
30 93 142.33375
30 94 127.81325
30 95 164.44966
30 96 136.95437
30 97 117.39475
30 98 114.49063
30 99 142.17835
31 32 152.36329
31 33 149.29763
31 34 170.96027
31 35 112.88336
31 36 121.43927
31 37 195.74547
31 38 109.10506
31 39 181.2266
31 40 191.93718
31 41 143.31887
31 42 107.79343
31 43 159.4193
31 44 180.97271
31 45 184.06621
31 46 180.49195
31 47 168.4802
31 48 135.58115
31 49 155.92299
31 50 207.93269
31 51 141.93787
31 52 149.95103
31 53 180.73547
31 54 198.08602
31 55 145.42898
31 56 129.9862
31 57 138.72782
31 58 144.14256
31 59 117.70169
31 60 156.59726
31 61 141.38534
31 62 122.60525
31 63 103.64069
31 64 122.17838
31 65 140.67412
31 66 162.61174
31 67 164.91439
31 68 142.94819
31 69 140.79726
31 70 181.09736
31 71 170.97973
31 72 170.48602
31 73 132.1441
31 74 204.90594
31 75 142.05027
31 76 192.58803
31 77 165.46323
31 78 152.32923
31 79 185.57581
31 80 159.02533
31 81 176.57986
31 82 146.439
31 83 189.49176
31 84 141.69873
31 85 174.89277
31 86 150.32771
31 87 139.07152
31 88 188.75699
31 89 166.68807
31 90 128.49466
31 91 132.96384
31 92 146.32175
31 93 138.83747
31 94 162.14064
31 95 199.02207
31 96 144.07556
31 97 146.3363
31 98 123.05542
31 99 169.07088
32 33 181.3379
32 34 160.85042
32 35 152.36669
32 36 160.62204
32 37 189.86504
32 38 143.35999
32 39 193.70275
32 40 197.37503
32 41 111.18315
32 42 144.84673
32 43 107.09978
32 44 190.94035
32 45 176.27807
32 46 154.61698
32 47 122.50038
32 48 152.89255
32 49 161.27054
32 50 166.17215
32 51 168.45187
32 52 159.80321
32 53 141.41829
32 54 197.5282
32 55 166.25582
32 56 155.58502
32 57 115.6099
32 58 110.93635
32 59 168.37544
32 60 172.8838
32 61 146.59555
32 62 133.2832
32 63 149.89955
32 64 133.06322
32 65 119.43639
32 66 111.93776
32 67 113.53227
32 68 127.35637
32 69 165.99514
32 70 145.41455
32 71 155.50981
32 72 177.52967
32 73 120.32234
32 74 168.19568
32 75 129.91372
32 76 186.07941
32 77 125.82111
32 78 102.16885
32 79 151.16475
32 80 128.92923
32 81 182.12354
32 82 115.59723
32 83 167.36077
32 84 110.68136
32 85 162.44165
32 86 155.55447
32 87 182.47687
32 88 198.42116
32 89 114.44894
32 90 175.05427
32 91 142.07615
32 92 168.969
32 93 125.32206
32 94 147.22214
32 95 167.61494
32 96 172.46213
32 97 150.4555
32 98 132.91918
32 99 172.21039
33 34 154.04336
33 35 137.80871
33 36 127.95362
33 37 165.05126
33 38 151.42903
33 39 138.767
33 40 152.62443
33 41 177.81176
33 42 153.66257
33 43 186.71561
33 44 140.60902
33 45 158.77589
33 46 173.6639
33 47 185.19352
33 48 128.79823
33 49 134.32251
33 50 209.42731
33 51 113.18895
33 52 129.64178
33 53 186.51433
33 54 162.30143
33 55 117.87724
33 56 126.07938
33 57 174.82685
33 58 170.40623
33 59 138.76039
33 60 121.7537
33 61 137.60842
33 62 150.99822
33 63 147.5996
33 64 151.68079
33 65 162.17304
33 66 186.22101
33 67 194.65629
33 68 156.2629
33 69 115.69768
33 70 183.23432
33 71 159.15102
33 72 136.78005
33 73 167.08394
33 74 201.29944
33 75 153.64127
33 76 163.31124
33 77 177.96136
33 78 180.03087
33 79 184.89758
33 80 200.35
33 81 141.63968
33 82 167.37943
33 83 175.71266
33 84 173.27479
33 85 158.08965
33 86 134.71695
33 87 119.6391
33 88 146.84228
33 89 194.43052
33 90 127.56846
33 91 139.414
33 92 115.07012
33 93 181.14219
33 94 155.56141
33 95 191.3458
33 96 109.11491
33 97 136.7853
33 98 151.17479
33 99 140.08181
34 35 159.67205
34 36 157.96072
34 37 129.21951
34 38 165.34316
34 39 139.97162
34 40 138.43993
34 41 165.4342
34 42 168.80526
34 43 161.99526
34 44 135.89371
34 45 115.61058
34 46 121.30242
34 47 149.667
34 48 137.52392
34 49 120.04459
34 50 157.45187
34 51 144.25481
34 52 125.97527
34 53 140.27778
34 54 136.79267
34 55 137.66892
34 56 144.95722
34 57 165.85948
34 58 152.95254
34 59 174.36913
34 60 133.0038
34 61 129.60694
34 62 153.08116
34 63 167.38782
34 64 153.99246
34 65 145.85589
34 66 157.60279
34 67 169.89288
34 68 137.02016
34 69 142.66295
34 70 134.91228
34 71 107.37441
34 72 124.49309
34 73 161.32387
34 74 147.9564
34 75 135.60437
34 76 125.45652
34 77 141.17961
34 78 158.72059
34 79 134.27811
34 80 189.14684
34 81 125.99234
34 82 146.236
34 83 121.80983
34 84 159.9431
34 85 104.28331
34 86 122.54291
34 87 169.30767
34 88 141.69902
34 89 167.44843
34 90 170.47257
34 91 138.10134
34 92 139.84973
34 93 177.38067
34 94 113.62955
34 95 137.45794
34 96 146.97856
34 97 125.01019
34 98 152.79293
34 99 118.0397
35 36 110.19854
35 37 183.39662
35 38 113.73916
35 39 168.36832
35 40 179.07708
35 41 145.38073
35 42 115.85967
35 43 159.0531
35 44 168.08937
35 45 172.08596
35 46 171.21845
35 47 164.73932
35 48 123.12793
35 49 143.5425
35 50 201.15446
35 51 129.30656
35 52 137.41201
35 53 174.32605
35 54 185.38761
35 55 132.55697
35 56 117.13504
35 57 141.37137
35 58 142.51618
35 59 117.55437
35 60 143.71604
35 61 130.17051
35 62 119.1747
35 63 110.21458
35 64 119.31598
35 65 136.79685
35 66 160.97836
35 67 165.72069
35 68 136.35921
35 69 128.02981
35 70 173.79651
35 71 160.46246
35 72 157.69653
35 73 133.74373
35 74 196.91325
35 75 134.7998
35 76 180.33313
35 77 160.28838
35 78 151.8028
35 79 177.76184
35 80 165.01247
35 81 163.79219
35 82 142.87471
35 83 179.20729
35 84 142.26761
35 85 163.74723
35 86 138.23581
35 87 131.3783
35 88 175.87745
35 89 166.7607
35 90 122.76106
35 91 122.66441
35 92 133.52059
35 93 144.98111
35 94 152.14045
35 95 190.06671
35 96 131.73568
35 97 134.70812
35 98 119.57091
35 99 156.50319
36 37 179.05412
36 38 123.92365
36 39 160.89763
36 40 172.58028
36 41 154.53692
36 42 125.85646
36 43 167.02518
36 44 161.12399
36 45 168.77886
36 46 172.16592
36 47 170.7179
36 48 120.48557
36 49 139.79815
36 50 204.27963
36 51 121.12393
36 52 133.35789
36 53 178.11334
36 54 179.85601
36 55 125.73918
36 56 113.00371
36 57 150.77023
36 58 150.26
36 59 116.50344
36 60 136.86315
36 61 129.91982
36 62 127.4784
36 63 119.65095
36 64 127.84921
36 65 143.53761
36 66 168.28317
36 67 174.12246
36 68 141.19475
36 69 120.45952
36 70 176.78879
36 71 159.98428
36 72 151.95787
36 73 143.01525
36 74 198.91709
36 75 139.16167
36 76 176.27023
36 77 165.34868
36 78 159.83232
36 79 180.19037
36 80 174.97249
36 81 157.98981
36 82 149.54562
36 83 178.71861
36 84 150.96903
36 85 162.19759
36 86 135.5312
36 87 121.94518
36 88 168.6775
36 89 174.82663
36 90 115.34211
36 91 124.79298
36 92 125.99636
36 93 155.04772
36 94 152.6304
36 95 191.10892
36 96 122.80276
36 97 133.29088
36 98 127.80565
36 99 151.80575
37 38 191.49395
37 39 132.13045
37 40 120.35041
37 41 194.65054
37 42 194.93036
37 43 190.55375
37 44 127.98159
37 45 113.62169
37 46 141.30167
37 47 176.59079
37 48 160.27122
37 49 139.85732
37 50 170.39078
37 51 160.34211
37 52 146.04413
37 53 162.94974
37 54 111.0075
37 55 154.15374
37 56 166.76417
37 57 194.99712
37 58 182.17096
37 59 195.34121
37 60 144.39124
37 61 155.31352
37 62 180.54005
37 63 192.37007
37 64 181.4844
37 65 175.00227
37 66 185.71545
37 67 198.19607
37 68 166.07995
37 69 159.81333
37 70 156.69736
37 71 134.47592
37 72 128.46802
37 73 190.18646
37 74 158.34805
37 75 164.49563
37 76 103.78568
37 77 168.44167
37 78 187.71789
37 79 153.48719
37 80 218.32352
37 81 123.44986
37 82 175.44021
37 83 131.26444
37 84 189.15234
37 85 127.45583
37 86 145.48608
37 87 183.88531
37 88 127.69538
37 89 195.45832
37 90 188.4086
37 91 164.28264
37 92 155.02721
37 93 206.40316
37 94 142.76798
37 95 146.88774
37 96 161.36441
37 97 149.96507
37 98 180.30794
37 99 127.25726
38 39 179.90029
38 40 189.53679
38 41 134.64207
38 42 103.46458
38 43 150.39406
38 44 179.14398
38 45 179.23017
38 46 173.1675
38 47 159.45949
38 48 132.51587
38 49 152.12542
38 50 199.41685
38 51 142.07187
38 52 146.63597
38 53 172.18954
38 54 194.76192
38 55 144.30862
38 56 128.53344
38 57 130.16722
38 58 135.03864
38 59 125.57467
38 60 155.11866
38 61 136.26789
38 62 114.16769
38 63 106.63378
38 64 113.59208
38 65 131.80672
38 66 153.5112
38 67 156.07066
38 68 134.79835
38 69 140.46926
38 70 172.83893
38 71 164.61953
38 72 167.742
38 73 123.25695
38 74 196.82836
38 75 134.19044
38 76 188.16682
38 77 156.67645
38 78 143.27348
38 79 177.49538
38 80 152.057
38 81 173.77379
38 82 137.47399
38 83 182.79965
38 84 132.72231
38 85 169.08372
38 86 146.10482
38 87 144.38732
38 88 187.07365
38 89 157.73139
38 90 134.67803
38 91 127.37837
38 92 145.73475
38 93 131.83933
38 94 155.47296
38 95 191.42178
38 96 144.88917
38 97 141.54565
38 98 114.60183
38 99 165.54351
39 40 114.48994
39 41 194.7803
39 42 182.98525
39 43 196.73521
39 44 104.52785
39 45 133.32982
39 46 160.53175
39 47 187.72315
39 48 147.80441
39 49 132.49667
39 50 195.42825
39 51 139.79014
39 52 135.28616
39 53 180.23999
39 54 125.54509
39 55 135.82189
39 56 151.53044
39 57 193.51616
39 58 183.7229
39 59 175.37338
39 60 124.78725
39 61 148.73968
39 62 173.07444
39 63 178.48535
39 64 174.00006
39 65 175.20151
39 66 193.64418
39 67 205.0375
39 68 166.48978
39 69 140.54814
39 70 174.85155
39 71 147.33641
39 72 116.54287
39 73 186.87715
39 74 184.49254
39 75 164.07051
39 76 132.15675
39 77 179.2134
39 78 191.79403
39 79 173.78487
39 80 219.24399
39 81 114.0641
39 82 178.1059
39 83 155.78437
39 84 189.31792
39 85 141.92188
39 86 138.54469
39 87 158.39421
39 88 108.08702
39 89 203.33738
39 90 165.64042
39 91 156.4303
39 92 134.98601
39 93 203.15531
39 94 150.53416
39 95 173.00648
39 96 138.82549
39 97 143.91223
39 98 173.01668
39 99 122.75486
40 41 200.02844
40 42 192.79401
40 43 199.44022
40 44 112.02522
40 45 126.7331
40 46 156.45508
40 47 188.083
40 48 157.0213
40 49 138.51557
40 50 188.95136
40 51 151.83983
40 52 143.10673
40 53 177.58982
40 54 111.50401
40 55 146.88061
40 56 161.9511
40 57 199.40842
40 58 188.19718
40 59 187.83085
40 60 135.71717
40 61 155.56416
40 62 181.01465
40 63 188.93589
40 64 181.96615
40 65 180.06782
40 66 195.53634
40 67 207.56211
40 68 171.04015
40 69 152.14886
40 70 171.67819
40 71 145.51057
40 72 121.87885
40 73 193.4109
40 74 177.28338
40 75 168.89991
40 76 121.70199
40 77 179.57315
40 78 195.33487
40 79 169.5422
40 80 224.44096
40 81 116.04805
40 82 181.99504
40 83 148.96808
40 84 194.46879
40 85 138.91489
40 86 144.91782
40 87 172.24487
40 88 107.75072
40 89 205.38415
40 90 178.83801
40 91 164.09134
40 92 146.67701
40 93 209.8832
40 94 151.20399
40 95 165.69078
40 96 151.5459
40 97 150.25728
40 98 180.887
40 99 125.59859
41 42 135.5815
41 43 117.85583
41 44 192.4655
41 45 181.04416
41 46 162.37384
41 47 133.22838
41 48 150.52237
41 49 162.39535
41 50 176.93912
41 51 165.47518
41 52 159.80258
41 53 151.45647
41 54 201.42029
41 55 164.34075
41 56 151.73254
41 57 104.76047
41 58 112.59361
41 59 160.16615
41 60 172.33742
41 61 146.23906
41 62 127.2756
41 63 141.27586
41 64 126.77964
41 65 119.98035
41 66 123.11806
41 67 121.7669
41 68 129.04261
41 69 163.13562
41 70 154.86979
41 71 161.00086
41 72 179.19044
41 73 111.65075
41 74 178.29681
41 75 131.12889
41 76 190.89066
41 77 135.23789
41 78 112.41547
41 79 160.54552
41 80 124.48876
41 81 184.28703
41 82 119.47099
41 83 174.79304
41 84 105.56687
41 85 167.62854
41 86 156.23763
41 87 176.45629
41 88 200.21936
41 89 124.05591
41 90 168.08944
41 91 139.90779
41 92 166.84071
41 93 114.62505
41 94 151.99718
41 95 176.8266
41 96 169.31978
41 97 150.87152
41 98 127.01341
41 99 174.47005
42 43 151.92887
42 44 182.31117
42 45 182.68871
42 46 176.4573
42 47 161.79527
42 48 135.78122
42 49 155.51155
42 50 202.25466
42 51 144.78676
42 52 149.96651
42 53 175.02644
42 54 198.1283
42 55 147.29619
42 56 131.50877
42 57 130.96403
42 58 137.07826
42 59 125.31142
42 60 158.19805
42 61 139.72334
42 62 117.27949
42 63 106.75897
42 64 116.62764
42 65 134.44664
42 66 155.36721
42 67 157.23416
42 68 137.90366
42 69 143.28071
42 70 175.83449
42 71 168.04629
42 72 171.02888
42 73 124.54901
42 74 199.88652
42 75 137.39895
42 76 191.61129
42 77 159.34032
42 78 144.91231
42 79 180.5639
42 80 151.54441
42 81 177.07309
42 82 139.95862
42 83 186.18636
42 84 134.16578
42 85 172.54025
42 86 149.51977
42 87 145.49613
42 88 190.22383
42 89 159.09737
42 90 135.36431
42 91 130.8408
42 92 148.62066
42 93 131.30492
42 94 158.87566
42 95 194.63732
42 96 147.45272
42 97 144.99125
42 98 117.69932
42 99 168.91548
43 44 193.73178
43 45 177.09814
43 46 153.30206
43 47 118.24177
43 48 158.02564
43 49 164.58002
43 50 161.11805
43 51 173.68199
43 52 163.735
43 53 137.77961
43 54 198.78566
43 55 171.04006
43 56 161.27553
43 57 122.47294
43 58 116.78853
43 59 175.28354
43 60 176.94919
43 61 150.92591
43 62 139.89558
43 63 156.9088
43 64 139.74007
43 65 124.55284
43 66 106.49983
43 67 108.33298
43 68 131.34973
43 69 171.19568
43 70 142.46863
43 71 156.08225
43 72 180.34778
43 73 127.41803
43 74 164.15606
43 75 134.00805
43 76 186.77874
43 77 123.62468
43 78 107.25186
43 79 148.20837
43 80 130.79876
43 81 184.60137
43 82 119.56276
43 83 166.16133
43 84 117.77119
43 85 163.12611
43 86 159.19127
43 87 188.77439
43 88 201.00375
43 89 107.82648
43 90 181.65513
43 91 147.3039
43 92 173.82538
43 93 131.20997
43 94 148.50433
43 95 164.65738
43 96 177.73272
43 97 154.32281
43 98 139.51321
43 99 174.72487
44 45 128.80514
44 46 156.23806
44 47 184.17901
44 48 146.75541
44 49 130.07427
44 50 190.97774
44 51 140.18092
44 52 133.55522
44 53 176.16718
44 54 122.24705
44 55 135.60364
44 56 151.0583
44 57 191.39721
44 58 181.15693
44 59 176.09273
44 60 124.39534
44 61 146.76175
44 62 171.61146
44 63 178.10012
44 64 172.54951
44 65 172.72361
44 66 190.44138
44 67 202.00498
44 68 163.889
44 69 140.66615
44 70 170.69724
44 71 143.26808
44 72 113.41168
44 73 184.95189
44 74 179.99705
44 75 161.54004
44 76 127.81228
44 77 175.64881
44 78 188.99282
44 79 169.50248
44 80 216.95344
44 81 109.90216
44 82 175.36235
44 83 151.28358
44 84 186.96227
44 85 137.66875
44 86 136.32158
44 87 160.22302
44 88 107.9857
44 89 200.18837
44 90 166.87963
44 91 154.79949
44 92 135.13143
44 93 201.32649
44 94 146.91228
44 95 168.50083
44 96 139.67058
44 97 141.73227
44 98 171.52726
44 99 119.19851
45 46 129.87952
45 47 163.63488
45 48 149.08192
45 49 128.98084
45 50 162.64008
45 51 151.77801
45 52 135.42508
45 53 151.31278
45 54 122.15539
45 55 145.23286
45 56 156.04372
45 57 181.44553
45 58 168.55425
45 59 185.26082
45 60 137.09557
45 61 142.97048
45 62 167.70532
45 63 180.59392
45 64 168.63885
45 65 161.4434
45 66 172.39508
45 67 184.82772
45 68 152.56153
45 69 150.80061
45 70 145.24919
45 71 121.04781
45 72 122.77971
45 73 176.77049
45 74 151.34545
45 75 151.0494
45 76 109.84906
45 77 155.34546
45 78 174.13482
45 79 142.85099
45 80 204.70365
45 81 120.33008
45 82 161.81885
45 83 122.65671
45 84 175.55353
45 85 113.9859
45 86 133.85028
45 87 176.42021
45 88 132.11475
45 89 182.18412
45 90 179.55557
45 91 151.86278
45 92 146.66881
45 93 192.91448
45 94 129.14737
45 95 139.79115
45 96 153.53688
45 97 137.78774
45 98 167.44981
45 99 118.71597
46 47 136.92808
46 48 152.19563
46 49 139.4161
46 50 136.27129
46 51 162.53878
46 52 144.2284
46 53 121.65242
46 54 151.50948
46 55 156.29778
46 56 159.61908
46 57 164.31225
46 58 150.13075
46 59 187.76669
46 60 153.56032
46 61 142.25385
46 62 159.2829
46 63 176.85903
46 64 160.03237
46 65 145.84166
46 66 147.53174
46 67 159.98541
46 68 139.1536
46 69 160.56526
46 70 115.44292
46 71 114.72209
46 72 145.68315
46 73 162.1384
46 74 127.69594
46 75 139.17789
46 76 137.8571
46 77 129.73731
46 78 152.48015
46 79 113.26912
46 80 183.44995
46 81 146.47331
46 82 143.41397
46 83 112.86158
46 84 157.52038
46 85 118.63764
46 86 139.55867
46 87 186.98297
46 88 161.10114
46 89 156.71797
46 90 186.27253
46 91 148.56745
46 92 158.83741
46 93 176.29694
46 94 119.56864
46 95 118.94815
46 96 165.79635
46 97 139.58513
46 98 158.88887
46 99 139.29231
47 48 156.82526
47 49 157.35199
47 50 143.72149
47 51 172.04319
47 52 158.32053
47 53 119.56074
47 54 185.76312
47 55 167.94892
47 56 161.9795
47 57 137.04407
47 58 125.11442
47 59 182.11083
47 60 171.34364
47 61 147.60589
47 62 146.38057
47 63 165.38168
47 64 146.60199
47 65 128.08728
47 66 111.7706
47 67 123.47268
47 68 129.83323
47 69 169.55066
47 70 124.54755
47 71 142.84749
47 72 171.2032
47 73 139.16557
47 74 145.96843
47 75 132.2093
47 76 172.8964
47 77 108.54196
47 78 120.88022
47 79 130.21984
47 80 148.96402
47 81 174.50305
47 82 122.10905
47 83 149.66708
47 84 130.54558
47 85 149.81338
47 86 153.18625
47 87 191.23552
47 88 190.80367
47 89 119.9398
47 90 186.02123
47 91 147.27483
47 92 170.86236
47 93 147.72638
47 94 137.28068
47 95 146.58297
47 96 176.09169
47 97 149.32516
47 98 145.93424
47 99 165.01038
48 49 120.415
48 50 185.64222
48 51 115.66978
48 52 114.37361
48 53 160.54905
48 54 162.57339
48 55 113.86277
48 56 107.5271
48 57 148.18431
48 58 141.96796
48 59 136.84564
48 60 123.28318
48 61 110.3603
48 62 125.69053
48 63 132.32173
48 64 126.57353
48 65 133.54844
48 66 157.42314
48 67 166.05961
48 68 127.50231
48 69 113.17427
48 70 158.35151
48 71 139.56401
48 72 135.25151
48 73 140.80466
48 74 179.3997
48 75 124.90646
48 76 157.20867
48 77 150.03652
48 78 151.47822
48 79 161.16789
48 80 174.20731
48 81 141.30662
48 82 138.60706
48 83 158.25935
48 84 145.57455
48 85 141.74298
48 86 115.31111
48 87 135.87605
48 88 154.72085
48 89 165.69805
48 90 134.07718
48 91 110.82542
48 92 116.31959
48 93 156.41978
48 94 132.63655
48 95 171.07346
48 96 119.73762
48 97 112.84397
48 98 125.7013
48 99 133.49177
49 50 175.43799
49 51 124.23662
49 52 106.45759
49 53 154.16996
49 54 142.66661
49 55 117.62992
49 56 127.11089
49 57 161.35337
49 58 151.22624
49 59 156.28387
49 60 114.74107
49 61 117.04878
49 62 142.58711
49 63 152.58834
49 64 143.54172
49 65 142.71634
49 66 161.93274
49 67 172.90968
49 68 134.00073
49 69 122.74701
49 70 150.0989
49 71 124.83326
49 72 116.91726
49 73 155.05301
49 74 166.99596
49 75 131.57396
49 76 136.80742
49 77 149.11053
49 78 159.39402
49 79 151.11659
49 80 186.88193
49 81 122.46914
49 82 145.67778
49 83 141.85404
49 84 156.90012
49 85 124.25463
49 86 106.4025
49 87 149.31251
49 88 137.88159
49 89 171.44664
49 90 151.08464
49 91 125.689
49 92 119.8282
49 93 171.49488
49 94 122.41798
49 95 157.05656
49 96 126.94831
49 97 111.77501
49 98 142.44137
49 99 113.45743
50 51 197.71696
50 52 179.79719
50 53 127.22961
50 54 181.39505
50 55 191.76359
50 56 192.65372
50 57 180.63324
50 58 167.75539
50 59 218.56795
50 60 189.77533
50 61 175.29413
50 62 185.35744
50 63 204.48194
50 64 185.85271
50 65 167.93526
50 66 154.73758
50 67 163.72754
50 68 165.13915
50 69 195.57345
50 70 127.4927
50 71 150.9784
50 72 181.50943
50 73 181.88026
50 74 112.36581
50 75 166.41897
50 76 167.84432
50 77 143.29578
50 78 164.60006
50 79 124.62079
50 80 190.50138
50 81 181.56191
50 82 162.9273
50 83 140.0279
50 84 173.95292
50 85 154.34418
50 86 174.83393
50 87 221.36505
50 88 194.74984
50 89 159.70921
50 90 219.20748
50 91 179.54338
50 92 194.43321
50 93 191.44545
50 94 154.00038
50 95 123.50981
50 96 201.21273
50 97 173.84778
50 98 184.91063
50 99 175.25457
51 52 118.45107
51 53 174.00892
51 54 159.82485
51 55 106.64583
51 56 114.23762
51 57 162.76279
51 58 157.51623
51 59 136.00287
51 60 116.3584
51 61 124.51133
51 62 139.25323
51 63 139.51944
51 64 140.0196
51 65 149.17467
51 66 173.06652
51 67 181.68641
51 68 143.08442
51 69 102.50981
51 70 171.05377
51 71 148.4377
51 72 132.19016
51 73 155.13309
51 74 190.22775
51 75 140.45796
51 76 157.97399
51 77 164.89845
51 78 167.0834
51 79 173.10096
51 80 188.587
51 81 137.99935
51 82 154.27677
51 83 166.04886
51 84 160.74236
51 85 148.48441
51 86 122.99364
51 87 125.08051
51 88 147.62
51 89 181.36487
51 90 128.06768
51 91 126.40095
51 92 105.33791
51 93 169.92623
51 94 143.72086
51 95 180.80416
51 96 104.07978
51 97 124.17696
51 98 139.37314
51 99 133.44861
52 53 157.23678
52 54 148.22377
52 55 112.07171
52 56 120.75326
52 57 158.31936
52 58 149.33486
52 59 149.83574
52 60 113.25044
52 61 113.56562
52 62 138.08742
52 63 146.69319
52 64 139.03032
52 65 140.67614
52 66 161.70734
52 67 172.05003
52 68 132.49718
52 69 116.71634
52 70 153.68553
52 71 129.99743
52 72 121.22862
52 73 151.59431
52 74 171.92207
52 75 129.89871
52 76 143.08778
52 77 150.40266
52 78 158.05198
52 79 155.25589
52 80 184.18123
52 81 127.18776
52 82 144.36928
52 83 147.69902
52 84 154.42645
52 85 130.24304
52 86 105.28354
52 87 143.39024
52 88 141.5266
52 89 170.92705
52 90 144.72602
52 91 121.24429
52 92 114.64521
52 93 167.87636
52 94 125.93931
52 95 162.36602
52 96 121.56961
52 97 109.41305
52 98 137.99214
52 99 119.11986
53 54 173.13012
53 55 168.63817
53 56 167.13448
53 57 154.70033
53 58 141.19247
53 59 191.83082
53 60 168.91039
53 61 150.25296
53 62 158.14588
53 63 177.30423
53 64 158.63148
53 65 140.74988
53 66 131.32845
53 67 142.71329
53 68 138.08051
53 69 171.6868
53 70 106.32896
53 71 132.90618
53 72 164.41111
53 73 155.15931
53 74 126.84292
53 75 139.52691
53 76 159.50798
53 77 116.50092
53 78 139.56392
53 79 111.19946
53 80 168.5247
53 81 166.26778
53 82 135.922
53 83 133.0941
53 84 147.83696
53 85 138.83151
53 86 151.98992
53 87 196.40982
53 88 181.70414
53 89 138.95214
53 90 193.27941
53 91 153.33119
53 92 171.47491
53 93 166.08047
53 94 131.75754
53 95 127.159
53 96 177.79088
53 97 149.83843
53 98 157.69813
53 99 157.90703
54 55 154.21676
54 56 168.33612
54 57 201.33776
54 58 189.1542
54 59 195.67797
54 60 143.46718
54 61 159.30511
54 62 184.93814
54 63 194.8856
54 64 185.89346
54 65 181.50742
54 66 194.29582
54 67 206.64988
54 68 172.45557
54 69 159.75353
54 70 166.95237
54 71 143.01572
54 72 127.89842
54 73 195.95835
54 74 169.3541
54 75 170.60022
54 76 113.82702
54 77 177.43359
54 78 195.4149
54 79 164.03289
54 80 225.50934
54 81 121.88713
54 82 182.60732
54 83 142.0988
54 84 195.86545
54 85 135.98154
54 86 148.85958
54 87 181.75014
54 88 119.24888
54 89 204.12003
54 90 187.53182
54 91 168.18897
54 92 154.51312
54 93 212.37496
54 94 150.35973
54 95 157.89406
54 96 160.11589
54 97 153.8748
54 98 184.75503
54 99 129.2213
55 56 115.78786
55 57 162.04687
55 58 155.38967
55 59 141.48442
55 60 111.21193
55 61 120.48498
55 62 139.32737
55 63 142.66366
55 64 140.17829
55 65 146.82263
55 66 169.8896
55 67 179.20471
55 68 139.88143
55 69 105.66028
55 70 165.39028
55 71 142.04061
55 72 126.35996
55 73 154.6538
55 74 183.99248
55 75 137.21106
55 76 151.66816
55 77 160.46526
55 78 164.73579
55 79 167.18197
55 80 188.06933
55 81 132.32978
55 82 151.48546
55 83 159.47454
55 84 159.32793
55 85 141.88454
55 86 116.93443
55 87 131.71519
55 88 143.33589
55 89 178.57958
55 90 134.40198
55 91 124.47387
55 92 102.91663
55 93 170.13851
55 94 137.79722
55 95 174.40349
55 96 109.49858
55 97 118.98896
55 98 139.37214
55 99 127.06705
56 57 148.80031
56 58 144.70182
56 59 129.4488
56 60 126.76449
56 61 117.47953
56 62 125.09829
56 63 127.04308
56 64 125.83872
56 65 136.78293
56 66 161.3937
56 67 169.02396
56 68 132.18289
56 69 112.24483
56 70 165.25472
56 71 147.09072
56 72 140.58095
56 73 141.09651
56 74 186.69822
56 75 129.77068
56 76 163.83946
56 77 155.70385
56 78 154.39664
56 79 168.28535
56 80 174.48805
56 81 146.67596
56 82 142.35664
56 83 165.78377
56 84 147.22768
56 85 149.19413
56 86 122.55823
56 87 129.48353
56 88 158.90121
56 89 169.06889
56 90 126.71069
56 91 114.70815
56 92 117.2581
56 93 155.69567
56 94 140.05052
56 95 178.52318
56 96 117.78076
56 97 120.37075
56 98 125.24062
56 99 139.65088
57 58 114.21017
57 59 155.7345
57 60 170.52931
57 61 144.78677
57 62 123.90435
57 63 136.79418
57 64 123.30583
57 65 120.00362
57 66 127.4567
57 67 126.50833
57 68 128.94452
57 69 160.48455
57 70 157.75116
57 71 161.87566
57 72 178.2464
57 73 107.80899
57 74 181.48155
57 75 130.74016
57 76 191.26468
57 77 138.28917
57 78 116.5638
57 79 163.35187
57 80 126.04428
57 81 183.52717
57 82 120.91653
57 83 176.49395
57 84 106.93615
57 85 168.30855
57 86 155.07655
57 87 172.61802
57 88 199.23465
57 89 128.81224
57 90 163.98372
57 91 137.82339
57 92 164.44505
57 93 111.98758
57 94 152.6503
57 95 179.46562
57 96 166.52046
57 97 149.66869
57 98 123.69347
57 99 173.80985
58 59 159.14799
58 60 162.29664
58 61 135.9636
58 62 123.35072
58 63 141.30643
58 64 123.29207
58 65 108.67474
58 66 118.60824
58 67 124.32316
58 68 117.26973
58 69 155.06093
58 70 143.82404
58 71 148.41288
58 72 167.78253
58 73 114.1612
58 74 167.7845
58 75 119.65314
58 76 178.40328
58 77 124.692
58 78 109.71108
58 79 149.35143
58 80 136.36774
58 81 172.64398
58 82 106.88498
58 83 162.3988
58 84 107.39987
58 85 155.06725
58 86 145.30564
58 87 171.98647
58 88 188.7827
58 89 124.61098
58 90 164.98991
58 91 131.14734
58 92 158.08266
58 93 126.17694
58 94 139.45777
58 95 165.34746
58 96 161.52577
58 97 140.08241
58 98 122.94777
58 99 162.75864
59 60 152.29641
59 61 145.77261
59 62 135.96417
59 63 118.97153
59 64 135.90831
59 65 154.06089
59 66 177.74589
59 67 181.39264
59 68 153.90926
59 69 135.92459
59 70 191.14915
59 71 176.1096
59 72 167.84424
59 73 148.65549
59 74 213.98715
59 75 152.30893
59 76 192.63094
59 77 177.82832
59 78 168.05793
59 79 194.95799
59 80 176.7269
59 81 173.79467
59 82 160.11414
59 83 194.89031
59 84 157.88991
59 85 178.58723
59 86 152.0055
59 87 123.73391
59 88 183.34618
59 89 182.82151
59 90 112.61856
59 91 139.40004
59 92 141.2385
59 93 156.53423
59 94 168.371
59 95 206.70145
59 96 136.54791
59 97 149.53888
59 98 136.39468
59 99 168.08586
60 61 126.33399
60 62 148.89173
60 63 153.77265
60 64 149.79233
60 65 153.62206
60 66 174.95616
60 67 185.25579
60 68 145.65614
60 69 116.44694
60 70 164.80115
60 71 138.84177
60 72 115.98192
60 73 163.47126
60 74 180.85464
60 75 143.03242
60 76 142.27037
60 77 163.28709
60 78 171.17234
60 79 165.64123
60 80 196.5369
60 81 121.66684
60 82 157.52901
60 83 154.3515
60 84 167.06753
60 85 136.85976
60 86 118.18247
60 87 139.61875
60 88 132.16301
60 89 184.1705
60 90 144.21445
60 91 132.76722
60 92 111.06208
60 93 179.43901
60 94 137.15886
60 95 170.46039
60 96 116.97535
60 97 122.65045
60 98 148.8757
60 99 118.37965
61 62 125.64733
61 63 137.83585
61 64 126.60318
61 65 127.28887
61 66 149.47587
61 67 159.18031
61 68 119.58959
61 69 122.04592
61 70 147.99123
61 71 130.41233
61 72 133.87982
61 73 138.19216
61 74 169.22128
61 75 116.92266
61 76 151.93426
61 77 140.38768
61 78 144.92821
61 79 150.85008
61 80 170.61801
61 81 139.51706
61 82 131.38847
61 83 149.20161
61 84 140.87585
61 85 133.61686
61 86 110.64745
61 87 146.21958
61 88 154.67589
61 89 158.33834
61 90 144.18861
61 91 108.97228
61 92 123.37434
61 93 154.5727
61 94 122.71062
61 95 161.19229
61 96 128.52776
61 97 105.43086
61 98 125.47824
61 99 130.31652
62 63 119.24805
62 64 100.95587
62 65 118.31471
62 66 141.8696
62 67 146.72461
62 68 120.63828
62 69 137.08523
62 70 158.6802
62 71 151.56789
62 72 159.18403
62 73 116.11453
62 74 182.66129
62 75 120.14503
62 76 177.04109
62 77 142.90899
62 78 132.64951
62 79 163.3292
62 80 149.39553
62 81 164.98116
62 82 124.27987
62 83 169.33971
62 84 123.49239
62 85 156.56209
62 86 136.22436
62 87 149.4176
62 88 179.59271
62 89 147.62881
62 90 141.77835
62 91 116.92334
62 92 141.47232
62 93 130.82323
62 94 142.20951
62 95 177.37027
62 96 142.87874
62 97 131.07176
62 98 100.45225
62 99 155.94859
63 64 118.88345
63 65 137.45294
63 66 159.85999
63 67 162.68204
63 68 139.43405
63 69 138.23342
63 70 177.57996
63 71 167.35288
63 72 167.38335
63 73 129.87105
63 74 201.34518
63 75 138.48418
63 76 189.18299
63 77 162.15545
63 78 149.754
63 79 182.01994
63 80 158.2056
63 81 173.47111
63 82 143.29419
63 83 185.85482
63 84 139.28946
63 85 171.30442
63 86 146.91248
63 87 138.75426
63 88 185.92997
63 89 164.29719
63 90 128.61526
63 91 129.35792
63 92 143.708
63 93 137.9573
63 94 158.50196
63 95 195.40348
63 96 141.88622
63 97 142.8336
63 98 119.70012
63 99 165.80485
64 65 118.58468
64 66 141.85797
64 67 146.46408
64 68 121.27796
64 69 137.87014
64 70 159.25131
64 71 152.43135
64 72 160.13345
64 73 115.50079
64 74 183.26837
64 75 120.86962
64 76 177.98259
64 77 143.28924
64 78 132.48889
64 79 163.94161
64 80 148.68289
64 81 165.93348
64 82 124.49294
64 83 170.15666
64 84 123.13775
64 85 157.45938
64 86 137.1797
64 87 149.79439
64 88 180.53138
64 89 147.44544
64 90 141.99563
64 91 117.87519
64 92 142.30102
64 93 129.99547
64 94 143.05827
64 95 178.06722
64 96 143.61814
64 97 132.02751
64 98 101.20123
64 99 156.90429
65 66 124.83318
65 67 132.51331
65 68 109.06671
65 69 146.69839
65 70 142.15136
65 71 142.01529
65 72 159.38541
65 73 116.34229
65 74 166.38132
65 75 111.20189
65 76 171.26594
65 77 124.89422
65 78 117.93842
65 79 147.28379
65 80 144.37926
65 81 164.37786
65 82 106.07981
65 83 157.46618
65 84 114.41384
65 85 148.34572
65 86 136.71788
65 87 164.88505
65 88 180.40993
65 89 132.31084
65 90 158.63907
65 91 122.77578
65 92 149.54569
65 93 131.64265
65 94 132.70158
65 95 162.5111
65 96 153.21353
65 97 131.45663
65 98 117.86599
65 99 154.53307
66 67 112.54694
66 68 130.03924
66 69 170.5595
66 70 136.14936
66 71 151.34981
66 72 177.14356
66 73 131.26774
66 74 157.65661
66 75 132.69962
66 76 181.95958
66 77 117.80619
66 78 110.94525
66 79 141.86886
66 80 137.20086
66 81 181.08642
66 82 119.04172
66 83 160.38588
66 84 121.78926
66 85 158.41257
66 86 156.91336
66 87 189.71742
66 88 197.5098
66 89 109.85437
66 90 183.25229
66 91 146.96962
66 92 172.74089
66 93 137.11158
66 94 144.35034
66 95 158.28792
66 96 177.14401
66 97 152.33538
66 98 141.45497
66 99 171.29473
67 68 139.62704
67 69 179.21154
67 70 147.99327
67 71 163.78091
67 72 188.63075
67 73 132.81371
67 74 168.16726
67 75 142.27684
67 76 194.43365
67 77 130.3099
67 78 114.63431
67 79 153.62157
67 80 126.77463
67 81 192.82736
67 82 127.79241
67 83 172.82326
67 84 123.53241
67 85 170.84185
67 86 167.5218
67 87 195.99588
67 88 209.23961
67 89 104.01853
67 90 188.45239
67 91 155.28569
67 92 181.96991
67 93 132.60962
67 94 156.49707
67 95 169.86849
67 96 185.72106
67 97 162.63926
67 98 146.37125
67 99 182.96513
68 69 140.57484
68 70 138.14935
68 71 133.62829
68 72 150.51281
68 73 124.42078
68 74 162.03744
68 75 102.67263
68 76 162.35942
68 77 124.1725
68 78 125.56415
68 79 142.70164
68 80 153.40198
68 81 155.40621
68 82 111.87434
68 83 150.0416
68 84 123.47576
68 85 139.70179
68 86 128.20069
68 87 161.40599
68 88 171.51544
68 89 138.75305
68 90 156.53685
68 91 117.47742
68 92 142.7186
68 93 140.36096
68 94 124.17074
68 95 156.86348
68 96 147.1642
68 97 123.11713
68 98 120.21112
68 99 145.53784
69 70 168.81375
69 71 146.59814
69 72 131.94522
69 73 152.88756
69 74 188.23537
69 75 137.94815
69 76 157.32483
69 77 162.43263
69 78 164.6145
69 79 170.95287
69 80 186.35657
69 81 137.87189
69 82 151.77893
69 83 164.41287
69 84 158.36282
69 85 146.91763
69 86 121.01157
69 87 126.67508
69 88 148.25505
69 89 178.87227
69 90 128.77684
69 91 123.93014
69 92 105.56312
69 93 167.82632
69 94 141.60292
69 95 178.94207
69 96 106.58949
69 97 121.88892
69 98 137.19078
69 99 132.71798
70 71 127.59901
70 72 159.28761
70 73 157.41267
70 74 124.23108
70 75 139.21055
70 76 153.28521
70 77 119.67313
70 78 143.44161
70 79 105.75925
70 80 173.26106
70 81 160.81971
70 82 137.9556
70 83 126.77738
70 84 150.82035
70 85 133.13479
70 86 148.5268
70 87 194.18341
70 88 176.00524
70 89 144.35425
70 90 191.74593
70 91 152.05216
70 92 168.16451
70 93 169.41993
70 94 127.79779
70 95 122.23473
70 96 174.71073
70 97 146.93886
70 98 158.24197
70 99 152.78546
71 72 131.70133
71 73 158.02388
71 74 142.1673
71 75 132.67186
71 76 130.69813
71 77 134.44801
71 78 153.35202
71 79 127.26753
71 80 184.17476
71 81 133.36658
71 82 141.56186
71 83 118.79105
71 84 155.62613
71 85 107.06285
71 86 125.68024
71 87 173.22008
71 88 149.01361
71 89 161.14722
71 90 173.37119
71 91 138.07961
71 92 144.47496
71 93 173.64909
71 94 109.50642
71 95 132.36861
71 96 151.51795
71 97 126.72004
71 98 151.23435
71 99 125.20667
72 73 171.96795
72 74 171.30512
72 75 148.19028
72 76 126.54233
72 77 162.70368
72 78 175.58114
72 79 158.76103
72 80 203.67759
72 81 106.09566
72 82 161.95413
72 83 143.13093
72 84 173.66985
72 85 127.18227
72 86 123.28207
72 87 155.42092
72 88 121.03008
72 89 186.86215
72 90 160.17172
72 91 142.26688
72 92 126.85242
72 93 188.40324
72 94 134.08351
72 95 160.16312
72 96 132.94707
72 97 128.68325
72 98 159.06594
72 99 106.50647
73 74 181.54653
73 75 125.72595
73 76 186.50569
73 77 138.69371
73 78 120.52914
73 79 162.79327
73 80 133.47507
73 81 177.42525
73 82 119.46142
73 83 173.80585
73 84 109.65035
73 85 164.11106
73 86 148.69309
73 87 164.8974
73 88 192.85431
73 89 134.55388
73 90 156.44009
73 91 130.70493
73 92 156.98275
73 93 116.47699
73 94 148.58744
73 95 178.43181
73 96 158.84864
73 97 143.28569
73 98 115.91661
73 99 167.85793
74 75 162.86107
74 76 155.94201
74 77 143.19622
74 78 166.37617
74 79 119.33684
74 80 194.61505
74 81 170.83175
74 82 162.11566
74 83 128.71908
74 84 174.58978
74 85 144.44047
74 86 167.23969
74 87 214.56737
74 88 183.33964
74 89 164.22138
74 90 213.40887
74 91 174.59315
74 92 186.52082
74 93 192.91952
74 94 146.88334
74 95 111.5975
74 96 193.49103
74 97 167.01817
74 98 182.22917
74 99 165.25462
75 76 160.80111
75 77 126.21737
75 78 128.1538
75 79 143.53862
75 80 155.56927
75 81 153.18031
75 82 114.50183
75 83 149.63318
75 84 125.57173
75 85 138.487
75 86 125.68491
75 87 159.09451
75 88 169.21189
75 89 141.42415
75 90 154.49298
75 91 115.07028
75 92 140.05046
75 93 141.91963
75 94 123.1662
75 95 157.23933
75 96 144.53755
75 97 120.54203
75 98 119.74079
75 99 143.3454
76 77 164.72015
76 78 183.93222
76 79 150.2374
76 80 214.5438
76 81 122.03952
76 82 171.6663
76 83 128.29997
76 84 185.39699
76 85 123.67295
76 86 142.2707
76 87 181.87532
76 88 128.59922
76 89 191.71073
76 90 186.02746
76 91 160.89256
76 92 152.69245
76 93 202.69666
76 94 138.98983
76 95 144.39946
76 96 159.19534
76 97 146.6212
76 98 176.80192
76 99 124.61967
77 78 123.80909
77 79 125.39629
77 80 154.14201
77 81 165.96368
77 82 119.64285
77 83 142.59688
77 84 131.39361
77 85 141.45466
77 86 145.20234
77 87 185.16101
77 88 182.26171
77 89 127.21027
77 90 180.68847
77 91 141.13366
77 92 163.38151
77 93 149.82563
77 94 128.74348
77 95 141.81184
77 96 168.90483
77 97 141.62197
77 98 142.45678
77 99 156.48869
78 79 149.18469
78 80 131.09346
78 81 180.12883
78 82 113.72813
78 83 165.21384
78 84 110.92828
78 85 160.28951
78 86 153.7361
78 87 181.62146
78 88 196.44565
78 89 114.99924
78 90 174.41669
78 91 140.68439
78 92 167.47319
78 93 126.84617
78 94 145.0942
78 95 165.61926
78 96 171.11064
78 97 148.68095
78 98 132.26926
78 99 170.21643
79 80 179.00468
79 81 159.72276
79 82 143.33592
79 83 122.6932
79 84 156.41656
79 85 131.86829
79 86 150.2477
79 87 196.79921
79 88 174.33665
79 89 149.93795
79 90 194.93635
79 91 155.63286
79 92 169.8741
79 93 175.06974
79 94 129.39429
79 95 116.47575
79 96 176.6157
79 97 149.24168
79 98 162.89791
79 99 152.31779
80 81 208.74808
80 82 142.93211
80 83 196.23715
80 84 130.01276
80 85 191.01526
80 86 180.70885
80 87 196.30584
80 88 224.70701
80 89 130.79316
80 90 186.72513
80 91 163.86348
80 92 190.43715
80 93 120.24838
80 94 175.55638
80 95 195.45613
80 96 192.26425
80 97 175.33181
80 98 149.24743
80 99 198.9118
81 82 166.61743
81 83 142.21653
81 84 178.74092
81 85 127.85801
81 86 128.87163
81 87 160.67322
81 88 116.42405
81 89 190.88001
81 90 165.86051
81 91 148.05846
81 92 132.67266
81 93 193.88997
81 94 137.22378
81 95 159.43883
81 96 138.50785
81 97 134.22053
81 98 164.84971
81 99 109.91315
82 83 155.58607
82 84 114.24501
82 85 148.25689
82 86 140.01049
82 87 170.77786
82 88 182.87565
82 89 127.12039
82 90 164.6852
82 91 128.01064
82 92 154.28038
82 93 132.9037
82 94 132.68593
82 95 159.07715
82 96 158.34334
82 97 134.9811
82 98 123.83501
82 99 156.70704
83 84 169.79813
83 85 117.64596
83 86 143.89792
83 87 191.07945
83 88 154.73722
83 89 169.51951
83 90 191.85731
83 91 156.7205
83 92 161.65503
83 93 188.47522
83 94 127.36627
83 95 117.23145
83 96 168.78536
83 97 145.4286
83 98 168.97649
83 99 137.4121
84 85 162.19903
84 86 150.77372
84 87 172.90992
84 88 194.69988
84 89 125.00977
84 90 165.02499
84 91 134.8549
84 92 161.88502
84 93 118.8204
84 94 146.55094
84 95 172.5338
84 96 164.64547
84 97 145.42447
84 98 123.17438
84 99 168.91633
85 86 126.81631
85 87 173.54879
85 88 142.88595
85 89 168.20822
85 90 174.7555
85 91 141.96526
85 92 144.02407
85 93 179.97443
85 94 115.66073
85 95 133.68547
85 96 151.15603
85 97 129.15325
85 98 156.25819
85 99 120.91734
86 87 147.55589
86 88 144.18219
86 89 166.25481
86 90 147.99036
86 91 119.35912
86 92 119.65422
86 93 165.1217
86 94 120.86468
86 95 157.96516
86 96 126.38267
86 97 105.41334
86 98 136.07124
86 99 119.73537
87 88 166.46199
87 89 196.59306
87 90 111.12161
87 91 144.05005
87 92 129.8609
87 93 176.16712
87 94 167.71631
87 95 205.51752
87 96 122.88499
87 97 147.61053
87 98 149.7397
87 99 157.8019
88 89 207.30401
88 90 173.71325
88 91 162.76995
88 92 142.69643
88 93 209.24837
88 94 153.55256
88 95 171.74969
88 96 146.80872
88 97 149.59552
88 98 179.5068
88 99 126.27924
89 90 189.40455
89 91 155.01799
89 92 181.38729
89 93 135.85025
89 94 154.20348
89 95 166.10971
89 96 185.42391
89 97 161.52008
89 98 147.25316
89 99 181.06673
90 91 139.96375
90 92 133.38324
90 93 166.48923
90 94 166.71297
90 95 205.13886
90 96 127.41925
90 97 146.7846
90 98 142.15157
90 99 161.45766
91 92 127.0605
91 93 146.78025
91 94 129.51321
91 95 167.44427
91 96 130.43779
91 97 114.37137
91 98 116.79929
91 99 139.09388
92 93 172.29437
92 94 140.51173
92 95 176.80736
92 96 107.13234
92 97 121.88763
92 98 141.53891
92 99 128.22181
93 94 164.34099
93 95 191.27867
93 96 173.41952
93 97 159.72144
93 98 130.76749
93 99 184.33462
94 95 138.48908
94 96 147.22173
94 97 120.1349
94 98 141.8654
94 99 127.78286
95 96 183.8717
95 97 158.38096
95 98 176.959
95 99 154.25387
96 97 127.96079
96 98 143.01817
96 99 134.94539
97 98 130.89813
97 99 124.919
98 99 155.78834
