50 5
0 1 138.68071
0 2 140.0961
0 3 159.77776
0 4 117.33781
0 5 142.16171
0 6 143.83392
0 7 183.52257
0 8 153.22705
0 9 129.22324
0 10 194.77191
0 11 111.49271
0 12 197.54748
0 13 146.95349
0 14 166.96425
0 15 137.47556
0 16 125.23993
0 17 144.86416
0 18 179.51835
0 19 129.26434
0 20 133.68028
0 21 208.23496
0 22 198.42101
0 23 166.89883
0 24 148.38942
0 25 177.49084
0 26 199.58348
0 27 136.02565
0 28 145.2074
0 29 105.66665
0 30 146.64632
0 31 151.00244
0 32 170.14295
0 33 126.59605
0 34 120.75699
0 35 153.09068
0 36 173.06363
0 37 123.60084
0 38 153.46725
0 39 180.06648
0 40 126.49936
0 41 181.44754
0 42 155.82076
0 43 178.83061
0 44 193.96083
0 45 132.45405
0 46 199.38618
0 47 165.76932
0 48 109.0437
0 49 174.89367
1 2 162.23397
1 3 142.23845
1 4 121.64439
1 5 139.31575
1 6 146.94017
1 7 188.34771
1 8 136.80615
1 9 140.40391
1 10 189.81384
1 11 127.32181
1 12 173.80397
1 13 177.16125
1 14 164.38797
1 15 170.2253
1 16 116.74293
1 17 156.92252
1 18 185.0304
1 19 158.05697
1 20 111.57467
1 21 177.45006
1 22 166.8662
1 23 154.20079
1 24 134.79247
1 25 176.54872
1 26 196.80038
1 27 161.81631
1 28 110.70336
1 29 133.3987
1 30 150.22571
1 31 112.34162
1 32 172.85607
1 33 148.43498
1 34 149.88892
1 35 114.41413
1 36 183.3823
1 37 117.31327
1 38 149.77893
1 39 157.18406
1 40 122.47925
1 41 156.58505
1 42 165.56441
1 43 166.90723
1 44 160.69426
1 45 127.9755
1 46 173.1669
1 47 183.48497
1 48 145.79481
1 49 144.6894
2 3 152.51105
2 4 145.41958
2 5 132.42747
2 6 125.72267
2 7 147.96999
2 8 148.43649
2 9 122.21125
2 10 165.23996
2 11 143.03842
2 12 186.22503
2 13 119.28629
2 14 141.21077
2 15 120.30917
2 16 157.78844
2 17 114.65149
2 18 143.96728
2 19 113.10587
2 20 151.33231
2 21 204.42787
2 22 197.00199
2 23 151.50216
2 24 144.12014
2 25 147.37476
2 26 167.75071
2 27 106.30837
2 28 172.39242
2 29 139.973
2 30 125.37613
2 31 171.83691
2 32 138.44743
2 33 114.73819
2 34 119.58312
2 35 174.25301
2 36 135.22397
2 37 145.87366
2 38 135.31953
2 39 171.3164
2 40 139.80409
2 41 174.60066
2 42 121.888
2 43 158.8303
2 44 195.78911
2 45 136.38423
2 46 190.72146
2 47 125.70039
2 48 132.94054
2 49 176.0524
3 4 147.0453
3 5 121.09744
3 6 126.79811
3 7 153.17353
3 8 106.62148
3 9 136.16376
3 10 148.75834
3 11 151.12424
3 12 137.88729
3 13 171.7842
3 14 127.82629
3 15 170.41053
3 16 153.34632
3 17 139.08527
3 18 150.89218
3 19 157.86435
3 20 133.9954
3 21 152.37806
3 22 144.50801
3 23 112.55826
3 24 111.40725
3 25 138.80019
3 26 156.2915
3 27 156.40369
3 28 151.22378
3 29 154.69776
3 30 127.69461
3 31 142.13583
3 32 138.72282
3 33 146.95477
3 34 154.63601
3 35 143.78125
3 36 153.80887
3 37 140.64178
3 38 119.04164
3 39 120.65251
3 40 134.05245
3 41 122.93947
3 42 140.75543
3 43 124.77516
3 44 143.54697
3 45 127.32693
3 46 140.49474
3 47 161.38767
3 48 160.95204
3 49 124.50065
4 5 133.75153
4 6 138.55133
4 7 181.12389
4 8 140.4512
4 9 126.50933
4 10 188.21293
4 11 105.84714
4 12 183.83978
4 13 157.69087
4 14 160.57465
4 15 149.77913
4 16 112.38658
4 17 144.48562
4 18 177.34077
4 19 138.51231
4 20 116.74465
4 21 192.46302
4 22 182.3679
4 23 156.29096
4 24 136.19608
4 25 172.23885
4 26 194.06891
4 27 143.51299
4 28 129.45641
4 29 111.84432
4 30 141.87611
4 31 133.86365
4 32 166.32119
4 33 130.71762
4 34 129.78844
4 35 136.0286
4 36 173.07566
4 37 106.90047
4 38 145.79337
4 39 166.31503
4 40 113.3942
4 41 167.10216
4 42 154.86062
4 43 168.97794
4 44 177.4441
4 45 121.41707
4 46 184.90287
4 47 169.48132
4 48 124.15985
4 49 158.92552
5 6 108.41678
5 7 149.26662
5 8 116.14728
5 9 115.34004
5 10 154.46228
5 11 135.9916
5 12 158.02935
5 13 151.47234
5 14 126.90174
5 15 149.42004
5 16 143.74879
5 17 120.88768
5 18 145.82391
5 19 136.77717
5 20 127.94496
5 21 173.45302
5 22 165.30605
5 23 124.99932
5 24 111.69364
5 25 138.78807
5 26 160.39801
5 27 135.688
5 28 149.95704
5 29 137.8813
5 30 111.2912
5 31 145.20041
5 32 133.86797
5 33 125.87879
5 34 133.79798
5 35 147.47054
5 36 144.27229
5 37 129.18204
5 38 112.04205
5 39 141.4004
5 40 120.82174
5 41 143.99766
5 42 127.03696
5 43 136.66892
5 44 163.55365
5 45 112.71015
5 46 161.29906
5 47 146.73171
5 48 141.54126
5 49 143.69348
6 7 142.73865
6 8 123.12578
6 9 114.69202
6 10 150.97731
6 11 139.69168
6 12 161.52666
6 13 145.00592
6 14 123.13145
6 15 144.28195
6 16 149.58073
6 17 112.79847
6 18 139.06977
6 19 132.42379
6 20 135.40877
6 21 178.79865
6 22 171.27942
6 23 127.00727
6 24 119.37242
6 25 134.05283
6 26 156.12271
6 27 129.91318
6 28 157.63707
6 29 140.373
6 30 103.39403
6 31 153.4417
6 32 127.77085
6 33 122.68798
6 34 131.44176
6 35 155.7378
6 36 136.44605
6 37 135.04975
6 38 110.88688
6 39 145.882
6 40 126.7134
6 41 149.00098
6 42 118.78877
6 43 136.77944
6 44 170.20175
6 45 119.24457
6 46 165.54435
6 47 138.31548
6 48 141.44454
6 49 150.64243
7 8 155.05332
7 9 155.36892
7 10 123.44669
7 11 181.65463
7 12 165.60181
7 13 159.69373
7 14 125.4188
7 15 166.25429
7 16 192.31937
7 17 138.69082
7 18 104.05024
7 19 160.96112
7 20 177.1527
7 21 189.1537
7 22 186.28783
7 23 142.07298
7 24 154.81442
7 25 115.2216
7 26 121.99553
7 27 154.2073
7 28 198.85478
7 29 181.23677
7 30 139.3573
7 31 192.54421
7 32 115.49995
7 33 157.50381
7 34 165.58395
7 35 194.58704
7 36 114.26698
7 37 177.77734
7 38 138.73055
7 39 159.43726
7 40 169.41456
7 41 163.86496
7 42 127.78123
7 43 136.94369
7 44 189.31547
7 45 161.67988
7 46 172.39331
7 47 130.19019
7 48 178.52558
7 49 174.66021
8 9 130.55805
8 10 153.19445
8 11 144.50276
8 12 144.34862
8 13 167.57445
8 14 129.72852
8 15 165.48187
8 16 147.056
8 17 135.86256
8 18 152.38402
8 19 152.70093
8 20 127.86097
8 21 157.71625
8 22 149.26556
8 23 117.40958
8 24 105.06132
8 25 141.47492
8 26 160.42626
8 27 151.83527
8 28 146.29716
8 29 148.10961
8 30 124.72943
8 31 138.12445
8 32 139.96315
8 33 141.58077
8 34 148.89919
8 35 139.98665
8 36 153.96041
8 37 134.10111
8 38 117.85516
8 39 126.9579
8 40 127.431
8 41 128.84629
8 42 139.23392
8 43 130.21536
8 44 147.41394
8 45 120.80248
8 46 146.64393
8 47 159.86098
8 48 154.63297
8 49 127.61694
9 10 165.55175
9 11 126.32791
9 12 173.36916
9 13 139.46872
9 14 137.78029
9 15 135.54379
9 16 138.57272
9 17 117.97999
9 18 151.46812
9 19 122.49171
9 20 129.24676
9 21 188.271
9 22 179.72027
9 23 139.97437
9 24 125.5916
9 25 148.31662
9 26 170.42206
9 27 123.28386
9 28 150.81149
9 29 126.10454
9 30 117.42313
9 31 149.64322
9 32 141.26298
9 33 111.18056
9 34 118.49091
9 35 152.05793
9 36 146.60583
9 37 125.0175
9 38 124.93816
9 39 156.65946
9 40 117.94558
9 41 159.10043
9 42 128.44611
9 43 150.87696
9 44 177.2822
9 45 114.3375
9 46 176.56069
9 47 143.63241
9 48 126.91331
9 49 157.26272
10 11 190.22326
10 12 147.10456
10 13 180.05868
10 14 127.88983
10 15 185.06353
10 16 197.72727
10 17 152.64398
10 18 125.72649
10 19 177.32827
10 20 179.86853
10 21 171.01506
10 22 170.29603
10 23 136.20674
10 24 155.0992
10 25 117.97688
10 26 108.07536
10 27 171.50367
10 28 199.49008
10 29 191.32333
10 30 148.13111
10 31 190.88394
10 32 126.79262
10 33 171.09556
10 34 179.90442
10 35 192.53815
10 36 136.60278
10 37 183.35647
10 38 142.42027
10 39 146.40487
10 40 175.134
10 41 150.59218
10 42 143.35429
10 43 125.0347
10 44 174.97113
10 45 166.9619
10 46 154.24635
10 47 152.56711
10 48 191.63382
10 49 164.40444
11 12 188.39791
11 13 153.78121
11 14 162.38322
11 15 145.34765
11 16 115.70059
11 17 143.97991
11 18 177.77566
11 19 134.80903
11 20 122.41495
11 21 197.77509
11 22 187.77471
11 23 159.61753
11 24 139.97682
11 25 173.71743
11 26 195.73329
11 27 140.42558
11 28 134.54302
11 29 106.07771
11 30 142.88729
11 31 139.60326
11 32 167.25912
11 33 128.34494
11 34 125.91076
11 35 141.73284
11 36 172.73615
11 37 112.3713
11 38 147.93453
11 39 170.85452
11 40 117.07266
11 41 171.86423
11 42 154.69995
11 43 172.09029
11 44 183.01501
11 45 124.43251
11 46 189.74388
11 47 167.88
11 48 118.68288
11 49 164.28091
12 13 205.14968
12 14 148.32678
12 15 205.70039
12 16 188.06783
12 17 171.65196
12 18 165.66815
12 19 193.91733
12 20 168.82634
12 21 123.93166
12 22 124.43266
12 23 134.73989
12 24 149.28405
12 25 151.44545
12 26 154.59265
12 27 191.16118
12 28 179.94831
12 29 192.35107
12 30 161.04929
12 31 168.36954
12 32 157.67249
12 33 183.61379
12 34 191.80824
12 35 168.92074
12 36 173.80572
12 37 177.1036
12 38 151.04036
12 39 117.54342
12 40 171.41632
12 41 117.22946
12 42 168.64353
12 43 130.14347
12 44 130.98704
12 45 165.15078
12 46 107.16161
12 47 186.78863
12 48 198.81244
12 49 131.11053
13 14 158.79808
13 15 110.48747
13 16 169.44924
13 17 133.5417
13 18 156.04471
13 19 119.21356
13 20 167.14727
13 21 223.69337
13 22 216.28288
13 23 170.5134
13 24 163.12786
13 25 162.89166
13 26 181.15885
13 27 116.19369
13 28 186.59907
13 29 149.06287
13 30 144.59765
13 31 187.84652
13 32 153.86302
13 33 129.16148
13 34 127.93089
13 35 190.25187
13 36 145.53337
13 37 159.97759
13 38 154.47067
13 39 190.53209
13 40 155.50713
13 41 193.86316
13 42 138.15338
13 43 177.01117
13 44 214.97601
13 45 153.75632
13 46 209.82562
13 47 130.76136
13 48 138.06545
13 49 195.1643
14 15 161.51629
14 16 170.58589
14 17 127.01638
14 18 123.0726
14 19 151.87372
14 20 153.67267
14 21 169.9356
14 22 165.08101
14 23 117.64494
14 24 129.96008
14 25 112.16468
14 26 133.50263
14 27 147.08837
14 28 174.63658
14 29 163.43876
14 30 120.42755
14 31 167.57246
14 32 111.16432
14 33 144.22357
14 34 153.14199
14 35 169.53883
14 36 127.30885
14 37 156.0565
14 38 114.98932
14 39 137.4572
14 40 147.71838
14 41 141.71192
14 42 120.85516
14 43 118.57115
14 44 166.75756
14 45 139.57645
14 46 154.11333
14 47 138.5805
14 48 164.22632
14 49 150.34632
15 16 161.0318
15 17 134.74562
15 18 162.40118
15 19 113.10787
15 20 160.97317
15 21 222.77537
15 22 214.72119
15 23 170.99429
15 24 160.70729
15 25 167.35668
15 26 187.01755
15 27 114.62411
15 28 179.12613
15 29 140.18423
15 30 144.67069
15 31 181.48785
15 32 158.34396
15 33 124.41331
15 34 120.34448
15 35 183.85845
15 36 152.49293
15 37 152.91204
15 38 154.6695
15 39 190.12624
15 40 149.56425
15 41 193.1036
15 42 141.8971
15 43 178.98643
15 44 212.68165
15 45 149.22995
15 46 209.82627
15 47 139.03659
15 48 128.4533
15 49 192.68232
16 17 156.52941
16 18 188.63214
16 19 150.39845
16 20 119.46695
16 21 193.60121
16 22 183.11217
16 23 164.00631
16 24 143.59622
16 25 182.5362
16 26 204.00885
16 27 155.71518
16 28 120.35885
16 29 121.06853
16 30 152.96409
16 31 128.42947
16 32 177.22784
16 33 143.07003
16 34 141.53813
16 35 130.10122
16 36 184.92086
16 37 114.59557
16 38 155.60707
16 39 170.86441
16 40 122.99518
16 41 170.90377
16 42 166.67342
16 43 176.89601
16 44 177.21225
16 45 131.0387
16 46 188.15332
16 47 181.81476
16 48 133.71715
16 49 160.38094
17 18 134.67161
17 19 124.94593
17 20 145.3943
17 21 190.33972
17 22 183.30248
17 23 136.97567
17 24 132.16527
17 25 134.68181
17 26 156.18204
17 27 120.17417
17 28 167.56468
17 29 142.86369
17 30 111.39497
17 31 164.71246
17 32 126.27973
17 33 118.95758
17 34 127.46995
17 35 167.07267
17 36 128.75659
17 37 142.70634
17 38 120.99145
17 39 157.07745
17 40 135.01846
17 41 160.52705
17 42 110.95932
17 43 144.24509
17 44 182.6278
17 45 129.06235
17 46 176.28555
17 47 126.63792
17 48 139.98632
17 49 163.25459
18 19 156.9394
18 20 173.75739
18 21 188.96214
18 22 185.62534
18 23 140.26639
18 24 151.87
18 25 114.36435
18 26 125.24873
18 27 150.21667
18 28 195.58642
18 29 177.28027
18 30 135.67887
18 31 189.5563
18 32 112.45052
18 33 153.46354
18 34 161.5338
18 35 191.63689
18 36 110.99393
18 37 174.11891
18 38 135.63477
18 39 158.45453
18 40 165.77799
18 41 162.86592
18 42 123.74827
18 43 136.33781
18 44 188.29854
18 45 158.12383
18 46 172.31442
18 47 127.04815
18 48 174.48159
18 49 173.01573
19 20 148.33458
19 21 210.23018
19 22 201.96597
19 23 159.41925
19 24 147.85047
19 25 159.35795
19 26 180.30303
19 27 107.35155
19 28 167.39717
19 29 130.48459
19 30 133.34343
19 31 168.97642
19 32 150.63432
19 33 111.3253
19 34 108.92055
19 35 171.36836
19 36 148.32963
19 37 140.8173
19 38 143.16163
19 39 177.9054
19 40 136.79021
19 41 180.7056
19 42 134.18363
19 43 168.38782
19 44 199.73576
19 45 136.12949
19 46 197.7267
19 47 137.97188
19 48 121.08671
19 49 179.72166
20 21 175.97292
20 22 165.76869
20 23 145.09788
20 24 124.88976
20 25 165.82652
20 26 186.57952
20 27 151.4165
20 28 122.27431
20 29 128.02313
20 30 138.71547
20 31 120.70378
20 32 161.69413
20 33 138.06656
20 34 140.73255
20 35 123.11374
20 36 171.85459
20 37 110.08182
20 38 138.84152
20 39 151.50846
20 40 111.66158
20 41 151.75145
20 42 153.99622
20 43 157.98462
20 44 160.71165
20 45 116.40311
20 46 169.26362
20 47 171.99011
20 48 139.14648
20 49 142.43057
21 22 110.69037
21 23 154.01924
21 24 162.71878
21 25 174.62138
21 26 178.42135
21 27 208.65563
21 28 180.65809
21 29 202.67558
21 30 179.10848
21 31 168.69343
21 32 180.08376
21 33 199.23664
21 34 206.59142
21 35 168.4025
21 36 196.46513
21 37 185.57
21 38 169.35726
21 39 133.34778
21 40 181.81242
21 41 129.83071
21 42 189.18189
21 43 152.77743
21 44 118.33191
21 45 177.29233
21 46 116.85807
21 47 208.45172
21 48 211.27158
21 49 133.54848
22 23 148.1654
22 24 154.14534
22 25 171.29627
22 26 178.08692
22 27 200.87596
22 28 169.96775
22 29 192.82067
22 30 171.93618
22 31 158.00395
22 32 175.75756
22 33 190.81564
22 34 197.82899
22 35 157.71551
22 36 192.19934
22 37 175.49461
22 38 162.50735
22 39 127.62575
22 40 172.1298
22 41 123.45183
22 42 183.21753
22 43 149.35358
22 44 108.31962
22 45 168.07348
22 46 117.75882
22 47 203.11134
22 48 201.83098
22 49 123.52736
23 24 120.41586
23 25 127.15557
23 26 143.73934
23 27 156.43264
23 28 163.52363
23 29 162.30875
23 30 126.325
23 31 154.67774
23 32 128.79065
23 33 149.5094
23 34 158.03619
23 35 156.33811
23 36 144.8933
23 37 150.41487
23 38 116.32748
23 39 120.74938
23 40 142.91277
23 41 124.72512
23 42 135.19655
23 43 112.89788
23 44 149.29445
23 45 135.18509
23 46 139.34906
23 47 154.95085
23 48 166.53201
23 49 132.7772
24 25 142.03739
24 26 162.01008
24 27 147.24859
24 28 144.79859
24 29 143.35643
24 30 121.44461
24 31 137.73143
24 32 139.4303
24 33 136.6706
24 34 143.87612
24 35 139.77775
24 36 152.41673
24 37 130.09295
24 38 116.35873
24 39 131.95845
24 40 122.96093
24 41 133.90625
24 42 136.66152
24 43 133.30015
24 44 152.01805
24 45 115.93573
24 46 151.68817
24 47 157.07594
24 48 149.61058
24 49 132.08083
25 26 122.10667
25 27 153.61139
25 28 186.77396
25 29 174.33958
25 30 130.97283
25 31 179.51304
25 32 109.04918
25 33 153.24841
25 34 162.01131
25 35 181.43215
25 36 122.79134
25 37 167.9675
25 38 127.05672
25 39 144.26195
25 40 159.59244
25 41 148.68617
25 42 125.49856
25 43 121.9774
25 44 174.13849
25 45 151.49769
25 46 158.01564
25 47 137.54054
25 48 173.94431
25 49 159.52926
26 27 174.05884
26 28 206.65067
26 29 196.44225
26 30 153.07361
26 31 198.33901
26 32 129.90297
26 33 175.0082
26 34 183.64872
26 35 200.04849
26 36 136.16464
26 37 189.51923
26 38 148.42112
26 39 154.4754
26 40 181.2036
26 41 158.65179
26 42 146.12401
26 43 132.99704
26 44 182.92052
26 45 173.04828
26 46 161.75296
26 47 152.16868
26 48 195.85879
26 49 172.46721
27 28 171.61342
27 29 136.66064
27 30 130.11191
27 31 172.10755
27 32 144.71283
27 33 113.38712
27 34 115.27847
27 35 174.52165
27 36 141.26681
27 37 144.90196
27 38 140.12109
27 39 175.79259
27 40 139.75572
27 41 178.89147
27 42 128.15074
27 43 164.38741
27 44 199.23442
27 45 137.5931
27 46 195.4027
27 47 130.62393
27 48 128.20245
27 49 179.32902
28 29 140.47267
28 30 160.91522
28 31 111.98771
28 32 183.35541
28 33 158.29414
28 34 158.92814
28 35 112.39582
28 36 194.07516
28 37 126.71319
28 38 160.19371
28 39 164.15097
28 40 132.871
28 41 162.9482
28 42 176.26759
28 43 175.99835
28 44 162.9884
28 45 138.66849
28 46 178.47198
28 47 194.0878
28 48 153.20161
28 49 149.50282
29 30 143.36869
29 31 145.67295
29 32 167.36084
29 33 125.65069
29 34 121.59509
29 35 147.80861
29 36 171.47182
29 37 117.94788
29 38 149.50017
29 39 174.83762
29 40 121.06621
29 41 176.10816
29 42 153.7827
29 43 174.46767
29 44 188.31142
29 45 127.45394
29 46 194.03975
29 47 165.35916
29 48 112.74423
29 49 169.29436
30 31 156.48533
30 32 124.45371
30 33 124.32267
30 34 133.21106
30 35 158.76003
30 36 133.1617
30 37 138.44005
30 38 110.01
30 39 145.94324
30 40 130.10707
30 41 149.27855
30 42 115.74916
30 43 135.17875
30 44 171.2405
30 45 122.61386
30 46 165.3774
30 47 135.72397
30 48 143.8292
30 49 151.93453
31 32 177.13486
31 33 158.76791
31 34 161.16837
31 35 102.41745
31 36 189.31846
31 37 128.91279
31 38 153.9329
31 39 153.04144
31 40 132.36172
31 41 151.53912
31 42 172.21083
31 43 166.66722
31 44 151.11744
31 45 135.8896
31 46 166.64994
31 47 191.30845
31 48 157.94623
31 49 137.66962
32 33 145.12724
32 34 153.74581
32 35 179.20426
32 36 116.44691
32 37 162.64443
32 38 123.25008
32 39 148.1987
32 40 154.25271
32 41 152.52465
32 42 116.56227
32 43 127.53792
32 44 177.73645
32 45 146.3946
32 46 163.86479
32 47 129.52308
32 48 166.0423
32 49 161.51063
33 34 108.92348
33 35 161.17953
33 36 146.51646
33 37 131.6029
33 38 133.57301
33 39 167.24308
33 40 126.40623
33 41 169.87416
33 42 129.73104
33 43 159.40516
33 44 188.45821
33 45 124.9228
33 46 187.12727
33 47 139.72773
33 48 121.04152
33 49 168.43961
34 35 163.53257
34 36 153.90876
34 37 132.57715
34 38 142.29788
34 39 175.15037
34 40 129.49415
34 41 177.56341
34 42 137.95432
34 43 168.2139
34 44 194.97765
34 45 130.31744
34 46 195.05158
34 47 145.26706
34 48 113.39413
34 49 174.99663
35 36 191.53293
35 37 131.21466
35 38 156.03422
35 39 153.92865
35 40 134.77335
35 41 152.24732
35 42 174.49501
35 43 168.18063
35 44 150.6304
35 45 138.28335
35 46 166.95801
35 47 193.65755
35 48 160.14895
35 49 138.01945
36 37 170.73555
36 38 136.19928
36 39 164.62401
36 40 162.64585
36 41 168.93324
36 42 118.24785
36 43 143.77236
36 44 194.06358
36 45 155.61179
36 46 180.13956
36 47 116.05428
36 48 167.18581
36 49 177.36529
37 38 141.09843
37 39 159.60054
37 40 108.39968
37 41 160.29386
37 42 152.50579
37 43 163.22233
37 44 170.65147
37 45 116.48083
37 46 178.0615
37 47 168.64642
37 48 129.38126
37 49 152.03744
38 39 136.08696
38 40 132.7903
38 41 139.56089
38 42 121.74698
38 43 125.99731
38 44 162.30146
38 45 124.62867
38 46 155.40243
38 47 142.41239
38 48 151.85101
38 49 143.54031
39 40 153.87942
39 41 104.4291
39 42 155.94504
39 43 122.75684
39 44 129.87875
39 45 147.72864
39 46 119.902
39 47 175.57864
39 48 181.56761
39 49 118.7593
40 41 155.05478
40 42 144.46526
40 43 155.58399
40 44 168.05726
40 45 108.17233
40 46 172.98106
40 47 161.34048
40 48 129.94334
40 49 148.63068
41 42 159.85212
41 43 127.16969
41 44 125.45257
41 45 149.36366
41 46 117.93912
41 47 179.66172
41 48 183.39759
41 49 115.58347
42 43 139.36567
42 44 183.63769
42 45 137.63948
42 46 174.02538
42 47 120.67401
42 48 150.76541
42 49 165.22634
43 44 152.53117
43 45 147.70757
43 46 136.36736
43 47 156.70822
43 48 177.76123
43 49 139.73142
44 45 164.80016
44 46 124.94076
44 47 203.95392
44 48 197.97689
44 49 120.02015
45 46 167.27145
45 47 155.69451
45 48 134.08868
45 49 144.90409
46 47 192.68806
46 48 201.26424
46 49 128.98092
47 48 158.57795
47 49 185.81959
48 49 178.41289
