50 5
0 1 170.48105
0 2 133.56639
0 3 124.41983
0 4 140.10938
0 5 164.16638
0 6 119.11112
0 7 123.69814
0 8 154.8429
0 9 115.36136
0 10 161.24554
0 11 118.7416
0 12 114.25982
0 13 149.75848
0 14 131.40549
0 15 155.99197
0 16 144.64594
0 17 181.95122
0 18 136.57921
0 19 179.11628
0 20 160.21191
0 21 156.31974
0 22 151.77193
0 23 155.05413
0 24 121.93029
0 25 178.95577
0 26 123.85037
0 27 142.85774
0 28 159.49919
0 29 133.46094
0 30 173.27879
0 31 157.58397
0 32 170.24508
0 33 151.72491
0 34 169.86372
0 35 139.48748
0 36 154.80055
0 37 172.99459
0 38 137.16811
0 39 155.55937
0 40 132.62369
0 41 102.55357
0 42 180.84536
0 43 149.07763
0 44 190.96744
0 45 120.06381
0 46 152.61207
0 47 122.00521
0 48 168.93532
0 49 115.00289
1 2 194.43862
1 3 178.87588
1 4 184.73162
1 5 119.68577
1 6 188.00365
1 7 147.66002
1 8 165.10076
1 9 156.26719
1 10 167.38285
1 11 178.05015
1 12 156.23374
1 13 133.56358
1 14 157.95121
1 15 139.62443
1 16 152.66169
1 17 136.84288
1 18 182.42378
1 19 136.60964
1 20 172.36985
1 21 118.47049
1 22 171.18593
1 23 151.4671
1 24 180.11483
1 25 127.72818
1 26 148.35883
1 27 173.94737
1 28 122.75665
1 29 161.80286
1 30 106.67905
1 31 145.51481
1 32 126.55679
1 33 149.69867
1 34 135.77549
1 35 140.51396
1 36 133.08536
1 37 126.66149
1 38 177.30695
1 39 138.28248
1 40 187.92613
1 41 170.24987
1 42 111.96265
1 43 121.4576
1 44 125.58134
1 45 155.68355
1 46 117.86988
1 47 179.42821
1 48 122.2902
1 49 158.41333
2 3 115.65446
2 4 168.64408
2 5 193.08859
2 6 118.64735
2 7 148.28996
2 8 188.21936
2 9 147.1377
2 10 156.38078
2 11 117.11554
2 12 143.92955
2 13 165.06623
2 14 138.47825
2 15 166.53113
2 16 178.13753
2 17 193.80557
2 18 165.47772
2 19 190.6915
2 20 152.22346
2 21 184.16607
2 22 143.95766
2 23 159.41658
2 24 114.50452
2 25 208.66393
2 26 154.78256
2 27 133.04761
2 28 188.95403
2 29 136.20342
2 30 198.76889
2 31 190.58133
2 32 185.28335
2 33 157.52813
2 34 181.17102
2 35 171.37241
2 36 186.19524
2 37 203.00237
2 38 124.84524
2 39 187.77393
2 40 108.67063
2 41 131.74272
2 42 202.70298
2 43 173.70787
2 44 217.95559
2 45 139.10958
2 46 177.53308
2 47 115.10672
2 48 185.62323
2 49 147.89557
3 4 163.85193
3 5 178.31916
3 6 119.84389
3 7 133.49755
3 8 178.44082
3 9 134.8771
3 10 145.32613
3 11 106.10409
3 12 130.95441
3 13 149.53312
3 14 123.12423
3 15 151.54887
3 16 166.81668
3 17 178.95856
3 18 160.39717
3 19 175.8617
3 20 142.33757
3 21 169.21161
3 22 133.55294
3 23 145.48959
3 24 103.8491
3 25 194.01731
3 26 141.58987
3 27 122.75523
3 28 174.38223
3 29 121.43466
3 30 183.32751
3 31 178.10463
3 32 169.9371
3 33 143.2048
3 34 166.28276
3 35 158.19011
3 36 172.46874
3 37 188.49555
3 38 115.00392
3 39 174.55895
3 40 109.73971
3 41 121.99402
3 42 187.04965
3 43 158.32378
3 44 202.64043
3 45 123.98106
3 46 162.14969
3 47 103.15677
3 48 170.12833
3 49 136.43273
4 5 169.63301
4 6 150.0668
4 7 152.7868
4 8 131.84549
4 9 139.41699
4 10 199.43964
4 11 157.81448
4 12 143.49132
4 13 178.69586
4 14 169.151
4 15 187.44597
4 16 134.61161
4 17 209.00411
4 18 103.56036
4 19 206.71555
4 20 199.24325
4 21 166.42546
4 22 191.15024
4 23 190.25294
4 24 160.75929
4 25 179.26193
4 26 142.244
4 27 182.82742
4 28 164.7354
4 29 172.15444
4 30 184.32408
4 31 148.42815
4 32 195.8018
4 33 186.63513
4 34 198.77543
4 35 144.2183
4 36 155.11219
4 37 173.49507
4 38 177.26521
4 39 151.96222
4 40 170.62505
4 41 142.66295
4 42 196.66576
4 43 167.3692
4 44 196.26069
4 45 155.71404
4 46 169.38759
4 47 161.05574
4 48 193.01774
4 49 136.00338
5 6 183.02967
5 7 144.85422
5 8 146.49451
5 9 148.85052
5 10 178.09812
5 11 176.0051
5 12 150.43251
5 13 142.72369
5 14 161.05698
5 15 151.39072
5 16 135.64153
5 17 155.57173
5 18 167.81917
5 19 154.87933
5 20 182.18317
5 21 109.51853
5 22 179.02624
5 23 162.21331
5 24 178.61969
5 25 115.78751
5 26 140.3401
5 27 179.10268
5 28 105.04165
5 29 165.46555
5 30 116.09262
5 31 126.25099
5 32 143.79727
5 33 159.57061
5 34 152.06386
5 35 127.07357
5 36 114.86731
5 37 110.92391
5 38 180.49188
5 39 119.43872
5 40 187.96194
5 41 164.64601
5 42 130.55287
5 43 122.72857
5 44 127.60384
5 45 154.36034
5 46 119.68721
5 47 178.08355
5 48 139.50489
5 49 149.98433
6 7 140.35292
6 8 171.39832
6 9 134.41476
6 10 164.94528
6 11 114.95531
6 12 132.63868
6 13 163.29597
6 14 139.34975
6 15 167.46168
6 16 162.78993
6 17 194.66997
6 18 146.95611
6 19 191.65869
6 20 162.15746
6 21 174.8996
6 22 153.36068
6 23 163.36973
6 24 116.00469
6 25 197.98056
6 26 142.84541
6 27 142.59884
6 28 178.44175
6 29 139.18847
6 30 191.31738
6 31 176.29096
6 32 184.19523
6 33 160.62841
6 34 182.0967
6 35 158.58928
6 36 173.91074
6 37 192.04501
6 38 134.72564
6 39 174.58547
6 40 122.3797
6 41 118.38506
6 42 197.725
6 43 166.56612
6 44 209.50441
6 45 133.38931
6 46 170.25849
6 47 116.77168
6 48 183.58549
6 49 134.06482
7 8 153.3621
7 9 113.56493
7 10 148.78966
7 11 131.27822
7 12 110.57819
7 13 127.19103
7 14 120.73576
7 15 135.00107
7 16 139.13258
7 17 159.2142
7 18 149.41303
7 19 156.52588
7 20 150.06631
7 21 135.8771
7 22 143.44914
7 23 137.68378
7 24 133.79547
7 25 160.52474
7 26 112.6135
7 27 139.01085
7 28 140.88657
7 29 125.09837
7 30 151.19801
7 31 147.21724
7 32 146.98212
7 33 134.03642
7 34 147.66227
7 35 126.78493
7 36 139.64887
7 37 155.00353
7 38 137.84155
7 39 142.4619
7 40 143.18625
7 41 122.99323
7 42 157.49319
7 43 126.25308
7 44 169.93402
7 45 109.71678
7 46 129.99143
7 47 133.24171
7 48 145.40739
7 49 116.96375
8 9 144.47492
8 10 201.65244
8 11 173.28392
8 12 149.03346
8 13 171.99946
8 14 173.89542
8 15 181.87041
8 16 115.02464
8 17 196.78311
8 18 132.13862
8 19 195.20064
8 20 203.3505
8 21 147.25409
8 22 196.78478
8 23 188.63327
8 24 176.50416
8 25 151.73626
8 26 140.82692
8 27 191.40631
8 28 142.48533
8 29 178.04854
8 30 162.55038
8 31 120.6865
8 32 183.56135
8 33 185.0721
8 34 189.28641
8 35 130.20478
8 36 132.03829
8 37 146.70801
8 38 188.3673
8 39 127.06222
8 40 187.30399
8 41 156.9501
8 42 176.70854
8 43 154.19416
8 44 169.88628
8 45 160.87872
8 46 154.50864
8 47 176.45258
8 48 179.84417
8 49 142.25829
9 10 160.72444
9 11 130.53058
9 12 104.67064
9 13 140.51236
9 14 130.8956
9 15 148.56042
9 16 131.99749
9 17 172.22378
9 18 135.99195
9 19 169.63069
9 20 161.22407
9 21 141.21674
9 22 153.76514
9 23 150.83838
9 24 133.6505
9 25 163.59546
9 26 108.51042
9 27 147.25863
9 28 144.15146
9 29 134.57838
9 30 158.57142
9 31 143.50238
9 32 159.62364
9 33 147.21838
9 34 160.97316
9 35 124.42361
9 36 139.61307
9 37 157.64027
9 38 143.89242
9 39 140.73343
9 40 144.31696
9 41 116.1518
9 42 167.14586
9 43 135.20635
9 44 175.82359
9 45 117.25106
9 46 138.48925
9 47 133.40498
9 48 157.63985
9 49 103.42194
10 11 150.06328
10 12 156.27433
10 13 135.38752
10 14 130.31008
10 15 127.75914
10 16 186.92332
10 17 146.75914
10 18 195.90444
10 19 143.91567
10 20 106.08044
10 21 169.09851
10 22 112.45669
10 23 116.03429
10 24 149.06919
10 25 192.44272
10 26 161.3525
10 27 123.36025
10 28 176.62049
10 29 127.78509
10 30 173.85494
10 31 191.80296
10 32 145.0232
10 33 118.54032
10 34 136.56714
10 35 172.69204
10 36 180.86651
10 37 188.84701
10 38 131.65065
10 39 185.35975
10 40 147.75307
10 41 158.89829
10 42 169.45636
10 43 155.81193
10 44 192.67856
10 45 143.76964
10 46 158.45338
10 47 148.25684
10 48 147.93151
10 49 163.99262
11 12 127.0184
11 13 150.43323
11 14 125.05208
11 15 153.55655
11 16 162.16817
11 17 180.95598
11 18 154.37395
11 19 177.89563
11 20 147.49188
11 21 167.14282
11 22 138.68565
11 23 148.67145
11 24 103.22025
11 25 191.55732
11 26 137.85175
11 27 128.17611
11 28 171.84439
11 29 124.40648
11 30 182.11764
11 31 174.02059
11 32 171.18987
11 33 146.07266
11 34 168.29749
11 35 154.48741
11 36 169.16975
11 37 185.88757
11 38 120.80574
11 39 170.90289
11 40 114.02754
11 41 116.42621
11 42 186.84454
11 43 157.02951
11 44 201.12729
11 45 122.38836
11 46 160.84282
11 47 103.28184
11 48 171.0124
11 49 131.70218
12 13 137.75125
12 14 126.30634
12 15 145.29029
12 16 136.25469
12 17 169.79108
12 18 140.0151
12 19 167.1036
12 20 156.65133
12 21 142.27686
12 22 149.1286
12 23 146.85353
12 24 130.04301
12 25 165.56468
12 26 110.85312
12 27 142.59783
12 28 145.9217
12 29 129.93011
12 30 159.03852
12 31 147.15711
12 32 157.49874
12 33 143.26434
12 34 158.21182
12 35 127.47135
12 36 142.30372
12 37 159.71055
12 38 139.35751
12 39 143.88631
12 40 140.54031
12 41 114.30647
12 42 166.70295
12 43 134.85808
12 44 176.90804
12 45 112.64238
12 46 138.36387
12 47 129.72219
12 48 155.80248
12 49 107.73318
13 14 126.67452
13 15 109.91639
13 16 156.99213
13 17 132.20746
13 18 175.49355
13 19 129.42399
13 20 139.69504
13 21 133.8515
13 22 137.69549
13 23 119.5043
13 24 151.69985
13 25 157.14989
13 26 136.46776
13 27 140.68628
13 28 141.45571
13 29 129.74433
13 30 139.60536
13 31 158.6973
13 32 120.89938
13 33 116.90094
13 34 120.47629
13 35 141.80139
13 36 146.76786
13 37 153.4598
13 38 144.90993
13 39 151.69541
13 40 157.52704
13 41 148.45411
13 42 138.88671
13 43 120.79291
13 44 159.13094
13 45 130.29253
13 46 123.13482
13 47 150.89537
13 48 120.61445
13 49 143.80665
14 15 128.56327
14 16 159.84463
14 17 155.99344
14 18 165.61055
14 19 152.91588
14 20 130.34772
14 21 151.55473
14 22 122.98629
14 23 124.29615
14 24 125.71158
14 25 176.77365
14 26 133.08013
14 27 118.63615
14 28 157.9641
14 29 104.54014
14 30 163.09918
14 31 167.56797
14 32 146.83299
14 33 121.34413
14 34 143.31807
14 35 147.24525
14 36 158.85386
14 37 171.84131
14 38 119.5955
14 39 162.28972
14 40 130.85415
14 41 129.21398
14 42 165.03148
14 43 139.03193
14 44 182.79058
14 45 113.66573
14 46 142.71684
14 47 124.86626
14 48 147.16236
14 49 134.03146
15 16 166.85426
15 17 127.43196
15 18 184.15836
15 19 124.35269
15 20 132.83773
15 21 142.92635
15 22 132.79003
15 23 111.91575
15 24 154.2686
15 25 165.09852
15 26 145.43067
15 27 138.2956
15 28 150.58606
15 29 130.32775
15 30 146.10289
15 31 168.52805
15 32 119.65263
15 33 110.87621
15 34 114.75493
15 35 151.68495
15 36 156.44971
15 37 161.88135
15 38 144.06278
15 39 161.45842
15 40 158.4071
15 41 154.37282
15 42 142.42114
15 43 130.27438
15 44 164.97666
15 45 135.95783
15 46 132.19473
15 47 153.42019
15 48 121.41457
15 49 151.94427
16 17 182.49654
16 18 133.31288
16 19 180.7813
16 20 188.83031
16 21 134.27562
16 22 182.5464
16 23 173.67371
16 24 165.35259
16 25 144.68512
16 26 126.89876
16 27 177.79996
16 28 130.97789
16 29 164.13117
16 30 151.11653
16 31 114.83941
16 32 169.18585
16 33 170.12842
16 34 174.55209
16 35 115.23168
16 36 120.82168
16 37 138.88556
16 38 175.42436
16 39 117.35061
16 40 176.12103
16 41 146.3953
16 42 164.5525
16 43 139.64455
16 44 161.70634
16 45 147.30021
16 46 140.31213
16 47 165.17972
16 48 165.61314
16 49 130.46736
17 18 206.00454
17 19 103.12048
17 20 152.82078
17 21 150.5773
17 22 156.17842
17 23 135.44368
17 24 181.70053
17 25 164.24532
17 26 167.0973
17 27 163.9765
17 28 157.28326
17 29 157.645
17 30 142.9175
17 31 179.36668
17 32 113.37036
17 33 136.55774
17 34 112.67886
17 35 167.7343
17 36 166.38832
17 37 163.50187
17 38 170.61198
17 39 171.84296
17 40 185.55024
17 41 180.59411
17 42 131.2198
17 43 142.93295
17 44 156.39486
17 45 162.28993
17 46 142.27587
17 47 180.85213
17 48 116.94479
17 49 175.4008
18 19 203.67867
18 20 195.6886
18 21 164.22197
18 22 187.59055
18 23 186.81295
18 24 157.33996
18 25 177.98427
18 26 139.08741
18 27 179.27478
18 28 162.87167
18 29 168.59971
18 30 182.24029
18 31 147.53467
18 32 192.84566
18 33 183.2008
18 34 195.64494
18 35 141.94188
18 36 153.47992
18 37 172.13738
18 38 173.74218
18 39 150.60847
18 40 167.28098
18 41 139.13255
18 42 194.32755
18 43 164.64511
18 44 194.70858
18 45 152.19258
18 46 166.77657
18 47 157.62308
18 48 190.13494
18 49 132.57316
19 20 149.96265
19 21 149.43337
19 22 153.16167
19 23 132.35233
19 24 178.61859
19 25 164.22752
19 26 164.69134
19 27 160.87997
19 28 156.3336
19 29 154.53698
19 30 142.88343
19 31 178.15101
19 32 111.65124
19 33 133.43922
19 34 109.59923
19 35 165.89763
19 36 165.18012
19 37 163.18978
19 38 167.49503
19 39 170.62881
19 40 182.43157
19 41 177.72504
19 42 131.97277
19 43 141.14454
19 44 157.23718
19 45 159.38795
19 46 140.72657
19 47 177.7692
19 48 115.62495
19 49 172.83761
20 21 173.01204
20 22 108.80676
20 23 120.92779
20 24 146.15957
20 25 196.83953
20 26 162.67783
20 27 119.6918
20 28 180.42708
20 29 127.08889
20 30 178.75431
20 31 194.56913
20 32 150.73285
20 33 122.84165
20 34 142.46348
20 35 175.01854
20 36 184.07457
20 37 193.01919
20 38 127.93252
20 39 188.36837
20 40 143.70844
20 41 157.77555
20 42 174.94833
20 43 159.64566
20 44 197.80173
20 45 144.01311
20 46 162.49597
20 47 145.38579
20 48 153.48947
20 49 164.37869
21 22 169.63398
21 23 153.3439
21 24 169.66792
21 25 125.23003
21 26 132.79204
21 27 169.5851
21 28 107.66314
21 29 155.95447
21 30 118.22836
21 31 128.80332
21 32 137.909
21 33 150.55939
21 34 145.32075
21 35 122.29505
21 36 115.83532
21 37 120.40585
21 38 171.01651
21 39 121.28625
21 40 178.80188
21 41 156.58053
21 42 130.42599
21 43 113.3799
21 44 134.64843
21 45 145.2306
21 46 110.74564
21 47 169.10293
21 48 133.80846
21 49 142.76149
22 23 121.42265
22 24 137.36797
22 25 194.17214
22 26 155.9607
22 27 111.04053
22 28 176.79737
22 29 119.21578
22 30 177.29931
22 31 189.29116
22 32 152.00405
22 33 121.94778
22 34 144.72511
22 35 169.3072
22 36 179.47525
22 37 189.94491
22 38 119.3445
22 39 183.45497
22 40 135.35218
22 41 149.30359
22 42 175.14288
22 43 156.29878
22 44 196.7671
22 45 136.52128
22 46 159.47372
22 47 136.5898
22 48 154.16878
22 49 156.80694
23 24 148.71502
23 25 176.42741
23 26 149.64978
23 27 128.53656
23 28 160.92827
23 29 124.27356
23 30 157.8909
23 31 177.1926
23 32 130.60357
23 33 103.65344
23 34 123.47609
23 35 158.8985
23 36 165.7544
23 37 172.90748
23 38 135.41888
23 39 170.46722
23 40 150.91203
23 41 153.04679
23 42 154.22045
23 43 140.17828
23 44 176.87488
23 45 135.44662
23 46 142.63781
23 47 147.85097
23 48 132.94274
23 49 154.24968
24 25 194.22722
24 26 140.84768
24 27 126.59894
24 28 174.52945
24 29 124.49552
24 30 184.33747
24 31 177.11639
24 32 172.31069
24 33 146.29634
24 34 169.02305
24 35 157.4908
24 36 172.0786
24 37 188.60217
24 38 118.83623
24 39 173.90375
24 40 110.81044
24 41 119.6355
24 42 188.65482
24 43 159.25973
24 44 203.47175
24 45 124.62555
24 46 163.08244
24 47 100.86416
24 48 172.31333
24 49 134.88525
25 26 155.13553
25 27 194.6929
25 28 119.71889
25 29 181.15618
25 30 121.34714
25 31 131.43347
25 32 154.25086
25 33 174.04265
25 34 163.33553
25 35 140.27735
25 36 125.35805
25 37 106.08996
25 38 196.24652
25 39 127.38599
25 40 203.68235
25 41 179.6188
25 42 134.52851
25 43 138.08464
25 44 118.36861
25 45 170.08566
25 46 134.72489
25 47 193.70956
25 48 149.9553
25 49 164.37461
26 27 150.90122
26 28 135.64927
26 29 137.29044
26 30 150.34592
26 31 136.6003
26 32 154.09602
26 33 145.99911
26 34 156.55799
26 35 116.64337
26 36 131.48095
26 37 149.20461
26 38 148.74629
26 39 133.05637
26 40 151.24823
26 41 124.49826
26 42 159.51752
26 43 127.75227
26 44 167.35753
26 45 120.42538
26 46 130.78154
26 47 140.50061
26 48 151.69139
26 49 110.08117
27 28 176.25615
27 29 114.10034
27 30 179.61662
27 31 186.11496
27 32 157.94814
27 33 127.73948
27 34 151.8331
27 35 165.73322
27 36 177.47743
27 37 189.97196
27 38 108.30769
27 39 180.92031
27 40 124.4022
27 41 140.32188
27 42 179.43879
27 43 156.6483
27 44 199.33361
27 45 130.54966
27 46 160.16951
27 47 125.85348
27 48 159.44521
27 49 149.99123
28 29 162.4338
28 30 120.22107
28 31 122.78207
28 32 144.95255
28 33 158.09108
28 34 152.69203
28 35 122.03857
28 36 110.47626
28 37 114.123
28 38 177.22437
28 39 115.53423
28 40 184.07134
28 41 160.05941
28 42 134.22569
28 43 120.81143
28 44 132.63049
28 45 150.50631
28 46 118.39562
28 47 174.02007
28 48 140.75426
28 49 145.17027
29 30 167.10245
29 31 172.06128
29 32 149.26653
29 33 121.80385
29 34 144.98968
29 35 151.71317
29 36 163.39396
29 37 176.2749
29 38 115.50874
29 39 166.82069
29 40 128.15736
29 41 131.11721
29 42 168.46559
29 43 143.30322
29 44 186.82279
29 45 117.36742
29 46 146.9473
29 47 123.63179
29 48 149.92734
29 49 137.59474
30 31 142.33416
30 32 133.13862
30 33 156.00356
30 34 142.41723
30 35 140.42162
30 36 130.67176
30 37 120.97676
30 38 182.60314
30 39 135.48904
30 40 192.56873
30 41 173.26124
30 42 114.67694
30 43 125.08837
30 44 119.73407
30 45 159.74216
30 46 121.2765
30 47 183.68527
30 48 128.9028
30 49 160.41687
31 32 166.55954
31 33 173.88635
31 34 173.43229
31 35 120.43851
31 36 112.97856
31 37 126.13972
31 38 184.92811
31 39 107.52445
31 40 187.69238
31 41 159.04407
31 42 156.76943
31 43 138.662
31 44 149.35472
31 45 156.45426
31 46 137.88774
31 47 176.8363
31 48 162.53728
31 49 142.75031
32 33 130.38502
32 34 109.5103
32 35 154.37493
32 36 153.59935
32 37 152.65252
32 38 163.56431
32 39 159.04174
32 40 177.41442
32 41 169.08371
32 42 124.92849
32 43 129.58135
32 44 149.58822
32 45 151.1147
32 46 129.07636
32 47 171.48933
32 48 104.32912
32 49 162.71187
33 34 124.17242
33 35 155.41199
33 36 162.6015
33 37 170.3432
33 38 134.06027
33 39 167.23913
33 40 149.13679
33 41 149.76534
33 42 153.1993
33 43 137.28875
33 44 175.22686
33 45 131.99202
33 46 139.91547
33 47 145.43295
33 48 132.29043
33 49 150.63219
34 35 159.41401
34 36 160.61178
34 37 161.40721
34 38 158.20269
34 39 165.98258
34 40 172.95705
34 41 168.40278
34 42 134.33256
34 43 135.17727
34 44 159.09708
34 45 150.01554
34 46 135.54474
34 47 168.17427
34 48 113.5469
34 49 164.24905
35 36 115.36294
35 37 134.19897
35 38 164.50258
35 39 116.41548
35 40 167.87049
35 41 140.52961
35 42 152.44865
35 43 124.80478
35 44 154.66777
35 45 136.04118
35 46 125.97288
35 47 157.14299
35 48 150.96867
35 49 124.54407
36 37 119.28153
36 38 177.31994
36 39 105.45471
36 40 182.20406
36 41 155.76182
36 42 144.67564
36 43 126.24653
36 44 141.23849
36 45 149.32525
36 46 125.11279
36 47 171.67137
36 48 149.56303
36 49 139.89419
37 38 191.2054
37 39 121.53882
37 40 198.18966
37 41 173.7009
37 42 135.26451
37 43 133.65023
37 44 123.21521
37 45 164.62923
37 46 130.54761
37 47 188.10258
37 48 148.32361
37 49 158.35856
38 39 180.29992
38 40 116.17714
38 41 134.61647
38 42 183.76916
38 43 158.62067
38 44 202.31797
38 45 128.48036
38 46 162.31202
38 47 118.15819
38 48 164.63628
38 49 146.26032
39 40 184.25515
39 41 156.74454
39 42 149.72637
39 43 131.39081
39 44 144.41703
39 45 151.99505
39 46 130.44974
39 47 173.55122
39 48 155.01377
39 49 140.55649
40 41 130.39071
40 42 195.68463
40 43 167.66512
40 44 211.99407
40 45 133.60164
40 46 171.48472
40 47 110.94136
40 48 177.9577
40 49 145.65881
41 42 180.40758
41 43 148.80054
41 44 191.21442
41 45 118.42199
41 46 152.40404
41 47 119.6659
41 48 167.91261
41 49 116.30055
42 43 131.94427
42 44 125.26691
42 45 164.73324
42 46 128.73629
42 47 187.91917
42 48 121.55396
42 49 169.48799
43 44 144.33049
43 45 134.65491
43 46 103.82648
43 47 158.61428
43 48 126.18362
43 49 137.61469
44 45 178.84781
44 46 140.50943
44 47 202.84945
44 48 145.75739
44 49 177.22453
45 46 138.47342
45 47 124.00287
45 48 150.27945
45 49 120.36574
46 47 162.43843
46 48 125.34376
46 49 140.76134
47 48 171.50962
47 49 134.71774
48 49 160.6282
