100 40
0 1 139.03886
0 2 152.7229
0 3 162.36912
0 4 178.32894
0 5 131.5864
0 6 121.22662
0 7 130.63081
0 8 136.52284
0 9 149.20302
0 10 135.22584
0 11 129.55886
0 12 140.82695
0 13 161.95614
0 14 133.19526
0 15 118.54874
0 16 132.84795
0 17 165.25273
0 18 165.03383
0 19 170.8719
0 20 113.11821
0 21 145.86055
0 22 139.45417
0 23 135.18695
0 24 131.2314
0 25 135.33569
0 26 143.30167
0 27 131.15036
0 28 123.25598
0 29 140.71509
0 30 150.20636
0 31 172.34011
0 32 136.4636
0 33 105.38407
0 34 162.62455
0 35 164.51649
0 36 114.33037
0 37 166.30084
0 38 160.70849
0 39 140.90762
0 40 126.61354
0 41 140.29856
0 42 109.01559
0 43 141.2462
0 44 113.87911
0 45 121.35695
0 46 133.90721
0 47 142.04516
0 48 133.88247
0 49 106.10166
0 50 137.44207
0 51 157.60323
0 52 131.31645
0 53 121.0703
0 54 130.9966
0 55 124.88778
0 56 135.7566
0 57 153.69076
0 58 135.73248
0 59 151.64261
0 60 159.1497
0 61 154.97659
0 62 174.09773
0 63 171.69652
0 64 145.40372
0 65 148.64772
0 66 130.10028
0 67 153.77648
0 68 149.37425
0 69 119.15533
0 70 134.97057
0 71 137.77364
0 72 148.54366
0 73 165.67387
0 74 157.03037
0 75 133.62869
0 76 141.35656
0 77 162.73882
0 78 120.51798
0 79 125.13379
0 80 111.24648
0 81 132.72094
0 82 122.36111
0 83 149.10894
0 84 124.29556
0 85 138.38216
0 86 142.8019
0 87 177.42346
0 88 127.60317
0 89 135.60029
0 90 139.0572
0 91 153.10635
0 92 118.93998
0 93 167.12189
0 94 170.83348
0 95 136.31669
0 96 178.71822
0 97 149.88553
0 98 123.12969
0 99 134.13382
1 2 141.19748
1 3 133.22753
1 4 154.65576
1 5 165.77495
1 6 160.05189
1 7 168.70669
1 8 128.73202
1 9 115.74805
1 10 158.93626
1 11 164.91506
1 12 167.33291
1 13 143.16661
1 14 132.76227
1 15 150.81392
1 16 163.08192
1 17 143.55688
1 18 140.99408
1 19 143.05244
1 20 148.29755
1 21 159.14728
1 22 109.48853
1 23 170.68238
1 24 168.92286
1 25 116.83482
1 26 160.2814
1 27 108.29027
1 28 156.17434
1 29 106.80577
1 30 156.96501
1 31 133.46714
1 32 171.99362
1 33 137.09391
1 34 128.42362
1 35 130.45355
1 36 146.73213
1 37 140.85959
1 38 127.01619
1 39 156.61274
1 40 156.08254
1 41 115.96987
1 42 130.86024
1 43 165.38594
1 44 143.40897
1 45 138.77544
1 46 120.96818
1 47 148.64913
1 48 159.71258
1 49 143.88849
1 50 113.48822
1 51 138.42954
1 52 163.24964
1 53 157.73379
1 54 155.08098
1 55 143.4289
1 56 132.01973
1 57 120.15748
1 58 165.96932
1 59 129.38104
1 60 120.61351
1 61 173.61975
1 62 136.53668
1 63 140.41641
1 64 176.07847
1 65 132.02712
1 66 140.3845
1 67 124.46089
1 68 162.0083
1 69 147.75224
1 70 124.45099
1 71 132.05112
1 72 111.89973
1 73 130.48551
1 74 136.96249
1 75 119.42592
1 76 157.73176
1 77 125.42692
1 78 131.04084
1 79 133.32706
1 80 149.26025
1 81 122.1485
1 82 128.56718
1 83 116.56779
1 84 115.0484
1 85 164.55168
1 86 133.04132
1 87 158.2889
1 88 150.52059
1 89 165.8405
1 90 166.37536
1 91 120.15548
1 92 150.6871
1 93 130.76915
1 94 132.18584
1 95 166.49536
1 96 145.55377
1 97 143.34852
1 98 159.20094
1 99 106.69735
2 3 173.16822
2 4 195.1041
2 5 184.12884
2 6 165.73918
2 7 180.44841
2 8 166.83187
2 9 155.95491
2 10 142.99538
2 11 181.82317
2 12 150.72338
2 13 184.36396
2 14 119.61173
2 15 149.16493
2 16 152.66362
2 17 184.62427
2 18 181.82784
2 19 182.78374
2 20 151.54931
2 21 132.12868
2 22 131.73121
2 23 187.17678
2 24 181.61035
2 25 125.61398
2 26 191.54801
2 27 138.6011
2 28 175.96511
2 29 134.76081
2 30 124.59915
2 31 159.68175
2 32 188.38675
2 33 155.27948
2 34 133.42142
2 35 167.81217
2 36 148.01033
2 37 121.26078
2 38 165.22146
2 39 133.48014
2 40 178.86613
2 41 156.77198
2 42 145.03058
2 43 146.86728
2 44 165.07549
2 45 134.02828
2 46 123.11237
2 47 183.95754
2 48 185.40856
2 49 152.999
2 50 127.94918
2 51 179.61698
2 52 154.93302
2 53 158.57941
2 54 181.69366
2 55 172.05793
2 56 116.9674
2 57 159.59278
2 58 188.35699
2 59 170.57646
2 60 143.5043
2 61 146.43242
2 62 147.56152
2 63 178.63844
2 64 198.12377
2 65 109.46387
2 66 172.88753
2 67 165.07063
2 68 133.01213
2 69 170.63296
2 70 162.65255
2 71 114.99036
2 72 135.90982
2 73 166.70062
2 74 178.15859
2 75 124.44075
2 76 134.64983
2 77 140.62853
2 78 132.21648
2 79 165.22256
2 80 163.23986
2 81 123.16117
2 82 130.48094
2 83 157.01905
2 84 139.51877
2 85 148.67297
2 86 172.41978
2 87 199.36512
2 88 139.16449
2 89 154.32034
2 90 151.08643
2 91 159.90866
2 92 148.54123
2 93 165.37637
2 94 150.39608
2 95 154.64887
2 96 140.10934
2 97 182.76541
2 98 175.3805
2 99 145.0658
3 4 122.00481
3 5 178.67145
3 6 182.84779
3 7 186.23205
3 8 129.36812
3 9 117.51394
3 10 190.05022
3 11 179.20035
3 12 198.0077
3 13 117.22589
3 14 165.8779
3 15 178.61648
3 16 192.32757
3 17 114.26545
3 18 110.26221
3 19 109.82582
3 20 174.55729
3 21 192.04416
3 22 142.03774
3 23 184.24525
3 24 185.73572
3 25 150.03591
3 26 159.90543
3 27 139.52987
3 28 169.95234
3 29 138.78171
3 30 190.18744
3 31 129.82304
3 32 185.41684
3 33 158.18069
3 34 149.04348
3 35 109.75996
3 36 174.15032
3 37 166.88403
3 38 109.4452
3 39 189.15886
3 40 167.08851
3 41 122.43249
3 42 156.95155
3 43 196.6435
3 44 159.35856
3 45 169.71704
3 46 154.19471
3 47 144.80214
3 48 166.70526
3 49 168.34392
3 50 146.49425
3 51 115.18704
3 52 191.78268
3 53 183.34801
3 54 162.24314
3 55 152.08664
3 56 165.24205
3 57 113.57579
3 58 175.06895
3 59 112.57949
3 60 134.79169
3 61 206.17324
3 62 146.56943
3 63 109.54403
3 64 183.66406
3 65 163.72047
3 66 144.9703
3 67 109.16028
3 68 195.01662
3 69 161.10157
3 70 128.6627
3 71 165.26432
3 72 137.70544
3 73 112.59854
3 74 113.8234
3 75 152.64964
3 76 190.22135
3 77 141.16747
3 78 162.16675
3 79 142.52888
3 80 169.34097
3 81 155.34397
3 82 160.16105
3 83 116.66302
3 84 144.14467
3 85 195.23081
3 86 126.31312
3 87 127.71973
3 88 181.35705
3 89 195.17849
3 90 196.769
3 91 113.29241
3 92 178.69761
3 93 116.07831
3 94 138.90456
3 95 195.87867
3 96 162.53793
3 97 130.63258
3 98 175.26152
3 99 132.69496
4 5 187.88098
4 6 197.28007
4 7 197.55112
4 8 142.00346
4 9 139.20886
4 10 209.10105
4 11 189.16001
4 12 216.63434
4 13 116.91088
4 14 186.85807
4 15 195.9437
4 16 210.11768
4 17 113.07722
4 18 113.99859
4 19 113.00247
4 20 191.22554
4 21 212.5787
4 22 163.75068
4 23 193.41917
4 24 196.67978
4 25 171.47532
4 26 163.27521
4 27 160.14725
4 28 180.42778
4 29 160.54434
4 30 211.34932
4 31 147.64485
4 32 194.42786
4 33 173.48052
4 34 170.3744
4 35 129.41563
4 36 191.43932
4 37 188.55458
4 38 130.80016
4 39 209.34142
4 40 176.33097
4 41 141.51087
4 42 174.54032
4 43 215.70538
4 44 172.1041
4 45 189.04924
4 46 175.49608
4 47 149.06433
4 48 173.68425
4 49 184.43057
4 50 168.09253
4 51 120.78827
4 52 209.14725
4 53 199.29992
4 54 169.90209
4 55 162.18283
4 56 186.46982
4 57 135.55113
4 58 182.3864
4 59 127.45257
4 60 156.11369
4 61 226.24461
4 62 165.92365
4 63 119.64655
4 64 189.31082
4 65 185.67003
4 66 154.36084
4 67 130.20793
4 68 215.6844
4 69 172.3156
4 70 143.40081
4 71 186.64917
4 72 159.70816
4 73 131.65851
4 74 121.29949
4 75 173.93641
4 76 210.3424
4 77 162.19496
4 78 181.79956
4 79 154.90734
4 80 183.18393
4 81 176.52912
4 82 180.09883
4 83 138.21474
4 84 163.8126
4 85 213.9021
4 86 136.25585
4 87 109.33421
4 88 200.37194
4 89 212.96732
4 90 215.22108
4 91 135.19914
4 92 196.13596
4 93 134.58272
4 94 158.25991
4 95 213.68242
4 96 182.6088
4 97 133.68653
4 98 186.51814
4 99 153.07598
5 6 125.34933
5 7 112.83763
5 8 149.31364
5 9 170.9329
5 10 157.31123
5 11 103.29406
5 12 158.85425
5 13 171.17634
5 14 164.52377
5 15 140.1736
5 16 149.55092
5 17 175.74813
5 18 177.24181
5 19 184.75094
5 20 135.14889
5 21 171.76718
5 22 168.79145
5 23 105.59611
5 24 111.10224
5 25 166.15254
5 26 129.55957
5 27 159.17897
5 28 109.60353
5 29 169.28787
5 30 178.15462
5 31 196.81556
5 32 106.74581
5 33 130.35228
5 34 192.30006
5 35 184.06585
5 36 138.70146
5 37 197.67045
5 38 180.50531
5 39 166.54361
5 40 111.66538
5 41 160.43324
5 42 140.132
5 43 161.28767
5 44 122.37528
5 45 151.15875
5 46 165.21822
5 47 139.70139
5 48 115.60579
5 49 131.4285
5 50 167.67748
5 51 168.28526
5 52 146.47073
5 53 133.75821
5 54 118.26374
5 55 126.59526
5 56 167.19966
5 57 174.55094
5 58 108.79346
5 59 166.17564
5 60 186.36003
5 61 176.29326
5 62 202.26512
5 63 188.10731
5 64 114.94476
5 65 180.22328
5 66 134.03013
5 67 172.01309
5 68 175.03093
5 69 118.37886
5 70 150.63845
5 71 169.25534
5 72 176.87927
5 73 186.00628
5 74 168.48566
5 75 164.78799
5 76 166.55523
5 77 191.0186
5 78 151.94239
5 79 136.4986
5 80 120.932
5 81 164.13406
5 82 153.92642
5 83 170.34833
5 84 152.99023
5 85 157.445
5 86 153.05519
5 87 183.62281
5 88 152.7385
5 89 151.24454
5 90 156.80214
5 91 173.71433
5 92 140.89442
5 93 188.3614
5 94 197.79803
5 95 151.77708
5 96 208.97991
5 97 154.33563
5 98 108.94022
5 99 159.54103
6 7 115.9691
6 8 155.34641
6 9 170.35699
6 10 132.53688
6 11 122.08849
6 12 133.50876
6 13 180.50369
6 14 146.75096
6 15 117.09556
6 16 124.21582
6 17 184.27569
6 18 184.55419
6 19 190.91383
6 20 114.33127
6 21 147.76415
6 22 159.47803
6 23 125.40576
6 24 117.62095
6 25 154.02028
6 26 150.21571
6 27 151.98475
6 28 123.36731
6 29 161.12847
6 30 155.0754
6 31 193.46071
6 32 126.25495
6 33 124.71242
6 34 181.89887
6 35 185.54485
6 36 117.75154
6 37 182.7026
6 38 181.74239
6 39 142.60667
6 40 129.12376
6 41 161.16497
6 42 129.26257
6 43 136.04659
6 44 125.60381
6 45 131.77123
6 46 151.5818
6 47 154.8998
6 48 136.84801
6 49 116.22467
6 50 156.79062
6 51 176.51631
6 52 121.12154
6 53 108.72814
6 54 136.63664
6 55 137.30209
6 56 149.75081
6 57 174.79435
6 58 133.44034
6 59 171.52649
6 60 179.8062
6 61 151.03538
6 62 194.21395
6 63 192.29387
6 64 139.97593
6 65 164.13175
6 66 144.66746
6 67 174.51686
6 68 150.82711
6 69 127.32815
6 70 154.63123
6 71 151.90269
6 72 168.91473
6 73 186.78958
6 74 176.16845
6 75 151.7303
6 76 142.43036
6 77 182.92708
6 78 135.7237
6 79 142.42774
6 80 114.17098
6 81 150.09361
6 82 138.43152
6 83 170.21931
6 84 145.09677
6 85 132.16302
6 86 161.06622
6 87 195.25065
6 88 129.42676
6 89 125.90759
6 90 131.45715
6 91 174.18012
6 92 117.80217
6 93 188.3091
6 94 191.45985
6 95 126.45253
6 96 197.14615
6 97 166.27223
6 98 117.7446
6 99 155.3432
7 8 157.10898
7 9 176.34511
7 10 148.37773
7 11 109.92932
7 12 148.54652
7 13 180.66514
7 14 161.04461
7 15 132.84387
7 16 139.45123
7 17 184.98904
7 18 186.03621
7 19 193.17407
7 20 129.0852
7 21 163.72591
7 22 170.01001
7 23 110.40611
7 24 101.93187
7 25 165.86644
7 26 142.05149
7 27 161.2508
7 28 117.20735
7 29 171.09421
7 30 171.01036
7 31 201.27475
7 32 110.91968
7 33 131.62214
7 34 193.25357
7 35 190.55482
7 36 132.72461
7 37 196.15752
7 38 186.84885
7 39 158.57417
7 40 122.09232
7 41 166.22789
7 42 139.63857
7 43 151.4561
7 44 127.02153
7 45 146.47752
7 46 164.10934
7 47 150.77429
7 48 127.95
7 49 128.00318
7 50 168.07052
7 51 177.3256
7 52 136.19751
7 53 124.65318
7 54 129.7239
7 55 135.36847
7 56 163.94998
7 57 180.3821
7 58 121.60921
7 59 174.04559
7 60 189.19442
7 61 166.32409
7 62 204.50447
7 63 195.77126
7 64 125.50664
7 65 177.9199
7 66 143.1927
7 67 178.78604
7 68 166.76611
7 69 125.37328
7 70 157.60683
7 71 166.08821
7 72 178.90094
7 73 192.21603
7 74 177.31754
7 75 163.98419
7 76 158.38743
7 77 193.14129
7 78 149.12636
7 79 143.76403
7 80 119.58684
7 81 162.78588
7 82 151.56349
7 83 175.95006
7 84 154.54485
7 85 147.51138
7 86 161.75071
7 87 194.0404
7 88 145.33365
7 89 140.73041
7 90 146.52166
7 91 179.63107
7 92 133.56564
7 93 194.23081
7 94 200.84843
7 95 141.17959
7 96 209.29339
7 97 164.54455
7 98 111.07232
7 99 163.06131
8 9 124.5841
8 10 169.21857
8 11 149.84176
8 12 176.11407
8 13 125.44371
8 14 152.55937
8 15 154.59773
8 16 168.92597
8 17 128.95472
8 18 129.28629
8 19 136.10629
8 20 149.56837
8 21 175.4948
8 22 137.16354
8 23 154.8821
8 24 156.52246
8 25 141.27305
8 26 133.94395
8 27 128.34564
8 28 140.61225
8 29 135.28348
8 30 176.41799
8 31 150.75673
8 32 156.05945
8 33 131.53794
8 34 156.38496
8 35 135.20626
8 36 150.1326
8 37 169.53291
8 38 131.8719
8 39 171.47287
8 40 137.76223
8 41 114.73047
8 42 133.94659
8 43 175.71775
8 44 130.59065
8 45 150.20813
8 46 143.88745
8 47 120.44243
8 48 137.99628
8 49 142.60808
8 50 139.59568
8 51 121.2152
8 52 167.68543
8 53 157.36354
8 54 133.37766
8 55 122.75432
8 56 153.29375
8 57 126.96123
8 58 146.07814
8 59 116.96433
8 60 145.29757
8 61 187.73058
8 62 161.3194
8 63 138.84305
8 64 155.14542
8 65 158.53897
8 66 116.02249
8 67 123.09144
8 68 178.88274
8 69 131.82457
8 70 104.31521
8 71 154.26985
8 72 140.06272
8 73 137.41127
8 74 120.82205
8 75 142.4675
8 76 172.30502
8 77 151.53697
8 78 143.947
8 79 113.37177
8 80 141.33105
8 81 144.18621
8 82 143.0778
8 83 123.59803
8 84 128.0554
8 85 173.4688
8 86 106.5704
8 87 140.9654
8 88 160.63772
8 89 171.74602
8 90 174.5391
8 91 126.0123
8 92 154.86253
8 93 140.14822
8 94 155.0018
8 95 172.46502
8 96 173.21664
8 97 116.16915
8 98 146.07299
8 99 122.75501
9 10 173.70086
9 11 170.77854
9 12 181.89687
9 13 129.51053
9 14 148.48539
9 15 163.73927
9 16 176.88146
9 17 128.94178
9 18 125.91074
9 19 127.32893
9 20 160.33255
9 21 174.79295
9 22 124.563
9 23 176.29212
9 24 176.1914
9 25 132.52737
9 26 158.52425
9 27 122.58591
9 28 161.54055
9 29 121.33813
9 30 172.7089
9 31 126.37675
9 32 177.55691
9 33 145.87515
9 34 135.32635
9 35 115.6657
9 36 159.39595
9 37 151.71144
9 38 111.92853
9 39 172.09648
9 40 159.97434
9 41 110.58937
9 42 142.43053
9 43 180.24286
9 44 149.49855
9 45 153.35255
9 46 136.71054
9 47 144.58092
9 48 161.64042
9 49 154.8245
9 50 128.98526
9 51 125.19825
9 52 176.6721
9 53 169.53608
9 54 156.92182
9 55 145.4778
9 56 147.76506
9 57 104.71624
9 58 169.17
9 59 116.47856
9 60 122.17705
9 61 189.12196
9 62 137.41775
9 63 124.8641
9 64 178.75207
9 65 146.5537
9 66 140.00499
9 67 109.14241
9 68 177.70044
9 69 152.58583
9 70 121.45117
9 71 147.75649
9 72 121.34008
9 73 116.50484
9 74 123.58144
9 75 135.17166
9 76 173.1897
9 77 128.80416
9 78 145.66531
9 79 134.8711
9 80 157.86119
9 81 137.89444
9 82 143.44818
9 83 101.29544
9 84 128.01795
9 85 179.10894
9 86 125.77629
9 87 143.60922
9 88 165.10562
9 89 179.70284
9 90 180.79101
9 91 104.48025
9 92 163.72616
9 93 117.99666
9 94 130.67336
9 95 180.38464
9 96 151.01715
9 97 134.71659
9 98 165.86826
9 99 116.27762
10 11 154.16546
10 12 108.65652
10 13 193.83468
10 14 129.90518
10 15 117.89875
10 16 110.63334
10 17 196.31097
10 18 195.18815
10 19 199.55114
10 20 123.77729
10 21 115.94165
10 22 153.37376
10 23 157.91397
10 24 150.10619
10 25 145.06525
10 26 177.47186
10 27 151.18761
10 28 152.85679
10 29 156.30712
10 30 124.52763
10 31 189.95924
10 32 158.78747
10 33 140.53917
10 34 169.93542
10 35 189.15817
10 36 121.19323
10 37 163.62678
10 38 185.54789
10 39 111.30616
10 40 158.00311
10 41 167.94151
10 42 135.27996
10 43 106.60915
10 44 148.2486
10 45 120.36153
10 46 140.88374
10 47 177.26497
10 48 165.97047
10 49 130.43442
10 50 149.00598
10 51 189.12184
10 52 113.69147
10 53 123.81404
10 54 164.25743
10 55 159.99468
10 56 132.48784
10 57 178.39645
10 58 164.64458
10 59 181.64908
10 60 173.68657
10 61 119.90206
10 62 184.21056
10 63 198.4433
10 64 172.19623
10 65 145.81629
10 66 165.26556
10 67 180.89646
10 68 118.60928
10 69 152.69057
10 70 166.57174
10 71 134.1428
10 72 162.64892
10 73 189.38753
10 74 188.2178
10 75 141.97825
10 76 110.69317
10 77 174.19326
10 78 128.03784
10 79 159.69642
10 80 139.30821
10 81 139.20931
10 82 130.37537
10 83 174.14011
10 84 145.91619
10 85 106.04735
10 86 175.77711
10 87 209.76949
10 88 108.73144
10 89 111.57537
10 90 108.34803
10 91 178.15487
10 92 117.26312
10 93 189.67483
10 94 184.14201
10 95 111.79676
10 96 181.43313
10 97 184.06255
10 98 148.81894
10 99 157.53612
11 12 155.59717
11 13 172.36677
11 14 162.21184
11 15 137.16203
11 16 146.2997
11 17 176.85336
11 18 178.18831
11 19 185.57855
11 20 132.27087
11 21 168.74163
11 22 167.50856
11 23 105.80105
11 24 108.35306
11 25 164.50867
11 26 132.14342
11 27 158.07258
11 28 109.2991
11 29 168.15116
11 30 175.25777
11 31 196.43923
11 32 107.11609
11 33 128.81143
11 34 191.00801
11 35 184.26375
11 36 135.85969
11 37 195.82601
11 38 180.65207
11 39 163.52023
11 40 112.88326
11 41 160.36138
11 42 138.30042
11 43 158.06536
11 44 121.59364
11 45 148.58355
11 46 163.38933
11 47 141.48793
11 48 118.05705
11 49 128.92359
11 50 166.19452
11 51 169.30518
11 52 143.20672
11 53 130.54621
11 54 120.15399
11 55 127.3252
11 56 164.9392
11 57 174.52991
11 58 111.95509
11 59 166.78194
11 60 185.52753
11 61 173.06921
11 62 201.30621
11 63 188.68477
11 64 118.03189
11 65 178.18236
11 66 134.97733
11 67 172.27569
11 68 171.98129
11 69 118.27705
11 70 150.89617
11 71 167.0164
11 72 175.81757
11 73 186.12205
11 74 169.43074
11 75 163.0242
11 76 163.50741
11 77 190.01226
11 78 149.70961
11 79 136.7717
11 80 118.59714
11 81 162.25006
11 82 151.79211
11 83 170.24851
11 84 151.7256
11 85 154.21191
11 86 153.91357
11 87 185.18973
11 88 149.76029
11 89 147.9719
11 90 153.54546
11 91 173.71709
11 92 137.88613
11 93 188.37862
11 94 197.04185
11 95 148.50094
11 96 207.56071
11 97 155.778
11 98 106.45571
11 99 158.81521
12 13 201.06906
12 14 138.52762
12 15 122.38852
12 16 109.31986
12 17 203.74334
12 18 202.79389
12 19 207.41321
12 20 128.23845
12 21 120.80327
12 22 161.97144
12 23 158.63191
12 24 150.39913
12 25 153.69995
12 26 181.47029
12 27 159.47504
12 28 155.71429
12 29 164.87492
12 30 129.99978
12 31 198.5836
12 32 159.35164
12 33 146.21102
12 34 178.50743
12 35 197.42658
12 36 126.4996
12 37 171.6407
12 38 193.78306
12 39 117.53695
12 40 161.18316
12 41 175.75487
12 42 142.26561
12 43 104.23364
12 44 152.92483
12 45 128.58895
12 46 149.53296
12 47 182.64177
12 48 169.15862
12 49 135.3954
12 50 157.6308
12 51 196.42378
12 52 112.40979
12 53 125.27218
12 54 167.98027
12 55 165.0112
12 56 141.06491
12 57 186.6049
12 58 166.78174
12 59 189.21573
12 60 182.33561
12 61 117.84247
12 62 192.81626
12 63 206.54576
12 64 173.43573
12 65 154.13127
12 66 170.86034
12 67 188.87363
12 68 122.39168
12 69 156.84977
12 70 173.71572
12 71 142.66979
12 72 171.28315
12 73 197.73003
12 74 195.58943
12 75 150.61612
12 76 116.50903
12 77 182.8416
12 78 136.32263
12 79 165.8358
12 80 142.9081
12 81 147.85585
12 82 138.77409
12 83 182.29124
12 84 153.97131
12 85 102.78812
12 86 182.62943
12 87 216.92583
12 88 116.82093
12 89 107.85362
12 90 102.05243
12 91 186.33105
12 92 121.92741
12 93 198.09714
12 94 192.79658
12 95 107.49578
12 96 189.69904
12 97 190.47705
12 98 150.90523
12 99 165.66645
13 14 173.70331
13 15 179.89354
13 16 194.1753
13 17 104.96917
13 18 108.33831
13 19 116.16503
13 20 174.97128
13 21 198.56458
13 22 152.64265
13 23 176.73805
13 24 179.81501
13 25 159.44033
13 26 147.82623
13 27 147.10556
13 28 163.56712
13 29 149.7101
13 30 198.21559
13 31 147.04
13 32 177.77451
13 33 156.97802
13 34 164.28485
13 35 126.98498
13 36 175.40584
13 37 181.19699
13 38 126.14925
13 39 194.97652
13 40 159.57763
13 41 128.02928
13 42 158.80794
13 43 200.40564
13 44 155.23176
13 45 174.15192
13 46 163.08728
13 47 133.05901
13 48 157.30526
13 49 168.04644
13 50 156.52568
13 51 104.87558
13 52 193.0374
13 53 182.79904
13 54 153.35663
13 55 145.29856
13 56 173.72863
13 57 127.48967
13 58 165.99229
13 59 113.79225
13 60 150.34714
13 61 211.66409
13 62 163.36909
13 63 122.65799
13 64 173.3793
13 65 175.15958
13 66 137.4879
13 67 120.79447
13 68 201.80668
13 69 155.40826
13 70 127.36364
13 71 174.20798
13 72 150.82776
13 73 129.82428
13 74 106.21326
13 75 161.53332
13 76 195.91004
13 77 156.94927
13 78 167.23233
13 79 138.08499
13 80 166.37602
13 81 163.88568
13 82 165.82632
13 83 128.26604
13 84 149.64662
13 85 198.37657
13 86 119.43773
13 87 115.99095
13 88 185.14578
13 89 197.01032
13 90 199.56862
13 91 126.75269
13 92 180.12865
13 93 133.3031
13 94 155.78044
13 95 197.72844
13 96 178.8453
13 97 117.52302
13 98 169.6234
13 99 140.04836
14 15 130.85043
14 16 137.52987
14 17 175.00264
14 18 172.94674
14 19 175.69606
14 20 132.43298
14 21 126.51633
14 22 125.14608
14 23 167.57801
14 24 162.14823
14 25 116.50953
14 26 173.43651
14 27 126.75313
14 28 156.45121
14 29 128.38444
14 30 124.54397
14 31 160.86365
14 32 168.79309
14 33 136.05987
14 34 140.08898
14 35 162.96385
14 36 129.02878
14 37 136.34253
14 38 159.66908
14 39 124.58746
14 40 159.54956
14 41 145.76765
14 42 125.91474
14 43 135.56968
14 44 145.92271
14 45 115.07627
14 46 112.10497
14 47 167.40221
14 48 166.33577
14 49 133.41463
14 50 120.48455
14 51 168.82827
14 52 139.08438
14 53 140.20286
14 54 162.82692
14 55 153.86668
14 56 103.04508
14 57 152.9157
14 58 168.90378
14 59 160.20036
14 60 144.3046
14 61 141.32564
14 62 154.30934
14 63 173.15128
14 64 178.59143
14 65 117.64194
14 66 155.7286
14 67 156.91553
14 68 129.26934
14 69 151.4816
14 70 148.75314
14 71 105.17644
14 72 133.62932
14 73 162.66319
14 74 167.57736
14 75 113.53471
14 76 125.78742
14 77 144.36336
14 78 112.68515
14 79 148.29303
14 80 143.62841
14 81 110.68907
14 82 111.33036
14 83 149.23629
14 84 124.58253
14 85 135.94942
14 86 158.77093
14 87 189.49096
14 88 123.31084
14 89 139.77003
14 90 138.19067
14 91 152.91436
14 92 130.30646
14 93 162.35481
14 94 154.37951
14 95 140.26491
14 96 152.6165
14 97 168.72004
14 98 155.76878
14 99 133.85787
15 16 114.35435
15 17 182.91296
15 18 182.34651
15 19 187.62403
15 20 105.94407
15 21 131.59394
15 22 147.91523
15 23 141.47343
15 24 134.34946
15 25 141.03566
15 26 159.65177
15 27 142.53371
15 28 135.06468
15 29 150.19492
15 30 138.28398
15 31 183.92679
15 32 142.48086
15 33 123.9192
15 34 168.64558
15 35 179.39605
15 36 104.5061
15 37 167.18541
15 38 175.6259
15 39 126.3702
15 40 140.12643
15 41 156.18816
15 42 121.66985
15 43 123.25583
15 44 130.65906
15 45 115.85098
15 46 137.81354
15 47 160.25445
15 48 148.08435
15 49 113.0081
15 50 144.40609
15 51 175.39147
15 52 113.22227
15 53 109.42145
15 54 146.37444
15 55 142.66083
15 56 133.89529
15 57 168.42346
15 58 147.07623
15 59 168.78753
15 60 168.84881
15 61 137.74369
15 62 181.91212
15 63 187.62225
15 64 155.11807
15 65 148.48488
15 66 148.48609
15 67 169.66177
15 68 134.87631
15 69 134.88175
15 70 152.59862
15 71 136.0182
15 72 157.61521
15 73 180.13009
15 74 174.69203
15 75 138.31927
15 76 126.40315
15 77 170.94015
15 78 121.71508
15 79 143.67119
15 80 121.41487
15 81 136.17458
15 82 124.61566
15 83 163.90766
15 84 136.05356
15 85 120.06728
15 86 161.01212
15 87 195.56161
15 88 112.62955
15 89 117.15502
15 90 120.56114
15 91 167.99475
15 92 100.72886
15 93 181.04339
15 94 180.21068
15 95 117.87409
15 96 182.81626
15 97 168.40644
15 98 131.42869
15 99 147.60169
16 17 197.11524
16 18 196.43816
16 19 201.49984
16 20 119.84777
16 21 126.45201
16 22 158.8352
16 23 149.43613
16 24 141.27784
16 25 151.05762
16 26 172.40613
16 27 154.94027
16 28 146.45486
16 29 161.48431
16 30 135.15816
16 31 195.43814
16 32 150.1882
16 33 138.19195
16 34 177.43204
16 35 192.53407
16 36 118.79396
16 37 172.77299
16 38 188.80958
16 39 121.93873
16 40 151.96489
16 41 169.91177
16 42 135.61469
16 43 112.02405
16 44 144.22701
16 45 124.81501
16 46 147.21159
16 47 174.16746
16 48 159.92861
16 49 127.09258
16 50 154.80907
16 51 189.63866
16 52 103.31806
16 53 115.96118
16 54 158.86706
16 55 156.41011
16 56 140.39094
16 57 181.59442
16 58 157.46207
16 59 182.85608
16 60 179.65774
16 61 126.8917
16 62 191.38934
16 63 201.16296
16 64 164.17405
16 65 154.48426
16 66 162.57027
16 67 183.281
16 68 128.87463
16 69 147.91027
16 70 166.84386
16 71 142.27441
16 72 168.42979
16 73 193.07458
16 74 188.90514
16 75 148.06976
16 76 121.29118
16 77 180.89621
16 78 132.31411
16 79 157.98156
16 80 133.86377
16 81 145.508
16 82 135.0636
16 83 177.15279
16 84 148.88769
16 85 108.06658
16 86 175.35566
16 87 209.88301
16 88 114.21965
16 89 102.85603
16 90 107.26927
16 91 181.23372
16 92 114.06383
16 93 193.73546
16 94 190.60424
16 95 103.56665
16 96 189.99723
16 97 182.73174
16 98 141.58767
16 99 160.61366
17 18 104.15305
17 19 111.36269
17 20 178.16037
17 21 200.33299
17 22 152.93168
17 23 181.32376
17 24 184.18986
17 25 160.17152
17 26 152.77099
17 27 148.25921
17 28 167.96252
17 29 149.86352
17 30 199.5463
17 31 143.86603
17 32 182.37918
17 33 160.40633
17 34 162.79405
17 35 123.86057
17 36 178.41054
17 37 180.20194
17 38 123.63861
17 39 196.92797
17 40 164.11779
17 41 129.27197
17 42 161.57412
17 43 202.90667
17 44 159.21543
17 45 176.38494
17 46 164.00333
17 47 137.95303
17 48 162.0643
17 49 171.3543
17 50 157.03499
17 51 107.76454
17 52 196.108
17 53 186.22375
17 54 158.04776
17 55 149.66279
17 56 174.83044
17 57 126.21167
17 58 170.73741
17 59 114.87813
17 60 148.6461
17 61 213.74711
17 62 160.83472
17 63 118.2114
17 64 178.24498
17 65 175.30073
17 66 141.89662
17 67 119.84941
17 68 203.50801
17 69 159.66058
17 70 130.33922
17 71 175.17193
17 72 150.20975
17 73 126.63532
17 74 108.22855
17 75 162.44122
17 76 197.89923
17 77 155.14286
17 78 169.26214
17 79 141.96991
17 80 170.2081
17 81 164.91399
17 82 167.68749
17 83 127.77772
17 84 151.40731
17 85 201.0231
17 86 123.36781
17 87 114.74174
17 88 187.59092
17 89 199.96211
17 90 202.30157
17 91 125.60475
17 92 183.11428
17 93 130.06559
17 94 153.16913
17 95 200.67813
17 96 176.7272
17 97 122.4347
17 98 173.92664
17 99 141.15277
18 19 108.05081
18 20 177.78366
18 21 198.59113
18 22 150.24568
18 23 182.83415
18 24 185.3207
18 25 157.75247
18 26 155.34402
18 27 146.20923
18 28 169.16277
18 29 147.10498
18 30 197.46331
18 31 139.72839
18 32 183.9251
18 33 160.35318
18 34 159.11101
18 35 119.75031
18 36 177.84067
18 37 176.71653
18 38 119.69608
18 39 195.34284
18 40 165.57935
18 41 127.51229
18 42 160.82567
18 43 201.79549
18 44 159.8419
18 45 175.08844
18 46 161.70029
18 47 140.34468
18 48 163.98709
18 49 171.12604
18 50 154.47676
18 51 109.08383
18 52 195.56666
18 53 186.08579
18 54 159.82583
18 55 150.8808
18 56 172.62799
18 57 122.80642
18 58 172.60805
18 59 113.58944
18 60 144.90495
18 61 212.24835
18 62 156.80055
18 63 114.32626
18 64 180.43873
18 65 172.44829
18 66 143.2314
18 67 116.77039
18 68 201.70711
18 69 160.66307
18 70 130.0864
18 71 172.86877
18 72 146.98785
18 73 122.50925
18 74 108.75895
18 75 160.13815
18 76 196.34415
18 77 151.34596
18 78 167.81178
18 79 142.57163
18 80 170.59859
18 81 162.68871
18 82 166.10062
18 83 124.81422
18 84 149.81545
18 85 200.05155
18 86 124.30425
18 87 117.82116
18 88 186.45694
18 89 199.29208
18 90 201.41092
18 91 122.2804
18 92 182.51278
18 93 125.92935
18 94 149.1226
18 95 200.00478
18 96 172.79778
18 97 125.00824
18 98 174.96426
18 99 139.1226
19 20 183.34695
19 21 201.82781
19 22 151.81558
19 23 190.34703
19 24 192.5326
19 25 159.8556
19 26 163.37096
19 27 149.28587
19 28 176.4657
19 29 148.5462
19 30 200.01324
19 31 135.15769
19 32 191.46155
19 33 166.42681
19 34 157.37776
19 35 116.41651
19 36 183.13392
19 37 175.60315
19 38 117.91193
19 39 198.89103
19 40 173.08712
19 41 131.66178
19 42 165.96644
19 43 206.15392
19 44 166.66385
19 45 179.25757
19 46 164.02005
19 47 148.34395
19 48 171.77827
19 49 176.91866
19 50 156.29575
19 51 117.02207
19 52 200.83062
19 53 191.93298
19 54 167.54545
19 55 158.25536
19 56 175.06783
19 57 123.25472
19 58 180.36097
19 59 119.39462
19 60 143.12331
19 61 215.89526
19 62 153.17125
19 63 107.47868
19 64 188.3409
19 65 173.32421
19 66 150.72389
19 67 118.85458
19 68 204.81587
19 69 167.82703
19 70 136.28976
19 71 175.08458
19 72 147.11325
19 73 118.7173
19 74 116.45648
19 75 162.47529
19 76 199.94394
19 77 149.19305
19 78 171.76456
19 79 149.47791
19 80 177.1308
19 81 165.16916
19 82 169.82185
19 83 126.48883
19 84 153.70841
19 85 204.6444
19 86 131.6959
19 87 120.46248
19 88 190.83841
19 89 204.35504
19 90 206.12819
19 91 123.0486
19 92 187.73896
19 93 121.76013
19 94 145.47984
19 95 205.06053
19 96 169.7377
19 97 133.05286
19 98 182.11691
19 99 142.38829
20 21 136.88012
20 22 146.46302
20 23 136.94229
20 24 130.40246
20 25 140.34015
20 26 153.72145
20 27 140.02755
20 28 129.45051
20 29 148.4417
20 30 143.00578
20 31 181.70346
20 32 138.02777
20 33 118.3963
20 34 168.22659
20 35 175.91431
20 36 103.65702
20 37 168.39269
20 38 172.11753
20 39 131.67189
20 40 134.36749
20 41 152.21026
20 42 117.90258
20 43 129.19908
20 44 124.72944
20 45 117.52339
20 46 137.60834
20 47 154.42674
20 48 142.29684
20 49 107.24483
20 50 143.37734
20 51 170.55839
20 52 118.19996
20 53 109.44917
20 54 140.48108
20 55 136.77347
20 56 135.42584
20 57 164.96203
20 58 141.65895
20 59 164.2915
20 60 167.20562
20 61 143.6547
20 62 180.98574
20 63 183.72187
20 64 150.0495
20 65 149.80395
20 66 142.74149
20 67 165.73735
20 68 140.24793
20 69 128.94598
20 70 147.82478
20 71 137.57792
20 72 156.08768
20 73 176.81894
20 74 169.93187
20 75 137.87704
20 76 131.81505
20 77 169.8178
20 78 121.5574
20 79 138.20079
20 80 115.64176
20 81 136.0653
20 82 124.34168
20 83 160.40045
20 84 133.28329
20 85 125.9741
20 86 155.89276
20 87 190.50628
20 88 117.75878
20 89 122.55155
20 90 126.36835
20 91 164.47042
20 92 106.52993
20 93 177.94332
20 94 178.74533
20 95 123.26429
20 96 183.11393
20 97 162.96082
20 98 126.26889
20 99 144.46227
21 22 151.63632
21 23 172.89197
21 24 165.38117
21 25 143.01043
21 26 189.14972
21 27 152.55858
21 28 166.29027
21 29 154.8913
21 30 109.21139
21 31 186.67816
21 32 173.84289
21 33 150.7178
21 34 163.3349
21 35 189.45887
21 36 133.57777
21 37 153.38755
21 38 186.12819
21 39 105.22394
21 40 171.00313
21 41 171.11508
21 42 142.99039
21 43 116.57515
21 44 159.66379
21 45 125.75306
21 46 138.61213
21 47 186.77346
21 48 178.8174
21 49 142.38311
21 50 146.96194
21 51 193.71159
21 52 129.60349
21 53 139.07916
21 54 176.51337
21 55 170.51861
21 56 127.9116
21 57 179.29586
21 58 178.53657
21 59 185.45486
21 60 169.98312
21 61 115.12288
21 62 177.85001
21 63 199.5634
21 64 186.71182
21 65 137.69529
21 66 174.63294
21 67 182.98081
21 68 103.52406
21 69 164.66724
21 70 172.19766
21 71 128.70831
21 72 159.76884
21 73 189.17945
21 74 192.5893
21 75 140.05102
21 76 105.35475
21 77 169.06696
21 78 131.56401
21 79 168.12258
21 80 152.39083
21 81 137.20037
21 82 132.74585
21 83 175.48065
21 84 148.94826
21 85 119.6647
21 86 182.00589
21 87 214.52392
21 88 119.12137
21 89 126.87045
21 90 121.89614
21 91 179.25074
21 92 130.8742
21 93 188.84518
21 94 179.18882
21 95 126.9002
21 96 172.17063
21 97 191.25336
21 98 163.00607
21 99 159.55367
22 23 173.30789
22 24 170.48261
22 25 108.63828
22 26 166.92764
22 27 110.1967
22 28 159.3244
22 29 103.31428
22 30 148.60818
22 31 136.66796
22 32 174.6218
22 33 138.78509
22 34 123.50957
22 35 138.07632
22 36 144.27386
22 37 132.65161
22 38 134.96107
22 39 149.63358
22 40 160.10802
22 41 125.33671
22 42 130.55385
22 43 159.58529
22 44 146.61767
22 45 134.02792
22 46 113.04432
22 47 156.39168
22 48 164.68953
22 49 143.3326
22 50 104.68043
22 51 147.91501
22 52 159.46616
22 53 155.83569
22 54 160.2273
22 55 148.89013
22 56 123.86709
22 57 128.59954
22 58 170.1232
22 59 138.86242
22 60 120.94987
22 61 166.46515
22 62 134.75135
22 63 148.53595
22 64 180.32543
22 65 122.53872
22 66 147.05449
22 67 133.56239
22 68 154.278
22 69 151.53119
22 70 132.84904
22 71 123.54527
22 72 109.70099
22 73 137.60916
22 74 146.44223
22 75 111.6748
22 76 150.80944
22 77 123.4492
22 78 126.60481
22 79 139.56608
22 80 150.43912
22 81 114.54947
22 82 123.79042
22 83 125.53599
22 84 115.80127
22 85 159.23589
22 86 141.98315
22 87 167.67266
22 88 145.40555
22 89 161.46814
22 90 161.24436
22 91 128.76702
22 92 147.65971
22 93 137.21117
22 94 132.32498
22 95 162.07835
22 96 140.31529
22 97 152.35967
22 98 161.41947
22 99 114.41517
23 24 108.47466
23 25 170.25133
23 26 134.22673
23 27 163.87015
23 28 114.76283
23 29 173.95085
23 30 179.7395
23 31 202.06356
23 32 101.31533
23 33 134.5952
23 34 196.80587
23 35 189.56499
23 36 140.5812
23 37 201.48559
23 38 185.98756
23 39 167.68942
23 40 117.26092
23 41 165.82653
23 42 143.99893
23 43 161.37738
23 44 127.31553
23 45 153.68383
23 46 169.06804
23 47 145.06954
23 48 120.61136
23 49 134.18445
23 50 171.97271
23 51 173.8724
23 52 146.23312
23 53 134.10568
23 54 123.66001
23 55 132.18016
23 56 170.34791
23 57 179.96982
23 58 112.70556
23 59 171.75824
23 60 191.29246
23 61 176.32505
23 62 207.09288
23 63 193.68854
23 64 115.10057
23 65 183.74267
23 66 139.62586
23 67 177.5289
23 68 176.048
23 69 123.70778
23 70 156.14651
23 71 172.44118
23 72 181.61326
23 73 191.47903
23 74 174.07861
23 75 168.72874
23 76 167.59946
23 77 195.80377
23 78 155.16097
23 79 142.00268
23 80 124.08917
23 81 167.90505
23 82 157.31337
23 83 175.73243
23 84 157.52624
23 85 157.46063
23 86 158.65129
23 87 189.0616
23 88 154.10151
23 89 150.86391
23 90 156.59293
23 91 179.14263
23 92 142.20219
23 93 193.79832
23 94 202.79149
23 95 151.34081
23 96 213.34444
23 97 159.83738
23 98 112.07246
23 99 164.551
24 25 166.54546
24 26 140.48889
24 27 161.57683
24 28 116.25248
24 29 171.48309
24 30 172.57657
24 31 201.30431
24 32 109.0084
24 33 131.90358
24 34 193.8011
24 35 190.245
24 36 134.05425
24 37 197.05233
24 38 186.55881
24 39 160.21604
24 40 120.86099
24 41 165.99326
24 42 140.2465
24 43 153.27202
24 44 126.7359
24 45 147.69838
24 46 164.89948
24 47 149.57071
24 48 126.40937
24 49 128.93707
24 50 168.658
24 51 176.55558
24 52 138.03483
24 53 126.33667
24 54 128.3813
24 55 134.52911
24 56 165.02961
24 57 180.16725
24 58 119.8308
24 59 173.47981
24 60 189.46005
24 61 168.1607
24 62 204.87603
24 63 195.26666
24 64 123.57523
24 65 178.89848
24 66 142.32712
24 67 178.41382
24 68 168.44732
24 69 124.70889
24 70 157.15976
24 71 167.16124
24 72 179.27255
24 73 191.95433
24 74 176.58563
24 75 164.73153
24 76 160.05005
24 77 193.51807
24 78 150.10738
24 79 143.21817
24 80 120.05932
24 81 163.60603
24 82 152.49112
24 83 175.76527
24 84 154.92611
24 85 149.33252
24 86 161.01903
24 87 193.01688
24 88 146.88973
24 89 142.59252
24 90 148.37056
24 91 179.40119
24 92 135.07438
24 93 194.0272
24 94 201.09484
24 95 143.0484
24 96 209.94809
24 97 163.53667
24 98 110.4772
24 99 163.17465
25 26 168.05746
25 27 112.98719
25 28 156.98065
25 29 111.88123
25 30 140.22861
25 31 144.90132
25 32 171.55025
25 33 135.80245
25 34 127.90106
25 35 146.57248
25 36 137.76344
25 37 131.93661
25 38 143.36383
25 39 141.00657
25 40 158.575
25 41 131.51058
25 42 126.34411
25 43 151.17712
25 44 144.67716
25 45 126.30198
25 46 104.40605
25 47 159.07898
25 48 164.01749
25 49 138.26671
25 50 104.00595
25 51 154.61674
25 52 151.92201
25 53 149.48918
25 54 159.81482
25 55 149.08777
25 56 115.34109
25 57 136.78874
25 58 168.53677
25 59 145.6798
25 60 128.68662
25 61 157.82688
25 62 140.8768
25 63 156.90868
25 64 178.69547
25 65 117.38268
25 66 148.62767
25 67 141.29273
25 68 145.68404
25 69 149.97113
25 70 137.06504
25 71 115.22912
25 72 117.58375
25 73 146.19101
25 74 153.23131
25 75 103.09601
25 76 142.18657
25 77 129.989
25 78 119.33562
25 79 140.92895
25 80 146.57499
25 81 105.94574
25 82 116.43518
25 83 133.39012
25 84 114.99192
25 85 150.99143
25 86 146.80586
25 87 174.85982
25 88 137.32712
25 89 153.61242
25 90 153.06163
25 91 136.87004
25 92 140.70214
25 93 145.84534
25 94 139.55679
25 95 154.19797
25 96 143.43228
25 97 157.15538
25 98 158.19513
25 99 119.59421
26 27 156.82291
26 28 126.93567
26 29 165.98667
26 30 193.29326
26 31 184.56425
26 32 134.84375
26 33 138.67535
26 34 188.6981
26 35 167.65293
26 36 156.36224
26 37 199.33775
26 38 164.74131
26 39 184.15499
26 40 121.15507
26 41 148.5062
26 42 147.93299
26 43 182.84984
26 44 129.49771
26 45 164.31181
26 46 169.05475
26 47 115.12735
26 48 114.10709
26 49 147.14883
26 50 167.85266
26 51 146.37785
26 52 169.8628
26 53 156.82933
26 54 113.61751
26 55 119.57142
26 56 175.3178
26 57 160.65793
26 58 121.59586
26 59 147.7378
26 60 178.79396
26 61 197.36778
26 62 194.98252
26 63 168.45899
26 64 126.32735
26 65 184.98137
26 66 119.92703
26 67 155.91836
26 68 192.6582
26 69 124.78134
26 70 137.41571
26 71 176.96622
26 72 172.15916
26 73 170.15838
26 74 147.13894
26 75 168.02171
26 76 184.55243
26 77 184.77259
26 78 161.42161
26 79 127.37405
26 80 138.56336
26 81 168.63722
26 82 162.15241
26 83 157.51859
26 84 153.06556
26 85 179.44246
26 86 134.08507
26 87 157.38388
26 88 170.58984
26 89 174.70849
26 90 179.48776
26 91 159.68724
26 92 160.25137
26 93 173.20055
26 94 188.87094
26 95 175.35664
26 96 205.80672
26 97 130.36757
26 98 133.18402
26 99 153.62983
27 28 149.63652
27 29 110.11585
27 30 151.29228
27 31 141.69012
27 32 165.18543
27 33 129.67583
27 34 133.33202
27 35 137.97079
27 36 138.44204
27 37 142.56129
27 38 134.36937
27 39 149.63438
27 40 150.13944
27 41 119.08461
27 42 122.73042
27 43 157.70381
27 44 136.86226
27 45 130.88713
27 46 116.10479
27 47 146.7502
27 48 154.53996
27 49 135.77903
27 50 111.39258
27 51 142.24085
27 52 155.033
27 53 149.46932
27 54 150.05511
27 55 138.69396
27 56 126.6268
27 57 127.25015
27 58 160.13918
27 59 133.49365
27 60 128.01393
27 61 166.65449
27 62 143.32209
27 63 147.4366
27 64 170.33109
27 65 130.1939
27 66 137.00344
27 67 130.43202
27 68 155.59277
27 69 141.60861
27 70 124.10811
27 71 127.13032
27 72 117.75347
27 73 138.26814
27 74 140.93694
27 75 114.58056
27 76 150.70485
27 77 131.98238
27 78 123.16145
27 79 129.4489
27 80 141.69371
27 81 116.79468
27 82 120.87044
27 83 123.12644
27 84 106.88869
27 85 156.68799
27 86 133.81869
27 87 162.79513
27 88 142.65642
27 89 157.71763
27 90 158.44513
27 91 127.06242
27 92 142.41421
27 93 138.79956
27 94 139.69663
27 95 158.38029
27 96 150.325
27 97 144.17063
27 98 152.14341
27 99 107.10667
28 29 159.75066
28 30 171.94019
28 31 187.30777
28 32 116.04195
28 33 121.25089
28 34 182.82323
28 35 174.96472
28 36 132.71868
28 37 188.68435
28 38 171.35473
28 39 161.0964
28 40 105.78136
28 41 151.09554
28 42 131.321
28 43 157.58751
28 44 112.7897
28 45 143.91534
28 46 156.27137
28 47 133.75686
28 48 113.53577
28 49 124.35853
28 50 158.35107
28 51 160.35023
28 52 143.67558
28 53 130.55303
28 54 113.51164
28 55 118.30321
28 56 158.99783
28 57 165.25505
28 58 112.57612
28 59 157.5686
28 60 176.75688
28 61 172.47299
28 62 192.67244
28 63 179.44986
28 64 122.16387
28 65 171.55661
28 66 126.08088
28 67 162.97857
28 68 169.68251
28 69 108.98346
28 70 141.60132
28 71 160.99811
28 72 167.31347
28 73 176.82734
28 74 160.41498
28 75 155.75771
28 76 161.26265
28 77 181.43581
28 78 143.77273
28 79 127.4849
28 80 113.92677
28 81 155.26769
28 82 145.53537
28 83 160.99293
28 84 143.53135
28 85 153.94028
28 86 144.86058
28 87 176.83306
28 88 147.18103
28 89 148.54736
28 90 153.68312
28 91 164.4372
28 92 135.74593
28 93 179.09786
28 94 188.19613
28 95 149.15941
28 96 199.57281
28 97 147.33747
28 98 106.56316
28 99 149.93903
29 30 151.92173
29 31 133.95521
29 32 175.26618
29 33 139.6249
29 34 123.28945
29 35 134.76543
29 36 146.41973
29 37 134.25226
29 38 131.64732
29 39 152.81731
29 40 160.21704
29 41 122.77174
29 42 131.97041
29 43 162.57463
29 44 146.97799
29 45 136.7257
29 46 116.28049
29 47 154.91395
29 48 164.44433
29 49 144.91865
29 50 107.97377
29 51 145.02365
29 52 162.00374
29 53 157.86325
29 54 159.9054
29 55 148.41059
29 56 127.16208
29 57 125.31432
29 58 170.20592
29 59 135.95947
29 60 118.76495
29 61 169.68427
29 62 133.41294
29 63 145.22281
29 64 180.38927
29 65 125.46477
29 66 146.06237
29 67 130.38379
29 68 157.55656
29 69 151.70533
29 70 130.9766
29 71 126.85861
29 72 107.82869
29 73 134.31993
29 74 143.52594
29 75 114.86989
29 76 153.98574
29 77 122.04868
29 78 129.17812
29 79 138.73045
29 80 151.50876
29 81 117.74165
29 82 126.42687
29 83 122.34059
29 84 116.55699
29 85 162.12631
29 86 139.78903
29 87 164.60432
29 88 148.22742
29 89 164.15134
29 90 164.09809
29 91 125.4996
29 92 149.97304
29 93 133.97674
29 94 130.35506
29 95 164.77294
29 96 140.36314
29 97 150.11973
29 98 162.17696
29 99 112.64458
30 31 181.97525
30 32 180.75985
30 33 154.61898
30 34 157.23919
30 35 186.6795
30 36 139.47213
30 37 145.61741
30 38 183.55425
30 39 113.22268
30 40 176.27972
30 41 170.30866
30 42 145.82124
30 43 125.77705
30 44 164.07182
30 45 128.98147
30 46 135.99836
30 47 189.50613
30 48 183.89322
30 49 147.62454
30 50 143.96839
30 51 193.34001
30 52 138.19154
30 53 146.55201
30 54 181.1977
30 55 174.14512
30 56 124.94565
30 57 177.01548
30 58 184.40421
30 59 184.74197
30 60 165.3163
30 61 121.933
30 62 171.65463
30 63 197.11745
30 64 193.04509
30 65 131.55623
30 66 177.45713
30 67 181.31228
30 68 108.74846
30 69 169.33845
30 70 172.80236
30 71 125.06325
30 72 155.8036
30 73 186.11974
30 74 192.10393
30 75 137.53921
30 76 113.90696
30 77 163.64795
30 78 133.01645
30 79 170.49397
30 80 158.03475
30 81 134.85722
30 82 133.41729
30 83 173.52442
30 84 148.8071
30 85 128.75795
30 86 182.78336
30 87 214.02771
30 88 125.68813
30 89 135.81449
30 90 131.03495
30 91 177.08283
30 92 137.55537
30 93 185.44531
30 94 173.70151
30 95 135.89274
30 96 164.62905
30 97 192.47799
30 98 169.26386
30 99 158.39842
31 32 203.34849
31 33 169.93137
31 34 127.51535
31 35 120.06719
31 36 179.98496
31 37 145.94694
31 38 121.31262
31 39 185.387
31 40 186.10016
31 41 136.9231
31 42 164.3218
31 43 196.0698
31 44 174.91087
31 45 170.66192
31 46 149.15161
31 47 170.17608
31 48 188.00452
31 49 177.33534
31 50 140.95362
31 51 144.51187
31 52 195.93971
31 53 191.14999
31 54 183.28247
31 55 171.78519
31 56 158.94422
31 57 123.91901
31 58 195.44384
31 59 138.49197
31 60 116.70358
31 61 201.7756
31 62 118.6424
31 63 128.00988
31 64 205.09752
31 65 150.89834
31 66 166.36878
31 67 129.35965
31 68 188.89215
31 69 178.438
31 70 147.81321
31 71 157.98059
31 72 127.32965
31 73 117.24835
31 74 142.97112
31 75 147.99397
31 76 186.60312
31 77 119.29194
31 78 163.13308
31 79 161.1509
31 80 182.14105
31 81 150.79806
31 82 160.37646
31 83 127.23242
31 84 148.51284
31 85 195.86213
31 86 150.91567
31 87 155.61861
31 88 182.07135
31 89 198.09817
31 90 197.89537
31 91 124.89547
31 92 183.74496
31 93 113.80056
31 94 111.38517
31 95 198.71596
31 96 135.64881
31 97 158.29225
31 98 191.19365
31 99 138.33173
32 33 135.90494
32 34 198.11919
32 35 190.78724
32 36 141.67286
32 37 202.76414
32 38 187.21691
32 39 168.64681
32 40 118.3797
32 41 167.083
32 42 145.28901
32 43 162.1544
32 44 128.62134
32 45 154.84555
32 46 170.35209
32 47 145.96745
32 48 121.39258
32 49 135.38884
32 50 173.28041
32 51 174.94972
32 52 146.96649
32 53 134.97343
32 54 124.59777
32 55 133.33788
32 56 171.57189
32 57 181.22014
32 58 113.25606
32 59 172.91838
32 60 192.60318
32 61 177.07976
32 62 208.40691
32 63 194.85052
32 64 114.70526
32 65 184.99911
32 66 140.73771
32 67 178.74292
32 68 176.97945
32 69 124.9711
32 70 157.36372
32 71 173.66843
32 72 182.92839
32 73 192.71218
32 74 175.17222
32 75 170.01874
32 76 168.5403
32 77 197.11844
32 78 156.39652
32 79 143.22089
32 80 125.3449
32 81 169.18376
32 82 158.56357
32 83 176.99158
32 84 158.84079
32 85 158.22755
32 86 159.76818
32 87 189.99051
32 88 155.10354
32 89 151.5619
32 90 157.31747
32 91 180.39022
32 92 143.20972
32 93 195.04372
32 94 204.09957
32 95 152.02699
32 96 214.65341
32 97 160.81793
32 98 113.36248
32 99 165.85712
33 34 162.2501
33 35 160.89645
33 36 119.7139
33 37 167.43527
33 38 157.10086
33 39 145.85168
33 40 123.5969
33 41 136.47127
33 42 110.25818
33 43 146.6052
33 44 109.87129
33 45 125.63784
33 46 135.02266
33 47 136.72954
33 48 130.28951
33 49 111.21264
33 50 137.38473
33 51 152.71068
33 52 136.58608
33 53 125.82775
33 54 126.96007
33 55 119.81207
33 56 138.38729
33 57 150.22519
33 58 133.25407
33 59 147.09388
33 60 157.57534
33 61 160.23154
33 62 172.98836
33 63 167.60229
33 64 143.25452
33 65 150.40947
33 66 124.74146
33 67 149.80453
33 68 154.24024
33 69 115.42407
33 70 130.27243
33 71 140.29561
33 72 147.39189
33 73 162.21834
33 74 152.20359
33 75 134.51072
33 76 146.35507
33 77 161.63656
33 78 123.48052
33 79 119.80468
33 80 112.21318
33 81 134.03913
33 82 124.82968
33 83 145.66751
33 84 123.0824
33 85 143.76353
33 86 137.70963
33 87 172.32408
33 88 132.77059
33 89 140.92899
33 90 144.43966
33 91 149.57992
33 92 124.31923
33 93 163.86933
33 94 169.22643
33 95 141.64399
33 96 178.74983
33 97 144.56469
33 98 122.64036
33 99 131.60594
34 35 141.00772
34 36 165.56991
34 37 118.6881
34 38 139.72349
34 39 163.12133
34 40 183.47119
34 41 142.09869
34 42 153.6283
34 43 175.3284
34 44 170.09587
34 45 153.30129
34 46 130.83205
34 47 176.69405
34 48 187.71722
34 49 166.02119
34 50 125.22415
34 51 160.28972
34 52 178.71462
34 53 177.30977
34 54 183.15903
34 55 171.61009
34 56 137.44814
34 57 136.7963
34 58 193.47082
34 59 151.78659
34 60 114.2767
34 61 178.34818
34 62 114.51696
34 63 151.51772
34 64 203.66099
34 65 125.73646
34 66 168.80795
34 67 143.50562
34 68 164.99665
34 69 174.93115
34 70 152.25095
34 71 135.86198
34 72 116.54004
34 73 139.01185
34 74 158.64789
34 75 130.38985
34 76 164.36372
34 77 108.50748
34 78 146.97052
34 79 161.7018
34 80 173.74191
34 81 132.47759
34 82 144.08488
34 83 136.62168
34 84 139.31054
34 85 175.98235
34 86 159.64024
34 87 176.76319
34 88 163.26684
34 89 179.77269
34 90 178.25255
34 91 137.53894
34 92 168.26186
34 93 136.63755
34 94 117.17667
34 95 180.28968
34 96 117.14537
34 97 169.42139
34 98 184.89045
34 99 135.10204
35 36 175.0414
35 37 159.35359
35 38 103.80853
35 39 187.05053
35 40 172.69705
35 41 124.4806
35 42 158.02266
35 43 195.66751
35 44 163.53617
35 45 168.84745
35 46 150.9261
35 47 152.72145
35 48 173.18899
35 49 170.25157
35 50 142.73433
35 51 124.69541
35 52 192.33777
35 53 185.05949
35 54 168.58306
35 55 157.7631
35 56 161.9054
35 57 110.97278
35 58 181.26951
35 59 120.00625
35 60 126.79063
35 61 204.04377
35 62 137.17355
35 63 110.86621
35 64 190.32004
35 65 158.36904
35 66 151.21939
35 67 112.12054
35 68 192.22347
35 69 165.9916
35 70 133.42922
35 71 161.61928
35 72 131.90268
35 73 102.85
35 74 123.22361
35 75 149.44697
35 76 188.17606
35 77 132.78142
35 78 161.12966
35 79 147.56744
35 80 172.64962
35 81 152.27563
35 82 158.81529
35 83 115.51478
35 84 143.65311
35 85 194.63864
35 86 133.58019
35 87 136.42731
35 88 180.61475
35 89 195.35184
35 90 196.35812
35 91 111.44667
35 92 179.38753
35 93 106.33173
35 94 129.47325
35 95 196.03167
35 96 153.48718
35 97 139.4286
35 98 179.80203
35 99 131.92045
36 37 165.14394
36 38 171.26349
36 39 128.39574
36 40 137.46511
36 41 151.72721
36 42 117.19888
36 43 126.99719
36 44 127.05729
36 45 114.01971
36 46 134.80983
36 47 156.28158
36 48 145.33611
36 49 109.24404
36 50 140.96612
36 51 170.89509
36 52 117.72688
36 53 111.7405
36 54 143.30002
36 55 138.84837
36 56 132.04274
36 57 164.0692
36 58 145.0415
36 59 164.28266
36 60 165.1455
36 61 141.08352
36 62 178.57026
36 63 183.18257
36 64 153.57458
36 65 146.50403
36 66 144.40594
36 67 165.21374
36 68 136.98779
36 69 131.6008
36 70 148.10077
36 71 134.19277
36 72 153.95343
36 73 175.8192
36 74 170.19053
36 75 135.18007
36 76 128.60806
36 77 167.48933
36 78 118.65477
36 79 139.3705
36 80 118.81314
36 81 133.22264
36 82 121.50983
36 83 159.54023
36 84 131.8578
36 85 124.05522
36 86 156.56353
36 87 191.09204
36 88 114.49838
36 89 121.61469
36 90 124.74733
36 91 163.62539
36 92 104.73013
36 93 176.79252
36 94 176.59879
36 95 122.33356
36 96 180.17908
36 97 164.07108
36 98 129.79549
36 99 143.31544
37 38 157.76302
37 39 154.61947
37 40 190.48071
37 41 156.43717
37 42 157.54692
37 43 167.89544
37 44 176.55167
37 45 151.36298
37 46 132.45243
37 47 189.03488
37 48 195.93634
37 49 168.15441
37 50 131.52568
37 51 176.90108
37 52 174.74676
37 53 176.50822
37 54 191.69154
37 55 180.76872
37 56 133.29796
37 57 153.99034
37 58 200.4177
37 59 168.04275
37 60 132.58929
37 61 167.54105
37 62 129.97862
37 63 170.00543
37 64 210.55078
37 65 118.7013
37 66 179.56198
37 67 160.4888
37 68 154.17655
37 69 181.88751
37 70 165.22806
37 71 131.19195
37 72 130.59941
37 73 157.49496
37 74 175.29
37 75 132.92766
37 76 155.8087
37 77 127.19557
37 78 147.12425
37 79 171.97589
37 80 177.4774
37 81 133.58055
37 82 144.60176
37 83 152.97539
37 84 146.62376
37 85 169.46367
37 86 173.84575
37 87 194.50802
37 88 158.78591
37 89 174.66279
37 90 171.86402
37 91 154.61613
37 92 166.64731
37 93 155.24693
37 94 135.02296
37 95 175.05068
37 96 119.09252
37 97 184.07437
37 98 189.42
37 99 146.85889
38 39 183.6262
38 40 169.18689
38 41 120.71121
38 42 154.2292
38 43 192.07222
38 44 159.83693
38 45 165.21737
38 46 147.68425
38 47 149.92888
38 48 169.86583
38 49 166.44347
38 50 139.58621
38 51 123.26498
38 52 188.58669
38 53 181.25536
38 54 165.23309
38 55 154.29338
38 56 158.70455
38 57 107.21569
38 58 177.86757
38 59 117.45122
38 60 125.4493
38 61 200.63571
38 62 137.26399
38 63 113.57934
38 64 187.01731
38 65 155.75968
38 66 147.89338
38 67 108.85364
38 68 188.93842
38 69 162.37542
38 70 129.89925
38 71 158.49378
38 72 129.37259
38 73 105.54227
38 74 121.69827
38 75 146.18575
38 76 184.74138
38 77 131.75667
38 78 157.51121
38 79 144.01323
38 80 168.87487
38 81 148.99184
38 82 155.23479
38 83 111.72503
38 84 139.94401
38 85 190.99494
38 86 130.6681
38 87 137.09105
38 88 176.97979
38 89 191.63132
38 90 192.69484
38 91 107.64716
38 92 175.62262
38 93 108.47026
38 94 129.64329
38 95 192.31317
38 96 153.10385
38 97 137.17976
38 98 176.12653
38 99 128.20448
39 40 165.84404
39 41 167.83059
39 42 138.48103
39 43 113.48881
39 44 154.65795
39 45 121.36137
39 46 136.60904
39 47 182.12206
39 48 173.67787
39 49 137.26749
39 50 145.00647
39 51 190.14641
39 52 124.97259
39 53 133.94286
39 54 171.43332
39 55 165.66375
39 56 126.46378
39 57 176.67474
39 58 173.32387
39 59 182.06399
39 60 168.76297
39 61 117.02602
39 62 177.61346
39 63 196.94633
39 64 181.4882
39 65 137.86631
39 66 169.98102
39 67 180.04
39 68 108.59296
39 69 159.60339
39 70 168.31171
39 71 127.61174
39 72 158.208
39 73 186.92184
39 74 189.07583
39 75 137.96021
39 76 101.24249
39 77 168.33968
39 78 127.75094
39 79 163.62552
39 80 147.20711
39 81 135.08528
39 82 129.24975
39 83 172.71668
39 84 145.54143
39 85 115.89264
39 86 178.01626
39 87 210.96189
39 88 113.91655
39 89 122.68784
39 90 118.26125
39 91 176.57298
39 92 125.65031
39 93 186.77545
39 94 178.44546
39 95 122.80983
39 96 173.06047
39 97 187.07412
39 98 157.78278
39 99 156.50905
40 41 149.40724
40 42 133.85504
40 43 162.92394
40 44 113.96623
40 45 147.80928
40 46 158.28372
40 47 128.70977
40 48 107.98776
40 49 128.70098
40 50 159.57792
40 51 156.63199
40 52 149.24961
40 53 136.13167
40 54 107.82086
40 55 115.00827
40 56 161.94854
40 57 163.41775
40 58 110.01858
40 59 154.56721
40 60 176.48575
40 61 177.73547
40 62 192.59779
40 63 176.49951
40 64 120.2228
40 65 173.89324
40 66 122.36496
40 67 160.60672
40 68 174.43666
40 69 108.618
40 70 139.28767
40 71 163.87774
40 72 167.56539
40 73 174.7091
40 74 156.82246
40 75 157.63152
40 76 166.07311
40 77 181.49905
40 78 146.88936
40 79 125.21533
40 80 118.72756
40 81 157.41517
40 82 148.39488
40 83 159.32136
40 84 144.46997
40 85 159.33626
40 86 141.39188
40 87 172.30758
40 88 151.96301
40 89 154.11998
40 90 159.16259
40 91 162.55617
40 92 140.78656
40 93 177.15971
40 94 187.72968
40 95 154.74288
40 96 200.41783
40 97 142.89836
40 98 112.14507
40 99 149.61768
41 42 134.52902
41 43 174.54903
41 44 139.25804
41 45 147.71089
41 46 135.06906
41 47 135.14641
41 48 151.08209
41 49 146.17222
41 50 128.82288
41 51 123.17198
41 52 169.35024
41 53 161.125
41 54 146.35946
41 55 134.8901
41 56 145.71139
41 57 114.18522
41 58 158.58068
41 59 114.43345
41 60 130.5796
41 61 184.74207
41 62 146.59308
41 63 131.512
41 64 168.17825
41 65 147.78828
41 66 129.57074
41 67 113.52909
41 68 174.26271
41 69 142.1221
41 70 111.11472
41 71 146.17933
41 72 126.15264
41 73 125.99994
41 74 121.85294
41 75 133.51837
41 76 168.83263
41 77 136.87618
41 78 140.34026
41 79 124.28209
41 80 148.16911
41 81 135.8566
41 82 138.58949
41 83 109.91971
41 84 122.31009
41 85 172.98805
41 86 117.58535
41 87 143.72639
41 88 159.21826
41 89 172.76437
41 90 174.46656
41 91 113.40793
41 92 156.26591
41 93 128.04949
41 94 140.36507
41 95 173.46632
41 96 158.72481
41 97 127.65706
41 98 155.60452
41 99 112.01975
42 43 141.77119
42 44 120.05466
42 45 117.24666
42 46 125.09695
42 47 143.84778
42 48 140.44163
42 49 113.04874
42 50 128.43207
42 51 154.18382
42 52 134.86489
42 53 127.17539
42 54 136.91931
42 55 128.4905
42 56 128.16639
42 57 147.0649
42 58 143.47903
42 59 147.24185
42 60 150.57225
42 61 154.11332
42 62 165.26911
42 63 165.99784
42 64 153.42493
42 65 140.23701
42 66 131.72975
42 67 148.02264
42 68 146.49362
42 69 125.61608
42 70 131.4504
42 71 130.0531
42 72 139.78969
42 73 158.91663
42 74 153.38719
42 75 124.72985
42 76 139.17046
42 77 153.92536
42 78 113.51986
42 79 125.14772
42 80 120.23499
42 81 124.00398
42 82 114.62129
42 83 142.50788
42 84 115.84731
42 85 139.58562
42 86 140.5001
42 87 174.66229
42 88 126.75399
42 89 138.46952
42 90 140.76324
42 91 146.58231
42 92 121.77278
42 93 160.06687
42 94 162.24092
42 95 139.18132
42 96 169.70546
42 97 148.92776
42 98 131.92696
42 99 126.61956
43 44 153.90204
43 45 126.93582
43 46 146.92365
43 47 183.26889
43 48 170.91166
43 49 136.15094
43 50 155.14869
43 51 195.70169
43 52 115.32203
43 53 127.53261
43 54 169.47724
43 55 165.82603
43 56 137.96916
43 57 184.93278
43 58 168.99212
43 59 188.25395
43 60 179.68701
43 61 115.00589
43 62 189.71198
43 63 205.00785
43 64 176.01696
43 65 150.63487
43 66 171.34456
43 67 187.48804
43 68 118.18425
43 69 158.10657
43 70 173.12124
43 71 139.46932
43 72 168.74051
43 73 195.85862
43 74 194.80625
43 75 148.08186
43 76 112.40994
43 77 179.93147
43 78 134.57949
43 79 165.96935
43 80 144.39302
43 81 145.27189
43 82 136.85596
43 83 180.69612
43 84 152.50355
43 85 103.96272
43 86 182.26907
43 87 216.33041
43 88 115.34004
43 89 111.31556
43 90 105.60839
43 91 184.7022
43 92 122.69905
43 93 196.09103
43 94 189.94601
43 95 111.12301
43 96 186.11462
43 97 190.4408
43 98 153.09514
43 99 164.10297
44 45 135.15999
44 46 144.31863
44 47 130.08325
44 48 120.41848
44 49 117.81422
44 50 145.82178
44 51 151.45787
44 52 142.07667
44 53 129.7306
44 54 117.18526
44 55 112.23446
44 56 148.21974
44 57 153.43488
44 58 123.86624
44 59 147.35946
44 60 164.0063
44 61 168.14059
44 62 179.88985
44 63 168.90245
44 64 134.01876
44 65 159.9398
44 66 119.14002
44 67 151.77453
44 68 163.1687
44 69 105.56197
44 70 130.69601
44 71 150.10521
44 72 154.52528
44 73 165.22148
44 74 151.2548
44 75 143.67701
44 76 155.05636
44 77 168.6471
44 78 133.3515
44 79 117.27502
44 80 111.49417
44 81 143.45079
44 82 134.66779
44 83 149.0475
44 84 130.85291
44 85 150.7008
44 86 135.85946
44 87 169.71546
44 88 141.12292
44 89 146.76564
44 90 151.01803
44 91 152.66591
44 92 131.2034
44 93 167.29693
44 94 175.48163
44 95 147.45516
44 96 186.9091
44 97 140.66939
44 98 116.36974
44 99 137.23578
45 46 122.62349
45 47 161.07786
45 48 155.21984
45 49 119.74513
45 50 130.00612
45 51 169.37003
45 52 125.62636
45 53 125.14584
45 54 152.33004
45 55 145.22177
45 56 118.11223
45 57 158.0532
45 58 156.4906
45 59 161.61476
45 60 154.84664
45 61 137.5752
45 62 166.94101
45 63 178.08181
45 64 165.7137
45 65 132.67008
45 66 148.94722
45 67 160.55937
45 68 129.25088
45 69 140.50873
45 70 147.17982
45 71 120.25252
45 72 143.61504
45 73 169.14207
45 74 168.38356
45 75 123.36614
45 76 122.13324
45 77 156.24681
45 78 107.73772
45 79 142.36952
45 80 130.32058
45 81 120.932
45 82 110.31561
45 83 153.7814
45 84 125.57265
45 85 125.80254
45 86 156.76776
45 87 190.13765
45 88 111.76929
45 89 127.44101
45 90 127.59996
45 91 157.80145
45 92 115.34623
45 93 169.54441
45 94 165.85659
45 95 128.05476
45 96 167.05294
45 97 165.72221
45 98 142.24346
45 99 137.17461
46 47 160.88747
46 48 164.13276
46 49 136.21737
46 50 108.3978
46 51 158.23793
46 52 148.22188
46 53 146.5456
46 54 160.09455
46 55 149.77991
46 56 111.05656
46 57 141.03948
46 58 168.14739
46 59 149.38284
46 60 132.80291
46 61 153.42088
46 62 144.31804
46 63 161.21004
46 64 178.23024
46 65 115.94669
46 66 149.99938
46 67 145.36606
46 68 141.3064
46 69 149.74857
46 70 139.77819
46 71 111.17212
46 72 121.8231
46 73 150.57671
46 74 156.89356
46 75 101.56273
46 76 137.79193
46 77 133.68509
46 78 116.16403
46 79 142.30229
46 80 145.12705
46 81 101.70374
46 82 113.30061
46 83 137.53271
46 84 116.42696
46 85 146.84483
46 86 149.67377
46 87 178.6438
46 88 133.31985
46 89 149.71097
46 90 148.9524
46 91 141.09017
46 92 137.43179
46 93 150.25009
46 94 143.43879
46 95 150.27974
46 96 145.56449
46 97 159.94247
46 98 156.99695
46 99 123.0551
47 48 124.7779
47 49 147.24656
47 50 158.12757
47 51 131.32636
47 52 172.11968
47 53 159.78858
47 54 121.43765
47 55 117.85414
47 56 168.78748
47 57 146.27689
47 58 133.45187
47 59 132.74037
47 60 165.72585
47 61 196.94406
47 62 181.68621
47 63 153.33456
47 64 140.33833
47 65 176.43286
47 66 112.1422
47 67 141.1679
47 68 190.28821
47 69 127.5801
47 70 124.45622
47 71 170.15004
47 72 160.26193
47 73 155.28224
47 74 132.04056
47 75 159.64453
47 76 182.72403
47 77 171.97931
47 78 156.56207
47 79 119.12962
47 80 141.29479
47 81 160.80419
47 82 156.60214
47 83 143.48885
47 84 144.46087
47 85 180.29397
47 86 119.30626
47 87 144.05841
47 88 169.43045
47 89 176.76181
47 90 180.79181
47 91 145.29605
47 92 160.73195
47 93 158.39914
47 94 175.2155
47 95 177.45844
47 96 193.60463
47 97 115.53979
47 98 140.28959
47 99 142.27297
48 49 136.44775
48 50 164.63753
48 51 154.91183
48 52 157.18705
48 53 144.06428
48 54 104.72886
48 55 116.41492
48 56 168.60291
48 57 164.65164
48 58 108.70216
48 59 154.13401
48 60 179.68298
48 61 185.7181
48 62 195.93325
48 63 175.88054
48 64 117.16431
48 65 179.9484
48 66 121.9739
48 67 161.08307
48 68 182.26694
48 69 114.87162
48 70 140.31313
48 71 170.46327
48 72 171.47083
48 73 175.40636
48 74 155.32888
48 75 163.35471
48 76 173.933
48 77 185.06962
48 78 153.76843
48 79 127.00396
48 80 126.67169
48 81 163.397
48 82 155.06283
48 83 160.84833
48 84 149.42909
48 85 167.32193
48 86 140.44698
48 87 168.82864
48 88 159.82452
48 89 162.05875
48 90 167.13549
48 91 163.73796
48 92 148.73938
48 93 178.10092
48 94 190.60179
48 95 162.67597
48 96 204.80684
48 97 140.00001
48 98 119.36807
48 99 153.0742
49 50 140.8212
49 51 163.70285
49 52 125.38768
49 53 115.01695
49 54 134.19192
49 55 129.6809
49 56 136.22497
49 57 159.36983
49 58 136.89603
49 59 157.71802
49 60 163.58271
49 61 150.3274
49 62 178.08361
49 63 177.63116
49 64 145.97968
49 65 149.96277
49 66 135.51037
49 67 159.68105
49 68 145.84647
49 69 122.41935
49 70 141.06932
49 71 138.33765
49 72 152.71575
49 73 171.3242
49 74 163.13203
49 75 136.18767
49 76 137.57031
49 77 166.77213
49 78 121.17833
49 79 130.99896
49 80 110.58659
49 81 134.84589
49 82 123.56331
49 83 154.78782
49 84 128.89459
49 85 133.06315
49 86 148.85971
49 87 183.48267
49 88 123.50327
49 89 129.79192
49 90 133.55454
49 91 158.81669
49 92 113.4971
49 93 172.65987
49 94 175.23938
49 95 130.50365
49 96 181.64301
49 97 155.75509
49 98 122.53546
49 99 139.39957
50 51 151.74351
50 52 155.58192
50 53 152.64245
50 54 160.30513
50 55 149.26204
50 56 119.1896
50 57 133.13225
50 58 169.58594
50 59 142.73475
50 60 124.85479
50 61 161.80944
50 62 137.61693
50 63 153.15316
50 64 179.78105
50 65 119.09015
50 66 148.16218
50 67 137.88461
50 68 149.59762
50 69 150.96075
50 70 135.31612
50 71 118.90789
50 72 113.67271
50 73 142.28778
50 74 150.31296
50 75 107.09044
50 76 146.18826
50 77 126.53889
50 78 122.81424
50 79 140.52478
50 80 148.61007
50 81 109.95086
50 82 119.93679
50 83 129.90603
50 84 115.20844
50 85 154.91288
50 86 144.81653
50 87 171.7606
50 88 141.18467
50 89 157.39516
50 90 156.96289
50 91 133.26073
50 92 144.10558
50 93 141.88333
50 94 135.90457
50 95 157.99031
50 96 141.38127
50 97 155.20631
50 98 159.96997
50 99 117.217
51 52 188.56459
51 53 178.53635
51 54 150.77336
51 55 142.0477
51 56 168.86114
51 57 123.61104
51 58 163.54147
51 59 109.06504
51 60 146.53612
51 61 206.85851
51 62 160.13285
51 63 122.38209
51 64 171.35891
51 65 170.44737
51 66 134.32785
51 67 116.85352
51 68 196.94752
51 69 151.97464
51 70 122.79576
51 71 169.35082
51 72 146.41826
51 73 127.53808
51 74 101.64766
51 75 156.68544
51 76 191.08595
51 77 153.18021
51 78 162.40874
51 79 134.20714
51 80 162.44425
51 81 159.02533
51 82 160.97844
51 83 123.92783
51 84 144.784
51 85 193.7207
51 86 115.62729
51 87 120.81775
51 88 180.42166
51 89 192.4798
51 90 194.94516
51 91 122.80369
51 92 175.61008
51 93 131.00484
51 94 152.6445
51 95 193.19708
51 96 175.2336
51 97 116.16529
51 98 166.25703
51 99 135.19167
52 53 113.12326
52 54 156.28303
52 55 154.30154
52 56 142.01416
52 57 181.37359
52 58 154.47878
52 59 182.00951
52 60 180.37436
52 61 130.12682
52 62 192.517
52 63 200.73581
52 64 161.02641
52 65 156.30836
52 66 160.67459
52 67 182.7964
52 68 132.10395
52 69 145.52977
52 70 165.78025
52 71 143.96424
52 72 169.1213
52 73 192.97796
52 74 187.88386
52 75 148.99207
52 76 124.38443
52 77 181.8721
52 78 132.86167
52 79 156.38512
52 80 131.41795
52 81 146.52367
52 82 135.68752
52 83 176.88867
52 84 148.78231
52 85 111.35994
52 86 174.0512
52 87 208.64595
52 88 115.96208
52 89 104.87189
52 90 110.3643
52 91 180.97595
52 92 113.09227
52 93 193.75988
52 94 191.46729
52 95 105.49769
52 96 191.6828
52 97 181.14261
52 98 138.63921
52 99 160.45097
53 54 143.22799
53 55 141.93669
53 56 143.24509
53 57 174.1334
53 58 141.52621
53 59 172.71241
53 60 176.62343
53 61 142.53841
53 62 190.25835
53 63 192.61186
53 64 148.53458
53 65 157.81573
53 66 148.71876
53 67 174.64686
53 68 142.11466
53 69 132.73228
53 70 156.00609
53 71 145.3772
53 72 165.48262
53 73 186.03817
53 74 178.01354
53 75 146.92008
53 76 133.73685
53 77 179.13748
53 78 130.38479
53 79 145.2101
53 80 118.61674
53 81 144.95186
53 82 133.24733
53 83 169.55937
53 84 142.70744
53 85 123.7133
53 86 163.48489
53 87 198.06127
53 88 121.03585
53 89 117.99514
53 90 123.22554
53 91 173.61338
53 92 110.03831
53 93 187.23819
53 94 188.14143
53 95 118.61234
53 96 191.85475
53 97 169.78165
53 98 125.63837
53 99 153.79127
54 55 111.71127
54 56 164.99512
54 57 159.95997
54 58 112.84282
54 59 149.66419
54 60 174.99083
54 61 184.11736
54 62 191.24743
54 63 171.4786
54 64 121.85044
54 65 175.97354
54 66 117.37018
54 67 156.46904
54 68 179.99579
54 69 111.87101
54 70 135.61634
54 71 166.80525
54 72 166.86727
54 73 170.77499
54 74 151.12312
54 75 159.26401
54 76 171.75794
54 77 180.41172
54 78 150.37527
54 79 122.27875
54 80 125.09517
54 81 159.42191
54 82 151.50911
54 83 156.13589
54 84 145.10628
54 85 166.00631
54 86 136.05644
54 87 165.40193
54 88 157.69356
54 89 161.1363
54 90 165.98523
54 91 159.04989
54 92 146.9971
54 93 173.44308
54 94 185.88585
54 95 161.77943
54 96 200.26608
54 97 136.2467
54 98 119.9618
54 99 148.42846
55 56 155.75237
55 57 148.70879
55 58 123.70286
55 59 139.58055
55 60 163.27982
55 61 179.81988
55 62 179.53789
55 63 161.51265
55 64 133.33965
55 65 165.72657
55 66 107.83493
55 67 145.65573
55 68 174.04199
55 69 110.33022
55 70 124.4264
55 71 157.41524
55 72 155.2518
55 73 159.82712
55 74 142.12738
55 75 148.82131
55 76 166.16305
55 77 168.72198
55 78 141.92349
55 79 110.64441
55 80 123.4904
55 81 149.27466
55 82 142.59068
55 83 144.74605
55 84 134.16834
55 85 162.7281
55 86 126.59147
55 87 158.91588
55 88 152.49043
55 89 158.97299
55 90 163.12922
55 91 147.82331
55 92 143.17125
55 93 162.35669
55 94 174.18919
55 95 159.66549
55 96 188.73935
55 97 129.47364
55 98 124.34365
55 99 136.75977
56 57 152.09303
56 58 171.39872
56 59 160.11134
56 60 142.30221
56 61 142.91541
56 62 151.76232
56 63 172.2452
56 64 181.15643
56 65 114.59792
56 66 157.26849
56 67 156.38331
56 68 130.43874
56 69 153.78158
56 70 149.37559
56 71 102.1521
56 72 131.87583
56 73 161.47622
56 74 167.56361
56 75 112.59381
56 76 127.68817
56 77 142.03228
56 78 115.26125
56 79 149.74033
56 80 146.34359
56 81 109.94111
56 82 113.55784
56 83 148.57907
56 84 125.239
56 85 138.53449
56 86 159.38284
56 87 189.40988
56 88 126.17541
56 89 142.58127
56 90 140.8109
56 91 152.14671
56 92 133.35152
56 93 161.01289
56 94 152.10057
56 95 143.06097
56 96 149.6689
56 97 169.46071
56 98 158.48865
56 99 133.71181
57 58 172.4013
57 59 115.69038
57 60 122.92584
57 61 193.6967
57 62 137.03811
57 63 120.27648
57 64 181.8094
57 65 150.1447
57 66 142.79415
57 67 106.75754
57 68 182.16578
57 69 156.2757
57 70 124.34538
57 71 151.99958
57 72 124.23771
57 73 111.99664
57 74 121.9634
57 75 139.51568
57 76 177.77662
57 77 129.56962
57 78 150.35901
57 79 138.21045
57 80 162.11937
57 81 142.27825
57 82 148.11991
57 83 104.58289
57 84 132.73413
57 85 183.81688
57 86 127.06554
57 87 140.62739
57 88 169.80971
57 89 184.4167
57 90 185.50378
57 91 100.98336
57 92 168.41612
57 93 113.86451
57 94 129.84142
57 95 185.09889
57 96 151.66044
57 97 135.0939
57 98 169.78714
57 99 120.99375
58 59 162.48948
58 60 186.28845
58 61 183.97715
58 62 202.44735
58 63 184.31915
58 64 110.20424
58 65 183.65804
58 66 130.13381
58 67 169.14903
58 68 181.88801
58 69 118.62755
58 70 148.08398
58 71 173.37177
58 72 177.5153
58 73 183.40878
58 74 163.92515
58 75 167.53261
58 76 173.43385
58 77 191.39567
58 78 156.21863
58 79 134.30228
58 80 126.37798
58 81 167.23545
58 82 157.88418
58 83 168.44754
58 84 154.48753
58 85 165.22182
58 86 148.89924
58 87 177.4811
58 88 159.41637
58 89 159.30753
58 90 164.7313
58 91 171.5102
58 92 147.77804
58 93 186.00415
58 94 197.4459
58 95 159.86932
58 96 210.43029
58 97 148.70205
58 98 115.89767
58 99 159.4539
59 60 138.34607
59 61 198.90549
59 62 152.72041
59 63 121.93276
59 64 171.11882
59 65 161.38983
59 66 132.39691
59 67 109.23352
59 68 188.63185
59 69 148.7876
59 70 116.89679
59 71 160.52846
59 72 137.49046
59 73 122.63157
59 74 107.58239
59 75 147.82486
59 76 183.04138
59 77 145.00934
59 78 154.42604
59 79 130.28178
59 80 157.73912
59 81 150.22731
59 82 152.81855
59 83 115.18657
59 84 136.53364
59 85 186.47659
59 86 113.81607
59 87 129.3015
59 88 172.91964
59 89 185.71052
59 90 187.82567
59 91 114.77636
59 92 168.94582
59 93 125.86554
59 94 145.45651
59 95 186.42274
59 96 167.19466
59 97 119.80054
59 98 163.02325
59 99 126.39958
60 61 185.0865
60 62 116.27727
60 63 137.41736
60 64 196.32348
60 65 134.4732
60 66 159.28061
60 67 129.6829
60 68 172.18863
60 69 168.2543
60 70 141.47068
60 71 141.2956
60 72 111.25786
60 73 124.90942
60 74 144.88855
60 75 131.74693
60 76 169.98426
60 77 106.66357
60 78 147.52624
60 79 152.82709
60 80 169.67313
60 81 134.48072
60 82 144.6871
60 83 123.45136
60 84 134.85443
60 85 179.64368
60 86 147.59601
60 87 162.50871
60 88 166.01251
60 89 182.24972
60 90 181.7353
60 91 123.74013
60 92 168.60166
60 93 122.78715
60 94 111.68395
60 95 182.84507
60 96 128.86553
60 97 156.86267
60 98 179.80402
60 99 126.8777
61 62 192.85355
61 63 213.96974
61 64 191.01068
61 65 152.64407
61 66 184.88072
61 67 197.048
61 68 113.44891
61 69 172.58672
61 70 184.75452
61 71 143.79522
61 72 174.79104
61 73 203.87587
61 74 205.82884
61 75 154.81447
61 76 115.95204
61 77 184.18042
61 78 144.48512
61 79 179.01727
61 80 159.10165
61 81 151.94418
61 82 146.15778
61 83 189.74238
61 84 162.43335
61 85 118.87418
61 86 194.29806
61 87 227.65491
61 88 127.55458
61 89 125.6958
61 90 119.83277
61 91 193.5981
61 92 137.12789
61 93 203.66082
61 94 194.30119
61 95 125.32492
61 96 186.52432
61 97 203.03075
61 98 168.08286
61 99 173.50781
62 63 146.29844
62 64 212.51465
62 65 140.22021
62 66 175.53814
62 67 143.59459
62 68 179.48766
62 69 184.28889
62 70 157.59714
62 71 150.25115
62 72 125.60489
62 73 134.57756
62 74 158.50645
62 75 143.65134
62 76 178.85595
62 77 111.36435
62 78 160.20897
62 79 169.10194
62 80 184.92036
62 81 146.00924
62 82 157.30753
62 83 138.62154
62 84 149.96018
62 85 190.25654
62 86 163.17771
62 87 173.5153
62 88 177.30427
62 89 193.80167
62 90 192.49891
62 91 137.97043
62 92 181.57789
62 93 131.4125
62 94 107.70442
62 95 194.33945
62 96 117.01981
62 97 171.97966
62 98 195.44838
62 99 142.99346
63 64 192.73518
63 65 169.18732
63 66 154.29021
63 67 117.98492
63 68 202.41434
63 69 170.61803
63 70 138.20649
63 71 172.06083
63 72 142.73183
63 73 112.51263
63 74 121.4057
63 75 159.70148
63 76 198.0448
63 77 143.15662
63 78 170.43511
63 79 152.05293
63 80 178.8473
63 81 162.49043
63 82 168.2776
63 83 124.3261
63 84 152.57448
63 85 203.76077
63 86 135.43434
63 87 127.77043
63 88 189.80195
63 89 204.00564
63 90 205.37568
63 91 120.38387
63 92 187.67542
63 93 115.09363
63 94 138.65312
63 95 204.69939
63 96 163.05432
63 97 138.5112
63 98 184.79406
63 99 140.9072
64 65 193.65347
64 66 139.12486
64 67 178.22305
64 68 189.97452
64 69 128.82849
64 70 157.46662
64 71 183.16074
64 72 187.66843
64 73 192.55646
64 74 171.89402
64 75 177.64461
64 76 181.4989
64 77 201.50408
64 78 165.92086
64 79 143.98375
64 80 135.39503
64 81 177.28544
64 82 167.69903
64 83 177.9781
64 84 164.69072
64 85 172.13894
64 86 157.35515
64 87 183.6819
64 88 167.67614
64 89 165.72876
64 90 171.38805
64 91 180.8979
64 92 155.83864
64 93 195.26335
64 94 207.40532
64 95 166.22919
64 96 220.63018
64 97 155.87358
64 98 123.78186
64 99 169.5302
65 66 165.80113
65 67 155.68183
65 68 139.26745
65 69 165.42895
65 70 154.2913
65 71 112.50138
65 72 126.46794
65 73 157.29232
65 74 168.96594
65 75 116.96724
65 76 139.10097
65 77 132.18181
65 78 128.79503
65 79 158.09519
65 80 159.65446
65 81 116.55436
65 82 126.45513
65 83 147.63409
65 84 132.10476
65 85 151.78559
65 86 163.88545
65 87 190.03607
65 88 140.36163
65 89 156.51064
65 90 154.14811
65 91 150.4712
65 92 147.94601
65 93 156.03535
65 94 142.18194
65 95 156.94011
65 96 135.62201
65 97 174.27015
65 98 171.73485
65 99 136.30693
66 67 139.11018
66 68 178.14837
66 69 118.10982
66 70 118.5559
66 71 158.73294
66 72 152.27522
66 73 153.43335
66 74 134.47252
66 75 148.8576
66 76 170.58661
66 77 165.10232
66 78 144.58408
66 79 107.70616
66 80 130.62806
66 81 149.75584
66 82 144.7588
66 83 139.13966
66 84 133.70199
66 85 168.45783
66 86 119.0317
66 87 151.11819
66 88 157.34563
66 89 165.22442
66 90 169.04723
66 91 141.86602
66 92 148.93319
66 93 156.14717
66 94 169.72127
66 95 165.92957
66 96 185.93179
66 97 121.73516
66 98 132.17703
66 99 133.71829
67 68 185.98321
67 69 154.02165
67 70 121.38514
67 71 156.49375
67 72 130.36095
67 73 114.36037
67 74 115.20589
67 75 143.81126
67 76 181.09611
67 77 136.32706
67 78 153.00654
67 79 135.52774
67 80 161.27621
67 81 146.45567
67 82 151.0085
67 83 108.0521
67 84 134.98672
67 85 186.09496
67 86 121.87355
67 87 134.47852
67 88 172.20736
67 89 186.12881
67 90 187.64861
67 91 105.96776
67 92 169.72443
67 93 117.28641
67 94 136.26624
67 95 186.82636
67 96 158.40486
67 97 128.97613
67 98 167.94872
67 99 123.54951
68 69 168.15552
68 70 175.54786
68 71 131.06042
68 72 162.17424
68 73 191.87444
68 74 195.80733
68 75 142.77684
68 76 108.47573
68 77 171.00679
68 78 134.93698
68 79 171.61858
68 80 155.79804
68 81 139.95129
68 82 136.02764
68 83 178.41617
68 84 152.16575
68 85 121.63082
68 86 185.3825
68 87 217.75166
68 88 122.50174
68 89 129.01889
68 90 123.71501
68 91 182.14536
68 92 134.16156
68 93 191.45118
68 94 181.11582
68 95 128.976
68 96 173.11858
68 97 194.67885
68 98 166.30457
68 99 162.62304
69 70 132.65686
69 71 155.66517
69 72 159.12102
69 73 167.84528
69 74 151.94748
69 75 149.06787
69 76 159.94803
69 77 173.12976
69 78 138.89876
69 79 118.57989
69 80 114.1296
69 81 148.91622
69 82 140.22975
69 83 152.02528
69 84 135.86362
69 85 154.75268
69 86 136.38286
69 87 169.2265
69 88 145.91352
69 89 150.32196
69 90 154.89227
69 91 155.45576
69 92 135.47555
69 93 170.11592
69 94 179.60213
69 95 150.99094
69 96 191.84605
69 97 139.80185
69 98 114.30201
69 99 141.38079
70 71 150.28689
70 72 135.86743
70 73 135.42285
70 74 122.11108
70 75 138.3385
70 76 169.18193
70 77 147.6094
70 78 140.63858
70 79 114.14385
70 80 140.86066
70 81 140.13271
70 82 139.59493
70 83 120.58693
70 84 124.17883
70 85 171.03078
70 86 110.01817
70 87 143.22073
70 88 157.91708
70 89 169.68438
70 90 172.20667
70 91 123.44065
70 92 152.81459
70 93 137.93112
70 94 151.46778
70 95 170.40175
70 96 169.14908
70 97 120.16632
70 98 146.68313
70 99 118.43981
71 72 131.11391
71 73 161.09301
71 74 168.02276
71 75 112.73486
71 76 128.84737
71 77 140.73532
71 78 117.31417
71 79 151.15944
71 80 148.41933
71 81 110.3372
71 82 115.49097
71 83 148.61469
71 84 126.26171
71 85 140.18154
71 86 160.27099
71 87 189.80292
71 88 128.07605
71 89 144.41725
71 90 142.48392
71 91 152.09376
71 92 135.46931
71 93 160.51086
71 94 150.83579
71 95 144.88289
71 96 147.73322
71 97 170.42053
71 98 160.56378
71 99 134.15972
72 73 130.85908
72 74 144.82518
72 75 120.67194
72 76 159.4131
72 77 114.24572
72 78 136.26941
72 79 145.21975
72 80 159.31829
72 81 123.46862
72 82 133.43387
72 83 122.56713
72 84 124.35609
72 85 168.57209
72 86 143.72565
72 87 164.78823
72 88 154.85666
72 89 171.03608
72 90 170.63163
72 91 124.71135
72 92 157.36069
72 93 129.79228
72 94 122.65895
72 95 171.63677
72 96 133.65715
72 97 153.77883
72 98 169.89607
72 99 118.59297
73 74 126.05917
73 75 149.12847
73 76 188.0639
73 77 130.67775
73 78 161.40742
73 79 149.52314
73 80 174.08661
73 81 151.98142
73 82 159.01292
73 83 116.57064
73 84 144.20501
73 85 194.94423
73 86 136.07333
73 87 138.94502
73 88 180.9091
73 89 195.87726
73 90 196.71313
73 91 112.64989
73 92 180.09638
73 93 103.48259
73 94 126.8732
73 95 196.54996
73 96 151.03081
73 97 142.16795
73 98 181.53744
73 99 132.53626
74 75 155.3383
74 76 190.02662
74 77 151.53255
74 78 161.35667
74 79 133.98146
74 80 162.13938
74 81 157.70614
74 82 159.87521
74 83 122.31463
74 84 143.64369
74 85 192.87642
74 86 115.56803
74 87 121.95155
74 88 179.50673
74 89 191.75065
74 90 194.1323
74 91 121.15679
74 92 174.89682
74 93 129.51648
74 94 151.0277
74 95 192.46702
74 96 173.5874
74 97 117.11916
74 98 166.24527
74 99 133.86653
75 76 139.13489
75 77 132.88081
75 78 116.60775
75 79 141.15386
75 80 144.87033
75 81 102.87494
75 82 113.7116
75 83 135.9869
75 84 115.1999
75 85 147.91148
75 86 148.21245
75 87 177.08323
75 88 134.28107
75 89 150.60484
75 90 149.99032
75 91 139.55838
75 92 137.96197
75 93 148.84636
75 94 142.53501
75 95 151.18457
75 96 145.47137
75 97 158.49763
75 98 156.6568
75 99 121.5075
76 77 169.57727
76 78 128.67781
76 79 164.3011
76 80 147.40032
76 81 136.26004
76 82 130.24358
76 83 173.80054
76 84 146.53264
76 85 114.97339
76 86 178.85521
76 87 211.89826
76 88 114.11038
76 89 121.91179
76 90 117.31578
76 91 177.6675
76 92 125.68952
76 93 187.93608
76 94 179.68213
76 95 122.00331
76 96 174.27382
76 97 187.85454
76 98 157.83184
76 99 157.55716
77 78 149.29575
77 79 158.41339
77 80 173.55667
77 81 135.38851
77 82 146.40141
77 83 130.08406
77 84 138.59796
77 85 180.21797
77 86 154.07602
77 87 168.84671
77 88 166.94654
77 89 183.38342
77 90 182.40136
77 91 130.39307
77 92 170.63179
77 93 128.19893
77 94 110.12265
77 95 183.94506
77 96 122.21536
77 97 163.44943
77 98 184.1226
77 99 132.00347
78 79 137.49848
78 80 131.11309
78 81 114.56805
78 82 102.9016
78 83 146.11815
78 84 118.06442
78 85 133.53704
78 86 150.44639
78 87 183.22046
78 88 119.50169
78 89 135.00264
78 90 135.33538
78 91 150.12293
78 92 121.36955
78 93 161.80906
78 94 158.71342
78 95 135.6347
78 96 161.56608
78 97 159.80101
78 98 143.25548
78 99 129.54079
79 80 128.29105
79 81 142.0777
79 82 137.47639
79 83 134.16778
79 84 125.99598
79 85 163.32014
79 86 118.65542
79 87 152.94456
79 88 151.48192
79 89 160.72865
79 90 164.11343
79 91 137.34392
79 92 144.04016
79 93 151.94522
79 94 163.62314
79 95 161.44428
79 96 178.84646
79 97 124.76004
79 98 132.75124
79 99 126.62977
80 81 143.91098
80 82 133.22602
80 83 157.5918
80 84 134.96307
80 85 140.91158
80 86 146.94357
80 87 181.07967
80 88 133.29971
80 89 136.22769
80 90 140.92443
80 91 161.43687
80 92 122.06781
80 93 175.85322
80 94 181.34149
80 95 136.89067
80 96 189.93286
80 97 152.14424
80 98 112.14506
80 99 143.81857
81 82 111.72881
81 83 138.68321
81 84 116.41781
81 85 145.16328
81 86 150.07956
81 87 179.51635
81 88 131.61974
81 89 148.00744
81 90 147.26448
81 91 142.30102
81 92 135.78523
81 93 151.71697
81 94 145.1404
81 95 148.57652
81 96 147.06379
81 97 160.29507
81 98 155.84005
81 99 123.8396
82 83 143.95214
82 84 116.29172
82 85 135.99615
82 86 149.50888
82 87 181.79485
82 88 121.97841
82 89 137.72447
82 90 137.86008
82 91 147.92029
82 92 124.27115
82 93 159.32451
82 94 155.84069
82 95 138.34676
82 96 158.77398
82 97 159.0822
82 98 145.33776
82 99 127.47002
83 84 128.34872
83 85 179.50416
83 86 124.60527
83 87 142.46807
83 88 165.51916
83 89 179.98097
83 90 181.15926
83 91 104.08781
83 92 163.90921
83 93 118.29124
83 94 131.81941
83 95 180.66628
83 96 152.2984
83 97 133.46419
83 98 165.41279
83 99 116.62536
84 85 151.1863
84 86 134.19671
84 87 165.58595
84 88 137.24305
84 89 151.70118
84 90 152.8158
84 91 132.41055
84 92 135.97832
84 93 145.0041
84 94 146.53806
84 95 152.37971
84 96 156.0572
84 97 144.22354
84 98 145.67868
84 99 111.74043
85 86 179.99346
85 87 214.24737
85 88 114.03564
85 89 107.46822
85 90 102.41487
85 91 183.54347
85 92 119.56661
85 93 195.31722
85 94 190.15295
85 95 107.36025
85 96 187.38846
85 97 187.92153
85 98 149.32521
85 99 162.87952
86 87 134.62308
86 88 167.20385
86 89 178.16677
86 90 181.03942
86 91 126.08232
86 92 161.29311
86 93 139.1345
86 94 156.42119
86 95 178.88586
86 96 176.11874
86 97 110.39229
86 98 150.6786
86 99 127.65543
87 88 201.09254
87 89 212.70667
87 90 215.39755
87 91 140.09235
87 92 195.82128
87 93 142.12611
87 94 165.81237
87 95 213.42557
87 96 189.91283
87 97 129.4989
87 98 183.14821
87 99 155.69929
88 89 116.50728
88 90 115.88871
88 91 169.54845
88 92 111.90114
88 93 181.28829
88 94 176.75712
88 95 117.03575
88 96 175.80872
88 97 175.65294
88 98 143.9307
88 99 148.90065
89 90 105.88701
89 91 184.06067
89 92 116.88609
89 93 196.51649
89 94 193.13528
89 95 100.71909
89 96 192.0874
89 97 185.48497
89 98 143.48523
89 99 163.43171
90 91 185.21102
90 92 120.12599
90 93 197.14419
90 94 192.31178
90 95 105.59505
90 96 189.75832
90 97 188.78815
90 98 148.85633
90 99 164.53583
91 92 167.9969
91 93 114.66164
91 94 130.79634
91 95 184.74528
91 96 152.5126
91 97 134.13024
91 98 169.00978
91 99 120.67639
92 93 180.97931
92 94 179.93804
92 95 117.60484
92 96 182.3559
92 97 168.76098
92 98 132.14302
92 99 147.56181
93 94 123.71971
93 95 197.17975
93 96 148.02612
93 97 145.50342
93 98 183.65121
93 99 133.494
94 95 193.71032
94 96 124.4547
94 97 164.91728
94 98 191.37993
94 99 138.2571
95 96 192.52995
95 97 186.201
95 98 144.06092
95 99 164.1121
96 97 185.62274
96 98 201.3506
96 99 152.23935
97 98 153.65188
97 99 138.04687
98 99 153.25738
