50 5
0 1 153.32939
0 2 160.38877
0 3 171.37427
0 4 120.52897
0 5 124.54998
0 6 165.96443
0 7 173.05352
0 8 183.85947
0 9 126.10553
0 10 181.58478
0 11 161.9557
0 12 152.81704
0 13 152.14743
0 14 166.45958
0 15 127.89549
0 16 169.51286
0 17 130.84296
0 18 130.73398
0 19 165.48159
0 20 120.17614
0 21 137.49647
0 22 169.72879
0 23 140.58368
0 24 137.77801
0 25 176.90028
0 26 150.79039
0 27 122.69651
0 28 160.12043
0 29 140.84583
0 30 155.5449
0 31 157.27183
0 32 142.65295
0 33 174.69553
0 34 134.49055
0 35 159.90995
0 36 140.56767
0 37 174.79893
0 38 193.00841
0 39 179.16917
0 40 130.28038
0 41 146.61071
0 42 154.98135
0 43 127.55636
0 44 158.23754
0 45 153.28711
0 46 114.08375
0 47 168.40949
0 48 174.68316
0 49 164.8645
1 2 145.74837
1 3 118.48237
1 4 171.03195
1 5 157.86987
1 6 117.79193
1 7 140.57
1 8 146.48086
1 9 171.15794
1 10 130.71979
1 11 189.87274
1 12 122.04748
1 13 148.95645
1 14 174.76901
1 15 175.87834
1 16 166.05575
1 17 165.4248
1 18 142.36027
1 19 135.16858
1 20 134.2191
1 21 139.67317
1 22 121.45362
1 23 167.0284
1 24 132.11109
1 25 135.64139
1 26 124.17753
1 27 136.08736
1 28 150.96927
1 29 154.7244
1 30 126.51903
1 31 127.51777
1 32 111.37289
1 33 133.04451
1 34 148.37029
1 35 129.50197
1 36 144.66636
1 37 135.63939
1 38 151.60544
1 39 154.66952
1 40 175.51161
1 41 128.98253
1 42 138.56271
1 43 142.28114
1 44 140.26019
1 45 120.10822
1 46 167.16162
1 47 144.80612
1 48 161.48541
1 49 188.45864
2 3 157.23018
2 4 180.61892
2 5 144.82288
2 6 138.17197
2 7 186.26479
2 8 131.15577
2 9 159.97591
2 10 148.75387
2 11 156.74239
2 12 123.72796
2 13 111.61145
2 14 132.75384
2 15 188.26146
2 16 120.73584
2 17 147.76305
2 18 129.9512
2 19 116.67694
2 20 144.60334
2 21 173.77383
2 22 165.52198
2 23 141.4012
2 24 167.45737
2 25 131.63735
2 26 121.68858
2 27 160.23036
2 28 106.3603
2 29 127.6273
2 30 170.71066
2 31 172.04785
2 32 147.63903
2 33 178.33948
2 34 178.9195
2 35 174.40496
2 36 120.94861
2 37 181.21189
2 38 141.60481
2 39 119.22751
2 40 162.68162
2 41 169.43319
2 42 107.56191
2 43 133.01788
2 44 105.52559
2 45 125.74291
2 46 172.40689
2 47 110.50614
2 48 116.73269
2 49 152.57822
3 4 188.21909
3 5 176.1128
3 6 119.6637
3 7 136.54525
3 8 147.0498
3 9 189.6156
3 10 121.44942
3 11 206.56069
3 12 134.7478
3 13 163.09296
3 14 188.75359
3 15 192.43775
3 16 177.95461
3 17 183.51918
3 18 160.00817
3 19 142.82044
3 20 152.64009
3 21 151.65902
3 22 111.56932
3 23 184.37315
3 24 144.57064
3 25 136.03292
3 26 137.7102
3 27 152.4569
3 28 163.21736
3 29 171.34221
3 30 130.9522
3 31 130.88274
3 32 128.73732
3 33 124.73517
3 34 161.14329
3 35 131.32824
3 36 160.94801
3 37 128.48622
3 38 148.38942
3 39 160.732
3 40 193.9539
3 41 138.14507
3 42 151.0453
3 43 160.2413
3 44 151.79771
3 45 132.64369
3 46 185.00685
3 47 153.11083
3 48 170.95392
3 49 204.54963
4 5 140.51278
4 6 185.18611
4 7 182.77777
4 8 204.31977
4 9 133.79252
4 10 200.54974
4 11 172.60444
4 12 173.04121
4 13 171.81056
4 14 183.09799
4 15 108.18012
4 16 188.18731
4 17 144.16171
4 18 150.72758
4 19 185.98644
4 20 140.03838
4 21 144.70658
4 22 184.70799
4 23 155.11998
4 24 148.22523
4 25 197.10248
4 26 171.14306
4 27 135.97392
4 28 179.9485
4 29 158.9928
4 30 167.206
4 31 168.75399
4 32 159.79881
4 33 187.15716
4 34 137.53891
4 35 171.04053
4 36 160.33535
4 37 186.4581
4 38 213.35173
4 39 199.54301
4 40 136.18685
4 41 157.41619
4 42 175.42658
4 43 147.61393
4 44 178.67171
4 45 173.38268
4 46 109.44495
4 47 188.87163
4 48 194.35368
4 49 176.99251
5 6 164.46703
5 7 188.20009
5 8 173.62984
5 9 115.58443
5 10 179.89425
5 11 138.64914
5 12 147.44488
5 13 134.11936
5 14 142.68268
5 15 148.6898
5 16 148.23346
5 17 108.09585
5 18 117.78067
5 19 155.3736
5 20 126.84048
5 21 157.70541
5 22 178.17442
5 23 116.07794
5 24 155.46242
5 25 169.62141
5 26 144.48588
5 27 140.86197
5 28 142.373
5 29 119.14143
5 30 169.86971
5 31 171.64185
5 32 150.15801
5 33 186.54684
5 34 157.14359
5 35 174.44892
5 36 124.06652
5 37 187.6634
5 38 183.8027
5 39 163.95508
5 40 119.1188
5 41 162.80062
5 42 141.91043
5 43 116.35887
5 44 144.74673
5 45 148.81509
5 46 131.17958
5 47 154.68717
5 48 155.87789
5 49 140.75214
6 7 153.73576
6 8 129.61972
6 9 179.30777
6 10 115.76029
6 11 190.54494
6 12 117.92401
6 13 145.31332
6 14 170.41629
6 15 190.82971
6 16 158.77172
6 17 171.02121
6 18 146.99324
6 19 123.17584
6 20 145.82103
6 21 157.38564
6 22 129.76723
6 23 169.82837
6 24 149.82339
6 25 118.44724
6 26 121.12504
6 27 152.06348
6 28 144.35023
6 29 155.8884
6 30 142.91188
6 31 143.57607
6 32 128.00913
6 33 143.29419
6 34 165.88361
6 35 145.05431
6 36 145.40649
6 37 146.75703
6 38 133.88081
6 39 141.27641
6 40 183.33718
6 41 146.62007
6 42 132.62678
6 43 148.10916
6 44 132.89429
6 45 116.11084
6 46 180.04817
6 47 133.45824
6 48 151.32676
6 49 187.79638
7 8 182.94221
7 9 197.55433
7 10 157.82822
7 11 224.88544
7 12 162.60877
7 13 188.4834
7 14 213.90254
7 15 183.80061
7 16 206.3547
7 17 196.29535
7 18 177.01438
7 19 175.14032
7 20 161.36207
7 21 138.09259
7 22 124.97723
7 23 201.06997
7 24 135.41923
7 25 171.73951
7 26 164.60236
7 27 150.36392
7 28 191.29914
7 29 191.14907
7 30 118.33515
7 31 116.56834
7 32 140.84689
7 33 112.92876
7 34 146.30442
7 35 113.75828
7 36 182.18233
7 37 109.15256
7 38 184.92242
7 39 194.38168
7 40 202.027
7 41 126.44325
7 42 178.97411
7 43 175.72589
7 44 180.79892
7 45 160.67804
7 46 183.5795
7 47 185.10021
7 48 202.03899
7 49 224.74716
8 9 189.18578
8 10 128.66962
8 11 187.32384
8 12 131.92281
8 13 142.65547
8 14 160.86327
8 15 211.15321
8 16 145.77502
8 17 177.80731
8 18 156.59165
8 19 118.56743
8 20 164.64727
8 21 184.68806
8 22 158.29522
8 23 172.38205
8 24 177.262
8 25 111.2247
8 26 133.33244
8 27 175.97779
8 28 136.57604
8 29 158.2599
8 30 172.44179
8 31 173.16066
8 32 154.75684
8 33 171.737
8 34 192.31085
8 35 174.67328
8 36 149.82281
8 37 175.41344
8 38 110.45874
8 39 119.22321
8 40 192.35515
8 41 175.39197
8 42 131.82111
8 43 159.08105
8 44 129.27786
8 45 132.18856
8 46 197.33828
8 47 120.75836
8 48 134.13709
8 49 182.59072
9 10 194.89346
9 11 138.82153
9 12 162.68196
9 13 148.89933
9 14 152.33468
9 15 141.56655
9 16 160.84844
9 17 113.18677
9 18 133.22056
9 19 170.95692
9 20 137.76305
9 21 163.43385
9 22 190.48026
9 23 123.70009
9 24 162.9459
9 25 185.1651
9 26 159.79894
9 27 147.68304
9 28 157.01314
9 29 133.07265
9 30 179.48868
9 31 181.25972
9 32 162.28214
9 33 197.54747
9 34 160.5116
9 35 184.01079
9 36 139.48521
9 37 198.20035
9 38 199.37878
9 39 178.94292
9 40 104.49849
9 41 171.30001
9 42 157.42321
9 43 131.44257
9 44 160.20111
9 45 163.94731
9 46 124.74353
9 47 170.0283
9 48 169.8009
9 49 143.29313
10 11 203.89382
10 12 132.63616
10 13 157.78211
10 14 181.4983
10 15 205.93991
10 16 168.24999
10 17 186.20402
10 18 162.26087
10 19 132.14542
10 20 161.48605
10 21 169.74297
10 22 132.94024
10 23 184.2645
10 24 162.25931
10 25 119.34613
10 26 135.75407
10 27 166.57744
10 28 155.11372
10 29 170.03187
10 30 151.54545
10 31 151.72235
10 32 141.94066
10 33 145.55226
10 34 178.78297
10 35 152.46563
10 36 159.70569
10 37 149.41658
10 38 127.63385
10 39 145.76121
10 40 198.86445
10 41 157.41681
10 42 144.774
10 43 163.56585
10 44 144.13783
10 45 131.11278
10 46 195.66324
10 47 141.32959
10 48 158.73282
10 49 200.56246
11 12 172.74132
11 13 146.27892
11 14 129.01802
11 15 180.28665
11 16 144.164
11 17 131.24075
11 18 148.14125
11 19 172.92821
11 20 164.26173
11 21 196.31036
11 22 211.26739
11 23 123.86622
11 24 193.70267
11 25 188.23364
11 26 169.56611
11 27 179.42005
11 28 150.84609
11 29 135.23635
11 30 206.64847
11 31 208.38521
11 32 184.81464
11 33 221.47451
11 34 195.66452
11 35 211.18481
11 36 145.61999
11 37 223.1532
11 38 197.58809
11 39 170.74133
11 40 136.71833
11 41 200.48495
11 42 159.22077
11 43 149.17742
11 44 160.33232
11 45 174.70948
11 46 163.53693
11 47 166.6888
11 48 156.58923
11 49 107.00699
12 13 128.34559
12 14 154.06478
12 15 179.58562
12 16 144.21504
12 17 153.57973
12 18 129.71033
12 19 115.35075
12 20 133.05165
12 21 154.49484
12 22 142.05632
12 23 151.92907
12 24 147.41705
12 25 124.08365
12 26 103.20107
12 27 144.23765
12 28 129.15958
12 29 137.96711
12 30 147.62573
12 31 148.85303
12 32 125.61334
12 33 154.66875
12 34 161.32003
12 35 151.08446
12 36 127.48249
12 37 157.49431
12 38 140.3727
12 39 134.30162
12 40 166.51764
12 41 147.61742
12 42 116.73042
12 43 131.23951
12 44 118.22317
12 45 102.11512
12 46 166.66604
12 47 123.57478
12 48 139.52587
12 49 170.22019
13 14 125.85349
13 15 179.69852
13 16 119.36618
13 17 136.40193
13 18 121.5005
13 19 126.73038
13 20 139.05394
13 21 170.88551
13 22 169.96348
13 23 129.79377
13 24 165.3321
13 25 142.10352
13 26 125.44633
13 27 155.81731
13 28 108.28729
13 29 116.12557
13 30 171.68269
13 31 173.19031
13 32 148.11157
13 33 181.99746
13 34 174.77295
13 35 175.7571
13 36 111.58683
13 37 184.48472
13 38 153.11407
13 39 130.06555
13 40 151.39892
13 41 168.80712
13 42 113.00811
13 43 124.69667
13 44 114.12282
13 45 130.45248
13 46 163.16675
13 47 122.11194
13 48 122.55862
13 49 142.78658
14 15 191.2767
14 16 115.58266
14 17 139.62359
14 18 140.30961
14 19 149.37039
14 20 159.54317
14 21 192.93269
14 22 195.81675
14 23 128.67068
14 24 188.28078
14 25 163.84351
14 26 151.24737
14 27 176.64171
14 28 126.39485
14 29 126.33944
14 30 196.6794
14 31 198.255
14 32 173.19098
14 33 207.79246
14 34 195.20441
14 35 200.89729
14 36 132.37709
14 37 210.21123
14 38 170.72227
14 39 142.94308
14 40 152.70329
14 41 192.8904
14 42 137.82621
14 43 142.93996
14 44 137.6516
14 45 156.1793
14 46 173.69172
14 47 141.14083
14 48 128.12234
14 49 122.91455
15 16 196.2802
15 17 152.27343
15 18 158.47263
15 19 192.96928
15 20 146.55046
15 21 145.8929
15 22 188.03363
15 23 163.2554
15 24 150.48945
15 25 203.549
15 26 177.85521
15 27 140.00591
15 28 187.78895
15 29 167.11012
15 30 169.34576
15 31 170.78361
15 32 164.52501
15 33 189.29838
15 34 137.60588
15 35 172.87275
15 36 168.17753
15 37 188.25525
15 38 219.95802
15 39 207.06348
15 40 143.66462
15 41 159.46786
15 42 182.85983
15 43 155.32635
15 44 186.12015
15 45 179.78988
15 46 117.60104
15 47 196.27309
15 48 202.25546
15 49 184.84939
16 17 147.66169
16 18 139.76597
16 19 136.32004
16 20 158.17895
16 21 190.25142
16 22 186.18954
16 23 137.84746
16 24 184.64891
16 25 149.80092
16 26 141.87958
16 27 175.08557
16 28 115.0866
16 29 129.23188
16 30 190.15382
16 31 191.5886
16 32 166.68037
16 33 198.88077
16 34 194.03754
16 35 194.06328
16 36 130.03766
16 37 201.65855
16 38 155.41069
16 39 127.44272
16 40 162.2041
16 41 187.84437
16 42 127.51196
16 43 142.88103
16 44 126.22107
16 45 146.27999
16 46 179.09035
16 47 127.01837
16 48 112.54405
16 49 138.37816
17 18 124.03559
17 19 159.99543
17 20 134.93456
17 21 165.46459
17 22 185.96559
17 23 111.04991
17 24 163.44273
17 25 174.75266
17 26 150.50504
17 27 148.7036
17 28 144.34235
17 29 120.32561
17 30 177.9644
17 31 179.73626
17 32 158.0592
17 33 194.54871
17 34 164.44614
17 35 182.54358
17 36 128.06191
17 37 195.70898
17 38 188.15018
17 39 166.44589
17 40 115.03641
17 41 170.86977
17 42 146.01267
17 43 123.31107
17 44 148.56013
17 45 155.1062
17 46 134.72459
17 47 158.04883
17 48 156.75791
17 49 134.05954
18 19 138.11234
18 20 119.24086
18 21 152.64762
18 22 163.50527
18 23 124.74564
18 24 148.28463
18 25 151.97619
18 26 126.71889
18 27 136.36562
18 28 129.38841
18 29 114.59549
18 30 158.94025
18 31 160.64185
18 32 136.67548
18 33 173.34638
18 34 155.08096
18 35 163.41592
18 36 109.93201
18 37 175.01645
18 38 166.57498
18 39 149.05098
18 40 136.89654
18 41 153.72351
18 42 125.46283
18 43 103.19647
18 44 128.57477
18 45 131.14857
18 46 142.45874
18 47 138.80702
18 48 143.97591
18 49 147.73456
19 20 146.64844
19 21 169.83831
19 22 152.38318
19 23 155.55622
19 24 162.72358
19 25 115.38546
19 26 115.77748
19 27 159.26044
19 28 123.02012
19 29 141.16347
19 30 161.59801
19 31 162.66347
19 32 140.67048
19 33 165.74142
19 34 176.62929
19 35 164.66864
19 36 131.94144
19 37 168.98096
19 38 128.46894
19 39 119.5196
19 40 174.27517
19 41 162.50889
19 42 114.27886
19 43 140.54133
19 44 112.61114
19 45 116.42389
19 46 178.84614
19 47 110.29403
19 48 128.15385
19 49 169.06535
20 21 133.5032
20 22 152.7424
20 23 140.438
20 24 129.68987
20 25 157.07895
20 26 131.32161
20 27 117.13829
20 28 145.97252
20 29 133.53602
20 30 143.03001
20 31 144.80171
20 32 124.58562
20 33 160.06246
20 34 135.96773
20 35 147.60915
20 36 128.24636
20 37 160.98866
20 38 173.41674
20 39 162.22584
20 40 142.23352
20 41 136.24322
20 42 138.08338
20 43 116.68606
20 44 141.32891
20 45 133.34528
20 46 134.25096
20 47 151.05609
20 48 160.49731
20 49 165.04649
21 22 144.53507
21 23 172.90825
21 24 107.56356
21 25 174.47686
21 26 154.60148
21 27 116.92402
21 28 176.67738
21 29 167.03844
21 30 123.96813
21 31 125.23343
21 32 129.95039
21 33 143.66953
21 34 109.61012
21 35 127.11388
21 36 161.03549
21 37 142.41297
21 38 190.89828
21 39 188.49491
21 40 167.71161
21 41 114.30394
21 42 166.37677
21 43 150.18737
21 44 169.27499
21 45 153.49676
21 46 146.14595
21 47 177.36975
21 48 190.45853
21 49 197.82432
22 23 188.24305
22 24 138.15772
22 25 147.16457
22 26 144.6633
22 27 148.79458
22 28 171.18475
22 29 176.16097
22 30 121.62895
22 31 121.11428
22 32 128.20691
22 33 113.54184
22 34 154.14442
22 35 120.93924
22 36 166.11852
22 37 117.12562
22 38 159.94856
22 39 171.01591
22 40 194.93313
22 41 130.32547
22 42 158.77616
22 43 163.16274
22 44 160.00195
22 45 139.96183
22 46 182.68898
22 47 162.62707
22 48 180.21863
22 49 209.912
23 24 169.9861
23 25 170.81418
23 26 148.73543
23 27 155.98425
23 28 136.96468
23 29 114.42926
23 30 182.80968
23 31 184.55103
23 32 161.25292
23 33 197.98675
23 34 172.95346
23 35 187.35358
23 36 124.55894
23 37 199.54089
23 38 182.83659
23 39 159.09025
23 40 124.47429
23 41 176.6351
23 42 141.27744
23 43 125.45783
23 44 143.31249
23 45 153.72124
23 46 145.67533
23 47 151.90514
23 48 147.95236
23 49 124.94655
24 25 166.97749
24 26 147.70482
24 27 115.26751
24 28 170.70093
24 29 162.85513
24 30 118.98442
24 31 120.53198
24 32 122.50555
24 33 138.95352
24 34 116.63432
24 35 122.88138
24 36 156.04162
24 37 138.26487
24 38 183.36545
24 39 181.58284
24 40 167.35571
24 41 109.22344
24 42 159.97787
24 43 146.10381
24 44 162.77747
24 45 146.32623
24 46 148.25343
24 47 170.54072
24 48 184.1859
24 49 194.712
25 26 126.26519
25 27 166.87893
25 28 137.84203
25 29 156.39293
25 30 161.33962
25 31 162.02147
25 32 144.54889
25 33 160.64582
25 34 182.43747
25 35 163.49255
25 36 146.84266
25 37 164.28998
25 38 116.70501
25 39 126.42369
25 40 188.69054
25 41 164.62138
25 42 129.5889
25 43 154.05826
25 44 127.98079
25 45 123.75913
25 46 190.7274
25 47 122.81601
25 48 139.63134
25 49 184.21281
26 27 143.49005
26 28 126.793
26 29 134.7665
26 30 149.1268
26 31 150.42574
26 32 126.48654
26 33 157.06578
26 34 161.0416
26 35 152.74679
26 36 124.28145
26 37 159.7868
26 38 142.22053
26 39 133.89664
26 40 163.58399
26 41 148.51112
26 42 114.38968
26 43 128.37072
26 44 116.28883
26 45 105.15499
26 46 164.52075
26 47 122.8471
26 48 137.91245
26 49 167.09693
27 28 162.31046
27 29 150.50927
27 30 132.92933
27 31 134.63748
27 32 124.71968
27 33 152.3802
27 34 118.95599
27 35 137.24414
27 36 145.30097
27 37 152.26867
27 38 183.58318
27 39 176.64006
27 40 152.0888
27 41 123.92126
27 42 153.19208
27 43 133.7136
27 44 156.31258
27 45 143.79646
27 46 134.25315
27 47 165.36096
27 48 176.5983
27 49 180.90208
28 29 124.0198
28 30 175.26276
28 31 176.66762
28 32 151.89035
28 33 183.81099
28 34 181.20174
28 35 179.10849
28 36 119.61484
28 37 186.57425
28 38 146.94529
28 39 122.18925
28 40 159.37466
28 41 173.34499
28 42 112.43559
28 43 132.57405
28 44 111.46165
28 45 131.23678
28 46 171.37794
28 47 115.85475
28 48 114.65195
28 49 146.45959
29 30 173.23018
29 31 174.90663
29 32 150.45863
29 33 186.77614
29 34 168.92355
29 35 177.65728
29 36 110.50437
29 37 188.67957
29 38 168.6931
29 39 146.12812
29 40 135.35517
29 41 168.28264
29 42 126.89104
29 43 116.85124
29 44 129.04584
29 45 139.84716
29 46 149.86124
29 47 138.04768
29 48 136.87544
29 49 133.85755
30 31 101.77748
30 32 123.57178
30 33 119.97775
30 34 133.41369
30 35 104.57922
30 36 164.60141
30 37 119.39446
30 38 176.40904
30 39 181.11717
30 40 183.9755
30 41 109.87827
30 42 163.22277
30 43 157.53486
30 44 165.39672
30 45 145.90499
30 46 166.91089
30 47 170.99218
30 48 187.03261
30 49 206.65883
31 32 125.09673
31 33 118.51558
31 34 134.59053
31 35 102.81021
31 36 166.22128
31 37 117.75794
31 38 176.91074
31 39 182.17609
31 40 185.74592
31 41 111.35003
31 42 164.5792
31 43 159.25946
31 44 166.70857
31 45 147.09914
31 46 168.56516
31 47 172.14328
31 48 188.3119
31 49 208.36724
32 33 136.74258
32 34 138.00285
32 35 127.71033
32 36 141.33559
32 37 138.34136
32 38 161.04858
32 39 159.90119
32 40 166.73006
32 41 122.03643
32 42 140.08796
32 43 135.82038
32 44 142.4907
32 45 124.26869
32 46 156.27786
32 47 149.14945
32 48 164.20638
32 49 184.22977
33 34 152.87425
33 35 116.58413
33 36 177.12044
33 37 103.90303
33 38 172.96223
33 39 184.51226
33 40 202.04483
33 41 129.84209
33 42 171.37549
33 43 172.56285
33 44 172.81485
33 45 152.61617
33 46 186.58243
33 47 175.94087
33 48 193.39954
33 49 220.63289
34 35 136.29167
34 36 164.20315
34 37 151.37752
34 38 199.01535
34 39 194.72129
34 40 164.54824
34 41 123.88011
34 42 171.74175
34 43 152.29824
34 44 174.79241
34 45 160.54451
34 46 140.53621
34 47 183.47756
34 48 195.40259
34 49 197.8483
35 36 168.91575
35 37 115.4235
35 38 178.10389
35 39 184.15984
35 40 188.49462
35 41 113.65795
35 42 166.96381
35 43 162.05159
35 44 169.03562
35 45 149.28989
35 46 171.0512
35 47 174.25707
35 48 190.58864
35 49 211.14558
36 37 179.19944
36 38 160.12231
36 39 140.17412
36 40 142.53937
36 41 160.51871
36 42 118.00189
36 43 113.12426
36 44 120.71622
36 45 129.34808
36 46 151.81834
36 47 130.62439
36 48 134.11797
36 49 143.80994
37 38 176.78555
37 39 187.89017
37 40 202.69828
37 41 129.04968
37 42 174.14799
37 43 174.0842
37 44 175.69406
37 45 155.469
37 46 186.30526
37 47 179.13302
37 48 196.47709
37 49 222.5101
38 39 128.15279
38 40 202.61983
38 41 180.50075
38 42 142.13793
38 43 168.95586
38 44 139.67882
38 45 140.26164
38 46 206.6796
38 47 131.17574
38 48 143.35496
38 49 192.72441
39 40 181.45803
39 41 181.85915
39 42 124.28059
39 43 152.05646
39 44 121.00722
39 45 135.66625
39 46 191.49234
39 47 111.27951
39 48 115.20602
39 49 165.41941
40 41 175.75256
40 42 160.53845
40 43 135.31311
40 44 163.21774
40 45 167.84198
40 46 127.53324
40 47 172.88279
40 48 171.69667
40 49 141.71841
41 42 161.87152
41 43 151.90746
41 44 164.39535
41 45 146.19294
41 46 157.43461
41 47 171.1761
41 48 186.08899
41 49 201.03046
42 43 128.27933
42 44 103.27337
42 45 118.81576
42 46 167.5966
42 47 113.455
42 48 124.26056
42 49 155.7922
43 44 131.43955
43 45 132.53018
43 46 139.43658
43 47 141.68657
43 48 147.16887
43 49 149.19499
44 45 120.22612
44 46 170.80247
44 47 110.24824
44 48 121.71598
44 49 156.57856
45 46 167.21608
45 47 125.13619
45 48 141.39199
45 49 172.25025
46 47 181.04576
46 48 185.64388
46 49 167.74461
47 48 117.90982
47 49 162.16858
48 49 150.90519
