100 20
0 1 168.99261
0 2 147.6253
0 3 162.89545
0 4 104.65397
0 5 127.16908
0 6 196.22967
0 7 109.16732
0 8 193.90546
0 9 177.88724
0 10 147.34333
0 11 195.55458
0 12 160.50116
0 13 108.92825
0 14 158.16017
0 15 175.37511
0 16 176.29573
0 17 178.65751
0 18 143.34305
0 19 145.88011
0 20 166.25735
0 21 179.64735
0 22 122.7304
0 23 111.39158
0 24 100.98866
0 25 116.30573
0 26 105.80922
0 27 149.81656
0 28 164.59433
0 29 184.85845
0 30 199.33173
0 31 113.0639
0 32 145.86593
0 33 158.81234
0 34 164.1836
0 35 147.01736
0 36 169.41263
0 37 147.25012
0 38 145.33612
0 39 186.39923
0 40 185.56587
0 41 183.54553
0 42 134.6497
0 43 143.79238
0 44 146.31141
0 45 102.66907
0 46 170.9572
0 47 143.13374
0 48 137.04869
0 49 158.38521
0 50 149.41765
0 51 111.92097
0 52 152.14538
0 53 157.69495
0 54 195.01576
0 55 110.49847
0 56 113.66854
0 57 170.36965
0 58 171.75409
0 59 147.57537
0 60 139.12273
0 61 189.12783
0 62 191.68648
0 63 193.04651
0 64 167.42849
0 65 179.92198
0 66 117.54575
0 67 139.88288
0 68 196.85577
0 69 102.83958
0 70 149.48394
0 71 185.07048
0 72 175.27616
0 73 150.69962
0 74 150.18634
0 75 191.79473
0 76 175.79002
0 77 147.42694
0 78 189.16644
0 79 132.53358
0 80 171.34981
0 81 178.17197
0 82 101.88781
0 83 183.32751
0 84 132.23258
0 85 134.60913
0 86 177.53208
0 87 122.04776
0 88 156.29798
0 89 104.24029
0 90 195.96443
0 91 166.29761
0 92 128.26279
0 93 111.60212
0 94 146.16753
0 95 145.13116
0 96 186.56919
0 97 128.36725
0 98 176.56789
0 99 192.0684
1 2 156.78466
1 3 130.85501
1 4 135.09832
1 5 102.94449
1 6 119.0098
1 7 153.56396
1 8 179.77634
1 9 120.14007
1 10 127.89074
1 11 111.56853
1 12 132.1188
1 13 125.15627
1 14 142.12849
1 15 141.90779
1 16 148.76537
1 17 143.75559
1 18 142.993
1 19 139.92539
1 20 148.91529
1 21 104.98219
1 22 197.13318
1 23 167.3262
1 24 162.57801
1 25 114.63562
1 26 152.75265
1 27 177.6415
1 28 114.97043
1 29 158.2233
1 30 147.3568
1 31 160.303
1 32 116.9961
1 33 152.67953
1 34 103.31751
1 35 180.26645
1 36 133.42466
1 37 196.80693
1 38 159.30199
1 39 159.62347
1 40 166.66303
1 41 108.22355
1 42 163.07494
1 43 149.66536
1 44 195.38865
1 45 190.37653
1 46 174.48187
1 47 185.44159
1 48 117.59081
1 49 115.04474
1 50 156.30767
1 51 195.61245
1 52 145.22809
1 53 143.2991
1 54 172.8731
1 55 170.92613
1 56 196.60131
1 57 134.0004
1 58 115.91307
1 59 138.30089
1 60 104.55068
1 61 156.80955
1 62 178.89528
1 63 102.1041
1 64 197.96364
1 65 117.00096
1 66 101.27993
1 67 164.23053
1 68 142.15073
1 69 156.91786
1 70 141.32931
1 71 195.25059
1 72 109.9366
1 73 148.76589
1 74 146.82609
1 75 197.57588
1 76 161.31441
1 77 149.60068
1 78 125.84621
1 79 162.48944
1 80 104.2319
1 81 160.68087
1 82 195.89863
1 83 196.71987
1 84 188.35687
1 85 180.74637
1 86 100.98682
1 87 111.81336
1 88 122.31563
1 89 162.19911
1 90 124.52417
1 91 150.29089
1 92 156.77799
1 93 105.3913
1 94 189.87693
1 95 151.57393
1 96 181.55042
1 97 142.7761
1 98 136.85769
1 99 170.00237
2 3 186.08863
2 4 198.78243
2 5 171.09507
2 6 181.24187
2 7 172.64436
2 8 125.60488
2 9 124.13457
2 10 132.33456
2 11 160.1952
2 12 150.84431
2 13 143.88674
2 14 128.42961
2 15 199.5315
2 16 109.62735
2 17 111.58899
2 18 144.93683
2 19 153.06744
2 20 120.28124
2 21 114.07449
2 22 118.33527
2 23 189.2881
2 24 154.32052
2 25 137.12365
2 26 139.89849
2 27 174.63254
2 28 172.12446
2 29 151.4443
2 30 147.1262
2 31 126.99866
2 32 163.89513
2 33 170.07081
2 34 171.16434
2 35 179.73266
2 36 169.82928
2 37 122.35267
2 38 162.81295
2 39 183.76323
2 40 131.42648
2 41 167.30447
2 42 134.94175
2 43 120.47621
2 44 160.23716
2 45 193.53211
2 46 107.90171
2 47 144.80617
2 48 171.16627
2 49 134.22008
2 50 110.82781
2 51 119.06697
2 52 146.36931
2 53 185.83093
2 54 130.8243
2 55 154.03395
2 56 189.32016
2 57 121.72545
2 58 129.98575
2 59 114.91801
2 60 157.09993
2 61 149.61595
2 62 116.29217
2 63 161.09791
2 64 181.4698
2 65 139.56294
2 66 146.56657
2 67 128.05018
2 68 105.44531
2 69 144.36614
2 70 190.53271
2 71 117.23854
2 72 123.45443
2 73 198.38136
2 74 124.24671
2 75 102.67908
2 76 118.93379
2 77 152.67089
2 78 165.51459
2 79 114.88331
2 80 151.36403
2 81 103.63036
2 82 134.8218
2 83 186.79571
2 84 101.23278
2 85 141.39124
2 86 197.2138
2 87 152.42703
2 88 183.53604
2 89 100.78961
2 90 113.2855
2 91 182.32024
2 92 175.64547
2 93 130.85739
2 94 187.86231
2 95 106.23181
2 96 132.38778
2 97 121.39508
2 98 132.59143
2 99 117.28734
3 4 169.93435
3 5 105.70212
3 6 120.90464
3 7 185.08371
3 8 140.47094
3 9 170.97607
3 10 184.31252
3 11 129.84761
3 12 117.23805
3 13 151.63308
3 14 161.12469
3 15 175.34296
3 16 122.87357
3 17 171.18146
3 18 100.83678
3 19 199.61145
3 20 106.25896
3 21 133.92522
3 22 153.29069
3 23 166.94543
3 24 123.06834
3 25 114.80787
3 26 150.43284
3 27 131.62355
3 28 178.5765
3 29 143.69704
3 30 186.35622
3 31 190.68186
3 32 127.63764
3 33 103.94327
3 34 162.5105
3 35 148.17237
3 36 195.95239
3 37 152.77781
3 38 113.15217
3 39 179.05327
3 40 159.86695
3 41 184.93234
3 42 184.42537
3 43 197.07476
3 44 170.0852
3 45 106.46857
3 46 199.88453
3 47 146.31728
3 48 130.42539
3 49 112.19317
3 50 166.24584
3 51 156.02168
3 52 182.92351
3 53 127.3594
3 54 155.9582
3 55 153.5442
3 56 140.44499
3 57 116.05932
3 58 191.64388
3 59 178.02818
3 60 122.93884
3 61 163.73863
3 62 153.19861
3 63 189.10258
3 64 126.25813
3 65 127.91742
3 66 131.70186
3 67 141.37933
3 68 125.23206
3 69 183.1636
3 70 172.16947
3 71 195.01071
3 72 187.49494
3 73 156.9819
3 74 135.42252
3 75 132.82883
3 76 182.42341
3 77 146.548
3 78 195.57278
3 79 117.34652
3 80 109.3832
3 81 116.76719
3 82 132.97266
3 83 193.1693
3 84 190.50637
3 85 103.67064
3 86 171.34867
3 87 182.23628
3 88 160.81073
3 89 138.31317
3 90 131.79648
3 91 197.1867
3 92 118.91235
3 93 128.28798
3 94 177.44646
3 95 130.62348
3 96 117.69198
3 97 191.48625
3 98 119.78628
3 99 141.63767
4 5 132.87363
4 6 183.25971
4 7 151.81035
4 8 122.23865
4 9 163.11149
4 10 192.09786
4 11 111.15072
4 12 130.72923
4 13 118.18525
4 14 161.9025
4 15 186.04074
4 16 179.14266
4 17 179.31003
4 18 128.42483
4 19 110.32156
4 20 134.49633
4 21 127.63354
4 22 155.22415
4 23 107.31291
4 24 109.78461
4 25 148.35283
4 26 115.10131
4 27 134.1913
4 28 169.15643
4 29 131.08053
4 30 162.45849
4 31 157.69701
4 32 195.11349
4 33 102.82295
4 34 106.04357
4 35 114.4572
4 36 102.75128
4 37 135.59122
4 38 183.34979
4 39 156.64035
4 40 179.38575
4 41 176.55665
4 42 197.35203
4 43 191.86059
4 44 140.01778
4 45 129.98316
4 46 104.67609
4 47 104.22944
4 48 125.40661
4 49 163.02942
4 50 179.00149
4 51 160.7583
4 52 166.3338
4 53 167.40353
4 54 104.52164
4 55 174.25377
4 56 131.45611
4 57 153.63177
4 58 115.58636
4 59 181.47728
4 60 150.29999
4 61 149.25777
4 62 174.27361
4 63 176.2853
4 64 153.04364
4 65 180.98647
4 66 144.94877
4 67 130.61686
4 68 185.42433
4 69 106.24738
4 70 127.39705
4 71 117.12002
4 72 127.6155
4 73 116.03894
4 74 128.14276
4 75 144.14952
4 76 188.19968
4 77 141.73415
4 78 165.4844
4 79 130.42081
4 80 101.61702
4 81 126.02899
4 82 137.3877
4 83 194.12827
4 84 160.63201
4 85 190.24319
4 86 121.9447
4 87 175.58253
4 88 106.51987
4 89 114.23455
4 90 105.28005
4 91 156.51873
4 92 167.98458
4 93 153.89934
4 94 102.23312
4 95 148.09956
4 96 194.2469
4 97 198.50958
4 98 180.39469
4 99 141.59665
5 6 172.35238
5 7 101.14883
5 8 160.53004
5 9 181.63986
5 10 177.36776
5 11 174.06885
5 12 172.11616
5 13 103.3322
5 14 180.61774
5 15 144.07403
5 16 185.98801
5 17 115.72543
5 18 188.99391
5 19 111.71612
5 20 199.51216
5 21 163.07128
5 22 143.38917
5 23 154.30513
5 24 137.19134
5 25 139.80617
5 26 141.64862
5 27 192.57185
5 28 141.68022
5 29 174.15848
5 30 186.27522
5 31 178.64654
5 32 192.98102
5 33 145.73583
5 34 103.15295
5 35 103.03147
5 36 196.1813
5 37 188.16331
5 38 169.51575
5 39 111.92431
5 40 119.90338
5 41 181.97545
5 42 178.56807
5 43 175.66159
5 44 136.53405
5 45 110.31473
5 46 129.34758
5 47 126.78076
5 48 105.86084
5 49 127.61648
5 50 174.69997
5 51 174.51054
5 52 142.39623
5 53 195.36644
5 54 107.59673
5 55 166.61234
5 56 109.68288
5 57 187.64104
5 58 190.18686
5 59 116.00318
5 60 136.81965
5 61 182.77606
5 62 141.50708
5 63 104.67608
5 64 184.4519
5 65 111.28288
5 66 174.29092
5 67 174.20539
5 68 113.31738
5 69 171.85916
5 70 181.08124
5 71 192.44213
5 72 103.72604
5 73 140.45587
5 74 127.76287
5 75 147.85478
5 76 198.74451
5 77 107.49449
5 78 145.0915
5 79 101.94889
5 80 106.46308
5 81 168.25912
5 82 135.07214
5 83 120.71384
5 84 139.41133
5 85 158.9627
5 86 124.71185
5 87 104.85471
5 88 198.106
5 89 157.47161
5 90 107.61676
5 91 177.7456
5 92 130.71791
5 93 199.07645
5 94 156.48323
5 95 145.12974
5 96 145.47524
5 97 147.01157
5 98 120.54679
5 99 158.1104
6 7 197.06553
6 8 139.1119
6 9 131.53455
6 10 194.96446
6 11 156.4233
6 12 157.7526
6 13 157.61891
6 14 126.24312
6 15 199.16361
6 16 137.57999
6 17 145.31936
6 18 108.89858
6 19 169.62573
6 20 156.02026
6 21 176.89989
6 22 130.6771
6 23 182.24115
6 24 120.33355
6 25 182.19499
6 26 120.24639
6 27 149.15866
6 28 118.71887
6 29 168.59402
6 30 176.4077
6 31 149.41329
6 32 198.2588
6 33 167.8828
6 34 152.33915
6 35 106.16136
6 36 160.83821
6 37 116.53612
6 38 160.0674
6 39 163.3864
6 40 186.39297
6 41 190.96532
6 42 112.35766
6 43 165.80037
6 44 152.61854
6 45 129.44572
6 46 135.09145
6 47 101.027
6 48 128.81069
6 49 190.15606
6 50 134.84859
6 51 172.09542
6 52 191.68035
6 53 110.43314
6 54 111.81568
6 55 169.99528
6 56 124.47524
6 57 185.66659
6 58 191.09747
6 59 180.48629
6 60 114.52278
6 61 153.9051
6 62 178.44605
6 63 133.47903
6 64 169.77068
6 65 192.0529
6 66 156.25516
6 67 108.84307
6 68 139.48995
6 69 133.20089
6 70 175.64258
6 71 112.68825
6 72 161.75143
6 73 161.91865
6 74 155.69185
6 75 160.81322
6 76 176.33352
6 77 140.60766
6 78 130.97158
6 79 159.16123
6 80 127.72868
6 81 101.58597
6 82 190.96808
6 83 193.1263
6 84 104.37557
6 85 153.35145
6 86 168.77853
6 87 152.47884
6 88 140.02875
6 89 169.03585
6 90 181.303
6 91 127.04122
6 92 196.09504
6 93 133.46871
6 94 177.57884
6 95 172.69921
6 96 162.53781
6 97 116.50043
6 98 103.54292
6 99 103.97685
7 8 131.96593
7 9 113.24499
7 10 161.49261
7 11 107.91907
7 12 156.78142
7 13 151.23042
7 14 171.54549
7 15 130.16865
7 16 194.69618
7 17 172.61432
7 18 184.77688
7 19 186.13981
7 20 174.75068
7 21 145.03702
7 22 152.35662
7 23 199.15931
7 24 124.73077
7 25 198.98676
7 26 125.6824
7 27 101.84729
7 28 172.46469
7 29 187.13544
7 30 131.40538
7 31 145.93456
7 32 148.96911
7 33 196.26947
7 34 178.02314
7 35 161.95966
7 36 193.6916
7 37 146.9418
7 38 146.63923
7 39 182.65328
7 40 153.53243
7 41 193.19651
7 42 148.74041
7 43 116.32656
7 44 158.70005
7 45 168.5477
7 46 190.78353
7 47 117.46822
7 48 197.91657
7 49 109.04786
7 50 183.5528
7 51 166.08069
7 52 164.10627
7 53 138.21661
7 54 121.43681
7 55 180.29259
7 56 172.32913
7 57 126.02645
7 58 170.44148
7 59 128.01334
7 60 139.1113
7 61 133.6593
7 62 190.99704
7 63 188.66478
7 64 157.27827
7 65 118.05686
7 66 164.61809
7 67 197.74255
7 68 147.69951
7 69 179.08955
7 70 128.82847
7 71 174.32733
7 72 116.85079
7 73 194.86409
7 74 156.75609
7 75 111.69641
7 76 105.96102
7 77 110.69215
7 78 100.74422
7 79 125.44359
7 80 145.90744
7 81 140.99357
7 82 140.52674
7 83 178.02449
7 84 162.85908
7 85 152.58108
7 86 148.37242
7 87 194.51088
7 88 169.34202
7 89 153.83949
7 90 176.5611
7 91 139.19442
7 92 148.72684
7 93 150.52511
7 94 192.78855
7 95 155.66363
7 96 173.57329
7 97 154.05749
7 98 149.02178
7 99 116.5816
8 9 103.7248
8 10 117.289
8 11 170.46065
8 12 127.07181
8 13 195.67055
8 14 163.94655
8 15 129.13812
8 16 162.24637
8 17 143.0158
8 18 155.83116
8 19 145.92083
8 20 121.39726
8 21 170.1424
8 22 113.99272
8 23 103.59166
8 24 116.24722
8 25 159.01275
8 26 195.87528
8 27 110.51847
8 28 114.81043
8 29 151.35776
8 30 160.19356
8 31 166.35741
8 32 123.92603
8 33 106.25932
8 34 115.79728
8 35 125.37367
8 36 115.53914
8 37 127.56833
8 38 117.07894
8 39 133.84211
8 40 157.01105
8 41 141.08105
8 42 176.01484
8 43 158.97639
8 44 142.30165
8 45 161.14784
8 46 127.59787
8 47 160.64734
8 48 124.22419
8 49 180.94751
8 50 135.74021
8 51 126.7267
8 52 162.85656
8 53 125.0523
8 54 163.90117
8 55 106.14227
8 56 167.8391
8 57 104.77685
8 58 193.99922
8 59 137.42304
8 60 185.22166
8 61 158.59947
8 62 177.5743
8 63 116.55436
8 64 107.76845
8 65 103.22824
8 66 107.42663
8 67 136.29588
8 68 173.12257
8 69 193.56539
8 70 151.65869
8 71 131.32694
8 72 140.68139
8 73 164.11358
8 74 100.66098
8 75 195.97878
8 76 111.63816
8 77 121.74757
8 78 102.66686
8 79 112.6286
8 80 143.42101
8 81 131.90782
8 82 146.39559
8 83 114.28978
8 84 180.83973
8 85 173.49617
8 86 156.4869
8 87 177.89061
8 88 105.07526
8 89 182.0014
8 90 183.37782
8 91 147.84386
8 92 140.29024
8 93 168.28744
8 94 123.84956
8 95 128.34166
8 96 103.47719
8 97 146.82711
8 98 119.70984
8 99 199.04941
9 10 119.00261
9 11 188.40968
9 12 140.90192
9 13 156.03181
9 14 110.18788
9 15 101.9399
9 16 178.65518
9 17 123.43143
9 18 142.15478
9 19 171.74281
9 20 154.10745
9 21 105.45535
9 22 187.87402
9 23 193.99879
9 24 192.13975
9 25 190.18272
9 26 149.16052
9 27 138.3194
9 28 157.95764
9 29 113.62922
9 30 197.54392
9 31 183.06755
9 32 146.03883
9 33 193.43473
9 34 110.3342
9 35 187.81175
9 36 189.53675
9 37 132.96105
9 38 166.21404
9 39 187.81171
9 40 191.1145
9 41 162.45076
9 42 142.72327
9 43 131.25266
9 44 185.11647
9 45 186.40942
9 46 143.07891
9 47 192.46143
9 48 157.67187
9 49 192.26751
9 50 137.56373
9 51 197.51233
9 52 198.13564
9 53 190.51383
9 54 143.18439
9 55 197.21377
9 56 155.24623
9 57 123.53864
9 58 153.26126
9 59 185.25187
9 60 107.57745
9 61 106.15164
9 62 113.1685
9 63 135.69628
9 64 111.54424
9 65 165.32506
9 66 117.30381
9 67 108.26072
9 68 176.18567
9 69 109.91238
9 70 137.88694
9 71 169.77905
9 72 168.90154
9 73 159.38818
9 74 164.56175
9 75 119.40033
9 76 167.57872
9 77 113.74102
9 78 192.22352
9 79 121.28702
9 80 156.55323
9 81 171.65399
9 82 114.56222
9 83 153.33638
9 84 123.87995
9 85 121.44589
9 86 124.02677
9 87 108.08243
9 88 155.76838
9 89 143.32202
9 90 133.90104
9 91 199.61963
9 92 152.69351
9 93 139.82234
9 94 145.58311
9 95 156.64304
9 96 118.55412
9 97 188.14873
9 98 157.35509
9 99 136.25968
10 11 100.84405
10 12 131.81531
10 13 175.11163
10 14 117.53115
10 15 115.80578
10 16 198.04977
10 17 180.31169
10 18 107.33902
10 19 187.19304
10 20 141.81205
10 21 171.21078
10 22 189.93142
10 23 183.78148
10 24 132.24436
10 25 157.44917
10 26 160.55827
10 27 144.81078
10 28 125.63458
10 29 145.03846
10 30 167.92398
10 31 105.35651
10 32 106.65518
10 33 129.65237
10 34 163.09462
10 35 135.06651
10 36 193.98676
10 37 113.89217
10 38 144.82715
10 39 196.29771
10 40 165.72161
10 41 184.40826
10 42 174.36461
10 43 128.5544
10 44 152.08676
10 45 117.17379
10 46 199.087
10 47 105.42221
10 48 103.67148
10 49 160.65989
10 50 178.03598
10 51 186.92146
10 52 198.46309
10 53 192.36794
10 54 136.23133
10 55 199.10969
10 56 199.2721
10 57 106.50365
10 58 182.92753
10 59 129.1851
10 60 198.93993
10 61 175.46279
10 62 110.25227
10 63 180.8121
10 64 124.70454
10 65 103.51916
10 66 141.5125
10 67 156.19145
10 68 154.0729
10 69 130.04972
10 70 187.89971
10 71 171.89427
10 72 144.70122
10 73 165.56902
10 74 145.9959
10 75 124.55904
10 76 135.94928
10 77 154.08135
10 78 167.77895
10 79 180.76009
10 80 182.70348
10 81 110.05603
10 82 123.58426
10 83 180.20923
10 84 176.56026
10 85 112.93846
10 86 120.31701
10 87 196.65964
10 88 156.32486
10 89 132.35179
10 90 167.20423
10 91 153.73371
10 92 172.46351
10 93 130.92495
10 94 183.88957
10 95 152.6663
10 96 156.21276
10 97 133.31924
10 98 131.317
10 99 170.60292
11 12 121.52088
11 13 189.16825
11 14 195.12761
11 15 137.23801
11 16 137.12133
11 17 162.89776
11 18 174.95795
11 19 129.69142
11 20 170.25896
11 21 177.72957
11 22 157.01419
11 23 156.11494
11 24 159.79237
11 25 117.4039
11 26 133.51533
11 27 198.41182
11 28 111.88483
11 29 173.32646
11 30 147.94532
11 31 131.28752
11 32 136.18831
11 33 107.13983
11 34 143.57663
11 35 107.34546
11 36 110.36138
11 37 198.23905
11 38 109.81008
11 39 168.68446
11 40 164.72331
11 41 126.16294
11 42 115.1594
11 43 128.91411
11 44 131.16403
11 45 108.13978
11 46 197.92477
11 47 132.40835
11 48 192.53025
11 49 140.2841
11 50 130.32452
11 51 101.23089
11 52 148.84511
11 53 140.4383
11 54 118.4733
11 55 185.06558
11 56 139.69452
11 57 160.41655
11 58 178.53993
11 59 133.3449
11 60 144.00542
11 61 109.59766
11 62 121.13045
11 63 192.53488
11 64 139.53793
11 65 146.86537
11 66 199.99328
11 67 110.14524
11 68 149.91806
11 69 147.56141
11 70 112.3566
11 71 161.05
11 72 190.7591
11 73 118.64093
11 74 181.00605
11 75 108.06532
11 76 129.0822
11 77 111.15003
11 78 171.54362
11 79 136.60974
11 80 109.05398
11 81 199.61673
11 82 169.44664
11 83 161.19293
11 84 180.31727
11 85 177.36852
11 86 120.71589
11 87 194.29415
11 88 180.04402
11 89 163.10337
11 90 140.11308
11 91 165.08726
11 92 165.07174
11 93 147.87678
11 94 134.25323
11 95 146.62626
11 96 197.13878
11 97 156.33465
11 98 111.83689
11 99 157.62394
12 13 190.17256
12 14 178.49601
12 15 134.47676
12 16 100.13588
12 17 139.4042
12 18 190.01482
12 19 128.83635
12 20 192.86014
12 21 137.78011
12 22 183.43591
12 23 131.46044
12 24 159.89727
12 25 110.98449
12 26 108.5971
12 27 142.01583
12 28 176.75294
12 29 141.38322
12 30 103.96462
12 31 189.87952
12 32 116.13557
12 33 100.83689
12 34 118.74658
12 35 172.45197
12 36 194.91511
12 37 162.13991
12 38 106.99006
12 39 117.79368
12 40 125.54513
12 41 107.47109
12 42 180.05013
12 43 101.99556
12 44 139.18731
12 45 197.82637
12 46 150.05726
12 47 182.31422
12 48 134.96718
12 49 109.97407
12 50 156.40339
12 51 122.79408
12 52 163.05551
12 53 101.53606
12 54 109.6883
12 55 113.51222
12 56 164.1989
12 57 148.24448
12 58 197.55448
12 59 136.13661
12 60 138.55033
12 61 172.88526
12 62 179.65076
12 63 136.46685
12 64 135.88116
12 65 161.91067
12 66 162.76678
12 67 177.11546
12 68 114.40589
12 69 183.76744
12 70 168.24337
12 71 137.46944
12 72 170.83327
12 73 187.20414
12 74 126.03191
12 75 112.26353
12 76 138.18007
12 77 166.09538
12 78 117.92744
12 79 197.79637
12 80 107.84152
12 81 133.58579
12 82 143.97113
12 83 175.16919
12 84 169.38687
12 85 144.26556
12 86 122.33692
12 87 108.13109
12 88 169.58845
12 89 108.56201
12 90 121.55932
12 91 174.46794
12 92 180.46805
12 93 107.89314
12 94 168.12073
12 95 129.37042
12 96 166.29815
12 97 131.19184
12 98 126.79744
12 99 187.16664
13 14 138.75863
13 15 124.39957
13 16 192.63496
13 17 190.05058
13 18 113.84057
13 19 168.11886
13 20 198.44421
13 21 151.62548
13 22 185.99373
13 23 177.98871
13 24 174.53274
13 25 120.23046
13 26 150.8349
13 27 151.55443
13 28 170.93846
13 29 134.15032
13 30 156.99631
13 31 145.90615
13 32 197.78428
13 33 100.32103
13 34 191.36162
13 35 125.22363
13 36 126.18559
13 37 136.02083
13 38 111.55604
13 39 121.6524
13 40 111.08626
13 41 155.87154
13 42 171.37631
13 43 115.45577
13 44 153.57408
13 45 199.00136
13 46 130.03732
13 47 109.45632
13 48 196.33384
13 49 117.58912
13 50 138.01841
13 51 108.02513
13 52 137.5317
13 53 132.99022
13 54 129.36985
13 55 141.0523
13 56 102.30379
13 57 162.03154
13 58 126.42805
13 59 168.51292
13 60 140.6118
13 61 151.50146
13 62 159.77
13 63 161.21644
13 64 143.4232
13 65 176.22633
13 66 165.41939
13 67 139.37863
13 68 125.47978
13 69 177.35611
13 70 118.77677
13 71 181.62834
13 72 196.89712
13 73 174.18318
13 74 147.91721
13 75 180.88149
13 76 150.67578
13 77 156.09134
13 78 150.88753
13 79 161.33362
13 80 149.01893
13 81 172.04584
13 82 181.64256
13 83 180.56825
13 84 156.31887
13 85 181.54144
13 86 170.22324
13 87 178.31143
13 88 197.74285
13 89 153.62483
13 90 108.88571
13 91 135.96336
13 92 175.95273
13 93 184.50334
13 94 121.47634
13 95 122.25446
13 96 137.22567
13 97 141.53101
13 98 182.0567
13 99 100.04194
14 15 196.99083
14 16 173.81492
14 17 133.23407
14 18 162.20365
14 19 176.75142
14 20 166.05804
14 21 183.50374
14 22 185.62675
14 23 190.28483
14 24 146.06724
14 25 175.86609
14 26 199.6741
14 27 192.41078
14 28 193.43616
14 29 137.89093
14 30 113.42239
14 31 165.9566
14 32 131.89579
14 33 185.71574
14 34 175.9647
14 35 105.87958
14 36 188.97048
14 37 112.07757
14 38 122.78364
14 39 179.28532
14 40 131.24015
14 41 115.09329
14 42 178.3043
14 43 198.19284
14 44 178.81875
14 45 180.96265
14 46 178.76139
14 47 157.58671
14 48 107.88691
14 49 157.30947
14 50 128.75418
14 51 145.08368
14 52 143.05271
14 53 119.37027
14 54 164.08362
14 55 172.96842
14 56 113.88093
14 57 154.66308
14 58 192.04538
14 59 111.45996
14 60 150.31419
14 61 127.40197
14 62 101.76151
14 63 133.89364
14 64 155.03295
14 65 181.45171
14 66 156.82339
14 67 145.12498
14 68 137.33695
14 69 195.23354
14 70 120.10399
14 71 196.85728
14 72 172.88413
14 73 193.34235
14 74 108.60871
14 75 165.32797
14 76 192.85859
14 77 156.53839
14 78 193.94543
14 79 113.74851
14 80 118.833
14 81 181.04412
14 82 185.82892
14 83 172.65645
14 84 184.528
14 85 134.55677
14 86 121.67433
14 87 151.13881
14 88 156.93903
14 89 168.8879
14 90 105.15569
14 91 177.77296
14 92 100.37821
14 93 158.42493
14 94 183.3298
14 95 112.34651
14 96 141.50354
14 97 190.28378
14 98 123.57802
14 99 189.89578
15 16 102.33538
15 17 151.62062
15 18 102.09961
15 19 118.49767
15 20 191.95545
15 21 190.70451
15 22 198.16195
15 23 135.48448
15 24 173.50678
15 25 172.37603
15 26 134.49391
15 27 188.72232
15 28 188.20715
15 29 149.81327
15 30 138.05435
15 31 106.46266
15 32 113.9053
15 33 194.75351
15 34 149.84304
15 35 163.50707
15 36 138.55863
15 37 128.03044
15 38 110.50434
15 39 182.00268
15 40 113.07867
15 41 197.46097
15 42 108.62177
15 43 169.87138
15 44 152.04861
15 45 101.35346
15 46 182.55867
15 47 152.44101
15 48 171.92176
15 49 134.61083
15 50 102.8345
15 51 142.77
15 52 148.18266
15 53 127.76637
15 54 130.52867
15 55 105.96842
15 56 192.5757
15 57 101.07287
15 58 171.19517
15 59 170.69862
15 60 124.53901
15 61 145.60585
15 62 174.74258
15 63 160.06578
15 64 115.71747
15 65 199.52172
15 66 160.62841
15 67 174.68583
15 68 144.51999
15 69 199.60069
15 70 136.16329
15 71 103.12091
15 72 107.33088
15 73 164.42567
15 74 142.43572
15 75 117.60305
15 76 135.48787
15 77 108.3131
15 78 111.19778
15 79 116.69468
15 80 190.92641
15 81 180.44908
15 82 187.03987
15 83 197.92111
15 84 197.74735
15 85 111.34389
15 86 138.77208
15 87 146.03473
15 88 160.6866
15 89 166.66811
15 90 122.79479
15 91 198.17403
15 92 107.30185
15 93 139.75312
15 94 188.13334
15 95 100.59973
15 96 177.62269
15 97 138.56084
15 98 179.94932
15 99 166.11022
16 17 121.75867
16 18 176.50021
16 19 141.32334
16 20 134.3398
16 21 154.06756
16 22 133.08775
16 23 193.79949
16 24 135.97729
16 25 178.6451
16 26 126.96987
16 27 167.84521
16 28 162.3455
16 29 149.49999
16 30 180.08411
16 31 164.14378
16 32 173.96533
16 33 126.10188
16 34 159.42854
16 35 104.02136
16 36 155.08949
16 37 127.86016
16 38 149.57805
16 39 190.2086
16 40 173.05971
16 41 149.17918
16 42 103.89362
16 43 147.98723
16 44 143.02124
16 45 108.46704
16 46 112.49217
16 47 129.34177
16 48 156.90413
16 49 144.75674
16 50 100.25613
16 51 192.8531
16 52 126.80917
16 53 129.50138
16 54 147.44213
16 55 183.22567
16 56 105.46802
16 57 171.76778
16 58 130.72146
16 59 104.50258
16 60 132.73744
16 61 113.45915
16 62 156.17685
16 63 134.21089
16 64 124.22004
16 65 183.77497
16 66 119.69206
16 67 149.40612
16 68 195.49748
16 69 134.96902
16 70 134.11281
16 71 193.09873
16 72 187.67551
16 73 141.88098
16 74 161.76265
16 75 199.06916
16 76 193.94243
16 77 110.9955
16 78 196.13204
16 79 155.17695
16 80 110.86666
16 81 175.34747
16 82 135.69222
16 83 172.02773
16 84 194.25018
16 85 104.11962
16 86 188.10219
16 87 149.77833
16 88 160.9241
16 89 149.79395
16 90 118.70443
16 91 134.4362
16 92 165.21493
16 93 172.73135
16 94 121.51215
16 95 186.16185
16 96 158.09658
16 97 168.04475
16 98 107.71353
16 99 108.88319
17 18 145.44176
17 19 103.21074
17 20 175.96982
17 21 127.58157
17 22 147.87312
17 23 175.14693
17 24 173.13489
17 25 148.3936
17 26 157.75049
17 27 170.29312
17 28 137.5411
17 29 112.28226
17 30 113.11635
17 31 166.45934
17 32 121.57031
17 33 124.41284
17 34 127.06447
17 35 149.21683
17 36 132.59076
17 37 158.80242
17 38 159.51992
17 39 169.69577
17 40 144.88403
17 41 150.35014
17 42 149.34433
17 43 118.46659
17 44 128.59046
17 45 113.03792
17 46 163.88616
17 47 152.20172
17 48 110.91994
17 49 190.9635
17 50 180.92134
17 51 120.72208
17 52 156.09822
17 53 150.77733
17 54 188.58124
17 55 186.81474
17 56 141.2373
17 57 186.50487
17 58 113.63717
17 59 129.57676
17 60 146.45021
17 61 107.66525
17 62 139.62187
17 63 176.667
17 64 130.00701
17 65 167.48898
17 66 144.02517
17 67 138.98923
17 68 163.35937
17 69 175.37915
17 70 102.98271
17 71 180.57176
17 72 128.53527
17 73 187.82479
17 74 185.03003
17 75 118.96145
17 76 199.25717
17 77 118.21013
17 78 172.60901
17 79 102.97897
17 80 198.88894
17 81 139.98864
17 82 171.99229
17 83 194.47662
17 84 198.95188
17 85 160.64262
17 86 189.13802
17 87 172.47763
17 88 166.93777
17 89 146.96273
17 90 164.37379
17 91 142.92361
17 92 135.12045
17 93 116.59587
17 94 163.83472
17 95 154.11079
17 96 193.40638
17 97 174.47268
17 98 196.49703
17 99 156.15312
18 19 186.13089
18 20 100.08984
18 21 106.84944
18 22 136.15946
18 23 154.59192
18 24 134.06703
18 25 118.85433
18 26 151.80551
18 27 188.32294
18 28 187.41759
18 29 182.02765
18 30 156.46716
18 31 120.66229
18 32 181.6342
18 33 138.66709
18 34 189.17832
18 35 120.01282
18 36 196.0404
18 37 114.48117
18 38 186.24116
18 39 183.6744
18 40 180.68149
18 41 133.64259
18 42 100.54451
18 43 108.75872
18 44 134.58689
18 45 113.48903
18 46 144.94323
18 47 122.17736
18 48 112.78832
18 49 116.92618
18 50 132.28975
18 51 121.21091
18 52 178.36425
18 53 181.52373
18 54 145.5114
18 55 177.41609
18 56 108.94261
18 57 118.24475
18 58 139.61686
18 59 160.01911
18 60 121.2801
18 61 195.38717
18 62 136.87233
18 63 137.61508
18 64 109.74348
18 65 199.12376
18 66 121.03798
18 67 174.83029
18 68 167.1581
18 69 153.01417
18 70 107.65769
18 71 113.77449
18 72 147.38514
18 73 157.74267
18 74 110.95245
18 75 124.87937
18 76 107.83356
18 77 183.59665
18 78 191.75278
18 79 120.84209
18 80 157.97687
18 81 125.93518
18 82 148.00684
18 83 139.81833
18 84 119.02175
18 85 194.99536
18 86 175.77695
18 87 126.98213
18 88 104.30166
18 89 156.15307
18 90 109.95376
18 91 115.44173
18 92 175.83935
18 93 138.74082
18 94 107.01662
18 95 137.23934
18 96 136.79619
18 97 198.3204
18 98 179.4825
18 99 134.89928
19 20 166.8729
19 21 118.77074
19 22 151.34577
19 23 157.21032
19 24 149.49517
19 25 108.67354
19 26 134.5476
19 27 123.261
19 28 129.81341
19 29 181.51374
19 30 118.75409
19 31 176.22224
19 32 188.48824
19 33 106.45289
19 34 177.34658
19 35 117.36814
19 36 161.34286
19 37 133.20831
19 38 166.35036
19 39 157.83418
19 40 152.65144
19 41 174.69244
19 42 142.36938
19 43 163.95006
19 44 138.90812
19 45 110.10703
19 46 172.56045
19 47 166.88163
19 48 126.56282
19 49 136.39827
19 50 144.71286
19 51 111.13655
19 52 147.95885
19 53 131.02995
19 54 111.5244
19 55 129.79597
19 56 121.62778
19 57 164.02748
19 58 120.09259
19 59 118.56192
19 60 198.2862
19 61 101.65833
19 62 133.99779
19 63 108.95669
19 64 141.98866
19 65 138.03972
19 66 175.64651
19 67 171.82296
19 68 141.14798
19 69 151.1881
19 70 110.78909
19 71 191.05709
19 72 170.75331
19 73 175.22895
19 74 108.40007
19 75 108.57787
19 76 110.29033
19 77 168.93304
19 78 199.58709
19 79 173.51769
19 80 138.9574
19 81 128.23776
19 82 174.29141
19 83 130.03599
19 84 107.84587
19 85 112.19463
19 86 132.00191
19 87 194.93781
19 88 179.2662
19 89 122.01524
19 90 171.06622
19 91 135.88868
19 92 164.8712
19 93 153.029
19 94 134.61639
19 95 124.73897
19 96 162.31474
19 97 125.95015
19 98 108.79292
19 99 165.64851
20 21 196.13856
20 22 194.53167
20 23 124.71071
20 24 183.14144
20 25 129.42424
20 26 182.53238
20 27 129.77548
20 28 120.90132
20 29 137.8265
20 30 170.93196
20 31 186.62828
20 32 187.55163
20 33 159.78815
20 34 172.30459
20 35 114.59494
20 36 117.1858
20 37 109.37832
20 38 150.70123
20 39 160.11153
20 40 181.19118
20 41 195.05716
20 42 162.22886
20 43 171.25078
20 44 141.09244
20 45 170.39263
20 46 198.1406
20 47 111.33325
20 48 188.33491
20 49 138.47524
20 50 182.18585
20 51 150.80885
20 52 108.05656
20 53 196.912
20 54 158.00705
20 55 130.08905
20 56 150.1824
20 57 136.57474
20 58 194.02057
20 59 137.37877
20 60 156.49371
20 61 125.382
20 62 183.75819
20 63 168.93629
20 64 171.07717
20 65 112.08897
20 66 159.58645
20 67 170.52943
20 68 168.05536
20 69 165.40045
20 70 140.69761
20 71 149.01099
20 72 187.05874
20 73 141.14715
20 74 101.57171
20 75 122.64655
20 76 138.82465
20 77 100.61436
20 78 170.59051
20 79 189.44917
20 80 148.54333
20 81 113.18319
20 82 124.2885
20 83 115.0224
20 84 173.44373
20 85 120.1841
20 86 166.76779
20 87 180.25274
20 88 150.26745
20 89 112.70946
20 90 138.13517
20 91 129.63102
20 92 111.55815
20 93 136.45983
20 94 145.22188
20 95 191.26146
20 96 100.42852
20 97 168.75452
20 98 160.35846
20 99 144.85706
21 22 157.17661
21 23 123.75906
21 24 183.5604
21 25 162.30592
21 26 127.98722
21 27 139.10906
21 28 129.9351
21 29 184.01855
21 30 139.89279
21 31 106.62691
21 32 119.59224
21 33 163.78646
21 34 110.90238
21 35 177.52332
21 36 199.69519
21 37 168.91337
21 38 184.28579
21 39 134.13683
21 40 159.81271
21 41 101.83585
21 42 171.77944
21 43 117.76926
21 44 143.36391
21 45 134.62573
21 46 193.50104
21 47 136.7456
21 48 130.80918
21 49 178.23473
21 50 187.7235
21 51 184.19299
21 52 121.79163
21 53 140.00417
21 54 192.31233
21 55 143.04131
21 56 118.62415
21 57 111.64098
21 58 195.68045
21 59 136.11451
21 60 162.72174
21 61 115.34082
21 62 171.42919
21 63 108.43439
21 64 162.30841
21 65 104.71007
21 66 136.62785
21 67 170.26746
21 68 180.29962
21 69 111.35169
21 70 130.26141
21 71 192.68302
21 72 118.29042
21 73 145.17826
21 74 102.0324
21 75 193.5555
21 76 163.30352
21 77 184.39438
21 78 139.25617
21 79 137.14502
21 80 148.05091
21 81 192.46021
21 82 140.22022
21 83 177.9745
21 84 104.97202
21 85 134.17456
21 86 173.41245
21 87 125.32409
21 88 146.20857
21 89 145.70995
21 90 199.50606
21 91 168.50127
21 92 101.4201
21 93 137.22676
21 94 127.24453
21 95 192.00053
21 96 160.28904
21 97 141.15977
21 98 175.92927
21 99 118.92374
22 23 137.70872
22 24 195.96087
22 25 171.99959
22 26 190.15555
22 27 176.42541
22 28 132.57481
22 29 191.31114
22 30 170.48967
22 31 141.66907
22 32 175.72466
22 33 180.19412
22 34 173.15262
22 35 108.97236
22 36 147.65931
22 37 104.47409
22 38 161.91074
22 39 138.5639
22 40 189.35676
22 41 140.65156
22 42 121.33654
22 43 128.43033
22 44 180.86058
22 45 107.16
22 46 177.84035
22 47 166.23246
22 48 196.35916
22 49 180.31131
22 50 162.6858
22 51 198.54928
22 52 120.86305
22 53 148.85414
22 54 146.84266
22 55 145.2896
22 56 151.77775
22 57 121.85661
22 58 176.6363
22 59 174.80769
22 60 191.95171
22 61 122.02003
22 62 166.57255
22 63 169.98638
22 64 191.34969
22 65 107.31062
22 66 138.26583
22 67 198.66605
22 68 164.31731
22 69 145.77559
22 70 122.96803
22 71 147.15225
22 72 195.91454
22 73 181.827
22 74 175.43301
22 75 120.52769
22 76 130.9412
22 77 118.14819
22 78 175.76246
22 79 153.90108
22 80 112.94826
22 81 149.91918
22 82 107.81024
22 83 176.75602
22 84 137.09919
22 85 129.58949
22 86 149.59741
22 87 156.01777
22 88 128.72881
22 89 164.33561
22 90 144.92101
22 91 113.11121
22 92 156.55484
22 93 185.83467
22 94 172.29893
22 95 172.30137
22 96 129.22793
22 97 190.64877
22 98 181.44114
22 99 127.76278
23 24 127.99214
23 25 149.12137
23 26 129.95315
23 27 106.54696
23 28 174.13232
23 29 126.39462
23 30 187.58732
23 31 153.91188
23 32 144.88941
23 33 116.47585
23 34 167.65702
23 35 119.78559
23 36 121.9078
23 37 116.96202
23 38 117.89897
23 39 150.31863
23 40 147.49667
23 41 199.37748
23 42 186.08318
23 43 101.14039
23 44 189.6007
23 45 145.17314
23 46 137.68991
23 47 194.30579
23 48 111.90744
23 49 117.68238
23 50 148.01182
23 51 106.2276
23 52 197.314
23 53 148.6359
23 54 154.37177
23 55 136.19107
23 56 121.19729
23 57 145.54398
23 58 162.30406
23 59 135.46246
23 60 155.5121
23 61 184.17275
23 62 184.99921
23 63 114.16096
23 64 132.64079
23 65 133.37219
23 66 131.50306
23 67 133.23171
23 68 115.29639
23 69 106.94961
23 70 112.83302
23 71 160.59682
23 72 165.39986
23 73 169.73219
23 74 178.04145
23 75 163.7108
23 76 185.34589
23 77 171.10172
23 78 160.23716
23 79 123.69045
23 80 159.42344
23 81 113.70942
23 82 194.91752
23 83 100.45079
23 84 167.1597
23 85 159.74936
23 86 110.75004
23 87 157.94548
23 88 101.92175
23 89 114.04683
23 90 137.23933
23 91 135.36848
23 92 104.3572
23 93 108.82167
23 94 114.54085
23 95 181.06048
23 96 104.40449
23 97 170.69336
23 98 149.80392
23 99 163.29892
24 25 102.55222
24 26 141.05234
24 27 167.96578
24 28 194.41243
24 29 152.27024
24 30 179.60427
24 31 155.94262
24 32 110.08441
24 33 134.0857
24 34 102.30728
24 35 155.97838
24 36 186.82524
24 37 163.04735
24 38 116.11636
24 39 151.64843
24 40 154.51387
24 41 152.83942
24 42 147.40072
24 43 172.87318
24 44 101.2378
24 45 180.06812
24 46 121.33233
24 47 182.56881
24 48 182.93747
24 49 183.85017
24 50 169.30278
24 51 130.02657
24 52 126.02516
24 53 125.06796
24 54 197.51755
24 55 163.02381
24 56 111.07746
24 57 164.29935
24 58 166.83997
24 59 163.39378
24 60 118.72622
24 61 196.99713
24 62 189.70772
24 63 102.84615
24 64 156.82138
24 65 195.06352
24 66 166.69956
24 67 181.32886
24 68 156.50718
24 69 185.39595
24 70 112.6499
24 71 197.22893
24 72 154.52875
24 73 152.39961
24 74 135.90091
24 75 136.8149
24 76 150.36944
24 77 102.62935
24 78 139.86937
24 79 120.12646
24 80 172.09943
24 81 114.37012
24 82 188.48488
24 83 168.43576
24 84 179.24422
24 85 180.45212
24 86 190.37793
24 87 190.73409
24 88 120.0504
24 89 141.46952
24 90 111.50561
24 91 137.43547
24 92 148.41427
24 93 116.36428
24 94 172.18567
24 95 195.44862
24 96 157.52993
24 97 181.69088
24 98 104.39755
24 99 128.97156
25 26 103.25023
25 27 170.06614
25 28 105.03844
25 29 169.99231
25 30 102.44098
25 31 156.40569
25 32 190.9325
25 33 114.0329
25 34 170.52881
25 35 155.75463
25 36 172.19786
25 37 144.31505
25 38 172.69837
25 39 135.54195
25 40 195.26926
25 41 195.25102
25 42 123.84192
25 43 195.44461
25 44 147.72812
25 45 111.79513
25 46 118.06635
25 47 134.52626
25 48 178.82732
25 49 195.47023
25 50 130.02354
25 51 124.45624
25 52 177.93722
25 53 185.21609
25 54 137.92687
25 55 159.28773
25 56 196.16267
25 57 182.63305
25 58 123.13351
25 59 141.24183
25 60 147.52164
25 61 122.06199
25 62 100.08938
25 63 139.93289
25 64 123.58898
25 65 198.59159
25 66 165.66385
25 67 139.59405
25 68 179.57975
25 69 162.87474
25 70 151.31417
25 71 180.72257
25 72 170.3993
25 73 125.99109
25 74 151.33386
25 75 105.91198
25 76 122.35115
25 77 174.35033
25 78 135.54819
25 79 131.88104
25 80 151.46545
25 81 151.20787
25 82 174.26413
25 83 198.66376
25 84 123.33638
25 85 126.66818
25 86 144.03573
25 87 156.16135
25 88 116.77491
25 89 119.59517
25 90 161.36165
25 91 150.49239
25 92 156.26847
25 93 109.75387
25 94 146.94241
25 95 127.2577
25 96 189.67863
25 97 108.23781
25 98 152.75673
25 99 188.88036
26 27 155.11671
26 28 169.04366
26 29 106.24542
26 30 195.33987
26 31 157.34986
26 32 137.05701
26 33 108.9752
26 34 104.59767
26 35 164.57622
26 36 133.70107
26 37 165.29021
26 38 184.59927
26 39 108.66304
26 40 105.9911
26 41 107.68699
26 42 135.38658
26 43 157.66838
26 44 134.33355
26 45 124.03922
26 46 143.10195
26 47 190.47453
26 48 155.71696
26 49 127.69291
26 50 164.70298
26 51 166.06502
26 52 172.98074
26 53 137.50508
26 54 157.59576
26 55 139.25692
26 56 105.87387
26 57 153.96657
26 58 116.04546
26 59 177.14789
26 60 112.2339
26 61 191.5404
26 62 154.63556
26 63 179.00299
26 64 135.74328
26 65 151.01834
26 66 158.24644
26 67 115.04449
26 68 182.25488
26 69 112.53684
26 70 194.89046
26 71 131.87145
26 72 105.16406
26 73 143.55291
26 74 131.05488
26 75 163.66509
26 76 102.25472
26 77 178.7143
26 78 100.14376
26 79 158.57176
26 80 165.22685
26 81 184.55045
26 82 161.82781
26 83 191.55544
26 84 137.97685
26 85 136.85378
26 86 133.90461
26 87 177.87224
26 88 130.45016
26 89 168.54708
26 90 161.54268
26 91 176.68629
26 92 105.08369
26 93 158.03561
26 94 135.73063
26 95 174.77037
26 96 159.24443
26 97 119.85788
26 98 158.73253
26 99 116.91048
27 28 156.63993
27 29 116.38003
27 30 186.55797
27 31 162.75949
27 32 153.76055
27 33 102.84583
27 34 168.81365
27 35 171.84252
27 36 152.90216
27 37 185.62234
27 38 177.77756
27 39 145.20468
27 40 129.39919
27 41 195.52379
27 42 151.18544
27 43 146.09998
27 44 179.59486
27 45 135.97876
27 46 189.56784
27 47 163.07218
27 48 195.73636
27 49 178.00809
27 50 118.50246
27 51 140.95338
27 52 141.59364
27 53 174.55673
27 54 105.40483
27 55 128.66029
27 56 117.48103
27 57 187.6309
27 58 133.84469
27 59 196.78906
27 60 179.38263
27 61 109.63983
27 62 159.00041
27 63 171.91412
27 64 113.39653
27 65 120.38164
27 66 168.50633
27 67 198.17448
27 68 199.35028
27 69 196.81405
27 70 156.7006
27 71 127.48081
27 72 132.00706
27 73 188.74879
27 74 111.54754
27 75 195.02832
27 76 134.93144
27 77 139.28846
27 78 128.10641
27 79 193.80767
27 80 168.81228
27 81 173.3702
27 82 159.92211
27 83 116.80589
27 84 190.14455
27 85 187.36072
27 86 140.04052
27 87 179.02583
27 88 115.94554
27 89 160.30249
27 90 116.85581
27 91 113.26375
27 92 194.0001
27 93 149.92851
27 94 160.32316
27 95 177.87903
27 96 153.15357
27 97 176.13912
27 98 137.36304
27 99 108.77373
28 29 191.88206
28 30 136.08361
28 31 113.76225
28 32 114.83571
28 33 122.26386
28 34 119.09924
28 35 171.28987
28 36 132.07918
28 37 141.02278
28 38 130.46197
28 39 149.22179
28 40 148.39192
28 41 190.16351
28 42 196.20301
28 43 117.26159
28 44 153.80634
28 45 139.51816
28 46 174.7405
28 47 101.78321
28 48 150.06789
28 49 168.70782
28 50 191.46141
28 51 148.04415
28 52 170.50615
28 53 178.33388
28 54 152.32388
28 55 166.04669
28 56 135.66461
28 57 199.18202
28 58 127.36857
28 59 141.82436
28 60 131.9355
28 61 194.91035
28 62 142.67664
28 63 153.52299
28 64 143.78091
28 65 140.89233
28 66 169.35231
28 67 162.14748
28 68 156.77233
28 69 169.64022
28 70 103.1099
28 71 173.27827
28 72 160.45196
28 73 122.88783
28 74 121.27976
28 75 113.14334
28 76 111.89545
28 77 119.99438
28 78 177.37997
28 79 122.2151
28 80 185.87245
28 81 195.15898
28 82 164.97472
28 83 106.34487
28 84 191.62729
28 85 157.85787
28 86 148.75421
28 87 137.51632
28 88 114.62262
28 89 133.00729
28 90 154.27278
28 91 152.41952
28 92 100.82516
28 93 119.6501
28 94 194.17465
28 95 120.39847
28 96 167.38489
28 97 111.59962
28 98 195.71879
28 99 144.92868
29 30 142.14284
29 31 175.21814
29 32 126.64786
29 33 137.40501
29 34 103.71004
29 35 169.00304
29 36 187.02497
29 37 132.09184
29 38 176.1955
29 39 172.03564
29 40 141.42466
29 41 166.70961
29 42 162.35901
29 43 150.68177
29 44 151.9995
29 45 179.44772
29 46 146.8897
29 47 133.1222
29 48 193.11672
29 49 121.17952
29 50 114.51042
29 51 184.36888
29 52 111.92628
29 53 151.18932
29 54 185.55537
29 55 155.85288
29 56 108.14075
29 57 187.65266
29 58 193.26256
29 59 180.57806
29 60 177.15761
29 61 186.18937
29 62 185.76673
29 63 141.8882
29 64 189.74832
29 65 196.44324
29 66 101.73121
29 67 120.5818
29 68 107.34421
29 69 114.58899
29 70 126.24851
29 71 185.97225
29 72 104.83443
29 73 191.91366
29 74 181.2413
29 75 174.65784
29 76 177.20517
29 77 136.67696
29 78 131.93999
29 79 152.31628
29 80 171.0731
29 81 111.78013
29 82 140.46097
29 83 182.35825
29 84 169.20865
29 85 143.70094
29 86 133.36104
29 87 178.72033
29 88 145.6702
29 89 175.88641
29 90 191.8955
29 91 107.29317
29 92 197.28779
29 93 163.6452
29 94 129.49362
29 95 192.69939
29 96 110.88511
29 97 116.28425
29 98 180.22919
29 99 125.40468
30 31 100.34412
30 32 162.26504
30 33 182.64227
30 34 125.64955
30 35 120.88035
30 36 145.30809
30 37 111.71463
30 38 120.02142
30 39 184.47879
30 40 191.91269
30 41 153.86981
30 42 106.84583
30 43 147.33499
30 44 141.93053
30 45 159.86826
30 46 110.24423
30 47 171.88659
30 48 192.30863
30 49 121.22607
30 50 156.99919
30 51 196.79653
30 52 106.6333
30 53 174.90183
30 54 158.91557
30 55 176.18379
30 56 102.35605
30 57 143.82306
30 58 118.68693
30 59 117.6139
30 60 131.55692
30 61 157.34154
30 62 185.98247
30 63 122.04262
30 64 151.94814
30 65 178.74208
30 66 188.59525
30 67 139.34054
30 68 120.78173
30 69 138.12996
30 70 188.34655
30 71 117.12845
30 72 145.01798
30 73 150.8402
30 74 137.30157
30 75 167.60673
30 76 131.88902
30 77 194.90916
30 78 146.18168
30 79 132.83834
30 80 168.16314
30 81 101.46938
30 82 162.97753
30 83 101.32808
30 84 101.6065
30 85 159.38561
30 86 179.99764
30 87 145.27593
30 88 179.55474
30 89 103.86463
30 90 195.80861
30 91 134.55724
30 92 177.73732
30 93 105.35975
30 94 132.58174
30 95 129.87169
30 96 114.47981
30 97 143.42922
30 98 195.585
30 99 141.3218
31 32 104.42667
31 33 199.30637
31 34 161.31725
31 35 157.61312
31 36 150.30608
31 37 107.36453
31 38 117.34265
31 39 136.85449
31 40 160.40059
31 41 149.17515
31 42 168.61262
31 43 144.35902
31 44 128.49867
31 45 114.05658
31 46 111.09519
31 47 133.32448
31 48 137.63611
31 49 161.20978
31 50 155.37562
31 51 103.51765
31 52 169.00961
31 53 109.1464
31 54 118.0527
31 55 182.84283
31 56 159.18781
31 57 102.43231
31 58 184.56615
31 59 153.47575
31 60 158.62034
31 61 160.72315
31 62 159.51916
31 63 169.63936
31 64 100.68057
31 65 114.97236
31 66 125.04532
31 67 176.88779
31 68 187.09196
31 69 115.75825
31 70 106.35317
31 71 155.59728
31 72 188.54842
31 73 116.56245
31 74 110.46179
31 75 156.18879
31 76 189.169
31 77 170.77776
31 78 112.12649
31 79 116.81991
31 80 178.63818
31 81 108.31806
31 82 104.06637
31 83 110.57631
31 84 134.45241
31 85 112.24025
31 86 186.59445
31 87 156.7775
31 88 194.97392
31 89 185.12796
31 90 123.51062
31 91 194.55782
31 92 197.55419
31 93 126.67941
31 94 112.52728
31 95 102.82246
31 96 176.44776
31 97 160.844
31 98 193.19943
31 99 153.69208
32 33 138.91554
32 34 115.71971
32 35 165.94213
32 36 141.79362
32 37 145.97456
32 38 173.50195
32 39 117.15629
32 40 131.10671
32 41 116.65748
32 42 124.7739
32 43 100.15179
32 44 166.76514
32 45 197.57834
32 46 123.28633
32 47 113.18798
32 48 156.52564
32 49 106.58168
32 50 175.5591
32 51 122.40535
32 52 113.79744
32 53 158.43367
32 54 197.5813
32 55 124.19171
32 56 193.2081
32 57 120.693
32 58 159.24007
32 59 119.63794
32 60 112.13641
32 61 138.79631
32 62 185.41872
32 63 174.15438
32 64 189.35384
32 65 156.04472
32 66 198.77297
32 67 183.34415
32 68 175.89677
32 69 130.96121
32 70 182.33075
32 71 190.45558
32 72 157.50175
32 73 189.84088
32 74 149.03306
32 75 134.02233
32 76 141.88558
32 77 122.53073
32 78 140.31723
32 79 122.4823
32 80 150.36225
32 81 173.03845
32 82 110.43479
32 83 121.12049
32 84 142.57814
32 85 107.25819
32 86 139.83973
32 87 161.53965
32 88 184.29093
32 89 196.21504
32 90 156.97212
32 91 173.76727
32 92 143.31861
32 93 107.95272
32 94 176.23475
32 95 148.16809
32 96 104.96689
32 97 175.71386
32 98 160.04113
32 99 150.1571
33 34 113.66873
33 35 182.55497
33 36 153.62486
33 37 151.8916
33 38 196.41959
33 39 114.84876
33 40 163.2145
33 41 191.62892
33 42 159.23989
33 43 162.01631
33 44 168.32463
33 45 167.1683
33 46 182.34492
33 47 143.77417
33 48 117.55058
33 49 198.24585
33 50 184.17521
33 51 136.16481
33 52 108.79128
33 53 123.41023
33 54 137.67976
33 55 147.7337
33 56 171.59857
33 57 150.55503
33 58 103.50457
33 59 167.17754
33 60 143.04433
33 61 151.69865
33 62 122.26613
33 63 118.92095
33 64 102.3378
33 65 114.15148
33 66 161.00885
33 67 139.39389
33 68 151.57627
33 69 177.62308
33 70 124.69425
33 71 192.71048
33 72 159.11993
33 73 137.6533
33 74 117.17931
33 75 123.33715
33 76 101.10453
33 77 146.85017
33 78 197.47522
33 79 136.04409
33 80 195.21703
33 81 128.81871
33 82 186.39279
33 83 120.75562
33 84 180.64153
33 85 195.68854
33 86 136.96615
33 87 160.90069
33 88 172.61843
33 89 199.86611
33 90 111.25362
33 91 111.61222
33 92 139.47155
33 93 124.72713
33 94 102.84423
33 95 138.85727
33 96 133.76617
33 97 179.4309
33 98 136.43176
33 99 165.9367
34 35 127.42283
34 36 192.87581
34 37 191.94324
34 38 126.27818
34 39 140.04609
34 40 133.40263
34 41 108.0146
34 42 177.5363
34 43 153.36087
34 44 156.63144
34 45 181.46534
34 46 178.7498
34 47 145.35632
34 48 115.0694
34 49 117.25393
34 50 107.55688
34 51 192.01571
34 52 100.36384
34 53 179.90118
34 54 149.11709
34 55 120.26379
34 56 126.49422
34 57 106.02228
34 58 131.65781
34 59 150.41546
34 60 178.71016
34 61 108.81823
34 62 190.97459
34 63 131.72469
34 64 184.30318
34 65 114.63948
34 66 127.15099
34 67 118.2455
34 68 196.07586
34 69 193.68243
34 70 172.26763
34 71 117.51616
34 72 183.50147
34 73 165.10942
34 74 188.82835
34 75 161.43206
34 76 134.1996
34 77 115.40778
34 78 193.13961
34 79 133.75097
34 80 175.75764
34 81 136.80672
34 82 172.25358
34 83 127.83759
34 84 194.14299
34 85 129.55381
34 86 166.04667
34 87 176.0862
34 88 127.99144
34 89 165.63955
34 90 180.19786
34 91 192.54626
34 92 174.64436
34 93 180.23536
34 94 132.36277
34 95 158.98415
34 96 100.56094
34 97 159.60146
34 98 167.39593
34 99 125.93572
35 36 178.20209
35 37 145.3527
35 38 191.42069
35 39 103.41054
35 40 120.36453
35 41 106.73803
35 42 107.2176
35 43 122.58153
35 44 142.39573
35 45 107.93171
35 46 108.48196
35 47 154.79136
35 48 137.83716
35 49 169.59152
35 50 146.69666
35 51 122.17214
35 52 139.74247
35 53 195.65608
35 54 124.09232
35 55 180.81122
35 56 117.80939
35 57 101.97786
35 58 191.74839
35 59 131.38094
35 60 120.39959
35 61 150.19634
35 62 123.18993
35 63 113.26972
35 64 113.81575
35 65 181.34638
35 66 111.34918
35 67 101.07196
35 68 104.71566
35 69 180.01394
35 70 144.67683
35 71 179.50406
35 72 153.59159
35 73 104.20609
35 74 190.06989
35 75 134.95531
35 76 167.58099
35 77 116.99495
35 78 190.46308
35 79 125.98597
35 80 194.59642
35 81 118.50216
35 82 105.61155
35 83 111.27633
35 84 161.7067
35 85 134.64072
35 86 152.16639
35 87 128.87254
35 88 193.7257
35 89 182.46757
35 90 122.74604
35 91 160.56803
35 92 167.33198
35 93 132.69311
35 94 178.31111
35 95 193.71985
35 96 118.97981
35 97 116.24791
35 98 144.93825
35 99 144.85039
36 37 111.05617
36 38 109.39755
36 39 159.84121
36 40 101.94206
36 41 101.14963
36 42 129.39933
36 43 107.32764
36 44 168.72512
36 45 192.25769
36 46 124.82115
36 47 178.83474
36 48 103.96516
36 49 114.24015
36 50 123.65975
36 51 128.52955
36 52 163.84791
36 53 164.48465
36 54 162.85704
36 55 155.73972
36 56 190.33168
36 57 102.00242
36 58 107.726
36 59 141.28971
36 60 173.70689
36 61 155.40722
36 62 141.26216
36 63 195.30025
36 64 108.19806
36 65 155.84441
36 66 139.95164
36 67 143.70998
36 68 147.0348
36 69 180.2895
36 70 106.15119
36 71 194.30201
36 72 172.8985
36 73 181.69515
36 74 175.14936
36 75 109.62845
36 76 149.56904
36 77 117.30916
36 78 140.32706
36 79 166.64598
36 80 167.08404
36 81 152.15681
36 82 168.55181
36 83 145.42202
36 84 158.40426
36 85 110.23967
36 86 196.51496
36 87 104.69718
36 88 183.45842
36 89 199.60846
36 90 158.51048
36 91 157.10089
36 92 167.50635
36 93 187.83552
36 94 140.33842
36 95 171.70881
36 96 191.07034
36 97 185.09708
36 98 122.32656
36 99 184.24549
37 38 190.40121
37 39 114.02174
37 40 113.76051
37 41 188.32687
37 42 191.54335
37 43 148.95433
37 44 171.47081
37 45 134.31764
37 46 145.31048
37 47 147.88862
37 48 142.05323
37 49 103.21655
37 50 184.08126
37 51 187.85564
37 52 196.75658
37 53 135.97295
37 54 154.85338
37 55 107.80555
37 56 114.95581
37 57 195.62079
37 58 167.61174
37 59 169.70972
37 60 182.68191
37 61 157.56919
37 62 113.2493
37 63 106.85964
37 64 129.55761
37 65 122.68525
37 66 199.89112
37 67 171.30387
37 68 148.36974
37 69 101.68226
37 70 159.26815
37 71 139.21788
37 72 170.08622
37 73 155.05234
37 74 128.44829
37 75 148.14627
37 76 188.1537
37 77 174.19541
37 78 195.94533
37 79 130.78253
37 80 105.69854
37 81 146.2221
37 82 164.68742
37 83 103.35703
37 84 156.38299
37 85 193.52053
37 86 114.70045
37 87 120.934
37 88 149.4499
37 89 167.15005
37 90 166.0172
37 91 134.46545
37 92 111.71351
37 93 180.92265
37 94 161.17844
37 95 173.28426
37 96 145.81513
37 97 193.67066
37 98 187.21616
37 99 199.42388
38 39 138.62318
38 40 119.51938
38 41 152.46097
38 42 102.1158
38 43 120.11581
38 44 127.399
38 45 192.51042
38 46 102.41688
38 47 186.94594
38 48 123.17073
38 49 169.08191
38 50 160.59684
38 51 106.24918
38 52 155.89175
38 53 187.29873
38 54 185.44304
38 55 168.75082
38 56 131.78294
38 57 196.3629
38 58 149.83474
38 59 139.80195
38 60 175.45961
38 61 103.81671
38 62 103.41485
38 63 160.89898
38 64 162.32852
38 65 100.54453
38 66 171.50362
38 67 164.42677
38 68 151.08179
38 69 189.57461
38 70 145.78906
38 71 175.23965
38 72 190.32686
38 73 196.03403
38 74 125.40117
38 75 121.77468
38 76 114.90549
38 77 149.5154
38 78 104.32286
38 79 121.01895
38 80 157.13526
38 81 181.88675
38 82 109.47314
38 83 112.89034
38 84 101.62573
38 85 171.60862
38 86 108.96919
38 87 158.80248
38 88 153.89238
38 89 124.37331
38 90 138.5309
38 91 118.44904
38 92 135.83998
38 93 101.39967
38 94 181.60659
38 95 130.55112
38 96 126.47998
38 97 195.43276
38 98 105.52897
38 99 154.83425
39 40 159.25774
39 41 147.97972
39 42 152.41838
39 43 164.04558
39 44 147.5216
39 45 101.78164
39 46 147.77572
39 47 198.3653
39 48 113.3569
39 49 149.358
39 50 116.20646
39 51 153.20012
39 52 114.48819
39 53 197.71879
39 54 141.11607
39 55 140.27594
39 56 114.11936
39 57 187.26842
39 58 165.38571
39 59 197.61225
39 60 122.727
39 61 122.06003
39 62 179.85503
39 63 171.52373
39 64 187.9142
39 65 190.39994
39 66 104.73208
39 67 128.20109
39 68 183.69167
39 69 108.80665
39 70 156.70636
39 71 100.32145
39 72 176.31398
39 73 137.98069
39 74 128.47974
39 75 139.63786
39 76 113.06992
39 77 115.03808
39 78 111.66506
39 79 149.25383
39 80 125.77195
39 81 178.86049
39 82 192.95271
39 83 104.54744
39 84 122.46244
39 85 121.79675
39 86 183.04985
39 87 114.84202
39 88 188.21137
39 89 113.4718
39 90 104.57544
39 91 153.42794
39 92 166.31113
39 93 115.02197
39 94 182.07397
39 95 155.50418
39 96 126.91815
39 97 144.42207
39 98 135.64743
39 99 140.58832
40 41 133.26358
40 42 164.56048
40 43 105.31118
40 44 121.29712
40 45 158.43656
40 46 187.16739
40 47 181.7053
40 48 194.28464
40 49 169.16711
40 50 135.57715
40 51 183.43271
40 52 161.77189
40 53 174.67048
40 54 169.88478
40 55 144.86884
40 56 184.47989
40 57 173.19701
40 58 189.49669
40 59 136.29622
40 60 110.92588
40 61 113.65609
40 62 146.27916
40 63 189.59989
40 64 190.94652
40 65 178.11638
40 66 155.8176
40 67 184.18914
40 68 163.07216
40 69 117.82112
40 70 160.44951
40 71 142.92406
40 72 116.52488
40 73 122.40455
40 74 174.40589
40 75 109.31148
40 76 149.97885
40 77 152.06531
40 78 185.13705
40 79 114.50227
40 80 111.81956
40 81 142.43778
40 82 155.25795
40 83 174.6634
40 84 132.79374
40 85 192.14051
40 86 154.25189
40 87 188.23553
40 88 184.71715
40 89 190.67476
40 90 155.54448
40 91 193.31872
40 92 160.21838
40 93 140.28014
40 94 160.79948
40 95 113.42002
40 96 166.98049
40 97 153.00007
40 98 118.93811
40 99 154.24567
41 42 182.91458
41 43 136.46628
41 44 191.37436
41 45 120.62892
41 46 100.2799
41 47 124.40869
41 48 110.61171
41 49 119.54237
41 50 177.43992
41 51 199.12019
41 52 164.20464
41 53 146.98409
41 54 136.65286
41 55 148.7103
41 56 100.68447
41 57 181.64675
41 58 181.23644
41 59 160.75751
41 60 118.09848
41 61 117.60251
41 62 127.08968
41 63 186.53259
41 64 160.50985
41 65 161.37047
41 66 105.64787
41 67 114.23189
41 68 175.18227
41 69 173.47476
41 70 140.4794
41 71 145.42386
41 72 158.94275
41 73 160.37384
41 74 181.55134
41 75 103.22514
41 76 113.5664
41 77 142.00356
41 78 153.00827
41 79 184.68675
41 80 196.15335
41 81 182.87036
41 82 110.81153
41 83 174.69908
41 84 121.53707
41 85 164.32644
41 86 137.84965
41 87 146.02551
41 88 126.08862
41 89 173.00968
41 90 148.71998
41 91 199.31401
41 92 130.04834
41 93 156.78027
41 94 174.99525
41 95 196.20705
41 96 157.40103
41 97 115.44819
41 98 162.84163
41 99 103.25158
42 43 110.3343
42 44 194.26372
42 45 177.76191
42 46 108.00199
42 47 170.501
42 48 190.33298
42 49 120.91239
42 50 191.92787
42 51 136.32035
42 52 170.98221
42 53 173.68821
42 54 121.0112
42 55 125.86178
42 56 155.81271
42 57 137.6426
42 58 112.29974
42 59 126.45916
42 60 133.93416
42 61 111.51737
42 62 125.26907
42 63 154.3289
42 64 157.44433
42 65 113.59514
42 66 185.07763
42 67 164.01046
42 68 196.72054
42 69 134.25331
42 70 121.17801
42 71 197.14212
42 72 103.12933
42 73 121.24266
42 74 131.27797
42 75 123.4993
42 76 168.04177
42 77 100.54907
42 78 114.96749
42 79 132.27982
42 80 150.06418
42 81 114.00038
42 82 121.0203
42 83 158.65902
42 84 154.69806
42 85 122.60115
42 86 162.66816
42 87 106.57183
42 88 125.1602
42 89 151.99243
42 90 140.28606
42 91 171.39619
42 92 132.29385
42 93 172.95273
42 94 105.93146
42 95 133.38773
42 96 133.97098
42 97 147.7795
42 98 186.46719
42 99 171.39811
43 44 190.74387
43 45 187.87284
43 46 183.26873
43 47 171.42285
43 48 144.44711
43 49 110.99679
43 50 127.43605
43 51 112.5369
43 52 196.44036
43 53 124.65593
43 54 174.47586
43 55 132.71903
43 56 132.33516
43 57 191.98871
43 58 112.37537
43 59 105.49738
43 60 126.39218
43 61 180.98895
43 62 137.42102
43 63 126.29836
43 64 186.12566
43 65 151.20324
43 66 183.05022
43 67 190.13156
43 68 145.25817
43 69 140.06454
43 70 117.57857
43 71 100.16508
43 72 123.53285
43 73 194.49288
43 74 172.405
43 75 106.41509
43 76 143.91596
43 77 162.13541
43 78 150.4146
43 79 195.61906
43 80 104.57639
43 81 162.66719
43 82 147.50805
43 83 117.77181
43 84 190.11391
43 85 133.69339
43 86 180.539
43 87 180.22226
43 88 143.33879
43 89 156.84641
43 90 139.82276
43 91 138.98778
43 92 128.11033
43 93 185.12823
43 94 137.77251
43 95 136.08071
43 96 106.48453
43 97 117.12404
43 98 198.50976
43 99 158.22242
44 45 148.07484
44 46 112.10799
44 47 143.89416
44 48 161.63547
44 49 109.3918
44 50 162.22096
44 51 184.37717
44 52 154.66368
44 53 109.22465
44 54 144.67342
44 55 159.6362
44 56 118.0068
44 57 127.62819
44 58 111.37551
44 59 145.39851
44 60 160.50307
44 61 143.59678
44 62 106.46277
44 63 146.82197
44 64 138.70144
44 65 147.71912
44 66 173.0128
44 67 133.07628
44 68 179.76235
44 69 104.02734
44 70 117.22653
44 71 111.4898
44 72 168.32229
44 73 157.36505
44 74 177.00406
44 75 184.86719
44 76 189.41666
44 77 158.82022
44 78 151.08352
44 79 159.6912
44 80 108.90529
44 81 114.49977
44 82 178.95074
44 83 188.26945
44 84 131.97192
44 85 176.2073
44 86 183.8733
44 87 113.80596
44 88 128.75085
44 89 198.99579
44 90 172.11043
44 91 112.00229
44 92 101.17089
44 93 129.95654
44 94 172.31551
44 95 158.16926
44 96 120.42911
44 97 147.42326
44 98 147.02151
44 99 164.76765
45 46 128.69741
45 47 175.52598
45 48 134.30773
45 49 190.63531
45 50 170.60658
45 51 131.41609
45 52 102.68223
45 53 120.06213
45 54 110.77939
45 55 141.71374
45 56 140.08453
45 57 173.9816
45 58 131.25497
45 59 128.73729
45 60 133.05211
45 61 167.5138
45 62 183.69568
45 63 126.64922
45 64 123.63382
45 65 118.3735
45 66 146.91334
45 67 154.8932
45 68 179.50243
45 69 118.18066
45 70 177.20041
45 71 100.55539
45 72 168.02649
45 73 191.86781
45 74 155.41659
45 75 123.85186
45 76 130.58318
45 77 102.5422
45 78 177.8916
45 79 106.24234
45 80 129.31554
45 81 165.65131
45 82 101.91147
45 83 150.3237
45 84 109.88009
45 85 175.58793
45 86 107.15557
45 87 145.67438
45 88 135.41634
45 89 176.44208
45 90 152.38245
45 91 162.11597
45 92 102.29993
45 93 152.68936
45 94 113.53109
45 95 147.79429
45 96 115.42257
45 97 153.05669
45 98 157.24962
45 99 144.83328
46 47 141.67226
46 48 104.04684
46 49 167.00458
46 50 169.5713
46 51 111.99914
46 52 185.237
46 53 134.1249
46 54 100.86714
46 55 118.73994
46 56 180.47286
46 57 148.58335
46 58 166.20249
46 59 173.11187
46 60 152.21795
46 61 145.28487
46 62 136.02339
46 63 106.44506
46 64 194.51396
46 65 183.56252
46 66 152.15938
46 67 133.26221
46 68 126.35159
46 69 176.85348
46 70 171.39303
46 71 140.83976
46 72 190.04945
46 73 172.92094
46 74 125.8485
46 75 153.50496
46 76 130.0871
46 77 172.93539
46 78 166.60326
46 79 134.1744
46 80 154.81952
46 81 128.35115
46 82 195.33919
46 83 148.5259
46 84 175.83147
46 85 122.66237
46 86 195.71619
46 87 101.54066
46 88 116.501
46 89 158.79378
46 90 114.72224
46 91 107.29034
46 92 198.68238
46 93 167.03141
46 94 131.73375
46 95 154.18657
46 96 160.47053
46 97 140.63412
46 98 159.50845
46 99 169.82597
47 48 103.14335
47 49 117.87948
47 50 136.84579
47 51 150.4772
47 52 119.10829
47 53 108.18513
47 54 199.83357
47 55 147.38418
47 56 131.38572
47 57 173.68252
47 58 193.28876
47 59 197.04296
47 60 175.76828
47 61 124.93631
47 62 165.19247
47 63 103.00034
47 64 113.67496
47 65 127.26999
47 66 116.40376
47 67 174.0149
47 68 185.26115
47 69 116.05472
47 70 152.0559
47 71 192.21064
47 72 180.9225
47 73 198.71123
47 74 159.07342
47 75 163.48999
47 76 146.44496
47 77 126.53263
47 78 182.32698
47 79 145.17074
47 80 151.09998
47 81 112.03507
47 82 197.50382
47 83 132.46781
47 84 176.58097
47 85 169.41572
47 86 126.47697
47 87 190.50014
47 88 171.7169
47 89 167.74758
47 90 188.70469
47 91 111.72084
47 92 159.53603
47 93 185.92568
47 94 168.13723
47 95 105.64457
47 96 138.21486
47 97 128.9809
47 98 167.06388
47 99 133.26929
48 49 168.48069
48 50 137.67494
48 51 108.96331
48 52 176.50535
48 53 190.87389
48 54 171.64314
48 55 168.59685
48 56 102.09681
48 57 138.87615
48 58 184.81374
48 59 112.63106
48 60 126.84959
48 61 118.85069
48 62 163.33528
48 63 181.92052
48 64 172.68421
48 65 190.10575
48 66 181.50297
48 67 111.48583
48 68 120.87894
48 69 192.15186
48 70 108.67128
48 71 109.52737
48 72 182.48697
48 73 157.02388
48 74 135.78802
48 75 105.53777
48 76 128.72782
48 77 192.00696
48 78 174.51946
48 79 186.93415
48 80 109.42828
48 81 140.42157
48 82 191.16113
48 83 161.65005
48 84 192.39968
48 85 141.90424
48 86 105.96907
48 87 167.46953
48 88 158.7926
48 89 170.42255
48 90 102.76675
48 91 123.16974
48 92 149.50952
48 93 150.68211
48 94 116.74134
48 95 137.22715
48 96 117.36044
48 97 124.58367
48 98 104.51509
48 99 103.89403
49 50 153.6348
49 51 182.51549
49 52 168.49519
49 53 188.14422
49 54 181.50909
49 55 110.28146
49 56 152.11661
49 57 158.58574
49 58 186.13809
49 59 177.77226
49 60 139.61854
49 61 112.25374
49 62 160.34558
49 63 123.06076
49 64 122.42188
49 65 136.23527
49 66 137.07161
49 67 174.52615
49 68 181.97
49 69 196.60992
49 70 141.35993
49 71 124.44613
49 72 154.66662
49 73 105.80693
49 74 170.39875
49 75 142.34611
49 76 199.54385
49 77 167.66898
49 78 180.81798
49 79 154.811
49 80 136.94865
49 81 164.00919
49 82 152.16742
49 83 169.92603
49 84 133.12935
49 85 185.8295
49 86 140.68897
49 87 125.41614
49 88 198.58103
49 89 164.81969
49 90 175.80222
49 91 102.96114
49 92 186.32532
49 93 123.41531
49 94 157.24066
49 95 103.38879
49 96 189.10558
49 97 137.39109
49 98 136.80435
49 99 144.63916
50 51 152.60126
50 52 127.88904
50 53 180.98974
50 54 114.23796
50 55 125.38724
50 56 134.31507
50 57 157.08084
50 58 121.95111
50 59 114.29217
50 60 133.26277
50 61 193.67153
50 62 132.22188
50 63 168.66417
50 64 183.54498
50 65 152.84651
50 66 156.22013
50 67 144.7863
50 68 197.76142
50 69 124.73007
50 70 197.82673
50 71 146.11028
50 72 127.98839
50 73 174.67756
50 74 166.62021
50 75 168.44289
50 76 116.94596
50 77 169.08158
50 78 169.98999
50 79 157.8646
50 80 174.97867
50 81 114.81127
50 82 163.55183
50 83 178.47297
50 84 124.54283
50 85 136.09034
50 86 184.00307
50 87 178.95985
50 88 159.03923
50 89 181.46458
50 90 170.88868
50 91 138.44403
50 92 137.06743
50 93 106.41417
50 94 118.34589
50 95 140.66786
50 96 143.31628
50 97 115.82025
50 98 181.92521
50 99 110.05138
51 52 100.65058
51 53 105.71927
51 54 168.94028
51 55 193.31415
51 56 132.71617
51 57 118.88559
51 58 126.06259
51 59 180.67329
51 60 144.26773
51 61 177.07343
51 62 103.71361
51 63 187.07925
51 64 124.27709
51 65 196.94339
51 66 105.24833
51 67 184.10772
51 68 176.75752
51 69 150.74105
51 70 160.9459
51 71 177.56968
51 72 189.55729
51 73 197.83456
51 74 187.43041
51 75 186.17555
51 76 119.44974
51 77 104.80464
51 78 104.47986
51 79 120.4174
51 80 164.96126
51 81 155.16283
51 82 193.04925
51 83 170.12221
51 84 167.23073
51 85 127.1821
51 86 107.06362
51 87 147.94283
51 88 100.21924
51 89 159.75916
51 90 162.2934
51 91 176.08919
51 92 136.2667
51 93 123.39556
51 94 183.86977
51 95 108.49045
51 96 180.45885
51 97 123.33262
51 98 101.93089
51 99 193.80347
52 53 164.53092
52 54 164.90003
52 55 191.67062
52 56 164.18271
52 57 117.69526
52 58 140.39799
52 59 113.01017
52 60 138.84045
52 61 107.3065
52 62 118.74139
52 63 189.43207
52 64 120.3553
52 65 177.79368
52 66 111.82995
52 67 132.2462
52 68 146.69838
52 69 100.17977
52 70 193.27129
52 71 174.36834
52 72 101.12905
52 73 126.30974
52 74 155.95287
52 75 124.78564
52 76 184.89951
52 77 141.24304
52 78 179.57771
52 79 100.05426
52 80 184.75059
52 81 148.95038
52 82 198.58079
52 83 138.0308
52 84 152.20159
52 85 130.17705
52 86 126.92848
52 87 104.61771
52 88 104.49431
52 89 198.72938
52 90 138.97951
52 91 127.7664
52 92 159.01457
52 93 160.89241
52 94 130.44628
52 95 198.40184
52 96 166.68191
52 97 192.72399
52 98 142.10674
52 99 111.27197
53 54 197.94677
53 55 108.62106
53 56 171.2008
53 57 121.70301
53 58 191.48927
53 59 129.12941
53 60 197.78072
53 61 108.56468
53 62 171.93919
53 63 116.55508
53 64 158.37551
53 65 128.25262
53 66 185.33899
53 67 155.19005
53 68 140.1849
53 69 101.09409
53 70 164.36964
53 71 186.49674
53 72 139.7115
53 73 112.5282
53 74 187.83005
53 75 193.57103
53 76 144.07552
53 77 121.6622
53 78 156.35621
53 79 167.1756
53 80 137.59552
53 81 133.1923
53 82 102.20816
53 83 170.07431
53 84 137.86802
53 85 154.57337
53 86 191.98326
53 87 190.47436
53 88 127.00546
53 89 160.21151
53 90 111.73847
53 91 103.33511
53 92 120.58721
53 93 170.50928
53 94 114.65418
53 95 171.43625
53 96 148.32413
53 97 179.96103
53 98 163.04375
53 99 168.55538
54 55 107.04512
54 56 188.16887
54 57 193.54142
54 58 186.65319
54 59 184.10649
54 60 180.92634
54 61 108.26417
54 62 185.95897
54 63 178.94995
54 64 141.99575
54 65 189.00482
54 66 180.35899
54 67 186.65846
54 68 146.60503
54 69 144.42521
54 70 124.45023
54 71 133.73712
54 72 151.37977
54 73 190.36652
54 74 174.76485
54 75 129.6748
54 76 187.14072
54 77 113.30077
54 78 108.22785
54 79 130.38635
54 80 135.08422
54 81 101.89966
54 82 178.83243
54 83 116.96668
54 84 137.68368
54 85 188.21105
54 86 195.07712
54 87 166.10881
54 88 199.30296
54 89 121.01507
54 90 135.35369
54 91 156.41604
54 92 189.35224
54 93 172.47446
54 94 189.31546
54 95 111.66249
54 96 149.66718
54 97 192.78076
54 98 131.32748
54 99 114.78245
55 56 106.7691
55 57 126.08791
55 58 187.39875
55 59 149.7015
55 60 142.1893
55 61 141.97814
55 62 150.65631
55 63 195.14022
55 64 161.44304
55 65 127.6806
55 66 110.24187
55 67 149.08074
55 68 170.02155
55 69 115.19036
55 70 191.93429
55 71 196.57886
55 72 172.85567
55 73 110.08387
55 74 190.75897
55 75 111.51308
55 76 188.65015
55 77 197.95074
55 78 117.2727
55 79 140.87887
55 80 153.25551
55 81 171.97389
55 82 181.17749
55 83 176.79318
55 84 159.82862
55 85 159.04386
55 86 131.05913
55 87 146.52655
55 88 174.15809
55 89 108.4867
55 90 166.82741
55 91 120.36347
55 92 170.07312
55 93 192.05242
55 94 187.71534
55 95 117.59047
55 96 127.71895
55 97 147.51139
55 98 175.49733
55 99 135.48739
56 57 133.87246
56 58 121.85595
56 59 179.28557
56 60 184.18236
56 61 186.73457
56 62 164.12628
56 63 194.2952
56 64 143.32033
56 65 110.20183
56 66 191.46998
56 67 142.41311
56 68 102.73954
56 69 157.54265
56 70 195.2722
56 71 191.01241
56 72 127.75989
56 73 115.92396
56 74 111.76806
56 75 190.01218
56 76 178.53
56 77 129.36619
56 78 147.34967
56 79 197.80429
56 80 110.94365
56 81 111.36531
56 82 102.44987
56 83 114.05065
56 84 159.35795
56 85 178.30754
56 86 104.40173
56 87 184.78269
56 88 119.99307
56 89 188.88693
56 90 192.3597
56 91 104.90756
56 92 183.30311
56 93 116.16198
56 94 150.39993
56 95 151.09583
56 96 187.07877
56 97 160.82688
56 98 120.41354
56 99 105.20151
57 58 122.39823
57 59 184.84771
57 60 172.1146
57 61 132.29029
57 62 167.06709
57 63 193.98245
57 64 121.06783
57 65 134.8638
57 66 150.60692
57 67 173.23776
57 68 116.22181
57 69 139.14244
57 70 182.74005
57 71 104.2952
57 72 130.75572
57 73 124.62003
57 74 112.76463
57 75 161.93287
57 76 188.61999
57 77 143.57286
57 78 159.47308
57 79 135.23126
57 80 136.45779
57 81 191.87179
57 82 184.48849
57 83 141.34144
57 84 152.70563
57 85 160.19224
57 86 150.0837
57 87 133.05865
57 88 136.68736
57 89 168.87463
57 90 196.87387
57 91 130.65249
57 92 123.50807
57 93 121.13339
57 94 189.94791
57 95 131.81058
57 96 192.77967
57 97 132.25227
57 98 138.93612
57 99 142.94313
58 59 198.70038
58 60 128.89011
58 61 147.75382
58 62 105.28932
58 63 155.59271
58 64 176.59424
58 65 149.17643
58 66 129.28969
58 67 170.94827
58 68 181.98101
58 69 175.18656
58 70 113.34267
58 71 101.17795
58 72 185.43517
58 73 177.08583
58 74 173.79101
58 75 113.08553
58 76 177.78362
58 77 138.50537
58 78 127.29212
58 79 146.22667
58 80 184.06726
58 81 154.31219
58 82 110.83181
58 83 118.87722
58 84 164.08964
58 85 140.69856
58 86 101.21883
58 87 142.45785
58 88 149.13884
58 89 177.9651
58 90 199.5935
58 91 182.68787
58 92 140.64005
58 93 115.09244
58 94 129.7623
58 95 129.53465
58 96 192.10443
58 97 154.33914
58 98 108.35309
58 99 151.18571
59 60 112.96367
59 61 121.08816
59 62 135.46098
59 63 135.01887
59 64 169.76961
59 65 100.26537
59 66 143.17658
59 67 161.05907
59 68 115.56608
59 69 161.7963
59 70 152.16501
59 71 199.984
59 72 189.86925
59 73 159.77983
59 74 130.38627
59 75 159.43763
59 76 113.16383
59 77 133.93127
59 78 143.14936
59 79 190.92003
59 80 130.23731
59 81 198.11228
59 82 188.72616
59 83 162.88966
59 84 182.01466
59 85 138.09916
59 86 160.7842
59 87 119.79772
59 88 156.32998
59 89 135.50093
59 90 134.48768
59 91 151.50177
59 92 149.73455
59 93 103.64768
59 94 106.18389
59 95 167.52739
59 96 107.43614
59 97 105.08343
59 98 169.10607
59 99 170.16266
60 61 164.45153
60 62 145.97295
60 63 187.74726
60 64 118.62456
60 65 123.63095
60 66 129.12816
60 67 147.92999
60 68 156.19405
60 69 163.86136
60 70 134.88193
60 71 145.85415
60 72 175.28286
60 73 134.75502
60 74 146.35147
60 75 118.47634
60 76 116.45212
60 77 100.53506
60 78 108.90118
60 79 158.10303
60 80 144.29862
60 81 128.50246
60 82 164.93406
60 83 134.63781
60 84 138.93074
60 85 156.48473
60 86 143.37604
60 87 179.32497
60 88 152.80031
60 89 110.30566
60 90 165.84194
60 91 133.60211
60 92 155.03877
60 93 152.39842
60 94 128.27675
60 95 146.04408
60 96 170.69645
60 97 102.09606
60 98 198.7044
60 99 112.08963
61 62 159.38955
61 63 123.92906
61 64 125.36993
61 65 183.93544
61 66 199.87661
61 67 118.15311
61 68 170.78083
61 69 193.87564
61 70 174.96615
61 71 198.481
61 72 116.63566
61 73 118.48984
61 74 177.65128
61 75 124.95925
61 76 149.13435
61 77 153.01956
61 78 159.51653
61 79 187.0407
61 80 149.7697
61 81 126.6111
61 82 194.16911
61 83 172.14736
61 84 140.4192
61 85 148.08558
61 86 194.26264
61 87 116.51417
61 88 164.74806
61 89 125.81252
61 90 111.09933
61 91 179.60602
61 92 135.97664
61 93 198.49368
61 94 193.62747
61 95 133.79588
61 96 113.25919
61 97 169.63293
61 98 153.44204
61 99 126.85393
62 63 166.79113
62 64 152.05972
62 65 141.63529
62 66 199.17415
62 67 110.38627
62 68 152.72478
62 69 189.61099
62 70 114.89043
62 71 133.24721
62 72 102.74315
62 73 182.8764
62 74 156.43696
62 75 142.10531
62 76 115.29447
62 77 156.62649
62 78 158.39321
62 79 182.93698
62 80 115.29047
62 81 133.94536
62 82 176.49887
62 83 108.92349
62 84 186.86369
62 85 193.91482
62 86 172.03486
62 87 136.36962
62 88 176.58242
62 89 171.53836
62 90 115.58861
62 91 171.86534
62 92 160.36393
62 93 165.58063
62 94 133.21082
62 95 144.59611
62 96 159.97682
62 97 168.28013
62 98 128.96561
62 99 152.28061
63 64 154.80154
63 65 107.00188
63 66 149.02914
63 67 171.51683
63 68 155.65601
63 69 194.40289
63 70 123.88357
63 71 163.66848
63 72 109.40849
63 73 151.55989
63 74 176.41918
63 75 174.43783
63 76 163.34323
63 77 125.83589
63 78 161.09378
63 79 104.68196
63 80 162.57742
63 81 196.42155
63 82 133.68434
63 83 184.40919
63 84 163.17951
63 85 140.31024
63 86 191.75378
63 87 168.64456
63 88 112.84654
63 89 165.50809
63 90 147.92734
63 91 134.22112
63 92 119.63673
63 93 169.50716
63 94 115.35109
63 95 129.97627
63 96 157.60414
63 97 182.69248
63 98 128.77665
63 99 114.75827
64 65 191.54506
64 66 150.32229
64 67 104.02858
64 68 166.95041
64 69 192.87748
64 70 183.66231
64 71 174.27367
64 72 178.88239
64 73 148.9014
64 74 122.57533
64 75 145.29199
64 76 160.44629
64 77 144.61145
64 78 116.68966
64 79 181.99184
64 80 135.01212
64 81 170.53141
64 82 113.83513
64 83 112.40625
64 84 174.65361
64 85 114.64694
64 86 139.07699
64 87 134.2437
64 88 158.64119
64 89 116.42074
64 90 197.91788
64 91 138.96387
64 92 129.8493
64 93 111.46596
64 94 159.11009
64 95 172.93867
64 96 151.60182
64 97 199.39859
64 98 194.80505
64 99 108.79913
65 66 163.95915
65 67 120.82766
65 68 107.62613
65 69 161.52054
65 70 189.88333
65 71 100.45902
65 72 143.28506
65 73 152.99307
65 74 100.13805
65 75 101.42144
65 76 185.05235
65 77 112.11049
65 78 123.29833
65 79 121.67779
65 80 115.87307
65 81 106.26121
65 82 189.60309
65 83 183.51515
65 84 163.67319
65 85 195.14021
65 86 182.95139
65 87 157.01146
65 88 144.50347
65 89 169.04972
65 90 146.714
65 91 171.86179
65 92 176.48134
65 93 167.60407
65 94 123.87186
65 95 149.83694
65 96 105.05124
65 97 136.24279
65 98 154.46939
65 99 175.74098
66 67 116.25616
66 68 175.10814
66 69 196.86051
66 70 100.27185
66 71 148.35531
66 72 170.66485
66 73 108.95977
66 74 124.37552
66 75 198.97794
66 76 120.2535
66 77 171.62115
66 78 190.74919
66 79 144.49638
66 80 131.63722
66 81 154.19432
66 82 131.05148
66 83 143.73668
66 84 195.99372
66 85 180.17304
66 86 158.28041
66 87 112.97957
66 88 190.93701
66 89 183.18708
66 90 141.29753
66 91 148.84419
66 92 160.93084
66 93 125.81248
66 94 174.11599
66 95 146.18645
66 96 150.09931
66 97 125.22538
66 98 187.51072
66 99 162.08838
67 68 128.47339
67 69 186.85502
67 70 197.71465
67 71 134.18762
67 72 164.58131
67 73 130.39411
67 74 166.40624
67 75 110.54942
67 76 123.63392
67 77 156.63115
67 78 198.09351
67 79 179.11183
67 80 156.2894
67 81 194.58657
67 82 162.30527
67 83 172.28197
67 84 144.30589
67 85 193.92783
67 86 170.45361
67 87 130.30879
67 88 177.5031
67 89 105.93211
67 90 159.79081
67 91 188.71833
67 92 138.4165
67 93 149.52867
67 94 173.0628
67 95 119.83522
67 96 122.84643
67 97 141.35341
67 98 132.64959
67 99 190.85418
68 69 130.6996
68 70 132.7805
68 71 198.04107
68 72 132.82874
68 73 196.46597
68 74 189.90485
68 75 160.12635
68 76 180.4259
68 77 104.64858
68 78 154.61736
68 79 107.85664
68 80 102.22622
68 81 107.97376
68 82 194.1127
68 83 155.39439
68 84 184.96256
68 85 148.26207
68 86 167.28141
68 87 180.1347
68 88 105.84752
68 89 122.1346
68 90 163.21558
68 91 179.37249
68 92 187.16087
68 93 181.79619
68 94 193.7919
68 95 176.1782
68 96 177.83996
68 97 100.14922
68 98 121.53744
68 99 163.05439
69 70 154.07302
69 71 131.68325
69 72 102.22596
69 73 174.04798
69 74 176.57122
69 75 164.4207
69 76 101.14344
69 77 127.04496
69 78 181.4212
69 79 108.98568
69 80 174.22285
69 81 149.09503
69 82 107.27224
69 83 116.66652
69 84 128.80489
69 85 149.52284
69 86 166.46487
69 87 105.44195
69 88 101.49662
69 89 116.30082
69 90 194.68421
69 91 132.30323
69 92 142.98645
69 93 102.98559
69 94 112.58708
69 95 177.11796
69 96 170.57477
69 97 140.08538
69 98 128.08468
69 99 189.70949
70 71 172.47285
70 72 193.35002
70 73 171.63543
70 74 134.99504
70 75 140.80599
70 76 151.60913
70 77 175.09642
70 78 117.03708
70 79 139.1665
70 80 112.45211
70 81 185.96451
70 82 107.47422
70 83 190.18126
70 84 104.45293
70 85 190.42516
70 86 109.78978
70 87 161.74888
70 88 101.28255
70 89 152.35915
70 90 175.17701
70 91 148.48149
70 92 128.99746
70 93 199.08923
70 94 190.61064
70 95 121.75593
70 96 143.09894
70 97 146.25343
70 98 154.03139
70 99 137.32296
71 72 176.20059
71 73 120.94508
71 74 115.66524
71 75 157.54544
71 76 197.21588
71 77 121.55488
71 78 170.55377
71 79 192.96556
71 80 186.72428
71 81 107.83452
71 82 165.34918
71 83 143.69476
71 84 183.10647
71 85 151.43942
71 86 123.97287
71 87 176.49315
71 88 181.3765
71 89 156.09466
71 90 154.02163
71 91 149.74974
71 92 141.39182
71 93 135.95876
71 94 191.71023
71 95 175.21275
71 96 140.64842
71 97 130.73019
71 98 102.55277
71 99 143.29823
72 73 175.35353
72 74 139.43254
72 75 177.87414
72 76 171.42192
72 77 178.61075
72 78 191.41907
72 79 174.5118
72 80 119.61709
72 81 120.75788
72 82 113.15404
72 83 100.16038
72 84 176.26446
72 85 187.55849
72 86 148.87089
72 87 184.59768
72 88 169.32471
72 89 114.81818
72 90 102.80518
72 91 128.31876
72 92 188.13508
72 93 156.93641
72 94 114.25589
72 95 126.0916
72 96 143.74852
72 97 116.54906
72 98 180.68724
72 99 152.37486
73 74 186.72449
73 75 111.51773
73 76 194.65629
73 77 191.90566
73 78 193.20638
73 79 156.97947
73 80 177.72947
73 81 122.0122
73 82 187.92939
73 83 125.1859
73 84 189.91592
73 85 118.64306
73 86 146.19739
73 87 176.85164
73 88 173.69806
73 89 198.85163
73 90 171.47459
73 91 106.84747
73 92 166.99867
73 93 198.07183
73 94 117.41589
73 95 108.99642
73 96 130.6837
73 97 177.28603
73 98 175.48599
73 99 108.6049
74 75 149.85877
74 76 129.84633
74 77 175.49101
74 78 171.27185
74 79 168.56783
74 80 157.87809
74 81 178.03394
74 82 141.56837
74 83 119.4569
74 84 108.68278
74 85 178.0061
74 86 189.99156
74 87 165.15283
74 88 140.6362
74 89 175.63828
74 90 112.14848
74 91 125.67434
74 92 134.59138
74 93 171.4693
74 94 184.10897
74 95 191.03166
74 96 119.03793
74 97 109.00687
74 98 197.22621
74 99 118.81002
75 76 178.85485
75 77 185.18029
75 78 176.33356
75 79 162.48285
75 80 118.78201
75 81 194.60412
75 82 179.6878
75 83 151.4981
75 84 143.85429
75 85 159.43557
75 86 124.15301
75 87 120.11091
75 88 172.5577
75 89 166.96829
75 90 194.47009
75 91 156.65844
75 92 125.09094
75 93 141.22848
75 94 107.05856
75 95 116.05824
75 96 152.90476
75 97 148.76383
75 98 135.19301
75 99 184.38714
76 77 127.70656
76 78 187.34585
76 79 193.67296
76 80 159.03673
76 81 198.43492
76 82 153.54964
76 83 185.61695
76 84 177.68116
76 85 195.16687
76 86 107.34627
76 87 101.71878
76 88 108.55625
76 89 153.23642
76 90 121.36356
76 91 124.12059
76 92 166.35118
76 93 153.88533
76 94 151.63692
76 95 115.17352
76 96 110.36902
76 97 175.83987
76 98 168.39141
76 99 132.69195
77 78 194.61986
77 79 163.2934
77 80 130.6384
77 81 141.63806
77 82 103.65145
77 83 185.29691
77 84 144.45291
77 85 147.73107
77 86 157.11079
77 87 132.78702
77 88 187.8489
77 89 177.85825
77 90 187.1938
77 91 161.77122
77 92 135.37316
77 93 131.03173
77 94 106.06834
77 95 125.9936
77 96 141.62848
77 97 104.56857
77 98 124.11926
77 99 170.38902
78 79 173.78809
78 80 175.90028
78 81 141.9693
78 82 172.27922
78 83 118.15794
78 84 162.08178
78 85 128.48164
78 86 112.50753
78 87 174.80135
78 88 194.64663
78 89 160.56956
78 90 127.75871
78 91 154.86615
78 92 115.12927
78 93 177.02866
78 94 132.84458
78 95 136.41334
78 96 115.95464
78 97 101.21282
78 98 179.61216
78 99 111.96309
79 80 171.46908
79 81 102.2236
79 82 155.73273
79 83 140.56065
79 84 159.76216
79 85 179.49876
79 86 164.00203
79 87 152.42975
79 88 125.95927
79 89 126.1636
79 90 167.55777
79 91 114.2087
79 92 132.58716
79 93 123.89449
79 94 114.52035
79 95 104.65694
79 96 151.69169
79 97 102.41179
79 98 160.64433
79 99 189.74529
80 81 163.87893
80 82 199.63424
80 83 174.14555
80 84 197.88063
80 85 132.09123
80 86 191.0571
80 87 164.23881
80 88 146.63883
80 89 137.91418
80 90 142.24316
80 91 193.6082
80 92 187.70311
80 93 179.48527
80 94 173.51454
80 95 199.84487
80 96 165.69558
80 97 165.63275
80 98 134.92122
80 99 175.0924
81 82 102.19243
81 83 195.87974
81 84 178.08363
81 85 190.85702
81 86 113.48597
81 87 151.81704
81 88 146.32892
81 89 109.93011
81 90 198.15609
81 91 140.92734
81 92 137.98141
81 93 191.82439
81 94 169.56744
81 95 173.66774
81 96 117.07648
81 97 192.74522
81 98 140.81967
81 99 126.37816
82 83 195.38787
82 84 100.79104
82 85 125.90653
82 86 129.55475
82 87 170.65777
82 88 113.99413
82 89 178.67154
82 90 158.6288
82 91 101.50985
82 92 185.33444
82 93 142.48817
82 94 183.63848
82 95 164.70728
82 96 189.3947
82 97 194.68667
82 98 166.67214
82 99 190.01273
83 84 111.16298
83 85 132.8285
83 86 173.48962
83 87 107.68897
83 88 119.51244
83 89 167.96738
83 90 118.935
83 91 177.59578
83 92 167.26034
83 93 126.92414
83 94 144.71328
83 95 107.70911
83 96 111.97585
83 97 197.09466
83 98 110.49103
83 99 157.45225
84 85 136.68273
84 86 127.7823
84 87 146.80673
84 88 191.91292
84 89 194.66971
84 90 113.2739
84 91 164.59353
84 92 126.21577
84 93 146.07295
84 94 164.56176
84 95 101.23794
84 96 196.14505
84 97 197.00969
84 98 176.46307
84 99 191.6201
85 86 151.1654
85 87 117.49733
85 88 103.9925
85 89 167.34135
85 90 129.01259
85 91 174.06834
85 92 145.41929
85 93 117.37382
85 94 177.98032
85 95 120.4925
85 96 105.85032
85 97 189.37709
85 98 109.76599
85 99 167.58695
86 87 134.43552
86 88 149.43974
86 89 127.53098
86 90 114.79192
86 91 181.1546
86 92 116.95368
86 93 180.62465
86 94 199.22429
86 95 136.00939
86 96 165.69082
86 97 172.92113
86 98 141.58815
86 99 126.25381
87 88 103.5114
87 89 182.96238
87 90 188.47799
87 91 191.76837
87 92 192.87483
87 93 183.81606
87 94 167.53522
87 95 112.49002
87 96 181.03581
87 97 135.2727
87 98 165.92219
87 99 109.47231
88 89 101.25848
88 90 141.84143
88 91 136.78275
88 92 104.60793
88 93 113.28005
88 94 108.50612
88 95 183.06859
88 96 166.3739
88 97 134.91679
88 98 120.7553
88 99 196.13384
89 90 117.98094
89 91 113.31468
89 92 108.52439
89 93 149.71197
89 94 195.99906
89 95 198.024
89 96 142.08036
89 97 158.0816
89 98 169.8556
89 99 196.97496
90 91 100.16684
90 92 152.45094
90 93 129.10344
90 94 106.63786
90 95 120.88859
90 96 188.03228
90 97 132.3449
90 98 102.08401
90 99 103.64608
91 92 195.90683
91 93 104.44007
91 94 100.49679
91 95 125.19751
91 96 109.18359
91 97 186.6543
91 98 139.04344
91 99 196.29781
92 93 113.92223
92 94 160.72348
92 95 125.79314
92 96 104.92638
92 97 164.78966
92 98 116.91619
92 99 153.86508
93 94 159.53713
93 95 132.46311
93 96 191.02744
93 97 126.91533
93 98 155.37187
93 99 170.27192
94 95 149.54114
94 96 168.78788
94 97 123.90801
94 98 175.1272
94 99 189.40897
95 96 161.09131
95 97 173.62418
95 98 143.12365
95 99 181.3908
96 97 168.9205
96 98 110.56948
96 99 194.10386
97 98 143.32755
97 99 171.16218
98 99 199.16193
