100 30
0 1 113.29237
0 2 116.64158
0 3 159.34852
0 4 120.9983
0 5 147.23231
0 6 155.32854
0 7 163.8738
0 8 187.03838
0 9 106.67395
0 10 177.64677
0 11 156.38447
0 12 129.78064
0 13 168.81379
0 14 132.02698
0 15 130.32938
0 16 142.51705
0 17 125.2408
0 18 142.27768
0 19 135.50014
0 20 151.42893
0 21 122.07292
0 22 167.06014
0 23 126.69876
0 24 192.10001
0 25 154.89526
0 26 128.10981
0 27 131.13839
0 28 141.93284
0 29 188.04824
0 30 175.79037
0 31 132.30735
0 32 175.52322
0 33 181.88339
0 34 156.64764
0 35 187.379
0 36 126.12156
0 37 165.39359
0 38 109.32684
0 39 189.7967
0 40 139.74422
0 41 123.33355
0 42 181.40826
0 43 141.99915
0 44 148.85621
0 45 102.80691
0 46 118.02306
0 47 120.94247
0 48 141.97441
0 49 152.27719
0 50 136.42728
0 51 186.64241
0 52 113.41989
0 53 156.15749
0 54 161.95829
0 55 173.38412
0 56 149.52454
0 57 117.27349
0 58 106.73513
0 59 150.15446
0 60 154.58089
0 61 186.16022
0 62 196.53819
0 63 197.57367
0 64 197.88596
0 65 135.02823
0 66 118.87052
0 67 132.16012
0 68 131.91463
0 69 156.65148
0 70 142.28895
0 71 167.41442
0 72 111.14074
0 73 160.57398
0 74 155.06729
0 75 174.89637
0 76 129.12775
0 77 111.61325
0 78 193.43354
0 79 121.68612
0 80 131.82577
0 81 197.97477
0 82 197.25377
0 83 114.48104
0 84 109.09163
0 85 144.02182
0 86 131.13893
0 87 126.39155
0 88 117.74642
0 89 108.64938
0 90 184.49335
0 91 155.71472
0 92 143.99556
0 93 140.29622
0 94 156.69395
0 95 182.49093
0 96 186.33875
0 97 123.29167
0 98 111.91494
0 99 198.44638
1 2 100.1707
1 3 124.16724
1 4 140.50567
1 5 118.43128
1 6 110.34682
1 7 176.5018
1 8 151.59446
1 9 192.37229
1 10 117.48177
1 11 172.40579
1 12 102.21353
1 13 170.47247
1 14 141.78414
1 15 191.52734
1 16 173.22685
1 17 197.304
1 18 197.35219
1 19 127.83718
1 20 142.31583
1 21 162.4753
1 22 154.87535
1 23 149.61642
1 24 110.02054
1 25 146.44511
1 26 173.27974
1 27 147.24488
1 28 190.20931
1 29 106.49473
1 30 118.19349
1 31 123.48363
1 32 195.4575
1 33 182.93954
1 34 160.56346
1 35 188.962
1 36 182.73176
1 37 172.11386
1 38 122.76781
1 39 117.48924
1 40 164.92278
1 41 136.90196
1 42 179.36116
1 43 157.80529
1 44 122.8891
1 45 102.52136
1 46 140.94107
1 47 160.83217
1 48 127.10925
1 49 114.48093
1 50 161.68021
1 51 109.55475
1 52 159.63153
1 53 124.65996
1 54 166.47949
1 55 110.02463
1 56 178.77185
1 57 116.6229
1 58 122.9917
1 59 192.08001
1 60 130.00126
1 61 198.72531
1 62 136.18387
1 63 183.71459
1 64 160.84018
1 65 159.96237
1 66 120.73124
1 67 150.17142
1 68 123.84268
1 69 117.19922
1 70 195.87937
1 71 153.09265
1 72 137.12288
1 73 118.97298
1 74 190.38249
1 75 145.97516
1 76 185.02915
1 77 194.37601
1 78 142.68852
1 79 186.1321
1 80 109.65893
1 81 117.50269
1 82 191.65529
1 83 158.06876
1 84 103.37696
1 85 119.07393
1 86 100.61955
1 87 101.79044
1 88 154.6958
1 89 168.65624
1 90 116.99784
1 91 112.2147
1 92 176.57227
1 93 105.008
1 94 136.53988
1 95 116.9975
1 96 120.55691
1 97 158.26742
1 98 101.78261
1 99 107.47421
2 3 199.36155
2 4 129.3321
2 5 140.71261
2 6 186.36015
2 7 166.75455
2 8 105.05571
2 9 184.69647
2 10 119.40761
2 11 173.30198
2 12 166.76815
2 13 175.81533
2 14 182.05223
2 15 185.69569
2 16 108.64386
2 17 183.51219
2 18 144.89401
2 19 135.32981
2 20 160.13362
2 21 176.85298
2 22 151.07387
2 23 161.80111
2 24 184.00919
2 25 129.84334
2 26 113.175
2 27 136.43722
2 28 187.51894
2 29 176.59062
2 30 170.75752
2 31 157.2333
2 32 172.26631
2 33 154.3019
2 34 151.1359
2 35 121.68567
2 36 194.95982
2 37 177.74338
2 38 105.93563
2 39 127.32854
2 40 138.14879
2 41 171.49275
2 42 172.02989
2 43 194.79789
2 44 128.50065
2 45 199.24112
2 46 183.71706
2 47 132.12745
2 48 151.22037
2 49 129.36356
2 50 113.40007
2 51 128.29818
2 52 189.03645
2 53 128.8289
2 54 131.13322
2 55 118.31408
2 56 147.96784
2 57 110.54685
2 58 155.26034
2 59 186.80678
2 60 190.9545
2 61 137.54016
2 62 136.22048
2 63 177.2417
2 64 161.39829
2 65 121.5196
2 66 145.98441
2 67 102.48181
2 68 111.15227
2 69 122.46664
2 70 169.92916
2 71 128.90048
2 72 120.22383
2 73 141.97976
2 74 197.78519
2 75 193.57763
2 76 164.11233
2 77 147.995
2 78 136.09964
2 79 121.1666
2 80 191.51255
2 81 117.10679
2 82 155.00283
2 83 165.51596
2 84 111.99469
2 85 124.04103
2 86 165.5202
2 87 151.73498
2 88 141.10994
2 89 169.94635
2 90 104.34192
2 91 116.26009
2 92 139.39697
2 93 197.71624
2 94 180.0145
2 95 182.69659
2 96 185.53259
2 97 145.99277
2 98 199.31899
2 99 161.51599
3 4 166.54661
3 5 158.44032
3 6 127.01161
3 7 133.13005
3 8 142.44651
3 9 169.00742
3 10 131.16329
3 11 193.26057
3 12 195.9216
3 13 110.02736
3 14 127.22458
3 15 137.96757
3 16 162.73908
3 17 175.9063
3 18 153.25941
3 19 103.51698
3 20 145.98167
3 21 199.65867
3 22 142.29787
3 23 153.93193
3 24 161.18385
3 25 123.83662
3 26 157.24177
3 27 199.99269
3 28 154.91016
3 29 160.3741
3 30 132.08407
3 31 171.55806
3 32 126.75028
3 33 170.74583
3 34 198.62938
3 35 105.99605
3 36 162.87034
3 37 155.21662
3 38 149.522
3 39 159.59728
3 40 120.40384
3 41 153.90139
3 42 194.71955
3 43 131.6232
3 44 119.55118
3 45 119.83319
3 46 159.89712
3 47 138.95354
3 48 172.27429
3 49 153.65297
3 50 163.23553
3 51 153.17747
3 52 197.11988
3 53 157.91972
3 54 139.04418
3 55 102.49282
3 56 193.2178
3 57 122.97268
3 58 171.13386
3 59 162.42202
3 60 132.67078
3 61 197.90283
3 62 160.53232
3 63 198.07406
3 64 124.34432
3 65 152.06474
3 66 124.54543
3 67 136.23122
3 68 164.605
3 69 119.29944
3 70 176.29513
3 71 173.51418
3 72 161.54774
3 73 162.02994
3 74 171.72545
3 75 162.26061
3 76 101.24704
3 77 189.86974
3 78 131.84727
3 79 125.77402
3 80 105.60853
3 81 115.46227
3 82 159.98228
3 83 120.8085
3 84 144.37015
3 85 114.43725
3 86 191.06204
3 87 177.2461
3 88 162.87956
3 89 165.99697
3 90 109.74983
3 91 132.92209
3 92 167.72835
3 93 126.95092
3 94 167.26347
3 95 184.16615
3 96 122.68899
3 97 161.05875
3 98 153.54729
3 99 111.16249
4 5 116.03322
4 6 158.4149
4 7 178.14139
4 8 185.78134
4 9 174.37385
4 10 180.37449
4 11 163.79469
4 12 181.9332
4 13 146.40892
4 14 170.8761
4 15 144.19977
4 16 108.0726
4 17 149.9826
4 18 199.55357
4 19 159.88984
4 20 191.45445
4 21 134.37136
4 22 187.7659
4 23 152.34713
4 24 188.61914
4 25 124.09275
4 26 161.5573
4 27 187.81179
4 28 180.75856
4 29 134.0748
4 30 144.46959
4 31 120.29341
4 32 186.18864
4 33 177.67014
4 34 186.96293
4 35 184.46312
4 36 191.26061
4 37 125.96093
4 38 184.37606
4 39 112.00096
4 40 116.57615
4 41 174.24158
4 42 164.80004
4 43 162.72075
4 44 152.83131
4 45 135.3759
4 46 185.59986
4 47 179.73421
4 48 170.29278
4 49 103.25655
4 50 104.52702
4 51 185.45227
4 52 180.04039
4 53 132.81617
4 54 145.80722
4 55 116.50696
4 56 154.42266
4 57 148.05477
4 58 101.83042
4 59 101.64229
4 60 135.15992
4 61 199.26798
4 62 119.52144
4 63 158.98855
4 64 139.75123
4 65 149.57913
4 66 165.60049
4 67 167.07409
4 68 175.21451
4 69 180.98874
4 70 166.44766
4 71 165.61793
4 72 107.04623
4 73 138.25943
4 74 130.19055
4 75 134.21431
4 76 106.1569
4 77 179.52087
4 78 173.81121
4 79 149.27722
4 80 110.76165
4 81 162.10618
4 82 103.34777
4 83 163.74375
4 84 187.52261
4 85 116.88538
4 86 179.03719
4 87 126.36744
4 88 129.20212
4 89 188.81758
4 90 195.75417
4 91 171.13868
4 92 172.7597
4 93 114.00033
4 94 199.9843
4 95 194.75029
4 96 161.80364
4 97 159.03784
4 98 138.51641
4 99 179.9916
5 6 108.67736
5 7 189.99076
5 8 107.08968
5 9 137.79273
5 10 123.17241
5 11 173.93146
5 12 105.2964
5 13 165.67401
5 14 161.82677
5 15 165.05736
5 16 110.06286
5 17 190.49181
5 18 130.22299
5 19 172.73932
5 20 152.57224
5 21 143.90485
5 22 175.29436
5 23 148.25666
5 24 183.33438
5 25 189.64757
5 26 136.33219
5 27 155.53855
5 28 101.56237
5 29 119.5403
5 30 186.34861
5 31 144.79173
5 32 153.87374
5 33 100.82423
5 34 183.81303
5 35 145.45265
5 36 123.40788
5 37 102.55197
5 38 178.23872
5 39 110.19175
5 40 193.89172
5 41 144.44043
5 42 141.31113
5 43 114.72085
5 44 142.90628
5 45 198.78164
5 46 171.66621
5 47 135.22642
5 48 173.18437
5 49 120.79984
5 50 163.54005
5 51 137.83962
5 52 162.22006
5 53 164.97808
5 54 192.86899
5 55 194.35654
5 56 104.69518
5 57 171.19901
5 58 136.25548
5 59 173.89922
5 60 190.0354
5 61 168.73586
5 62 150.38506
5 63 141.81467
5 64 178.65653
5 65 106.56991
5 66 165.69267
5 67 189.39707
5 68 179.08844
5 69 131.02268
5 70 169.51575
5 71 180.27189
5 72 124.78554
5 73 196.71683
5 74 160.27777
5 75 196.77289
5 76 100.54487
5 77 109.3962
5 78 171.69189
5 79 191.91648
5 80 152.75732
5 81 144.85672
5 82 113.65254
5 83 120.30272
5 84 151.16997
5 85 106.10867
5 86 171.82526
5 87 188.71508
5 88 147.49667
5 89 195.05799
5 90 197.33018
5 91 177.21966
5 92 122.70848
5 93 183.2677
5 94 134.78491
5 95 104.17411
5 96 125.83528
5 97 112.50409
5 98 145.79956
5 99 145.25711
6 7 136.67592
6 8 161.09735
6 9 158.60274
6 10 141.61604
6 11 145.53964
6 12 168.4128
6 13 133.08108
6 14 131.73183
6 15 125.09042
6 16 194.85643
6 17 175.86905
6 18 125.30199
6 19 186.52098
6 20 112.22291
6 21 106.11948
6 22 180.75015
6 23 130.05863
6 24 134.95722
6 25 122.29259
6 26 137.72616
6 27 139.30195
6 28 164.58717
6 29 121.67171
6 30 187.38651
6 31 174.14244
6 32 176.52997
6 33 151.11954
6 34 193.84416
6 35 103.54232
6 36 163.62975
6 37 178.9589
6 38 152.54369
6 39 125.09759
6 40 198.77983
6 41 144.84967
6 42 155.81725
6 43 152.80064
6 44 129.35634
6 45 176.57097
6 46 121.96937
6 47 134.81053
6 48 151.90147
6 49 110.32358
6 50 117.01269
6 51 141.48043
6 52 139.89455
6 53 170.36335
6 54 141.2982
6 55 171.3713
6 56 113.3838
6 57 197.9029
6 58 165.00003
6 59 132.68312
6 60 104.12982
6 61 174.80619
6 62 128.55143
6 63 170.33781
6 64 116.91135
6 65 112.12287
6 66 126.50976
6 67 101.67473
6 68 151.74705
6 69 124.61528
6 70 166.17616
6 71 183.50861
6 72 179.43363
6 73 144.94863
6 74 105.75564
6 75 111.17883
6 76 124.76347
6 77 129.31963
6 78 142.66834
6 79 197.85317
6 80 178.12862
6 81 139.57844
6 82 181.50122
6 83 120.97289
6 84 121.86969
6 85 194.9699
6 86 144.16589
6 87 197.55986
6 88 108.53491
6 89 163.36488
6 90 163.65107
6 91 165.80022
6 92 191.55574
6 93 187.52817
6 94 135.5074
6 95 187.68162
6 96 177.92137
6 97 157.76661
6 98 198.1971
6 99 193.56227
7 8 120.83936
7 9 168.78453
7 10 118.63728
7 11 188.14567
7 12 130.55027
7 13 133.40704
7 14 118.11528
7 15 153.13476
7 16 110.2346
7 17 135.62659
7 18 153.26981
7 19 141.61967
7 20 134.12761
7 21 161.65876
7 22 155.16879
7 23 118.78844
7 24 199.29528
7 25 199.01314
7 26 108.51277
7 27 134.57809
7 28 186.46462
7 29 163.74818
7 30 182.86335
7 31 189.99396
7 32 172.39413
7 33 153.63722
7 34 171.68938
7 35 143.15238
7 36 112.71416
7 37 180.64061
7 38 176.14167
7 39 186.75276
7 40 142.65428
7 41 175.54161
7 42 196.45103
7 43 190.35879
7 44 184.79566
7 45 196.05102
7 46 135.54046
7 47 139.97339
7 48 196.22928
7 49 115.03971
7 50 113.32127
7 51 189.12404
7 52 138.67554
7 53 198.79521
7 54 155.14419
7 55 126.04177
7 56 101.55046
7 57 100.52256
7 58 154.00591
7 59 120.34075
7 60 193.61067
7 61 197.32817
7 62 131.67762
7 63 117.85412
7 64 137.00162
7 65 145.37794
7 66 131.69307
7 67 179.0513
7 68 125.7214
7 69 143.14329
7 70 129.04639
7 71 126.05653
7 72 148.18839
7 73 104.05991
7 74 142.06871
7 75 101.8485
7 76 126.54463
7 77 135.4632
7 78 152.52528
7 79 135.60684
7 80 110.36524
7 81 195.87463
7 82 166.9248
7 83 182.79648
7 84 122.63917
7 85 125.60948
7 86 154.20944
7 87 111.6062
7 88 122.68573
7 89 150.38498
7 90 125.51058
7 91 186.17411
7 92 164.02712
7 93 194.83196
7 94 139.60864
7 95 136.65163
7 96 173.00937
7 97 199.25703
7 98 195.97648
7 99 136.51596
8 9 196.12464
8 10 129.64997
8 11 124.549
8 12 111.70795
8 13 170.5029
8 14 164.71298
8 15 121.90676
8 16 139.09931
8 17 169.80291
8 18 115.33604
8 19 117.34226
8 20 123.54273
8 21 182.41788
8 22 162.72208
8 23 150.33094
8 24 198.03083
8 25 164.97507
8 26 132.73401
8 27 161.61841
8 28 131.01461
8 29 105.54328
8 30 141.51824
8 31 164.39567
8 32 120.78949
8 33 161.16543
8 34 152.45228
8 35 133.26547
8 36 159.47978
8 37 145.24104
8 38 173.66347
8 39 151.79677
8 40 101.42182
8 41 144.57678
8 42 155.0887
8 43 116.19329
8 44 108.71317
8 45 182.02722
8 46 111.50576
8 47 164.53448
8 48 199.16718
8 49 196.75911
8 50 134.99208
8 51 102.14528
8 52 171.31359
8 53 193.54704
8 54 177.07085
8 55 177.01391
8 56 124.46659
8 57 122.08719
8 58 167.38544
8 59 132.25242
8 60 143.86555
8 61 130.05819
8 62 177.21797
8 63 155.10888
8 64 112.46899
8 65 106.10256
8 66 141.30561
8 67 159.39113
8 68 172.94669
8 69 121.77722
8 70 132.1075
8 71 159.92808
8 72 174.29879
8 73 130.93314
8 74 145.60231
8 75 122.4217
8 76 102.83796
8 77 174.13952
8 78 153.3842
8 79 137.09036
8 80 155.71384
8 81 154.75835
8 82 130.40867
8 83 149.80579
8 84 118.51663
8 85 187.97713
8 86 185.60319
8 87 177.59345
8 88 164.95362
8 89 161.79697
8 90 160.55324
8 91 185.44213
8 92 117.57501
8 93 179.20198
8 94 135.88666
8 95 170.06874
8 96 146.69552
8 97 164.63046
8 98 128.01286
8 99 182.61233
9 10 135.3795
9 11 167.34155
9 12 168.50872
9 13 177.12522
9 14 181.44088
9 15 145.95983
9 16 171.06418
9 17 157.08142
9 18 138.31235
9 19 174.51891
9 20 152.6645
9 21 116.63469
9 22 149.63831
9 23 140.07536
9 24 182.82946
9 25 146.35329
9 26 139.89684
9 27 109.9596
9 28 127.72074
9 29 191.68077
9 30 114.93669
9 31 139.29763
9 32 110.57074
9 33 134.99174
9 34 190.6957
9 35 105.14359
9 36 196.2124
9 37 155.30695
9 38 136.02995
9 39 167.73941
9 40 187.79193
9 41 147.30695
9 42 160.74126
9 43 155.18381
9 44 150.40393
9 45 164.43099
9 46 152.90307
9 47 151.33129
9 48 125.15188
9 49 196.60465
9 50 197.1734
9 51 168.0242
9 52 157.63402
9 53 131.26842
9 54 179.24812
9 55 187.34138
9 56 171.90535
9 57 176.26617
9 58 137.12676
9 59 157.3854
9 60 178.56105
9 61 134.86228
9 62 138.48404
9 63 110.3175
9 64 175.33904
9 65 155.16646
9 66 177.00144
9 67 196.82805
9 68 196.68368
9 69 194.24118
9 70 191.66497
9 71 151.90669
9 72 118.71238
9 73 174.46856
9 74 183.4068
9 75 105.53282
9 76 196.85771
9 77 153.37844
9 78 152.40397
9 79 113.03979
9 80 136.23606
9 81 162.60318
9 82 141.55149
9 83 129.16112
9 84 179.00827
9 85 145.22137
9 86 119.04364
9 87 155.46806
9 88 120.39863
9 89 189.51811
9 90 171.76802
9 91 144.69827
9 92 136.45416
9 93 160.53717
9 94 195.74535
9 95 142.35217
9 96 105.05079
9 97 164.80625
9 98 142.41872
9 99 101.24255
10 11 198.74284
10 12 124.08456
10 13 104.19602
10 14 184.67863
10 15 113.42859
10 16 117.44599
10 17 128.27029
10 18 153.97504
10 19 187.79478
10 20 173.37558
10 21 154.22257
10 22 188.68087
10 23 146.5706
10 24 118.32135
10 25 167.742
10 26 155.18896
10 27 141.16576
10 28 159.71802
10 29 127.96575
10 30 119.14016
10 31 153.97317
10 32 186.68305
10 33 143.04341
10 34 108.0446
10 35 116.09515
10 36 137.94875
10 37 188.20654
10 38 185.55315
10 39 192.94521
10 40 173.32291
10 41 114.37777
10 42 150.47707
10 43 108.74752
10 44 148.02695
10 45 130.81328
10 46 117.11004
10 47 198.87979
10 48 177.42213
10 49 189.61866
10 50 137.17
10 51 140.15198
10 52 146.69761
10 53 182.22896
10 54 164.07402
10 55 191.99931
10 56 162.91528
10 57 167.11338
10 58 164.48717
10 59 170.46164
10 60 123.4915
10 61 108.9222
10 62 197.33062
10 63 101.58969
10 64 109.80177
10 65 185.77197
10 66 118.15861
10 67 147.97708
10 68 150.12204
10 69 191.33079
10 70 140.17771
10 71 132.13556
10 72 103.16603
10 73 171.10391
10 74 127.15581
10 75 188.36777
10 76 170.15648
10 77 138.98911
10 78 118.31424
10 79 145.4168
10 80 158.72043
10 81 125.0059
10 82 134.55864
10 83 147.85297
10 84 117.92079
10 85 106.93802
10 86 167.61702
10 87 164.16345
10 88 165.74245
10 89 196.19408
10 90 192.05856
10 91 152.19344
10 92 127.09021
10 93 106.27973
10 94 133.76698
10 95 168.02774
10 96 173.26383
10 97 198.45714
10 98 199.33902
10 99 169.69353
11 12 175.4826
11 13 170.65339
11 14 151.95443
11 15 139.07889
11 16 127.49269
11 17 180.05521
11 18 123.48821
11 19 177.90827
11 20 118.50378
11 21 114.13165
11 22 173.73264
11 23 162.61025
11 24 191.23107
11 25 155.17548
11 26 183.78556
11 27 196.91377
11 28 107.46137
11 29 158.98466
11 30 133.91155
11 31 187.91545
11 32 175.40366
11 33 183.70758
11 34 181.88762
11 35 183.23312
11 36 177.88873
11 37 135.56481
11 38 100.96952
11 39 160.68405
11 40 118.75714
11 41 154.03588
11 42 108.17283
11 43 190.40394
11 44 146.52252
11 45 191.27721
11 46 161.9648
11 47 161.4383
11 48 171.86039
11 49 144.53715
11 50 174.70193
11 51 193.31868
11 52 185.35342
11 53 112.19306
11 54 124.05368
11 55 139.23055
11 56 130.6798
11 57 194.0982
11 58 115.78772
11 59 195.55765
11 60 192.90627
11 61 196.80983
11 62 121.85167
11 63 166.76886
11 64 139.21512
11 65 157.79388
11 66 148.72138
11 67 198.57158
11 68 129.07342
11 69 102.31745
11 70 103.65888
11 71 197.67166
11 72 112.19916
11 73 169.23316
11 74 104.24437
11 75 112.62371
11 76 138.07271
11 77 145.10198
11 78 160.86816
11 79 182.41039
11 80 191.68112
11 81 191.59749
11 82 125.22015
11 83 113.28959
11 84 159.18627
11 85 103.56783
11 86 155.60056
11 87 171.94669
11 88 102.3485
11 89 197.38923
11 90 196.01939
11 91 174.67325
11 92 127.41641
11 93 180.59595
11 94 102.64051
11 95 165.86125
11 96 108.50564
11 97 153.77745
11 98 147.26432
11 99 162.93605
12 13 145.73331
12 14 122.65395
12 15 173.33738
12 16 167.3094
12 17 133.92248
12 18 157.84691
12 19 139.16346
12 20 127.71878
12 21 185.70965
12 22 159.52406
12 23 155.95603
12 24 197.91352
12 25 183.0604
12 26 106.20606
12 27 188.51327
12 28 153.1102
12 29 186.01473
12 30 139.30716
12 31 100.89699
12 32 145.86118
12 33 103.03586
12 34 165.46983
12 35 133.84994
12 36 160.93135
12 37 106.97067
12 38 195.66067
12 39 180.65744
12 40 109.62454
12 41 166.81353
12 42 135.90741
12 43 124.55149
12 44 103.82705
12 45 122.59608
12 46 112.29707
12 47 131.09523
12 48 111.18581
12 49 109.24795
12 50 140.61749
12 51 120.31132
12 52 106.10978
12 53 105.26142
12 54 129.98662
12 55 189.51552
12 56 100.32416
12 57 199.23385
12 58 107.02101
12 59 166.58383
12 60 173.88784
12 61 159.83983
12 62 160.29662
12 63 123.96753
12 64 152.72907
12 65 195.19543
12 66 147.31042
12 67 162.05299
12 68 124.78857
12 69 118.63387
12 70 180.48234
12 71 174.13299
12 72 101.0628
12 73 114.88526
12 74 174.96478
12 75 118.15574
12 76 117.01949
12 77 183.53093
12 78 134.02375
12 79 134.55729
12 80 128.99916
12 81 173.5257
12 82 158.80699
12 83 104.28535
12 84 155.63049
12 85 161.44313
12 86 178.8276
12 87 105.15971
12 88 184.28168
12 89 132.42521
12 90 140.48045
12 91 132.79484
12 92 185.0129
12 93 112.13787
12 94 170.49083
12 95 128.04243
12 96 119.53121
12 97 196.53855
12 98 194.01146
12 99 180.3902
13 14 195.58814
13 15 168.19134
13 16 120.60921
13 17 102.26811
13 18 129.8317
13 19 136.50423
13 20 134.69732
13 21 183.71608
13 22 146.9952
13 23 141.52388
13 24 180.42971
13 25 104.45545
13 26 150.79247
13 27 119.84097
13 28 127.89889
13 29 138.08698
13 30 142.94679
13 31 165.3227
13 32 118.85378
13 33 110.78826
13 34 121.08176
13 35 137.62882
13 36 105.36462
13 37 132.04534
13 38 197.34773
13 39 181.60749
13 40 175.33984
13 41 148.56754
13 42 169.96517
13 43 127.854
13 44 194.52513
13 45 188.40122
13 46 110.08546
13 47 139.08239
13 48 191.39196
13 49 111.37773
13 50 199.64735
13 51 167.7783
13 52 100.38123
13 53 110.60951
13 54 107.13773
13 55 170.1476
13 56 168.82158
13 57 197.60291
13 58 180.60823
13 59 186.28749
13 60 192.35538
13 61 127.88574
13 62 190.79388
13 63 132.37968
13 64 184.03334
13 65 127.07181
13 66 129.5008
13 67 112.26194
13 68 129.52542
13 69 161.68247
13 70 178.86222
13 71 128.59461
13 72 163.36434
13 73 164.85294
13 74 101.73109
13 75 126.18841
13 76 186.50249
13 77 153.26419
13 78 194.43576
13 79 195.69021
13 80 166.60445
13 81 163.23202
13 82 149.19402
13 83 160.65452
13 84 109.75602
13 85 138.50054
13 86 153.02033
13 87 185.46552
13 88 173.27478
13 89 163.79282
13 90 188.2281
13 91 103.34685
13 92 115.43439
13 93 130.83091
13 94 125.94628
13 95 192.59091
13 96 143.59793
13 97 159.91096
13 98 141.14215
13 99 121.01388
14 15 162.19251
14 16 161.95038
14 17 147.2004
14 18 168.31806
14 19 175.55504
14 20 178.86717
14 21 193.54317
14 22 141.62957
14 23 171.79824
14 24 196.16661
14 25 169.22727
14 26 134.27115
14 27 171.5816
14 28 180.89381
14 29 184.18063
14 30 155.11453
14 31 191.69621
14 32 198.46978
14 33 164.96165
14 34 163.12411
14 35 112.51459
14 36 105.7139
14 37 121.28575
14 38 138.46338
14 39 189.25059
14 40 174.33453
14 41 199.23465
14 42 144.89681
14 43 189.44424
14 44 155.2759
14 45 140.93373
14 46 130.12861
14 47 133.9756
14 48 116.55568
14 49 133.83227
14 50 141.35971
14 51 132.93823
14 52 169.61017
14 53 123.81631
14 54 172.63217
14 55 174.33245
14 56 186.65831
14 57 177.04541
14 58 153.41991
14 59 160.30587
14 60 112.08603
14 61 151.87943
14 62 102.0745
14 63 193.14472
14 64 145.2728
14 65 116.92365
14 66 178.80317
14 67 138.51169
14 68 196.48624
14 69 151.85532
14 70 118.94168
14 71 180.15855
14 72 163.92485
14 73 126.21368
14 74 126.16727
14 75 179.68435
14 76 155.60099
14 77 153.52114
14 78 107.93666
14 79 165.61963
14 80 140.73683
14 81 121.47305
14 82 165.73681
14 83 141.52669
14 84 135.70539
14 85 105.80907
14 86 175.10221
14 87 167.21547
14 88 120.94592
14 89 109.63651
14 90 188.65775
14 91 181.81364
14 92 177.46003
14 93 165.11936
14 94 163.3543
14 95 106.52278
14 96 178.38355
14 97 139.44309
14 98 136.72118
14 99 132.54652
15 16 100.31597
15 17 119.53037
15 18 161.71753
15 19 175.27868
15 20 120.31808
15 21 168.41204
15 22 104.5938
15 23 149.8802
15 24 120.53649
15 25 194.31971
15 26 194.32186
15 27 160.56954
15 28 187.94446
15 29 101.96593
15 30 163.6431
15 31 129.29845
15 32 180.83931
15 33 167.43848
15 34 115.3259
15 35 128.35735
15 36 187.10087
15 37 135.01781
15 38 110.74924
15 39 105.73034
15 40 184.56174
15 41 144.94357
15 42 104.56047
15 43 127.96295
15 44 174.87853
15 45 171.20873
15 46 105.59344
15 47 134.19393
15 48 163.63568
15 49 161.57826
15 50 171.77177
15 51 147.90565
15 52 104.65582
15 53 137.85213
15 54 114.81791
15 55 121.21675
15 56 183.39402
15 57 153.79526
15 58 171.55946
15 59 140.06146
15 60 103.36065
15 61 139.63647
15 62 185.84779
15 63 110.7199
15 64 165.0265
15 65 141.10723
15 66 147.43681
15 67 194.07489
15 68 109.17622
15 69 132.87776
15 70 108.28507
15 71 199.11288
15 72 174.35155
15 73 169.45193
15 74 161.88047
15 75 105.54813
15 76 149.34642
15 77 183.85699
15 78 100.90158
15 79 131.95809
15 80 183.16675
15 81 110.3522
15 82 143.7513
15 83 113.15401
15 84 194.64027
15 85 107.37411
15 86 182.79414
15 87 194.25445
15 88 110.98929
15 89 151.62388
15 90 124.50971
15 91 192.48101
15 92 173.14477
15 93 188.51507
15 94 161.06699
15 95 143.95201
15 96 180.60476
15 97 137.5837
15 98 121.35142
15 99 141.32543
16 17 167.88209
16 18 141.84238
16 19 170.91902
16 20 168.82251
16 21 126.24441
16 22 186.59705
16 23 107.21658
16 24 147.62564
16 25 137.57308
16 26 144.40691
16 27 183.74893
16 28 138.74094
16 29 129.0828
16 30 112.32863
16 31 137.4295
16 32 139.03962
16 33 129.7472
16 34 163.61197
16 35 169.66605
16 36 118.53024
16 37 158.99207
16 38 123.47144
16 39 125.66594
16 40 110.17185
16 41 111.39215
16 42 175.01362
16 43 105.83184
16 44 136.16706
16 45 111.63344
16 46 110.80987
16 47 110.25269
16 48 124.24758
16 49 167.07888
16 50 146.4786
16 51 116.81039
16 52 170.74962
16 53 104.66916
16 54 127.03653
16 55 141.28998
16 56 139.24975
16 57 111.02784
16 58 192.82864
16 59 105.7989
16 60 158.34612
16 61 145.96421
16 62 121.91826
16 63 116.25578
16 64 196.83395
16 65 164.93466
16 66 173.25648
16 67 178.95144
16 68 153.38133
16 69 112.2548
16 70 143.94973
16 71 104.50854
16 72 115.02389
16 73 112.99005
16 74 188.48703
16 75 166.25881
16 76 162.75002
16 77 142.87479
16 78 166.0287
16 79 178.35
16 80 134.53839
16 81 195.43358
16 82 128.04453
16 83 179.50484
16 84 123.75527
16 85 113.91442
16 86 125.61881
16 87 162.72018
16 88 141.76464
16 89 115.11695
16 90 189.78528
16 91 156.28994
16 92 190.3524
16 93 182.11039
16 94 111.02677
16 95 177.73729
16 96 172.86103
16 97 131.08238
16 98 183.14895
16 99 136.88308
17 18 167.473
17 19 116.0266
17 20 116.89899
17 21 182.37453
17 22 158.42596
17 23 184.31451
17 24 195.91975
17 25 183.50473
17 26 162.69517
17 27 180.94619
17 28 179.67651
17 29 163.39522
17 30 199.49637
17 31 123.57022
17 32 108.70158
17 33 134.70957
17 34 169.03082
17 35 112.26474
17 36 136.1578
17 37 128.16358
17 38 199.14976
17 39 129.5957
17 40 151.20492
17 41 111.89775
17 42 141.10769
17 43 161.34657
17 44 100.46814
17 45 131.37372
17 46 112.40008
17 47 169.69564
17 48 167.42661
17 49 150.56101
17 50 132.50314
17 51 158.2641
17 52 169.60267
17 53 174.04287
17 54 172.06134
17 55 183.01675
17 56 106.22174
17 57 155.63856
17 58 131.41731
17 59 130.76816
17 60 199.43144
17 61 190.00231
17 62 153.67552
17 63 133.342
17 64 148.77937
17 65 134.43549
17 66 103.72939
17 67 117.01971
17 68 166.88045
17 69 198.91752
17 70 179.47406
17 71 153.37861
17 72 132.79188
17 73 148.90058
17 74 113.57922
17 75 193.58706
17 76 185.60405
17 77 178.4047
17 78 101.86185
17 79 198.56277
17 80 172.37482
17 81 119.27212
17 82 163.12248
17 83 199.09848
17 84 122.54005
17 85 121.1886
17 86 105.94689
17 87 108.84445
17 88 179.24009
17 89 108.62463
17 90 180.47172
17 91 184.34739
17 92 110.63422
17 93 111.83547
17 94 183.86591
17 95 105.98647
17 96 191.85142
17 97 163.65553
17 98 188.9059
17 99 181.44484
18 19 107.41906
18 20 129.43554
18 21 154.47588
18 22 177.33417
18 23 171.54846
18 24 161.31336
18 25 159.63929
18 26 175.61547
18 27 129.02904
18 28 150.21151
18 29 168.28781
18 30 116.1925
18 31 128.85034
18 32 182.20554
18 33 129.97386
18 34 164.20278
18 35 171.28793
18 36 172.54569
18 37 197.05552
18 38 119.11005
18 39 103.39191
18 40 144.84556
18 41 117.99637
18 42 143.8054
18 43 145.752
18 44 196.03765
18 45 185.86642
18 46 158.04506
18 47 117.50555
18 48 147.53546
18 49 135.26931
18 50 169.65753
18 51 123.84586
18 52 123.27161
18 53 140.31586
18 54 105.65874
18 55 179.68332
18 56 186.83012
18 57 145.79082
18 58 132.5115
18 59 137.63429
18 60 164.59934
18 61 103.16682
18 62 175.84424
18 63 175.50866
18 64 162.43668
18 65 191.06275
18 66 186.67148
18 67 185.95163
18 68 112.44969
18 69 132.36288
18 70 181.03345
18 71 138.44284
18 72 144.56487
18 73 193.21363
18 74 139.24213
18 75 146.19104
18 76 178.39718
18 77 111.61358
18 78 169.10398
18 79 148.50534
18 80 126.22727
18 81 111.77181
18 82 166.55147
18 83 117.23675
18 84 125.2709
18 85 145.50692
18 86 115.25894
18 87 101.74928
18 88 105.98114
18 89 186.44254
18 90 111.67
18 91 111.80806
18 92 138.61505
18 93 186.86899
18 94 112.76717
18 95 110.31351
18 96 190.33534
18 97 112.15784
18 98 154.29535
18 99 155.15444
19 20 186.28259
19 21 182.7618
19 22 154.59046
19 23 118.55631
19 24 103.82462
19 25 113.22861
19 26 165.46425
19 27 166.65184
19 28 119.41533
19 29 161.82529
19 30 144.8258
19 31 186.64291
19 32 147.70659
19 33 173.42948
19 34 174.18564
19 35 183.85425
19 36 130.94454
19 37 156.99086
19 38 130.603
19 39 145.08362
19 40 195.88131
19 41 177.30834
19 42 147.94845
19 43 180.35301
19 44 160.0944
19 45 157.01178
19 46 140.37082
19 47 170.18539
19 48 138.20176
19 49 136.91512
19 50 193.77426
19 51 177.10893
19 52 125.77121
19 53 170.89537
19 54 135.56113
19 55 165.65009
19 56 133.10587
19 57 115.5055
19 58 131.67664
19 59 176.58224
19 60 135.86592
19 61 182.77985
19 62 123.2506
19 63 107.17834
19 64 112.82942
19 65 124.29616
19 66 127.92624
19 67 122.91908
19 68 113.14067
19 69 114.46972
19 70 161.74239
19 71 162.78876
19 72 156.46913
19 73 183.96583
19 74 143.14367
19 75 169.70304
19 76 131.48377
19 77 117.97107
19 78 104.63179
19 79 118.48801
19 80 104.67151
19 81 146.30478
19 82 167.28606
19 83 162.74718
19 84 167.80892
19 85 155.95365
19 86 159.81828
19 87 146.17452
19 88 163.45607
19 89 167.67914
19 90 123.62923
19 91 179.23669
19 92 196.16339
19 93 133.92501
19 94 102.5439
19 95 162.34083
19 96 183.8092
19 97 199.37731
19 98 156.13537
19 99 155.27808
20 21 150.66085
20 22 152.50394
20 23 143.3711
20 24 110.14428
20 25 189.52518
20 26 139.03662
20 27 157.01656
20 28 177.66177
20 29 163.86066
20 30 169.32158
20 31 178.93322
20 32 120.87087
20 33 199.34974
20 34 151.05189
20 35 151.82699
20 36 124.58273
20 37 181.64761
20 38 122.17903
20 39 162.47251
20 40 107.25579
20 41 143.96298
20 42 136.56446
20 43 139.82516
20 44 168.28634
20 45 126.57219
20 46 153.12553
20 47 117.34144
20 48 170.1743
20 49 105.43316
20 50 154.65621
20 51 160.16367
20 52 135.11496
20 53 114.52266
20 54 188.48449
20 55 190.0071
20 56 180.99122
20 57 158.57004
20 58 199.28644
20 59 123.66181
20 60 120.90838
20 61 198.31492
20 62 199.11288
20 63 165.00143
20 64 110.06095
20 65 194.32686
20 66 121.29516
20 67 114.69275
20 68 130.5357
20 69 124.96159
20 70 113.2497
20 71 196.26826
20 72 101.08973
20 73 177.60341
20 74 193.16233
20 75 111.75863
20 76 178.54877
20 77 100.57449
20 78 144.41098
20 79 135.55574
20 80 114.50196
20 81 187.96352
20 82 151.29035
20 83 181.56735
20 84 106.90723
20 85 134.27659
20 86 108.57329
20 87 107.42241
20 88 139.4556
20 89 141.49364
20 90 129.53876
20 91 121.22701
20 92 177.39844
20 93 111.8904
20 94 116.67727
20 95 126.13948
20 96 122.33728
20 97 125.86421
20 98 133.15521
20 99 192.63934
21 22 134.65275
21 23 190.09543
21 24 136.92753
21 25 198.55494
21 26 138.2145
21 27 156.81685
21 28 138.02707
21 29 199.47562
21 30 189.71446
21 31 175.72587
21 32 199.74051
21 33 189.72904
21 34 189.73801
21 35 137.47673
21 36 165.63389
21 37 160.62496
21 38 153.02861
21 39 108.67682
21 40 138.16634
21 41 190.26712
21 42 104.68622
21 43 199.68378
21 44 169.32251
21 45 153.29666
21 46 161.67686
21 47 111.73279
21 48 150.32783
21 49 198.23339
21 50 178.69632
21 51 180.7132
21 52 159.31696
21 53 112.97432
21 54 136.30967
21 55 173.43076
21 56 160.58532
21 57 187.21359
21 58 138.48482
21 59 173.3851
21 60 195.63651
21 61 179.83404
21 62 131.6274
21 63 126.43857
21 64 193.83828
21 65 120.29727
21 66 129.59455
21 67 135.32374
21 68 130.80111
21 69 162.57117
21 70 177.38893
21 71 160.85344
21 72 122.63789
21 73 111.89008
21 74 189.81288
21 75 185.89357
21 76 119.81219
21 77 158.85553
21 78 144.30899
21 79 125.40535
21 80 171.24756
21 81 130.4882
21 82 164.29987
21 83 164.70694
21 84 153.74688
21 85 154.79287
21 86 182.96559
21 87 194.89968
21 88 182.39906
21 89 196.31474
21 90 199.00582
21 91 174.2129
21 92 162.58511
21 93 172.50724
21 94 113.20204
21 95 170.42455
21 96 176.3334
21 97 133.15636
21 98 177.64787
21 99 112.55972
22 23 192.66205
22 24 114.65938
22 25 190.28143
22 26 126.7598
22 27 143.74901
22 28 175.45727
22 29 155.72482
22 30 126.03321
22 31 172.48455
22 32 141.26283
22 33 172.64721
22 34 101.34857
22 35 121.50073
22 36 115.4981
22 37 185.97435
22 38 125.27975
22 39 162.87839
22 40 169.00498
22 41 156.95675
22 42 147.69535
22 43 164.59623
22 44 188.80325
22 45 142.88745
22 46 120.85623
22 47 122.60056
22 48 117.56624
22 49 102.33724
22 50 177.02899
22 51 170.96864
22 52 128.49125
22 53 172.79336
22 54 156.9545
22 55 154.50219
22 56 155.95089
22 57 126.31217
22 58 140.26292
22 59 158.07841
22 60 148.12907
22 61 132.07972
22 62 155.81844
22 63 100.67863
22 64 186.57705
22 65 198.86465
22 66 136.7607
22 67 107.5591
22 68 177.32783
22 69 130.06458
22 70 175.04184
22 71 132.43547
22 72 148.25056
22 73 113.21779
22 74 142.77287
22 75 127.23033
22 76 159.49232
22 77 192.12138
22 78 180.69569
22 79 160.42187
22 80 171.14842
22 81 160.88921
22 82 145.77854
22 83 128.27842
22 84 112.59708
22 85 110.73635
22 86 153.15839
22 87 132.169
22 88 143.21673
22 89 167.58237
22 90 153.52909
22 91 153.28262
22 92 143.65791
22 93 113.73238
22 94 105.16906
22 95 155.09817
22 96 120.33718
22 97 112.74014
22 98 119.78994
22 99 146.75354
23 24 184.38741
23 25 101.65241
23 26 140.28036
23 27 114.96445
23 28 163.61975
23 29 162.1954
23 30 152.9547
23 31 112.68032
23 32 181.55729
23 33 136.76349
23 34 128.19739
23 35 138.72568
23 36 173.25514
23 37 188.9953
23 38 174.75792
23 39 135.42415
23 40 106.87931
23 41 118.02069
23 42 157.786
23 43 176.40006
23 44 111.06539
23 45 169.98257
23 46 151.91591
23 47 117.20809
23 48 165.20577
23 49 127.11643
23 50 153.20967
23 51 106.01312
23 52 126.98644
23 53 114.85215
23 54 156.75302
23 55 112.29782
23 56 184.20144
23 57 193.9236
23 58 153.82487
23 59 189.54331
23 60 101.67559
23 61 145.01167
23 62 164.45665
23 63 144.9398
23 64 176.50827
23 65 110.55935
23 66 188.28911
23 67 162.57479
23 68 151.52401
23 69 184.30307
23 70 101.21728
23 71 198.6523
23 72 152.20609
23 73 116.11335
23 74 149.63427
23 75 127.68384
23 76 134.64356
23 77 184.35506
23 78 193.02661
23 79 198.48656
23 80 147.03167
23 81 133.27661
23 82 171.40875
23 83 117.75721
23 84 106.88386
23 85 139.543
23 86 150.86654
23 87 142.31839
23 88 133.38632
23 89 100.67846
23 90 127.56953
23 91 170.26842
23 92 180.32538
23 93 160.99734
23 94 190.46872
23 95 150.30514
23 96 169.72594
23 97 161.93937
23 98 101.48855
23 99 127.38035
24 25 167.58967
24 26 173.19806
24 27 191.2977
24 28 197.08138
24 29 176.83219
24 30 154.3449
24 31 186.88022
24 32 138.12749
24 33 148.72666
24 34 160.7269
24 35 154.30578
24 36 172.6507
24 37 199.24988
24 38 133.83109
24 39 112.16159
24 40 183.66768
24 41 175.83544
24 42 196.55278
24 43 199.78607
24 44 157.61522
24 45 167.75552
24 46 186.80188
24 47 154.04404
24 48 106.50286
24 49 102.10644
24 50 125.9867
24 51 164.32392
24 52 149.28904
24 53 147.94985
24 54 155.17059
24 55 144.84234
24 56 149.54169
24 57 167.49613
24 58 182.10895
24 59 172.89812
24 60 108.7464
24 61 188.10836
24 62 132.18101
24 63 136.83032
24 64 100.5647
24 65 194.11131
24 66 196.51497
24 67 173.19394
24 68 122.12989
24 69 182.24903
24 70 188.59315
24 71 134.91305
24 72 149.42286
24 73 105.34403
24 74 107.30529
24 75 151.98889
24 76 184.63452
24 77 133.55528
24 78 158.44818
24 79 180.63027
24 80 147.01203
24 81 111.04443
24 82 102.32265
24 83 178.38357
24 84 160.77201
24 85 114.78477
24 86 176.24997
24 87 136.42119
24 88 146.70425
24 89 116.4828
24 90 168.00164
24 91 178.08091
24 92 186.56897
24 93 182.53095
24 94 146.35003
24 95 150.32088
24 96 102.3809
24 97 122.7711
24 98 136.89439
24 99 160.33945
25 26 126.33426
25 27 102.06305
25 28 149.11154
25 29 110.126
25 30 179.73367
25 31 160.27629
25 32 178.78067
25 33 170.03078
25 34 109.75287
25 35 192.9069
25 36 168.77744
25 37 116.50791
25 38 102.01937
25 39 103.7404
25 40 135.00995
25 41 191.55084
25 42 107.57959
25 43 195.57877
25 44 138.03845
25 45 172.06615
25 46 184.30223
25 47 132.17473
25 48 163.0568
25 49 148.95083
25 50 180.61623
25 51 148.43604
25 52 114.34384
25 53 176.91438
25 54 129.04991
25 55 101.54815
25 56 192.53328
25 57 161.89425
25 58 101.80696
25 59 132.84402
25 60 111.1918
25 61 164.86312
25 62 189.50607
25 63 113.34729
25 64 157.67764
25 65 119.22077
25 66 177.39048
25 67 104.70775
25 68 186.40776
25 69 185.1246
25 70 199.31227
25 71 102.78011
25 72 167.08536
25 73 104.63708
25 74 116.7578
25 75 161.10388
25 76 118.8297
25 77 104.86213
25 78 135.28117
25 79 159.84901
25 80 175.20204
25 81 173.43983
25 82 143.97644
25 83 123.28306
25 84 146.90887
25 85 107.326
25 86 139.11634
25 87 104.94925
25 88 142.25048
25 89 122.18187
25 90 193.07583
25 91 105.24639
25 92 144.31407
25 93 129.10394
25 94 176.75013
25 95 127.06793
25 96 101.32145
25 97 192.73862
25 98 173.74157
25 99 176.03259
26 27 130.23117
26 28 145.52291
26 29 130.71782
26 30 151.65754
26 31 113.07767
26 32 116.82338
26 33 175.71748
26 34 168.56781
26 35 185.20841
26 36 135.30458
26 37 178.46399
26 38 125.05165
26 39 198.89251
26 40 159.76662
26 41 180.69879
26 42 157.20706
26 43 183.97345
26 44 199.61217
26 45 123.28504
26 46 104.28819
26 47 114.44045
26 48 175.05088
26 49 152.71151
26 50 192.38191
26 51 162.59187
26 52 115.75122
26 53 140.69397
26 54 118.92184
26 55 199.66122
26 56 127.43001
26 57 146.02946
26 58 115.56567
26 59 100.72197
26 60 117.12326
26 61 125.37349
26 62 194.09284
26 63 173.91767
26 64 195.21638
26 65 170.99772
26 66 177.9067
26 67 150.2132
26 68 117.93358
26 69 144.77067
26 70 178.00107
26 71 128.77948
26 72 175.23689
26 73 153.2224
26 74 166.37051
26 75 124.97498
26 76 137.94111
26 77 174.15664
26 78 120.97339
26 79 192.80888
26 80 135.07679
26 81 182.44386
26 82 132.34398
26 83 127.69557
26 84 106.05399
26 85 102.35787
26 86 154.48558
26 87 130.31622
26 88 112.9593
26 89 131.7064
26 90 130.73988
26 91 174.8156
26 92 179.2477
26 93 174.8405
26 94 106.2717
26 95 110.22846
26 96 125.23955
26 97 169.09449
26 98 104.55485
26 99 187.9753
27 28 177.12068
27 29 158.22834
27 30 165.14163
27 31 152.63601
27 32 142.28552
27 33 121.68959
27 34 192.60042
27 35 179.64634
27 36 177.91892
27 37 170.92696
27 38 175.34287
27 39 148.50334
27 40 172.27233
27 41 135.38513
27 42 184.67129
27 43 147.67383
27 44 176.65705
27 45 182.50276
27 46 139.70324
27 47 184.46127
27 48 180.87237
27 49 180.09044
27 50 183.74343
27 51 114.2994
27 52 131.22581
27 53 106.44284
27 54 178.20251
27 55 164.16646
27 56 172.26251
27 57 184.33681
27 58 182.30953
27 59 122.12084
27 60 100.62887
27 61 181.74718
27 62 111.90408
27 63 154.33127
27 64 103.70962
27 65 150.2495
27 66 179.3717
27 67 119.3795
27 68 134.19861
27 69 158.91814
27 70 156.00053
27 71 155.8634
27 72 102.19869
27 73 100.21235
27 74 144.43697
27 75 127.24498
27 76 125.50613
27 77 181.18335
27 78 120.62828
27 79 160.41013
27 80 194.61376
27 81 183.74068
27 82 185.26785
27 83 127.56114
27 84 150.10828
27 85 102.4032
27 86 194.56457
27 87 122.34996
27 88 111.44137
27 89 135.02864
27 90 120.46955
27 91 159.88586
27 92 169.58346
27 93 184.40638
27 94 177.70131
27 95 148.02475
27 96 197.0604
27 97 130.88789
27 98 110.17368
27 99 170.41078
28 29 130.42638
28 30 163.84373
28 31 120.19932
28 32 179.32715
28 33 138.89272
28 34 179.02086
28 35 140.16557
28 36 105.82548
28 37 130.18753
28 38 142.98434
28 39 181.51242
28 40 157.28071
28 41 151.5848
28 42 129.7371
28 43 166.36435
28 44 195.3293
28 45 158.38376
28 46 107.18291
28 47 173.74441
28 48 157.36168
28 49 151.56479
28 50 192.40312
28 51 193.5676
28 52 121.33283
28 53 175.32714
28 54 102.59129
28 55 129.96469
28 56 138.804
28 57 133.02323
28 58 131.10611
28 59 120.89444
28 60 104.20496
28 61 105.78159
28 62 147.15006
28 63 120.41217
28 64 127.60215
28 65 103.77346
28 66 130.5735
28 67 182.66298
28 68 127.92674
28 69 168.49626
28 70 109.95638
28 71 109.56331
28 72 155.11206
28 73 133.49694
28 74 137.59341
28 75 160.8022
28 76 165.0296
28 77 161.18655
28 78 137.73492
28 79 121.11192
28 80 120.03484
28 81 102.27849
28 82 116.10742
28 83 178.74
28 84 196.21512
28 85 122.45364
28 86 199.99316
28 87 155.8498
28 88 172.86854
28 89 141.67324
28 90 161.00142
28 91 163.39428
28 92 147.45401
28 93 140.8983
28 94 132.11497
28 95 129.23357
28 96 108.24741
28 97 141.86102
28 98 178.99471
28 99 178.58185
29 30 146.88197
29 31 177.94169
29 32 104.36897
29 33 150.56373
29 34 182.6582
29 35 127.98134
29 36 136.6684
29 37 189.15053
29 38 129.34526
29 39 196.2379
29 40 176.77655
29 41 168.78399
29 42 195.56531
29 43 110.40843
29 44 143.33483
29 45 180.15264
29 46 180.67086
29 47 155.52648
29 48 138.58591
29 49 125.53009
29 50 180.09187
29 51 133.82186
29 52 114.07307
29 53 122.63743
29 54 187.68004
29 55 130.79378
29 56 101.28327
29 57 187.13123
29 58 155.21076
29 59 198.57305
29 60 195.80056
29 61 163.8399
29 62 155.56109
29 63 119.00509
29 64 127.51924
29 65 122.31109
29 66 131.40957
29 67 177.64228
29 68 105.7521
29 69 142.52319
29 70 147.19001
29 71 190.4436
29 72 105.37263
29 73 187.46068
29 74 173.6649
29 75 196.35712
29 76 105.93049
29 77 129.3454
29 78 190.62641
29 79 176.99398
29 80 185.46413
29 81 106.41843
29 82 125.38367
29 83 107.51505
29 84 100.62517
29 85 198.01654
29 86 149.1798
29 87 114.2094
29 88 134.76193
29 89 188.62272
29 90 143.18302
29 91 170.67689
29 92 104.50529
29 93 172.8153
29 94 145.32893
29 95 120.97936
29 96 160.86937
29 97 130.70617
29 98 187.48675
29 99 183.13073
30 31 196.82577
30 32 194.20839
30 33 178.07706
30 34 194.7843
30 35 188.22274
30 36 126.60744
30 37 122.4938
30 38 135.84173
30 39 185.38184
30 40 170.13783
30 41 163.80734
30 42 145.54236
30 43 145.29225
30 44 165.0424
30 45 175.65114
30 46 183.8924
30 47 115.04286
30 48 149.05182
30 49 130.60363
30 50 144.01255
30 51 175.61806
30 52 161.30146
30 53 125.10201
30 54 106.82909
30 55 188.99058
30 56 101.72297
30 57 167.95714
30 58 169.40934
30 59 196.63418
30 60 183.79541
30 61 122.82957
30 62 139.58092
30 63 192.01973
30 64 139.71348
30 65 171.15562
30 66 171.63819
30 67 197.65792
30 68 178.35397
30 69 166.59896
30 70 176.53056
30 71 164.75671
30 72 170.57661
30 73 174.20612
30 74 100.5188
30 75 136.16635
30 76 175.78602
30 77 183.52461
30 78 133.58666
30 79 108.28985
30 80 124.84074
30 81 191.05243
30 82 180.47445
30 83 154.65324
30 84 134.91451
30 85 129.9356
30 86 157.48936
30 87 134.07618
30 88 163.98667
30 89 128.91502
30 90 116.66921
30 91 126.01796
30 92 150.47772
30 93 110.3277
30 94 139.93709
30 95 188.00888
30 96 179.28097
30 97 108.6728
30 98 147.15015
30 99 178.53358
31 32 177.15108
31 33 106.42235
31 34 172.01814
31 35 138.28584
31 36 186.31916
31 37 144.72226
31 38 149.18354
31 39 101.38534
31 40 139.80881
31 41 135.6698
31 42 145.07233
31 43 158.27051
31 44 130.93706
31 45 161.32395
31 46 112.80368
31 47 173.3743
31 48 103.19759
31 49 126.17779
31 50 116.96551
31 51 147.52603
31 52 100.23583
31 53 153.62957
31 54 172.31683
31 55 104.71466
31 56 129.78572
31 57 156.8975
31 58 166.60717
31 59 197.08596
31 60 152.59197
31 61 199.78941
31 62 152.23152
31 63 108.07586
31 64 187.31486
31 65 132.89296
31 66 156.04182
31 67 164.94833
31 68 143.73338
31 69 142.477
31 70 149.77028
31 71 176.58304
31 72 173.2666
31 73 136.52058
31 74 147.61731
31 75 147.16709
31 76 133.53406
31 77 123.55781
31 78 191.38457
31 79 102.21142
31 80 187.22419
31 81 153.81921
31 82 185.30714
31 83 126.67429
31 84 115.75359
31 85 132.95436
31 86 103.41066
31 87 128.08532
31 88 178.6966
31 89 148.05614
31 90 151.38642
31 91 166.45412
31 92 149.58268
31 93 155.70996
31 94 130.37661
31 95 174.85834
31 96 198.57623
31 97 128.87838
31 98 151.91478
31 99 116.41039
32 33 136.40252
32 34 135.95996
32 35 146.79426
32 36 190.11034
32 37 188.30943
32 38 165.75125
32 39 119.9351
32 40 174.70231
32 41 185.73156
32 42 176.59064
32 43 154.66417
32 44 170.37525
32 45 109.96976
32 46 153.28712
32 47 100.26388
32 48 140.89792
32 49 186.78574
32 50 117.18272
32 51 171.8883
32 52 188.75313
32 53 134.27616
32 54 153.50632
32 55 157.03672
32 56 133.76529
32 57 176.61614
32 58 105.42192
32 59 169.00226
32 60 131.4766
32 61 138.48079
32 62 146.21427
32 63 160.89449
32 64 111.6578
32 65 196.3999
32 66 120.77457
32 67 167.32713
32 68 149.16451
32 69 187.34338
32 70 199.37733
32 71 181.77565
32 72 116.27154
32 73 173.58801
32 74 146.03972
32 75 139.9288
32 76 142.02067
32 77 113.65292
32 78 180.39523
32 79 102.01589
32 80 153.99116
32 81 128.31069
32 82 112.89307
32 83 149.31948
32 84 127.90531
32 85 178.48131
32 86 109.36252
32 87 190.20229
32 88 139.50534
32 89 197.16333
32 90 157.53635
32 91 121.58032
32 92 114.79427
32 93 124.13
32 94 117.07348
32 95 177.88921
32 96 103.40779
32 97 123.56619
32 98 182.43032
32 99 122.47103
33 34 178.69385
33 35 167.31837
33 36 179.18542
33 37 138.03414
33 38 173.34178
33 39 103.29196
33 40 181.02071
33 41 143.41941
33 42 162.26173
33 43 119.36434
33 44 151.64132
33 45 110.11516
33 46 165.01013
33 47 188.08544
33 48 139.30415
33 49 160.83491
33 50 169.94238
33 51 144.0081
33 52 174.70032
33 53 139.65789
33 54 169.90897
33 55 126.90843
33 56 155.22664
33 57 125.90755
33 58 145.45888
33 59 159.31794
33 60 154.06846
33 61 124.07048
33 62 174.28076
33 63 146.36271
33 64 119.76439
33 65 105.03549
33 66 105.6895
33 67 132.89088
33 68 108.05625
33 69 187.63704
33 70 175.0569
33 71 177.17185
33 72 193.91904
33 73 139.68286
33 74 123.70811
33 75 176.43524
33 76 183.75536
33 77 195.59618
33 78 103.65584
33 79 138.9306
33 80 176.55465
33 81 199.31038
33 82 114.3458
33 83 154.59989
33 84 150.46658
33 85 149.2938
33 86 181.76111
33 87 139.39427
33 88 192.63752
33 89 180.98963
33 90 118.87809
33 91 164.4159
33 92 130.75773
33 93 104.44821
33 94 194.10286
33 95 160.21488
33 96 154.7795
33 97 104.92723
33 98 162.69935
33 99 123.36765
34 35 133.47025
34 36 112.09235
34 37 184.92694
34 38 168.74215
34 39 170.67814
34 40 147.31645
34 41 159.59557
34 42 165.4828
34 43 158.2062
34 44 134.35391
34 45 186.96104
34 46 104.57759
34 47 167.48271
34 48 195.65027
34 49 100.84599
34 50 158.31521
34 51 198.82347
34 52 158.86954
34 53 132.725
34 54 132.41707
34 55 117.10021
34 56 155.74127
34 57 154.23571
34 58 177.4155
34 59 166.35089
34 60 130.12994
34 61 100.00939
34 62 102.96518
34 63 178.5312
34 64 193.16979
34 65 120.97919
34 66 160.30691
34 67 126.90821
34 68 111.06892
34 69 127.24693
34 70 112.56564
34 71 116.7326
34 72 183.73443
34 73 140.99521
34 74 126.56166
34 75 133.90107
34 76 122.72754
34 77 153.53921
34 78 191.45879
34 79 126.3166
34 80 171.88096
34 81 108.72826
34 82 142.92222
34 83 169.01156
34 84 161.72786
34 85 150.14895
34 86 169.43062
34 87 151.89167
34 88 149.97616
34 89 181.03156
34 90 118.60891
34 91 123.12522
34 92 127.87036
34 93 164.09988
34 94 183.75653
34 95 148.70916
34 96 132.87701
34 97 155.16304
34 98 110.87367
34 99 129.62106
35 36 179.00996
35 37 113.53917
35 38 137.5983
35 39 149.49809
35 40 113.89075
35 41 180.32657
35 42 177.69485
35 43 122.61416
35 44 185.33508
35 45 105.15516
35 46 191.75211
35 47 119.81028
35 48 163.59354
35 49 116.77357
35 50 108.25409
35 51 109.65784
35 52 124.80282
35 53 193.5498
35 54 140.22541
35 55 141.08787
35 56 156.28664
35 57 122.17726
35 58 170.4585
35 59 166.99631
35 60 122.33444
35 61 181.22291
35 62 172.68717
35 63 125.82635
35 64 137.90119
35 65 104.26857
35 66 130.11132
35 67 180.99904
35 68 101.40334
35 69 162.70595
35 70 196.19505
35 71 133.83185
35 72 124.84155
35 73 127.09621
35 74 172.50337
35 75 114.57791
35 76 197.77649
35 77 169.27088
35 78 170.58191
35 79 127.61438
35 80 183.38411
35 81 183.68888
35 82 125.01776
35 83 198.25092
35 84 195.09678
35 85 141.93657
35 86 144.6177
35 87 169.31501
35 88 172.94017
35 89 130.09842
35 90 143.76727
35 91 120.5143
35 92 170.73855
35 93 127.0538
35 94 144.19946
35 95 194.07178
35 96 104.149
35 97 129.92322
35 98 124.54125
35 99 132.94563
36 37 115.04206
36 38 197.31281
36 39 140.19398
36 40 186.64452
36 41 112.25315
36 42 192.19394
36 43 140.79487
36 44 141.21227
36 45 143.70618
36 46 159.83846
36 47 142.17901
36 48 149.73425
36 49 180.84455
36 50 120.19944
36 51 105.51564
36 52 133.99404
36 53 108.12226
36 54 132.82053
36 55 152.32107
36 56 118.35626
36 57 152.27798
36 58 147.69766
36 59 104.65948
36 60 156.61559
36 61 104.89049
36 62 101.29985
36 63 170.73725
36 64 195.4777
36 65 100.50438
36 66 124.97468
36 67 151.14317
36 68 136.20298
36 69 190.2417
36 70 181.40646
36 71 132.51693
36 72 103.57872
36 73 178.14881
36 74 119.236
36 75 134.4144
36 76 129.3902
36 77 155.44392
36 78 180.3397
36 79 143.90848
36 80 143.826
36 81 130.853
36 82 121.86133
36 83 198.4418
36 84 114.56332
36 85 194.00463
36 86 184.80926
36 87 196.6709
36 88 183.54509
36 89 196.85537
36 90 156.13439
36 91 134.36241
36 92 117.00286
36 93 150.85877
36 94 190.01173
36 95 126.35977
36 96 119.63071
36 97 123.70537
36 98 186.98738
36 99 187.46752
37 38 105.20408
37 39 156.81114
37 40 102.58683
37 41 129.69046
37 42 114.634
37 43 103.79353
37 44 169.75777
37 45 179.94321
37 46 155.8643
37 47 157.19333
37 48 151.29424
37 49 150.39309
37 50 100.29461
37 51 129.8626
37 52 107.29491
37 53 100.46233
37 54 179.71189
37 55 189.4317
37 56 161.59069
37 57 109.96005
37 58 150.21783
37 59 170.16426
37 60 181.2453
37 61 138.80841
37 62 174.81688
37 63 136.59472
37 64 183.92598
37 65 155.40767
37 66 131.73229
37 67 128.05404
37 68 158.09141
37 69 159.79616
37 70 160.05712
37 71 145.03354
37 72 165.12432
37 73 108.71788
37 74 168.54667
37 75 189.54191
37 76 117.19432
37 77 172.69052
37 78 181.91095
37 79 198.06333
37 80 186.38764
37 81 119.86978
37 82 123.8876
37 83 161.81572
37 84 168.91587
37 85 122.84812
37 86 130.32365
37 87 154.33261
37 88 169.86503
37 89 179.37978
37 90 128.72439
37 91 173.88883
37 92 110.15174
37 93 152.05024
37 94 129.32525
37 95 186.01695
37 96 173.03864
37 97 118.15847
37 98 157.13105
37 99 144.84363
38 39 187.59107
38 40 138.03422
38 41 109.1703
38 42 121.58432
38 43 117.34016
38 44 167.69462
38 45 100.15493
38 46 169.04276
38 47 196.38652
38 48 190.63284
38 49 151.10381
38 50 103.97379
38 51 147.57156
38 52 106.97289
38 53 188.11009
38 54 199.58927
38 55 178.92472
38 56 131.64729
38 57 141.25701
38 58 110.71244
38 59 132.53488
38 60 108.2914
38 61 146.65084
38 62 170.60727
38 63 163.55397
38 64 177.97041
38 65 192.25465
38 66 170.75915
38 67 182.01597
38 68 155.32273
38 69 157.90179
38 70 118.45754
38 71 116.68249
38 72 107.47779
38 73 113.2041
38 74 146.8996
38 75 142.4825
38 76 162.23436
38 77 107.18274
38 78 120.32399
38 79 149.87137
38 80 175.03022
38 81 100.93408
38 82 105.17165
38 83 157.88519
38 84 125.09638
38 85 126.67719
38 86 168.65457
38 87 116.07899
38 88 196.18788
38 89 104.42518
38 90 103.32873
38 91 125.37232
38 92 113.89232
38 93 194.30885
38 94 149.89419
38 95 177.8191
38 96 197.80847
38 97 134.71151
38 98 125.4978
38 99 123.28844
39 40 149.12511
39 41 167.03167
39 42 175.04407
39 43 191.91473
39 44 144.91293
39 45 104.96951
39 46 141.96667
39 47 127.34104
39 48 115.7744
39 49 149.25116
39 50 106.61356
39 51 185.00129
39 52 196.30157
39 53 187.45558
39 54 156.15393
39 55 172.82901
39 56 179.29508
39 57 157.32305
39 58 142.53464
39 59 149.91142
39 60 121.33762
39 61 125.87848
39 62 107.69545
39 63 163.80468
39 64 157.47636
39 65 180.32066
39 66 131.50628
39 67 152.31841
39 68 190.99969
39 69 190.32629
39 70 125.04614
39 71 124.36618
39 72 139.10289
39 73 165.29185
39 74 158.11168
39 75 160.73229
39 76 178.73066
39 77 144.25621
39 78 187.82181
39 79 139.49561
39 80 166.3817
39 81 114.04123
39 82 194.12387
39 83 139.85525
39 84 117.22277
39 85 159.89811
39 86 182.55502
39 87 197.88485
39 88 152.7451
39 89 142.31643
39 90 138.10979
39 91 166.66378
39 92 159.09737
39 93 137.39098
39 94 109.70252
39 95 139.63979
39 96 194.35267
39 97 119.51757
39 98 102.29582
39 99 104.30247
40 41 182.53171
40 42 108.96054
40 43 162.87449
40 44 116.42017
40 45 153.37348
40 46 149.25965
40 47 168.40045
40 48 105.23977
40 49 175.56833
40 50 174.51223
40 51 145.72442
40 52 118.41347
40 53 157.47596
40 54 111.93091
40 55 187.37337
40 56 137.88949
40 57 192.36753
40 58 155.49134
40 59 157.13856
40 60 128.10792
40 61 175.6609
40 62 173.49149
40 63 161.68481
40 64 170.13854
40 65 194.76942
40 66 105.49817
40 67 171.66753
40 68 170.26442
40 69 174.38058
40 70 143.50435
40 71 133.88912
40 72 193.78108
40 73 114.11753
40 74 103.41809
40 75 187.99809
40 76 184.29738
40 77 151.30106
40 78 159.41714
40 79 149.46051
40 80 133.8329
40 81 126.76764
40 82 177.60299
40 83 123.24615
40 84 102.08319
40 85 160.13691
40 86 134.07282
40 87 140.03738
40 88 175.04031
40 89 137.31873
40 90 159.42703
40 91 194.49798
40 92 116.06712
40 93 118.85302
40 94 118.97463
40 95 157.80153
40 96 151.48938
40 97 159.90072
40 98 149.3835
40 99 187.38744
41 42 175.69835
41 43 177.39023
41 44 114.90604
41 45 175.49202
41 46 141.43458
41 47 108.06589
41 48 150.89184
41 49 188.40921
41 50 108.77773
41 51 110.59835
41 52 141.83514
41 53 164.88504
41 54 128.44857
41 55 138.47135
41 56 129.8634
41 57 186.66312
41 58 189.86008
41 59 146.18239
41 60 134.39972
41 61 191.95718
41 62 199.80742
41 63 182.13544
41 64 142.20425
41 65 156.2538
41 66 146.61563
41 67 147.79572
41 68 141.39055
41 69 179.93325
41 70 151.19156
41 71 144.11733
41 72 116.60755
41 73 167.21067
41 74 158.54822
41 75 195.80214
41 76 199.07589
41 77 187.3668
41 78 134.14407
41 79 197.61828
41 80 130.52499
41 81 111.16261
41 82 104.97869
41 83 190.38791
41 84 138.48824
41 85 186.27008
41 86 140.44717
41 87 130.377
41 88 199.4624
41 89 140.03925
41 90 185.59194
41 91 109.01688
41 92 137.70909
41 93 133.41179
41 94 105.11288
41 95 125.84177
41 96 174.23161
41 97 145.12195
41 98 101.61085
41 99 176.41155
42 43 180.95503
42 44 131.74184
42 45 110.68808
42 46 123.34525
42 47 185.31825
42 48 106.13343
42 49 191.15014
42 50 148.28856
42 51 100.0419
42 52 196.57732
42 53 132.06999
42 54 193.49515
42 55 121.7426
42 56 127.79226
42 57 151.80023
42 58 159.90325
42 59 172.85853
42 60 154.33304
42 61 118.71862
42 62 132.44641
42 63 135.11797
42 64 123.32133
42 65 120.67817
42 66 170.12027
42 67 196.86802
42 68 105.03043
42 69 188.62129
42 70 116.32231
42 71 179.03417
42 72 132.17146
42 73 165.008
42 74 147.3305
42 75 152.32773
42 76 126.60421
42 77 115.37778
42 78 104.15735
42 79 160.37124
42 80 110.19501
42 81 160.30059
42 82 174.03412
42 83 106.15185
42 84 144.49765
42 85 183.01159
42 86 133.25458
42 87 147.64475
42 88 139.72779
42 89 187.59404
42 90 189.3892
42 91 174.85637
42 92 123.03737
42 93 168.65994
42 94 191.91901
42 95 108.07289
42 96 148.38534
42 97 106.39881
42 98 141.59255
42 99 130.07762
43 44 125.69928
43 45 183.51887
43 46 130.22607
43 47 100.20002
43 48 199.39747
43 49 121.31972
43 50 149.8072
43 51 171.95355
43 52 193.96753
43 53 129.30194
43 54 198.82927
43 55 192.18215
43 56 102.30016
43 57 156.67569
43 58 182.1734
43 59 108.60794
43 60 142.24413
43 61 194.28678
43 62 192.18027
43 63 123.51341
43 64 122.97033
43 65 184.97077
43 66 141.19543
43 67 142.21014
43 68 160.57417
43 69 133.81147
43 70 127.82057
43 71 190.11928
43 72 143.07152
43 73 178.29149
43 74 176.33833
43 75 144.32407
43 76 130.3546
43 77 192.39709
43 78 142.79308
43 79 119.35923
43 80 132.44808
43 81 116.47535
43 82 157.94901
43 83 175.58177
43 84 136.22911
43 85 158.50455
43 86 107.19918
43 87 117.73493
43 88 125.83005
43 89 186.75427
43 90 154.80123
43 91 186.57745
43 92 176.09237
43 93 102.60267
43 94 198.89044
43 95 157.41085
43 96 198.45844
43 97 103.82026
43 98 151.05388
43 99 139.56003
44 45 169.63725
44 46 127.56353
44 47 116.83801
44 48 141.06636
44 49 127.97142
44 50 140.19623
44 51 137.09001
44 52 132.32943
44 53 174.45661
44 54 181.28792
44 55 180.9271
44 56 127.95903
44 57 112.23573
44 58 159.79115
44 59 186.13448
44 60 113.58219
44 61 157.3877
44 62 164.2261
44 63 130.03086
44 64 187.20766
44 65 135.14848
44 66 144.00487
44 67 159.48501
44 68 121.95509
44 69 152.00857
44 70 124.80096
44 71 152.45963
44 72 130.49672
44 73 105.29484
44 74 123.22043
44 75 106.75589
44 76 192.38659
44 77 166.67732
44 78 174.8107
44 79 100.38497
44 80 162.65676
44 81 131.73029
44 82 120.04169
44 83 199.19372
44 84 196.67554
44 85 197.80693
44 86 183.84248
44 87 122.20934
44 88 148.59939
44 89 162.21333
44 90 186.05057
44 91 114.73308
44 92 121.57272
44 93 151.63074
44 94 152.25262
44 95 162.27293
44 96 184.27483
44 97 148.64482
44 98 147.31972
44 99 106.99478
45 46 148.08596
45 47 105.96078
45 48 165.02211
45 49 178.35904
45 50 100.27333
45 51 197.98954
45 52 150.95939
45 53 164.21753
45 54 116.97587
45 55 131.7712
45 56 122.06199
45 57 108.96725
45 58 154.16054
45 59 134.79767
45 60 163.04807
45 61 129.5847
45 62 113.17702
45 63 184.70509
45 64 180.45349
45 65 168.1642
45 66 165.47056
45 67 119.58691
45 68 164.0251
45 69 147.69358
45 70 129.58305
45 71 158.97602
45 72 175.20422
45 73 113.87245
45 74 125.36932
45 75 124.12342
45 76 170.07031
45 77 195.60937
45 78 179.33082
45 79 193.85546
45 80 179.22695
45 81 119.8264
45 82 162.68919
45 83 161.59976
45 84 152.26237
45 85 100.70418
45 86 124.08092
45 87 116.21695
45 88 176.56863
45 89 189.11302
45 90 106.10717
45 91 199.43194
45 92 172.89646
45 93 164.33742
45 94 146.69269
45 95 175.51775
45 96 188.9786
45 97 136.77516
45 98 171.02533
45 99 127.99734
46 47 115.98495
46 48 174.80869
46 49 139.79293
46 50 170.63686
46 51 192.11192
46 52 124.98455
46 53 185.73076
46 54 148.74909
46 55 115.14833
46 56 143.31789
46 57 131.56781
46 58 103.24897
46 59 124.18915
46 60 178.99313
46 61 157.98043
46 62 184.19653
46 63 137.54297
46 64 183.55381
46 65 136.71383
46 66 161.00964
46 67 172.89011
46 68 176.96141
46 69 107.27065
46 70 115.44194
46 71 101.5689
46 72 185.24409
46 73 130.91863
46 74 161.95643
46 75 130.38825
46 76 116.04313
46 77 110.62622
46 78 118.99316
46 79 193.76329
46 80 138.35886
46 81 199.22079
46 82 124.44955
46 83 114.94992
46 84 152.47585
46 85 164.3128
46 86 140.05105
46 87 108.51704
46 88 114.67633
46 89 153.64166
46 90 143.28372
46 91 102.19985
46 92 185.70631
46 93 190.22534
46 94 112.94735
46 95 100.86056
46 96 102.67076
46 97 178.95642
46 98 125.70404
46 99 162.01461
47 48 150.53153
47 49 164.35732
47 50 189.77271
47 51 165.45075
47 52 116.86441
47 53 113.19955
47 54 157.17697
47 55 172.30573
47 56 187.44378
47 57 174.39946
47 58 196.15751
47 59 186.1725
47 60 162.03213
47 61 167.76138
47 62 137.33675
47 63 170.63563
47 64 102.31344
47 65 124.8605
47 66 146.41826
47 67 150.87139
47 68 155.9336
47 69 196.25623
47 70 160.43297
47 71 104.39632
47 72 151.1313
47 73 164.03852
47 74 126.25228
47 75 193.26545
47 76 185.91027
47 77 104.05532
47 78 141.30561
47 79 123.59037
47 80 182.81429
47 81 166.02175
47 82 102.99999
47 83 143.8498
47 84 106.98119
47 85 177.51028
47 86 165.11468
47 87 148.21968
47 88 116.82173
47 89 156.55129
47 90 104.77511
47 91 126.98148
47 92 180.2833
47 93 182.59047
47 94 123.54291
47 95 129.69813
47 96 166.89827
47 97 160.86847
47 98 108.12138
47 99 144.69144
48 49 164.30714
48 50 154.15052
48 51 193.97141
48 52 182.99428
48 53 193.66029
48 54 173.72428
48 55 164.76837
48 56 101.24753
48 57 176.90126
48 58 114.77987
48 59 118.82823
48 60 186.7418
48 61 127.83881
48 62 117.63414
48 63 132.12022
48 64 170.07837
48 65 109.82993
48 66 154.43842
48 67 183.01785
48 68 186.87627
48 69 170.48757
48 70 146.49958
48 71 197.75759
48 72 182.45059
48 73 152.7325
48 74 169.78938
48 75 122.74614
48 76 197.47442
48 77 137.18598
48 78 103.52705
48 79 185.51217
48 80 162.73713
48 81 199.70553
48 82 106.07708
48 83 198.89825
48 84 115.5837
48 85 162.76556
48 86 159.8167
48 87 130.8499
48 88 126.40187
48 89 127.09266
48 90 137.47134
48 91 166.85408
48 92 178.57219
48 93 170.45711
48 94 114.50425
48 95 143.58585
48 96 100.33047
48 97 151.70984
48 98 157.08815
48 99 199.93504
49 50 196.31788
49 51 137.63589
49 52 116.21833
49 53 121.2796
49 54 176.89276
49 55 159.59121
49 56 106.0336
49 57 115.80595
49 58 186.80346
49 59 187.92329
49 60 105.24883
49 61 116.85023
49 62 138.38807
49 63 189.49237
49 64 187.34251
49 65 110.74148
49 66 116.12529
49 67 163.00732
49 68 178.22623
49 69 133.34964
49 70 192.55951
49 71 193.64504
49 72 183.28099
49 73 101.25658
49 74 168.9462
49 75 159.48066
49 76 178.87993
49 77 198.13603
49 78 197.18523
49 79 112.49977
49 80 194.47222
49 81 159.87369
49 82 184.25284
49 83 159.55332
49 84 121.8693
49 85 129.13828
49 86 146.66858
49 87 118.23129
49 88 132.46214
49 89 138.71239
49 90 148.17202
49 91 178.38728
49 92 111.22238
49 93 123.20439
49 94 152.06742
49 95 169.32128
49 96 166.55173
49 97 188.65388
49 98 126.08278
49 99 103.36271
50 51 168.91421
50 52 111.95662
50 53 172.89934
50 54 133.86474
50 55 131.82368
50 56 116.52242
50 57 120.83869
50 58 164.78242
50 59 146.9907
50 60 144.45555
50 61 174.52559
50 62 193.75046
50 63 138.0961
50 64 101.02763
50 65 188.529
50 66 139.75975
50 67 187.83041
50 68 179.4476
50 69 192.75152
50 70 151.51879
50 71 107.98177
50 72 171.20056
50 73 121.34741
50 74 180.63221
50 75 124.70549
50 76 165.64554
50 77 162.63883
50 78 171.08935
50 79 156.67245
50 80 138.96675
50 81 192.79919
50 82 188.46257
50 83 189.41689
50 84 121.68666
50 85 148.23629
50 86 168.01699
50 87 104.10283
50 88 113.73827
50 89 184.49623
50 90 103.21459
50 91 138.94488
50 92 195.25995
50 93 167.36456
50 94 126.70645
50 95 197.94214
50 96 161.84622
50 97 168.50607
50 98 177.07055
50 99 161.11189
51 52 147.64826
51 53 122.5633
51 54 144.21622
51 55 127.38321
51 56 164.99218
51 57 163.12104
51 58 179.39403
51 59 197.33447
51 60 163.03157
51 61 194.99121
51 62 175.90987
51 63 175.7586
51 64 181.76415
51 65 192.95043
51 66 105.41437
51 67 169.81629
51 68 102.63117
51 69 131.43617
51 70 143.20055
51 71 141.3209
51 72 143.72987
51 73 172.03277
51 74 136.23264
51 75 161.30696
51 76 137.75455
51 77 143.94838
51 78 102.28277
51 79 179.65594
51 80 119.6382
51 81 164.82357
51 82 104.71522
51 83 172.00392
51 84 172.76435
51 85 110.83857
51 86 144.42809
51 87 189.77266
51 88 112.91247
51 89 140.42258
51 90 137.89058
51 91 184.35875
51 92 164.99941
51 93 155.41623
51 94 169.36145
51 95 187.36282
51 96 145.96311
51 97 122.19074
51 98 151.03504
51 99 194.06021
52 53 141.70426
52 54 154.5741
52 55 186.22364
52 56 116.22778
52 57 197.31077
52 58 160.6234
52 59 120.78688
52 60 199.08019
52 61 181.09517
52 62 172.85384
52 63 155.36895
52 64 155.22212
52 65 112.79174
52 66 125.58857
52 67 184.79559
52 68 119.1527
52 69 153.54876
52 70 118.04986
52 71 140.58633
52 72 167.39709
52 73 160.4138
52 74 136.05772
52 75 167.36695
52 76 187.66186
52 77 112.92834
52 78 195.9472
52 79 157.08994
52 80 154.73706
52 81 142.6139
52 82 195.57666
52 83 122.33648
52 84 161.17647
52 85 132.44509
52 86 194.05598
52 87 120.54148
52 88 119.83646
52 89 178.68183
52 90 179.21371
52 91 110.4367
52 92 177.56526
52 93 112.69354
52 94 124.65544
52 95 186.66289
52 96 101.45804
52 97 156.78472
52 98 178.13732
52 99 175.59134
53 54 143.27852
53 55 168.98732
53 56 199.77113
53 57 160.30858
53 58 179.13267
53 59 176.8854
53 60 126.57212
53 61 141.15031
53 62 136.65821
53 63 144.34942
53 64 126.93167
53 65 198.2168
53 66 123.75592
53 67 127.89175
53 68 190.7643
53 69 158.71529
53 70 116.95025
53 71 145.25706
53 72 166.99946
53 73 118.95254
53 74 180.12007
53 75 121.02715
53 76 166.00146
53 77 146.35932
53 78 117.76853
53 79 105.5209
53 80 153.16719
53 81 140.27869
53 82 196.75201
53 83 184.0611
53 84 158.87544
53 85 131.41868
53 86 125.55988
53 87 113.9002
53 88 102.64922
53 89 111.80785
53 90 123.35929
53 91 135.00678
53 92 151.65645
53 93 182.30247
53 94 182.07702
53 95 186.07812
53 96 122.96641
53 97 187.38515
53 98 124.19291
53 99 184.66573
54 55 171.367
54 56 133.93206
54 57 167.39108
54 58 101.69859
54 59 114.01641
54 60 172.43144
54 61 187.28697
54 62 137.48291
54 63 189.53222
54 64 104.27052
54 65 146.81203
54 66 145.84805
54 67 179.23809
54 68 117.63602
54 69 140.42764
54 70 153.32377
54 71 142.92432
54 72 194.33914
54 73 100.18019
54 74 146.59722
54 75 197.55518
54 76 148.38211
54 77 122.48573
54 78 119.44044
54 79 109.02152
54 80 121.4719
54 81 148.58004
54 82 150.08296
54 83 167.32012
54 84 176.19982
54 85 124.18985
54 86 137.41407
54 87 129.14045
54 88 137.61717
54 89 104.51239
54 90 119.16613
54 91 121.66082
54 92 170.52786
54 93 111.61182
54 94 141.96555
54 95 141.36729
54 96 180.76931
54 97 143.78226
54 98 150.61662
54 99 156.54567
55 56 106.29673
55 57 178.76002
55 58 161.91534
55 59 167.36666
55 60 104.10727
55 61 198.09883
55 62 136.43121
55 63 135.95081
55 64 100.6981
55 65 114.91135
55 66 130.67474
55 67 192.73887
55 68 138.25662
55 69 159.58698
55 70 117.71405
55 71 158.26604
55 72 192.65771
55 73 187.93742
55 74 184.37624
55 75 189.33358
55 76 151.94245
55 77 148.9343
55 78 138.36496
55 79 194.00632
55 80 172.725
55 81 171.75562
55 82 191.88156
55 83 181.81914
55 84 167.81461
55 85 105.99185
55 86 148.39277
55 87 145.81242
55 88 187.82172
55 89 171.39599
55 90 144.56994
55 91 173.37857
55 92 183.37474
55 93 143.82381
55 94 177.7674
55 95 165.37596
55 96 163.32545
55 97 167.0365
55 98 150.37549
55 99 143.84082
56 57 129.82249
56 58 154.49988
56 59 104.7378
56 60 114.85483
56 61 157.2339
56 62 132.06325
56 63 112.06111
56 64 158.06949
56 65 157.2814
56 66 130.22852
56 67 116.55964
56 68 171.33941
56 69 101.94076
56 70 146.33485
56 71 110.45101
56 72 171.29025
56 73 164.26471
56 74 138.44662
56 75 102.37899
56 76 102.53149
56 77 192.81447
56 78 110.49793
56 79 132.87884
56 80 118.24246
56 81 120.01245
56 82 112.03143
56 83 196.53126
56 84 112.61916
56 85 126.31271
56 86 121.19288
56 87 169.53206
56 88 170.23759
56 89 162.96041
56 90 170.57673
56 91 162.38401
56 92 131.22164
56 93 150.71659
56 94 166.70408
56 95 131.55832
56 96 150.52052
56 97 166.21178
56 98 189.25884
56 99 151.60353
57 58 117.5181
57 59 109.20626
57 60 184.26178
57 61 113.56293
57 62 136.9476
57 63 191.70145
57 64 172.09507
57 65 194.0429
57 66 196.608
57 67 188.5958
57 68 108.70778
57 69 121.25304
57 70 151.14429
57 71 154.88176
57 72 177.91639
57 73 193.03575
57 74 111.75651
57 75 143.42645
57 76 125.37917
57 77 193.66257
57 78 189.37455
57 79 187.29471
57 80 125.53678
57 81 196.96275
57 82 102.18404
57 83 182.70011
57 84 158.79002
57 85 104.54756
57 86 184.1139
57 87 188.98564
57 88 118.10475
57 89 157.42386
57 90 138.83271
57 91 136.96296
57 92 187.10167
57 93 191.7932
57 94 185.81071
57 95 133.64949
57 96 141.107
57 97 192.96106
57 98 192.22065
57 99 183.45046
58 59 155.49275
58 60 139.58067
58 61 187.4298
58 62 109.87568
58 63 195.33076
58 64 165.27589
58 65 150.4207
58 66 145.91652
58 67 194.32864
58 68 144.30364
58 69 168.07479
58 70 103.71084
58 71 172.09149
58 72 199.56506
58 73 168.35489
58 74 101.49223
58 75 157.18647
58 76 160.12885
58 77 186.47004
58 78 126.63897
58 79 100.53403
58 80 164.15299
58 81 136.14289
58 82 104.17475
58 83 138.80811
58 84 183.59061
58 85 172.70743
58 86 136.18136
58 87 179.28128
58 88 171.82119
58 89 132.40802
58 90 187.94546
58 91 140.19583
58 92 152.0618
58 93 135.8732
58 94 123.25396
58 95 184.12183
58 96 129.20507
58 97 109.28924
58 98 161.98528
58 99 104.86687
59 60 187.43178
59 61 184.22432
59 62 128.52918
59 63 127.62827
59 64 167.06903
59 65 176.71719
59 66 164.31052
59 67 177.83605
59 68 137.56804
59 69 186.99539
59 70 145.72533
59 71 102.83735
59 72 118.50476
59 73 161.4646
59 74 145.85416
59 75 147.97404
59 76 131.11319
59 77 197.98978
59 78 152.05243
59 79 113.85397
59 80 188.06068
59 81 189.99211
59 82 165.1628
59 83 145.78165
59 84 166.03906
59 85 118.21943
59 86 185.4173
59 87 199.95858
59 88 144.50591
59 89 109.29841
59 90 128.13326
59 91 161.55899
59 92 167.98761
59 93 106.54557
59 94 196.1173
59 95 129.65268
59 96 165.16828
59 97 119.80039
59 98 124.39243
59 99 164.64794
60 61 118.82178
60 62 108.3068
60 63 103.01806
60 64 152.88548
60 65 148.14726
60 66 130.72535
60 67 180.51545
60 68 160.09534
60 69 153.79332
60 70 188.04025
60 71 170.69441
60 72 196.34569
60 73 180.56853
60 74 135.72657
60 75 148.24691
60 76 106.5524
60 77 186.26934
60 78 136.34791
60 79 197.25704
60 80 118.63885
60 81 100.89287
60 82 152.86829
60 83 151.10804
60 84 108.81853
60 85 100.17977
60 86 160.52585
60 87 156.07663
60 88 103.70315
60 89 172.0702
60 90 102.97017
60 91 194.24845
60 92 174.45014
60 93 184.47787
60 94 127.79243
60 95 109.47078
60 96 170.32463
60 97 119.61375
60 98 160.06739
60 99 123.22367
61 62 186.63823
61 63 116.55797
61 64 120.69385
61 65 136.90384
61 66 163.4761
61 67 167.98892
61 68 188.43082
61 69 124.41414
61 70 127.19371
61 71 199.80359
61 72 128.88021
61 73 115.57498
61 74 158.23598
61 75 161.53546
61 76 107.21719
61 77 122.66727
61 78 167.85845
61 79 139.65179
61 80 139.98911
61 81 144.4602
61 82 186.92709
61 83 175.45729
61 84 163.1021
61 85 135.71315
61 86 116.29083
61 87 160.66457
61 88 107.40608
61 89 198.50318
61 90 198.06975
61 91 178.45853
61 92 159.55147
61 93 191.2337
61 94 111.69976
61 95 106.89039
61 96 140.90446
61 97 188.17641
61 98 149.92437
61 99 130.63088
62 63 142.63754
62 64 109.75978
62 65 189.75359
62 66 185.75662
62 67 168.18423
62 68 159.16424
62 69 143.17789
62 70 157.28835
62 71 111.1954
62 72 132.86386
62 73 122.79327
62 74 165.94343
62 75 121.86863
62 76 167.67959
62 77 190.70864
62 78 117.05011
62 79 115.30048
62 80 145.85339
62 81 139.22382
62 82 121.87762
62 83 190.06268
62 84 156.31836
62 85 103.48488
62 86 191.38083
62 87 171.71774
62 88 132.26173
62 89 173.22048
62 90 170.58942
62 91 135.26485
62 92 113.51582
62 93 159.42831
62 94 135.12942
62 95 192.08126
62 96 165.33216
62 97 176.39057
62 98 160.08979
62 99 157.55641
63 64 185.49277
63 65 139.4746
63 66 140.53788
63 67 118.99556
63 68 126.55706
63 69 162.34889
63 70 138.30221
63 71 129.2462
63 72 172.58588
63 73 166.34664
63 74 149.9948
63 75 120.65726
63 76 176.85119
63 77 118.61071
63 78 171.64391
63 79 197.69517
63 80 162.22117
63 81 170.7185
63 82 156.98089
63 83 107.14597
63 84 132.87007
63 85 138.46977
63 86 188.19983
63 87 138.9191
63 88 113.91935
63 89 110.74373
63 90 111.80232
63 91 132.65327
63 92 198.47027
63 93 178.15365
63 94 127.91557
63 95 193.27668
63 96 185.25655
63 97 193.98913
63 98 177.81694
63 99 107.63484
64 65 107.54213
64 66 168.47817
64 67 126.53489
64 68 199.53788
64 69 172.27594
64 70 191.50992
64 71 192.46167
64 72 125.21332
64 73 184.98789
64 74 147.24036
64 75 190.10233
64 76 188.57341
64 77 137.45969
64 78 120.34704
64 79 189.74444
64 80 105.65613
64 81 123.60687
64 82 149.50184
64 83 132.38842
64 84 130.29452
64 85 189.93801
64 86 107.92925
64 87 106.58283
64 88 107.1137
64 89 196.46124
64 90 123.56991
64 91 194.13978
64 92 122.04924
64 93 169.47658
64 94 123.07773
64 95 113.13414
64 96 194.02756
64 97 133.09068
64 98 146.96247
64 99 171.08319
65 66 152.00851
65 67 176.24526
65 68 177.23966
65 69 195.33443
65 70 128.75312
65 71 183.79516
65 72 170.27096
65 73 149.07506
65 74 197.32437
65 75 107.71174
65 76 103.64251
65 77 115.12884
65 78 191.1906
65 79 129.95929
65 80 157.4535
65 81 142.98566
65 82 119.8318
65 83 166.31169
65 84 165.3983
65 85 179.69539
65 86 144.18131
65 87 138.61461
65 88 191.03012
65 89 143.92165
65 90 130.79927
65 91 170.22261
65 92 109.08638
65 93 181.9518
65 94 148.37575
65 95 101.58697
65 96 193.65452
65 97 156.4173
65 98 166.86354
65 99 141.02035
66 67 122.10323
66 68 113.71748
66 69 118.34011
66 70 176.13271
66 71 101.25916
66 72 185.37949
66 73 195.1871
66 74 196.7769
66 75 188.64992
66 76 179.60092
66 77 198.825
66 78 143.00997
66 79 187.52132
66 80 139.26837
66 81 148.09467
66 82 185.98726
66 83 139.49823
66 84 151.46299
66 85 185.16968
66 86 185.78036
66 87 132.27333
66 88 102.76183
66 89 171.8254
66 90 104.40723
66 91 118.39568
66 92 160.13116
66 93 152.56398
66 94 124.53418
66 95 162.22981
66 96 170.71131
66 97 191.67058
66 98 186.34481
66 99 101.0776
67 68 139.9273
67 69 115.16993
67 70 173.47888
67 71 189.54529
67 72 191.50203
67 73 114.45512
67 74 158.33695
67 75 194.05905
67 76 102.80119
67 77 107.40281
67 78 180.10204
67 79 178.41709
67 80 192.81021
67 81 138.26286
67 82 141.16365
67 83 107.62315
67 84 185.12305
67 85 117.19427
67 86 147.77619
67 87 105.07134
67 88 179.46454
67 89 109.62951
67 90 110.03704
67 91 178.92474
67 92 125.03484
67 93 150.47028
67 94 162.74845
67 95 126.32813
67 96 122.96911
67 97 165.96092
67 98 122.96382
67 99 145.08298
68 69 167.94953
68 70 115.6067
68 71 176.55764
68 72 199.03638
68 73 150.59727
68 74 106.49301
68 75 102.04568
68 76 110.75958
68 77 185.4841
68 78 133.46031
68 79 126.09827
68 80 157.66965
68 81 168.73286
68 82 165.20615
68 83 168.57109
68 84 124.76437
68 85 187.96406
68 86 143.62136
68 87 115.98118
68 88 124.88002
68 89 169.15253
68 90 193.42664
68 91 167.84986
68 92 172.87583
68 93 151.32719
68 94 102.40111
68 95 161.22397
68 96 154.43345
68 97 106.43631
68 98 197.50926
68 99 154.08845
69 70 132.6637
69 71 149.00437
69 72 181.42236
69 73 162.24201
69 74 156.49266
69 75 140.30399
69 76 136.84589
69 77 180.98114
69 78 115.35379
69 79 177.0819
69 80 145.31764
69 81 188.90033
69 82 187.27028
69 83 160.25918
69 84 182.82079
69 85 103.49839
69 86 105.16928
69 87 158.25192
69 88 117.42728
69 89 158.51342
69 90 108.73585
69 91 126.59836
69 92 137.29596
69 93 165.82785
69 94 117.04317
69 95 189.76868
69 96 116.66452
69 97 108.03035
69 98 140.82602
69 99 176.10875
70 71 156.93441
70 72 147.16822
70 73 150.84091
70 74 131.78923
70 75 165.37243
70 76 133.57395
70 77 115.71437
70 78 162.5686
70 79 186.64218
70 80 151.12109
70 81 148.19617
70 82 127.94491
70 83 111.82591
70 84 121.02325
70 85 112.67557
70 86 144.83312
70 87 189.9432
70 88 108.66841
70 89 116.74694
70 90 112.93186
70 91 188.05039
70 92 148.52693
70 93 124.31166
70 94 104.42649
70 95 192.12735
70 96 163.02734
70 97 132.01592
70 98 177.17052
70 99 187.60731
71 72 124.48253
71 73 151.01759
71 74 158.33102
71 75 175.88059
71 76 189.94396
71 77 103.82399
71 78 115.23529
71 79 181.36661
71 80 154.58422
71 81 128.16205
71 82 165.51219
71 83 177.56602
71 84 197.57463
71 85 125.47942
71 86 116.68646
71 87 173.33659
71 88 193.44611
71 89 100.74434
71 90 198.37175
71 91 116.72449
71 92 154.10255
71 93 153.70351
71 94 142.99505
71 95 166.46211
71 96 132.84458
71 97 153.12786
71 98 133.58659
71 99 146.90678
72 73 153.60901
72 74 175.19648
72 75 129.89775
72 76 139.66198
72 77 114.51881
72 78 158.60636
72 79 154.08422
72 80 129.95251
72 81 164.29581
72 82 169.0244
72 83 105.75805
72 84 120.35995
72 85 123.65252
72 86 118.55133
72 87 123.84631
72 88 148.82109
72 89 155.18245
72 90 131.0736
72 91 182.50597
72 92 170.99297
72 93 130.18058
72 94 199.48013
72 95 113.13067
72 96 196.22586
72 97 158.48166
72 98 171.10733
72 99 165.81231
73 74 177.00555
73 75 117.406
73 76 142.79435
73 77 155.75701
73 78 174.86589
73 79 124.50667
73 80 135.34549
73 81 105.62894
73 82 122.42506
73 83 137.72261
73 84 194.52864
73 85 131.93541
73 86 130.95113
73 87 153.57179
73 88 142.23959
73 89 125.20281
73 90 152.44577
73 91 109.30916
73 92 113.44435
73 93 184.6884
73 94 143.38934
73 95 196.79306
73 96 182.1955
73 97 115.11813
73 98 113.932
73 99 113.09115
74 75 150.76334
74 76 164.98353
74 77 124.8876
74 78 126.86663
74 79 108.21728
74 80 110.47287
74 81 147.18633
74 82 163.56181
74 83 154.40336
74 84 148.40459
74 85 127.54371
74 86 112.40554
74 87 109.18782
74 88 100.75216
74 89 139.88531
74 90 121.81361
74 91 108.0504
74 92 124.64142
74 93 137.8964
74 94 120.75742
74 95 179.53991
74 96 128.10254
74 97 161.37556
74 98 180.60683
74 99 173.73792
75 76 106.59983
75 77 186.28215
75 78 197.95649
75 79 147.13036
75 80 190.83324
75 81 177.7148
75 82 123.9313
75 83 128.33785
75 84 177.83373
75 85 196.65229
75 86 160.55248
75 87 183.79243
75 88 106.48573
75 89 192.20864
75 90 124.13403
75 91 165.92024
75 92 115.41319
75 93 154.82186
75 94 178.86292
75 95 133.69137
75 96 154.95722
75 97 141.82775
75 98 141.71542
75 99 159.75124
76 77 111.05647
76 78 153.96048
76 79 159.67344
76 80 121.26268
76 81 179.70579
76 82 196.44607
76 83 184.49877
76 84 172.91477
76 85 195.73676
76 86 119.9142
76 87 114.58515
76 88 112.73024
76 89 181.83384
76 90 127.65467
76 91 145.19182
76 92 156.9659
76 93 166.13673
76 94 174.98196
76 95 130.0726
76 96 154.3491
76 97 147.89193
76 98 150.67624
76 99 128.58411
77 78 186.20364
77 79 147.03765
77 80 149.65788
77 81 124.38171
77 82 139.17485
77 83 113.72829
77 84 186.56441
77 85 127.71975
77 86 183.03777
77 87 154.23445
77 88 125.53895
77 89 191.42912
77 90 141.94218
77 91 175.62374
77 92 135.34673
77 93 163.84916
77 94 151.69798
77 95 121.23824
77 96 157.43621
77 97 180.46527
77 98 193.11742
77 99 166.49136
78 79 161.42196
78 80 145.94276
78 81 136.11748
78 82 133.2456
78 83 199.38928
78 84 188.25086
78 85 177.59417
78 86 187.54449
78 87 176.92866
78 88 128.88953
78 89 191.36372
78 90 193.04968
78 91 116.64881
78 92 123.10145
78 93 129.58161
78 94 158.90777
78 95 155.8804
78 96 137.42779
78 97 175.6519
78 98 197.24202
78 99 189.11869
79 80 182.56627
79 81 158.50268
79 82 148.97194
79 83 135.82284
79 84 149.77393
79 85 124.06081
79 86 117.35406
79 87 187.65726
79 88 114.03276
79 89 152.69178
79 90 166.75559
79 91 125.14448
79 92 187.35667
79 93 102.80217
79 94 172.80631
79 95 166.79811
79 96 149.43787
79 97 119.1854
79 98 110.27849
79 99 168.79917
80 81 183.84761
80 82 179.09437
80 83 103.07939
80 84 111.09296
80 85 192.91896
80 86 195.93249
80 87 132.14025
80 88 146.49241
80 89 101.80848
80 90 184.28068
80 91 147.97294
80 92 138.90703
80 93 126.72503
80 94 193.14243
80 95 185.27569
80 96 171.92869
80 97 104.52776
80 98 171.7605
80 99 180.68795
81 82 180.69438
81 83 144.33129
81 84 106.04424
81 85 149.43569
81 86 127.53287
81 87 174.77548
81 88 187.92851
81 89 195.32809
81 90 170.30496
81 91 132.28082
81 92 132.01085
81 93 154.00611
81 94 106.7564
81 95 100.8064
81 96 107.01516
81 97 101.50082
81 98 170.50753
81 99 104.31616
82 83 136.32267
82 84 173.57023
82 85 110.54293
82 86 162.7019
82 87 101.58719
82 88 131.95934
82 89 164.73539
82 90 115.26561
82 91 188.14458
82 92 181.81608
82 93 108.41921
82 94 155.43715
82 95 151.73325
82 96 104.35629
82 97 188.78254
82 98 185.94272
82 99 141.18108
83 84 143.72792
83 85 140.26474
83 86 114.93778
83 87 101.64188
83 88 110.36535
83 89 112.52997
83 90 148.34494
83 91 100.70635
83 92 166.03833
83 93 133.31417
83 94 179.26384
83 95 128.89767
83 96 191.45371
83 97 195.11282
83 98 144.35367
83 99 181.38196
84 85 126.79992
84 86 117.58508
84 87 184.69351
84 88 172.39965
84 89 172.97857
84 90 145.2635
84 91 189.31159
84 92 175.18544
84 93 177.53729
84 94 133.51588
84 95 147.43121
84 96 182.16442
84 97 117.74915
84 98 170.48225
84 99 122.73311
85 86 163.70137
85 87 196.44927
85 88 190.87618
85 89 149.17129
85 90 113.38745
85 91 162.73701
85 92 162.18047
85 93 176.45107
85 94 123.4089
85 95 126.93467
85 96 143.25928
85 97 170.48665
85 98 128.13199
85 99 199.63343
86 87 135.2793
86 88 163.38156
86 89 124.23675
86 90 134.28605
86 91 175.83135
86 92 189.56888
86 93 118.29457
86 94 189.36481
86 95 169.01838
86 96 135.28594
86 97 142.9165
86 98 110.64715
86 99 100.73554
87 88 192.10849
87 89 150.71563
87 90 105.33085
87 91 175.25229
87 92 142.86175
87 93 155.0681
87 94 149.46812
87 95 195.75002
87 96 153.74807
87 97 117.84847
87 98 128.94086
87 99 101.96696
88 89 146.30678
88 90 138.17302
88 91 170.64668
88 92 165.29447
88 93 198.60703
88 94 161.8453
88 95 144.8467
88 96 189.88529
88 97 144.81657
88 98 191.92364
88 99 189.1006
89 90 121.97752
89 91 125.0054
89 92 132.3631
89 93 110.29849
89 94 143.29757
89 95 110.00486
89 96 186.29887
89 97 156.79487
89 98 135.05546
89 99 181.35186
90 91 160.40336
90 92 189.95046
90 93 164.61515
90 94 125.44268
90 95 152.4517
90 96 174.89352
90 97 104.16691
90 98 107.64552
90 99 188.14275
91 92 162.66685
91 93 158.21985
91 94 187.79871
91 95 175.60448
91 96 117.28665
91 97 140.19647
91 98 164.57384
91 99 111.62958
92 93 145.02894
92 94 120.50044
92 95 137.69804
92 96 136.7813
92 97 129.27869
92 98 179.6074
92 99 137.02017
93 94 100.19088
93 95 198.30148
93 96 170.92258
93 97 174.97402
93 98 135.15286
93 99 122.60143
94 95 107.47959
94 96 123.37041
94 97 173.40384
94 98 195.01624
94 99 102.87919
95 96 141.49175
95 97 170.44869
95 98 173.56379
95 99 156.14357
96 97 174.63614
96 98 147.40158
96 99 192.09316
97 98 161.35917
97 99 100.32694
98 99 174.55234
