100 40
0 1 197.0493
0 2 161.26738
0 3 165.1087
0 4 178.08527
0 5 103.9061
0 6 142.54486
0 7 133.8098
0 8 117.54602
0 9 112.65482
0 10 194.44987
0 11 131.27625
0 12 182.05156
0 13 154.30989
0 14 164.89527
0 15 169.2225
0 16 170.36255
0 17 152.86278
0 18 104.77407
0 19 107.34483
0 20 169.82075
0 21 178.81549
0 22 138.6686
0 23 153.25321
0 24 165.77677
0 25 150.52546
0 26 190.81564
0 27 174.87246
0 28 122.59374
0 29 134.62795
0 30 108.11235
0 31 195.4875
0 32 119.16481
0 33 131.73727
0 34 113.87573
0 35 134.16125
0 36 182.96805
0 37 146.5947
0 38 119.71748
0 39 164.56527
0 40 108.8165
0 41 180.37864
0 42 144.61384
0 43 151.5308
0 44 155.15767
0 45 135.22527
0 46 151.12175
0 47 121.2805
0 48 172.52422
0 49 178.96887
0 50 190.44313
0 51 138.04073
0 52 184.31652
0 53 125.18617
0 54 190.98157
0 55 191.50302
0 56 156.21685
0 57 169.46823
0 58 167.49634
0 59 143.97731
0 60 136.68359
0 61 101.29786
0 62 198.66905
0 63 177.53079
0 64 172.17883
0 65 127.25774
0 66 149.24873
0 67 101.38103
0 68 104.94292
0 69 134.13171
0 70 109.90759
0 71 163.98175
0 72 176.28551
0 73 109.15614
0 74 163.06188
0 75 161.29503
0 76 158.18084
0 77 125.32138
0 78 141.6097
0 79 134.70062
0 80 168.76403
0 81 180.49125
0 82 189.94881
0 83 158.80806
0 84 118.74804
0 85 158.25853
0 86 138.49106
0 87 199.29585
0 88 196.81152
0 89 131.69688
0 90 144.71727
0 91 112.71188
0 92 118.73627
0 93 187.82188
0 94 154.89861
0 95 171.11616
0 96 179.61541
0 97 123.17024
0 98 159.35778
0 99 140.78788
1 2 131.45278
1 3 116.01692
1 4 100.53326
1 5 101.76447
1 6 186.27976
1 7 115.98834
1 8 160.90666
1 9 164.04472
1 10 111.17831
1 11 102.94359
1 12 106.66052
1 13 119.67208
1 14 191.76079
1 15 133.04581
1 16 182.36062
1 17 185.26797
1 18 180.39485
1 19 109.93375
1 20 128.79681
1 21 172.81063
1 22 196.49506
1 23 104.27761
1 24 182.99101
1 25 148.30999
1 26 113.64599
1 27 128.16927
1 28 173.10508
1 29 146.58894
1 30 180.37376
1 31 191.62153
1 32 185.14665
1 33 174.82106
1 34 198.60056
1 35 104.1965
1 36 185.22863
1 37 104.08187
1 38 112.37436
1 39 137.93158
1 40 186.81344
1 41 181.06686
1 42 171.74005
1 43 132.62557
1 44 118.04564
1 45 121.26769
1 46 162.01614
1 47 174.37042
1 48 172.47449
1 49 109.75301
1 50 163.65136
1 51 182.09887
1 52 112.82228
1 53 117.00285
1 54 116.32856
1 55 182.38158
1 56 165.61054
1 57 132.21659
1 58 197.44903
1 59 189.44958
1 60 176.29013
1 61 130.48616
1 62 192.26328
1 63 111.14999
1 64 125.93389
1 65 140.88643
1 66 189.73741
1 67 145.42729
1 68 116.54894
1 69 175.34899
1 70 199.77478
1 71 132.86195
1 72 194.29012
1 73 170.48709
1 74 134.48082
1 75 139.09773
1 76 142.12931
1 77 123.76453
1 78 133.10886
1 79 160.22838
1 80 158.45266
1 81 139.21775
1 82 107.82429
1 83 116.31502
1 84 197.40919
1 85 113.41074
1 86 110.67684
1 87 131.9331
1 88 104.81979
1 89 140.6216
1 90 140.7542
1 91 144.43342
1 92 153.58235
1 93 168.84955
1 94 196.76656
1 95 117.08427
1 96 168.33976
1 97 167.49718
1 98 136.94339
1 99 188.44987
2 3 113.68734
2 4 146.47564
2 5 196.62347
2 6 131.31176
2 7 168.66485
2 8 114.37097
2 9 122.96018
2 10 145.27236
2 11 132.22472
2 12 128.6877
2 13 182.44964
2 14 155.6862
2 15 181.85172
2 16 139.65333
2 17 182.55268
2 18 186.05803
2 19 193.87767
2 20 144.34876
2 21 116.54222
2 22 113.18025
2 23 159.99925
2 24 132.11091
2 25 150.79464
2 26 161.47069
2 27 166.24961
2 28 146.78877
2 29 163.31761
2 30 185.83433
2 31 163.56561
2 32 138.36737
2 33 118.28827
2 34 178.45161
2 35 156.35729
2 36 178.86051
2 37 168.51121
2 38 156.98533
2 39 131.79077
2 40 189.07958
2 41 117.88363
2 42 153.51502
2 43 180.00145
2 44 188.53943
2 45 138.74645
2 46 133.39993
2 47 151.6186
2 48 122.41816
2 49 195.97079
2 50 191.01431
2 51 150.19633
2 52 168.42165
2 53 134.51745
2 54 197.71455
2 55 185.2919
2 56 151.59236
2 57 115.79268
2 58 127.37267
2 59 176.56435
2 60 108.83169
2 61 166.2675
2 62 127.82639
2 63 165.33345
2 64 179.48953
2 65 183.62119
2 66 114.18475
2 67 139.91146
2 68 152.51321
2 69 117.97409
2 70 123.6264
2 71 149.40227
2 72 149.21438
2 73 184.84927
2 74 113.30057
2 75 125.31345
2 76 117.70845
2 77 104.17972
2 78 190.08692
2 79 162.88569
2 80 171.36069
2 81 170.18218
2 82 141.3242
2 83 151.98583
2 84 153.1402
2 85 147.98461
2 86 164.62969
2 87 159.61737
2 88 116.25151
2 89 101.64183
2 90 104.91003
2 91 192.58673
2 92 169.99228
2 93 152.2579
2 94 114.93878
2 95 188.47171
2 96 195.19838
2 97 184.36011
2 98 179.92641
2 99 189.39049
3 4 157.56712
3 5 102.80272
3 6 114.18256
3 7 198.09988
3 8 125.06952
3 9 199.38627
3 10 132.66169
3 11 123.1043
3 12 148.61
3 13 193.40649
3 14 154.62639
3 15 194.88917
3 16 104.12973
3 17 180.38691
3 18 145.77932
3 19 137.20105
3 20 198.57415
3 21 157.28775
3 22 166.39765
3 23 150.72604
3 24 149.78502
3 25 195.37179
3 26 117.53387
3 27 182.08074
3 28 131.69446
3 29 129.43222
3 30 145.97938
3 31 121.76773
3 32 175.35254
3 33 145.62049
3 34 151.55199
3 35 186.72672
3 36 108.08727
3 37 143.4252
3 38 196.82673
3 39 197.2583
3 40 160.07514
3 41 135.91711
3 42 191.39994
3 43 187.35421
3 44 157.07005
3 45 158.76317
3 46 179.67167
3 47 127.9724
3 48 177.91904
3 49 155.02312
3 50 155.44653
3 51 127.37238
3 52 141.49922
3 53 175.39625
3 54 164.7955
3 55 199.59531
3 56 109.15623
3 57 187.54952
3 58 182.81751
3 59 162.03069
3 60 172.78499
3 61 167.72904
3 62 100.18701
3 63 180.15067
3 64 122.13898
3 65 196.32498
3 66 196.65508
3 67 198.91985
3 68 113.76775
3 69 187.47844
3 70 147.35149
3 71 151.2197
3 72 125.86864
3 73 115.65719
3 74 107.74011
3 75 151.81434
3 76 111.83587
3 77 157.38175
3 78 102.56709
3 79 114.03167
3 80 147.12334
3 81 157.42528
3 82 191.37535
3 83 127.52506
3 84 142.36291
3 85 133.146
3 86 150.71246
3 87 140.80968
3 88 104.64409
3 89 108.87603
3 90 134.16408
3 91 119.77465
3 92 143.58183
3 93 102.12932
3 94 191.82257
3 95 100.47279
3 96 133.98767
3 97 147.52979
3 98 161.58743
3 99 168.81791
4 5 147.86916
4 6 141.26897
4 7 132.41082
4 8 179.07452
4 9 195.38087
4 10 184.58971
4 11 148.04899
4 12 156.95673
4 13 144.03553
4 14 123.82792
4 15 160.56864
4 16 174.32214
4 17 175.86185
4 18 125.27959
4 19 128.85467
4 20 133.38676
4 21 187.85081
4 22 115.30296
4 23 175.38998
4 24 162.58195
4 25 116.8845
4 26 156.20138
4 27 122.2679
4 28 178.81178
4 29 112.43701
4 30 145.44881
4 31 111.04309
4 32 169.636
4 33 143.07663
4 34 147.78316
4 35 118.83373
4 36 184.42573
4 37 112.63333
4 38 180.26725
4 39 127.56647
4 40 195.3077
4 41 167.34845
4 42 168.71673
4 43 101.87189
4 44 198.72
4 45 180.82831
4 46 151.48348
4 47 100.01793
4 48 173.66801
4 49 113.70019
4 50 140.14734
4 51 172.20459
4 52 160.76435
4 53 193.23803
4 54 150.99233
4 55 159.22484
4 56 102.18581
4 57 186.93932
4 58 100.10339
4 59 179.05931
4 60 140.40139
4 61 153.65656
4 62 170.37011
4 63 199.19539
4 64 169.21219
4 65 194.34699
4 66 135.86546
4 67 163.21894
4 68 164.28518
4 69 197.82212
4 70 120.54955
4 71 117.25904
4 72 124.83813
4 73 105.86235
4 74 123.9023
4 75 112.23493
4 76 129.40997
4 77 101.4195
4 78 135.07369
4 79 173.86703
4 80 188.24961
4 81 180.23928
4 82 139.38096
4 83 176.92641
4 84 160.39703
4 85 135.12149
4 86 162.95516
4 87 167.3757
4 88 146.05993
4 89 181.43487
4 90 172.27038
4 91 199.78665
4 92 180.65221
4 93 134.04338
4 94 126.30174
4 95 162.23361
4 96 118.5504
4 97 141.10792
4 98 145.8428
4 99 138.08723
5 6 163.72441
5 7 146.77412
5 8 127.53143
5 9 143.47335
5 10 100.14247
5 11 165.34182
5 12 102.51537
5 13 175.33589
5 14 126.23507
5 15 118.58007
5 16 198.20625
5 17 160.10447
5 18 106.42466
5 19 182.92676
5 20 111.86008
5 21 171.1442
5 22 160.3254
5 23 176.72747
5 24 146.55373
5 25 166.29381
5 26 128.02025
5 27 146.96572
5 28 102.14617
5 29 117.6177
5 30 172.37302
5 31 150.26963
5 32 141.91743
5 33 132.33841
5 34 195.19913
5 35 127.13394
5 36 131.79226
5 37 146.78375
5 38 143.6633
5 39 150.67315
5 40 143.86448
5 41 152.50203
5 42 132.57536
5 43 136.35891
5 44 183.28082
5 45 156.59486
5 46 119.25265
5 47 116.54123
5 48 197.95294
5 49 118.28431
5 50 191.7598
5 51 155.65649
5 52 135.96529
5 53 112.96304
5 54 109.40846
5 55 153.48768
5 56 171.05649
5 57 180.41042
5 58 167.10374
5 59 184.9685
5 60 124.6893
5 61 129.64052
5 62 154.94002
5 63 177.60889
5 64 107.25035
5 65 167.36589
5 66 118.57236
5 67 174.96823
5 68 196.21603
5 69 199.52291
5 70 105.81494
5 71 103.79304
5 72 135.56994
5 73 115.93376
5 74 165.85727
5 75 110.5269
5 76 151.06736
5 77 136.08348
5 78 169.21435
5 79 197.03255
5 80 199.29392
5 81 132.87859
5 82 100.29032
5 83 157.0826
5 84 142.06925
5 85 178.83934
5 86 181.52736
5 87 147.98203
5 88 132.00859
5 89 119.69136
5 90 165.72291
5 91 155.75205
5 92 133.74807
5 93 144.92475
5 94 190.02548
5 95 133.36623
5 96 176.39186
5 97 150.44144
5 98 101.78168
5 99 188.96014
6 7 122.55261
6 8 165.65517
6 9 134.3308
6 10 106.50948
6 11 196.75295
6 12 146.64283
6 13 137.36621
6 14 189.83348
6 15 197.70283
6 16 169.54414
6 17 174.50335
6 18 181.70038
6 19 169.6325
6 20 140.18631
6 21 161.71486
6 22 109.18138
6 23 189.465
6 24 128.86308
6 25 109.4318
6 26 141.46651
6 27 125.25351
6 28 186.13097
6 29 191.02484
6 30 115.10343
6 31 100.4181
6 32 164.42925
6 33 138.97345
6 34 155.74801
6 35 188.12714
6 36 101.89627
6 37 115.7652
6 38 191.19119
6 39 185.73613
6 40 150.04652
6 41 147.99454
6 42 189.53243
6 43 140.71959
6 44 164.15586
6 45 163.36417
6 46 118.56468
6 47 198.35434
6 48 116.41638
6 49 172.42487
6 50 182.0674
6 51 109.6175
6 52 145.72538
6 53 150.94171
6 54 117.16865
6 55 184.01743
6 56 160.33333
6 57 186.34663
6 58 109.85965
6 59 169.08008
6 60 145.41463
6 61 126.61559
6 62 143.50189
6 63 156.87329
6 64 118.58898
6 65 174.57886
6 66 174.1983
6 67 107.74262
6 68 154.45961
6 69 160.96758
6 70 138.82327
6 71 186.57794
6 72 101.64509
6 73 123.98243
6 74 159.97559
6 75 153.37063
6 76 114.65029
6 77 173.51662
6 78 161.58394
6 79 178.73341
6 80 120.73481
6 81 176.85826
6 82 133.08094
6 83 114.79729
6 84 178.37803
6 85 115.18202
6 86 185.34857
6 87 118.11857
6 88 145.9884
6 89 103.90491
6 90 196.84812
6 91 143.20508
6 92 169.5497
6 93 104.66631
6 94 105.30278
6 95 154.39729
6 96 114.88254
6 97 101.07143
6 98 162.64024
6 99 177.7215
7 8 131.01616
7 9 120.69698
7 10 173.51333
7 11 151.81373
7 12 118.79299
7 13 165.51773
7 14 144.04503
7 15 125.25594
7 16 128.59699
7 17 174.74867
7 18 129.01673
7 19 105.02983
7 20 133.09076
7 21 195.78347
7 22 189.79028
7 23 135.96439
7 24 140.4842
7 25 134.42085
7 26 152.81267
7 27 123.19292
7 28 131.13056
7 29 196.96291
7 30 115.37152
7 31 113.38637
7 32 113.26545
7 33 194.52634
7 34 198.63014
7 35 176.5189
7 36 192.68101
7 37 160.20572
7 38 106.60698
7 39 167.11555
7 40 141.76202
7 41 192.75936
7 42 159.85805
7 43 156.09918
7 44 179.59967
7 45 184.35847
7 46 104.44071
7 47 140.89386
7 48 153.07059
7 49 123.13059
7 50 102.64348
7 51 114.90407
7 52 122.86351
7 53 161.57545
7 54 187.36635
7 55 167.91051
7 56 125.20875
7 57 134.26873
7 58 130.71438
7 59 156.71985
7 60 199.56939
7 61 104.08982
7 62 148.0287
7 63 136.09762
7 64 137.6801
7 65 194.03358
7 66 106.40575
7 67 137.50595
7 68 189.09986
7 69 186.53391
7 70 135.57942
7 71 126.42643
7 72 172.43283
7 73 127.14621
7 74 111.29444
7 75 115.09032
7 76 167.94317
7 77 156.83843
7 78 106.57944
7 79 103.50789
7 80 159.82801
7 81 140.86198
7 82 145.79127
7 83 145.96227
7 84 108.54206
7 85 195.79465
7 86 127.85944
7 87 145.74302
7 88 159.5606
7 89 130.39332
7 90 186.59797
7 91 113.03148
7 92 175.61067
7 93 134.04079
7 94 137.56921
7 95 136.25159
7 96 130.9454
7 97 106.01676
7 98 149.91432
7 99 144.0436
8 9 199.63464
8 10 124.2507
8 11 158.74814
8 12 159.70352
8 13 155.51727
8 14 162.94019
8 15 150.38798
8 16 137.60798
8 17 135.87157
8 18 118.69985
8 19 104.81087
8 20 123.15075
8 21 184.00026
8 22 146.33877
8 23 120.23485
8 24 190.16011
8 25 115.65839
8 26 181.56566
8 27 156.45976
8 28 149.88167
8 29 117.49102
8 30 158.51728
8 31 195.73306
8 32 142.44393
8 33 151.85795
8 34 131.40676
8 35 173.01207
8 36 191.40197
8 37 190.19044
8 38 139.84313
8 39 178.71608
8 40 135.1637
8 41 152.12069
8 42 191.76506
8 43 110.49725
8 44 143.76812
8 45 147.38212
8 46 139.69477
8 47 149.97088
8 48 118.97946
8 49 123.31232
8 50 178.6126
8 51 117.41257
8 52 185.44681
8 53 132.87268
8 54 106.43719
8 55 179.52752
8 56 103.57318
8 57 181.16701
8 58 156.04371
8 59 109.22321
8 60 124.47756
8 61 129.85185
8 62 110.12151
8 63 193.35178
8 64 145.34926
8 65 104.34652
8 66 100.81254
8 67 101.00587
8 68 178.48942
8 69 114.31603
8 70 140.4819
8 71 129.111
8 72 136.78449
8 73 144.27957
8 74 187.38861
8 75 172.72599
8 76 197.47993
8 77 103.26342
8 78 119.5266
8 79 196.43005
8 80 173.40832
8 81 129.93594
8 82 120.35864
8 83 166.86335
8 84 173.51541
8 85 135.83216
8 86 145.73823
8 87 181.74773
8 88 188.55359
8 89 148.38433
8 90 125.95187
8 91 156.40525
8 92 170.19202
8 93 156.50066
8 94 126.47939
8 95 188.71005
8 96 119.63632
8 97 109.18095
8 98 183.56528
8 99 102.30554
9 10 177.50962
9 11 173.49037
9 12 174.77566
9 13 189.55439
9 14 112.29294
9 15 168.65017
9 16 149.95785
9 17 109.7071
9 18 101.18529
9 19 185.4069
9 20 162.17146
9 21 119.25683
9 22 186.50265
9 23 177.90349
9 24 117.4936
9 25 107.36665
9 26 107.1032
9 27 122.41528
9 28 109.53446
9 29 101.57046
9 30 169.00735
9 31 159.5689
9 32 165.78181
9 33 174.88432
9 34 111.2336
9 35 166.27922
9 36 196.34331
9 37 144.58987
9 38 101.13396
9 39 128.30264
9 40 138.14412
9 41 128.30862
9 42 137.74505
9 43 169.03328
9 44 132.9064
9 45 126.72123
9 46 107.0211
9 47 177.94024
9 48 120.11411
9 49 190.1342
9 50 124.4068
9 51 102.20078
9 52 112.29919
9 53 127.61017
9 54 171.29422
9 55 147.86069
9 56 165.04326
9 57 176.25495
9 58 174.26097
9 59 108.0878
9 60 150.92057
9 61 112.95329
9 62 137.74479
9 63 129.16377
9 64 177.79138
9 65 165.51644
9 66 106.04669
9 67 197.70434
9 68 163.57901
9 69 190.80215
9 70 186.06865
9 71 151.84902
9 72 154.75129
9 73 128.50616
9 74 137.93805
9 75 199.52071
9 76 126.85023
9 77 147.86
9 78 118.7975
9 79 180.05631
9 80 155.81598
9 81 114.88225
9 82 165.03809
9 83 111.32419
9 84 122.48611
9 85 160.92504
9 86 151.48833
9 87 196.96772
9 88 107.25909
9 89 118.857
9 90 149.45376
9 91 102.62407
9 92 186.87395
9 93 120.29883
9 94 103.25824
9 95 164.65374
9 96 146.53381
9 97 140.71494
9 98 143.00205
9 99 111.5106
10 11 174.47546
10 12 146.62187
10 13 176.24113
10 14 192.92286
10 15 110.31303
10 16 112.10751
10 17 198.17974
10 18 133.2414
10 19 171.33873
10 20 133.27868
10 21 116.0953
10 22 133.39761
10 23 151.8798
10 24 151.32538
10 25 199.65977
10 26 128.6794
10 27 174.11496
10 28 175.65007
10 29 136.59192
10 30 103.82764
10 31 120.9703
10 32 130.12031
10 33 147.50381
10 34 159.44333
10 35 157.46416
10 36 193.97789
10 37 122.52325
10 38 154.372
10 39 188.04839
10 40 144.22255
10 41 153.37685
10 42 155.03278
10 43 140.95862
10 44 191.15926
10 45 194.91095
10 46 193.0117
10 47 117.44364
10 48 170.69936
10 49 115.24362
10 50 164.94607
10 51 123.86256
10 52 131.30656
10 53 125.93817
10 54 159.06341
10 55 138.21972
10 56 108.07579
10 57 137.81304
10 58 165.37473
10 59 189.1846
10 60 130.40449
10 61 126.2094
10 62 125.49499
10 63 154.37044
10 64 103.4945
10 65 111.74659
10 66 125.17229
10 67 171.55545
10 68 162.36732
10 69 149.8859
10 70 170.93789
10 71 108.91873
10 72 178.78457
10 73 154.15786
10 74 175.83569
10 75 197.16779
10 76 177.97442
10 77 155.24885
10 78 110.16692
10 79 149.93897
10 80 146.90872
10 81 169.28887
10 82 197.88673
10 83 193.3018
10 84 100.50963
10 85 153.78333
10 86 123.6383
10 87 169.29781
10 88 175.11543
10 89 110.68029
10 90 144.06047
10 91 122.16731
10 92 183.26925
10 93 171.26644
10 94 176.79055
10 95 100.35142
10 96 127.54715
10 97 140.62007
10 98 116.56046
10 99 163.03692
11 12 169.55013
11 13 110.11454
11 14 194.76298
11 15 152.25342
11 16 120.72509
11 17 161.14505
11 18 160.05896
11 19 176.56633
11 20 181.31318
11 21 174.60593
11 22 145.25182
11 23 102.48819
11 24 120.29985
11 25 175.04808
11 26 183.55072
11 27 189.86291
11 28 173.42276
11 29 199.94538
11 30 168.55637
11 31 112.12589
11 32 127.67996
11 33 197.46629
11 34 195.60002
11 35 110.47545
11 36 158.9432
11 37 156.32842
11 38 197.36884
11 39 111.79627
11 40 158.38353
11 41 113.42428
11 42 173.40713
11 43 198.65441
11 44 156.956
11 45 134.71247
11 46 140.10174
11 47 168.552
11 48 103.83634
11 49 119.61831
11 50 124.56397
11 51 199.18084
11 52 158.5413
11 53 193.67257
11 54 192.627
11 55 171.41021
11 56 190.32998
11 57 152.48989
11 58 187.31687
11 59 115.86508
11 60 153.4814
11 61 164.1543
11 62 101.84568
11 63 119.14426
11 64 156.98516
11 65 147.12024
11 66 187.55579
11 67 178.20957
11 68 193.12715
11 69 175.61458
11 70 110.65548
11 71 185.6748
11 72 188.51009
11 73 125.19111
11 74 198.52985
11 75 103.77243
11 76 134.32153
11 77 156.40661
11 78 175.23069
11 79 193.63588
11 80 122.43696
11 81 176.87805
11 82 199.01905
11 83 193.31284
11 84 119.5818
11 85 155.1073
11 86 189.81981
11 87 138.22332
11 88 188.98917
11 89 175.91701
11 90 140.005
11 91 103.67866
11 92 143.25947
11 93 193.02018
11 94 150.03264
11 95 192.34141
11 96 188.54288
11 97 120.08186
11 98 141.66703
11 99 118.40991
12 13 138.2974
12 14 100.92057
12 15 197.83318
12 16 100.11872
12 17 179.44854
12 18 111.55959
12 19 141.14362
12 20 151.13941
12 21 101.71356
12 22 142.96619
12 23 187.43609
12 24 106.51659
12 25 147.5733
12 26 119.56413
12 27 110.40196
12 28 199.07715
12 29 163.19257
12 30 111.09996
12 31 190.41774
12 32 102.74067
12 33 150.02477
12 34 141.46283
12 35 156.57183
12 36 172.25568
12 37 158.62812
12 38 127.13021
12 39 136.8973
12 40 109.79051
12 41 190.67007
12 42 199.18369
12 43 188.23993
12 44 150.67571
12 45 184.53601
12 46 178.46913
12 47 142.81964
12 48 187.05055
12 49 178.48098
12 50 118.58157
12 51 195.5641
12 52 179.87231
12 53 157.17529
12 54 101.5384
12 55 165.12252
12 56 121.62508
12 57 191.20383
12 58 103.46815
12 59 141.45825
12 60 107.61671
12 61 166.91542
12 62 152.71904
12 63 194.12163
12 64 139.92677
12 65 130.2221
12 66 106.55408
12 67 137.56363
12 68 142.81153
12 69 117.6187
12 70 125.9753
12 71 121.03563
12 72 147.69413
12 73 112.47475
12 74 132.90046
12 75 183.98618
12 76 152.51117
12 77 126.71791
12 78 107.89531
12 79 190.1952
12 80 154.99573
12 81 198.31242
12 82 120.52888
12 83 106.63928
12 84 104.17788
12 85 124.30354
12 86 102.56011
12 87 108.65675
12 88 144.52074
12 89 179.36314
12 90 192.6059
12 91 159.90648
12 92 130.36021
12 93 194.10255
12 94 158.02571
12 95 191.58872
12 96 155.51026
12 97 101.62949
12 98 106.68204
12 99 103.80903
13 14 103.56058
13 15 130.04826
13 16 103.67989
13 17 109.25483
13 18 194.39238
13 19 135.65034
13 20 119.79353
13 21 198.89148
13 22 115.25546
13 23 159.38591
13 24 118.70877
13 25 114.29014
13 26 131.37576
13 27 124.18642
13 28 110.18997
13 29 104.3077
13 30 134.47604
13 31 197.97637
13 32 144.58028
13 33 140.87335
13 34 179.21072
13 35 129.45852
13 36 142.59499
13 37 120.31979
13 38 168.61282
13 39 125.66461
13 40 194.7395
13 41 152.43392
13 42 125.78175
13 43 115.43539
13 44 171.9663
13 45 177.04002
13 46 146.57094
13 47 114.98981
13 48 119.42496
13 49 181.83568
13 50 196.31064
13 51 101.44919
13 52 149.1698
13 53 115.49402
13 54 179.24934
13 55 145.61087
13 56 195.27706
13 57 119.78196
13 58 167.57274
13 59 178.85351
13 60 138.00454
13 61 172.40653
13 62 134.88122
13 63 132.30749
13 64 177.63775
13 65 126.14091
13 66 101.34311
13 67 140.27859
13 68 117.92727
13 69 161.75534
13 70 169.3151
13 71 125.68248
13 72 113.74908
13 73 112.32222
13 74 144.09779
13 75 170.8524
13 76 145.02973
13 77 154.87385
13 78 107.36776
13 79 111.8772
13 80 125.47964
13 81 159.94413
13 82 187.70205
13 83 162.4032
13 84 143.22642
13 85 148.71174
13 86 190.35975
13 87 118.69872
13 88 193.34303
13 89 182.73868
13 90 184.52314
13 91 139.4058
13 92 142.12815
13 93 105.65885
13 94 138.61407
13 95 174.46965
13 96 121.83793
13 97 186.09381
13 98 106.81979
13 99 138.93254
14 15 136.45044
14 16 156.54234
14 17 121.61036
14 18 153.14765
14 19 127.61116
14 20 125.11656
14 21 168.06479
14 22 167.87405
14 23 138.57152
14 24 156.39249
14 25 196.63031
14 26 103.73107
14 27 188.70264
14 28 148.84063
14 29 144.48478
14 30 117.96976
14 31 143.10174
14 32 137.10815
14 33 191.87285
14 34 192.66687
14 35 134.33688
14 36 185.40466
14 37 160.13823
14 38 126.61836
14 39 141.88818
14 40 144.1887
14 41 115.43512
14 42 140.36746
14 43 180.77982
14 44 177.08965
14 45 197.51124
14 46 172.80657
14 47 175.88484
14 48 167.2982
14 49 164.16603
14 50 175.90157
14 51 190.49577
14 52 171.13324
14 53 117.16946
14 54 105.42597
14 55 105.32936
14 56 155.39645
14 57 184.86316
14 58 110.24083
14 59 126.59347
14 60 183.08636
14 61 110.03731
14 62 120.61646
14 63 147.4196
14 64 161.20509
14 65 152.85341
14 66 145.12395
14 67 143.99814
14 68 168.23149
14 69 106.21079
14 70 112.16161
14 71 177.62556
14 72 177.2771
14 73 139.98423
14 74 172.67983
14 75 186.14283
14 76 195.7056
14 77 195.71963
14 78 147.21167
14 79 176.35724
14 80 104.47663
14 81 197.2327
14 82 108.93589
14 83 138.87067
14 84 114.24598
14 85 143.95862
14 86 170.05906
14 87 151.35813
14 88 135.22663
14 89 182.53075
14 90 170.51281
14 91 157.01442
14 92 182.3201
14 93 151.85262
14 94 100.44482
14 95 130.93871
14 96 192.318
14 97 153.20502
14 98 134.70523
14 99 140.86647
15 16 120.55513
15 17 173.09396
15 18 160.47169
15 19 142.8617
15 20 161.56533
15 21 182.33284
15 22 135.16939
15 23 170.24391
15 24 154.95592
15 25 155.7623
15 26 134.64118
15 27 118.98709
15 28 142.91592
15 29 168.04598
15 30 156.12905
15 31 180.19692
15 32 136.25753
15 33 164.92046
15 34 117.9632
15 35 194.53012
15 36 129.33708
15 37 170.54006
15 38 182.59844
15 39 190.51269
15 40 156.30179
15 41 175.11923
15 42 194.39822
15 43 184.7988
15 44 177.10724
15 45 138.30043
15 46 166.28467
15 47 107.53013
15 48 174.97983
15 49 115.21278
15 50 121.01033
15 51 124.02675
15 52 175.00968
15 53 194.37184
15 54 155.55513
15 55 110.94854
15 56 164.77769
15 57 111.61089
15 58 186.48351
15 59 149.92303
15 60 196.95394
15 61 111.27341
15 62 126.65188
15 63 104.35035
15 64 100.8025
15 65 138.41822
15 66 126.13914
15 67 112.48156
15 68 191.05852
15 69 184.94196
15 70 112.46197
15 71 199.90327
15 72 113.14777
15 73 114.87936
15 74 169.34798
15 75 114.39173
15 76 182.77876
15 77 199.79851
15 78 101.11386
15 79 124.08563
15 80 109.5085
15 81 108.43791
15 82 143.1341
15 83 102.24903
15 84 143.43373
15 85 105.52722
15 86 180.26379
15 87 170.46432
15 88 187.31524
15 89 196.42088
15 90 164.67571
15 91 122.33234
15 92 124.10517
15 93 195.18371
15 94 197.26494
15 95 139.60675
15 96 184.66654
15 97 151.12583
15 98 171.13529
15 99 167.54441
16 17 165.13289
16 18 142.3206
16 19 130.92191
16 20 118.00472
16 21 152.51534
16 22 116.75838
16 23 134.2915
16 24 170.89361
16 25 174.30852
16 26 114.36407
16 27 123.29332
16 28 174.49642
16 29 158.48848
16 30 177.85277
16 31 100.015
16 32 178.92879
16 33 183.04222
16 34 154.55881
16 35 175.50983
16 36 169.7101
16 37 163.81871
16 38 157.79698
16 39 183.26576
16 40 171.83434
16 41 155.72499
16 42 190.66294
16 43 118.78907
16 44 154.48841
16 45 116.7806
16 46 191.89533
16 47 185.06162
16 48 106.94348
16 49 123.51462
16 50 194.34364
16 51 172.18957
16 52 168.49619
16 53 145.56033
16 54 185.9274
16 55 101.73805
16 56 176.1689
16 57 127.47875
16 58 112.71812
16 59 181.92476
16 60 197.93292
16 61 157.14528
16 62 150.64404
16 63 135.41239
16 64 144.37306
16 65 183.73938
16 66 174.10936
16 67 103.36617
16 68 187.766
16 69 132.98024
16 70 175.35539
16 71 108.93393
16 72 192.39528
16 73 144.33275
16 74 143.30661
16 75 163.12222
16 76 193.85183
16 77 175.78749
16 78 102.02777
16 79 131.67051
16 80 185.15598
16 81 100.9816
16 82 145.82118
16 83 172.3019
16 84 133.57535
16 85 149.76849
16 86 187.14557
16 87 139.4946
16 88 156.84241
16 89 142.45193
16 90 199.4428
16 91 152.51218
16 92 113.08837
16 93 184.74334
16 94 174.19554
16 95 114.57956
16 96 151.03361
16 97 125.44585
16 98 183.13414
16 99 115.74564
17 18 155.67332
17 19 188.05551
17 20 144.89123
17 21 126.14048
17 22 152.03811
17 23 117.32768
17 24 187.31077
17 25 156.95329
17 26 115.35053
17 27 169.6343
17 28 112.36902
17 29 138.11936
17 30 144.07386
17 31 133.02428
17 32 180.50045
17 33 192.05189
17 34 184.12143
17 35 115.21611
17 36 149.76892
17 37 196.74188
17 38 173.73674
17 39 139.77523
17 40 199.42949
17 41 181.34282
17 42 195.08998
17 43 163.68018
17 44 132.71568
17 45 157.27497
17 46 190.23277
17 47 180.903
17 48 107.83824
17 49 174.93994
17 50 196.33348
17 51 122.04244
17 52 183.2429
17 53 128.35835
17 54 192.94475
17 55 173.74872
17 56 172.5492
17 57 163.2593
17 58 119.68961
17 59 120.66613
17 60 156.32268
17 61 150.57181
17 62 144.51388
17 63 154.42005
17 64 103.51192
17 65 185.58028
17 66 121.67725
17 67 130.38709
17 68 159.43667
17 69 114.4292
17 70 137.63577
17 71 147.45586
17 72 100.57046
17 73 146.97767
17 74 123.83454
17 75 141.52474
17 76 188.08384
17 77 100.08812
17 78 158.15868
17 79 186.98295
17 80 160.75932
17 81 146.30956
17 82 195.52211
17 83 175.72678
17 84 147.41665
17 85 198.48384
17 86 135.97359
17 87 130.78847
17 88 178.71352
17 89 123.5063
17 90 163.19708
17 91 171.92354
17 92 128.83542
17 93 143.12349
17 94 183.41508
17 95 102.90429
17 96 164.85207
17 97 122.3982
17 98 199.02928
17 99 174.86285
18 19 195.93267
18 20 170.69206
18 21 114.16227
18 22 160.50047
18 23 169.44932
18 24 137.65287
18 25 122.99668
18 26 182.06211
18 27 176.9315
18 28 104.74607
18 29 195.26177
18 30 176.86072
18 31 173.96055
18 32 168.33078
18 33 131.569
18 34 189.69927
18 35 166.15753
18 36 161.83293
18 37 136.95453
18 38 131.57654
18 39 192.40227
18 40 133.84176
18 41 180.44999
18 42 100.21769
18 43 182.5648
18 44 118.65155
18 45 162.40465
18 46 104.22764
18 47 185.03064
18 48 191.24741
18 49 154.45707
18 50 114.40779
18 51 132.63702
18 52 117.14543
18 53 129.03519
18 54 129.88728
18 55 126.38416
18 56 139.21612
18 57 180.97492
18 58 182.33203
18 59 163.34712
18 60 176.99016
18 61 166.82873
18 62 145.22079
18 63 172.94378
18 64 141.5771
18 65 154.12408
18 66 141.21855
18 67 113.05705
18 68 193.65824
18 69 160.53144
18 70 134.76612
18 71 111.97422
18 72 103.27747
18 73 185.407
18 74 180.93667
18 75 117.37466
18 76 100.67992
18 77 172.32672
18 78 166.07975
18 79 124.22429
18 80 112.9704
18 81 173.72083
18 82 148.40767
18 83 164.58949
18 84 122.85935
18 85 170.86361
18 86 139.81638
18 87 120.22162
18 88 144.69182
18 89 139.83906
18 90 187.41151
18 91 187.52146
18 92 118.99969
18 93 105.86479
18 94 181.73495
18 95 120.38455
18 96 178.54579
18 97 117.28787
18 98 134.45979
18 99 177.26577
19 20 140.67331
19 21 167.5367
19 22 114.8749
19 23 172.95672
19 24 152.83875
19 25 185.49842
19 26 184.05759
19 27 182.87562
19 28 188.43246
19 29 155.2876
19 30 183.97612
19 31 122.24111
19 32 128.64731
19 33 118.04896
19 34 151.883
19 35 171.49956
19 36 170.96346
19 37 182.50774
19 38 127.37939
19 39 165.70427
19 40 100.4805
19 41 157.58975
19 42 185.41269
19 43 118.54967
19 44 118.19435
19 45 122.91297
19 46 172.0549
19 47 174.30345
19 48 113.38446
19 49 198.11423
19 50 160.2085
19 51 115.6006
19 52 147.2883
19 53 103.77896
19 54 126.68573
19 55 132.76763
19 56 193.89528
19 57 163.82314
19 58 169.68755
19 59 122.2263
19 60 139.56477
19 61 164.68873
19 62 195.01685
19 63 158.77202
19 64 124.47422
19 65 116.15272
19 66 115.50209
19 67 172.23076
19 68 123.56623
19 69 171.09134
19 70 129.64641
19 71 160.88099
19 72 156.30946
19 73 172.39328
19 74 136.01362
19 75 106.49811
19 76 109.35722
19 77 167.81061
19 78 167.38625
19 79 149.41887
19 80 156.09614
19 81 127.39406
19 82 197.72038
19 83 188.78598
19 84 135.54023
19 85 143.70778
19 86 176.7668
19 87 138.24017
19 88 196.31745
19 89 180.76767
19 90 180.6296
19 91 194.04469
19 92 157.79813
19 93 125.53
19 94 116.99704
19 95 101.21908
19 96 187.37032
19 97 117.49571
19 98 183.57019
19 99 156.94671
20 21 180.09823
20 22 184.23495
20 23 133.43309
20 24 179.79876
20 25 161.8395
20 26 129.12848
20 27 117.81379
20 28 183.42785
20 29 136.06966
20 30 110.70393
20 31 168.06956
20 32 145.47334
20 33 145.10851
20 34 121.17098
20 35 153.59313
20 36 151.76803
20 37 157.65036
20 38 175.82251
20 39 111.6743
20 40 167.46924
20 41 152.49337
20 42 159.49973
20 43 198.37668
20 44 132.54008
20 45 175.56467
20 46 120.77418
20 47 161.66608
20 48 199.11555
20 49 179.01619
20 50 171.41059
20 51 112.67179
20 52 107.67301
20 53 131.0053
20 54 114.20436
20 55 110.11119
20 56 128.30243
20 57 188.36925
20 58 112.17621
20 59 157.36608
20 60 191.0764
20 61 153.12862
20 62 176.8877
20 63 127.9573
20 64 194.17338
20 65 171.90413
20 66 150.72845
20 67 190.7589
20 68 115.0064
20 69 151.19771
20 70 130.20987
20 71 177.83764
20 72 111.79718
20 73 155.18973
20 74 131.10779
20 75 198.92873
20 76 141.43171
20 77 160.39091
20 78 181.83723
20 79 193.59653
20 80 181.45322
20 81 124.92147
20 82 129.59583
20 83 103.74057
20 84 113.63068
20 85 197.10671
20 86 102.45949
20 87 164.17486
20 88 139.40053
20 89 114.54612
20 90 157.26598
20 91 105.35875
20 92 172.66195
20 93 146.23026
20 94 188.84969
20 95 154.13048
20 96 133.44963
20 97 138.43191
20 98 119.20416
20 99 180.57765
21 22 138.02456
21 23 127.07514
21 24 195.97553
21 25 149.30183
21 26 153.69625
21 27 146.27062
21 28 146.64069
21 29 180.74957
21 30 127.50169
21 31 163.66391
21 32 113.79882
21 33 174.52214
21 34 168.80685
21 35 192.79431
21 36 119.35697
21 37 113.2127
21 38 114.74568
21 39 142.87096
21 40 154.04129
21 41 123.30637
21 42 132.15968
21 43 179.54452
21 44 176.06518
21 45 148.10251
21 46 190.27009
21 47 114.6053
21 48 145.91595
21 49 170.32827
21 50 197.70889
21 51 163.25028
21 52 129.66465
21 53 115.62622
21 54 112.63583
21 55 155.4126
21 56 112.15405
21 57 166.61562
21 58 128.03983
21 59 121.81634
21 60 137.87297
21 61 162.62634
21 62 110.19531
21 63 103.79824
21 64 118.3067
21 65 189.33534
21 66 189.22226
21 67 141.448
21 68 138.90404
21 69 135.51053
21 70 153.31776
21 71 110.19825
21 72 171.60796
21 73 139.52565
21 74 190.0349
21 75 156.54482
21 76 198.36692
21 77 183.54136
21 78 127.53192
21 79 101.23198
21 80 168.6577
21 81 117.58585
21 82 190.29404
21 83 142.11772
21 84 115.53038
21 85 143.31441
21 86 185.46358
21 87 163.04007
21 88 170.75788
21 89 122.97044
21 90 103.57279
21 91 184.26526
21 92 196.08404
21 93 184.17081
21 94 129.91826
21 95 164.31979
21 96 165.02843
21 97 123.45066
21 98 134.4921
21 99 117.0064
22 23 192.60069
22 24 138.0955
22 25 112.77992
22 26 148.28288
22 27 183.30991
22 28 174.51178
22 29 128.84689
22 30 151.14492
22 31 161.3728
22 32 149.27308
22 33 127.95573
22 34 142.89633
22 35 143.66653
22 36 164.74905
22 37 134.60742
22 38 100.24146
22 39 145.22648
22 40 139.41861
22 41 112.69438
22 42 193.05311
22 43 128.43904
22 44 139.14731
22 45 118.96826
22 46 120.02249
22 47 199.36328
22 48 187.10006
22 49 115.52477
22 50 178.36533
22 51 189.96499
22 52 141.25248
22 53 127.18678
22 54 192.93105
22 55 127.93524
22 56 115.29214
22 57 132.97169
22 58 116.88167
22 59 191.1467
22 60 101.8704
22 61 146.34299
22 62 159.7468
22 63 119.4902
22 64 144.02001
22 65 179.7037
22 66 150.69884
22 67 127.56148
22 68 152.39363
22 69 153.15581
22 70 119.30785
22 71 170.58958
22 72 122.91662
22 73 146.10089
22 74 183.2225
22 75 151.03066
22 76 150.64792
22 77 111.51961
22 78 143.48948
22 79 170.72783
22 80 149.90767
22 81 142.89451
22 82 150.65009
22 83 169.66853
22 84 195.16799
22 85 119.60689
22 86 108.84562
22 87 138.27795
22 88 123.93366
22 89 149.81803
22 90 180.95567
22 91 143.48441
22 92 193.94323
22 93 192.92603
22 94 146.6891
22 95 178.87784
22 96 145.70395
22 97 123.1882
22 98 171.8156
22 99 197.84777
23 24 167.21624
23 25 133.51884
23 26 120.1754
23 27 173.65639
23 28 125.84256
23 29 128.56135
23 30 160.9871
23 31 133.99352
23 32 164.04961
23 33 135.96477
23 34 121.66033
23 35 163.6456
23 36 160.31536
23 37 196.57786
23 38 125.53686
23 39 141.48217
23 40 171.99054
23 41 103.42911
23 42 122.83023
23 43 123.3489
23 44 134.89591
23 45 175.26887
23 46 171.82591
23 47 113.73998
23 48 145.0201
23 49 111.41218
23 50 182.27505
23 51 165.64472
23 52 111.23649
23 53 112.37283
23 54 132.17161
23 55 150.69645
23 56 177.38456
23 57 111.67552
23 58 118.53917
23 59 126.37312
23 60 150.70374
23 61 140.7456
23 62 181.50529
23 63 104.82534
23 64 104.83813
23 65 101.4984
23 66 159.25603
23 67 104.29461
23 68 109.23023
23 69 134.74209
23 70 112.4262
23 71 180.06445
23 72 121.55171
23 73 133.30237
23 74 145.30169
23 75 122.31439
23 76 103.10758
23 77 132.32558
23 78 109.56165
23 79 191.5176
23 80 104.99333
23 81 116.94578
23 82 132.74113
23 83 157.28099
23 84 165.82075
23 85 145.37876
23 86 152.64696
23 87 160.69695
23 88 174.1137
23 89 152.95813
23 90 101.02896
23 91 104.17643
23 92 109.63819
23 93 128.25273
23 94 160.07725
23 95 131.19827
23 96 144.20344
23 97 111.13637
23 98 150.11472
23 99 103.49295
24 25 124.69928
24 26 155.86453
24 27 174.54172
24 28 145.71691
24 29 191.93705
24 30 132.45796
24 31 155.4127
24 32 133.91025
24 33 107.87521
24 34 111.98512
24 35 175.82496
24 36 181.91845
24 37 112.05369
24 38 184.77238
24 39 154.73387
24 40 169.01542
24 41 185.91833
24 42 134.38801
24 43 144.46821
24 44 186.16591
24 45 107.82777
24 46 113.22851
24 47 197.51989
24 48 102.43332
24 49 108.42938
24 50 122.20461
24 51 160.29306
24 52 140.87419
24 53 124.21017
24 54 140.45
24 55 163.6229
24 56 105.68448
24 57 113.58333
24 58 169.5112
24 59 177.74404
24 60 142.969
24 61 101.34816
24 62 185.10361
24 63 188.35881
24 64 187.67573
24 65 166.34643
24 66 106.09272
24 67 196.91661
24 68 157.82834
24 69 115.01872
24 70 151.94223
24 71 156.09632
24 72 107.38009
24 73 146.80948
24 74 137.09052
24 75 194.54936
24 76 196.61621
24 77 155.50256
24 78 115.98946
24 79 167.59168
24 80 196.25154
24 81 158.3571
24 82 183.6364
24 83 156.9021
24 84 180.60063
24 85 182.3415
24 86 185.58341
24 87 135.5094
24 88 120.89563
24 89 147.31109
24 90 192.37851
24 91 199.53193
24 92 190.03282
24 93 114.95035
24 94 162.63858
24 95 114.33853
24 96 139.5657
24 97 105.07288
24 98 177.51608
24 99 142.54167
25 26 102.76436
25 27 120.89621
25 28 187.95726
25 29 150.67545
25 30 146.48563
25 31 144.78319
25 32 164.7434
25 33 154.25959
25 34 173.15372
25 35 189.185
25 36 165.97694
25 37 118.31998
25 38 120.20003
25 39 112.11341
25 40 120.96986
25 41 193.56214
25 42 103.58119
25 43 130.79712
25 44 159.79985
25 45 192.84955
25 46 166.34819
25 47 185.48828
25 48 130.30901
25 49 120.73893
25 50 105.16384
25 51 125.95285
25 52 113.01385
25 53 181.91367
25 54 189.5805
25 55 162.84107
25 56 145.25547
25 57 156.01166
25 58 151.07007
25 59 103.12411
25 60 130.7139
25 61 191.42089
25 62 103.27245
25 63 102.98835
25 64 104.87466
25 65 182.5058
25 66 129.21189
25 67 192.14309
25 68 194.79524
25 69 136.29103
25 70 163.78355
25 71 120.71511
25 72 118.57802
25 73 167.89802
25 74 177.46078
25 75 167.18617
25 76 194.57233
25 77 115.30819
25 78 189.19472
25 79 121.70454
25 80 166.98278
25 81 182.59597
25 82 196.13356
25 83 102.1905
25 84 155.82633
25 85 113.58737
25 86 178.6081
25 87 193.49871
25 88 189.83188
25 89 174.57314
25 90 106.17456
25 91 196.61165
25 92 173.01948
25 93 176.25525
25 94 157.67143
25 95 198.69103
25 96 147.71405
25 97 172.7293
25 98 175.85433
25 99 106.82267
26 27 127.66051
26 28 169.90622
26 29 118.47951
26 30 174.08644
26 31 187.84132
26 32 147.06972
26 33 145.82147
26 34 143.03885
26 35 125.55424
26 36 165.28286
26 37 117.87212
26 38 104.04235
26 39 190.69313
26 40 131.63011
26 41 196.85867
26 42 123.91105
26 43 183.94424
26 44 146.54555
26 45 149.59987
26 46 103.35103
26 47 188.3442
26 48 147.772
26 49 126.81319
26 50 131.9399
26 51 159.93108
26 52 154.76492
26 53 191.64095
26 54 110.48461
26 55 180.01911
26 56 167.79294
26 57 181.91553
26 58 191.26007
26 59 179.58178
26 60 124.60736
26 61 129.28939
26 62 145.40858
26 63 130.92552
26 64 172.01948
26 65 133.85159
26 66 138.7051
26 67 117.74257
26 68 184.99994
26 69 195.09481
26 70 173.04502
26 71 107.75563
26 72 133.48909
26 73 122.0755
26 74 139.20829
26 75 194.19882
26 76 109.86028
26 77 147.48051
26 78 151.70857
26 79 199.63417
26 80 149.80126
26 81 159.81695
26 82 167.75341
26 83 153.16011
26 84 192.40605
26 85 128.39241
26 86 120.99675
26 87 171.5728
26 88 156.44018
26 89 170.80509
26 90 110.55797
26 91 150.18042
26 92 147.21655
26 93 171.26944
26 94 148.96777
26 95 130.58365
26 96 164.82495
26 97 170.27707
26 98 169.91249
26 99 105.8838
27 28 149.75647
27 29 172.09487
27 30 105.0245
27 31 171.98192
27 32 134.2423
27 33 119.58241
27 34 103.89863
27 35 183.20327
27 36 158.13149
27 37 121.14268
27 38 155.83442
27 39 191.65726
27 40 132.75226
27 41 109.82331
27 42 168.73895
27 43 105.57673
27 44 146.3812
27 45 197.45448
27 46 118.61995
27 47 127.57389
27 48 115.20927
27 49 139.06817
27 50 149.1953
27 51 181.67386
27 52 110.56091
27 53 169.94497
27 54 187.50635
27 55 168.82213
27 56 185.99106
27 57 144.56794
27 58 182.95297
27 59 191.05768
27 60 122.14286
27 61 117.71999
27 62 199.02358
27 63 196.59052
27 64 159.95719
27 65 177.0365
27 66 103.51525
27 67 126.25469
27 68 191.97962
27 69 179.75646
27 70 106.83083
27 71 173.02876
27 72 100.56477
27 73 110.93534
27 74 115.95769
27 75 197.95308
27 76 148.69057
27 77 189.76343
27 78 117.77068
27 79 116.95894
27 80 142.5973
27 81 101.47571
27 82 154.92128
27 83 186.10124
27 84 168.54022
27 85 178.76002
27 86 179.68747
27 87 120.47017
27 88 178.96558
27 89 158.2556
27 90 199.21888
27 91 119.49901
27 92 173.40061
27 93 151.41851
27 94 121.40116
27 95 144.50786
27 96 165.71967
27 97 135.07933
27 98 102.58599
27 99 113.90235
28 29 127.17428
28 30 113.51704
28 31 119.49317
28 32 136.44723
28 33 132.80489
28 34 193.20037
28 35 142.60262
28 36 123.70788
28 37 146.43518
28 38 160.02194
28 39 120.50516
28 40 144.42552
28 41 117.17086
28 42 152.77634
28 43 185.01789
28 44 184.53838
28 45 148.42205
28 46 106.49231
28 47 115.17127
28 48 191.0875
28 49 177.03471
28 50 177.44136
28 51 102.01132
28 52 164.92231
28 53 119.11635
28 54 197.08647
28 55 198.08185
28 56 184.45219
28 57 122.3135
28 58 196.26814
28 59 184.67361
28 60 115.80306
28 61 167.53305
28 62 174.57419
28 63 180.24538
28 64 129.31281
28 65 153.72983
28 66 174.66381
28 67 193.26059
28 68 112.86679
28 69 182.3004
28 70 144.09408
28 71 171.16866
28 72 108.47543
28 73 137.69815
28 74 101.12685
28 75 143.83794
28 76 195.23932
28 77 166.77713
28 78 111.91168
28 79 149.21237
28 80 191.47397
28 81 130.14056
28 82 129.02909
28 83 143.31444
28 84 110.36138
28 85 160.29169
28 86 108.36847
28 87 105.70662
28 88 183.86981
28 89 106.73044
28 90 146.72249
28 91 112.6335
28 92 116.83005
28 93 126.01647
28 94 168.69173
28 95 113.8883
28 96 131.61379
28 97 160.05267
28 98 165.55022
28 99 133.37716
29 30 172.03309
29 31 157.79544
29 32 162.64888
29 33 121.79164
29 34 134.97804
29 35 157.77388
29 36 110.92495
29 37 169.36342
29 38 141.14963
29 39 105.12264
29 40 144.94745
29 41 177.14764
29 42 150.88168
29 43 141.89586
29 44 126.23827
29 45 122.74205
29 46 108.14356
29 47 151.51948
29 48 114.81946
29 49 156.78199
29 50 117.67523
29 51 170.48021
29 52 194.55067
29 53 111.93682
29 54 141.49084
29 55 139.11374
29 56 195.07095
29 57 183.28647
29 58 121.83249
29 59 134.93216
29 60 127.63657
29 61 105.6586
29 62 118.75066
29 63 185.36549
29 64 181.50414
29 65 146.46896
29 66 172.27344
29 67 164.00621
29 68 186.10152
29 69 131.48488
29 70 186.41152
29 71 174.25588
29 72 155.25013
29 73 152.62683
29 74 163.36206
29 75 174.65187
29 76 129.47791
29 77 135.90602
29 78 132.9298
29 79 137.0388
29 80 152.10975
29 81 171.55294
29 82 191.99825
29 83 109.7048
29 84 164.3517
29 85 170.85077
29 86 128.41274
29 87 138.17552
29 88 163.63304
29 89 166.56182
29 90 195.12554
29 91 143.66155
29 92 173.95247
29 93 164.55217
29 94 121.183
29 95 147.50526
29 96 173.44202
29 97 187.71706
29 98 121.61072
29 99 158.94683
30 31 193.50799
30 32 112.98978
30 33 103.51341
30 34 189.13631
30 35 104.54194
30 36 175.92108
30 37 121.68681
30 38 103.99314
30 39 168.84432
30 40 168.14421
30 41 196.61624
30 42 185.80306
30 43 100.17443
30 44 149.01704
30 45 167.64035
30 46 115.2162
30 47 100.57614
30 48 199.93481
30 49 113.27142
30 50 190.97459
30 51 164.14187
30 52 127.90057
30 53 120.23639
30 54 150.37628
30 55 139.72076
30 56 181.33038
30 57 100.91679
30 58 152.05093
30 59 115.65231
30 60 159.07617
30 61 141.62647
30 62 198.9904
30 63 165.14978
30 64 126.64738
30 65 157.7559
30 66 125.72526
30 67 168.13286
30 68 114.36599
30 69 132.49334
30 70 134.05749
30 71 187.78528
30 72 119.68829
30 73 120.29181
30 74 138.0247
30 75 188.77737
30 76 149.44374
30 77 153.85705
30 78 166.95112
30 79 170.95442
30 80 159.46287
30 81 103.60712
30 82 151.67975
30 83 106.92749
30 84 166.69608
30 85 180.58099
30 86 174.57368
30 87 143.74634
30 88 137.31057
30 89 171.83746
30 90 189.67822
30 91 162.49354
30 92 175.21173
30 93 140.2172
30 94 142.55098
30 95 157.93852
30 96 104.89986
30 97 180.35385
30 98 173.87059
30 99 118.78771
31 32 131.77413
31 33 177.32996
31 34 197.19244
31 35 126.77116
31 36 143.83823
31 37 122.70799
31 38 154.5913
31 39 168.34139
31 40 127.80182
31 41 196.77576
31 42 123.87454
31 43 125.69392
31 44 190.51491
31 45 102.92937
31 46 189.45428
31 47 117.61167
31 48 174.35432
31 49 179.41305
31 50 158.78319
31 51 197.10439
31 52 155.77608
31 53 156.99184
31 54 189.87966
31 55 125.46584
31 56 125.9239
31 57 162.13065
31 58 156.74682
31 59 146.79924
31 60 177.21583
31 61 147.77842
31 62 155.65454
31 63 154.13298
31 64 169.6913
31 65 153.21882
31 66 135.53836
31 67 137.71412
31 68 100.688
31 69 126.17967
31 70 191.85281
31 71 194.56819
31 72 108.81184
31 73 178.89468
31 74 151.97585
31 75 103.13285
31 76 169.14431
31 77 109.20894
31 78 151.23947
31 79 110.94984
31 80 193.3486
31 81 129.89261
31 82 143.5276
31 83 108.66371
31 84 199.23581
31 85 149.63919
31 86 197.4374
31 87 132.57048
31 88 122.34333
31 89 136.919
31 90 159.39133
31 91 104.58456
31 92 116.36718
31 93 185.06991
31 94 170.50735
31 95 180.53973
31 96 107.25425
31 97 150.87236
31 98 141.51554
31 99 165.32475
32 33 113.26677
32 34 140.27804
32 35 160.41995
32 36 128.72982
32 37 107.3575
32 38 166.73503
32 39 146.43875
32 40 190.00079
32 41 162.1622
32 42 108.22058
32 43 187.82632
32 44 164.44336
32 45 128.27221
32 46 147.13589
32 47 126.52534
32 48 123.1704
32 49 189.85936
32 50 139.60838
32 51 197.85129
32 52 106.38862
32 53 156.28534
32 54 127.36969
32 55 138.8323
32 56 148.11876
32 57 140.87028
32 58 185.85173
32 59 159.32466
32 60 152.19176
32 61 162.90033
32 62 198.92427
32 63 133.89428
32 64 117.06482
32 65 100.48149
32 66 115.7227
32 67 148.67916
32 68 169.2701
32 69 110.00695
32 70 108.06543
32 71 154.20376
32 72 135.82474
32 73 121.84411
32 74 100.21831
32 75 185.58034
32 76 172.23857
32 77 148.38653
32 78 163.92232
32 79 149.35352
32 80 189.81595
32 81 114.85515
32 82 177.97138
32 83 188.13062
32 84 102.42202
32 85 130.854
32 86 157.2362
32 87 177.12949
32 88 184.29332
32 89 186.28333
32 90 175.23736
32 91 107.36926
32 92 153.91703
32 93 155.31503
32 94 174.24772
32 95 153.31368
32 96 120.21304
32 97 125.38414
32 98 108.0161
32 99 130.58896
33 34 151.89585
33 35 100.19834
33 36 149.07951
33 37 107.82657
33 38 192.86718
33 39 182.43047
33 40 104.70518
33 41 185.94266
33 42 161.12035
33 43 121.27168
33 44 165.41125
33 45 190.63885
33 46 188.44642
33 47 164.98627
33 48 174.65377
33 49 114.85825
33 50 111.77209
33 51 163.33987
33 52 147.89013
33 53 100.60479
33 54 122.50289
33 55 130.57135
33 56 157.79086
33 57 191.64767
33 58 136.87827
33 59 126.43461
33 60 145.37276
33 61 145.88892
33 62 107.72279
33 63 143.60245
33 64 185.91557
33 65 152.3898
33 66 186.14792
33 67 183.92996
33 68 155.34976
33 69 118.58261
33 70 125.24926
33 71 118.00472
33 72 138.92461
33 73 198.37375
33 74 178.20538
33 75 151.00416
33 76 152.22476
33 77 158.03568
33 78 156.76124
33 79 140.71302
33 80 194.41344
33 81 178.52642
33 82 109.00521
33 83 159.90812
33 84 196.61883
33 85 132.55624
33 86 158.80282
33 87 143.18195
33 88 134.90071
33 89 107.15994
33 90 160.21916
33 91 187.91857
33 92 174.19991
33 93 103.52872
33 94 184.01295
33 95 133.43504
33 96 147.92722
33 97 144.15189
33 98 184.9306
33 99 172.93679
34 35 197.28319
34 36 100.92525
34 37 168.41821
34 38 118.93973
34 39 146.54159
34 40 130.7625
34 41 185.20268
34 42 186.19262
34 43 140.4255
34 44 117.54912
34 45 109.7622
34 46 109.0632
34 47 149.16354
34 48 161.88856
34 49 182.75649
34 50 184.40547
34 51 132.096
34 52 135.86448
34 53 103.99919
34 54 155.06467
34 55 113.45457
34 56 130.41976
34 57 114.37878
34 58 160.02437
34 59 139.17129
34 60 155.47449
34 61 180.13129
34 62 198.64632
34 63 139.84043
34 64 125.01413
34 65 144.61633
34 66 173.43922
34 67 159.3958
34 68 117.31416
34 69 156.06863
34 70 190.0969
34 71 117.18728
34 72 197.12786
34 73 134.70773
34 74 144.98487
34 75 136.08673
34 76 187.10429
34 77 189.78693
34 78 115.80689
34 79 172.45746
34 80 122.81166
34 81 172.55318
34 82 182.26406
34 83 129.85633
34 84 174.65385
34 85 151.10802
34 86 122.26833
34 87 128.92536
34 88 127.90488
34 89 116.2305
34 90 137.7858
34 91 164.3872
34 92 199.97747
34 93 192.74517
34 94 166.85065
34 95 120.77497
34 96 118.75871
34 97 123.54607
34 98 143.67253
34 99 153.70523
35 36 179.15547
35 37 187.94456
35 38 108.15466
35 39 124.38115
35 40 122.6952
35 41 119.07886
35 42 176.90679
35 43 131.91617
35 44 173.7104
35 45 106.86866
35 46 186.78594
35 47 149.35768
35 48 190.6419
35 49 193.07389
35 50 165.21123
35 51 134.34598
35 52 182.50362
35 53 154.51447
35 54 106.96275
35 55 155.01704
35 56 126.70576
35 57 145.05114
35 58 122.00631
35 59 146.01019
35 60 105.81279
35 61 159.0737
35 62 117.291
35 63 157.27428
35 64 101.86829
35 65 168.41693
35 66 162.82001
35 67 134.04321
35 68 136.82767
35 69 182.76776
35 70 186.56132
35 71 172.04221
35 72 185.62545
35 73 148.62116
35 74 168.67728
35 75 147.68344
35 76 132.02481
35 77 126.36766
35 78 140.76846
35 79 147.1101
35 80 116.08684
35 81 124.57226
35 82 121.83268
35 83 196.6347
35 84 153.64558
35 85 190.2989
35 86 166.04792
35 87 168.68674
35 88 169.24937
35 89 138.18068
35 90 190.43697
35 91 145.76037
35 92 153.88004
35 93 170.84068
35 94 196.91473
35 95 106.07256
35 96 172.86743
35 97 124.10279
35 98 167.60348
35 99 148.81485
36 37 155.59335
36 38 126.81652
36 39 184.30051
36 40 191.59518
36 41 151.70244
36 42 121.88287
36 43 155.26191
36 44 160.15903
36 45 157.68567
36 46 117.89194
36 47 190.1568
36 48 141.75319
36 49 126.02495
36 50 109.04405
36 51 155.02899
36 52 183.13805
36 53 151.87739
36 54 117.90799
36 55 165.3058
36 56 154.2722
36 57 151.9362
36 58 167.98302
36 59 162.85674
36 60 116.52181
36 61 103.05909
36 62 101.31616
36 63 131.46923
36 64 179.79187
36 65 157.37894
36 66 198.07513
36 67 117.99629
36 68 169.64195
36 69 153.90185
36 70 109.27256
36 71 148.31261
36 72 173.08162
36 73 179.93583
36 74 152.02699
36 75 102.94548
36 76 147.58194
36 77 168.37506
36 78 145.24732
36 79 128.84627
36 80 141.59019
36 81 191.13014
36 82 116.34497
36 83 155.58242
36 84 146.68944
36 85 117.50278
36 86 159.33312
36 87 162.50098
36 88 102.53131
36 89 172.30807
36 90 153.91951
36 91 133.45479
36 92 184.29359
36 93 147.70622
36 94 151.99559
36 95 135.90218
36 96 122.50929
36 97 184.62493
36 98 175.13526
36 99 152.91569
37 38 112.5595
37 39 165.50394
37 40 192.4905
37 41 170.75617
37 42 116.96227
37 43 179.48783
37 44 155.60429
37 45 104.54668
37 46 128.31601
37 47 102.34504
37 48 108.17702
37 49 144.54209
37 50 195.0293
37 51 111.32138
37 52 142.34492
37 53 177.78541
37 54 108.36589
37 55 147.16052
37 56 123.42564
37 57 182.78367
37 58 127.56749
37 59 158.81645
37 60 154.18396
37 61 163.53402
37 62 108.62674
37 63 172.78679
37 64 196.34594
37 65 115.87876
37 66 190.01022
37 67 152.27625
37 68 166.59861
37 69 147.58094
37 70 155.4291
37 71 123.1639
37 72 135.82605
37 73 188.55981
37 74 114.89586
37 75 142.7945
37 76 163.67426
37 77 182.89622
37 78 103.12769
37 79 128.08101
37 80 116.60201
37 81 165.29915
37 82 103.31458
37 83 110.06545
37 84 181.6589
37 85 111.35312
37 86 140.90979
37 87 177.93901
37 88 139.32555
37 89 176.50756
37 90 145.04504
37 91 116.18051
37 92 175.35249
37 93 194.80776
37 94 151.66861
37 95 198.44327
37 96 192.896
37 97 144.50966
37 98 184.53385
37 99 145.33522
38 39 167.72088
38 40 120.16235
38 41 160.07504
38 42 155.82347
38 43 144.92859
38 44 102.17212
38 45 177.67929
38 46 135.81396
38 47 185.86237
38 48 121.56949
38 49 148.73733
38 50 196.54593
38 51 189.83737
38 52 170.60528
38 53 189.59972
38 54 168.56427
38 55 179.27853
38 56 156.29964
38 57 103.81046
38 58 156.17089
38 59 182.39405
38 60 125.8366
38 61 152.05521
38 62 158.98631
38 63 136.12472
38 64 146.6249
38 65 163.34502
38 66 134.81328
38 67 101.36572
38 68 124.20244
38 69 102.06398
38 70 108.69545
38 71 158.9434
38 72 114.2205
38 73 127.73668
38 74 171.47236
38 75 141.98783
38 76 139.72638
38 77 152.95991
38 78 178.97934
38 79 146.45188
38 80 136.10767
38 81 161.98355
38 82 180.27476
38 83 188.56341
38 84 164.14391
38 85 191.82735
38 86 182.10428
38 87 153.38896
38 88 119.85278
38 89 100.98849
38 90 179.07843
38 91 140.27226
38 92 162.41844
38 93 104.44088
38 94 168.95291
38 95 181.62092
38 96 164.35344
38 97 135.11642
38 98 107.21493
38 99 186.93906
39 40 134.38213
39 41 165.73342
39 42 191.26767
39 43 116.05644
39 44 123.41716
39 45 197.56066
39 46 165.88389
39 47 103.43089
39 48 183.02135
39 49 111.6184
39 50 140.14816
39 51 120.21677
39 52 156.99959
39 53 163.50992
39 54 195.13781
39 55 169.58893
39 56 165.89981
39 57 103.77422
39 58 134.49806
39 59 177.62732
39 60 189.48981
39 61 174.17465
39 62 157.72625
39 63 112.68686
39 64 188.91944
39 65 122.42452
39 66 115.13258
39 67 199.61596
39 68 184.54214
39 69 131.78625
39 70 132.92708
39 71 136.24623
39 72 197.62261
39 73 190.58801
39 74 175.99304
39 75 103.48613
39 76 142.76102
39 77 147.27718
39 78 116.41819
39 79 183.76489
39 80 143.95397
39 81 171.52976
39 82 113.97441
39 83 181.0331
39 84 160.27106
39 85 121.70664
39 86 130.93458
39 87 129.06132
39 88 169.9791
39 89 139.85861
39 90 192.24984
39 91 153.82244
39 92 154.33932
39 93 139.81382
39 94 168.49306
39 95 163.61212
39 96 182.52674
39 97 108.83737
39 98 131.68859
39 99 109.95374
40 41 142.70477
40 42 122.02323
40 43 103.89858
40 44 125.49745
40 45 167.98817
40 46 103.19532
40 47 149.10721
40 48 196.90825
40 49 119.44776
40 50 106.02254
40 51 117.89336
40 52 130.29847
40 53 127.11656
40 54 191.54327
40 55 164.22119
40 56 112.51774
40 57 168.69798
40 58 109.47676
40 59 135.76719
40 60 185.37345
40 61 109.75511
40 62 147.24442
40 63 199.00433
40 64 137.37317
40 65 123.56861
40 66 113.88421
40 67 110.5113
40 68 141.96501
40 69 126.77309
40 70 185.03003
40 71 113.15609
40 72 123.59536
40 73 199.18172
40 74 196.72807
40 75 112.865
40 76 175.69913
40 77 163.02895
40 78 139.61119
40 79 115.03039
40 80 148.93376
40 81 157.22116
40 82 157.62913
40 83 136.15094
40 84 186.44956
40 85 146.79913
40 86 128.64758
40 87 192.71266
40 88 154.87062
40 89 163.32075
40 90 156.33154
40 91 151.29354
40 92 181.84345
40 93 111.04401
40 94 197.01206
40 95 151.20628
40 96 134.29872
40 97 133.43886
40 98 150.17924
40 99 119.56561
41 42 120.43638
41 43 196.78114
41 44 169.31927
41 45 195.4868
41 46 157.46721
41 47 120.73285
41 48 198.39742
41 49 131.82584
41 50 136.6204
41 51 170.25256
41 52 130.88161
41 53 128.78556
41 54 164.01319
41 55 119.05648
41 56 188.55192
41 57 193.98728
41 58 135.36415
41 59 134.46002
41 60 109.81687
41 61 119.3849
41 62 101.18375
41 63 166.78092
41 64 149.23111
41 65 148.63646
41 66 122.67239
41 67 161.00181
41 68 147.56282
41 69 125.8356
41 70 166.734
41 71 174.21688
41 72 159.38182
41 73 145.90919
41 74 175.82141
41 75 129.09543
41 76 106.22777
41 77 130.02698
41 78 171.45819
41 79 141.80394
41 80 184.13503
41 81 168.84981
41 82 166.43626
41 83 147.42133
41 84 182.4935
41 85 171.77933
41 86 191.82445
41 87 115.01497
41 88 171.68873
41 89 149.59954
41 90 135.72739
41 91 159.27207
41 92 110.53913
41 93 171.19479
41 94 174.05429
41 95 119.71352
41 96 137.95189
41 97 191.09927
41 98 177.5403
41 99 141.38808
42 43 137.85981
42 44 115.50736
42 45 190.92684
42 46 170.34116
42 47 192.17813
42 48 158.19253
42 49 114.47276
42 50 123.75475
42 51 137.90701
42 52 104.40076
42 53 139.08247
42 54 171.43521
42 55 164.71014
42 56 161.09947
42 57 181.85449
42 58 148.84759
42 59 105.90936
42 60 176.51025
42 61 147.35456
42 62 189.90976
42 63 131.05758
42 64 121.4737
42 65 109.67125
42 66 131.50809
42 67 111.92139
42 68 112.35299
42 69 195.0377
42 70 158.50687
42 71 198.94351
42 72 152.3231
42 73 198.21518
42 74 107.38664
42 75 147.21401
42 76 119.01455
42 77 183.08844
42 78 178.50926
42 79 166.58321
42 80 183.83138
42 81 132.43044
42 82 105.80492
42 83 111.70785
42 84 161.90906
42 85 141.54822
42 86 116.4567
42 87 111.37963
42 88 129.97293
42 89 155.61517
42 90 168.27127
42 91 193.75822
42 92 144.24669
42 93 160.56416
42 94 183.54199
42 95 154.59154
42 96 112.94164
42 97 126.5798
42 98 159.47872
42 99 150.77752
43 44 140.73787
43 45 139.70368
43 46 119.80258
43 47 166.53813
43 48 121.12409
43 49 127.66021
43 50 128.02124
43 51 123.41399
43 52 169.38606
43 53 151.07914
43 54 159.79065
43 55 137.18514
43 56 174.06436
43 57 134.07607
43 58 113.52479
43 59 107.91672
43 60 180.624
43 61 180.526
43 62 177.20447
43 63 175.30918
43 64 182.52031
43 65 171.90368
43 66 138.09879
43 67 123.15962
43 68 178.57109
43 69 155.64294
43 70 142.24393
43 71 122.3479
43 72 176.811
43 73 125.554
43 74 103.17496
43 75 112.56733
43 76 168.84587
43 77 101.53417
43 78 176.18849
43 79 173.41196
43 80 133.469
43 81 162.28324
43 82 110.55347
43 83 143.64899
43 84 140.41907
43 85 165.85163
43 86 179.67343
43 87 180.02411
43 88 107.61706
43 89 121.65581
43 90 185.17602
43 91 114.77952
43 92 194.75439
43 93 192.36102
43 94 130.76955
43 95 105.8643
43 96 115.85745
43 97 183.04061
43 98 165.58021
43 99 130.85805
44 45 147.74576
44 46 157.80448
44 47 154.10025
44 48 191.77937
44 49 129.19536
44 50 180.12854
44 51 128.869
44 52 190.41696
44 53 126.19244
44 54 100.18047
44 55 138.41864
44 56 186.65684
44 57 126.28158
44 58 196.83505
44 59 187.14397
44 60 185.2621
44 61 135.86223
44 62 107.2154
44 63 187.98007
44 64 132.09614
44 65 119.39092
44 66 164.15189
44 67 165.98172
44 68 155.32717
44 69 133.92669
44 70 188.33647
44 71 182.87258
44 72 156.05572
44 73 194.37816
44 74 178.24527
44 75 126.58639
44 76 127.70718
44 77 127.88358
44 78 173.06765
44 79 105.50211
44 80 185.60353
44 81 108.13141
44 82 167.09461
44 83 194.70669
44 84 163.17173
44 85 180.06685
44 86 195.75702
44 87 159.58025
44 88 168.14782
44 89 133.01964
44 90 191.97023
44 91 185.58588
44 92 110.73232
44 93 134.69225
44 94 168.06409
44 95 128.17199
44 96 130.90462
44 97 183.64401
44 98 196.30997
44 99 138.77476
45 46 137.23285
45 47 181.52705
45 48 137.06298
45 49 197.43482
45 50 121.88981
45 51 135.88748
45 52 170.46179
45 53 125.36107
45 54 100.155
45 55 136.77151
45 56 138.55231
45 57 122.36515
45 58 115.79077
45 59 164.72658
45 60 183.98328
45 61 155.51844
45 62 183.92366
45 63 167.94767
45 64 100.17948
45 65 137.09014
45 66 160.4209
45 67 176.39719
45 68 128.68221
45 69 121.96046
45 70 141.20148
45 71 107.04082
45 72 148.82485
45 73 168.66148
45 74 124.35086
45 75 134.32383
45 76 133.44908
45 77 151.9259
45 78 124.8107
45 79 152.07348
45 80 152.0525
45 81 193.06027
45 82 108.88104
45 83 176.67589
45 84 156.58884
45 85 137.36591
45 86 120.69678
45 87 117.93998
45 88 109.04649
45 89 116.62667
45 90 175.00035
45 91 163.00539
45 92 130.33477
45 93 127.83737
45 94 121.60213
45 95 163.66891
45 96 196.74046
45 97 120.69836
45 98 118.20564
45 99 117.32133
46 47 110.9276
46 48 186.46854
46 49 136.60888
46 50 124.66675
46 51 126.54492
46 52 166.10389
46 53 109.49014
46 54 189.6876
46 55 187.88743
46 56 176.5525
46 57 134.53207
46 58 137.82506
46 59 178.89563
46 60 171.88221
46 61 170.26217
46 62 125.24497
46 63 187.66526
46 64 176.49445
46 65 172.11386
46 66 196.62406
46 67 167.0394
46 68 154.3218
46 69 189.3976
46 70 143.98932
46 71 127.73048
46 72 157.4709
46 73 127.29993
46 74 115.70738
46 75 193.50839
46 76 150.10569
46 77 110.98214
46 78 122.72341
46 79 100.86393
46 80 127.52131
46 81 183.76071
46 82 100.01029
46 83 133.1342
46 84 163.22798
46 85 121.59589
46 86 171.52877
46 87 141.54918
46 88 132.79838
46 89 191.52032
46 90 102.56509
46 91 101.4875
46 92 123.76629
46 93 144.88132
46 94 133.04667
46 95 132.71574
46 96 136.49986
46 97 193.14971
46 98 193.65184
46 99 149.13154
47 48 158.01229
47 49 155.10479
47 50 136.21558
47 51 177.88581
47 52 183.67038
47 53 142.27846
47 54 111.768
47 55 130.3653
47 56 193.86169
47 57 196.86159
47 58 164.52363
47 59 133.23427
47 60 183.51502
47 61 162.17907
47 62 198.88445
47 63 168.69221
47 64 179.15535
47 65 158.88987
47 66 181.50368
47 67 178.93064
47 68 114.06176
47 69 196.44352
47 70 186.03553
47 71 155.72394
47 72 178.87326
47 73 174.8782
47 74 108.93891
47 75 118.73231
47 76 145.93689
47 77 117.92785
47 78 171.75894
47 79 153.69429
47 80 184.89468
47 81 140.71313
47 82 127.90475
47 83 166.88117
47 84 131.3158
47 85 120.29619
47 86 196.30089
47 87 103.48168
47 88 139.08034
47 89 150.40511
47 90 114.4745
47 91 143.30056
47 92 190.48484
47 93 105.59472
47 94 130.95393
47 95 102.13652
47 96 124.48258
47 97 164.55207
47 98 115.1193
47 99 175.27339
48 49 141.46225
48 50 163.35998
48 51 173.43907
48 52 185.74919
48 53 124.23853
48 54 169.70801
48 55 157.19005
48 56 173.13022
48 57 140.00886
48 58 132.23071
48 59 178.21042
48 60 149.35648
48 61 102.44995
48 62 145.11171
48 63 192.46404
48 64 123.6177
48 65 184.61174
48 66 161.71703
48 67 123.69141
48 68 197.59613
48 69 162.5738
48 70 190.87629
48 71 157.77421
48 72 192.42093
48 73 143.18407
48 74 181.95517
48 75 116.42939
48 76 155.88153
48 77 167.89486
48 78 162.20126
48 79 171.82486
48 80 132.38681
48 81 118.83256
48 82 118.22812
48 83 176.90833
48 84 183.58072
48 85 190.40621
48 86 154.05546
48 87 195.16093
48 88 164.87901
48 89 131.82045
48 90 131.10865
48 91 118.9741
48 92 115.99846
48 93 111.04561
48 94 100.74694
48 95 113.04922
48 96 188.82615
48 97 198.52525
48 98 164.5075
48 99 113.12296
49 50 175.58931
49 51 108.04823
49 52 107.89622
49 53 176.60044
49 54 115.15597
49 55 130.88708
49 56 129.64738
49 57 165.41464
49 58 105.10154
49 59 163.47661
49 60 101.88522
49 61 104.11194
49 62 144.05936
49 63 167.37391
49 64 153.98508
49 65 155.16981
49 66 156.66576
49 67 158.43255
49 68 142.65159
49 69 188.48283
49 70 128.79015
49 71 118.81141
49 72 198.84951
49 73 119.73959
49 74 131.35199
49 75 179.38988
49 76 142.34431
49 77 168.92529
49 78 130.42932
49 79 132.88656
49 80 171.87331
49 81 180.43778
49 82 125.80212
49 83 153.22013
49 84 127.65203
49 85 173.55476
49 86 123.65515
49 87 101.69511
49 88 108.47838
49 89 181.17487
49 90 144.3206
49 91 138.92706
49 92 191.67475
49 93 177.71138
49 94 170.2865
49 95 111.12708
49 96 113.60293
49 97 159.38139
49 98 149.15109
49 99 174.4205
50 51 182.88461
50 52 130.68526
50 53 171.76398
50 54 190.96048
50 55 140.20511
50 56 168.94209
50 57 169.79502
50 58 130.09376
50 59 194.41025
50 60 163.32497
50 61 161.22576
50 62 169.1466
50 63 121.08992
50 64 162.01904
50 65 161.53858
50 66 119.68707
50 67 103.12346
50 68 116.53352
50 69 152.08614
50 70 119.03128
50 71 105.48244
50 72 109.08006
50 73 183.09048
50 74 158.82425
50 75 123.71975
50 76 138.55801
50 77 126.76964
50 78 189.69477
50 79 100.75581
50 80 132.82853
50 81 122.31983
50 82 153.49952
50 83 156.74986
50 84 108.76553
50 85 170.37914
50 86 141.03877
50 87 169.43985
50 88 149.39167
50 89 139.86029
50 90 180.37161
50 91 167.20279
50 92 177.12467
50 93 196.08555
50 94 127.16742
50 95 191.05443
50 96 122.94116
50 97 184.05273
50 98 104.3371
50 99 138.67413
51 52 135.71333
51 53 120.98051
51 54 133.72609
51 55 115.47161
51 56 134.15545
51 57 163.15728
51 58 191.65465
51 59 111.83942
51 60 161.49509
51 61 102.80322
51 62 117.72722
51 63 132.0002
51 64 163.93531
51 65 158.03878
51 66 130.00528
51 67 135.08279
51 68 101.66578
51 69 122.4236
51 70 186.87049
51 71 153.51137
51 72 193.21056
51 73 153.30715
51 74 128.97756
51 75 141.95998
51 76 178.90071
51 77 137.50978
51 78 107.7361
51 79 173.19186
51 80 164.85056
51 81 178.84795
51 82 189.74517
51 83 183.00418
51 84 143.2918
51 85 105.43975
51 86 131.7163
51 87 165.88979
51 88 161.12045
51 89 123.14926
51 90 147.27353
51 91 141.0933
51 92 184.94725
51 93 103.12675
51 94 197.14238
51 95 189.34802
51 96 178.99742
51 97 199.4993
51 98 158.40231
51 99 121.89522
52 53 110.12499
52 54 141.60919
52 55 136.149
52 56 195.79443
52 57 146.3871
52 58 142.67168
52 59 106.45206
52 60 150.52234
52 61 192.4916
52 62 168.75317
52 63 121.45664
52 64 190.37231
52 65 169.38208
52 66 147.92432
52 67 131.19262
52 68 129.99523
52 69 170.63972
52 70 148.24729
52 71 133.53603
52 72 146.03475
52 73 120.20669
52 74 138.86836
52 75 185.63656
52 76 190.23618
52 77 178.39164
52 78 114.13074
52 79 181.5542
52 80 166.28823
52 81 150.46761
52 82 100.15008
52 83 152.00009
52 84 155.63192
52 85 192.93271
52 86 166.45841
52 87 103.51105
52 88 164.66702
52 89 130.93321
52 90 118.75821
52 91 109.00638
52 92 128.27557
52 93 173.49964
52 94 109.64218
52 95 198.33613
52 96 177.66411
52 97 129.96175
52 98 192.403
52 99 134.68132
53 54 159.97355
53 55 115.91007
53 56 189.2813
53 57 101.93555
53 58 141.05439
53 59 148.54648
53 60 129.00143
53 61 121.42954
53 62 152.51217
53 63 140.61275
53 64 190.47659
53 65 159.55524
53 66 177.01408
53 67 196.82865
53 68 195.42977
53 69 172.1567
53 70 191.01714
53 71 197.97836
53 72 135.50629
53 73 194.73484
53 74 178.77209
53 75 126.28136
53 76 178.41266
53 77 105.911
53 78 157.03544
53 79 105.84063
53 80 131.68093
53 81 109.89992
53 82 137.67073
53 83 168.7064
53 84 171.03755
53 85 175.65667
53 86 146.78694
53 87 102.36917
53 88 180.40696
53 89 182.44712
53 90 108.79668
53 91 106.46986
53 92 132.50523
53 93 159.33747
53 94 104.24563
53 95 125.08029
53 96 172.78582
53 97 157.0773
53 98 148.82598
53 99 173.31294
54 55 124.51482
54 56 199.07488
54 57 106.57508
54 58 179.15285
54 59 124.92775
54 60 135.85974
54 61 196.27068
54 62 159.37724
54 63 169.62011
54 64 143.19472
54 65 195.38069
54 66 152.57278
54 67 159.27474
54 68 109.03686
54 69 186.33791
54 70 113.8214
54 71 145.96436
54 72 144.93805
54 73 166.28059
54 74 131.31367
54 75 159.77846
54 76 107.96351
54 77 121.41895
54 78 178.39367
54 79 196.84605
54 80 149.17843
54 81 127.74614
54 82 191.75839
54 83 113.18544
54 84 128.86079
54 85 180.48038
54 86 165.13447
54 87 143.81018
54 88 185.53897
54 89 125.07379
54 90 167.7255
54 91 147.14347
54 92 130.86356
54 93 149.49939
54 94 149.19237
54 95 146.00144
54 96 176.064
54 97 135.84134
54 98 169.54116
54 99 180.72334
55 56 118.36951
55 57 104.45735
55 58 195.83919
55 59 168.12472
55 60 132.89619
55 61 127.02743
55 62 145.01717
55 63 196.98665
55 64 182.04822
55 65 111.00401
55 66 173.01277
55 67 133.59348
55 68 196.62518
55 69 140.66565
55 70 168.83758
55 71 194.67076
55 72 109.05013
55 73 167.94729
55 74 149.48055
55 75 135.24022
55 76 176.94006
55 77 175.34147
55 78 145.4423
55 79 130.06468
55 80 112.8693
55 81 143.82078
55 82 191.64492
55 83 155.51961
55 84 162.76422
55 85 107.70445
55 86 189.90322
55 87 151.5266
55 88 139.93675
55 89 107.6038
55 90 113.55938
55 91 175.2608
55 92 116.92727
55 93 123.388
55 94 131.38827
55 95 183.08621
55 96 131.10675
55 97 111.8394
55 98 153.85969
55 99 112.1037
56 57 132.3946
56 58 101.90237
56 59 119.10248
56 60 157.31997
56 61 154.00193
56 62 142.13634
56 63 191.43218
56 64 118.42049
56 65 171.38499
56 66 101.61678
56 67 116.71108
56 68 125.02074
56 69 167.18104
56 70 136.8782
56 71 115.15267
56 72 145.20897
56 73 126.34107
56 74 132.66813
56 75 166.18089
56 76 133.86703
56 77 109.45411
56 78 105.88216
56 79 106.97568
56 80 143.63968
56 81 183.7423
56 82 127.51999
56 83 118.40536
56 84 125.07128
56 85 164.2484
56 86 123.44605
56 87 113.69908
56 88 173.44037
56 89 119.44619
56 90 177.5028
56 91 175.47023
56 92 109.11607
56 93 142.20361
56 94 103.22034
56 95 122.2701
56 96 162.84507
56 97 104.50347
56 98 122.9837
56 99 171.57505
57 58 154.44068
57 59 148.50902
57 60 141.30972
57 61 164.03974
57 62 121.59984
57 63 143.65784
57 64 111.15393
57 65 170.1032
57 66 145.82863
57 67 184.91262
57 68 153.47112
57 69 145.3875
57 70 188.78286
57 71 167.06177
57 72 142.11453
57 73 199.61148
57 74 102.6417
57 75 187.82741
57 76 196.42029
57 77 128.69296
57 78 120.79563
57 79 128.58402
57 80 117.83888
57 81 148.64542
57 82 107.99107
57 83 199.18583
57 84 198.88116
57 85 148.00436
57 86 175.31545
57 87 114.55004
57 88 123.39805
57 89 121.76352
57 90 132.41585
57 91 168.84475
57 92 180.82321
57 93 134.03643
57 94 108.4502
57 95 170.51776
57 96 156.74808
57 97 166.90432
57 98 102.37413
57 99 135.37155
58 59 197.91961
58 60 185.75598
58 61 189.57616
58 62 127.6496
58 63 136.65422
58 64 199.84868
58 65 194.37787
58 66 129.74867
58 67 104.23756
58 68 140.69618
58 69 171.6797
58 70 175.32073
58 71 164.75729
58 72 170.76888
58 73 167.25291
58 74 107.71571
58 75 165.66524
58 76 125.87306
58 77 137.29858
58 78 123.91866
58 79 168.96007
58 80 163.81838
58 81 171.76715
58 82 152.10697
58 83 169.23955
58 84 184.10218
58 85 138.25911
58 86 195.08126
58 87 120.96652
58 88 167.08466
58 89 187.21944
58 90 185.37234
58 91 167.176
58 92 175.78023
58 93 190.608
58 94 190.34392
58 95 166.95123
58 96 193.62288
58 97 176.18958
58 98 170.48391
58 99 136.45738
59 60 183.27017
59 61 144.05471
59 62 181.68947
59 63 196.63186
59 64 187.53374
59 65 111.31495
59 66 107.06963
59 67 132.86481
59 68 199.0453
59 69 121.4469
59 70 186.49862
59 71 198.7613
59 72 144.72487
59 73 199.38535
59 74 100.67966
59 75 193.72747
59 76 126.56956
59 77 171.24417
59 78 138.12266
59 79 194.35137
59 80 127.3998
59 81 117.4737
59 82 185.09189
59 83 141.62698
59 84 114.13917
59 85 171.80503
59 86 196.39656
59 87 148.97157
59 88 142.50329
59 89 178.90149
59 90 126.62037
59 91 158.97178
59 92 118.20716
59 93 135.49298
59 94 108.41622
59 95 164.20811
59 96 187.38305
59 97 163.22692
59 98 157.52076
59 99 114.70265
60 61 111.6841
60 62 156.78141
60 63 105.87296
60 64 170.62264
60 65 191.97812
60 66 110.58768
60 67 165.41023
60 68 151.79932
60 69 108.98339
60 70 182.73789
60 71 190.52322
60 72 115.0134
60 73 126.17106
60 74 123.25759
60 75 116.15219
60 76 154.58321
60 77 108.04985
60 78 129.82477
60 79 127.30203
60 80 106.98016
60 81 138.40902
60 82 115.83921
60 83 144.58162
60 84 112.76406
60 85 193.00882
60 86 192.12629
60 87 102.52081
60 88 108.04374
60 89 160.79891
60 90 127.62335
60 91 146.61073
60 92 118.36901
60 93 142.15638
60 94 112.77085
60 95 134.72725
60 96 148.77779
60 97 103.95371
60 98 115.7255
60 99 193.21706
61 62 133.51041
61 63 147.07706
61 64 102.92407
61 65 191.68529
61 66 160.4857
61 67 111.78063
61 68 102.2311
61 69 113.19454
61 70 155.9379
61 71 129.14926
61 72 131.68707
61 73 115.05349
61 74 187.30691
61 75 143.27858
61 76 142.20342
61 77 109.27585
61 78 175.10661
61 79 101.73507
61 80 192.50456
61 81 145.38031
61 82 111.39138
61 83 187.0711
61 84 178.205
61 85 104.81526
61 86 108.492
61 87 180.91855
61 88 110.69867
61 89 167.17768
61 90 166.99742
61 91 197.99483
61 92 115.7054
61 93 190.15926
61 94 151.10025
61 95 163.23314
61 96 167.45057
61 97 103.30521
61 98 139.04997
61 99 121.97404
62 63 123.34344
62 64 162.01846
62 65 103.30007
62 66 119.89997
62 67 150.43347
62 68 118.44949
62 69 121.31481
62 70 174.07784
62 71 131.81556
62 72 135.80393
62 73 172.24905
62 74 184.67616
62 75 106.27802
62 76 141.57988
62 77 163.30368
62 78 193.59192
62 79 103.78538
62 80 172.83297
62 81 102.7836
62 82 138.09194
62 83 122.4042
62 84 189.08953
62 85 194.12335
62 86 189.59863
62 87 153.7373
62 88 131.65026
62 89 103.60877
62 90 169.10325
62 91 134.23649
62 92 195.55286
62 93 171.5054
62 94 189.55087
62 95 131.15005
62 96 122.30405
62 97 165.73217
62 98 190.41742
62 99 162.57281
63 64 107.45704
63 65 183.21455
63 66 103.22353
63 67 133.64068
63 68 132.42744
63 69 185.58928
63 70 110.51055
63 71 153.85773
63 72 199.23307
63 73 126.3554
63 74 175.39432
63 75 105.31454
63 76 107.42607
63 77 133.71293
63 78 154.4547
63 79 183.57806
63 80 129.31939
63 81 136.63221
63 82 156.34321
63 83 178.95947
63 84 195.45592
63 85 145.27767
63 86 186.88573
63 87 100.69419
63 88 130.67854
63 89 167.37034
63 90 189.18798
63 91 144.61843
63 92 146.40198
63 93 151.29688
63 94 148.11811
63 95 135.45767
63 96 197.70215
63 97 163.33012
63 98 103.86985
63 99 100.92037
64 65 171.85861
64 66 192.89206
64 67 156.67164
64 68 141.60344
64 69 143.66381
64 70 195.04306
64 71 105.34779
64 72 151.5904
64 73 130.14156
64 74 138.3962
64 75 149.67239
64 76 177.8049
64 77 155.99369
64 78 158.9992
64 79 177.66785
64 80 186.99083
64 81 146.04506
64 82 120.06882
64 83 109.99986
64 84 105.3732
64 85 171.51717
64 86 113.97195
64 87 112.08512
64 88 180.10938
64 89 132.45536
64 90 190.70864
64 91 180.75726
64 92 112.48588
64 93 129.52504
64 94 128.96243
64 95 190.34662
64 96 127.22907
64 97 124.68665
64 98 180.41088
64 99 145.15158
65 66 186.189
65 67 108.62392
65 68 186.52818
65 69 118.04925
65 70 176.25486
65 71 139.74436
65 72 151.83554
65 73 196.75
65 74 128.74586
65 75 188.97713
65 76 146.00176
65 77 189.56126
65 78 176.95412
65 79 142.41658
65 80 188.56375
65 81 191.7156
65 82 139.35076
65 83 109.22797
65 84 104.41159
65 85 116.23623
65 86 168.00672
65 87 143.4425
65 88 124.85009
65 89 114.67701
65 90 128.4586
65 91 135.15515
65 92 126.84415
65 93 152.16693
65 94 103.66594
65 95 194.50791
65 96 134.89067
65 97 132.79133
65 98 194.49514
65 99 147.75047
66 67 161.86299
66 68 111.77561
66 69 110.28352
66 70 162.37943
66 71 199.82376
66 72 176.6546
66 73 155.65204
66 74 140.35852
66 75 146.17969
66 76 133.31764
66 77 141.61735
66 78 188.61166
66 79 155.46727
66 80 175.31965
66 81 187.44784
66 82 114.78468
66 83 172.72752
66 84 143.49966
66 85 101.43444
66 86 149.34662
66 87 154.67375
66 88 112.58742
66 89 112.62178
66 90 161.27288
66 91 156.21422
66 92 149.53156
66 93 152.84244
66 94 116.11754
66 95 189.85762
66 96 118.0358
66 97 182.72909
66 98 142.1104
66 99 108.55361
67 68 161.19493
67 69 188.56818
67 70 189.65835
67 71 152.85606
67 72 162.74141
67 73 145.08485
67 74 133.00017
67 75 192.7586
67 76 129.89184
67 77 132.79591
67 78 128.686
67 79 111.94948
67 80 168.0492
67 81 107.18745
67 82 137.20904
67 83 138.22097
67 84 163.84376
67 85 118.12536
67 86 102.47203
67 87 158.72966
67 88 112.3299
67 89 158.70232
67 90 118.071
67 91 106.56004
67 92 182.44223
67 93 150.83605
67 94 114.32596
67 95 139.51772
67 96 128.04373
67 97 154.45042
67 98 128.69372
67 99 154.08347
68 69 149.97585
68 70 185.1711
68 71 133.01466
68 72 121.73326
68 73 110.86415
68 74 193.24809
68 75 187.35671
68 76 116.9384
68 77 173.41622
68 78 157.27556
68 79 126.96497
68 80 108.61839
68 81 115.97523
68 82 156.69885
68 83 195.26496
68 84 149.39188
68 85 128.64487
68 86 192.38011
68 87 110.30149
68 88 141.52289
68 89 178.10279
68 90 130.91843
68 91 148.82409
68 92 113.53526
68 93 133.21489
68 94 176.43039
68 95 167.95877
68 96 156.59018
68 97 161.85037
68 98 111.81662
68 99 130.70517
69 70 146.96406
69 71 191.84646
69 72 124.80726
69 73 167.7601
69 74 121.30963
69 75 164.77617
69 76 120.37979
69 77 141.72949
69 78 102.82448
69 79 149.58346
69 80 149.95737
69 81 170.65603
69 82 117.22144
69 83 125.84977
69 84 115.55418
69 85 100.99266
69 86 171.13759
69 87 187.46638
69 88 153.72552
69 89 191.54148
69 90 110.01321
69 91 179.68757
69 92 133.82348
69 93 123.12382
69 94 114.52143
69 95 140.81357
69 96 198.33105
69 97 197.99522
69 98 179.75249
69 99 135.21418
70 71 115.72008
70 72 191.00794
70 73 147.36452
70 74 149.8704
70 75 107.07946
70 76 137.47748
70 77 198.7032
70 78 187.40935
70 79 119.58933
70 80 143.27051
70 81 187.83626
70 82 163.02088
70 83 133.63761
70 84 164.33497
70 85 183.73696
70 86 133.27971
70 87 196.08334
70 88 192.90293
70 89 154.59074
70 90 151.25378
70 91 152.43507
70 92 160.69972
70 93 164.20959
70 94 151.04033
70 95 183.20078
70 96 194.71305
70 97 117.88182
70 98 127.50892
70 99 190.70411
71 72 119.86889
71 73 170.19443
71 74 192.85856
71 75 107.63957
71 76 147.19831
71 77 199.91267
71 78 157.65082
71 79 153.11658
71 80 112.23956
71 81 170.9735
71 82 197.00169
71 83 190.29936
71 84 164.05077
71 85 122.4697
71 86 107.92139
71 87 115.90173
71 88 101.93795
71 89 193.41073
71 90 103.28466
71 91 186.29805
71 92 183.74141
71 93 118.5618
71 94 151.91774
71 95 185.21292
71 96 121.84955
71 97 132.69228
71 98 193.87963
71 99 118.92514
72 73 137.69599
72 74 108.39126
72 75 114.44479
72 76 166.92555
72 77 165.09638
72 78 172.28388
72 79 123.28487
72 80 101.90649
72 81 186.16482
72 82 136.56631
72 83 189.78526
72 84 163.8307
72 85 153.37117
72 86 174.81373
72 87 180.212
72 88 134.31454
72 89 191.67176
72 90 164.9358
72 91 108.91178
72 92 123.58346
72 93 121.58891
72 94 169.57161
72 95 115.53758
72 96 145.15644
72 97 157.91833
72 98 176.71607
72 99 151.28229
73 74 145.63207
73 75 147.77926
73 76 156.11665
73 77 116.48349
73 78 169.3365
73 79 137.80695
73 80 102.90437
73 81 164.30978
73 82 110.02822
73 83 153.80079
73 84 173.6485
73 85 188.65202
73 86 134.90428
73 87 137.2913
73 88 134.03561
73 89 146.59037
73 90 196.33684
73 91 175.65734
73 92 164.47218
73 93 184.84569
73 94 112.32761
73 95 159.84699
73 96 139.59202
73 97 194.39323
73 98 116.86023
73 99 109.93435
74 75 114.61193
74 76 165.6341
74 77 157.55705
74 78 125.04929
74 79 177.41555
74 80 169.33798
74 81 175.95345
74 82 168.30551
74 83 154.8858
74 84 163.0653
74 85 184.16342
74 86 184.45679
74 87 145.77137
74 88 162.81255
74 89 163.90596
74 90 195.53844
74 91 158.12937
74 92 122.81746
74 93 113.02217
74 94 137.50977
74 95 182.24427
74 96 147.92696
74 97 179.11513
74 98 133.40199
74 99 137.40384
75 76 134.32777
75 77 135.54387
75 78 111.0668
75 79 168.3436
75 80 183.17299
75 81 139.31061
75 82 172.14071
75 83 122.58772
75 84 130.45092
75 85 139.84703
75 86 167.46491
75 87 133.03123
75 88 144.97659
75 89 124.65726
75 90 197.70971
75 91 138.59503
75 92 103.09892
75 93 106.27487
75 94 191.09076
75 95 146.42846
75 96 136.71764
75 97 113.05263
75 98 143.83933
75 99 132.26079
76 77 141.03193
76 78 107.06233
76 79 148.08524
76 80 169.75317
76 81 121.4982
76 82 151.58436
76 83 147.19465
76 84 158.44042
76 85 165.89934
76 86 162.5845
76 87 125.28118
76 88 154.09023
76 89 122.34187
76 90 137.42681
76 91 145.44663
76 92 182.28648
76 93 151.8969
76 94 170.51677
76 95 142.0751
76 96 197.4383
76 97 185.4315
76 98 149.66311
76 99 119.16811
77 78 176.85061
77 79 169.24789
77 80 103.71103
77 81 130.83519
77 82 140.43071
77 83 148.24589
77 84 193.981
77 85 127.12045
77 86 121.20549
77 87 145.70802
77 88 172.07872
77 89 176.70202
77 90 169.85333
77 91 181.53032
77 92 198.81152
77 93 187.41687
77 94 190.97779
77 95 198.8609
77 96 151.57863
77 97 196.30886
77 98 109.05368
77 99 154.26826
78 79 159.6087
78 80 153.13516
78 81 192.8674
78 82 185.98628
78 83 144.2457
78 84 192.54352
78 85 115.88425
78 86 183.75856
78 87 159.15351
78 88 191.74104
78 89 168.71057
78 90 143.77486
78 91 191.72123
78 92 169.68846
78 93 194.68502
78 94 193.09568
78 95 135.14537
78 96 155.62592
78 97 121.78429
78 98 166.70989
78 99 182.36182
79 80 100.79583
79 81 113.97228
79 82 138.38708
79 83 177.34998
79 84 124.64654
79 85 113.56817
79 86 138.24918
79 87 188.3643
79 88 151.97321
79 89 181.94157
79 90 129.97613
79 91 194.34264
79 92 103.8751
79 93 166.91204
79 94 152.65369
79 95 179.70127
79 96 138.1563
79 97 142.0753
79 98 173.11172
79 99 166.19001
80 81 150.47883
80 82 124.11859
80 83 162.3407
80 84 160.10982
80 85 186.49326
80 86 104.50747
80 87 127.7555
80 88 115.86958
80 89 136.27709
80 90 174.58873
80 91 199.53104
80 92 141.77593
80 93 103.46098
80 94 142.36643
80 95 158.97552
80 96 171.28981
80 97 150.07168
80 98 163.83556
80 99 148.36469
81 82 164.09016
81 83 114.85333
81 84 100.70929
81 85 161.93924
81 86 118.65853
81 87 193.32914
81 88 119.67406
81 89 165.65749
81 90 116.17992
81 91 127.79852
81 92 150.66774
81 93 195.7548
81 94 192.81182
81 95 148.70845
81 96 109.42143
81 97 153.71655
81 98 167.36382
81 99 150.30831
82 83 160.78814
82 84 182.61494
82 85 178.81742
82 86 170.68931
82 87 139.38791
82 88 144.25848
82 89 107.7933
82 90 151.81108
82 91 116.35015
82 92 184.68525
82 93 166.3815
82 94 159.5647
82 95 135.05927
82 96 139.86338
82 97 106.67208
82 98 155.14121
82 99 180.87777
83 84 123.31612
83 85 123.32826
83 86 141.2459
83 87 138.33267
83 88 114.10307
83 89 114.94953
83 90 172.22829
83 91 165.15122
83 92 157.30342
83 93 169.23019
83 94 151.70852
83 95 156.21063
83 96 138.48353
83 97 148.33675
83 98 122.09509
83 99 131.09514
84 85 169.43168
84 86 162.93216
84 87 123.91041
84 88 108.05309
84 89 196.47249
84 90 131.49214
84 91 194.47921
84 92 103.47709
84 93 162.0899
84 94 109.54013
84 95 108.80598
84 96 113.45093
84 97 153.23339
84 98 111.86818
84 99 169.29611
85 86 120.04641
85 87 152.84453
85 88 172.31305
85 89 112.78219
85 90 197.09514
85 91 184.45858
85 92 108.41569
85 93 115.75356
85 94 142.00392
85 95 122.03391
85 96 183.60869
85 97 133.07762
85 98 116.30442
85 99 164.73315
86 87 111.09312
86 88 178.30732
86 89 198.37463
86 90 149.2551
86 91 195.38678
86 92 177.12222
86 93 147.77204
86 94 170.66916
86 95 124.32466
86 96 135.36676
86 97 135.18606
86 98 142.08093
86 99 132.19564
87 88 191.18947
87 89 114.29304
87 90 142.30157
87 91 105.71493
87 92 189.66277
87 93 136.43755
87 94 128.78449
87 95 199.00791
87 96 196.46605
87 97 182.97095
87 98 169.11
87 99 106.49894
88 89 179.36569
88 90 103.91505
88 91 168.92045
88 92 131.20997
88 93 109.95676
88 94 146.85821
88 95 188.71557
88 96 172.84572
88 97 114.3403
88 98 188.02539
88 99 153.3839
89 90 169.49689
89 91 107.45904
89 92 187.46607
89 93 156.83907
89 94 116.19376
89 95 122.11457
89 96 109.19144
89 97 160.86326
89 98 146.71473
89 99 197.85034
90 91 155.23382
90 92 194.03559
90 93 106.03901
90 94 198.93575
90 95 197.9849
90 96 127.8621
90 97 181.06845
90 98 172.70312
90 99 135.69063
91 92 129.77454
91 93 109.33981
91 94 187.0026
91 95 164.74034
91 96 120.57232
91 97 178.34969
91 98 147.16732
91 99 143.59634
92 93 104.8371
92 94 170.34355
92 95 105.05101
92 96 151.57625
92 97 136.19957
92 98 115.36331
92 99 107.02127
93 94 134.47715
93 95 185.41008
93 96 130.55038
93 97 165.13503
93 98 157.50932
93 99 156.18455
94 95 106.54507
94 96 199.46843
94 97 168.75433
94 98 171.79285
94 99 157.57387
95 96 117.18715
95 97 100.20158
95 98 103.54375
95 99 193.47903
96 97 144.86366
96 98 111.83631
96 99 184.31502
97 98 158.85021
97 99 145.04764
98 99 145.28724
