50 12
0 1 116.66168
0 2 154.83327
0 3 176.34885
0 4 115.81855
0 5 134.28743
0 6 167.25226
0 7 196.09849
0 8 125.70134
0 9 155.30748
0 10 196.0187
0 11 175.93304
0 12 193.59217
0 13 154.63577
0 14 119.48038
0 15 108.35991
0 16 107.0926
0 17 147.52169
0 18 193.08778
0 19 120.25119
0 20 127.96333
0 21 130.36721
0 22 196.6633
0 23 155.25946
0 24 148.26619
0 25 196.79828
0 26 118.01647
0 27 189.32824
0 28 111.91722
0 29 111.02021
0 30 167.20118
0 31 128.48246
0 32 196.49693
0 33 131.53604
0 34 198.78125
0 35 123.32198
0 36 168.73833
0 37 153.12025
0 38 143.5516
0 39 155.66532
0 40 165.02591
0 41 128.79077
0 42 111.7319
0 43 182.59946
0 44 191.50125
0 45 100.79446
0 46 184.60158
0 47 192.58685
0 48 181.25489
0 49 145.42638
1 2 174.04588
1 3 198.26837
1 4 162.50474
1 5 163.18334
1 6 156.45898
1 7 174.8365
1 8 151.54474
1 9 148.93186
1 10 108.67913
1 11 163.45184
1 12 173.01273
1 13 196.65751
1 14 106.1273
1 15 120.86939
1 16 101.25268
1 17 173.14033
1 18 126.53981
1 19 117.44558
1 20 117.95789
1 21 157.04058
1 22 198.13668
1 23 141.43989
1 24 151.20439
1 25 156.03374
1 26 127.99758
1 27 180.23269
1 28 104.60981
1 29 160.7424
1 30 160.46659
1 31 125.5952
1 32 143.15201
1 33 185.65431
1 34 147.55647
1 35 176.54288
1 36 103.07642
1 37 121.83832
1 38 180.39265
1 39 143.26818
1 40 173.59449
1 41 185.4668
1 42 157.6935
1 43 163.1824
1 44 125.47421
1 45 106.86906
1 46 136.29645
1 47 139.60151
1 48 163.63199
1 49 179.21704
2 3 137.40974
2 4 198.72012
2 5 113.84535
2 6 160.57787
2 7 186.75033
2 8 184.45982
2 9 177.85027
2 10 150.72235
2 11 162.24182
2 12 173.9742
2 13 135.546
2 14 170.35874
2 15 187.97031
2 16 182.70114
2 17 194.25711
2 18 182.39673
2 19 135.30488
2 20 101.24011
2 21 174.83165
2 22 126.82967
2 23 196.93163
2 24 155.10379
2 25 164.40125
2 26 118.36582
2 27 156.4891
2 28 146.88952
2 29 108.75611
2 30 140.98758
2 31 148.38412
2 32 173.8227
2 33 133.68784
2 34 176.62498
2 35 168.6103
2 36 119.86134
2 37 136.62611
2 38 194.94859
2 39 183.17722
2 40 179.51502
2 41 131.94533
2 42 162.96616
2 43 149.44482
2 44 107.16795
2 45 101.60269
2 46 168.35681
2 47 164.66972
2 48 101.26044
2 49 173.75696
3 4 191.47007
3 5 100.09172
3 6 175.45849
3 7 136.40233
3 8 194.69727
3 9 168.76773
3 10 102.9726
3 11 173.75652
3 12 123.16139
3 13 159.18225
3 14 172.12103
3 15 173.54261
3 16 140.67665
3 17 133.11963
3 18 176.10853
3 19 142.75001
3 20 183.41849
3 21 167.12419
3 22 187.34042
3 23 112.85818
3 24 121.59691
3 25 157.447
3 26 157.21405
3 27 108.74655
3 28 132.08275
3 29 156.31577
3 30 109.75044
3 31 192.03056
3 32 100.46974
3 33 163.08862
3 34 183.32223
3 35 152.13705
3 36 122.48832
3 37 161.54289
3 38 125.80137
3 39 190.81983
3 40 166.84897
3 41 174.81728
3 42 178.03066
3 43 185.03693
3 44 130.50178
3 45 151.92444
3 46 175.62388
3 47 198.08914
3 48 175.11864
3 49 107.69043
4 5 112.72643
4 6 138.45907
4 7 162.04687
4 8 136.29876
4 9 144.97437
4 10 112.48018
4 11 100.8547
4 12 102.24953
4 13 109.34032
4 14 157.68733
4 15 103.69585
4 16 167.47025
4 17 101.03933
4 18 131.92598
4 19 161.6125
4 20 189.366
4 21 187.61094
4 22 136.87168
4 23 130.99807
4 24 160.24814
4 25 191.6371
4 26 144.79991
4 27 146.88479
4 28 160.18612
4 29 145.95311
4 30 190.23717
4 31 124.66475
4 32 138.64951
4 33 114.36116
4 34 182.60576
4 35 109.1167
4 36 141.1071
4 37 162.51612
4 38 177.65733
4 39 103.65672
4 40 119.06948
4 41 173.34723
4 42 197.17042
4 43 100.84937
4 44 119.64719
4 45 105.60954
4 46 150.59959
4 47 113.31766
4 48 194.63201
4 49 184.89043
5 6 159.93763
5 7 199.00004
5 8 124.7042
5 9 158.33372
5 10 136.95382
5 11 187.52516
5 12 130.7218
5 13 136.54454
5 14 141.3096
5 15 110.82189
5 16 118.09294
5 17 185.85936
5 18 127.30198
5 19 135.75126
5 20 133.17791
5 21 123.29182
5 22 136.24692
5 23 161.2748
5 24 118.76725
5 25 123.93065
5 26 132.80864
5 27 132.81791
5 28 128.61573
5 29 168.17611
5 30 151.89405
5 31 169.67527
5 32 176.45319
5 33 185.34366
5 34 108.85555
5 35 198.00071
5 36 191.4821
5 37 190.94297
5 38 198.41375
5 39 174.96482
5 40 108.55732
5 41 182.24753
5 42 113.42032
5 43 163.45549
5 44 149.76836
5 45 126.74953
5 46 151.5706
5 47 182.33097
5 48 101.8582
5 49 126.9575
6 7 191.04596
6 8 101.64908
6 9 110.8777
6 10 164.79417
6 11 109.69194
6 12 189.49814
6 13 133.96334
6 14 194.61089
6 15 122.54066
6 16 138.19278
6 17 197.44467
6 18 156.76763
6 19 193.14613
6 20 114.4493
6 21 164.33607
6 22 100.67307
6 23 195.39217
6 24 121.41246
6 25 107.96827
6 26 185.95577
6 27 105.5857
6 28 154.49771
6 29 189.41629
6 30 169.20432
6 31 182.44395
6 32 191.60147
6 33 192.85946
6 34 176.50971
6 35 176.95006
6 36 105.72836
6 37 104.51449
6 38 160.15671
6 39 115.88126
6 40 105.24446
6 41 115.07562
6 42 181.18297
6 43 126.90837
6 44 168.10951
6 45 109.14244
6 46 128.22009
6 47 103.49261
6 48 118.17662
6 49 119.32812
7 8 110.99979
7 9 176.93051
7 10 149.74082
7 11 183.8463
7 12 181.29924
7 13 115.82506
7 14 185.31643
7 15 179.04357
7 16 184.19455
7 17 194.43996
7 18 196.47696
7 19 165.24132
7 20 168.75865
7 21 104.15281
7 22 139.80939
7 23 118.04812
7 24 103.35813
7 25 166.38369
7 26 194.33476
7 27 190.558
7 28 183.12737
7 29 199.19403
7 30 170.61416
7 31 131.67417
7 32 117.10992
7 33 192.0738
7 34 188.82337
7 35 119.86759
7 36 135.14378
7 37 149.24729
7 38 103.77202
7 39 111.51976
7 40 114.5809
7 41 140.63041
7 42 123.49152
7 43 110.29509
7 44 120.1885
7 45 173.26123
7 46 159.82841
7 47 168.58986
7 48 135.25448
7 49 162.43651
8 9 170.93636
8 10 160.42899
8 11 142.87756
8 12 104.24526
8 13 133.0497
8 14 144.09514
8 15 115.24814
8 16 173.87122
8 17 155.91962
8 18 112.21793
8 19 169.79011
8 20 121.57199
8 21 102.6545
8 22 176.09285
8 23 156.52918
8 24 141.77873
8 25 173.43644
8 26 103.03122
8 27 122.05837
8 28 163.89413
8 29 155.29928
8 30 108.38117
8 31 113.71977
8 32 196.75962
8 33 157.04989
8 34 111.65745
8 35 197.30733
8 36 118.13497
8 37 159.96806
8 38 193.80297
8 39 113.25649
8 40 126.7984
8 41 185.94608
8 42 110.34654
8 43 128.05266
8 44 155.26792
8 45 171.34161
8 46 192.09175
8 47 156.19815
8 48 116.17398
8 49 198.04767
9 10 125.86822
9 11 170.30688
9 12 163.34615
9 13 123.75712
9 14 139.09435
9 15 140.85351
9 16 145.01571
9 17 105.03594
9 18 132.54794
9 19 146.57883
9 20 100.90627
9 21 118.90488
9 22 125.90158
9 23 124.35701
9 24 119.31339
9 25 191.6711
9 26 128.28727
9 27 157.80808
9 28 133.45153
9 29 151.67385
9 30 124.4843
9 31 179.01203
9 32 185.29153
9 33 182.75916
9 34 131.53109
9 35 113.02093
9 36 120.09346
9 37 183.10338
9 38 192.20602
9 39 163.70583
9 40 174.33364
9 41 190.29378
9 42 143.73701
9 43 178.15448
9 44 171.19222
9 45 169.75032
9 46 155.26048
9 47 146.48331
9 48 103.67182
9 49 149.06458
10 11 187.13149
10 12 106.11205
10 13 130.98633
10 14 138.10631
10 15 145.36467
10 16 189.15925
10 17 152.23905
10 18 166.09616
10 19 124.00852
10 20 105.40105
10 21 117.72661
10 22 127.26062
10 23 122.69593
10 24 132.62089
10 25 139.13363
10 26 118.96235
10 27 149.42505
10 28 121.18836
10 29 188.55977
10 30 177.05974
10 31 100.84208
10 32 184.6761
10 33 185.98861
10 34 156.28426
10 35 157.59725
10 36 163.70063
10 37 195.54867
10 38 173.87995
10 39 197.60315
10 40 183.51023
10 41 143.15869
10 42 131.61363
10 43 167.3735
10 44 151.69391
10 45 108.98376
10 46 154.46603
10 47 187.7497
10 48 192.65799
10 49 175.74723
11 12 164.47425
11 13 168.28602
11 14 107.51921
11 15 124.5878
11 16 107.83339
11 17 123.06539
11 18 137.02712
11 19 102.71286
11 20 104.75401
11 21 194.44944
11 22 186.6465
11 23 106.08695
11 24 194.29351
11 25 175.5212
11 26 186.65775
11 27 145.58689
11 28 118.36393
11 29 126.1811
11 30 135.90507
11 31 113.44876
11 32 121.29696
11 33 139.07762
11 34 117.53946
11 35 194.1044
11 36 161.37633
11 37 174.72946
11 38 151.8773
11 39 128.96678
11 40 132.65621
11 41 188.92849
11 42 163.31729
11 43 180.63666
11 44 107.0621
11 45 102.81829
11 46 158.1238
11 47 169.09415
11 48 131.60957
11 49 167.97288
12 13 123.05236
12 14 162.47376
12 15 161.17099
12 16 120.26364
12 17 124.72787
12 18 151.06521
12 19 175.68952
12 20 191.87717
12 21 126.66335
12 22 138.02587
12 23 176.40968
12 24 116.49514
12 25 176.83162
12 26 158.01017
12 27 108.22269
12 28 150.12339
12 29 103.05534
12 30 186.29471
12 31 121.51084
12 32 133.57709
12 33 198.79435
12 34 157.78198
12 35 161.1723
12 36 170.5272
12 37 132.41006
12 38 194.37374
12 39 117.91067
12 40 198.43325
12 41 160.12406
12 42 125.5614
12 43 189.55725
12 44 144.75695
12 45 158.12704
12 46 193.95059
12 47 116.55447
12 48 190.15222
12 49 150.70122
13 14 159.04602
13 15 171.79847
13 16 192.23492
13 17 179.58391
13 18 155.11314
13 19 135.26511
13 20 192.09597
13 21 177.15657
13 22 199.80814
13 23 143.53724
13 24 196.28909
13 25 170.5105
13 26 136.17224
13 27 109.29462
13 28 186.88527
13 29 113.1773
13 30 182.03088
13 31 179.01485
13 32 145.22128
13 33 152.79447
13 34 162.08767
13 35 184.94464
13 36 199.21443
13 37 161.32363
13 38 143.2963
13 39 191.16459
13 40 140.31806
13 41 142.04661
13 42 109.83112
13 43 156.71413
13 44 193.91336
13 45 151.18955
13 46 124.46022
13 47 139.15176
13 48 174.56886
13 49 165.51617
14 15 115.31697
14 16 173.95079
14 17 160.27621
14 18 120.16238
14 19 127.77503
14 20 157.39657
14 21 157.88656
14 22 110.28866
14 23 127.10925
14 24 175.87602
14 25 164.2185
14 26 181.00285
14 27 176.28444
14 28 157.59413
14 29 171.13721
14 30 140.74256
14 31 151.3111
14 32 140.36505
14 33 183.36554
14 34 125.51478
14 35 169.78727
14 36 117.35152
14 37 132.80774
14 38 172.79891
14 39 127.23115
14 40 156.6975
14 41 177.80392
14 42 103.03203
14 43 132.92343
14 44 166.68422
14 45 159.38388
14 46 163.55025
14 47 181.90159
14 48 123.8043
14 49 161.88398
15 16 184.78013
15 17 198.99297
15 18 172.94678
15 19 179.50266
15 20 153.52934
15 21 195.33278
15 22 130.26588
15 23 194.60068
15 24 180.42188
15 25 195.23095
15 26 154.95643
15 27 192.60591
15 28 190.06847
15 29 151.5318
15 30 127.2858
15 31 111.90974
15 32 150.40575
15 33 167.2622
15 34 181.99528
15 35 162.14732
15 36 159.20355
15 37 193.01396
15 38 155.93653
15 39 127.035
15 40 122.13145
15 41 100.08376
15 42 165.76859
15 43 194.39125
15 44 153.90067
15 45 114.68654
15 46 119.14776
15 47 130.42682
15 48 185.33411
15 49 190.59853
16 17 148.68092
16 18 160.92267
16 19 131.1629
16 20 181.20024
16 21 132.63351
16 22 119.79777
16 23 141.94455
16 24 109.5726
16 25 144.68231
16 26 164.01477
16 27 127.23116
16 28 124.65927
16 29 199.01525
16 30 187.94787
16 31 182.30735
16 32 173.88723
16 33 157.28444
16 34 104.25309
16 35 154.32824
16 36 140.88636
16 37 174.68272
16 38 182.76125
16 39 183.45301
16 40 199.81886
16 41 180.72529
16 42 109.27743
16 43 196.0502
16 44 110.87563
16 45 141.61858
16 46 118.73165
16 47 187.32551
16 48 133.29737
16 49 154.05495
17 18 171.21595
17 19 174.23292
17 20 151.59106
17 21 107.77034
17 22 192.81319
17 23 102.04348
17 24 172.5066
17 25 184.26102
17 26 136.88305
17 27 103.12357
17 28 172.68934
17 29 172.25261
17 30 100.58014
17 31 102.76216
17 32 165.76986
17 33 147.3386
17 34 172.5901
17 35 135.83145
17 36 145.51321
17 37 119.76723
17 38 148.8038
17 39 143.80581
17 40 194.37272
17 41 110.05247
17 42 124.17531
17 43 167.78091
17 44 175.59533
17 45 152.77699
17 46 188.91786
17 47 123.68189
17 48 118.2819
17 49 140.11074
18 19 161.85676
18 20 142.74905
18 21 160.99703
18 22 155.1401
18 23 174.67935
18 24 191.8481
18 25 125.6513
18 26 133.04152
18 27 116.64981
18 28 198.62089
18 29 194.5648
18 30 140.87375
18 31 197.37431
18 32 199.6521
18 33 191.20524
18 34 103.56713
18 35 128.13472
18 36 183.36112
18 37 135.31436
18 38 103.26399
18 39 198.57132
18 40 111.03593
18 41 171.69487
18 42 137.14519
18 43 106.56582
18 44 141.36273
18 45 184.12826
18 46 170.76618
18 47 186.03294
18 48 142.33596
18 49 101.12966
19 20 171.22298
19 21 175.81198
19 22 126.43077
19 23 175.13028
19 24 153.40226
19 25 149.56061
19 26 184.40211
19 27 164.40523
19 28 116.51353
19 29 104.3556
19 30 141.92744
19 31 181.48431
19 32 104.94837
19 33 197.17862
19 34 125.21614
19 35 157.31637
19 36 164.36624
19 37 190.2365
19 38 170.04966
19 39 100.14479
19 40 108.91594
19 41 197.82779
19 42 137.53645
19 43 115.51383
19 44 171.51196
19 45 173.86751
19 46 186.58113
19 47 111.53307
19 48 119.554
19 49 181.84377
20 21 174.11799
20 22 164.28728
20 23 197.03159
20 24 115.76642
20 25 100.68502
20 26 168.48375
20 27 161.43633
20 28 181.80364
20 29 185.28065
20 30 186.28584
20 31 164.28873
20 32 185.76413
20 33 138.7865
20 34 137.44523
20 35 180.57151
20 36 117.0789
20 37 167.61343
20 38 113.19634
20 39 194.58804
20 40 146.49557
20 41 196.02491
20 42 149.72256
20 43 122.13799
20 44 171.04968
20 45 151.861
20 46 129.21755
20 47 190.65277
20 48 164.13849
20 49 158.45208
21 22 161.79094
21 23 185.37197
21 24 125.04659
21 25 190.83128
21 26 188.93432
21 27 158.74447
21 28 147.86509
21 29 112.73075
21 30 108.31187
21 31 161.9559
21 32 194.80328
21 33 168.40496
21 34 170.53902
21 35 104.91148
21 36 177.96302
21 37 151.79146
21 38 178.74174
21 39 163.41521
21 40 181.1487
21 41 145.65494
21 42 171.75034
21 43 120.60101
21 44 120.32427
21 45 135.81973
21 46 102.17527
21 47 164.622
21 48 125.14327
21 49 159.86932
22 23 126.27507
22 24 183.24672
22 25 189.38378
22 26 197.90831
22 27 122.06637
22 28 169.99274
22 29 174.92503
22 30 105.85601
22 31 180.34399
22 32 150.83581
22 33 133.09192
22 34 117.97417
22 35 102.28405
22 36 129.92208
22 37 136.49203
22 38 195.42212
22 39 100.52721
22 40 128.08314
22 41 164.3413
22 42 183.09433
22 43 116.88856
22 44 137.20712
22 45 155.72581
22 46 186.07725
22 47 127.82782
22 48 173.1382
22 49 179.06777
23 24 138.19832
23 25 108.95464
23 26 123.75175
23 27 110.17434
23 28 109.0554
23 29 173.27405
23 30 156.81837
23 31 116.09298
23 32 129.31164
23 33 119.60744
23 34 168.39879
23 35 187.94701
23 36 125.92283
23 37 198.93176
23 38 116.34368
23 39 133.82642
23 40 150.52628
23 41 153.57795
23 42 148.99975
23 43 184.21811
23 44 175.72205
23 45 136.6889
23 46 185.41382
23 47 101.20681
23 48 186.63208
23 49 135.03564
24 25 195.46207
24 26 112.17997
24 27 165.33772
24 28 113.53223
24 29 140.66668
24 30 135.76763
24 31 114.34387
24 32 174.27937
24 33 102.02921
24 34 114.73487
24 35 188.98116
24 36 184.71924
24 37 100.70202
24 38 110.05041
24 39 180.69347
24 40 174.06773
24 41 144.5665
24 42 139.45581
24 43 113.5638
24 44 148.92129
24 45 141.89365
24 46 171.57784
24 47 121.31454
24 48 145.43707
24 49 171.3393
25 26 140.40122
25 27 148.06036
25 28 173.01843
25 29 104.80569
25 30 128.48015
25 31 129.66495
25 32 117.19548
25 33 159.11402
25 34 135.46417
25 35 120.31081
25 36 154.82968
25 37 127.95186
25 38 193.7928
25 39 175.70588
25 40 171.16304
25 41 120.56996
25 42 104.77135
25 43 121.11734
25 44 164.08208
25 45 142.9389
25 46 104.86903
25 47 154.25989
25 48 137.07613
25 49 151.26463
26 27 111.01007
26 28 120.73032
26 29 110.41941
26 30 177.3027
26 31 127.2828
26 32 108.32137
26 33 137.45826
26 34 197.37296
26 35 148.70412
26 36 112.88353
26 37 184.33421
26 38 152.21711
26 39 114.88773
26 40 114.44979
26 41 175.94673
26 42 116.25989
26 43 196.3984
26 44 189.702
26 45 111.65771
26 46 145.48864
26 47 127.58204
26 48 186.24512
26 49 133.79635
27 28 139.79699
27 29 180.2069
27 30 195.90537
27 31 118.77105
27 32 107.579
27 33 131.95793
27 34 158.67052
27 35 144.67543
27 36 122.25463
27 37 175.60614
27 38 143.15833
27 39 167.4103
27 40 159.36434
27 41 161.96886
27 42 151.1454
27 43 180.20947
27 44 183.63343
27 45 183.53975
27 46 104.44727
27 47 162.25042
27 48 161.02054
27 49 102.91351
28 29 108.15043
28 30 191.51497
28 31 104.07544
28 32 141.0305
28 33 110.82519
28 34 126.97881
28 35 149.46684
28 36 188.83892
28 37 166.06028
28 38 156.57326
28 39 154.04857
28 40 190.14087
28 41 168.15063
28 42 118.17337
28 43 191.43803
28 44 134.13836
28 45 106.80159
28 46 166.27786
28 47 145.85659
28 48 152.15494
28 49 197.58648
29 30 109.59984
29 31 192.10526
29 32 176.64528
29 33 191.02429
29 34 142.39468
29 35 117.13116
29 36 141.78017
29 37 179.8685
29 38 195.65734
29 39 186.74099
29 40 171.63552
29 41 108.11634
29 42 191.5976
29 43 137.1825
29 44 161.72014
29 45 193.56936
29 46 173.72285
29 47 156.11313
29 48 127.48294
29 49 186.18614
30 31 182.97103
30 32 145.38563
30 33 107.96915
30 34 175.53464
30 35 175.20756
30 36 128.45774
30 37 179.99389
30 38 131.03485
30 39 172.90051
30 40 146.67383
30 41 150.41424
30 42 151.64217
30 43 194.36117
30 44 178.3081
30 45 151.06684
30 46 112.91389
30 47 140.6646
30 48 184.10898
30 49 103.59825
31 32 184.58348
31 33 132.54004
31 34 115.80461
31 35 174.67491
31 36 164.03498
31 37 177.5673
31 38 118.33784
31 39 174.13407
31 40 154.06535
31 41 199.20233
31 42 138.96601
31 43 188.21231
31 44 117.89932
31 45 103.02877
31 46 116.96889
31 47 101.71314
31 48 111.91835
31 49 105.34143
32 33 180.74726
32 34 166.98254
32 35 165.25173
32 36 133.65101
32 37 174.59695
32 38 144.9629
32 39 107.94407
32 40 194.34096
32 41 172.38971
32 42 145.66311
32 43 146.54944
32 44 153.38495
32 45 153.20123
32 46 139.0225
32 47 101.32232
32 48 188.97323
32 49 156.97512
33 34 121.53991
33 35 166.27185
33 36 177.94142
33 37 168.9286
33 38 191.7904
33 39 162.98681
33 40 165.24897
33 41 193.09876
33 42 170.48193
33 43 109.19521
33 44 123.92155
33 45 129.76766
33 46 131.31853
33 47 181.64376
33 48 104.35424
33 49 141.20326
34 35 154.05383
34 36 140.33464
34 37 124.65019
34 38 185.12865
34 39 199.12974
34 40 102.99614
34 41 175.6091
34 42 188.40888
34 43 170.54933
34 44 120.89267
34 45 165.94271
34 46 178.69356
34 47 185.75594
34 48 108.58453
34 49 186.6757
35 36 187.82965
35 37 187.26869
35 38 109.29115
35 39 108.47069
35 40 170.0952
35 41 145.10028
35 42 172.237
35 43 169.27546
35 44 115.33612
35 45 114.93988
35 46 165.87192
35 47 126.27103
35 48 159.07397
35 49 197.80482
36 37 132.40621
36 38 133.13789
36 39 192.16808
36 40 147.07394
36 41 145.88189
36 42 177.06892
36 43 110.25088
36 44 132.72811
36 45 132.9873
36 46 150.56932
36 47 118.70149
36 48 186.21965
36 49 133.51736
37 38 110.92641
37 39 155.84548
37 40 137.8076
37 41 195.06005
37 42 153.59436
37 43 173.39611
37 44 195.84486
37 45 128.34786
37 46 182.90967
37 47 146.53581
37 48 194.94531
37 49 155.28446
38 39 128.29228
38 40 164.00491
38 41 103.11685
38 42 188.18918
38 43 130.92746
38 44 123.35891
38 45 105.42316
38 46 151.4358
38 47 115.20173
38 48 120.84697
38 49 145.96129
39 40 101.20393
39 41 162.81226
39 42 143.18615
39 43 198.74758
39 44 147.33214
39 45 167.47564
39 46 112.66928
39 47 183.67347
39 48 116.77543
39 49 188.8611
40 41 106.54506
40 42 193.00955
40 43 197.67574
40 44 117.42748
40 45 162.86334
40 46 120.04549
40 47 130.88844
40 48 156.04069
40 49 161.20669
41 42 114.98966
41 43 163.22626
41 44 113.9765
41 45 159.47325
41 46 164.38699
41 47 188.35243
41 48 101.55551
41 49 184.57386
42 43 169.15051
42 44 161.79927
42 45 170.33257
42 46 194.48072
42 47 120.04278
42 48 124.7843
42 49 129.68473
43 44 112.02531
43 45 190.64763
43 46 198.61854
43 47 172.90585
43 48 153.07024
43 49 170.11325
44 45 192.60902
44 46 149.27056
44 47 163.25035
44 48 130.0628
44 49 160.56672
45 46 158.46411
45 47 141.00829
45 48 106.51346
45 49 198.50982
46 47 101.56029
46 48 120.00434
46 49 150.994
47 48 150.43073
47 49 109.58082
48 49 132.25342
