50 5
0 1 178.31711
0 2 118.12277
0 3 118.42099
0 4 149.60351
0 5 108.92533
0 6 168.06385
0 7 113.82873
0 8 116.75416
0 9 152.27662
0 10 108.37298
0 11 176.92807
0 12 148.83335
0 13 142.07653
0 14 102.32804
0 15 168.53783
0 16 179.57064
0 17 125.60258
0 18 120.66856
0 19 170.81918
0 20 135.82554
0 21 173.16214
0 22 139.76011
0 23 194.93565
0 24 173.83805
0 25 114.3906
0 26 148.88218
0 27 148.22714
0 28 165.15871
0 29 122.92575
0 30 132.22312
0 31 126.62137
0 32 116.7733
0 33 158.50414
0 34 125.53948
0 35 102.9731
0 36 104.04943
0 37 161.83308
0 38 154.71865
0 39 157.09809
0 40 173.53491
0 41 121.84717
0 42 158.05221
0 43 133.19763
0 44 136.75341
0 45 199.4566
0 46 189.28643
0 47 172.2585
0 48 166.27031
0 49 180.52228
1 2 122.45957
1 3 132.67567
1 4 126.13961
1 5 102.19364
1 6 142.34453
1 7 133.63619
1 8 193.64592
1 9 172.70619
1 10 194.5422
1 11 112.91137
1 12 139.35826
1 13 161.27014
1 14 181.66378
1 15 169.41833
1 16 144.57411
1 17 138.19735
1 18 138.42577
1 19 124.78344
1 20 157.29419
1 21 129.73519
1 22 117.06648
1 23 120.13087
1 24 184.73997
1 25 176.02303
1 26 157.93549
1 27 104.49171
1 28 143.49301
1 29 129.46078
1 30 105.96697
1 31 100.69384
1 32 133.94341
1 33 150.72136
1 34 152.07792
1 35 143.77607
1 36 101.64412
1 37 136.19948
1 38 164.92824
1 39 143.04007
1 40 106.8119
1 41 150.4709
1 42 112.827
1 43 126.65235
1 44 134.79557
1 45 183.61064
1 46 169.79478
1 47 191.56045
1 48 164.98315
1 49 198.72967
2 3 165.47573
2 4 111.98562
2 5 117.62498
2 6 119.53004
2 7 168.51494
2 8 143.34087
2 9 178.16414
2 10 188.80407
2 11 179.79015
2 12 100.61023
2 13 121.76994
2 14 127.43317
2 15 185.81999
2 16 175.1054
2 17 165.03088
2 18 152.6626
2 19 106.19
2 20 128.961
2 21 179.22814
2 22 137.51683
2 23 182.05083
2 24 140.2382
2 25 156.75707
2 26 158.8564
2 27 142.658
2 28 174.36585
2 29 198.86642
2 30 187.87522
2 31 150.17967
2 32 158.74925
2 33 102.3756
2 34 129.11332
2 35 171.24806
2 36 109.3122
2 37 171.60908
2 38 133.39522
2 39 143.23078
2 40 107.63769
2 41 178.0046
2 42 176.86768
2 43 144.31027
2 44 142.72975
2 45 120.65145
2 46 187.32906
2 47 120.52133
2 48 142.38884
2 49 134.62602
3 4 113.66017
3 5 198.73635
3 6 177.83005
3 7 177.17235
3 8 107.66313
3 9 119.14156
3 10 131.45619
3 11 170.92495
3 12 190.21904
3 13 181.30298
3 14 167.81965
3 15 191.29833
3 16 112.79671
3 17 159.27678
3 18 107.07169
3 19 156.69143
3 20 185.97383
3 21 189.8457
3 22 148.96709
3 23 107.92137
3 24 125.53027
3 25 167.20496
3 26 147.42577
3 27 155.37431
3 28 141.3849
3 29 152.80753
3 30 189.38794
3 31 190.73154
3 32 111.79439
3 33 148.41662
3 34 165.91517
3 35 141.57086
3 36 104.85006
3 37 104.0153
3 38 175.44184
3 39 132.41746
3 40 198.03002
3 41 102.67834
3 42 135.70797
3 43 123.06773
3 44 116.44206
3 45 172.85633
3 46 119.06183
3 47 143.00942
3 48 182.46655
3 49 183.86649
4 5 178.56261
4 6 162.36993
4 7 121.82904
4 8 125.6202
4 9 135.17573
4 10 112.51291
4 11 157.86222
4 12 115.07987
4 13 149.95656
4 14 199.24955
4 15 151.90353
4 16 125.57349
4 17 199.78007
4 18 194.35412
4 19 106.38142
4 20 120.07575
4 21 118.25279
4 22 147.62915
4 23 197.44656
4 24 176.73441
4 25 123.99555
4 26 197.08581
4 27 145.46491
4 28 124.01708
4 29 188.26639
4 30 180.04975
4 31 101.70097
4 32 119.18429
4 33 194.37689
4 34 119.14709
4 35 143.1076
4 36 158.60115
4 37 151.64116
4 38 154.16045
4 39 182.61279
4 40 198.0745
4 41 176.20877
4 42 146.33597
4 43 154.13872
4 44 147.10366
4 45 154.61993
4 46 198.06681
4 47 100.09606
4 48 153.22114
4 49 116.60512
5 6 166.38075
5 7 150.68776
5 8 142.66079
5 9 196.78969
5 10 159.27774
5 11 132.48779
5 12 198.66195
5 13 102.49572
5 14 168.04415
5 15 124.52904
5 16 189.41273
5 17 143.22567
5 18 105.3352
5 19 150.55965
5 20 160.72663
5 21 194.34714
5 22 127.63646
5 23 164.91062
5 24 175.35455
5 25 131.22814
5 26 136.41679
5 27 183.405
5 28 115.25172
5 29 103.41324
5 30 153.2491
5 31 110.67202
5 32 176.35913
5 33 188.14449
5 34 195.23709
5 35 122.12006
5 36 180.61235
5 37 192.40655
5 38 199.82625
5 39 144.73048
5 40 119.50068
5 41 127.47094
5 42 117.4625
5 43 198.64788
5 44 157.68837
5 45 116.50112
5 46 186.18816
5 47 111.83743
5 48 164.03009
5 49 133.74956
6 7 117.50898
6 8 123.95851
6 9 145.0032
6 10 121.9055
6 11 165.88313
6 12 164.98412
6 13 117.55794
6 14 142.15878
6 15 170.52374
6 16 124.9286
6 17 139.92017
6 18 149.3116
6 19 146.70402
6 20 103.87217
6 21 165.3565
6 22 189.08613
6 23 155.55113
6 24 117.63941
6 25 167.77075
6 26 156.52312
6 27 152.49935
6 28 132.09023
6 29 183.4394
6 30 116.18814
6 31 181.82853
6 32 177.57625
6 33 127.69024
6 34 184.89705
6 35 112.79304
6 36 103.61732
6 37 111.92201
6 38 118.65127
6 39 133.54732
6 40 131.25901
6 41 135.34495
6 42 118.15374
6 43 180.50283
6 44 186.69549
6 45 141.88224
6 46 101.62832
6 47 182.94513
6 48 104.47573
6 49 101.07333
7 8 158.66088
7 9 186.01438
7 10 172.99024
7 11 128.22872
7 12 165.32288
7 13 158.50502
7 14 151.55408
7 15 128.89611
7 16 148.57813
7 17 149.79084
7 18 117.18743
7 19 155.78169
7 20 164.76709
7 21 100.82118
7 22 184.28991
7 23 179.58354
7 24 101.12228
7 25 101.52952
7 26 136.9869
7 27 153.90071
7 28 176.5166
7 29 117.758
7 30 105.84476
7 31 169.31704
7 32 142.61269
7 33 138.63219
7 34 173.1166
7 35 199.07031
7 36 183.81379
7 37 193.92083
7 38 147.30026
7 39 106.31975
7 40 171.41805
7 41 128.03411
7 42 160.329
7 43 133.43744
7 44 161.71585
7 45 165.16884
7 46 166.49899
7 47 174.76984
7 48 198.71365
7 49 117.54528
8 9 147.22508
8 10 133.48503
8 11 186.55109
8 12 121.49889
8 13 199.43754
8 14 121.87988
8 15 153.77206
8 16 141.52258
8 17 141.50997
8 18 118.08653
8 19 138.61219
8 20 143.42105
8 21 117.12957
8 22 146.29542
8 23 195.58441
8 24 113.52197
8 25 144.93328
8 26 136.44875
8 27 113.53909
8 28 100.04003
8 29 159.25365
8 30 190.37843
8 31 191.44991
8 32 101.62604
8 33 172.87709
8 34 132.08092
8 35 197.74702
8 36 103.42436
8 37 183.18526
8 38 153.48819
8 39 124.73738
8 40 104.38924
8 41 183.94333
8 42 120.66976
8 43 151.51126
8 44 105.67554
8 45 116.37174
8 46 168.87782
8 47 120.96183
8 48 130.23323
8 49 184.92622
9 10 102.98195
9 11 123.70283
9 12 159.48468
9 13 112.17648
9 14 149.26817
9 15 112.63917
9 16 145.10453
9 17 195.94606
9 18 156.57774
9 19 153.26043
9 20 141.40457
9 21 188.02407
9 22 197.46103
9 23 161.52636
9 24 152.83427
9 25 174.09654
9 26 122.49303
9 27 127.58067
9 28 106.03642
9 29 165.55618
9 30 155.30625
9 31 166.09321
9 32 189.65485
9 33 149.4378
9 34 191.60591
9 35 160.32085
9 36 144.88636
9 37 179.4504
9 38 183.55629
9 39 185.5459
9 40 123.2935
9 41 116.6475
9 42 160.36176
9 43 160.19956
9 44 140.39778
9 45 140.39978
9 46 178.07698
9 47 120.97529
9 48 101.36636
9 49 100.09819
10 11 139.61941
10 12 172.06288
10 13 160.14584
10 14 127.84037
10 15 175.50225
10 16 191.4832
10 17 137.6595
10 18 161.82736
10 19 187.12946
10 20 151.06684
10 21 193.20724
10 22 138.0606
10 23 179.82752
10 24 166.80469
10 25 116.46807
10 26 102.06399
10 27 183.52824
10 28 194.24128
10 29 128.8825
10 30 168.48976
10 31 198.24983
10 32 142.86376
10 33 103.14966
10 34 123.02259
10 35 182.35101
10 36 183.61744
10 37 158.88528
10 38 127.08919
10 39 170.60172
10 40 127.93422
10 41 101.15637
10 42 133.3315
10 43 180.4954
10 44 170.38187
10 45 131.50818
10 46 127.47328
10 47 129.93209
10 48 151.60848
10 49 187.57114
11 12 119.4675
11 13 133.21634
11 14 172.87106
11 15 109.37724
11 16 137.79013
11 17 178.02749
11 18 103.37989
11 19 136.99733
11 20 149.12795
11 21 197.26767
11 22 199.77708
11 23 102.3016
11 24 148.39112
11 25 182.18733
11 26 137.88945
11 27 181.49747
11 28 174.56457
11 29 182.58231
11 30 185.73406
11 31 143.81559
11 32 180.79962
11 33 173.84809
11 34 136.73421
11 35 137.33669
11 36 183.95715
11 37 102.71481
11 38 140.21149
11 39 185.87193
11 40 192.60316
11 41 153.44366
11 42 184.67697
11 43 119.49361
11 44 111.51363
11 45 125.93457
11 46 149.25327
11 47 154.36002
11 48 155.07878
11 49 174.11935
12 13 145.87413
12 14 114.29576
12 15 113.56691
12 16 130.25711
12 17 186.84585
12 18 197.26876
12 19 174.09243
12 20 182.45892
12 21 194.40827
12 22 114.62217
12 23 150.05929
12 24 151.0876
12 25 158.55959
12 26 131.96537
12 27 129.21804
12 28 123.41039
12 29 154.38709
12 30 155.85462
12 31 194.7515
12 32 161.02314
12 33 118.56158
12 34 104.22959
12 35 144.93924
12 36 166.48844
12 37 177.39145
12 38 146.11013
12 39 110.98035
12 40 110.3414
12 41 195.79304
12 42 119.34182
12 43 161.06989
12 44 103.86549
12 45 159.72117
12 46 137.41026
12 47 107.78672
12 48 103.26663
12 49 126.84986
13 14 157.95609
13 15 133.23829
13 16 110.20492
13 17 168.87055
13 18 120.35942
13 19 178.8376
13 20 167.49474
13 21 131.27425
13 22 193.06188
13 23 109.2505
13 24 117.01538
13 25 103.82229
13 26 120.39303
13 27 132.25761
13 28 140.90946
13 29 197.47657
13 30 154.39737
13 31 117.11719
13 32 142.98568
13 33 111.03803
13 34 185.49994
13 35 131.26077
13 36 178.95513
13 37 178.19356
13 38 149.04467
13 39 141.48186
13 40 170.10768
13 41 168.80956
13 42 136.55835
13 43 199.10118
13 44 171.79592
13 45 119.26298
13 46 180.23619
13 47 160.24258
13 48 114.30514
13 49 121.27906
14 15 110.34408
14 16 116.13365
14 17 158.66883
14 18 127.70047
14 19 191.1128
14 20 165.77612
14 21 120.46982
14 22 152.54613
14 23 186.19909
14 24 186.32609
14 25 113.41107
14 26 106.19009
14 27 131.66535
14 28 111.56344
14 29 126.38963
14 30 157.57278
14 31 118.29143
14 32 138.0795
14 33 180.06712
14 34 108.24614
14 35 142.8906
14 36 152.01392
14 37 191.25002
14 38 136.78074
14 39 140.97001
14 40 137.22308
14 41 164.58196
14 42 182.49737
14 43 138.14706
14 44 165.98505
14 45 134.85263
14 46 143.81601
14 47 196.52498
14 48 147.39175
14 49 102.32844
15 16 177.84824
15 17 101.39619
15 18 104.73388
15 19 102.14695
15 20 145.95653
15 21 111.27544
15 22 190.3282
15 23 173.0845
15 24 130.57126
15 25 100.04568
15 26 148.71887
15 27 115.3716
15 28 170.91826
15 29 124.64937
15 30 188.48277
15 31 113.52771
15 32 144.38231
15 33 116.97396
15 34 116.91596
15 35 121.49633
15 36 190.96967
15 37 105.54529
15 38 190.15834
15 39 115.20514
15 40 190.07495
15 41 190.0294
15 42 113.1189
15 43 186.64253
15 44 198.24169
15 45 199.17241
15 46 132.08626
15 47 158.3113
15 48 135.49366
15 49 189.06137
16 17 149.27686
16 18 117.33066
16 19 106.75953
16 20 150.82231
16 21 199.04359
16 22 114.08442
16 23 170.87198
16 24 107.96754
16 25 113.0729
16 26 128.16366
16 27 100.73453
16 28 114.80228
16 29 133.96797
16 30 147.6543
16 31 192.23902
16 32 123.03417
16 33 135.44059
16 34 177.07448
16 35 181.12673
16 36 143.34353
16 37 194.39817
16 38 123.81752
16 39 180.41722
16 40 162.86976
16 41 148.02902
16 42 133.29127
16 43 173.57033
16 44 124.78027
16 45 110.91512
16 46 156.62453
16 47 114.65709
16 48 154.97271
16 49 144.3173
17 18 145.27263
17 19 109.99757
17 20 131.34154
17 21 101.74298
17 22 177.94712
17 23 176.07294
17 24 145.80042
17 25 110.04635
17 26 171.92837
17 27 142.62194
17 28 118.1725
17 29 121.73772
17 30 190.059
17 31 121.91722
17 32 131.73448
17 33 199.02362
17 34 174.28158
17 35 183.67946
17 36 159.8798
17 37 153.72195
17 38 103.26894
17 39 153.22934
17 40 149.89849
17 41 159.81294
17 42 189.77478
17 43 135.06926
17 44 179.13426
17 45 109.27506
17 46 160.44385
17 47 159.50561
17 48 186.0657
17 49 146.05724
18 19 175.16556
18 20 116.60688
18 21 122.01474
18 22 165.7249
18 23 166.91522
18 24 165.61119
18 25 107.53316
18 26 138.84396
18 27 173.05201
18 28 142.16935
18 29 143.37281
18 30 168.39547
18 31 126.04852
18 32 109.45626
18 33 189.75935
18 34 174.62051
18 35 190.03426
18 36 155.93515
18 37 157.52352
18 38 150.98218
18 39 116.4572
18 40 111.1869
18 41 140.87385
18 42 113.94807
18 43 103.45428
18 44 170.23654
18 45 187.16054
18 46 111.70482
18 47 177.56104
18 48 158.71038
18 49 154.42291
19 20 176.49094
19 21 169.27005
19 22 116.06418
19 23 155.95704
19 24 154.51774
19 25 143.83262
19 26 167.18026
19 27 145.12463
19 28 135.60248
19 29 118.31694
19 30 166.68689
19 31 105.88444
19 32 173.60754
19 33 199.48616
19 34 140.32588
19 35 174.61142
19 36 135.73327
19 37 113.72961
19 38 104.3146
19 39 170.4091
19 40 181.21888
19 41 136.59608
19 42 135.88969
19 43 119.44525
19 44 173.31493
19 45 121.25337
19 46 188.95114
19 47 126.89917
19 48 180.72711
19 49 167.00348
20 21 108.10328
20 22 181.6849
20 23 190.22737
20 24 148.34623
20 25 112.37602
20 26 162.90692
20 27 150.44292
20 28 191.88321
20 29 183.59453
20 30 117.83332
20 31 157.95937
20 32 102.03661
20 33 174.90388
20 34 110.36077
20 35 181.43156
20 36 122.31753
20 37 177.44159
20 38 163.55092
20 39 159.18086
20 40 120.62686
20 41 127.45457
20 42 174.39796
20 43 113.89855
20 44 141.73401
20 45 124.84948
20 46 159.52387
20 47 136.21109
20 48 159.37864
20 49 144.05158
21 22 139.90861
21 23 156.2619
21 24 172.29341
21 25 173.97747
21 26 104.71051
21 27 160.37452
21 28 130.92979
21 29 105.91425
21 30 147.52409
21 31 118.84493
21 32 144.9163
21 33 129.34547
21 34 139.53203
21 35 109.22724
21 36 119.32429
21 37 132.39433
21 38 156.82817
21 39 194.61698
21 40 114.05578
21 41 162.28258
21 42 130.71616
21 43 179.56195
21 44 151.86306
21 45 168.53772
21 46 117.88501
21 47 195.41839
21 48 142.93842
21 49 168.18317
22 23 110.79452
22 24 163.9682
22 25 183.49136
22 26 120.35484
22 27 168.31573
22 28 190.77546
22 29 163.91795
22 30 165.79821
22 31 147.55341
22 32 105.53233
22 33 192.35053
22 34 193.44395
22 35 117.96614
22 36 111.66928
22 37 158.48233
22 38 198.09545
22 39 192.06233
22 40 121.6095
22 41 161.79199
22 42 134.69455
22 43 131.866
22 44 133.55414
22 45 172.28922
22 46 148.62882
22 47 160.14958
22 48 177.45037
22 49 149.70274
23 24 132.23757
23 25 129.6802
23 26 152.44504
23 27 198.01259
23 28 157.34572
23 29 135.28115
23 30 106.44302
23 31 120.54447
23 32 150.22108
23 33 112.92931
23 34 133.04981
23 35 132.90143
23 36 128.65166
23 37 130.86086
23 38 134.79199
23 39 160.9552
23 40 154.14212
23 41 171.35814
23 42 105.72731
23 43 108.84118
23 44 111.56668
23 45 107.78653
23 46 171.53367
23 47 163.81249
23 48 161.11824
23 49 159.11433
24 25 155.87965
24 26 136.98802
24 27 125.47489
24 28 149.49218
24 29 133.67255
24 30 134.00135
24 31 169.13085
24 32 161.33772
24 33 190.8866
24 34 128.69584
24 35 159.63269
24 36 145.73234
24 37 102.90871
24 38 141.30917
24 39 147.19508
24 40 135.88448
24 41 177.54087
24 42 145.24214
24 43 119.15762
24 44 123.41172
24 45 130.70497
24 46 164.57505
24 47 132.96844
24 48 108.57694
24 49 179.34421
25 26 139.19887
25 27 161.96599
25 28 175.03727
25 29 190.47927
25 30 111.73975
25 31 163.88585
25 32 194.6971
25 33 101.44324
25 34 165.12733
25 35 131.67566
25 36 117.23579
25 37 183.46542
25 38 150.95347
25 39 172.87014
25 40 116.96105
25 41 186.69982
25 42 178.95569
25 43 185.93899
25 44 149.09344
25 45 165.89419
25 46 124.51466
25 47 172.26454
25 48 184.11134
25 49 196.76997
26 27 173.7652
26 28 182.77182
26 29 119.23122
26 30 172.01073
26 31 112.67796
26 32 121.80376
26 33 196.87818
26 34 166.92938
26 35 165.65275
26 36 102.45637
26 37 118.93581
26 38 187.0639
26 39 147.13035
26 40 116.79417
26 41 179.73804
26 42 126.3542
26 43 167.28484
26 44 162.25064
26 45 167.56882
26 46 135.46991
26 47 181.44091
26 48 137.63378
26 49 104.03529
27 28 180.22255
27 29 127.2152
27 30 148.82889
27 31 168.22714
27 32 139.1492
27 33 181.45736
27 34 106.38588
27 35 196.86386
27 36 183.69614
27 37 159.46642
27 38 177.83785
27 39 166.50714
27 40 107.27099
27 41 124.02721
27 42 103.32816
27 43 113.15446
27 44 100.86911
27 45 185.43045
27 46 111.45945
27 47 105.08506
27 48 143.35469
27 49 125.41414
28 29 159.63832
28 30 192.26555
28 31 129.57947
28 32 176.73692
28 33 169.85866
28 34 158.22468
28 35 127.9955
28 36 166.14386
28 37 162.34379
28 38 150.17109
28 39 193.40166
28 40 138.13699
28 41 144.4632
28 42 188.5213
28 43 155.95014
28 44 169.0463
28 45 109.08516
28 46 109.56072
28 47 113.05265
28 48 106.51092
28 49 198.40662
29 30 166.45928
29 31 102.61623
29 32 102.2685
29 33 185.52235
29 34 144.4093
29 35 172.34858
29 36 150.0739
29 37 192.99448
29 38 117.68758
29 39 105.13244
29 40 108.91962
29 41 190.16782
29 42 139.13256
29 43 143.28531
29 44 152.44237
29 45 178.91021
29 46 186.48803
29 47 146.9975
29 48 164.59247
29 49 170.21676
30 31 148.11046
30 32 137.66784
30 33 146.34316
30 34 196.97425
30 35 146.43901
30 36 102.56357
30 37 146.84284
30 38 151.89377
30 39 118.12055
30 40 174.60464
30 41 130.75331
30 42 198.13574
30 43 185.16421
30 44 135.1509
30 45 179.22796
30 46 119.54814
30 47 106.13078
30 48 109.00805
30 49 142.54161
31 32 190.53059
31 33 186.72179
31 34 192.84357
31 35 194.58455
31 36 101.08165
31 37 190.86536
31 38 196.37846
31 39 167.85247
31 40 193.38719
31 41 117.22613
31 42 130.39394
31 43 174.33134
31 44 119.42886
31 45 196.46944
31 46 142.43413
31 47 129.16566
31 48 178.28354
31 49 122.19323
32 33 115.87835
32 34 143.48179
32 35 145.91963
32 36 162.71654
32 37 167.01239
32 38 111.3914
32 39 171.69441
32 40 155.78847
32 41 128.94632
32 42 173.50354
32 43 178.52976
32 44 146.61792
32 45 152.53493
32 46 101.74057
32 47 194.88705
32 48 184.31229
32 49 109.14091
33 34 112.11608
33 35 185.07536
33 36 193.48512
33 37 102.76966
33 38 142.22837
33 39 173.16799
33 40 180.65907
33 41 137.39202
33 42 110.97313
33 43 182.22826
33 44 113.52752
33 45 111.1117
33 46 158.53122
33 47 147.65305
33 48 175.05277
33 49 198.35222
34 35 158.65479
34 36 197.71157
34 37 180.31686
34 38 194.4597
34 39 165.19938
34 40 160.42244
34 41 102.15045
34 42 134.93554
34 43 137.15153
34 44 172.6134
34 45 167.67986
34 46 189.70577
34 47 130.68009
34 48 188.78483
34 49 196.91119
35 36 150.88275
35 37 110.60223
35 38 198.42776
35 39 166.79838
35 40 102.37316
35 41 122.68205
35 42 116.0544
35 43 139.34879
35 44 113.46421
35 45 102.62678
35 46 199.54253
35 47 135.56768
35 48 146.24224
35 49 128.94009
36 37 144.53032
36 38 177.80376
36 39 162.6192
36 40 119.47928
36 41 133.45182
36 42 142.96937
36 43 101.5075
36 44 196.12966
36 45 131.89457
36 46 129.86606
36 47 113.04262
36 48 151.94641
36 49 142.07337
37 38 192.35407
37 39 179.82048
37 40 153.26859
37 41 120.08572
37 42 164.93084
37 43 105.83168
37 44 158.22647
37 45 192.22954
37 46 179.5808
37 47 128.67274
37 48 197.55715
37 49 109.6542
38 39 198.02204
38 40 113.34034
38 41 113.30857
38 42 132.91518
38 43 160.40452
38 44 107.69522
38 45 145.12239
38 46 161.63178
38 47 136.98603
38 48 121.20765
38 49 150.58135
39 40 181.74938
39 41 101.81432
39 42 124.8049
39 43 115.77156
39 44 142.89624
39 45 127.8282
39 46 116.97912
39 47 138.2542
39 48 138.37563
39 49 171.35657
40 41 164.06004
40 42 191.95861
40 43 197.1402
40 44 142.70346
40 45 141.33552
40 46 197.81134
40 47 148.22692
40 48 137.54518
40 49 127.98659
41 42 179.14428
41 43 174.70376
41 44 100.76824
41 45 170.26306
41 46 107.42356
41 47 188.13406
41 48 162.31495
41 49 190.01391
42 43 150.19532
42 44 189.80303
42 45 173.00843
42 46 195.34474
42 47 153.12815
42 48 158.54125
42 49 125.08944
43 44 197.06562
43 45 100.57936
43 46 190.48045
43 47 127.86882
43 48 176.24988
43 49 118.62356
44 45 198.8857
44 46 157.63635
44 47 137.69679
44 48 166.92353
44 49 192.17782
45 46 170.82598
45 47 115.92917
45 48 127.82671
45 49 147.81307
46 47 186.34119
46 48 117.72175
46 49 123.60128
47 48 178.1747
47 49 123.73655
48 49 130.16043
