100 40
0 1 164.25323
0 2 185.98025
0 3 192.175
0 4 123.76675
0 5 170.11114
0 6 142.17581
0 7 187.17852
0 8 143.10972
0 9 131.60038
0 10 189.19388
0 11 117.73154
0 12 170.32147
0 13 164.11031
0 14 199.40134
0 15 117.25953
0 16 143.79723
0 17 102.03082
0 18 186.23126
0 19 194.45511
0 20 196.94533
0 21 173.01459
0 22 129.43458
0 23 119.31549
0 24 199.85238
0 25 111.42042
0 26 147.61444
0 27 133.12631
0 28 113.67688
0 29 126.72366
0 30 165.19567
0 31 147.15177
0 32 154.3994
0 33 133.24672
0 34 133.4235
0 35 180.28476
0 36 157.38132
0 37 174.71783
0 38 171.66941
0 39 121.2058
0 40 135.28492
0 41 116.59193
0 42 107.63073
0 43 115.50437
0 44 155.23477
0 45 106.59383
0 46 161.99654
0 47 176.71374
0 48 198.72072
0 49 110.45228
0 50 173.28662
0 51 195.74425
0 52 159.29572
0 53 176.87914
0 54 124.8755
0 55 175.01329
0 56 189.65801
0 57 138.54385
0 58 104.29277
0 59 125.89558
0 60 125.54068
0 61 124.5178
0 62 126.56245
0 63 192.73359
0 64 178.91132
0 65 149.77385
0 66 165.51802
0 67 119.3314
0 68 187.20328
0 69 108.59304
0 70 154.42755
0 71 149.22505
0 72 119.11706
0 73 151.39094
0 74 191.33406
0 75 194.11535
0 76 199.17161
0 77 151.83938
0 78 175.6518
0 79 121.37805
0 80 178.12532
0 81 150.80752
0 82 123.50995
0 83 118.79631
0 84 126.19121
0 85 163.24626
0 86 144.67937
0 87 157.70323
0 88 103.83928
0 89 110.88688
0 90 112.616
0 91 155.18358
0 92 188.24159
0 93 152.50639
0 94 101.01135
0 95 108.11309
0 96 123.74773
0 97 149.50952
0 98 173.93426
0 99 156.93225
1 2 177.23569
1 3 121.09457
1 4 199.00707
1 5 122.47099
1 6 120.95336
1 7 119.19911
1 8 177.67889
1 9 157.26432
1 10 177.91373
1 11 104.02687
1 12 151.49369
1 13 161.70303
1 14 121.89439
1 15 194.54148
1 16 123.5435
1 17 185.97481
1 18 199.75192
1 19 199.23026
1 20 167.98106
1 21 132.67762
1 22 126.5234
1 23 120.21127
1 24 162.31767
1 25 107.91315
1 26 175.35097
1 27 159.57365
1 28 143.40633
1 29 164.49037
1 30 116.32009
1 31 166.16663
1 32 174.57813
1 33 176.92687
1 34 193.23958
1 35 137.07945
1 36 175.19718
1 37 123.26346
1 38 105.56837
1 39 168.239
1 40 103.16666
1 41 165.04038
1 42 103.27242
1 43 184.01788
1 44 186.54131
1 45 146.7276
1 46 197.29183
1 47 164.25282
1 48 144.17272
1 49 165.53903
1 50 145.68135
1 51 160.32767
1 52 112.86564
1 53 180.90525
1 54 186.25034
1 55 144.71374
1 56 168.00447
1 57 102.67049
1 58 168.21164
1 59 127.96082
1 60 187.1766
1 61 127.67431
1 62 138.32457
1 63 104.24871
1 64 119.80483
1 65 124.32518
1 66 140.46561
1 67 144.51061
1 68 195.90884
1 69 197.73038
1 70 143.69406
1 71 114.18196
1 72 129.59229
1 73 103.58942
1 74 180.05624
1 75 172.70019
1 76 193.54009
1 77 195.63473
1 78 193.22557
1 79 192.73954
1 80 115.61666
1 81 174.04701
1 82 180.33799
1 83 151.18495
1 84 126.78991
1 85 155.38662
1 86 132.18797
1 87 112.0445
1 88 125.03153
1 89 127.66402
1 90 115.57435
1 91 179.99179
1 92 135.39287
1 93 126.98328
1 94 111.22375
1 95 169.2855
1 96 106.47868
1 97 170.91665
1 98 139.83952
1 99 154.1214
2 3 134.4396
2 4 138.07282
2 5 130.14071
2 6 162.78609
2 7 106.81754
2 8 171.90469
2 9 183.5956
2 10 177.53514
2 11 156.76452
2 12 186.5162
2 13 171.66496
2 14 119.1893
2 15 163.50435
2 16 185.75488
2 17 139.40901
2 18 192.27966
2 19 166.06838
2 20 169.13723
2 21 128.64645
2 22 194.12849
2 23 188.77998
2 24 159.36874
2 25 110.91438
2 26 183.83339
2 27 114.679
2 28 157.86525
2 29 120.40725
2 30 102.61515
2 31 123.50361
2 32 179.82722
2 33 123.48827
2 34 134.79954
2 35 137.79662
2 36 165.02475
2 37 143.76094
2 38 125.1662
2 39 187.16279
2 40 113.49435
2 41 161.11712
2 42 125.34335
2 43 186.21064
2 44 141.64135
2 45 160.72274
2 46 130.24116
2 47 179.1962
2 48 135.78531
2 49 165.27979
2 50 191.86359
2 51 173.0347
2 52 112.26583
2 53 159.69921
2 54 163.43489
2 55 178.97884
2 56 187.30615
2 57 130.73223
2 58 194.49655
2 59 180.34189
2 60 157.88698
2 61 157.43617
2 62 178.03496
2 63 128.46505
2 64 178.42652
2 65 141.8975
2 66 111.48841
2 67 163.49427
2 68 177.83784
2 69 165.72464
2 70 173.10201
2 71 172.5726
2 72 164.88561
2 73 175.53703
2 74 146.67748
2 75 157.03963
2 76 189.41051
2 77 104.37363
2 78 151.49587
2 79 130.25265
2 80 166.11109
2 81 160.86154
2 82 155.57922
2 83 149.6601
2 84 154.58907
2 85 138.60617
2 86 138.15716
2 87 105.77124
2 88 123.75139
2 89 188.72452
2 90 152.41918
2 91 137.43962
2 92 155.04987
2 93 157.04672
2 94 116.72296
2 95 102.06199
2 96 174.23843
2 97 147.38251
2 98 153.66445
2 99 171.43356
3 4 133.74967
3 5 109.61036
3 6 188.47786
3 7 111.00844
3 8 150.35548
3 9 105.72414
3 10 106.34408
3 11 117.68627
3 12 182.78986
3 13 191.93104
3 14 187.28819
3 15 178.53889
3 16 168.35718
3 17 172.17561
3 18 139.98807
3 19 176.34339
3 20 119.80394
3 21 123.80344
3 22 112.93268
3 23 108.17037
3 24 141.07845
3 25 108.65301
3 26 114.96281
3 27 133.20307
3 28 107.50867
3 29 131.55668
3 30 159.0148
3 31 110.87625
3 32 194.65248
3 33 192.84556
3 34 142.47232
3 35 172.07837
3 36 127.86835
3 37 123.10892
3 38 157.5008
3 39 187.63832
3 40 179.73109
3 41 103.98012
3 42 134.96378
3 43 152.39746
3 44 156.14435
3 45 128.62872
3 46 178.29438
3 47 127.28379
3 48 179.60463
3 49 174.12913
3 50 156.45569
3 51 168.01517
3 52 176.96431
3 53 164.05964
3 54 170.24571
3 55 180.69536
3 56 196.95662
3 57 109.43623
3 58 129.14015
3 59 112.12158
3 60 183.57807
3 61 152.00997
3 62 197.56534
3 63 122.62196
3 64 133.261
3 65 150.6612
3 66 159.21114
3 67 127.92921
3 68 109.15971
3 69 130.13786
3 70 169.31174
3 71 175.38356
3 72 125.49892
3 73 123.76361
3 74 183.27891
3 75 177.29246
3 76 177.7873
3 77 139.97017
3 78 116.81427
3 79 178.46605
3 80 130.42313
3 81 144.35723
3 82 162.17182
3 83 142.73763
3 84 134.3506
3 85 171.39458
3 86 106.46959
3 87 124.63234
3 88 145.51811
3 89 152.59781
3 90 127.57161
3 91 170.90323
3 92 121.89239
3 93 137.35244
3 94 135.00321
3 95 106.76151
3 96 172.00678
3 97 140.73797
3 98 127.8544
3 99 132.57532
4 5 169.5592
4 6 157.08772
4 7 162.03304
4 8 153.86962
4 9 156.67208
4 10 165.41045
4 11 187.15288
4 12 116.85424
4 13 157.64068
4 14 143.43216
4 15 100.39195
4 16 174.25115
4 17 135.66601
4 18 144.24471
4 19 165.19441
4 20 112.1423
4 21 126.3086
4 22 153.83488
4 23 166.56553
4 24 104.61582
4 25 171.74784
4 26 117.8968
4 27 176.65546
4 28 175.44602
4 29 117.09446
4 30 113.85929
4 31 168.73071
4 32 101.48814
4 33 195.52328
4 34 188.41617
4 35 175.15842
4 36 193.11371
4 37 115.48224
4 38 115.78069
4 39 184.80549
4 40 134.11345
4 41 142.94471
4 42 188.18445
4 43 156.35145
4 44 138.74024
4 45 182.42473
4 46 182.65774
4 47 156.93337
4 48 134.49182
4 49 162.89611
4 50 140.56897
4 51 151.17031
4 52 106.68582
4 53 108.71558
4 54 162.66019
4 55 186.96454
4 56 153.81185
4 57 197.06871
4 58 141.09026
4 59 143.40013
4 60 145.44523
4 61 196.72795
4 62 102.4053
4 63 131.01881
4 64 176.57455
4 65 190.66541
4 66 152.47252
4 67 188.66276
4 68 183.72885
4 69 195.84094
4 70 132.65856
4 71 130.95098
4 72 105.99206
4 73 104.63294
4 74 168.5535
4 75 143.67607
4 76 151.31659
4 77 181.31573
4 78 148.73176
4 79 145.66688
4 80 125.54022
4 81 127.08612
4 82 198.30061
4 83 118.74966
4 84 152.45504
4 85 142.51235
4 86 158.47184
4 87 125.675
4 88 105.17086
4 89 194.17305
4 90 126.73308
4 91 144.99019
4 92 103.95615
4 93 174.21408
4 94 134.89107
4 95 176.84417
4 96 124.53034
4 97 103.17411
4 98 103.36638
4 99 102.60118
5 6 166.6069
5 7 153.40211
5 8 123.95666
5 9 154.42137
5 10 129.84907
5 11 166.60107
5 12 199.49683
5 13 177.48288
5 14 162.94979
5 15 154.22811
5 16 151.43684
5 17 161.40614
5 18 126.3172
5 19 174.93727
5 20 141.07339
5 21 182.63141
5 22 180.20155
5 23 107.65368
5 24 142.66128
5 25 156.73411
5 26 156.84467
5 27 121.29794
5 28 125.87069
5 29 139.19653
5 30 151.7932
5 31 150.24304
5 32 177.54777
5 33 122.42134
5 34 179.99785
5 35 180.14805
5 36 135.69504
5 37 173.74113
5 38 159.09415
5 39 192.80573
5 40 131.72793
5 41 164.90293
5 42 199.74613
5 43 103.82447
5 44 142.05768
5 45 145.85456
5 46 199.68928
5 47 192.86167
5 48 152.40605
5 49 121.58485
5 50 181.11281
5 51 121.37451
5 52 118.4385
5 53 105.81033
5 54 123.68038
5 55 112.71272
5 56 118.56192
5 57 162.16231
5 58 115.599
5 59 111.93944
5 60 152.22237
5 61 102.51245
5 62 104.54662
5 63 165.62424
5 64 197.80085
5 65 166.86936
5 66 103.51865
5 67 105.97728
5 68 118.40991
5 69 185.93079
5 70 112.33822
5 71 177.11194
5 72 111.14094
5 73 159.46557
5 74 160.99174
5 75 198.48334
5 76 103.17166
5 77 115.05113
5 78 188.13791
5 79 125.01184
5 80 124.5097
5 81 176.97714
5 82 149.47458
5 83 184.79114
5 84 185.41364
5 85 146.25813
5 86 120.32947
5 87 145.21752
5 88 176.82324
5 89 194.15979
5 90 181.46255
5 91 101.02642
5 92 192.78556
5 93 133.78597
5 94 111.70596
5 95 195.16917
5 96 130.75831
5 97 173.46775
5 98 157.81694
5 99 174.09012
6 7 194.27586
6 8 103.95954
6 9 179.80678
6 10 187.93969
6 11 105.13055
6 12 171.94497
6 13 136.22602
6 14 135.5313
6 15 190.08658
6 16 180.54386
6 17 171.83421
6 18 182.35435
6 19 125.01426
6 20 137.45004
6 21 194.68734
6 22 170.55563
6 23 165.88388
6 24 168.22907
6 25 133.40772
6 26 150.47286
6 27 179.49217
6 28 104.77255
6 29 189.31091
6 30 155.33296
6 31 144.90926
6 32 191.94425
6 33 118.9934
6 34 182.33318
6 35 194.72697
6 36 118.36414
6 37 193.38624
6 38 166.86007
6 39 118.29853
6 40 192.80601
6 41 175.93344
6 42 172.91859
6 43 193.46783
6 44 187.51528
6 45 111.43621
6 46 131.54058
6 47 113.10985
6 48 126.8857
6 49 114.23616
6 50 142.53218
6 51 183.87524
6 52 105.03164
6 53 191.35983
6 54 119.83695
6 55 156.57562
6 56 169.75204
6 57 183.34491
6 58 195.19391
6 59 162.2497
6 60 148.364
6 61 169.04492
6 62 162.78359
6 63 182.34208
6 64 135.98997
6 65 142.20817
6 66 101.40749
6 67 121.4305
6 68 193.81252
6 69 120.99956
6 70 157.78079
6 71 156.71832
6 72 144.93115
6 73 154.49922
6 74 111.61579
6 75 131.32317
6 76 121.76186
6 77 148.96412
6 78 117.08916
6 79 159.03568
6 80 149.94338
6 81 122.37123
6 82 183.71293
6 83 144.94232
6 84 193.91778
6 85 172.09789
6 86 164.39792
6 87 113.03934
6 88 160.14963
6 89 122.0759
6 90 139.3055
6 91 145.92268
6 92 150.41665
6 93 188.4732
6 94 172.69061
6 95 166.31057
6 96 134.7878
6 97 123.6665
6 98 175.4378
6 99 125.98029
7 8 172.16761
7 9 165.39769
7 10 142.16923
7 11 172.32534
7 12 147.53207
7 13 102.36041
7 14 130.10956
7 15 176.75821
7 16 195.15426
7 17 149.87655
7 18 126.64204
7 19 135.06577
7 20 132.38151
7 21 129.02421
7 22 130.61341
7 23 104.43987
7 24 133.64618
7 25 119.67035
7 26 156.21272
7 27 130.6058
7 28 154.63418
7 29 137.09598
7 30 125.54859
7 31 146.48588
7 32 133.92965
7 33 193.37597
7 34 155.39986
7 35 108.27724
7 36 149.10014
7 37 177.94839
7 38 169.63148
7 39 164.06813
7 40 132.13144
7 41 191.66438
7 42 147.01816
7 43 126.48235
7 44 133.35264
7 45 153.73243
7 46 135.18289
7 47 180.99357
7 48 137.66272
7 49 191.54786
7 50 125.72887
7 51 124.7998
7 52 131.22221
7 53 174.64494
7 54 162.68001
7 55 184.70855
7 56 109.73563
7 57 191.92456
7 58 151.28396
7 59 188.86424
7 60 130.01469
7 61 106.1598
7 62 183.20815
7 63 147.67598
7 64 138.30445
7 65 108.42565
7 66 130.88929
7 67 146.98251
7 68 119.10429
7 69 117.18247
7 70 197.11537
7 71 157.63492
7 72 177.69431
7 73 140.40853
7 74 114.38803
7 75 130.40149
7 76 193.04618
7 77 102.09124
7 78 163.182
7 79 177.29915
7 80 195.12496
7 81 187.19573
7 82 129.06257
7 83 130.17532
7 84 175.19048
7 85 100.20594
7 86 169.4006
7 87 147.8036
7 88 129.02273
7 89 182.05022
7 90 196.85368
7 91 126.52596
7 92 160.01217
7 93 100.46286
7 94 180.06349
7 95 121.1416
7 96 105.36523
7 97 195.84904
7 98 137.53138
7 99 103.86338
8 9 103.60341
8 10 165.84363
8 11 108.2669
8 12 162.73194
8 13 118.7476
8 14 128.36562
8 15 109.58143
8 16 192.18804
8 17 160.9264
8 18 136.54303
8 19 115.73569
8 20 106.64036
8 21 187.40694
8 22 186.18064
8 23 105.75489
8 24 141.53652
8 25 155.97018
8 26 104.63068
8 27 112.83963
8 28 195.51825
8 29 139.53654
8 30 180.18456
8 31 105.95866
8 32 169.46786
8 33 110.98154
8 34 178.13804
8 35 114.41968
8 36 134.44661
8 37 169.3486
8 38 123.91559
8 39 107.42516
8 40 151.83972
8 41 173.26521
8 42 192.28673
8 43 106.13835
8 44 135.25248
8 45 116.90583
8 46 178.06833
8 47 103.73849
8 48 181.18199
8 49 104.23748
8 50 113.36217
8 51 139.05545
8 52 136.14227
8 53 150.42171
8 54 162.74548
8 55 158.74375
8 56 154.55718
8 57 184.33871
8 58 102.98026
8 59 152.97296
8 60 102.52061
8 61 173.04035
8 62 110.43953
8 63 165.97556
8 64 139.65992
8 65 168.39349
8 66 171.54629
8 67 116.33163
8 68 162.86329
8 69 140.20408
8 70 100.50403
8 71 187.24477
8 72 147.87897
8 73 180.15378
8 74 137.11608
8 75 133.16525
8 76 139.99712
8 77 157.05096
8 78 193.8012
8 79 134.35316
8 80 133.94898
8 81 191.55957
8 82 145.76644
8 83 117.56664
8 84 153.78342
8 85 166.61457
8 86 139.89204
8 87 146.9293
8 88 100.29942
8 89 165.29348
8 90 192.49377
8 91 182.31939
8 92 126.05154
8 93 149.78417
8 94 176.7996
8 95 115.74792
8 96 184.17813
8 97 152.75514
8 98 157.94225
8 99 124.07037
9 10 140.18002
9 11 189.68847
9 12 116.64444
9 13 168.39603
9 14 121.2873
9 15 156.61217
9 16 182.77556
9 17 134.80392
9 18 129.5514
9 19 122.55908
9 20 197.76192
9 21 148.42155
9 22 171.47342
9 23 118.31746
9 24 101.5174
9 25 187.73443
9 26 164.15076
9 27 162.16031
9 28 145.67165
9 29 163.30091
9 30 169.73341
9 31 116.92492
9 32 126.47802
9 33 182.19267
9 34 168.30365
9 35 120.93585
9 36 172.16136
9 37 124.04264
9 38 198.67741
9 39 182.98796
9 40 189.33982
9 41 130.28598
9 42 128.10711
9 43 142.18391
9 44 128.8453
9 45 142.56022
9 46 150.65345
9 47 147.65952
9 48 119.85659
9 49 156.48963
9 50 126.0117
9 51 123.46433
9 52 168.86421
9 53 166.57806
9 54 102.31729
9 55 157.55312
9 56 157.73883
9 57 161.22684
9 58 118.91004
9 59 143.06208
9 60 114.39458
9 61 134.35917
9 62 163.21191
9 63 107.84045
9 64 172.53415
9 65 141.41374
9 66 118.26667
9 67 169.92033
9 68 192.82849
9 69 175.61591
9 70 188.5755
9 71 159.99411
9 72 191.95231
9 73 169.44804
9 74 184.49395
9 75 117.62196
9 76 101.86597
9 77 180.55277
9 78 197.0915
9 79 123.47621
9 80 117.96361
9 81 101.71948
9 82 197.97663
9 83 134.84443
9 84 178.63362
9 85 107.85678
9 86 186.54047
9 87 150.22376
9 88 108.33655
9 89 125.03747
9 90 137.31499
9 91 130.63054
9 92 130.43898
9 93 170.86952
9 94 116.41485
9 95 196.72949
9 96 188.70833
9 97 107.9612
9 98 142.53573
9 99 180.65247
10 11 119.40168
10 12 171.81147
10 13 187.81475
10 14 165.86938
10 15 157.08706
10 16 147.94437
10 17 125.0027
10 18 170.60844
10 19 169.09429
10 20 156.27748
10 21 125.19773
10 22 135.37344
10 23 174.9357
10 24 112.17869
10 25 176.82387
10 26 137.09194
10 27 182.59229
10 28 167.63659
10 29 116.79328
10 30 111.41431
10 31 173.11995
10 32 135.30797
10 33 182.17197
10 34 163.0318
10 35 160.10348
10 36 198.95487
10 37 118.20591
10 38 175.11263
10 39 105.56993
10 40 140.29383
10 41 147.45771
10 42 188.02816
10 43 172.63837
10 44 114.39668
10 45 167.63499
10 46 177.24802
10 47 196.70974
10 48 130.56152
10 49 127.80376
10 50 118.44181
10 51 130.07042
10 52 152.7466
10 53 101.46684
10 54 116.45638
10 55 156.68652
10 56 163.96928
10 57 103.38256
10 58 112.35752
10 59 137.64667
10 60 142.70221
10 61 174.34263
10 62 133.48026
10 63 159.32039
10 64 172.20239
10 65 184.40784
10 66 185.30263
10 67 174.587
10 68 110.16077
10 69 107.40616
10 70 103.96342
10 71 126.46194
10 72 195.96842
10 73 163.60649
10 74 183.9874
10 75 130.8031
10 76 133.8638
10 77 176.1633
10 78 177.67931
10 79 191.92502
10 80 139.383
10 81 159.99187
10 82 183.28697
10 83 187.71443
10 84 195.56237
10 85 124.31231
10 86 129.02744
10 87 164.6161
10 88 151.53025
10 89 133.96926
10 90 155.45705
10 91 179.33641
10 92 159.96115
10 93 165.40094
10 94 145.0189
10 95 130.85059
10 96 169.7452
10 97 180.57364
10 98 108.64084
10 99 189.27868
11 12 175.46078
11 13 158.96557
11 14 183.83875
11 15 137.47164
11 16 197.34413
11 17 114.04091
11 18 199.63467
11 19 151.04273
11 20 126.76304
11 21 184.18899
11 22 199.58202
11 23 173.47548
11 24 184.69047
11 25 178.60114
11 26 127.85073
11 27 167.21864
11 28 166.96236
11 29 193.58794
11 30 199.85593
11 31 146.49804
11 32 157.63651
11 33 134.66011
11 34 134.62997
11 35 146.08846
11 36 199.82223
11 37 167.52063
11 38 188.88311
11 39 171.62764
11 40 174.85978
11 41 190.5155
11 42 109.95431
11 43 127.86526
11 44 149.69572
11 45 143.45248
11 46 198.42791
11 47 179.57972
11 48 146.91912
11 49 169.25163
11 50 104.70295
11 51 120.5752
11 52 134.35881
11 53 159.36803
11 54 152.27862
11 55 108.93264
11 56 106.63306
11 57 173.57845
11 58 101.41085
11 59 106.41307
11 60 106.45556
11 61 101.47129
11 62 123.27946
11 63 156.54805
11 64 116.20134
11 65 166.77179
11 66 142.3827
11 67 193.29893
11 68 119.15488
11 69 160.6241
11 70 172.08589
11 71 119.12144
11 72 106.58443
11 73 131.01632
11 74 145.72226
11 75 185.5468
11 76 102.44045
11 77 143.09756
11 78 139.02289
11 79 158.91358
11 80 124.10026
11 81 117.32904
11 82 199.86809
11 83 193.69206
11 84 149.59452
11 85 148.40997
11 86 112.63835
11 87 146.12641
11 88 103.86703
11 89 196.22734
11 90 197.72152
11 91 174.75501
11 92 168.53202
11 93 156.85022
11 94 153.14502
11 95 158.01482
11 96 101.33659
11 97 173.34756
11 98 169.70678
11 99 157.05133
12 13 131.61036
12 14 103.75878
12 15 123.81492
12 16 134.03785
12 17 142.15697
12 18 171.86947
12 19 167.40881
12 20 111.43694
12 21 135.19022
12 22 105.77095
12 23 192.58347
12 24 178.42181
12 25 161.15132
12 26 136.47125
12 27 112.21674
12 28 155.15046
12 29 152.72409
12 30 131.54899
12 31 115.22007
12 32 174.39453
12 33 149.94954
12 34 184.58184
12 35 184.22999
12 36 154.67016
12 37 179.67996
12 38 199.43516
12 39 114.15093
12 40 142.15257
12 41 157.25148
12 42 195.48991
12 43 108.11302
12 44 171.08062
12 45 142.50326
12 46 183.17481
12 47 174.79376
12 48 121.39893
12 49 191.59289
12 50 118.66753
12 51 159.09801
12 52 110.6993
12 53 134.82255
12 54 127.91358
12 55 170.58868
12 56 111.54631
12 57 115.67126
12 58 110.55127
12 59 185.79688
12 60 190.70713
12 61 167.31575
12 62 116.28973
12 63 176.22223
12 64 112.01615
12 65 123.71437
12 66 183.08892
12 67 183.01193
12 68 149.36528
12 69 150.14659
12 70 185.01288
12 71 186.87229
12 72 144.31999
12 73 160.70039
12 74 144.2744
12 75 114.20684
12 76 189.58852
12 77 187.51327
12 78 134.63428
12 79 152.83087
12 80 113.78866
12 81 190.39747
12 82 108.39588
12 83 182.36615
12 84 160.94547
12 85 149.00342
12 86 113.40565
12 87 199.55307
12 88 156.9189
12 89 174.88921
12 90 188.22311
12 91 127.67404
12 92 184.68131
12 93 108.7376
12 94 146.85882
12 95 141.06047
12 96 157.13065
12 97 156.54154
12 98 151.63761
12 99 162.81843
13 14 129.17921
13 15 122.07851
13 16 132.23436
13 17 140.27166
13 18 125.16873
13 19 100.75498
13 20 128.00496
13 21 124.92858
13 22 110.66757
13 23 110.81956
13 24 132.72656
13 25 156.26446
13 26 113.10995
13 27 127.46374
13 28 113.08054
13 29 185.23827
13 30 183.94985
13 31 141.66961
13 32 178.63634
13 33 195.50233
13 34 119.95485
13 35 104.28455
13 36 178.54998
13 37 158.06127
13 38 151.84765
13 39 125.64706
13 40 104.49723
13 41 104.97953
13 42 187.06015
13 43 152.4451
13 44 180.54376
13 45 132.52667
13 46 193.6713
13 47 118.47625
13 48 138.66029
13 49 156.58377
13 50 139.2545
13 51 177.78616
13 52 167.89161
13 53 118.0836
13 54 170.88214
13 55 183.67041
13 56 140.55181
13 57 153.44629
13 58 186.46851
13 59 167.03074
13 60 156.13646
13 61 147.32726
13 62 193.32629
13 63 166.6569
13 64 145.87456
13 65 119.1886
13 66 104.42168
13 67 186.76128
13 68 158.43567
13 69 166.73702
13 70 121.33837
13 71 156.81918
13 72 117.34535
13 73 147.63535
13 74 180.90436
13 75 160.00923
13 76 145.66731
13 77 150.58391
13 78 182.29376
13 79 131.74439
13 80 102.48517
13 81 152.46919
13 82 110.51992
13 83 152.95457
13 84 154.77975
13 85 117.73667
13 86 110.70997
13 87 163.45284
13 88 174.46603
13 89 108.4029
13 90 130.69392
13 91 109.9176
13 92 161.36624
13 93 175.85079
13 94 119.43569
13 95 177.14947
13 96 101.32496
13 97 160.81918
13 98 129.38343
13 99 168.85451
14 15 151.9398
14 16 108.81802
14 17 115.40707
14 18 125.02451
14 19 171.11201
14 20 183.85466
14 21 156.3339
14 22 179.3654
14 23 146.39122
14 24 139.08253
14 25 168.23677
14 26 114.07397
14 27 134.30357
14 28 193.14259
14 29 122.94482
14 30 189.42028
14 31 160.88342
14 32 143.79187
14 33 107.88119
14 34 173.89513
14 35 154.08103
14 36 181.25029
14 37 184.79091
14 38 107.02215
14 39 184.0202
14 40 125.00843
14 41 186.87315
14 42 127.9246
14 43 108.96306
14 44 117.31074
14 45 143.38722
14 46 122.81512
14 47 187.6126
14 48 199.49465
14 49 129.65467
14 50 119.5313
14 51 112.86934
14 52 126.37623
14 53 122.05281
14 54 116.36332
14 55 128.45592
14 56 107.76496
14 57 183.91195
14 58 132.49486
14 59 190.26433
14 60 198.05776
14 61 153.57452
14 62 134.05697
14 63 125.4714
14 64 163.36466
14 65 100.63698
14 66 114.9013
14 67 151.75717
14 68 115.19611
14 69 168.20949
14 70 110.01271
14 71 174.2209
14 72 130.9348
14 73 160.26989
14 74 184.18589
14 75 141.06776
14 76 199.25624
14 77 166.70199
14 78 104.70876
14 79 154.36471
14 80 180.70803
14 81 100.69636
14 82 164.46351
14 83 130.56017
14 84 177.18213
14 85 136.06966
14 86 131.93559
14 87 120.04138
14 88 192.7067
14 89 152.31447
14 90 177.09601
14 91 154.23521
14 92 190.75323
14 93 116.26421
14 94 177.31551
14 95 140.22548
14 96 152.38602
14 97 186.06732
14 98 131.62187
14 99 103.70421
15 16 156.57804
15 17 151.84039
15 18 160.41516
15 19 197.98443
15 20 187.18196
15 21 120.14319
15 22 101.45734
15 23 144.60218
15 24 161.85619
15 25 163.85625
15 26 154.54004
15 27 105.15643
15 28 113.55141
15 29 132.03142
15 30 101.12597
15 31 194.17873
15 32 147.10317
15 33 124.7132
15 34 149.94509
15 35 164.37882
15 36 199.81236
15 37 142.3302
15 38 171.09674
15 39 160.18537
15 40 160.36729
15 41 175.81581
15 42 125.39839
15 43 129.32914
15 44 167.3474
15 45 106.28011
15 46 181.74682
15 47 168.89462
15 48 102.67167
15 49 179.55652
15 50 171.38315
15 51 148.70957
15 52 150.96659
15 53 198.51262
15 54 188.66437
15 55 164.65517
15 56 149.3154
15 57 171.19242
15 58 195.04648
15 59 154.25001
15 60 124.3215
15 61 153.54485
15 62 103.62898
15 63 105.73103
15 64 153.21349
15 65 199.83814
15 66 178.07402
15 67 163.43282
15 68 185.07478
15 69 181.05745
15 70 180.76175
15 71 117.9768
15 72 140.91752
15 73 127.61976
15 74 185.09485
15 75 185.38283
15 76 192.86205
15 77 140.84149
15 78 102.73572
15 79 164.43333
15 80 156.18983
15 81 158.29512
15 82 182.69554
15 83 183.19038
15 84 148.12462
15 85 166.5504
15 86 121.75144
15 87 170.90263
15 88 113.08808
15 89 165.32234
15 90 121.82892
15 91 194.51951
15 92 132.77956
15 93 112.48901
15 94 107.04664
15 95 160.46121
15 96 173.27655
15 97 172.32851
15 98 102.47752
15 99 156.33374
16 17 106.21406
16 18 155.08704
16 19 174.30904
16 20 181.72019
16 21 125.84906
16 22 194.70533
16 23 116.95095
16 24 135.4328
16 25 153.43388
16 26 149.67041
16 27 199.48478
16 28 124.36932
16 29 136.00039
16 30 134.71052
16 31 143.63916
16 32 122.8529
16 33 196.9256
16 34 133.43377
16 35 194.32715
16 36 165.51132
16 37 157.70447
16 38 114.44994
16 39 141.37037
16 40 197.78151
16 41 181.91702
16 42 171.9386
16 43 128.78833
16 44 182.51789
16 45 182.24743
16 46 140.5415
16 47 121.15298
16 48 138.57957
16 49 189.15517
16 50 174.96424
16 51 108.93307
16 52 160.9796
16 53 190.34793
16 54 130.94509
16 55 177.15243
16 56 105.78635
16 57 143.44474
16 58 163.18738
16 59 180.48393
16 60 108.24101
16 61 188.29942
16 62 181.29498
16 63 193.36716
16 64 171.72813
16 65 193.68118
16 66 111.01546
16 67 123.56963
16 68 178.06522
16 69 134.63138
16 70 183.59966
16 71 170.71987
16 72 174.08727
16 73 111.7776
16 74 115.60499
16 75 192.77833
16 76 145.24291
16 77 157.30323
16 78 177.73032
16 79 173.45025
16 80 129.49651
16 81 113.58982
16 82 151.90063
16 83 188.16321
16 84 147.53838
16 85 173.04422
16 86 171.27856
16 87 132.8304
16 88 126.59828
16 89 116.27437
16 90 128.85165
16 91 139.48649
16 92 121.51648
16 93 183.57065
16 94 197.11788
16 95 198.17114
16 96 118.94097
16 97 115.20808
16 98 136.53379
16 99 151.81925
17 18 185.12943
17 19 102.7392
17 20 190.74318
17 21 147.11025
17 22 101.8305
17 23 179.23661
17 24 156.47995
17 25 100.78539
17 26 180.35698
17 27 138.55243
17 28 190.48589
17 29 104.60917
17 30 172.83745
17 31 145.12911
17 32 154.38143
17 33 171.33648
17 34 103.23747
17 35 155.65299
17 36 105.35632
17 37 113.77191
17 38 156.11487
17 39 148.42557
17 40 114.54969
17 41 152.10014
17 42 123.26966
17 43 164.80664
17 44 158.14765
17 45 107.51578
17 46 108.27716
17 47 136.97945
17 48 135.26066
17 49 131.21175
17 50 106.55014
17 51 169.19952
17 52 173.18844
17 53 118.71059
17 54 193.3093
17 55 101.34791
17 56 140.15031
17 57 165.94582
17 58 106.79391
17 59 183.96888
17 60 100.55683
17 61 169.44779
17 62 141.7787
17 63 105.69659
17 64 107.41773
17 65 153.58459
17 66 139.66294
17 67 173.61045
17 68 131.64506
17 69 107.51775
17 70 168.22833
17 71 135.42629
17 72 146.02779
17 73 199.58511
17 74 153.42125
17 75 183.1825
17 76 169.6132
17 77 194.78631
17 78 199.45248
17 79 136.37853
17 80 199.67535
17 81 172.60285
17 82 138.00975
17 83 192.89003
17 84 158.64678
17 85 102.74583
17 86 177.59049
17 87 160.91858
17 88 113.61411
17 89 178.2301
17 90 168.71009
17 91 176.18166
17 92 180.37147
17 93 129.79618
17 94 190.45118
17 95 144.6352
17 96 166.33498
17 97 135.08573
17 98 109.07429
17 99 170.14152
18 19 129.59854
18 20 149.2716
18 21 190.94076
18 22 174.43219
18 23 189.22931
18 24 136.64812
18 25 183.28084
18 26 104.73069
18 27 112.98479
18 28 198.14684
18 29 169.94649
18 30 107.96722
18 31 194.78891
18 32 124.0739
18 33 153.17485
18 34 190.13107
18 35 158.91408
18 36 146.53362
18 37 188.62681
18 38 120.38298
18 39 147.99936
18 40 107.63773
18 41 181.15214
18 42 185.58917
18 43 168.09945
18 44 146.46688
18 45 176.36964
18 46 111.6867
18 47 154.12434
18 48 150.00289
18 49 164.96963
18 50 124.09428
18 51 192.52826
18 52 152.30868
18 53 162.42551
18 54 126.21459
18 55 189.74997
18 56 108.50803
18 57 112.53495
18 58 124.34354
18 59 128.88952
18 60 124.1805
18 61 174.46065
18 62 177.50107
18 63 142.26987
18 64 143.7545
18 65 109.32205
18 66 111.25369
18 67 103.69208
18 68 122.31245
18 69 195.80081
18 70 192.76514
18 71 186.58584
18 72 181.03757
18 73 104.65343
18 74 180.48711
18 75 125.08362
18 76 124.20074
18 77 109.50666
18 78 187.77824
18 79 116.45165
18 80 187.52323
18 81 105.25363
18 82 151.49271
18 83 172.95461
18 84 196.05571
18 85 125.90094
18 86 100.79938
18 87 183.83383
18 88 196.441
18 89 165.93503
18 90 180.4429
18 91 122.36466
18 92 173.33727
18 93 152.62741
18 94 110.96361
18 95 199.69074
18 96 194.11818
18 97 167.56818
18 98 158.92504
18 99 105.80197
19 20 133.61414
19 21 160.29595
19 22 121.44388
19 23 108.12368
19 24 127.68793
19 25 138.2387
19 26 139.86182
19 27 121.15888
19 28 173.95
19 29 184.39868
19 30 171.91171
19 31 134.7986
19 32 137.92196
19 33 161.01742
19 34 161.2502
19 35 182.57124
19 36 125.47233
19 37 118.2806
19 38 148.65339
19 39 114.48771
19 40 136.48771
19 41 144.22587
19 42 123.39669
19 43 196.86909
19 44 124.31481
19 45 112.16302
19 46 186.51454
19 47 124.31596
19 48 183.28203
19 49 140.4797
19 50 199.94058
19 51 159.85961
19 52 150.39608
19 53 108.40998
19 54 110.52752
19 55 108.25594
19 56 150.07638
19 57 115.39045
19 58 147.56925
19 59 131.13807
19 60 175.65321
19 61 102.34876
19 62 151.09918
19 63 113.70034
19 64 187.72582
19 65 144.81443
19 66 156.57867
19 67 184.67659
19 68 175.07186
19 69 190.1937
19 70 145.00376
19 71 125.2154
19 72 199.02367
19 73 130.50641
19 74 158.82609
19 75 144.53384
19 76 183.18575
19 77 172.96087
19 78 133.79394
19 79 104.37204
19 80 170.531
19 81 128.92295
19 82 131.5088
19 83 165.10481
19 84 152.84957
19 85 140.89928
19 86 163.13625
19 87 176.98048
19 88 186.93893
19 89 180.42442
19 90 102.79712
19 91 199.97411
19 92 116.84758
19 93 187.46276
19 94 128.03851
19 95 136.23115
19 96 192.96124
19 97 131.0642
19 98 178.94446
19 99 146.91578
20 21 168.70942
20 22 177.90338
20 23 102.48322
20 24 129.90351
20 25 160.34396
20 26 136.03042
20 27 164.88047
20 28 142.97552
20 29 108.46151
20 30 174.44422
20 31 120.70407
20 32 143.31056
20 33 181.43833
20 34 157.80144
20 35 141.74543
20 36 188.61983
20 37 193.18524
20 38 143.1882
20 39 115.88709
20 40 123.29071
20 41 122.65396
20 42 180.07876
20 43 130.87402
20 44 164.82991
20 45 169.50078
20 46 163.32222
20 47 100.21004
20 48 119.21546
20 49 152.86231
20 50 163.86363
20 51 101.21586
20 52 137.65871
20 53 132.69064
20 54 100.93449
20 55 133.26578
20 56 167.64632
20 57 177.55326
20 58 171.51646
20 59 130.52462
20 60 141.44498
20 61 171.56213
20 62 180.07482
20 63 170.29883
20 64 134.10699
20 65 118.43734
20 66 197.64659
20 67 155.57062
20 68 120.42968
20 69 114.51343
20 70 147.44849
20 71 182.43995
20 72 124.55694
20 73 158.65334
20 74 171.95713
20 75 131.70563
20 76 182.49592
20 77 115.54519
20 78 168.19928
20 79 170.41012
20 80 118.59515
20 81 110.82219
20 82 144.96821
20 83 153.42013
20 84 131.25221
20 85 138.56815
20 86 103.21505
20 87 135.75864
20 88 194.76017
20 89 182.50986
20 90 111.23127
20 91 196.35844
20 92 196.64933
20 93 102.28938
20 94 155.26939
20 95 174.29966
20 96 157.59116
20 97 169.48393
20 98 124.65635
20 99 126.9413
21 22 178.23033
21 23 145.12498
21 24 104.33911
21 25 164.32442
21 26 148.07821
21 27 183.72255
21 28 191.35279
21 29 151.94339
21 30 170.4385
21 31 114.80565
21 32 138.06247
21 33 138.9508
21 34 175.15969
21 35 124.04703
21 36 151.61939
21 37 103.22753
21 38 114.22914
21 39 145.7432
21 40 185.33513
21 41 151.70039
21 42 183.51485
21 43 166.54463
21 44 197.15359
21 45 176.4673
21 46 140.43309
21 47 139.76794
21 48 131.04229
21 49 118.50216
21 50 158.00529
21 51 154.37657
21 52 136.45091
21 53 165.94664
21 54 143.34667
21 55 107.50963
21 56 177.40511
21 57 168.99641
21 58 153.58291
21 59 190.56408
21 60 121.59392
21 61 130.34308
21 62 166.97995
21 63 131.68543
21 64 146.8744
21 65 151.08245
21 66 126.66747
21 67 107.0874
21 68 100.91954
21 69 138.78476
21 70 161.24827
21 71 132.97199
21 72 165.3095
21 73 128.94813
21 74 164.51882
21 75 189.77316
21 76 139.94337
21 77 135.37574
21 78 122.69326
21 79 156.75089
21 80 176.43167
21 81 191.28875
21 82 141.31475
21 83 100.66991
21 84 136.4944
21 85 171.12317
21 86 159.852
21 87 187.29099
21 88 176.13925
21 89 159.9557
21 90 106.86796
21 91 191.98552
21 92 117.84857
21 93 172.99176
21 94 195.1209
21 95 108.36223
21 96 111.3067
21 97 114.62014
21 98 191.95313
21 99 174.31811
22 23 169.23141
22 24 155.28432
22 25 157.28295
22 26 179.8997
22 27 150.98804
22 28 158.70346
22 29 131.15084
22 30 143.59817
22 31 103.38822
22 32 180.16159
22 33 186.99875
22 34 177.2873
22 35 139.77273
22 36 134.62966
22 37 167.16598
22 38 117.51111
22 39 140.56209
22 40 160.13628
22 41 141.94864
22 42 119.15502
22 43 132.44945
22 44 189.46077
22 45 107.21562
22 46 150.19882
22 47 182.79268
22 48 108.58214
22 49 184.77047
22 50 120.35488
22 51 135.10772
22 52 140.6519
22 53 116.63575
22 54 108.43317
22 55 116.92675
22 56 137.71598
22 57 140.77559
22 58 171.60668
22 59 180.53935
22 60 118.16459
22 61 115.96872
22 62 144.29094
22 63 119.85702
22 64 186.94417
22 65 175.32866
22 66 147.42009
22 67 143.73511
22 68 158.05965
22 69 198.40876
22 70 111.87591
22 71 131.02095
22 72 193.92895
22 73 143.2087
22 74 113.15446
22 75 125.39244
22 76 125.06662
22 77 120.99988
22 78 103.41071
22 79 144.79214
22 80 154.02404
22 81 111.81267
22 82 150.12045
22 83 100.65754
22 84 187.44858
22 85 170.24201
22 86 162.0011
22 87 149.92719
22 88 191.8842
22 89 175.45944
22 90 159.53913
22 91 125.47366
22 92 178.30513
22 93 163.66786
22 94 128.7839
22 95 144.18989
22 96 147.80087
22 97 127.12474
22 98 157.15866
22 99 199.43904
23 24 144.64504
23 25 144.8596
23 26 198.58024
23 27 141.89274
23 28 167.82964
23 29 137.07735
23 30 181.21378
23 31 160.69885
23 32 188.27944
23 33 176.05477
23 34 163.88406
23 35 151.64378
23 36 126.87353
23 37 158.71799
23 38 186.90251
23 39 137.12771
23 40 196.65441
23 41 142.39572
23 42 119.43433
23 43 143.84105
23 44 158.00974
23 45 195.97164
23 46 119.56407
23 47 179.58598
23 48 123.37496
23 49 164.79348
23 50 149.69386
23 51 112.49576
23 52 197.16388
23 53 145.75582
23 54 115.18654
23 55 166.94795
23 56 107.38958
23 57 141.11798
23 58 105.08113
23 59 149.50834
23 60 186.13857
23 61 103.19859
23 62 136.31713
23 63 148.42557
23 64 132.07162
23 65 123.03958
23 66 123.87784
23 67 166.39632
23 68 160.91578
23 69 191.74275
23 70 105.70604
23 71 136.39547
23 72 163.25318
23 73 162.73846
23 74 173.34169
23 75 134.99924
23 76 101.24815
23 77 194.90226
23 78 111.71434
23 79 109.8271
23 80 149.93419
23 81 194.28469
23 82 198.91485
23 83 179.62918
23 84 118.58096
23 85 187.86825
23 86 166.57488
23 87 172.54137
23 88 174.6546
23 89 147.53967
23 90 169.98035
23 91 180.36889
23 92 142.55338
23 93 171.13267
23 94 118.19247
23 95 166.38169
23 96 190.33764
23 97 114.04154
23 98 193.566
23 99 191.08954
24 25 173.17827
24 26 199.51044
24 27 149.04006
24 28 132.47407
24 29 138.11683
24 30 132.60629
24 31 167.90591
24 32 144.82042
24 33 183.3486
24 34 179.3317
24 35 172.81075
24 36 182.05924
24 37 199.92428
24 38 152.089
24 39 170.81726
24 40 157.40191
24 41 194.07437
24 42 197.96268
24 43 168.88337
24 44 193.94523
24 45 184.30933
24 46 149.64119
24 47 185.43769
24 48 181.2248
24 49 151.20968
24 50 104.39446
24 51 125.73922
24 52 123.64783
24 53 161.64214
24 54 175.77365
24 55 199.50754
24 56 122.11944
24 57 149.12297
24 58 150.55519
24 59 163.76804
24 60 181.64436
24 61 171.45229
24 62 169.7492
24 63 177.27364
24 64 142.81846
24 65 126.14508
24 66 110.17493
24 67 181.93389
24 68 114.25833
24 69 106.65344
24 70 126.10781
24 71 178.50669
24 72 162.95941
24 73 198.65807
24 74 133.94401
24 75 134.56263
24 76 132.32475
24 77 193.75019
24 78 140.33065
24 79 168.22155
24 80 191.07803
24 81 165.14768
24 82 135.7105
24 83 100.03049
24 84 180.74867
24 85 145.38336
24 86 146.37725
24 87 133.86605
24 88 128.31962
24 89 135.00926
24 90 160.40185
24 91 187.92806
24 92 137.98819
24 93 108.06423
24 94 123.04017
24 95 164.22807
24 96 177.56126
24 97 189.84433
24 98 127.93415
24 99 104.24984
25 26 115.67877
25 27 106.09955
25 28 193.28328
25 29 112.80099
25 30 130.03217
25 31 135.84934
25 32 184.75516
25 33 181.98442
25 34 137.67505
25 35 195.99966
25 36 160.28344
25 37 131.83113
25 38 111.73265
25 39 187.60676
25 40 168.18176
25 41 197.02329
25 42 162.02648
25 43 192.36582
25 44 184.05208
25 45 112.99875
25 46 126.26093
25 47 146.51027
25 48 118.10648
25 49 103.37384
25 50 194.56439
25 51 158.83672
25 52 197.09133
25 53 188.66881
25 54 125.33206
25 55 190.369
25 56 170.71826
25 57 111.57891
25 58 177.55344
25 59 189.41143
25 60 115.0551
25 61 105.67161
25 62 123.50843
25 63 131.52984
25 64 173.21586
25 65 187.03937
25 66 160.19424
25 67 156.38875
25 68 151.64918
25 69 196.51818
25 70 156.62459
25 71 158.04727
25 72 181.83309
25 73 150.44002
25 74 156.29843
25 75 172.48513
25 76 104.56154
25 77 102.7483
25 78 172.15125
25 79 152.36918
25 80 173.491
25 81 139.33592
25 82 183.78057
25 83 154.01978
25 84 141.90497
25 85 127.53168
25 86 159.42388
25 87 183.39712
25 88 142.46407
25 89 137.56139
25 90 106.24111
25 91 141.55843
25 92 168.17508
25 93 147.93054
25 94 162.60301
25 95 120.68897
25 96 173.25385
25 97 189.38331
25 98 146.62608
25 99 150.73477
26 27 187.21351
26 28 104.77831
26 29 176.35352
26 30 115.03033
26 31 149.95209
26 32 100.19455
26 33 169.21305
26 34 197.60687
26 35 122.90091
26 36 160.27028
26 37 162.53822
26 38 181.30943
26 39 151.30118
26 40 111.9608
26 41 147.1563
26 42 161.31517
26 43 179.11525
26 44 159.3953
26 45 109.9652
26 46 198.2639
26 47 195.7014
26 48 107.78612
26 49 120.30211
26 50 105.49272
26 51 137.78171
26 52 111.41849
26 53 181.23555
26 54 133.65228
26 55 126.88401
26 56 132.87482
26 57 157.22804
26 58 141.94205
26 59 182.83029
26 60 190.58462
26 61 151.0704
26 62 118.87094
26 63 131.6851
26 64 146.30513
26 65 169.60815
26 66 195.39024
26 67 169.45665
26 68 141.47547
26 69 175.7026
26 70 106.70579
26 71 121.21228
26 72 186.62884
26 73 158.76092
26 74 110.31891
26 75 116.94819
26 76 182.80645
26 77 169.05368
26 78 195.93296
26 79 183.65978
26 80 170.63669
26 81 185.72194
26 82 188.6677
26 83 119.60432
26 84 173.94237
26 85 133.64805
26 86 198.0
26 87 133.77761
26 88 194.35082
26 89 142.19233
26 90 107.05427
26 91 174.69348
26 92 123.02554
26 93 110.67828
26 94 134.32065
26 95 122.76632
26 96 185.8232
26 97 151.88998
26 98 177.28901
26 99 141.08187
27 28 157.78794
27 29 185.42805
27 30 138.64059
27 31 108.05668
27 32 150.69321
27 33 131.79273
27 34 110.51069
27 35 161.26832
27 36 171.70884
27 37 157.21104
27 38 185.16765
27 39 131.45621
27 40 186.8683
27 41 148.12382
27 42 175.83915
27 43 161.58521
27 44 150.99877
27 45 130.85502
27 46 169.53491
27 47 172.43025
27 48 136.44213
27 49 169.39406
27 50 138.27021
27 51 122.16752
27 52 170.53707
27 53 177.19423
27 54 176.13618
27 55 191.14228
27 56 111.90762
27 57 172.87639
27 58 140.72687
27 59 102.05891
27 60 152.80353
27 61 108.16453
27 62 139.52329
27 63 139.87618
27 64 191.26169
27 65 196.0737
27 66 118.36326
27 67 121.47606
27 68 165.8352
27 69 143.28499
27 70 144.3581
27 71 121.12357
27 72 127.7525
27 73 134.08276
27 74 149.0453
27 75 187.76471
27 76 194.3225
27 77 186.24709
27 78 185.07098
27 79 176.52202
27 80 151.42036
27 81 141.49126
27 82 103.62269
27 83 186.00265
27 84 122.17174
27 85 132.58651
27 86 105.88214
27 87 109.30678
27 88 199.89041
27 89 167.59393
27 90 170.77791
27 91 195.03594
27 92 173.41896
27 93 100.06659
27 94 115.85867
27 95 118.83433
27 96 161.14168
27 97 108.85643
27 98 111.916
27 99 174.59382
28 29 125.38996
28 30 135.86698
28 31 168.97236
28 32 145.87117
28 33 157.70523
28 34 165.12988
28 35 180.25929
28 36 123.82838
28 37 152.96173
28 38 190.09339
28 39 168.81939
28 40 146.89268
28 41 154.30867
28 42 147.28345
28 43 165.90486
28 44 136.77623
28 45 171.88585
28 46 150.59298
28 47 196.62653
28 48 104.03292
28 49 151.58854
28 50 102.9313
28 51 135.1731
28 52 179.254
28 53 164.63826
28 54 147.80987
28 55 120.78767
28 56 194.34772
28 57 142.9096
28 58 150.21046
28 59 163.30637
28 60 136.42784
28 61 198.88353
28 62 105.70226
28 63 110.97925
28 64 144.87363
28 65 149.64163
28 66 169.11029
28 67 194.037
28 68 131.12949
28 69 146.95673
28 70 173.77405
28 71 150.04311
28 72 100.7896
28 73 141.74622
28 74 161.88384
28 75 150.11012
28 76 158.06948
28 77 148.98781
28 78 191.31132
28 79 181.46785
28 80 181.91321
28 81 148.69785
28 82 145.70309
28 83 144.7318
28 84 114.06623
28 85 197.10042
28 86 151.89001
28 87 164.0729
28 88 167.79008
28 89 156.98377
28 90 136.41405
28 91 169.27769
28 92 155.89159
28 93 191.82186
28 94 192.7927
28 95 178.40082
28 96 178.64874
28 97 115.1436
28 98 103.17562
28 99 111.62561
29 30 146.95046
29 31 150.27198
29 32 168.2849
29 33 168.27216
29 34 187.02333
29 35 137.12271
29 36 110.93716
29 37 183.9043
29 38 169.41711
29 39 163.38342
29 40 188.48
29 41 125.87397
29 42 180.61588
29 43 135.66507
29 44 139.67358
29 45 181.24573
29 46 159.01093
29 47 135.18589
29 48 144.99627
29 49 191.04804
29 50 144.90891
29 51 159.13022
29 52 128.12282
29 53 160.50619
29 54 130.63637
29 55 166.52761
29 56 169.40237
29 57 122.12149
29 58 139.51674
29 59 141.18041
29 60 158.2135
29 61 119.68043
29 62 181.08445
29 63 145.37447
29 64 108.00533
29 65 192.37445
29 66 121.23717
29 67 107.07912
29 68 124.21898
29 69 162.67653
29 70 114.34267
29 71 141.49137
29 72 113.04204
29 73 152.95782
29 74 198.59825
29 75 142.35121
29 76 184.0496
29 77 111.23992
29 78 189.04437
29 79 158.89835
29 80 191.36598
29 81 165.11348
29 82 184.5031
29 83 153.04879
29 84 158.27819
29 85 192.2623
29 86 140.46163
29 87 152.00862
29 88 142.16918
29 89 169.35494
29 90 151.93734
29 91 106.10069
29 92 155.3023
29 93 150.84692
29 94 180.35729
29 95 144.67541
29 96 180.54192
29 97 173.39015
29 98 187.62291
29 99 120.44057
30 31 167.00378
30 32 125.48538
30 33 107.92093
30 34 182.69533
30 35 109.12851
30 36 180.74641
30 37 156.26428
30 38 129.45419
30 39 176.30924
30 40 183.51634
30 41 169.76499
30 42 151.23117
30 43 188.42391
30 44 111.71683
30 45 108.74684
30 46 184.3006
30 47 130.1759
30 48 111.69371
30 49 112.48007
30 50 172.00925
30 51 129.17524
30 52 177.8545
30 53 175.96175
30 54 179.64889
30 55 185.47256
30 56 132.57461
30 57 188.58635
30 58 169.27928
30 59 111.68614
30 60 188.86932
30 61 115.53148
30 62 159.04383
30 63 106.68034
30 64 132.56846
30 65 182.23572
30 66 168.83748
30 67 102.61462
30 68 178.55324
30 69 167.48878
30 70 158.03283
30 71 147.55678
30 72 154.42668
30 73 122.46759
30 74 141.40555
30 75 143.83797
30 76 187.38726
30 77 126.03208
30 78 105.38276
30 79 106.45344
30 80 113.43877
30 81 101.77521
30 82 196.99819
30 83 158.24563
30 84 110.04467
30 85 133.7558
30 86 142.48749
30 87 118.41098
30 88 114.77885
30 89 132.68088
30 90 116.88483
30 91 140.82392
30 92 177.64957
30 93 169.04567
30 94 192.10876
30 95 132.0496
30 96 192.89512
30 97 159.14365
30 98 164.8229
30 99 147.14437
31 32 175.45668
31 33 121.68918
31 34 157.57923
31 35 144.79092
31 36 188.98149
31 37 102.91775
31 38 113.43178
31 39 164.59922
31 40 154.18476
31 41 191.13048
31 42 114.23946
31 43 146.40858
31 44 100.01412
31 45 126.39251
31 46 171.68768
31 47 185.24894
31 48 139.54769
31 49 184.56432
31 50 109.84541
31 51 111.35239
31 52 167.49541
31 53 185.81042
31 54 143.53493
31 55 178.74748
31 56 195.09457
31 57 161.9657
31 58 156.03734
31 59 169.44795
31 60 151.03922
31 61 103.72013
31 62 129.38671
31 63 111.13704
31 64 114.44423
31 65 100.42238
31 66 129.95758
31 67 185.99148
31 68 171.228
31 69 101.93146
31 70 120.94628
31 71 118.76971
31 72 103.51837
31 73 178.88171
31 74 120.46118
31 75 158.56426
31 76 111.53452
31 77 148.93961
31 78 196.85677
31 79 131.74165
31 80 107.70543
31 81 101.46284
31 82 126.12554
31 83 150.95673
31 84 131.84499
31 85 170.43542
31 86 118.75025
31 87 136.23437
31 88 193.68164
31 89 112.56073
31 90 110.78603
31 91 193.25729
31 92 104.94253
31 93 118.88363
31 94 148.03421
31 95 122.20631
31 96 133.19885
31 97 118.10237
31 98 187.03118
31 99 135.76347
32 33 118.38998
32 34 156.64853
32 35 172.85506
32 36 118.61479
32 37 105.48755
32 38 128.2721
32 39 171.78674
32 40 131.41938
32 41 137.20452
32 42 139.57317
32 43 169.66866
32 44 123.7011
32 45 114.99121
32 46 196.16003
32 47 113.62524
32 48 199.15696
32 49 192.62997
32 50 177.22452
32 51 180.01104
32 52 127.67
32 53 136.33123
32 54 187.63254
32 55 109.48764
32 56 175.34783
32 57 181.54566
32 58 198.51427
32 59 148.81374
32 60 168.24251
32 61 173.91164
32 62 192.90727
32 63 156.79024
32 64 142.75582
32 65 127.31401
32 66 183.16265
32 67 154.35973
32 68 193.26316
32 69 119.01102
32 70 158.39685
32 71 167.21309
32 72 123.63883
32 73 171.91219
32 74 197.89364
32 75 158.09039
32 76 101.81508
32 77 192.57026
32 78 136.27795
32 79 141.99722
32 80 111.1792
32 81 130.4354
32 82 104.48524
32 83 161.30161
32 84 168.47713
32 85 111.38992
32 86 167.5901
32 87 173.38892
32 88 139.20538
32 89 100.27544
32 90 170.16988
32 91 165.39794
32 92 166.85016
32 93 198.93927
32 94 152.9715
32 95 128.55715
32 96 198.82375
32 97 122.3731
32 98 101.42973
32 99 105.69065
33 34 176.29312
33 35 185.34811
33 36 165.73298
33 37 146.20487
33 38 105.28568
33 39 109.12129
33 40 111.8147
33 41 165.6238
33 42 152.85094
33 43 158.15159
33 44 160.15053
33 45 148.05261
33 46 162.85175
33 47 168.66338
33 48 176.94301
33 49 185.79703
33 50 143.79538
33 51 179.71544
33 52 188.00596
33 53 199.08581
33 54 157.47082
33 55 178.69222
33 56 142.77531
33 57 133.30392
33 58 112.98524
33 59 100.39375
33 60 174.2721
33 61 154.57576
33 62 178.03339
33 63 169.39522
33 64 137.36091
33 65 108.16867
33 66 133.54347
33 67 174.66628
33 68 172.15193
33 69 131.8818
33 70 113.7206
33 71 144.22347
33 72 117.3946
33 73 154.82041
33 74 117.03766
33 75 140.00237
33 76 177.94037
33 77 161.41621
33 78 124.86157
33 79 199.15796
33 80 118.32737
33 81 179.40129
33 82 143.55312
33 83 140.33423
33 84 191.30771
33 85 199.31636
33 86 131.30896
33 87 143.97823
33 88 134.01898
33 89 105.34085
33 90 116.60691
33 91 196.38742
33 92 102.62214
33 93 103.75948
33 94 178.74053
33 95 151.23557
33 96 188.87123
33 97 136.22771
33 98 198.53267
33 99 145.01014
34 35 177.83457
34 36 129.04092
34 37 181.47475
34 38 184.81377
34 39 128.82048
34 40 145.81962
34 41 123.15572
34 42 123.99793
34 43 137.0328
34 44 152.3391
34 45 102.76517
34 46 106.44984
34 47 152.05086
34 48 177.37726
34 49 109.49913
34 50 158.0464
34 51 144.09822
34 52 124.74161
34 53 181.55697
34 54 176.05475
34 55 198.42952
34 56 180.01215
34 57 131.56527
34 58 187.67716
34 59 180.4703
34 60 110.53548
34 61 117.16171
34 62 128.57334
34 63 131.41944
34 64 121.75549
34 65 146.34341
34 66 189.32369
34 67 158.45573
34 68 161.73181
34 69 141.25946
34 70 126.01555
34 71 104.81679
34 72 153.40407
34 73 184.50374
34 74 117.15247
34 75 140.33975
34 76 195.71654
34 77 139.55088
34 78 191.39259
34 79 171.64916
34 80 134.60982
34 81 106.17042
34 82 198.77085
34 83 178.87332
34 84 126.27009
34 85 102.46705
34 86 123.31964
34 87 174.45363
34 88 123.71536
34 89 116.30058
34 90 179.47879
34 91 193.61549
34 92 115.12842
34 93 133.94946
34 94 101.90814
34 95 123.39913
34 96 180.79073
34 97 180.93356
34 98 180.56277
34 99 190.54211
35 36 161.04164
35 37 167.01014
35 38 151.74246
35 39 161.84337
35 40 102.89974
35 41 131.24013
35 42 180.05877
35 43 182.21061
35 44 176.50611
35 45 122.50055
35 46 151.75897
35 47 177.90252
35 48 154.5717
35 49 152.06825
35 50 171.51481
35 51 188.83382
35 52 144.2563
35 53 192.70872
35 54 117.90569
35 55 167.07512
35 56 112.24594
35 57 164.85983
35 58 183.17721
35 59 125.64563
35 60 190.9411
35 61 182.2151
35 62 120.69237
35 63 176.99893
35 64 156.57826
35 65 140.08836
35 66 118.85854
35 67 127.31978
35 68 160.16751
35 69 169.70091
35 70 112.8895
35 71 155.05114
35 72 100.46127
35 73 134.37617
35 74 147.41203
35 75 180.50641
35 76 158.35566
35 77 174.07559
35 78 125.8645
35 79 140.18513
35 80 143.64072
35 81 166.31245
35 82 100.07137
35 83 138.40128
35 84 139.58607
35 85 125.61897
35 86 142.46556
35 87 169.38039
35 88 184.7198
35 89 147.81811
35 90 103.20918
35 91 131.58928
35 92 134.65139
35 93 146.98106
35 94 132.12842
35 95 159.97924
35 96 174.36174
35 97 134.96792
35 98 175.02165
35 99 113.79149
36 37 114.81413
36 38 185.44905
36 39 125.98169
36 40 146.13403
36 41 150.97211
36 42 168.04293
36 43 196.03172
36 44 152.46981
36 45 182.86182
36 46 181.22865
36 47 109.54289
36 48 157.02332
36 49 126.63296
36 50 182.58447
36 51 177.59514
36 52 146.52887
36 53 119.46893
36 54 100.85517
36 55 158.4258
36 56 105.41049
36 57 125.62042
36 58 119.12199
36 59 149.25984
36 60 134.25149
36 61 196.06389
36 62 131.92299
36 63 177.46876
36 64 120.1837
36 65 150.25278
36 66 110.62947
36 67 193.56938
36 68 155.80088
36 69 194.04141
36 70 168.35991
36 71 157.33256
36 72 150.08882
36 73 164.15165
36 74 128.33987
36 75 146.27031
36 76 158.08733
36 77 134.87986
36 78 134.95891
36 79 120.41129
36 80 155.13299
36 81 122.40384
36 82 108.93701
36 83 120.90831
36 84 107.82628
36 85 175.16693
36 86 179.85191
36 87 144.96166
36 88 102.59666
36 89 170.2038
36 90 133.47913
36 91 111.35798
36 92 131.26132
36 93 107.88969
36 94 196.75556
36 95 107.37312
36 96 138.81746
36 97 131.54907
36 98 172.45219
36 99 178.38703
37 38 157.92688
37 39 194.43408
37 40 147.71957
37 41 116.97788
37 42 180.84558
37 43 170.09687
37 44 113.66905
37 45 173.64122
37 46 171.86778
37 47 124.18455
37 48 105.04375
37 49 167.11029
37 50 167.68003
37 51 100.22839
37 52 146.71835
37 53 196.25043
37 54 174.13344
37 55 127.26315
37 56 127.78954
37 57 169.71484
37 58 121.92334
37 59 125.79312
37 60 159.59664
37 61 189.75718
37 62 159.08007
37 63 130.64673
37 64 133.21488
37 65 107.91853
37 66 122.20188
37 67 153.32988
37 68 113.26575
37 69 182.36048
37 70 154.96096
37 71 121.1866
37 72 110.52709
37 73 105.16694
37 74 182.59582
37 75 134.17479
37 76 183.92722
37 77 117.30008
37 78 169.74448
37 79 180.28396
37 80 152.95507
37 81 177.13256
37 82 188.42801
37 83 107.77747
37 84 178.56683
37 85 118.46172
37 86 154.37501
37 87 179.14281
37 88 146.6503
37 89 193.62998
37 90 115.50354
37 91 198.51212
37 92 174.95227
37 93 173.73699
37 94 165.62121
37 95 149.86236
37 96 106.18501
37 97 196.23119
37 98 103.96753
37 99 167.85893
38 39 114.83705
38 40 117.27683
38 41 102.98737
38 42 114.31249
38 43 115.14634
38 44 145.08043
38 45 142.45662
38 46 115.73519
38 47 156.11358
38 48 193.38477
38 49 166.12793
38 50 199.04248
38 51 165.80158
38 52 139.93956
38 53 136.23557
38 54 103.64073
38 55 155.13755
38 56 133.39261
38 57 177.30356
38 58 123.05565
38 59 142.78218
38 60 167.01347
38 61 111.05822
38 62 176.9773
38 63 136.25785
38 64 138.62549
38 65 149.38734
38 66 148.29098
38 67 104.44214
38 68 146.11496
38 69 139.24003
38 70 100.5635
38 71 121.99423
38 72 160.11622
38 73 161.85366
38 74 139.6722
38 75 114.16438
38 76 136.64134
38 77 192.12319
38 78 125.40658
38 79 155.17777
38 80 195.56906
38 81 132.04477
38 82 128.38711
38 83 148.67781
38 84 172.08483
38 85 146.51014
38 86 134.52156
38 87 175.91266
38 88 145.99453
38 89 196.95696
38 90 100.30289
38 91 123.50435
38 92 182.153
38 93 150.57844
38 94 170.69765
38 95 170.06829
38 96 127.58756
38 97 198.01721
38 98 188.42908
38 99 142.20672
39 40 172.65367
39 41 114.07313
39 42 105.92695
39 43 160.1409
39 44 196.35538
39 45 106.7247
39 46 154.35173
39 47 117.64879
39 48 151.1278
39 49 143.24713
39 50 151.80457
39 51 115.41418
39 52 175.89264
39 53 127.58036
39 54 158.67731
39 55 185.14253
39 56 141.36932
39 57 111.31246
39 58 128.95299
39 59 129.43265
39 60 145.35905
39 61 116.64412
39 62 168.88662
39 63 160.07107
39 64 182.55757
39 65 160.44973
39 66 197.34981
39 67 161.68258
39 68 184.26859
39 69 118.27661
39 70 196.04195
39 71 174.49761
39 72 163.61887
39 73 100.34099
39 74 141.312
39 75 167.80127
39 76 175.64895
39 77 155.39032
39 78 131.22709
39 79 141.78062
39 80 102.25334
39 81 154.1809
39 82 176.96266
39 83 129.82521
39 84 112.79102
39 85 153.37423
39 86 108.46632
39 87 178.0251
39 88 175.79894
39 89 110.23109
39 90 157.359
39 91 194.46384
39 92 159.83482
39 93 120.11794
39 94 157.3331
39 95 123.61221
39 96 155.52169
39 97 181.14079
39 98 163.71773
39 99 194.08353
40 41 182.47891
40 42 199.22684
40 43 178.77921
40 44 187.61485
40 45 111.03688
40 46 136.92661
40 47 106.17281
40 48 160.19891
40 49 119.80496
40 50 155.06861
40 51 161.26306
40 52 133.42706
40 53 168.81254
40 54 178.21373
40 55 157.55826
40 56 150.60044
40 57 182.34852
40 58 199.41621
40 59 170.71118
40 60 153.47982
40 61 179.86876
40 62 138.09046
40 63 147.62931
40 64 180.41693
40 65 114.78006
40 66 158.21129
40 67 182.42199
40 68 118.32603
40 69 112.75946
40 70 120.30171
40 71 114.57662
40 72 104.01988
40 73 107.53047
40 74 126.96322
40 75 168.2101
40 76 149.57555
40 77 139.70465
40 78 178.98044
40 79 199.50788
40 80 129.37592
40 81 133.64389
40 82 109.49658
40 83 128.63829
40 84 102.44394
40 85 157.63269
40 86 157.64363
40 87 167.72366
40 88 125.7843
40 89 102.90724
40 90 168.6531
40 91 162.15647
40 92 155.44582
40 93 107.51787
40 94 105.17035
40 95 159.71446
40 96 111.86864
40 97 133.20844
40 98 117.46721
40 99 144.1918
41 42 172.63981
41 43 143.98275
41 44 131.8778
41 45 109.18895
41 46 145.99739
41 47 154.33657
41 48 172.06024
41 49 137.52032
41 50 192.1882
41 51 138.31923
41 52 160.55272
41 53 112.14984
41 54 123.79631
41 55 105.69737
41 56 193.71749
41 57 170.02557
41 58 151.35159
41 59 158.8935
41 60 174.28745
41 61 188.58005
41 62 197.5728
41 63 142.8867
41 64 116.85403
41 65 139.92575
41 66 131.45249
41 67 186.37059
41 68 147.06464
41 69 189.62181
41 70 138.62167
41 71 158.20979
41 72 116.70229
41 73 154.65457
41 74 145.60135
41 75 178.82307
41 76 117.74328
41 77 124.94987
41 78 177.15263
41 79 186.47528
41 80 120.56714
41 81 130.18014
41 82 146.94716
41 83 143.19394
41 84 129.48351
41 85 120.03455
41 86 113.29116
41 87 133.65988
41 88 155.7887
41 89 133.16927
41 90 141.53033
41 91 199.09332
41 92 127.14766
41 93 143.71353
41 94 151.22192
41 95 149.4323
41 96 100.96452
41 97 139.67301
41 98 180.95807
41 99 116.77049
42 43 198.21889
42 44 199.71952
42 45 164.59688
42 46 194.91186
42 47 190.03115
42 48 185.26258
42 49 135.81071
42 50 104.4096
42 51 103.54441
42 52 126.92804
42 53 100.73851
42 54 107.73281
42 55 158.62477
42 56 180.68727
42 57 148.97487
42 58 136.44685
42 59 104.18083
42 60 165.11138
42 61 197.2622
42 62 109.61067
42 63 135.65855
42 64 165.92898
42 65 198.26647
42 66 166.26955
42 67 191.02297
42 68 170.16143
42 69 101.09021
42 70 134.98398
42 71 189.89414
42 72 124.75504
42 73 138.15267
42 74 164.76388
42 75 119.79998
42 76 131.77535
42 77 178.04807
42 78 111.43735
42 79 108.40591
42 80 173.33405
42 81 178.88232
42 82 158.10068
42 83 147.1529
42 84 102.39019
42 85 172.96894
42 86 133.29426
42 87 149.41224
42 88 157.6065
42 89 149.08649
42 90 117.29844
42 91 110.57838
42 92 112.61958
42 93 130.35238
42 94 156.5895
42 95 120.72681
42 96 117.35
42 97 107.67056
42 98 176.22685
42 99 176.87137
43 44 156.69763
43 45 182.36769
43 46 138.15267
43 47 149.33666
43 48 136.12535
43 49 133.13583
43 50 198.44101
43 51 133.04352
43 52 120.03249
43 53 198.7527
43 54 184.31998
43 55 107.05662
43 56 174.26464
43 57 167.19444
43 58 113.87596
43 59 147.65311
43 60 176.54173
43 61 128.17733
43 62 111.49022
43 63 157.21948
43 64 175.85025
43 65 110.88101
43 66 159.86888
43 67 175.81244
43 68 121.32725
43 69 165.22423
43 70 119.29286
43 71 122.16772
43 72 176.28922
43 73 156.49833
43 74 110.44457
43 75 156.36115
43 76 106.82773
43 77 139.1665
43 78 132.51373
43 79 151.03355
43 80 148.23202
43 81 156.79157
43 82 172.32856
43 83 191.05837
43 84 147.76213
43 85 103.57544
43 86 128.7804
43 87 144.99699
43 88 157.10283
43 89 121.19506
43 90 134.31552
43 91 112.9009
43 92 134.12282
43 93 116.89411
43 94 102.11772
43 95 132.4098
43 96 162.04723
43 97 134.35725
43 98 136.42487
43 99 143.92744
44 45 130.28006
44 46 174.73316
44 47 101.14628
44 48 147.73043
44 49 191.72876
44 50 142.70754
44 51 173.02932
44 52 161.12981
44 53 135.48947
44 54 179.5616
44 55 158.5104
44 56 106.48039
44 57 175.45526
44 58 156.36687
44 59 196.78506
44 60 164.90268
44 61 166.33582
44 62 100.7153
44 63 186.17591
44 64 169.95575
44 65 188.48513
44 66 111.573
44 67 100.44459
44 68 148.31378
44 69 142.41849
44 70 153.56507
44 71 118.46474
44 72 127.92245
44 73 135.5651
44 74 131.65447
44 75 192.42018
44 76 193.94845
44 77 196.37179
44 78 100.05226
44 79 125.27067
44 80 172.99975
44 81 199.83468
44 82 177.59008
44 83 188.44892
44 84 114.91599
44 85 140.34701
44 86 120.53386
44 87 170.28813
44 88 146.59076
44 89 119.42175
44 90 188.52471
44 91 186.44401
44 92 116.79925
44 93 128.33772
44 94 105.45614
44 95 158.10735
44 96 184.3297
44 97 132.63607
44 98 198.52867
44 99 181.74862
45 46 176.42379
45 47 134.08294
45 48 121.9159
45 49 152.65128
45 50 157.07672
45 51 184.93073
45 52 152.71006
45 53 159.53804
45 54 198.95253
45 55 142.88892
45 56 112.95955
45 57 101.10957
45 58 104.80974
45 59 199.28741
45 60 170.74395
45 61 188.24356
45 62 179.6016
45 63 178.79704
45 64 189.35925
45 65 157.73158
45 66 151.20847
45 67 172.63035
45 68 111.7818
45 69 168.75875
45 70 189.63144
45 71 194.19164
45 72 143.09788
45 73 185.60457
45 74 141.93565
45 75 195.72504
45 76 109.50928
45 77 180.52599
45 78 188.40751
45 79 129.79353
45 80 101.1532
45 81 133.05413
45 82 199.8441
45 83 119.5278
45 84 115.63213
45 85 178.64651
45 86 198.78003
45 87 191.94597
45 88 183.87072
45 89 181.53343
45 90 121.72696
45 91 192.1131
45 92 189.3545
45 93 151.40945
45 94 168.05587
45 95 159.01303
45 96 115.64019
45 97 133.08773
45 98 117.66441
45 99 150.14688
46 47 115.66445
46 48 106.38395
46 49 123.00048
46 50 179.51718
46 51 137.23446
46 52 177.856
46 53 185.50411
46 54 184.08452
46 55 154.19531
46 56 194.86126
46 57 110.47066
46 58 129.21271
46 59 160.438
46 60 165.38205
46 61 147.10688
46 62 145.87817
46 63 188.49609
46 64 118.48506
46 65 143.59414
46 66 199.98931
46 67 145.4906
46 68 128.37068
46 69 114.34256
46 70 128.66149
46 71 163.27752
46 72 180.69882
46 73 173.24334
46 74 156.51808
46 75 133.14938
46 76 160.21845
46 77 185.12229
46 78 124.36794
46 79 134.58654
46 80 149.12079
46 81 161.15602
46 82 153.66089
46 83 161.32614
46 84 187.85042
46 85 194.55081
46 86 150.07132
46 87 127.22483
46 88 102.23413
46 89 148.27387
46 90 145.64711
46 91 176.27994
46 92 146.49246
46 93 143.658
46 94 141.81607
46 95 134.12535
46 96 171.64545
46 97 119.95904
46 98 197.47585
46 99 135.80913
47 48 128.57093
47 49 111.68563
47 50 146.78407
47 51 169.90337
47 52 172.89256
47 53 143.52235
47 54 197.91335
47 55 190.42968
47 56 163.401
47 57 173.99002
47 58 156.88349
47 59 166.73774
47 60 179.86336
47 61 134.14605
47 62 120.70225
47 63 168.24935
47 64 165.69248
47 65 175.77278
47 66 186.89937
47 67 193.56562
47 68 121.87465
47 69 184.36478
47 70 106.43253
47 71 182.89308
47 72 164.35741
47 73 184.68868
47 74 120.82862
47 75 133.02539
47 76 126.51111
47 77 162.8812
47 78 150.15901
47 79 155.64075
47 80 194.46898
47 81 158.09774
47 82 104.54448
47 83 104.66009
47 84 138.91941
47 85 192.89102
47 86 150.34647
47 87 145.95456
47 88 129.52217
47 89 102.29403
47 90 199.9033
47 91 193.17186
47 92 186.73114
47 93 112.70627
47 94 193.61913
47 95 153.12434
47 96 183.22217
47 97 120.51658
47 98 141.93866
47 99 131.6577
48 49 143.98021
48 50 155.63242
48 51 108.08219
48 52 113.78578
48 53 162.8255
48 54 183.89086
48 55 175.65274
48 56 188.70385
48 57 194.89146
48 58 197.10343
48 59 152.93993
48 60 186.86704
48 61 141.43869
48 62 134.00922
48 63 152.63765
48 64 136.09988
48 65 148.78384
48 66 180.50648
48 67 120.75249
48 68 157.21728
48 69 147.40042
48 70 113.9836
48 71 172.31945
48 72 170.18657
48 73 183.79715
48 74 105.25701
48 75 127.18393
48 76 199.9935
48 77 195.85382
48 78 115.6385
48 79 162.46103
48 80 159.27837
48 81 103.0573
48 82 123.7276
48 83 135.01098
48 84 139.88828
48 85 113.87001
48 86 198.3287
48 87 170.39035
48 88 171.03044
48 89 186.32496
48 90 122.82092
48 91 191.04022
48 92 174.8733
48 93 168.69174
48 94 130.2327
48 95 155.32462
48 96 126.24087
48 97 172.79369
48 98 196.8828
48 99 123.25041
49 50 138.60521
49 51 142.69442
49 52 166.11832
49 53 151.65672
49 54 118.39179
49 55 178.65222
49 56 119.77764
49 57 179.28689
49 58 102.00994
49 59 160.26693
49 60 176.73324
49 61 139.88783
49 62 168.22487
49 63 128.14243
49 64 139.87204
49 65 150.8397
49 66 100.76498
49 67 140.83484
49 68 183.38835
49 69 144.26343
49 70 158.77756
49 71 170.10577
49 72 194.46811
49 73 168.02212
49 74 100.47948
49 75 189.66205
49 76 180.46666
49 77 102.07637
49 78 168.73227
49 79 166.92835
49 80 167.55083
49 81 150.56523
49 82 143.42553
49 83 193.25548
49 84 184.07191
49 85 160.29572
49 86 154.26269
49 87 180.35887
49 88 116.27654
49 89 107.58565
49 90 110.98425
49 91 116.66824
49 92 129.9452
49 93 102.24416
49 94 172.76311
49 95 153.73139
49 96 186.01158
49 97 102.40636
49 98 151.47871
49 99 102.7595
50 51 149.17385
50 52 177.05917
50 53 112.51637
50 54 192.05571
50 55 163.56829
50 56 160.46188
50 57 159.67712
50 58 169.97279
50 59 116.52795
50 60 158.66116
50 61 170.39719
50 62 138.56614
50 63 154.08308
50 64 116.4547
50 65 137.36938
50 66 156.78707
50 67 117.27038
50 68 185.73976
50 69 178.58966
50 70 187.13242
50 71 120.13281
50 72 142.27051
50 73 147.39952
50 74 167.59786
50 75 192.60958
50 76 172.27261
50 77 125.69932
50 78 137.52115
50 79 175.40591
50 80 107.17765
50 81 131.54178
50 82 131.87847
50 83 103.13018
50 84 144.40554
50 85 175.82877
50 86 147.35833
50 87 118.70628
50 88 198.08262
50 89 191.61532
50 90 150.76876
50 91 120.59998
50 92 163.27033
50 93 167.8364
50 94 125.8786
50 95 139.68444
50 96 140.7866
50 97 159.94352
50 98 182.15012
50 99 190.02019
51 52 182.96031
51 53 178.74232
51 54 105.12825
51 55 173.08827
51 56 100.26008
51 57 192.4289
51 58 164.69283
51 59 158.81136
51 60 162.58729
51 61 139.45452
51 62 170.27501
51 63 108.40302
51 64 133.1509
51 65 182.13031
51 66 193.44396
51 67 115.03305
51 68 102.88521
51 69 148.12529
51 70 142.84017
51 71 150.38195
51 72 179.23652
51 73 108.06425
51 74 140.58238
51 75 156.97195
51 76 139.08257
51 77 198.59807
51 78 176.88135
51 79 188.76883
51 80 169.44112
51 81 163.88562
51 82 109.94657
51 83 187.67855
51 84 135.09104
51 85 164.65442
51 86 178.63556
51 87 141.75771
51 88 152.65847
51 89 181.93066
51 90 156.70425
51 91 180.29416
51 92 190.89815
51 93 166.73165
51 94 153.92063
51 95 175.39569
51 96 114.24355
51 97 102.05033
51 98 193.25907
51 99 172.54481
52 53 103.85874
52 54 184.41886
52 55 175.34246
52 56 114.56817
52 57 137.39856
52 58 110.52261
52 59 142.78525
52 60 153.93363
52 61 145.49078
52 62 193.64812
52 63 145.57797
52 64 150.98316
52 65 101.75337
52 66 183.40956
52 67 167.06188
52 68 138.71229
52 69 109.26318
52 70 133.66711
52 71 179.55535
52 72 195.52154
52 73 175.42795
52 74 107.8961
52 75 150.21612
52 76 157.12239
52 77 141.21373
52 78 112.49064
52 79 169.33721
52 80 178.5191
52 81 198.23216
52 82 191.57362
52 83 160.9807
52 84 170.19613
52 85 125.50333
52 86 159.31229
52 87 158.98587
52 88 128.89167
52 89 165.13289
52 90 144.74402
52 91 135.60029
52 92 103.4182
52 93 125.84274
52 94 193.56809
52 95 167.78059
52 96 137.20083
52 97 114.70202
52 98 180.61948
52 99 148.7836
53 54 131.68685
53 55 144.73848
53 56 179.79214
53 57 196.69776
53 58 148.00035
53 59 154.55773
53 60 103.79564
53 61 177.32604
53 62 114.81507
53 63 118.19648
53 64 125.3443
53 65 174.36441
53 66 100.35842
53 67 160.8992
53 68 104.5368
53 69 193.51839
53 70 121.92264
53 71 139.53677
53 72 192.89744
53 73 136.19552
53 74 110.92195
53 75 108.7493
53 76 156.30018
53 77 138.53251
53 78 101.04054
53 79 139.03735
53 80 166.98278
53 81 120.76538
53 82 137.01015
53 83 194.04557
53 84 122.05906
53 85 186.45319
53 86 194.96373
53 87 120.28772
53 88 140.85052
53 89 113.35898
53 90 157.13654
53 91 151.8864
53 92 182.08407
53 93 100.83055
53 94 186.52122
53 95 183.18559
53 96 155.64828
53 97 196.78984
53 98 101.61662
53 99 176.26362
54 55 104.78483
54 56 133.43751
54 57 156.62391
54 58 182.59716
54 59 110.78905
54 60 168.58496
54 61 192.85974
54 62 155.88795
54 63 116.43371
54 64 160.72334
54 65 109.36126
54 66 191.27839
54 67 113.14692
54 68 181.73833
54 69 161.43879
54 70 197.99734
54 71 101.58691
54 72 128.87071
54 73 141.79773
54 74 179.86359
54 75 173.95146
54 76 114.33644
54 77 104.0105
54 78 101.47633
54 79 138.389
54 80 163.61206
54 81 169.28021
54 82 161.3474
54 83 123.1921
54 84 173.97333
54 85 149.54344
54 86 177.18983
54 87 190.5211
54 88 109.74036
54 89 119.60578
54 90 153.00522
54 91 127.58883
54 92 148.86553
54 93 127.10003
54 94 180.36067
54 95 138.1111
54 96 107.01525
54 97 149.98464
54 98 188.95483
54 99 126.57322
55 56 119.30102
55 57 195.94754
55 58 153.0983
55 59 173.60065
55 60 175.38154
55 61 191.53034
55 62 147.84652
55 63 195.70442
55 64 159.8554
55 65 121.08542
55 66 168.04449
55 67 128.53308
55 68 175.18606
55 69 102.56574
55 70 119.11039
55 71 181.15872
55 72 178.31919
55 73 111.18951
55 74 166.35696
55 75 114.53762
55 76 127.97614
55 77 101.21526
55 78 161.20595
55 79 146.01114
55 80 139.48469
55 81 141.90565
55 82 186.64637
55 83 146.00599
55 84 142.29764
55 85 190.69011
55 86 178.45306
55 87 159.09418
55 88 193.40132
55 89 100.86203
55 90 176.75072
55 91 124.14492
55 92 159.97499
55 93 187.16212
55 94 155.41604
55 95 155.26476
55 96 197.08889
55 97 174.77512
55 98 133.63177
55 99 183.36108
56 57 120.74275
56 58 141.25447
56 59 172.19815
56 60 107.54702
56 61 129.52207
56 62 168.4663
56 63 101.50705
56 64 164.95394
56 65 164.41484
56 66 147.70213
56 67 108.75727
56 68 175.18536
56 69 171.4415
56 70 169.95223
56 71 169.05419
56 72 147.46484
56 73 155.00993
56 74 118.63704
56 75 120.05269
56 76 163.9823
56 77 187.89875
56 78 170.03041
56 79 163.39576
56 80 178.01108
56 81 102.32759
56 82 178.94843
56 83 166.4403
56 84 126.9617
56 85 174.45923
56 86 163.62756
56 87 100.63183
56 88 111.32986
56 89 173.52002
56 90 196.04161
56 91 190.45318
56 92 183.17902
56 93 194.90756
56 94 108.99347
56 95 120.80678
56 96 148.88165
56 97 181.46157
56 98 191.74935
56 99 132.71068
57 58 186.28628
57 59 113.85757
57 60 189.5527
57 61 108.32087
57 62 109.75395
57 63 164.40286
57 64 134.42723
57 65 105.20747
57 66 127.09004
57 67 108.08778
57 68 129.9271
57 69 178.09398
57 70 192.48206
57 71 155.51459
57 72 129.10955
57 73 178.89297
57 74 138.0476
57 75 128.03021
57 76 189.11406
57 77 170.19573
57 78 117.53771
57 79 131.96037
57 80 197.29403
57 81 101.11325
57 82 112.01935
57 83 173.07877
57 84 100.20316
57 85 181.53145
57 86 163.21458
57 87 152.26044
57 88 188.16261
57 89 167.6259
57 90 112.59843
57 91 133.11881
57 92 169.06343
57 93 115.36445
57 94 149.89092
57 95 164.12209
57 96 125.22637
57 97 155.39114
57 98 125.13535
57 99 162.11643
58 59 178.93308
58 60 130.26712
58 61 168.70202
58 62 124.93225
58 63 189.94626
58 64 190.7434
58 65 169.7121
58 66 149.30745
58 67 191.46244
58 68 186.11912
58 69 148.80751
58 70 148.48868
58 71 141.87234
58 72 149.92484
58 73 132.22935
58 74 174.30793
58 75 102.1056
58 76 194.66863
58 77 162.56075
58 78 148.19039
58 79 185.10169
58 80 148.95891
58 81 178.30174
58 82 124.13866
58 83 179.42235
58 84 128.33489
58 85 142.69865
58 86 191.065
58 87 169.71452
58 88 145.41322
58 89 162.23439
58 90 103.91709
58 91 177.44811
58 92 127.64173
58 93 183.99183
58 94 110.49886
58 95 126.45716
58 96 157.93981
58 97 150.69177
58 98 193.25666
58 99 103.92224
59 60 140.85268
59 61 197.91932
59 62 198.40457
59 63 193.72981
59 64 174.91232
59 65 187.43679
59 66 102.66172
59 67 169.6182
59 68 128.92569
59 69 117.21932
59 70 162.73034
59 71 164.19749
59 72 100.37307
59 73 185.806
59 74 136.54981
59 75 168.18361
59 76 162.13563
59 77 114.94835
59 78 160.96987
59 79 149.36162
59 80 108.12673
59 81 105.66526
59 82 149.37197
59 83 127.90975
59 84 176.04747
59 85 146.51879
59 86 145.08368
59 87 169.50708
59 88 191.32153
59 89 158.40734
59 90 164.21089
59 91 179.34701
59 92 178.43238
59 93 198.98518
59 94 134.33977
59 95 178.31093
59 96 176.50234
59 97 150.08798
59 98 105.02339
59 99 188.86389
60 61 115.90211
60 62 190.48442
60 63 112.19825
60 64 131.04375
60 65 137.30951
60 66 122.21192
60 67 135.74222
60 68 130.52608
60 69 178.7374
60 70 109.32567
60 71 143.47478
60 72 176.32157
60 73 162.57516
60 74 192.2943
60 75 126.20215
60 76 136.62003
60 77 138.83611
60 78 166.76709
60 79 180.13766
60 80 176.07385
60 81 190.41806
60 82 114.07627
60 83 142.14964
60 84 193.08737
60 85 142.231
60 86 120.66823
60 87 162.22864
60 88 142.60218
60 89 145.17061
60 90 102.45732
60 91 157.68495
60 92 175.57151
60 93 176.14147
60 94 133.0916
60 95 109.99946
60 96 122.21047
60 97 190.86163
60 98 194.22845
60 99 198.30124
61 62 183.94241
61 63 182.06451
61 64 137.1517
61 65 142.87836
61 66 189.951
61 67 155.81441
61 68 112.00868
61 69 151.39383
61 70 175.65391
61 71 199.24601
61 72 182.11737
61 73 134.9202
61 74 105.05396
61 75 100.3322
61 76 155.47582
61 77 172.06033
61 78 165.34571
61 79 122.31217
61 80 154.91356
61 81 106.1139
61 82 175.81146
61 83 174.98987
61 84 117.61851
61 85 144.23601
61 86 178.45435
61 87 126.4273
61 88 119.84657
61 89 172.12728
61 90 178.78975
61 91 169.52092
61 92 158.51476
61 93 126.98609
61 94 138.36514
61 95 109.35476
61 96 144.0579
61 97 109.46383
61 98 169.47273
61 99 177.00072
62 63 102.62874
62 64 104.51722
62 65 135.79941
62 66 127.53124
62 67 162.01564
62 68 162.89989
62 69 119.09218
62 70 174.30943
62 71 137.33274
62 72 142.4349
62 73 150.7476
62 74 183.94203
62 75 128.9088
62 76 190.91289
62 77 118.36228
62 78 190.1787
62 79 197.28227
62 80 199.1881
62 81 184.87955
62 82 102.85827
62 83 194.48792
62 84 152.13784
62 85 103.43278
62 86 103.74872
62 87 138.68103
62 88 111.48666
62 89 134.0256
62 90 142.75528
62 91 184.2006
62 92 100.96596
62 93 163.15744
62 94 167.67172
62 95 141.76416
62 96 196.48973
62 97 131.40514
62 98 198.71953
62 99 146.75185
63 64 101.01543
63 65 131.21692
63 66 172.89919
63 67 105.06489
63 68 164.02001
63 69 166.6558
63 70 162.93845
63 71 175.4767
63 72 104.07965
63 73 133.30064
63 74 192.39484
63 75 167.91632
63 76 192.04493
63 77 112.43977
63 78 176.57068
63 79 169.56022
63 80 181.61868
63 81 134.64199
63 82 146.84506
63 83 174.79297
63 84 179.52216
63 85 109.05302
63 86 131.3027
63 87 193.34815
63 88 128.35218
63 89 126.91804
63 90 110.27788
63 91 159.30117
63 92 192.89719
63 93 186.24605
63 94 155.88346
63 95 190.59555
63 96 135.39268
63 97 182.74876
63 98 109.22237
63 99 173.45358
64 65 161.67275
64 66 108.95962
64 67 195.89402
64 68 147.08749
64 69 193.88046
64 70 109.7985
64 71 178.42064
64 72 165.3075
64 73 163.57388
64 74 140.27481
64 75 144.66441
64 76 164.00239
64 77 185.00719
64 78 192.34588
64 79 110.964
64 80 167.65231
64 81 130.52291
64 82 116.15366
64 83 117.03764
64 84 123.66583
64 85 140.90228
64 86 105.34058
64 87 131.0526
64 88 117.29386
64 89 173.49735
64 90 120.57315
64 91 156.70232
64 92 132.16328
64 93 120.77825
64 94 155.0743
64 95 180.37379
64 96 152.24926
64 97 187.15411
64 98 110.75834
64 99 195.0324
65 66 187.97135
65 67 122.15617
65 68 157.10376
65 69 117.12681
65 70 138.10257
65 71 162.61931
65 72 161.46621
65 73 182.78162
65 74 185.71651
65 75 152.89379
65 76 135.41598
65 77 122.26517
65 78 154.64122
65 79 164.4672
65 80 107.0975
65 81 175.40697
65 82 105.91121
65 83 199.73589
65 84 196.98692
65 85 189.76553
65 86 191.23397
65 87 151.52937
65 88 100.26184
65 89 131.53014
65 90 106.57769
65 91 145.40478
65 92 152.95989
65 93 167.87591
65 94 106.21335
65 95 185.08477
65 96 186.37616
65 97 108.72836
65 98 133.79826
65 99 191.30484
66 67 112.74525
66 68 116.55137
66 69 145.66582
66 70 183.00277
66 71 197.87741
66 72 193.97126
66 73 120.36668
66 74 138.7865
66 75 155.84797
66 76 104.37211
66 77 138.00514
66 78 147.07229
66 79 146.92523
66 80 198.10744
66 81 130.65887
66 82 191.31103
66 83 145.45508
66 84 157.68117
66 85 128.98214
66 86 147.58474
66 87 180.77038
66 88 122.12295
66 89 103.59158
66 90 116.47079
66 91 184.47145
66 92 122.87598
66 93 122.89511
66 94 141.71085
66 95 160.50136
66 96 122.78052
66 97 145.13883
66 98 142.7267
66 99 192.29193
67 68 120.77969
67 69 155.19146
67 70 116.25811
67 71 145.21015
67 72 134.0167
67 73 189.89657
67 74 156.566
67 75 172.10973
67 76 117.16663
67 77 127.55371
67 78 174.07326
67 79 179.099
67 80 193.181
67 81 173.35033
67 82 118.04337
67 83 171.20989
67 84 167.20593
67 85 160.27478
67 86 116.15055
67 87 124.05411
67 88 125.05322
67 89 125.79232
67 90 147.85883
67 91 186.89908
67 92 196.77025
67 93 157.70147
67 94 172.13038
67 95 151.98809
67 96 164.20385
67 97 191.22561
67 98 123.12834
67 99 165.45647
68 69 130.67031
68 70 154.03761
68 71 105.82007
68 72 159.29086
68 73 131.73893
68 74 117.02454
68 75 162.53243
68 76 178.26602
68 77 112.90915
68 78 108.63029
68 79 182.7969
68 80 165.60316
68 81 141.48245
68 82 125.77688
68 83 186.34749
68 84 189.75399
68 85 110.23323
68 86 101.54496
68 87 169.27633
68 88 167.57415
68 89 175.61009
68 90 152.1058
68 91 161.42476
68 92 183.63942
68 93 122.47133
68 94 198.71509
68 95 175.391
68 96 173.49721
68 97 155.62065
68 98 115.02451
68 99 135.91855
69 70 139.40816
69 71 148.32396
69 72 162.58512
69 73 199.07376
69 74 185.14346
69 75 152.47546
69 76 105.25733
69 77 126.5962
69 78 114.86792
69 79 169.88927
69 80 152.98253
69 81 135.34641
69 82 187.95892
69 83 186.37254
69 84 177.73289
69 85 183.80577
69 86 198.41308
69 87 182.23842
69 88 104.57421
69 89 154.03119
69 90 126.66561
69 91 137.83845
69 92 120.74457
69 93 123.11353
69 94 144.41038
69 95 118.97936
69 96 108.2354
69 97 165.46823
69 98 195.37134
69 99 192.55564
70 71 162.415
70 72 178.77411
70 73 135.82932
70 74 162.34597
70 75 149.96954
70 76 141.37157
70 77 177.44694
70 78 152.72872
70 79 146.92922
70 80 131.43632
70 81 158.32844
70 82 156.24864
70 83 186.26316
70 84 118.04066
70 85 116.10863
70 86 167.37466
70 87 120.91845
70 88 103.99216
70 89 145.87078
70 90 175.63556
70 91 124.07898
70 92 179.63668
70 93 171.41808
70 94 161.84833
70 95 142.36044
70 96 107.01676
70 97 115.17385
70 98 192.2166
70 99 141.41137
71 72 151.37077
71 73 173.97839
71 74 195.9059
71 75 193.89531
71 76 100.50567
71 77 135.35143
71 78 134.15357
71 79 126.94361
71 80 148.07911
71 81 132.14421
71 82 178.69225
71 83 158.3292
71 84 108.42113
71 85 138.26424
71 86 139.71726
71 87 140.03526
71 88 157.85759
71 89 124.36481
71 90 192.04313
71 91 186.3249
71 92 102.96851
71 93 181.35619
71 94 134.22494
71 95 100.95746
71 96 171.20768
71 97 139.56218
71 98 117.21966
71 99 154.40513
72 73 162.27278
72 74 109.71045
72 75 194.67553
72 76 136.27528
72 77 186.11868
72 78 127.24454
72 79 160.21018
72 80 141.59024
72 81 148.9611
72 82 165.92859
72 83 131.28595
72 84 114.23801
72 85 163.5682
72 86 130.10365
72 87 100.61699
72 88 198.42903
72 89 193.66749
72 90 100.4849
72 91 145.67024
72 92 192.57665
72 93 180.25696
72 94 143.11534
72 95 166.50837
72 96 171.53369
72 97 159.23538
72 98 157.17466
72 99 121.81611
73 74 130.36283
73 75 186.5804
73 76 199.66899
73 77 120.23195
73 78 141.10022
73 79 164.79553
73 80 106.92325
73 81 193.55409
73 82 150.01129
73 83 150.9881
73 84 171.18037
73 85 130.22154
73 86 140.55677
73 87 186.53957
73 88 123.54248
73 89 145.9083
73 90 124.97288
73 91 181.46427
73 92 179.27541
73 93 166.18315
73 94 128.37999
73 95 195.07456
73 96 180.15062
73 97 110.68002
73 98 133.9653
73 99 196.87038
74 75 183.46308
74 76 126.00096
74 77 183.80714
74 78 109.9965
74 79 113.63091
74 80 112.66329
74 81 169.46172
74 82 108.59397
74 83 101.44037
74 84 152.63489
74 85 114.77399
74 86 110.23141
74 87 155.82899
74 88 152.88424
74 89 130.99208
74 90 147.28275
74 91 170.14678
74 92 158.53389
74 93 182.07907
74 94 176.0351
74 95 180.34422
74 96 120.50118
74 97 108.79033
74 98 138.30201
74 99 186.03099
75 76 110.3594
75 77 182.54021
75 78 179.12595
75 79 114.65145
75 80 104.09946
75 81 115.08646
75 82 134.48183
75 83 186.61415
75 84 144.5996
75 85 189.81651
75 86 156.64022
75 87 140.91527
75 88 104.80644
75 89 130.62531
75 90 107.32696
75 91 186.94672
75 92 149.99619
75 93 141.54181
75 94 130.85997
75 95 145.41696
75 96 121.15896
75 97 187.23647
75 98 114.28909
75 99 163.79717
76 77 159.26882
76 78 137.75128
76 79 132.11031
76 80 104.46466
76 81 188.94725
76 82 156.66055
76 83 119.51123
76 84 158.47796
76 85 150.8119
76 86 155.49133
76 87 114.85737
76 88 177.3935
76 89 155.33786
76 90 143.17795
76 91 113.6534
76 92 131.57447
76 93 142.08681
76 94 112.98464
76 95 189.37607
76 96 117.66448
76 97 158.54033
76 98 122.68628
76 99 145.38247
77 78 151.62356
77 79 148.07479
77 80 179.93427
77 81 140.68376
77 82 119.91904
77 83 189.3382
77 84 183.3663
77 85 149.01253
77 86 100.99498
77 87 165.1811
77 88 152.33291
77 89 161.54589
77 90 183.13485
77 91 186.86937
77 92 109.23537
77 93 161.12766
77 94 132.87961
77 95 177.4111
77 96 119.19317
77 97 166.62068
77 98 184.45542
77 99 167.34412
78 79 121.43719
78 80 192.1136
78 81 191.10516
78 82 197.66234
78 83 139.44086
78 84 144.43268
78 85 186.28945
78 86 119.41265
78 87 171.53013
78 88 140.3194
78 89 121.36267
78 90 101.78707
78 91 128.56919
78 92 144.34337
78 93 158.25921
78 94 191.71472
78 95 172.53941
78 96 176.30837
78 97 151.93986
78 98 100.55669
78 99 148.81815
79 80 111.62252
79 81 107.1216
79 82 136.58848
79 83 181.86447
79 84 150.15329
79 85 158.45308
79 86 157.85152
79 87 143.82389
79 88 133.15622
79 89 121.57055
79 90 135.1617
79 91 113.73629
79 92 108.88636
79 93 180.62174
79 94 164.64072
79 95 144.60172
79 96 175.1937
79 97 186.08524
79 98 160.04604
79 99 166.00188
80 81 150.63131
80 82 180.12119
80 83 194.16258
80 84 128.02263
80 85 121.96103
80 86 190.71416
80 87 174.94738
80 88 105.285
80 89 147.73778
80 90 126.147
80 91 169.50432
80 92 194.74335
80 93 193.64327
80 94 137.3995
80 95 108.5337
80 96 185.59811
80 97 100.65399
80 98 117.23591
80 99 154.24047
81 82 157.02755
81 83 110.60603
81 84 122.0423
81 85 163.41213
81 86 199.6161
81 87 112.53837
81 88 152.05407
81 89 127.06321
81 90 104.83641
81 91 139.16679
81 92 193.71418
81 93 191.4964
81 94 163.12045
81 95 178.62685
81 96 154.8763
81 97 139.55702
81 98 155.54949
81 99 171.95472
82 83 197.39035
82 84 179.68571
82 85 128.82995
82 86 194.01819
82 87 191.90108
82 88 135.92327
82 89 104.88769
82 90 197.03348
82 91 167.42759
82 92 175.58566
82 93 101.04535
82 94 138.96183
82 95 137.50218
82 96 106.24711
82 97 157.70166
82 98 109.19162
82 99 129.87949
83 84 104.5556
83 85 196.44307
83 86 174.16811
83 87 116.36673
83 88 163.99363
83 89 142.90628
83 90 132.13538
83 91 111.40448
83 92 148.46295
83 93 153.30659
83 94 198.93385
83 95 152.63304
83 96 149.24605
83 97 148.54613
83 98 120.02191
83 99 176.78884
84 85 145.93858
84 86 174.71125
84 87 101.3023
84 88 134.64553
84 89 156.60145
84 90 151.30946
84 91 164.94755
84 92 133.01677
84 93 124.56264
84 94 148.74187
84 95 190.98983
84 96 142.63622
84 97 144.36947
84 98 190.33688
84 99 134.1057
85 86 177.77313
85 87 181.02497
85 88 166.74816
85 89 164.51639
85 90 110.91101
85 91 140.83062
85 92 174.33903
85 93 151.09051
85 94 170.43965
85 95 150.07913
85 96 157.11489
85 97 171.95046
85 98 102.55549
85 99 111.36927
86 87 110.26638
86 88 175.8308
86 89 177.25961
86 90 141.57566
86 91 161.42555
86 92 142.32988
86 93 115.99681
86 94 160.5959
86 95 131.71868
86 96 123.81324
86 97 131.53249
86 98 198.11498
86 99 108.22181
87 88 139.73155
87 89 190.18238
87 90 102.36579
87 91 160.1229
87 92 191.21909
87 93 132.42679
87 94 180.468
87 95 134.70508
87 96 194.69065
87 97 194.09245
87 98 148.88332
87 99 186.60066
88 89 182.75348
88 90 116.07163
88 91 109.48392
88 92 193.72725
88 93 134.29729
88 94 177.963
88 95 107.42912
88 96 196.78181
88 97 175.39687
88 98 130.30916
88 99 198.3138
89 90 146.87734
89 91 167.85094
89 92 110.36713
89 93 131.05138
89 94 128.3387
89 95 155.89782
89 96 102.36135
89 97 145.65049
89 98 198.02333
89 99 102.38243
90 91 126.67876
90 92 170.00621
90 93 117.69016
90 94 122.47797
90 95 169.69836
90 96 120.05801
90 97 176.60004
90 98 126.00139
90 99 167.42573
91 92 131.73462
91 93 195.24077
91 94 192.30039
91 95 160.70446
91 96 192.0727
91 97 107.79317
91 98 144.01006
91 99 185.0314
92 93 143.67029
92 94 146.48849
92 95 154.63814
92 96 140.50412
92 97 149.34733
92 98 147.03046
92 99 196.57051
93 94 196.8915
93 95 187.27153
93 96 143.86291
93 97 198.5228
93 98 164.40044
93 99 183.71974
94 95 150.1215
94 96 184.88287
94 97 113.06674
94 98 129.39764
94 99 162.23632
95 96 157.2434
95 97 182.63143
95 98 122.52742
95 99 124.27156
96 97 136.61483
96 98 151.07763
96 99 131.67348
97 98 107.88496
97 99 190.65908
98 99 110.21645
