100 10
0 1 126.95624
0 2 110.72886
0 3 143.15697
0 4 155.71791
0 5 122.62115
0 6 104.15842
0 7 111.38444
0 8 120.24853
0 9 122.1524
0 10 169.9375
0 11 158.66874
0 12 144.48119
0 13 102.00612
0 14 145.76682
0 15 158.37975
0 16 131.73366
0 17 188.53038
0 18 194.06503
0 19 166.81745
0 20 131.38632
0 21 142.17757
0 22 156.75515
0 23 195.91332
0 24 176.72099
0 25 135.95347
0 26 145.35521
0 27 116.39602
0 28 120.5466
0 29 115.23819
0 30 197.25554
0 31 187.49831
0 32 163.80815
0 33 108.81546
0 34 173.07014
0 35 162.30946
0 36 135.08268
0 37 181.24491
0 38 171.73228
0 39 179.21621
0 40 152.71637
0 41 192.61216
0 42 153.17673
0 43 104.87912
0 44 140.75242
0 45 192.17664
0 46 175.42816
0 47 197.48668
0 48 136.99616
0 49 120.86854
0 50 195.41471
0 51 174.21299
0 52 152.06536
0 53 175.51796
0 54 150.50043
0 55 125.63071
0 56 115.22287
0 57 148.2286
0 58 143.32867
0 59 182.96848
0 60 162.24343
0 61 104.7519
0 62 123.81796
0 63 188.03768
0 64 192.67126
0 65 192.15059
0 66 187.03083
0 67 186.68685
0 68 172.64377
0 69 166.88323
0 70 197.8132
0 71 134.74711
0 72 131.78716
0 73 124.76618
0 74 141.21866
0 75 175.08622
0 76 111.018
0 77 180.40936
0 78 161.94325
0 79 103.33942
0 80 165.59782
0 81 171.66576
0 82 119.28727
0 83 182.31974
0 84 178.92347
0 85 126.41369
0 86 173.99558
0 87 131.17242
0 88 124.06388
0 89 145.61366
0 90 155.08402
0 91 192.3478
0 92 190.10821
0 93 124.18895
0 94 185.60986
0 95 155.81934
0 96 160.67178
0 97 160.56581
0 98 109.28382
0 99 113.022
1 2 181.75635
1 3 175.27439
1 4 156.47481
1 5 193.90256
1 6 117.2257
1 7 106.2223
1 8 123.48319
1 9 174.89128
1 10 134.23526
1 11 184.11729
1 12 178.41598
1 13 118.97103
1 14 114.82054
1 15 120.21513
1 16 171.62115
1 17 113.64857
1 18 160.83324
1 19 134.70195
1 20 127.46101
1 21 167.89603
1 22 193.14976
1 23 159.23532
1 24 113.61965
1 25 166.6166
1 26 167.59455
1 27 178.93909
1 28 141.55664
1 29 169.33441
1 30 102.964
1 31 191.57767
1 32 136.96639
1 33 190.1053
1 34 177.58341
1 35 131.38655
1 36 165.78528
1 37 160.39265
1 38 100.4285
1 39 107.44564
1 40 120.14982
1 41 154.54049
1 42 107.03026
1 43 178.94129
1 44 126.0769
1 45 127.93255
1 46 124.72784
1 47 119.54577
1 48 129.73368
1 49 161.50217
1 50 167.66108
1 51 115.19975
1 52 118.29187
1 53 143.12578
1 54 186.79442
1 55 138.92088
1 56 106.26253
1 57 180.71296
1 58 126.58339
1 59 133.1906
1 60 137.61406
1 61 101.63399
1 62 102.30879
1 63 101.19878
1 64 105.36225
1 65 106.64285
1 66 156.52547
1 67 145.58375
1 68 144.96804
1 69 126.9525
1 70 194.06784
1 71 165.77998
1 72 124.82445
1 73 118.93133
1 74 124.51301
1 75 182.62746
1 76 163.03928
1 77 154.8725
1 78 141.78066
1 79 157.4121
1 80 154.67712
1 81 151.40566
1 82 191.16003
1 83 153.3254
1 84 151.39539
1 85 161.61962
1 86 122.11063
1 87 164.26266
1 88 168.22627
1 89 101.26457
1 90 104.75195
1 91 133.35414
1 92 191.8773
1 93 116.89818
1 94 128.49774
1 95 120.5951
1 96 146.53646
1 97 100.29206
1 98 109.92983
1 99 198.00423
2 3 123.54125
2 4 162.06611
2 5 187.18092
2 6 162.15466
2 7 161.91917
2 8 187.879
2 9 121.49898
2 10 143.38005
2 11 150.46828
2 12 130.27549
2 13 165.44201
2 14 100.50376
2 15 183.2711
2 16 192.39016
2 17 191.10061
2 18 159.6751
2 19 141.16596
2 20 103.23816
2 21 139.9454
2 22 151.23971
2 23 140.81399
2 24 199.11615
2 25 127.96384
2 26 119.4444
2 27 159.26131
2 28 116.72295
2 29 112.49206
2 30 111.4845
2 31 148.9771
2 32 190.01285
2 33 110.10958
2 34 119.27806
2 35 138.64666
2 36 119.21087
2 37 119.98371
2 38 187.06196
2 39 115.76958
2 40 194.57294
2 41 128.19419
2 42 137.00484
2 43 130.94073
2 44 157.86293
2 45 166.29341
2 46 103.83075
2 47 129.27333
2 48 152.78895
2 49 113.24467
2 50 159.27672
2 51 105.41085
2 52 192.93036
2 53 156.76165
2 54 175.75902
2 55 126.31814
2 56 140.37769
2 57 174.58551
2 58 128.7667
2 59 176.21134
2 60 115.67228
2 61 109.33821
2 62 131.18865
2 63 172.12354
2 64 143.43601
2 65 132.15246
2 66 155.76355
2 67 117.5014
2 68 177.63216
2 69 177.68959
2 70 155.14824
2 71 142.36373
2 72 122.22987
2 73 155.43403
2 74 133.64948
2 75 137.36393
2 76 187.2053
2 77 175.84894
2 78 110.35494
2 79 176.9748
2 80 177.86985
2 81 172.17369
2 82 159.05908
2 83 115.33402
2 84 182.50131
2 85 155.19363
2 86 157.51784
2 87 106.26798
2 88 119.63337
2 89 142.708
2 90 136.27215
2 91 181.30952
2 92 180.51505
2 93 194.11571
2 94 156.17757
2 95 112.26313
2 96 111.05411
2 97 170.32488
2 98 107.53999
2 99 184.68234
3 4 125.10294
3 5 128.00733
3 6 141.74667
3 7 167.17606
3 8 108.4624
3 9 111.27328
3 10 107.92708
3 11 135.27084
3 12 107.90241
3 13 198.07277
3 14 133.5153
3 15 189.78354
3 16 138.48062
3 17 186.74418
3 18 110.74499
3 19 186.96479
3 20 146.65724
3 21 137.39922
3 22 173.45612
3 23 104.3745
3 24 146.81922
3 25 172.66584
3 26 160.40418
3 27 100.18847
3 28 136.0186
3 29 110.8498
3 30 101.90655
3 31 139.92784
3 32 130.53398
3 33 186.69741
3 34 188.14537
3 35 100.64021
3 36 110.18446
3 37 153.09605
3 38 193.05425
3 39 123.56156
3 40 199.19932
3 41 162.86283
3 42 116.48175
3 43 111.51551
3 44 160.34009
3 45 165.37474
3 46 121.48597
3 47 146.46665
3 48 160.5294
3 49 121.58974
3 50 173.42926
3 51 135.45555
3 52 192.59263
3 53 125.98975
3 54 192.85809
3 55 132.88164
3 56 140.09256
3 57 171.51603
3 58 102.96148
3 59 121.49873
3 60 149.45802
3 61 124.23521
3 62 103.26236
3 63 126.06477
3 64 168.4665
3 65 182.99029
3 66 133.18796
3 67 134.53156
3 68 115.07796
3 69 165.29261
3 70 112.72422
3 71 153.36573
3 72 126.46234
3 73 151.61075
3 74 177.66004
3 75 162.47456
3 76 196.5423
3 77 120.04127
3 78 169.43524
3 79 109.93782
3 80 186.86527
3 81 192.1023
3 82 107.17004
3 83 146.12121
3 84 195.10918
3 85 134.23537
3 86 129.14554
3 87 141.92357
3 88 170.19292
3 89 113.49148
3 90 143.53783
3 91 186.70182
3 92 150.6556
3 93 116.79157
3 94 109.6358
3 95 154.848
3 96 117.93916
3 97 170.72302
3 98 138.70378
3 99 164.1813
4 5 112.5082
4 6 153.32843
4 7 116.53338
4 8 133.7808
4 9 132.28
4 10 161.76917
4 11 101.50536
4 12 132.46546
4 13 149.56035
4 14 163.82
4 15 118.27228
4 16 143.96308
4 17 158.25641
4 18 102.18459
4 19 193.68047
4 20 127.19467
4 21 120.25815
4 22 110.97007
4 23 161.42289
4 24 165.21038
4 25 160.45831
4 26 159.76902
4 27 116.98766
4 28 158.32693
4 29 182.13319
4 30 188.08232
4 31 132.88507
4 32 170.84353
4 33 117.86849
4 34 172.78564
4 35 107.59696
4 36 186.43777
4 37 187.76118
4 38 152.21091
4 39 161.15819
4 40 178.39985
4 41 121.59552
4 42 143.67154
4 43 194.69381
4 44 165.67547
4 45 131.89624
4 46 108.44202
4 47 136.08383
4 48 191.57208
4 49 177.1031
4 50 181.94424
4 51 132.9749
4 52 142.58454
4 53 111.12225
4 54 169.03449
4 55 120.34472
4 56 156.07298
4 57 157.5711
4 58 100.35695
4 59 142.49147
4 60 165.12051
4 61 155.06381
4 62 129.44328
4 63 186.98463
4 64 199.77642
4 65 163.91961
4 66 104.76462
4 67 191.63921
4 68 193.77428
4 69 197.57218
4 70 163.15267
4 71 157.94841
4 72 148.57987
4 73 151.83222
4 74 179.33695
4 75 105.2879
4 76 189.97721
4 77 150.94595
4 78 121.45656
4 79 191.89777
4 80 193.56993
4 81 179.29689
4 82 194.6619
4 83 116.34831
4 84 191.88361
4 85 156.97665
4 86 126.98966
4 87 166.57753
4 88 186.28515
4 89 144.73598
4 90 177.95569
4 91 187.48691
4 92 171.40384
4 93 179.05266
4 94 172.45442
4 95 124.3115
4 96 132.64164
4 97 106.47837
4 98 101.92725
4 99 160.41287
5 6 105.16117
5 7 174.98181
5 8 130.50144
5 9 103.0434
5 10 113.34817
5 11 132.88506
5 12 117.0551
5 13 169.60491
5 14 167.7202
5 15 152.4679
5 16 107.55212
5 17 116.48401
5 18 149.18572
5 19 185.25672
5 20 134.89214
5 21 108.16718
5 22 102.77367
5 23 108.90511
5 24 110.87165
5 25 173.78132
5 26 136.34825
5 27 187.57264
5 28 165.33055
5 29 129.10382
5 30 162.53852
5 31 162.19069
5 32 147.39175
5 33 195.42181
5 34 136.95036
5 35 171.21177
5 36 114.43814
5 37 171.75241
5 38 124.76608
5 39 193.2609
5 40 162.55623
5 41 190.69138
5 42 104.96776
5 43 156.09172
5 44 195.75918
5 45 160.23155
5 46 147.90617
5 47 180.17341
5 48 188.77383
5 49 125.84439
5 50 136.75774
5 51 159.31077
5 52 124.1972
5 53 114.43909
5 54 160.82906
5 55 154.04112
5 56 147.64547
5 57 176.87279
5 58 160.21494
5 59 175.98233
5 60 110.89626
5 61 131.77754
5 62 137.90102
5 63 149.96273
5 64 188.9732
5 65 196.75633
5 66 117.48314
5 67 156.03895
5 68 157.813
5 69 144.5604
5 70 181.804
5 71 142.63748
5 72 164.4165
5 73 149.49098
5 74 145.83262
5 75 141.91043
5 76 130.61972
5 77 154.46329
5 78 194.07169
5 79 105.61927
5 80 117.15866
5 81 181.18997
5 82 145.71098
5 83 155.71711
5 84 165.95802
5 85 198.98554
5 86 119.20417
5 87 173.57538
5 88 173.88377
5 89 101.61774
5 90 107.97328
5 91 134.52545
5 92 198.61895
5 93 184.04584
5 94 167.08134
5 95 132.022
5 96 120.49881
5 97 142.63279
5 98 106.56229
5 99 190.50879
6 7 146.62915
6 8 127.69434
6 9 178.29106
6 10 143.15505
6 11 179.76487
6 12 132.54078
6 13 104.08033
6 14 146.59955
6 15 143.45928
6 16 114.08374
6 17 154.26481
6 18 183.96675
6 19 144.97208
6 20 151.50379
6 21 194.74126
6 22 180.27862
6 23 180.79541
6 24 167.34972
6 25 117.59474
6 26 153.44729
6 27 129.0881
6 28 125.03729
6 29 125.91849
6 30 196.60233
6 31 120.51557
6 32 153.82414
6 33 191.97694
6 34 147.06861
6 35 118.4248
6 36 128.70242
6 37 157.23831
6 38 197.8491
6 39 143.41104
6 40 152.69732
6 41 172.32692
6 42 135.48979
6 43 184.99249
6 44 180.17613
6 45 140.67911
6 46 104.61867
6 47 104.69432
6 48 133.24236
6 49 196.45328
6 50 188.92086
6 51 164.44347
6 52 182.31679
6 53 121.7564
6 54 174.40111
6 55 118.84929
6 56 109.56213
6 57 155.60844
6 58 140.90992
6 59 106.91097
6 60 172.72987
6 61 103.06646
6 62 138.66624
6 63 187.48619
6 64 102.60371
6 65 181.43656
6 66 125.46459
6 67 112.21787
6 68 174.11001
6 69 169.26933
6 70 146.48255
6 71 166.81313
6 72 181.15251
6 73 189.10641
6 74 184.56445
6 75 115.9236
6 76 119.43979
6 77 101.74882
6 78 139.2422
6 79 172.52814
6 80 142.5938
6 81 151.3696
6 82 183.95646
6 83 177.8814
6 84 162.23641
6 85 127.80503
6 86 104.60663
6 87 154.13382
6 88 130.31505
6 89 156.5473
6 90 111.8493
6 91 176.9296
6 92 139.3426
6 93 108.15616
6 94 177.36644
6 95 139.6647
6 96 181.17111
6 97 185.30753
6 98 169.78298
6 99 151.87316
7 8 144.29999
7 9 112.22031
7 10 142.40893
7 11 101.3671
7 12 168.12822
7 13 131.17927
7 14 139.5447
7 15 133.38631
7 16 159.11115
7 17 189.82387
7 18 169.63051
7 19 127.4833
7 20 105.77017
7 21 134.15089
7 22 105.71731
7 23 104.67114
7 24 132.69994
7 25 179.24766
7 26 143.12166
7 27 101.22993
7 28 169.01789
7 29 161.0862
7 30 192.38329
7 31 161.97366
7 32 111.67445
7 33 179.215
7 34 121.76712
7 35 198.96288
7 36 104.36695
7 37 157.14478
7 38 144.78438
7 39 130.29352
7 40 133.23786
7 41 181.12897
7 42 191.35206
7 43 197.92895
7 44 144.75006
7 45 172.323
7 46 121.02774
7 47 157.57866
7 48 189.2176
7 49 113.02678
7 50 168.21491
7 51 198.98284
7 52 166.5473
7 53 108.45399
7 54 190.35978
7 55 187.882
7 56 169.88997
7 57 147.36045
7 58 198.44331
7 59 108.41652
7 60 113.03029
7 61 128.94181
7 62 178.8205
7 63 161.79261
7 64 149.75507
7 65 185.50697
7 66 155.45915
7 67 141.62321
7 68 123.98501
7 69 156.33773
7 70 153.79738
7 71 159.41937
7 72 125.70596
7 73 176.54343
7 74 125.68829
7 75 140.48694
7 76 154.18823
7 77 124.56961
7 78 147.92523
7 79 166.92005
7 80 144.82425
7 81 199.12537
7 82 106.2051
7 83 140.0635
7 84 160.89545
7 85 170.11516
7 86 134.95641
7 87 194.03466
7 88 120.01702
7 89 131.63886
7 90 163.82503
7 91 182.62568
7 92 102.00129
7 93 154.06271
7 94 158.07405
7 95 137.6238
7 96 197.85407
7 97 167.91843
7 98 100.99639
7 99 136.12985
8 9 116.04
8 10 196.05778
8 11 123.33234
8 12 119.43437
8 13 119.64952
8 14 174.33692
8 15 173.74024
8 16 123.07755
8 17 136.80821
8 18 117.43543
8 19 117.4729
8 20 195.45996
8 21 134.00142
8 22 145.49657
8 23 117.80213
8 24 159.51217
8 25 128.08864
8 26 128.44205
8 27 103.34383
8 28 134.76573
8 29 153.05609
8 30 172.56433
8 31 164.10648
8 32 189.05504
8 33 137.17762
8 34 141.62151
8 35 133.00432
8 36 194.24984
8 37 123.69964
8 38 196.89092
8 39 157.66657
8 40 132.92391
8 41 111.57887
8 42 124.33057
8 43 142.14177
8 44 118.8142
8 45 173.90766
8 46 125.61057
8 47 169.89605
8 48 146.67249
8 49 182.15227
8 50 153.43787
8 51 119.68529
8 52 190.63515
8 53 104.6289
8 54 118.77198
8 55 118.24112
8 56 192.94846
8 57 155.04777
8 58 129.15479
8 59 119.52466
8 60 123.84061
8 61 156.51014
8 62 111.681
8 63 166.55155
8 64 198.13959
8 65 150.18656
8 66 110.11427
8 67 139.80534
8 68 176.78898
8 69 166.18168
8 70 191.01743
8 71 108.71829
8 72 155.78825
8 73 125.87135
8 74 102.26132
8 75 105.34301
8 76 175.61404
8 77 180.6011
8 78 126.24826
8 79 176.63373
8 80 110.92432
8 81 183.97265
8 82 187.29237
8 83 162.23758
8 84 151.27292
8 85 146.14715
8 86 124.8271
8 87 194.99394
8 88 170.52479
8 89 154.74557
8 90 110.11124
8 91 140.62174
8 92 184.11529
8 93 177.63092
8 94 189.1382
8 95 196.6631
8 96 179.53861
8 97 174.79248
8 98 157.46243
8 99 139.97409
9 10 116.8428
9 11 115.84245
9 12 185.61948
9 13 127.56525
9 14 156.88726
9 15 117.97595
9 16 159.83347
9 17 182.27483
9 18 139.07874
9 19 181.37434
9 20 115.77966
9 21 174.70117
9 22 103.34887
9 23 126.85303
9 24 137.70248
9 25 133.19141
9 26 188.85547
9 27 199.57721
9 28 190.52327
9 29 149.55167
9 30 184.17979
9 31 187.6222
9 32 155.64894
9 33 135.37349
9 34 112.16045
9 35 125.66962
9 36 133.38552
9 37 166.78484
9 38 118.7633
9 39 114.53281
9 40 114.38748
9 41 142.8599
9 42 192.52103
9 43 175.17982
9 44 146.82486
9 45 135.45446
9 46 171.33035
9 47 185.13675
9 48 175.05142
9 49 114.72156
9 50 166.96593
9 51 187.5469
9 52 154.52045
9 53 139.83973
9 54 142.66632
9 55 148.81129
9 56 110.14496
9 57 185.94343
9 58 185.9508
9 59 168.74232
9 60 134.50612
9 61 152.1204
9 62 183.37632
9 63 107.80809
9 64 141.73642
9 65 103.21966
9 66 127.23311
9 67 172.58439
9 68 126.74435
9 69 198.98473
9 70 185.50888
9 71 166.14372
9 72 148.15433
9 73 163.34698
9 74 107.99289
9 75 161.2265
9 76 113.85582
9 77 173.10183
9 78 191.02643
9 79 178.13085
9 80 153.87972
9 81 102.18357
9 82 167.53412
9 83 193.82673
9 84 123.94036
9 85 168.37879
9 86 114.81954
9 87 170.7606
9 88 188.66264
9 89 172.49538
9 90 117.93818
9 91 138.36301
9 92 173.18616
9 93 171.56508
9 94 139.46765
9 95 155.72955
9 96 180.2323
9 97 164.72262
9 98 153.54797
9 99 107.40152
10 11 135.01124
10 12 123.01395
10 13 182.59421
10 14 166.28979
10 15 166.4662
10 16 104.72731
10 17 141.35057
10 18 122.12919
10 19 151.32993
10 20 191.57655
10 21 131.07898
10 22 154.49624
10 23 147.29366
10 24 198.22533
10 25 156.25302
10 26 183.20425
10 27 118.75453
10 28 167.06283
10 29 141.47644
10 30 147.60912
10 31 161.43993
10 32 180.6047
10 33 107.88678
10 34 124.85409
10 35 174.09325
10 36 197.90515
10 37 128.03413
10 38 168.81373
10 39 148.32478
10 40 144.19926
10 41 156.62993
10 42 196.93311
10 43 135.6083
10 44 160.93815
10 45 167.78016
10 46 102.80984
10 47 134.93232
10 48 190.06808
10 49 195.38005
10 50 101.26544
10 51 154.57877
10 52 136.82725
10 53 170.20829
10 54 178.08762
10 55 182.609
10 56 129.27105
10 57 125.98531
10 58 175.20035
10 59 124.73311
10 60 130.67909
10 61 103.65135
10 62 109.98837
10 63 160.09578
10 64 172.84718
10 65 144.0606
10 66 118.31042
10 67 130.42908
10 68 164.73255
10 69 179.45016
10 70 117.45125
10 71 185.34603
10 72 162.36539
10 73 192.70093
10 74 160.59747
10 75 177.10219
10 76 189.08074
10 77 118.99837
10 78 109.42282
10 79 123.91927
10 80 146.6125
10 81 193.0645
10 82 183.68809
10 83 124.56535
10 84 132.72807
10 85 125.72197
10 86 162.69048
10 87 146.03287
10 88 112.6763
10 89 180.15685
10 90 180.55841
10 91 148.34545
10 92 109.46538
10 93 129.93856
10 94 118.71669
10 95 147.38408
10 96 148.65428
10 97 136.51004
10 98 131.94229
10 99 139.46238
11 12 180.05141
11 13 167.92906
11 14 176.51528
11 15 111.22193
11 16 134.22034
11 17 108.87159
11 18 151.68116
11 19 129.63666
11 20 191.64684
11 21 170.36333
11 22 132.323
11 23 136.48347
11 24 127.79862
11 25 186.54125
11 26 172.42781
11 27 182.70267
11 28 154.09894
11 29 117.22873
11 30 192.16862
11 31 183.09483
11 32 186.9961
11 33 186.8203
11 34 106.16128
11 35 171.5148
11 36 160.89251
11 37 114.02068
11 38 112.34935
11 39 117.23149
11 40 182.81052
11 41 116.10819
11 42 112.56408
11 43 149.00867
11 44 164.35665
11 45 128.92793
11 46 196.91245
11 47 119.14965
11 48 125.4528
11 49 121.37947
11 50 164.91379
11 51 172.45772
11 52 189.43396
11 53 157.08634
11 54 157.87765
11 55 140.58709
11 56 124.77906
11 57 156.31275
11 58 193.96679
11 59 108.73338
11 60 151.18403
11 61 195.98083
11 62 104.02945
11 63 127.02911
11 64 172.96877
11 65 183.89322
11 66 195.4827
11 67 101.99486
11 68 176.78443
11 69 112.33026
11 70 143.67738
11 71 103.31895
11 72 115.14568
11 73 171.14842
11 74 117.275
11 75 196.39432
11 76 114.63765
11 77 137.74312
11 78 178.35019
11 79 184.99775
11 80 171.92875
11 81 151.83067
11 82 129.0916
11 83 126.44194
11 84 101.54571
11 85 169.56737
11 86 143.28433
11 87 112.46589
11 88 135.78262
11 89 130.87967
11 90 171.39204
11 91 107.54321
11 92 106.43761
11 93 115.39264
11 94 144.19197
11 95 128.38392
11 96 114.53499
11 97 136.44433
11 98 179.30203
11 99 189.95689
12 13 137.63095
12 14 130.96432
12 15 146.06901
12 16 130.32316
12 17 182.13846
12 18 158.88525
12 19 115.89856
12 20 102.74994
12 21 195.27125
12 22 181.90333
12 23 146.72314
12 24 124.3074
12 25 100.2195
12 26 152.25759
12 27 103.26057
12 28 133.63318
12 29 193.68099
12 30 121.31714
12 31 100.6554
12 32 132.6856
12 33 147.55609
12 34 126.49535
12 35 151.7905
12 36 165.90733
12 37 172.8804
12 38 129.57422
12 39 118.74151
12 40 157.75202
12 41 146.8426
12 42 144.71575
12 43 164.24852
12 44 134.7812
12 45 165.08884
12 46 193.75566
12 47 165.41069
12 48 165.74692
12 49 185.19543
12 50 108.36541
12 51 152.78116
12 52 135.63095
12 53 141.62079
12 54 165.67701
12 55 168.31925
12 56 177.24995
12 57 168.16508
12 58 116.93772
12 59 117.66405
12 60 156.91745
12 61 171.95302
12 62 199.25961
12 63 119.61657
12 64 143.15997
12 65 153.65507
12 66 135.07399
12 67 103.35967
12 68 157.22574
12 69 117.67233
12 70 183.04392
12 71 123.40292
12 72 141.23432
12 73 176.42746
12 74 136.04298
12 75 179.94994
12 76 139.41792
12 77 198.04758
12 78 169.96976
12 79 148.93419
12 80 104.19082
12 81 118.05885
12 82 190.62798
12 83 164.91704
12 84 147.39426
12 85 144.68621
12 86 129.24977
12 87 111.85809
12 88 191.37174
12 89 146.775
12 90 196.28408
12 91 111.21334
12 92 187.27172
12 93 185.49353
12 94 138.95194
12 95 134.07281
12 96 185.24886
12 97 129.12437
12 98 112.01987
12 99 158.71714
13 14 161.61508
13 15 126.3659
13 16 147.50972
13 17 195.33623
13 18 171.67052
13 19 187.29678
13 20 115.48517
13 21 183.90774
13 22 196.89661
13 23 112.48053
13 24 143.03344
13 25 114.25621
13 26 118.51811
13 27 139.46137
13 28 171.29034
13 29 192.26101
13 30 103.76094
13 31 134.62105
13 32 117.132
13 33 118.4532
13 34 133.17532
13 35 177.16264
13 36 199.13621
13 37 152.0023
13 38 102.8368
13 39 131.07067
13 40 126.55163
13 41 164.74022
13 42 179.3275
13 43 160.3834
13 44 122.19779
13 45 126.35216
13 46 172.75452
13 47 180.40322
13 48 132.07639
13 49 140.44611
13 50 140.22427
13 51 142.6519
13 52 195.98477
13 53 130.79967
13 54 134.0976
13 55 133.33807
13 56 123.82485
13 57 189.59685
13 58 161.52406
13 59 101.98765
13 60 151.61787
13 61 159.97505
13 62 166.83533
13 63 130.06417
13 64 170.12264
13 65 138.00713
13 66 195.43837
13 67 172.65877
13 68 197.18811
13 69 106.92324
13 70 135.04453
13 71 168.16381
13 72 150.99575
13 73 177.4681
13 74 145.96611
13 75 150.04064
13 76 104.76295
13 77 113.22227
13 78 183.2368
13 79 120.53042
13 80 148.87066
13 81 125.43336
13 82 159.84259
13 83 177.49927
13 84 125.83548
13 85 153.48552
13 86 187.79895
13 87 125.03457
13 88 119.46345
13 89 113.20899
13 90 171.65666
13 91 174.39768
13 92 152.97212
13 93 196.97066
13 94 173.43827
13 95 101.21399
13 96 166.48918
13 97 151.38079
13 98 107.89379
13 99 119.38107
14 15 113.3693
14 16 194.20581
14 17 171.3334
14 18 171.11849
14 19 134.67775
14 20 150.30418
14 21 112.90366
14 22 172.53541
14 23 139.02399
14 24 111.86579
14 25 157.9145
14 26 143.35916
14 27 199.59055
14 28 105.28582
14 29 172.04911
14 30 163.46772
14 31 119.77606
14 32 145.92856
14 33 167.36275
14 34 121.91614
14 35 106.44472
14 36 115.37418
14 37 195.12047
14 38 166.59691
14 39 116.0935
14 40 117.31991
14 41 190.52193
14 42 128.42622
14 43 158.66524
14 44 147.40948
14 45 155.80476
14 46 193.7964
14 47 114.08628
14 48 157.49399
14 49 190.65688
14 50 149.47084
14 51 194.51572
14 52 144.3066
14 53 136.94926
14 54 139.33971
14 55 132.93032
14 56 180.5604
14 57 115.37696
14 58 154.14146
14 59 178.86769
14 60 148.21948
14 61 158.94211
14 62 129.84257
14 63 141.08074
14 64 119.60288
14 65 151.82557
14 66 160.31373
14 67 174.98104
14 68 198.75889
14 69 188.26676
14 70 131.81972
14 71 182.81207
14 72 190.74218
14 73 186.85097
14 74 108.90375
14 75 187.17424
14 76 119.78911
14 77 147.88965
14 78 177.05228
14 79 121.03964
14 80 176.80958
14 81 141.62874
14 82 184.1182
14 83 144.45762
14 84 153.55305
14 85 114.20474
14 86 110.25205
14 87 127.46715
14 88 107.2585
14 89 186.16235
14 90 146.09828
14 91 176.4098
14 92 102.51515
14 93 173.27788
14 94 130.17916
14 95 127.95518
14 96 159.36429
14 97 147.13452
14 98 189.40383
14 99 178.18657
15 16 173.06747
15 17 170.82308
15 18 135.71516
15 19 141.29067
15 20 150.30249
15 21 191.97086
15 22 106.99353
15 23 157.82362
15 24 148.78055
15 25 190.39
15 26 131.41637
15 27 172.64445
15 28 116.99401
15 29 194.48269
15 30 130.97622
15 31 132.08566
15 32 193.30431
15 33 129.0578
15 34 189.82073
15 35 143.84153
15 36 175.2408
15 37 144.85799
15 38 129.36315
15 39 190.8184
15 40 166.94451
15 41 162.75379
15 42 138.41329
15 43 113.86586
15 44 109.64696
15 45 102.52816
15 46 180.59819
15 47 146.93249
15 48 192.68243
15 49 150.77645
15 50 125.9994
15 51 118.80181
15 52 148.75288
15 53 141.94239
15 54 157.30649
15 55 139.24168
15 56 193.70443
15 57 126.93484
15 58 138.87134
15 59 188.46425
15 60 106.0254
15 61 123.57849
15 62 130.64509
15 63 165.44683
15 64 180.92408
15 65 179.59968
15 66 169.69728
15 67 100.53298
15 68 104.70476
15 69 105.10724
15 70 174.50261
15 71 167.98825
15 72 189.46324
15 73 148.33162
15 74 119.9587
15 75 160.49737
15 76 133.49542
15 77 118.37798
15 78 184.02195
15 79 192.13414
15 80 182.36006
15 81 188.50279
15 82 190.46304
15 83 172.50555
15 84 102.98731
15 85 158.26408
15 86 116.79265
15 87 133.80588
15 88 123.59113
15 89 182.17677
15 90 159.41406
15 91 169.88507
15 92 177.59689
15 93 115.19969
15 94 141.06714
15 95 145.17534
15 96 109.08633
15 97 138.94445
15 98 121.75734
15 99 188.33085
16 17 111.30115
16 18 152.68061
16 19 170.87657
16 20 156.427
16 21 148.55794
16 22 166.65559
16 23 145.59232
16 24 119.5881
16 25 162.75617
16 26 191.96053
16 27 197.51148
16 28 158.885
16 29 106.30348
16 30 155.21938
16 31 176.45754
16 32 191.63481
16 33 198.49753
16 34 168.07896
16 35 174.85225
16 36 175.40404
16 37 133.40416
16 38 116.3066
16 39 175.42604
16 40 113.24586
16 41 164.02039
16 42 181.61036
16 43 156.61815
16 44 131.21184
16 45 171.2304
16 46 113.78962
16 47 188.85097
16 48 136.55046
16 49 128.68173
16 50 145.90273
16 51 188.38929
16 52 136.36017
16 53 183.38436
16 54 140.79972
16 55 108.03061
16 56 145.34173
16 57 195.56164
16 58 132.37231
16 59 154.73939
16 60 187.48439
16 61 191.62034
16 62 182.48426
16 63 185.14534
16 64 145.73902
16 65 167.40856
16 66 111.86466
16 67 153.8393
16 68 135.24107
16 69 113.67122
16 70 139.32446
16 71 186.19688
16 72 146.98513
16 73 126.70613
16 74 160.68103
16 75 171.49846
16 76 189.63641
16 77 165.13207
16 78 158.1967
16 79 100.13356
16 80 165.64712
16 81 137.39509
16 82 131.31154
16 83 130.44776
16 84 185.45288
16 85 170.55526
16 86 103.83464
16 87 198.61822
16 88 112.61786
16 89 149.70231
16 90 125.21583
16 91 172.92716
16 92 182.23408
16 93 150.92515
16 94 153.62601
16 95 199.57416
16 96 145.48959
16 97 171.071
16 98 142.64762
16 99 148.01033
17 18 136.06595
17 19 130.91642
17 20 166.32125
17 21 194.56184
17 22 156.92966
17 23 180.93233
17 24 193.84896
17 25 137.98615
17 26 115.63416
17 27 101.60862
17 28 183.70124
17 29 104.81203
17 30 130.49195
17 31 107.90455
17 32 150.00559
17 33 150.22797
17 34 197.78514
17 35 124.95494
17 36 195.59145
17 37 140.68383
17 38 115.91589
17 39 109.69666
17 40 110.28851
17 41 109.25615
17 42 130.5825
17 43 101.88648
17 44 150.53098
17 45 152.61341
17 46 110.8097
17 47 101.94449
17 48 192.01775
17 49 130.15087
17 50 175.66556
17 51 140.68917
17 52 111.28547
17 53 111.14857
17 54 191.9295
17 55 147.27076
17 56 142.05599
17 57 106.50296
17 58 131.38163
17 59 102.44767
17 60 121.47655
17 61 177.75799
17 62 173.3422
17 63 198.66592
17 64 102.14708
17 65 158.09195
17 66 181.3521
17 67 154.702
17 68 129.3017
17 69 154.1048
17 70 118.94805
17 71 101.67749
17 72 189.93506
17 73 113.42989
17 74 112.02054
17 75 182.40121
17 76 182.19406
17 77 176.38822
17 78 172.56233
17 79 170.90437
17 80 138.3225
17 81 113.59892
17 82 161.41862
17 83 124.59109
17 84 158.41591
17 85 186.62024
17 86 149.27446
17 87 197.48293
17 88 109.65308
17 89 169.89201
17 90 157.79133
17 91 123.86528
17 92 196.50192
17 93 102.86447
17 94 180.14649
17 95 177.61668
17 96 199.7379
17 97 118.13314
17 98 141.43646
17 99 146.32513
18 19 175.91688
18 20 120.59266
18 21 194.57705
18 22 176.03186
18 23 132.18367
18 24 171.38851
18 25 120.50956
18 26 149.93463
18 27 172.91168
18 28 101.87272
18 29 195.43596
18 30 175.2664
18 31 177.54894
18 32 116.84455
18 33 163.15108
18 34 156.28529
18 35 185.10556
18 36 128.53287
18 37 197.61284
18 38 101.38127
18 39 155.16367
18 40 183.42326
18 41 193.3951
18 42 182.31116
18 43 135.91019
18 44 128.64918
18 45 130.58079
18 46 169.44943
18 47 108.41859
18 48 172.35546
18 49 145.89082
18 50 157.87876
18 51 198.42829
18 52 191.76261
18 53 160.98613
18 54 138.14988
18 55 102.50027
18 56 175.67687
18 57 109.42437
18 58 148.06536
18 59 122.77678
18 60 126.62856
18 61 127.10039
18 62 117.34514
18 63 177.34313
18 64 165.17976
18 65 179.59223
18 66 143.81911
18 67 171.15576
18 68 103.15918
18 69 155.91115
18 70 195.57224
18 71 106.95651
18 72 164.79468
18 73 101.71826
18 74 130.32758
18 75 128.73039
18 76 192.0037
18 77 163.47468
18 78 138.67675
18 79 190.95762
18 80 162.51922
18 81 179.09183
18 82 158.80684
18 83 171.94634
18 84 163.63565
18 85 105.159
18 86 172.50576
18 87 130.51375
18 88 122.74178
18 89 196.20174
18 90 156.23424
18 91 156.03532
18 92 167.29663
18 93 171.80233
18 94 192.38204
18 95 190.92959
18 96 179.12123
18 97 140.82644
18 98 197.90773
18 99 195.15661
19 20 136.26013
19 21 124.32805
19 22 163.59179
19 23 191.46302
19 24 161.80132
19 25 111.1519
19 26 145.56979
19 27 150.49508
19 28 109.90197
19 29 119.5532
19 30 136.78516
19 31 117.95739
19 32 185.95281
19 33 170.40452
19 34 131.79568
19 35 114.87835
19 36 104.13918
19 37 163.75058
19 38 124.74735
19 39 183.95042
19 40 199.99533
19 41 168.06889
19 42 149.52191
19 43 123.73837
19 44 137.81164
19 45 105.66197
19 46 108.06539
19 47 186.75712
19 48 150.83291
19 49 169.77465
19 50 139.76413
19 51 124.02773
19 52 103.5985
19 53 132.54941
19 54 122.51586
19 55 198.8526
19 56 133.19857
19 57 194.14859
19 58 144.05547
19 59 114.51086
19 60 137.72045
19 61 101.57929
19 62 175.5757
19 63 128.15996
19 64 107.05621
19 65 191.26821
19 66 188.60504
19 67 186.65493
19 68 183.48481
19 69 116.7699
19 70 195.52051
19 71 132.07504
19 72 179.36329
19 73 120.08642
19 74 173.71826
19 75 147.61999
19 76 151.80986
19 77 176.25124
19 78 108.71537
19 79 159.65093
19 80 109.35586
19 81 174.35508
19 82 141.85078
19 83 174.78263
19 84 187.23059
19 85 183.02949
19 86 101.9442
19 87 167.3605
19 88 186.27758
19 89 160.63687
19 90 129.25992
19 91 199.61595
19 92 121.8804
19 93 141.32779
19 94 185.39459
19 95 162.46126
19 96 144.34725
19 97 144.34013
19 98 168.73834
19 99 119.1645
20 21 179.84338
20 22 137.10441
20 23 179.41519
20 24 112.8931
20 25 199.62982
20 26 106.06103
20 27 111.15562
20 28 194.87029
20 29 110.89143
20 30 140.28086
20 31 123.25746
20 32 162.60725
20 33 186.44967
20 34 199.05191
20 35 102.09947
20 36 108.20096
20 37 111.18432
20 38 152.23171
20 39 160.52341
20 40 110.49247
20 41 180.32332
20 42 173.42534
20 43 147.02852
20 44 135.99473
20 45 146.1666
20 46 129.11119
20 47 100.39416
20 48 118.88607
20 49 112.77219
20 50 187.70583
20 51 159.70328
20 52 165.90652
20 53 181.33678
20 54 197.81643
20 55 185.5596
20 56 102.48825
20 57 179.85575
20 58 146.4411
20 59 192.48449
20 60 193.59774
20 61 132.66236
20 62 155.62374
20 63 193.10373
20 64 193.96105
20 65 136.99301
20 66 111.78194
20 67 184.65815
20 68 176.50747
20 69 177.77864
20 70 196.68701
20 71 149.46946
20 72 194.97092
20 73 137.49619
20 74 195.09214
20 75 137.72343
20 76 120.59152
20 77 172.59957
20 78 180.58232
20 79 135.1886
20 80 103.23996
20 81 150.41225
20 82 115.53189
20 83 168.09861
20 84 134.92228
20 85 151.59511
20 86 176.44964
20 87 165.63897
20 88 159.53749
20 89 130.18386
20 90 168.32377
20 91 167.32713
20 92 145.76596
20 93 182.80513
20 94 132.67767
20 95 189.21353
20 96 115.54148
20 97 173.73857
20 98 154.30244
20 99 114.93498
21 22 176.4016
21 23 132.11135
21 24 134.52717
21 25 176.70955
21 26 128.66305
21 27 158.60591
21 28 123.83531
21 29 145.43447
21 30 181.86105
21 31 164.52631
21 32 199.17053
21 33 147.09603
21 34 154.3729
21 35 111.70096
21 36 197.03465
21 37 186.91568
21 38 196.02925
21 39 104.87295
21 40 103.08266
21 41 171.89945
21 42 137.69646
21 43 110.57323
21 44 171.68847
21 45 165.55545
21 46 106.42479
21 47 131.86849
21 48 121.84118
21 49 121.93902
21 50 122.62708
21 51 152.48338
21 52 102.04596
21 53 178.05919
21 54 115.40854
21 55 107.51701
21 56 182.54186
21 57 128.14367
21 58 191.24296
21 59 103.44802
21 60 144.12217
21 61 185.41874
21 62 166.10306
21 63 195.26947
21 64 147.36029
21 65 108.07051
21 66 185.66354
21 67 145.91621
21 68 124.35775
21 69 139.95334
21 70 153.77448
21 71 188.13191
21 72 195.82567
21 73 135.33999
21 74 186.77834
21 75 120.08638
21 76 102.54193
21 77 170.97201
21 78 125.28288
21 79 128.43748
21 80 181.70844
21 81 171.06887
21 82 169.79202
21 83 146.78564
21 84 195.51383
21 85 180.7096
21 86 174.48761
21 87 139.75465
21 88 150.64426
21 89 117.9166
21 90 151.83202
21 91 135.4012
21 92 180.88297
21 93 165.28584
21 94 193.724
21 95 123.12549
21 96 144.32291
21 97 156.52918
21 98 129.42854
21 99 160.3793
22 23 183.99231
22 24 130.68966
22 25 195.86959
22 26 182.6319
22 27 179.81792
22 28 199.34457
22 29 184.72763
22 30 103.84639
22 31 177.58673
22 32 135.29744
22 33 165.0208
22 34 186.35045
22 35 130.34515
22 36 141.01325
22 37 152.90309
22 38 172.97918
22 39 142.28803
22 40 185.87951
22 41 171.29391
22 42 105.65802
22 43 129.11216
22 44 192.68828
22 45 199.557
22 46 175.19575
22 47 151.08143
22 48 193.02464
22 49 164.14337
22 50 180.00923
22 51 104.6403
22 52 135.53882
22 53 107.17641
22 54 106.25381
22 55 137.19233
22 56 174.0413
22 57 138.51118
22 58 193.73009
22 59 140.77592
22 60 137.08491
22 61 141.9095
22 62 164.22432
22 63 191.97337
22 64 105.79208
22 65 165.22096
22 66 154.91072
22 67 175.05965
22 68 124.72058
22 69 170.54051
22 70 106.47217
22 71 124.74389
22 72 166.65577
22 73 117.30143
22 74 173.13026
22 75 105.29628
22 76 155.5371
22 77 127.83467
22 78 192.74973
22 79 180.93431
22 80 129.15938
22 81 152.208
22 82 188.50275
22 83 118.67028
22 84 140.80307
22 85 181.96369
22 86 134.92676
22 87 112.47466
22 88 101.81313
22 89 129.77315
22 90 183.23066
22 91 192.1986
22 92 117.05123
22 93 119.21522
22 94 176.68058
22 95 116.29264
22 96 150.84646
22 97 128.05009
22 98 188.73886
22 99 137.31464
23 24 169.58333
23 25 191.07468
23 26 129.78179
23 27 155.61195
23 28 146.36716
23 29 156.75059
23 30 179.21398
23 31 123.7426
23 32 135.7142
23 33 117.54941
23 34 158.66199
23 35 114.73337
23 36 154.91373
23 37 109.66872
23 38 118.42162
23 39 133.20912
23 40 139.55629
23 41 163.39697
23 42 153.19858
23 43 160.2725
23 44 173.49589
23 45 141.15754
23 46 143.12662
23 47 163.14513
23 48 110.79844
23 49 162.31099
23 50 142.03608
23 51 124.71912
23 52 127.13652
23 53 189.75098
23 54 171.20787
23 55 170.06819
23 56 151.47125
23 57 186.70638
23 58 194.98554
23 59 135.84846
23 60 177.48552
23 61 113.08128
23 62 100.9106
23 63 187.28437
23 64 135.35125
23 65 159.05944
23 66 141.75057
23 67 128.05956
23 68 163.61271
23 69 174.02918
23 70 109.97796
23 71 115.22347
23 72 185.35998
23 73 152.73179
23 74 133.05412
23 75 110.13152
23 76 121.97355
23 77 177.15466
23 78 116.76264
23 79 127.00667
23 80 135.15569
23 81 135.96241
23 82 169.49592
23 83 186.1535
23 84 153.29897
23 85 154.18129
23 86 102.14954
23 87 188.73042
23 88 192.76312
23 89 152.85388
23 90 114.91605
23 91 112.67888
23 92 157.70177
23 93 113.14885
23 94 126.22761
23 95 109.69997
23 96 101.86424
23 97 126.81834
23 98 199.46779
23 99 158.76429
24 25 103.53338
24 26 127.73832
24 27 124.74191
24 28 183.15174
24 29 183.5041
24 30 198.59296
24 31 196.04113
24 32 113.43564
24 33 168.84116
24 34 183.12567
24 35 118.63009
24 36 138.10179
24 37 115.88641
24 38 138.78751
24 39 198.37233
24 40 148.20484
24 41 102.17634
24 42 112.40969
24 43 111.27789
24 44 130.96189
24 45 116.73392
24 46 100.2674
24 47 102.30833
24 48 199.52985
24 49 121.49173
24 50 169.37827
24 51 173.51398
24 52 107.13337
24 53 132.65886
24 54 187.73372
24 55 192.0251
24 56 143.64802
24 57 128.78605
24 58 118.96189
24 59 118.95008
24 60 181.18272
24 61 178.65243
24 62 102.2609
24 63 198.22101
24 64 107.22609
24 65 122.83993
24 66 198.57121
24 67 107.46349
24 68 112.28688
24 69 167.30005
24 70 172.59093
24 71 108.47158
24 72 108.77625
24 73 151.21868
24 74 141.30018
24 75 184.44749
24 76 176.16418
24 77 166.23123
24 78 115.4218
24 79 167.31442
24 80 149.0751
24 81 142.95708
24 82 191.36895
24 83 118.4099
24 84 193.70533
24 85 190.29869
24 86 119.91948
24 87 192.55651
24 88 103.68857
24 89 146.23032
24 90 159.09211
24 91 102.94165
24 92 167.06181
24 93 174.14721
24 94 184.77626
24 95 198.649
24 96 153.95693
24 97 121.0778
24 98 153.57589
24 99 152.05606
25 26 106.90032
25 27 139.19873
25 28 172.32212
25 29 162.3092
25 30 168.33745
25 31 146.94629
25 32 128.93486
25 33 133.38138
25 34 130.45439
25 35 129.02722
25 36 101.69645
25 37 192.07507
25 38 189.19541
25 39 142.9863
25 40 157.55465
25 41 111.45262
25 42 128.16452
25 43 108.79588
25 44 172.14887
25 45 168.36759
25 46 142.9208
25 47 130.69479
25 48 144.19491
25 49 110.57744
25 50 179.07554
25 51 191.49913
25 52 104.91992
25 53 165.23044
25 54 144.67694
25 55 176.15792
25 56 184.64632
25 57 165.46605
25 58 192.0825
25 59 127.99813
25 60 192.99485
25 61 132.26649
25 62 155.54065
25 63 194.58737
25 64 150.69398
25 65 159.86957
25 66 100.91381
25 67 156.0634
25 68 166.45219
25 69 112.56156
25 70 167.2427
25 71 140.63721
25 72 127.51465
25 73 143.06999
25 74 161.4285
25 75 155.34928
25 76 155.08331
25 77 167.35682
25 78 162.26778
25 79 180.93891
25 80 125.45086
25 81 110.17794
25 82 159.94483
25 83 137.06761
25 84 194.63416
25 85 158.05127
25 86 122.55957
25 87 199.28042
25 88 164.24321
25 89 114.47382
25 90 143.13407
25 91 131.09395
25 92 193.34925
25 93 144.6754
25 94 158.51176
25 95 171.45099
25 96 135.91736
25 97 148.912
25 98 191.11116
25 99 117.25692
26 27 100.24401
26 28 160.03578
26 29 152.90992
26 30 192.05132
26 31 110.93781
26 32 112.77045
26 33 102.88034
26 34 185.24657
26 35 178.0959
26 36 140.76185
26 37 133.51546
26 38 186.26188
26 39 173.22918
26 40 189.26006
26 41 123.61836
26 42 106.76341
26 43 142.76469
26 44 157.37218
26 45 171.6044
26 46 164.76845
26 47 187.05822
26 48 150.6424
26 49 108.44671
26 50 138.25008
26 51 125.90512
26 52 119.07155
26 53 134.57417
26 54 140.17917
26 55 152.69145
26 56 108.2968
26 57 114.12273
26 58 172.92592
26 59 112.62645
26 60 100.88594
26 61 171.00203
26 62 196.43222
26 63 198.68706
26 64 152.534
26 65 143.55048
26 66 148.75122
26 67 117.59489
26 68 142.80141
26 69 170.64582
26 70 171.50847
26 71 175.36672
26 72 171.07093
26 73 159.23187
26 74 199.90484
26 75 151.37995
26 76 184.88211
26 77 146.30238
26 78 150.50603
26 79 174.87781
26 80 154.15271
26 81 145.08102
26 82 188.97981
26 83 193.72799
26 84 112.55802
26 85 156.26086
26 86 138.62528
26 87 115.9344
26 88 112.39703
26 89 114.13901
26 90 165.37166
26 91 183.6276
26 92 186.7651
26 93 187.61601
26 94 134.49154
26 95 139.53498
26 96 167.05292
26 97 180.25766
26 98 190.70331
26 99 190.13165
27 28 161.344
27 29 151.97752
27 30 127.36359
27 31 182.05033
27 32 147.03855
27 33 114.18224
27 34 192.01395
27 35 160.57556
27 36 159.202
27 37 131.72945
27 38 121.58725
27 39 165.92954
27 40 130.04625
27 41 113.5971
27 42 159.25706
27 43 109.51407
27 44 146.36093
27 45 190.3962
27 46 109.74663
27 47 140.94614
27 48 131.3694
27 49 118.31649
27 50 163.43273
27 51 103.75721
27 52 111.94986
27 53 178.80618
27 54 120.24195
27 55 130.80366
27 56 194.74985
27 57 115.01741
27 58 192.87307
27 59 118.37346
27 60 156.62492
27 61 188.67927
27 62 110.2964
27 63 136.0098
27 64 187.25084
27 65 105.7553
27 66 109.23618
27 67 184.40568
27 68 158.63306
27 69 163.27369
27 70 184.67365
27 71 140.34221
27 72 116.11637
27 73 117.94054
27 74 130.27458
27 75 195.00263
27 76 141.90641
27 77 141.74069
27 78 113.70386
27 79 176.84486
27 80 131.11314
27 81 125.33685
27 82 105.83509
27 83 170.44656
27 84 135.09734
27 85 128.24879
27 86 184.25587
27 87 190.71122
27 88 168.29907
27 89 184.4344
27 90 169.80195
27 91 154.69797
27 92 132.92531
27 93 156.78597
27 94 176.63437
27 95 183.26005
27 96 152.15868
27 97 135.60065
27 98 141.57945
27 99 152.83697
28 29 125.54561
28 30 157.84421
28 31 167.36382
28 32 100.42096
28 33 178.71387
28 34 190.67483
28 35 192.80009
28 36 118.3486
28 37 161.50701
28 38 130.57423
28 39 150.16723
28 40 113.34718
28 41 144.18482
28 42 111.63847
28 43 189.0646
28 44 192.21785
28 45 134.49626
28 46 143.38734
28 47 160.14751
28 48 151.613
28 49 154.95253
28 50 176.34895
28 51 189.02127
28 52 115.41794
28 53 105.75432
28 54 161.60188
28 55 160.71117
28 56 151.58974
28 57 175.46152
28 58 122.91328
28 59 116.84922
28 60 167.31309
28 61 107.9635
28 62 166.13873
28 63 112.56514
28 64 166.11939
28 65 181.83097
28 66 182.61405
28 67 199.50274
28 68 143.56657
28 69 191.37415
28 70 119.46931
28 71 158.45867
28 72 164.86739
28 73 195.16221
28 74 145.76255
28 75 165.73694
28 76 119.01279
28 77 136.11824
28 78 122.53159
28 79 122.53364
28 80 148.2234
28 81 172.54151
28 82 193.87771
28 83 159.353
28 84 199.4357
28 85 154.53289
28 86 192.35195
28 87 128.26242
28 88 110.17095
28 89 144.18505
28 90 125.12834
28 91 114.87231
28 92 119.95553
28 93 105.31669
28 94 130.8297
28 95 161.02465
28 96 125.0295
28 97 148.47647
28 98 141.23995
28 99 129.90887
29 30 120.92045
29 31 129.96922
29 32 193.84548
29 33 143.93166
29 34 165.75698
29 35 138.77781
29 36 186.80657
29 37 138.39875
29 38 178.93499
29 39 138.32368
29 40 101.86001
29 41 136.48394
29 42 166.98129
29 43 184.4861
29 44 151.52825
29 45 150.22402
29 46 177.48724
29 47 185.96267
29 48 132.02394
29 49 108.72092
29 50 149.69167
29 51 177.15297
29 52 168.61069
29 53 170.19417
29 54 144.46455
29 55 199.16459
29 56 165.24344
29 57 177.49599
29 58 148.26065
29 59 120.61305
29 60 134.40554
29 61 185.67556
29 62 140.54772
29 63 197.01559
29 64 117.92092
29 65 157.45167
29 66 146.69848
29 67 140.3973
29 68 122.74202
29 69 115.84529
29 70 186.24324
29 71 126.3132
29 72 183.07332
29 73 151.13537
29 74 130.21412
29 75 128.03321
29 76 192.36652
29 77 158.31182
29 78 141.11602
29 79 114.24005
29 80 129.47886
29 81 198.88839
29 82 113.48851
29 83 107.43696
29 84 196.93716
29 85 165.23965
29 86 133.57938
29 87 188.19123
29 88 102.57293
29 89 162.41535
29 90 168.51481
29 91 195.52109
29 92 160.37626
29 93 109.66642
29 94 110.65988
29 95 134.25317
29 96 162.23192
29 97 108.24338
29 98 184.97713
29 99 115.68439
30 31 123.90467
30 32 166.90244
30 33 165.57598
30 34 172.74864
30 35 182.76947
30 36 169.91503
30 37 181.7183
30 38 123.64905
30 39 163.16818
30 40 116.28031
30 41 145.27525
30 42 196.10378
30 43 107.7903
30 44 111.77232
30 45 105.92378
30 46 194.79966
30 47 170.48709
30 48 150.87699
30 49 169.05915
30 50 103.01522
30 51 139.14121
30 52 159.02831
30 53 178.4323
30 54 113.17132
30 55 102.00123
30 56 140.61207
30 57 166.03444
30 58 109.46333
30 59 159.29839
30 60 171.89742
30 61 189.53291
30 62 149.6231
30 63 139.64949
30 64 115.29043
30 65 196.90958
30 66 140.73927
30 67 176.18248
30 68 170.06056
30 69 178.93357
30 70 141.82667
30 71 180.54271
30 72 148.27488
30 73 169.55068
30 74 189.88139
30 75 112.77126
30 76 119.54442
30 77 191.42082
30 78 170.91244
30 79 138.46667
30 80 102.67114
30 81 199.86119
30 82 144.13209
30 83 102.94788
30 84 135.69559
30 85 115.11525
30 86 173.78524
30 87 130.20565
30 88 185.90085
30 89 191.33026
30 90 184.67523
30 91 119.40188
30 92 189.16172
30 93 154.45644
30 94 191.05121
30 95 123.55164
30 96 127.42956
30 97 192.20991
30 98 141.18095
30 99 123.26347
31 32 150.75143
31 33 187.20775
31 34 141.80273
31 35 158.77505
31 36 138.21159
31 37 179.9845
31 38 148.36491
31 39 166.11535
31 40 173.02291
31 41 159.34611
31 42 130.9211
31 43 172.62413
31 44 151.10409
31 45 118.96578
31 46 182.53067
31 47 151.60071
31 48 157.60732
31 49 171.85633
31 50 188.75191
31 51 117.99977
31 52 189.34051
31 53 139.86477
31 54 134.96857
31 55 143.53167
31 56 188.25206
31 57 182.85903
31 58 131.75286
31 59 118.47124
31 60 187.18323
31 61 161.1465
31 62 111.97087
31 63 159.09191
31 64 190.72254
31 65 175.03452
31 66 134.16451
31 67 140.41533
31 68 100.43031
31 69 194.36757
31 70 109.50481
31 71 112.24362
31 72 150.81979
31 73 135.9563
31 74 186.69712
31 75 162.70586
31 76 173.75813
31 77 165.48126
31 78 110.93836
31 79 187.61888
31 80 142.70431
31 81 115.342
31 82 119.27854
31 83 176.22565
31 84 174.00758
31 85 188.5109
31 86 114.35722
31 87 179.5827
31 88 184.7385
31 89 105.11238
31 90 101.94787
31 91 145.05147
31 92 129.75758
31 93 186.63101
31 94 190.8617
31 95 160.9227
31 96 179.8452
31 97 108.39189
31 98 135.71887
31 99 160.02034
32 33 198.22312
32 34 190.01804
32 35 183.7143
32 36 184.227
32 37 151.46701
32 38 165.35953
32 39 156.34903
32 40 109.90718
32 41 157.71059
32 42 140.91168
32 43 128.14126
32 44 178.72426
32 45 143.44246
32 46 152.55747
32 47 136.48373
32 48 131.98777
32 49 135.41229
32 50 130.42753
32 51 167.55469
32 52 178.62416
32 53 183.83131
32 54 172.59866
32 55 138.68043
32 56 179.64486
32 57 126.12612
32 58 158.65644
32 59 113.49609
32 60 120.05766
32 61 180.59962
32 62 142.95721
32 63 185.19912
32 64 189.35259
32 65 109.29828
32 66 171.73981
32 67 190.59665
32 68 170.79405
32 69 159.11884
32 70 105.64834
32 71 185.48165
32 72 131.31953
32 73 149.5063
32 74 107.79991
32 75 123.95938
32 76 163.37344
32 77 164.94941
32 78 188.82093
32 79 138.2994
32 80 196.11381
32 81 115.60513
32 82 138.32009
32 83 151.51558
32 84 134.55928
32 85 101.1797
32 86 194.51573
32 87 150.86678
32 88 127.23846
32 89 133.34649
32 90 127.37492
32 91 110.90955
32 92 184.39265
32 93 113.75646
32 94 195.72052
32 95 151.24651
32 96 128.52585
32 97 164.83754
32 98 182.01282
32 99 115.26531
33 34 183.74729
33 35 129.90477
33 36 196.27021
33 37 199.09704
33 38 156.55333
33 39 163.20752
33 40 150.75552
33 41 133.65628
33 42 125.81579
33 43 161.0215
33 44 186.1039
33 45 148.80106
33 46 111.83433
33 47 148.0293
33 48 191.75308
33 49 180.67768
33 50 158.70366
33 51 115.59628
33 52 184.14586
33 53 196.39838
33 54 100.03168
33 55 146.08879
33 56 140.90909
33 57 135.57476
33 58 147.34352
33 59 176.9183
33 60 168.09242
33 61 193.39689
33 62 158.12785
33 63 159.24361
33 64 155.8235
33 65 185.74352
33 66 169.67073
33 67 149.6778
33 68 191.7857
33 69 115.28208
33 70 101.63081
33 71 191.0082
33 72 113.21033
33 73 181.08423
33 74 143.55248
33 75 155.34238
33 76 162.24515
33 77 126.86374
33 78 104.87709
33 79 184.05262
33 80 150.73888
33 81 153.96385
33 82 140.75453
33 83 104.69634
33 84 154.9079
33 85 127.92292
33 86 122.40374
33 87 170.63275
33 88 112.28423
33 89 162.57064
33 90 134.64105
33 91 148.43081
33 92 153.24148
33 93 186.57177
33 94 178.40907
33 95 100.67194
33 96 182.23544
33 97 143.88764
33 98 143.332
33 99 193.7424
34 35 108.39218
34 36 153.43756
34 37 168.69739
34 38 191.2825
34 39 178.92937
34 40 117.22758
34 41 173.56837
34 42 173.34568
34 43 104.36062
34 44 165.39078
34 45 156.02305
34 46 190.23862
34 47 128.08576
34 48 123.0575
34 49 139.84274
34 50 123.12766
34 51 178.62757
34 52 142.8068
34 53 164.77689
34 54 187.53173
34 55 188.1143
34 56 108.11016
34 57 167.97167
34 58 177.02919
34 59 114.36521
34 60 151.76626
34 61 189.46879
34 62 128.26195
34 63 176.74743
34 64 110.50441
34 65 100.02403
34 66 108.62907
34 67 107.54274
34 68 102.4361
34 69 119.34217
34 70 151.65148
34 71 138.8377
34 72 145.46517
34 73 178.03051
34 74 169.59123
34 75 121.86266
34 76 148.83134
34 77 183.47204
34 78 184.59097
34 79 140.16023
34 80 191.39291
34 81 166.17315
34 82 112.71172
34 83 165.73548
34 84 149.79131
34 85 146.70157
34 86 199.75001
34 87 102.40641
34 88 121.53773
34 89 115.79523
34 90 115.49038
34 91 170.81893
34 92 114.44111
34 93 190.13678
34 94 107.09417
34 95 186.90282
34 96 183.29805
34 97 197.80143
34 98 140.60996
34 99 179.05743
35 36 171.42216
35 37 126.17337
35 38 162.62512
35 39 103.20424
35 40 155.20514
35 41 146.97935
35 42 163.77044
35 43 164.76095
35 44 178.90604
35 45 147.83549
35 46 123.71289
35 47 162.94662
35 48 144.25768
35 49 162.95538
35 50 101.81066
35 51 113.17738
35 52 165.87829
35 53 151.50862
35 54 141.52208
35 55 114.349
35 56 131.54842
35 57 188.35442
35 58 166.2217
35 59 131.00229
35 60 134.23706
35 61 144.64417
35 62 103.81539
35 63 143.60631
35 64 131.15311
35 65 151.45972
35 66 111.09724
35 67 182.819
35 68 170.7543
35 69 105.38135
35 70 118.49789
35 71 177.12335
35 72 156.4225
35 73 163.3355
35 74 163.03551
35 75 156.11719
35 76 127.10807
35 77 152.7617
35 78 171.76546
35 79 168.6947
35 80 181.91945
35 81 117.70652
35 82 129.21585
35 83 113.08229
35 84 189.30234
35 85 166.48675
35 86 179.82461
35 87 163.93127
35 88 148.85258
35 89 195.86047
35 90 164.5446
35 91 159.56732
35 92 146.2425
35 93 137.03478
35 94 131.159
35 95 191.65854
35 96 132.22534
35 97 189.43644
35 98 192.04835
35 99 155.30334
36 37 132.13232
36 38 193.34141
36 39 111.56794
36 40 189.37352
36 41 182.17728
36 42 194.0065
36 43 101.09519
36 44 124.32365
36 45 173.15075
36 46 161.97498
36 47 111.09303
36 48 167.27465
36 49 124.7066
36 50 122.03419
36 51 119.87126
36 52 104.74041
36 53 186.10493
36 54 115.64168
36 55 167.79729
36 56 172.61753
36 57 142.69935
36 58 114.42132
36 59 107.78404
36 60 152.24352
36 61 162.51174
36 62 149.04713
36 63 127.78906
36 64 165.10907
36 65 187.7477
36 66 111.0065
36 67 193.68961
36 68 138.03266
36 69 159.58454
36 70 149.39747
36 71 167.55059
36 72 115.15199
36 73 114.79518
36 74 146.82495
36 75 195.77484
36 76 147.80493
36 77 169.45529
36 78 162.17281
36 79 130.41907
36 80 126.64221
36 81 116.49711
36 82 112.84303
36 83 175.18825
36 84 143.92574
36 85 161.89945
36 86 198.1762
36 87 142.75435
36 88 193.30796
36 89 141.40529
36 90 196.1763
36 91 182.6605
36 92 195.11066
36 93 115.67601
36 94 113.53666
36 95 121.86328
36 96 103.42333
36 97 187.54636
36 98 105.28282
36 99 143.31287
37 38 180.32393
37 39 156.83297
37 40 132.21641
37 41 106.28994
37 42 153.96108
37 43 153.93715
37 44 194.69995
37 45 113.34838
37 46 154.11735
37 47 116.04683
37 48 132.72219
37 49 147.93692
37 50 159.51749
37 51 102.60694
37 52 117.41219
37 53 174.93955
37 54 114.88678
37 55 175.00963
37 56 112.38479
37 57 156.19299
37 58 132.41763
37 59 137.28125
37 60 119.63829
37 61 141.78721
37 62 188.88997
37 63 149.00548
37 64 118.92939
37 65 180.70553
37 66 183.64699
37 67 165.01159
37 68 106.58715
37 69 143.03995
37 70 105.3709
37 71 122.91344
37 72 109.02661
37 73 116.69552
37 74 114.69255
37 75 163.03521
37 76 195.7903
37 77 126.36076
37 78 193.73594
37 79 121.58843
37 80 178.89091
37 81 109.23428
37 82 147.10134
37 83 159.78511
37 84 169.73253
37 85 169.19947
37 86 155.34458
37 87 193.99907
37 88 101.35113
37 89 175.39904
37 90 164.76332
37 91 125.07241
37 92 131.12793
37 93 166.38504
37 94 105.46451
37 95 158.64198
37 96 126.82748
37 97 121.51347
37 98 170.49138
37 99 116.94668
38 39 134.51396
38 40 155.35993
38 41 149.88028
38 42 185.0135
38 43 107.49507
38 44 143.67599
38 45 113.25799
38 46 107.30223
38 47 178.44526
38 48 109.22358
38 49 168.97281
38 50 170.20488
38 51 108.204
38 52 199.39313
38 53 102.4356
38 54 132.92302
38 55 179.15973
38 56 108.59571
38 57 189.87022
38 58 185.59859
38 59 138.17207
38 60 169.0574
38 61 157.98203
38 62 126.08514
38 63 171.54229
38 64 190.14618
38 65 139.28997
38 66 131.41183
38 67 109.55294
38 68 147.27562
38 69 154.6613
38 70 108.29753
38 71 148.59449
38 72 194.7577
38 73 167.31638
38 74 186.95465
38 75 109.6984
38 76 100.91858
38 77 190.49118
38 78 174.5947
38 79 172.58191
38 80 118.8238
38 81 105.07195
38 82 151.95308
38 83 189.45982
38 84 156.07969
38 85 150.49724
38 86 166.15833
38 87 124.80272
38 88 170.98242
38 89 149.19794
38 90 120.10068
38 91 119.07687
38 92 182.57717
38 93 164.28075
38 94 177.7387
38 95 130.7671
38 96 170.23924
38 97 161.86992
38 98 193.40052
38 99 125.82127
39 40 127.17927
39 41 133.13571
39 42 182.0202
39 43 185.70394
39 44 116.43233
39 45 184.51458
39 46 187.20343
39 47 188.78523
39 48 170.6243
39 49 131.79339
39 50 105.48784
39 51 149.41385
39 52 126.91099
39 53 132.90608
39 54 136.28387
39 55 142.94017
39 56 195.7693
39 57 131.34583
39 58 117.92953
39 59 115.48323
39 60 172.13553
39 61 111.05792
39 62 111.15626
39 63 144.19429
39 64 116.11471
39 65 122.30347
39 66 185.62625
39 67 101.67059
39 68 156.34207
39 69 165.92832
39 70 109.84482
39 71 152.96637
39 72 178.55961
39 73 197.58391
39 74 183.23049
39 75 103.77855
39 76 109.77709
39 77 116.39571
39 78 139.71744
39 79 199.11544
39 80 198.79068
39 81 168.06704
39 82 103.80388
39 83 133.34063
39 84 196.59804
39 85 183.66217
39 86 113.74783
39 87 146.61972
39 88 173.28934
39 89 169.31141
39 90 112.92612
39 91 187.97241
39 92 104.47727
39 93 150.48588
39 94 117.37453
39 95 114.00677
39 96 125.60359
39 97 196.70817
39 98 195.75376
39 99 132.59849
40 41 139.82901
40 42 119.44625
40 43 104.27933
40 44 182.75795
40 45 134.98605
40 46 151.02858
40 47 153.27989
40 48 144.82185
40 49 122.22419
40 50 102.73336
40 51 148.80835
40 52 141.84782
40 53 181.5031
40 54 182.96687
40 55 195.57304
40 56 194.28802
40 57 179.95759
40 58 114.73134
40 59 163.81391
40 60 145.88739
40 61 108.84786
40 62 178.52227
40 63 178.04256
40 64 114.06181
40 65 167.17025
40 66 180.12985
40 67 108.0516
40 68 175.71097
40 69 148.08993
40 70 107.95299
40 71 123.33956
40 72 158.3558
40 73 168.82726
40 74 145.016
40 75 126.21849
40 76 160.07248
40 77 126.85898
40 78 128.87119
40 79 193.82527
40 80 156.13353
40 81 176.20167
40 82 135.03965
40 83 167.36976
40 84 112.46814
40 85 133.42111
40 86 139.31416
40 87 138.67896
40 88 163.21153
40 89 182.40379
40 90 187.92198
40 91 139.46886
40 92 140.37963
40 93 184.02976
40 94 142.06306
40 95 133.09107
40 96 104.26091
40 97 196.6902
40 98 181.0341
40 99 198.2586
41 42 171.16105
41 43 131.24192
41 44 192.17614
41 45 182.53484
41 46 160.52514
41 47 172.19532
41 48 188.02377
41 49 176.44738
41 50 168.26643
41 51 189.2041
41 52 106.60465
41 53 141.24104
41 54 100.81467
41 55 105.17044
41 56 180.31471
41 57 149.49301
41 58 153.11718
41 59 166.44516
41 60 124.71094
41 61 135.22407
41 62 129.20264
41 63 182.41309
41 64 125.22952
41 65 148.28145
41 66 194.9515
41 67 102.36857
41 68 194.77619
41 69 174.25439
41 70 165.33799
41 71 109.40368
41 72 188.71906
41 73 195.33899
41 74 144.80925
41 75 170.03235
41 76 162.48453
41 77 109.95563
41 78 186.682
41 79 194.41856
41 80 186.34647
41 81 123.46392
41 82 115.56589
41 83 158.29375
41 84 189.51775
41 85 108.37364
41 86 118.98847
41 87 116.8649
41 88 192.53449
41 89 113.66074
41 90 140.30142
41 91 156.36256
41 92 185.53193
41 93 146.00087
41 94 106.21326
41 95 145.55085
41 96 152.24275
41 97 118.69385
41 98 196.67975
41 99 106.64173
42 43 189.34587
42 44 190.05047
42 45 183.64263
42 46 126.91255
42 47 187.1493
42 48 188.37736
42 49 199.98928
42 50 184.99703
42 51 114.82569
42 52 130.33919
42 53 192.48807
42 54 134.46945
42 55 138.73114
42 56 155.94082
42 57 151.22693
42 58 195.35577
42 59 124.31942
42 60 120.6097
42 61 168.12176
42 62 189.52347
42 63 174.78181
42 64 110.1145
42 65 132.2652
42 66 168.49316
42 67 179.25752
42 68 106.68808
42 69 167.92543
42 70 192.23939
42 71 181.5947
42 72 182.82938
42 73 159.25345
42 74 172.32292
42 75 122.45495
42 76 166.74847
42 77 129.27977
42 78 164.81763
42 79 144.9245
42 80 133.16361
42 81 188.09565
42 82 176.92311
42 83 105.55036
42 84 124.8301
42 85 147.18688
42 86 127.82189
42 87 107.79613
42 88 111.50718
42 89 134.78642
42 90 190.70709
42 91 194.63451
42 92 172.91786
42 93 172.87301
42 94 172.50866
42 95 161.54299
42 96 179.89932
42 97 136.08161
42 98 188.72824
42 99 187.24688
43 44 130.10341
43 45 109.98375
43 46 143.5742
43 47 194.89953
43 48 171.10645
43 49 162.5427
43 50 191.89467
43 51 192.47907
43 52 118.26423
43 53 192.96462
43 54 120.67551
43 55 127.15161
43 56 141.44933
43 57 173.42081
43 58 155.32659
43 59 164.72937
43 60 118.53567
43 61 157.40871
43 62 191.20899
43 63 155.61836
43 64 158.69526
43 65 129.04118
43 66 102.25135
43 67 135.28915
43 68 106.83009
43 69 193.83858
43 70 176.37548
43 71 103.69628
43 72 131.96601
43 73 173.26717
43 74 165.22817
43 75 150.26026
43 76 112.4098
43 77 126.21356
43 78 192.71187
43 79 167.93313
43 80 141.50503
43 81 145.85148
43 82 155.45511
43 83 167.44402
43 84 117.89658
43 85 129.01342
43 86 109.68014
43 87 176.22211
43 88 153.43544
43 89 111.54551
43 90 163.83557
43 91 140.05288
43 92 144.06031
43 93 159.61252
43 94 107.93677
43 95 165.28618
43 96 160.26284
43 97 147.86376
43 98 167.96367
43 99 196.40706
44 45 106.95002
44 46 159.00149
44 47 172.50787
44 48 170.44788
44 49 105.75494
44 50 118.33795
44 51 165.62157
44 52 198.15354
44 53 165.40999
44 54 110.0686
44 55 102.90237
44 56 168.3506
44 57 171.45095
44 58 150.35787
44 59 155.08274
44 60 170.953
44 61 125.63747
44 62 128.32431
44 63 188.80641
44 64 183.65759
44 65 127.11135
44 66 163.94697
44 67 101.40463
44 68 160.34941
44 69 121.83758
44 70 157.45612
44 71 199.90937
44 72 185.40533
44 73 150.99799
44 74 128.50451
44 75 191.12563
44 76 103.0921
44 77 127.99909
44 78 152.85962
44 79 145.53928
44 80 143.00282
44 81 176.63761
44 82 166.63731
44 83 106.57727
44 84 177.69009
44 85 125.14859
44 86 123.12084
44 87 113.8579
44 88 198.18183
44 89 110.92401
44 90 117.53027
44 91 105.33925
44 92 163.4955
44 93 102.33242
44 94 177.42523
44 95 117.30633
44 96 129.061
44 97 184.65964
44 98 113.43766
44 99 118.02151
45 46 168.34608
45 47 104.67566
45 48 171.16866
45 49 167.11266
45 50 110.61243
45 51 135.0413
45 52 164.31551
45 53 115.49145
45 54 174.30929
45 55 192.37596
45 56 140.53388
45 57 161.34079
45 58 127.63012
45 59 149.83698
45 60 154.7367
45 61 195.0746
45 62 152.43606
45 63 153.5559
45 64 125.48654
45 65 168.54455
45 66 123.3875
45 67 125.39428
45 68 170.15176
45 69 108.76515
45 70 189.40814
45 71 133.65228
45 72 192.70235
45 73 135.9848
45 74 168.27136
45 75 175.36404
45 76 100.32741
45 77 157.51922
45 78 140.61571
45 79 190.38293
45 80 128.58716
45 81 199.36581
45 82 112.81039
45 83 139.56736
45 84 153.51524
45 85 116.20486
45 86 153.53325
45 87 124.44314
45 88 186.58488
45 89 106.16952
45 90 143.60855
45 91 175.47192
45 92 170.09202
45 93 134.29296
45 94 134.02914
45 95 176.99913
45 96 114.72697
45 97 165.8475
45 98 112.34826
45 99 153.8961
46 47 141.11476
46 48 191.9811
46 49 185.72695
46 50 198.33091
46 51 183.02683
46 52 112.92396
46 53 197.13952
46 54 155.26152
46 55 117.34101
46 56 176.13084
46 57 140.36536
46 58 198.49338
46 59 157.69236
46 60 109.68517
46 61 154.89159
46 62 187.31326
46 63 109.91743
46 64 189.24905
46 65 193.82014
46 66 158.33866
46 67 144.36422
46 68 120.57118
46 69 104.30959
46 70 176.04179
46 71 122.78633
46 72 197.47916
46 73 158.21003
46 74 187.61884
46 75 170.26335
46 76 126.11393
46 77 128.8938
46 78 113.65201
46 79 160.71366
46 80 114.09881
46 81 153.20109
46 82 133.39914
46 83 156.26476
46 84 172.85018
46 85 170.24584
46 86 178.00934
46 87 122.24129
46 88 135.70602
46 89 195.36328
46 90 146.47851
46 91 156.90301
46 92 191.28146
46 93 140.93613
46 94 198.11238
46 95 121.88949
46 96 175.51065
46 97 123.50958
46 98 106.30561
46 99 156.32653
47 48 196.06247
47 49 150.78106
47 50 103.49236
47 51 153.863
47 52 149.40467
47 53 174.59195
47 54 120.83775
47 55 115.44241
47 56 136.51731
47 57 106.93036
47 58 138.43624
47 59 187.07245
47 60 110.78575
47 61 170.1905
47 62 112.07318
47 63 187.52377
47 64 131.22177
47 65 146.76815
47 66 113.22353
47 67 173.05933
47 68 100.28438
47 69 102.42455
47 70 156.20462
47 71 178.16837
47 72 190.3532
47 73 173.93479
47 74 112.03045
47 75 191.9372
47 76 137.92874
47 77 167.52952
47 78 126.10974
47 79 179.00011
47 80 183.83252
47 81 133.42697
47 82 164.40467
47 83 180.23206
47 84 146.14022
47 85 173.91252
47 86 162.58741
47 87 115.03381
47 88 195.79313
47 89 129.5696
47 90 162.28736
47 91 102.18814
47 92 135.45642
47 93 175.94307
47 94 120.5108
47 95 169.60587
47 96 144.382
47 97 102.99519
47 98 196.87936
47 99 108.27889
48 49 132.08033
48 50 159.68957
48 51 143.10927
48 52 136.14699
48 53 118.45219
48 54 116.27097
48 55 159.33731
48 56 110.78357
48 57 191.01243
48 58 178.48109
48 59 123.65787
48 60 104.98972
48 61 172.33515
48 62 181.79616
48 63 148.03664
48 64 149.94702
48 65 102.86374
48 66 185.54466
48 67 195.79143
48 68 135.76666
48 69 184.61049
48 70 139.80594
48 71 179.42127
48 72 153.75278
48 73 139.80032
48 74 155.23982
48 75 180.59487
48 76 180.12345
48 77 166.88369
48 78 166.99313
48 79 191.55507
48 80 178.46494
48 81 101.25212
48 82 170.93221
48 83 113.93033
48 84 107.17347
48 85 180.24089
48 86 167.15171
48 87 187.40584
48 88 107.37163
48 89 147.39385
48 90 166.9723
48 91 186.87206
48 92 143.67874
48 93 124.54239
48 94 174.48325
48 95 116.23302
48 96 106.21221
48 97 146.14034
48 98 160.30295
48 99 124.88494
49 50 174.49766
49 51 164.85584
49 52 140.06289
49 53 107.13023
49 54 167.42067
49 55 143.33272
49 56 192.5001
49 57 166.30951
49 58 159.12772
49 59 173.74499
49 60 135.9421
49 61 172.38395
49 62 189.90413
49 63 124.69604
49 64 152.11591
49 65 168.59296
49 66 131.01564
49 67 152.08637
49 68 110.94698
49 69 114.13742
49 70 138.3333
49 71 138.30936
49 72 174.12047
49 73 151.18647
49 74 102.8835
49 75 181.59112
49 76 101.61147
49 77 195.14424
49 78 120.86172
49 79 135.51812
49 80 119.49789
49 81 120.0255
49 82 194.85486
49 83 164.71474
49 84 155.51713
49 85 168.67646
49 86 188.2293
49 87 104.90881
49 88 120.9488
49 89 121.05473
49 90 125.58678
49 91 157.35207
49 92 190.23491
49 93 112.00584
49 94 174.75169
49 95 196.49101
49 96 116.38181
49 97 133.65864
49 98 181.66441
49 99 189.29388
50 51 137.04155
50 52 135.96521
50 53 152.90827
50 54 146.83389
50 55 147.48522
50 56 182.56504
50 57 149.43581
50 58 129.03667
50 59 125.37118
50 60 141.40389
50 61 184.6277
50 62 177.51459
50 63 172.95788
50 64 135.82084
50 65 117.25711
50 66 117.87951
50 67 167.86473
50 68 122.14005
50 69 139.08384
50 70 196.50775
50 71 175.70059
50 72 132.21323
50 73 185.95411
50 74 149.78863
50 75 189.57453
50 76 122.90514
50 77 131.6015
50 78 126.73678
50 79 173.61536
50 80 191.8744
50 81 122.21479
50 82 180.2786
50 83 165.83938
50 84 160.72211
50 85 191.7899
50 86 154.11982
50 87 181.30353
50 88 135.91346
50 89 192.12516
50 90 152.74319
50 91 184.11645
50 92 135.96657
50 93 149.3266
50 94 169.00805
50 95 199.45434
50 96 176.67049
50 97 155.73532
50 98 145.29155
50 99 111.42257
51 52 187.77441
51 53 169.42681
51 54 110.90849
51 55 114.7302
51 56 138.46658
51 57 181.54238
51 58 144.95041
51 59 198.14546
51 60 119.07923
51 61 166.41702
51 62 140.85683
51 63 164.40258
51 64 180.5922
51 65 192.21442
51 66 195.32684
51 67 169.20342
51 68 179.99423
51 69 158.9879
51 70 150.06364
51 71 155.85203
51 72 130.54592
51 73 175.11199
51 74 111.44057
51 75 194.85799
51 76 196.14518
51 77 136.02419
51 78 156.75918
51 79 140.63038
51 80 102.71218
51 81 110.20667
51 82 129.59668
51 83 172.53071
51 84 160.59442
51 85 194.88926
51 86 174.42637
51 87 100.54417
51 88 158.2693
51 89 188.50908
51 90 118.48059
51 91 121.11142
51 92 151.65371
51 93 115.46573
51 94 155.73059
51 95 120.46972
51 96 104.9091
51 97 157.73961
51 98 122.49669
51 99 143.90404
52 53 135.22948
52 54 128.5051
52 55 162.4213
52 56 105.08688
52 57 179.99589
52 58 172.1469
52 59 116.33031
52 60 166.26673
52 61 162.49757
52 62 125.9809
52 63 197.09368
52 64 144.89961
52 65 119.21509
52 66 120.96865
52 67 160.75123
52 68 151.80237
52 69 188.90456
52 70 134.87131
52 71 113.33911
52 72 135.90433
52 73 144.90466
52 74 168.52866
52 75 133.21627
52 76 165.12347
52 77 135.99892
52 78 180.43548
52 79 186.78397
52 80 189.75015
52 81 116.7308
52 82 173.14264
52 83 175.21939
52 84 101.01016
52 85 191.94215
52 86 199.80056
52 87 197.45743
52 88 196.80121
52 89 118.20316
52 90 152.71991
52 91 198.83308
52 92 115.82682
52 93 124.16395
52 94 164.39209
52 95 195.98623
52 96 175.44349
52 97 152.74025
52 98 167.11711
52 99 156.3347
53 54 123.25036
53 55 120.63679
53 56 111.04445
53 57 150.73907
53 58 140.77727
53 59 157.81939
53 60 162.51199
53 61 131.43934
53 62 121.57808
53 63 118.10901
53 64 123.40004
53 65 155.85858
53 66 181.4416
53 67 174.0552
53 68 120.98671
53 69 131.83485
53 70 172.77445
53 71 151.48785
53 72 160.31489
53 73 145.41491
53 74 195.62803
53 75 148.86925
53 76 144.35254
53 77 196.50894
53 78 118.64172
53 79 108.24374
53 80 178.63066
53 81 163.37277
53 82 171.23519
53 83 148.20003
53 84 187.802
53 85 161.05945
53 86 193.18531
53 87 172.52542
53 88 140.59792
53 89 159.12013
53 90 100.80402
53 91 138.6619
53 92 172.16466
53 93 101.33463
53 94 185.86871
53 95 144.49576
53 96 129.95453
53 97 150.95693
53 98 125.75298
53 99 157.42642
54 55 121.12778
54 56 153.98955
54 57 119.71496
54 58 105.83599
54 59 100.53218
54 60 168.87117
54 61 154.22738
54 62 145.86846
54 63 123.09897
54 64 172.45261
54 65 109.16372
54 66 101.21241
54 67 154.17238
54 68 152.04085
54 69 105.42531
54 70 156.52717
54 71 164.82074
54 72 188.6676
54 73 169.8751
54 74 190.52486
54 75 127.13472
54 76 172.5664
54 77 112.65764
54 78 197.29919
54 79 168.23448
54 80 181.57226
54 81 101.27383
54 82 134.54717
54 83 184.19829
54 84 170.47552
54 85 138.29257
54 86 118.26836
54 87 113.03654
54 88 162.26873
54 89 134.90581
54 90 173.56623
54 91 173.71608
54 92 186.87202
54 93 176.25747
54 94 130.88099
54 95 135.501
54 96 156.90076
54 97 191.86901
54 98 100.84628
54 99 152.20203
55 56 157.21686
55 57 147.717
55 58 187.49595
55 59 164.7467
55 60 121.12777
55 61 190.20645
55 62 149.87701
55 63 153.8949
55 64 122.08986
55 65 156.79722
55 66 115.56419
55 67 198.78962
55 68 119.29657
55 69 146.94778
55 70 197.77817
55 71 108.98068
55 72 180.32043
55 73 100.14494
55 74 175.4586
55 75 100.64373
55 76 115.62035
55 77 164.68099
55 78 136.48885
55 79 189.31455
55 80 118.86564
55 81 129.89353
55 82 158.7703
55 83 195.51852
55 84 175.1084
55 85 156.95921
55 86 128.71527
55 87 144.72739
55 88 193.69626
55 89 102.76555
55 90 125.22009
55 91 111.19513
55 92 106.5534
55 93 133.95099
55 94 136.54489
55 95 136.58526
55 96 186.21763
55 97 189.69351
55 98 112.51556
55 99 143.1762
56 57 172.95554
56 58 183.52786
56 59 168.15994
56 60 109.90769
56 61 186.09194
56 62 123.05702
56 63 167.64301
56 64 163.52223
56 65 132.63933
56 66 102.1483
56 67 157.0144
56 68 179.77903
56 69 142.73879
56 70 159.71182
56 71 152.26518
56 72 121.24251
56 73 157.15122
56 74 134.24844
56 75 167.81873
56 76 121.95721
56 77 168.74877
56 78 193.71983
56 79 103.46436
56 80 160.3023
56 81 175.69978
56 82 144.33182
56 83 135.4926
56 84 174.49874
56 85 197.78428
56 86 101.18102
56 87 171.5943
56 88 127.60704
56 89 112.02065
56 90 115.30384
56 91 132.81944
56 92 122.89088
56 93 187.79188
56 94 120.27381
56 95 153.81403
56 96 109.82655
56 97 127.67411
56 98 187.01529
56 99 172.70599
57 58 179.67684
57 59 196.67953
57 60 153.38889
57 61 127.01905
57 62 170.52227
57 63 113.47468
57 64 132.12703
57 65 107.45483
57 66 185.91114
57 67 181.07057
57 68 108.05185
57 69 144.16364
57 70 185.13739
57 71 151.12245
57 72 181.73217
57 73 183.6037
57 74 182.81469
57 75 148.75076
57 76 187.07149
57 77 143.61115
57 78 199.77518
57 79 187.33169
57 80 162.586
57 81 198.22228
57 82 193.20367
57 83 101.83948
57 84 197.92438
57 85 101.36954
57 86 185.53473
57 87 148.79155
57 88 131.98538
57 89 166.56438
57 90 155.89297
57 91 125.7539
57 92 196.58371
57 93 120.75753
57 94 178.38835
57 95 156.17705
57 96 166.74509
57 97 144.05985
57 98 185.33907
57 99 143.80999
58 59 168.99739
58 60 159.41878
58 61 105.70733
58 62 198.92556
58 63 186.76679
58 64 130.07939
58 65 106.45355
58 66 104.34004
58 67 100.11391
58 68 131.4656
58 69 149.70153
58 70 151.78615
58 71 110.74467
58 72 182.83132
58 73 137.43601
58 74 150.90694
58 75 162.15752
58 76 163.51266
58 77 151.45033
58 78 160.72632
58 79 139.76247
58 80 157.58787
58 81 140.35694
58 82 132.73793
58 83 172.30072
58 84 151.22336
58 85 131.00241
58 86 139.30609
58 87 115.75824
58 88 194.7966
58 89 109.72597
58 90 147.67029
58 91 134.09286
58 92 167.00901
58 93 114.07403
58 94 141.45221
58 95 130.40379
58 96 188.43093
58 97 165.50016
58 98 168.6647
58 99 143.346
59 60 131.42062
59 61 193.26894
59 62 164.91933
59 63 150.04735
59 64 112.87652
59 65 167.08651
59 66 133.61066
59 67 133.94344
59 68 117.89977
59 69 126.7719
59 70 185.13602
59 71 191.77647
59 72 151.48285
59 73 140.16813
59 74 107.64333
59 75 183.09642
59 76 160.1715
59 77 129.46301
59 78 106.12656
59 79 132.57194
59 80 130.95029
59 81 158.15816
59 82 121.35336
59 83 141.74031
59 84 187.26642
59 85 124.57047
59 86 198.24563
59 87 150.52966
59 88 125.81567
59 89 199.14886
59 90 125.72754
59 91 196.46403
59 92 184.09655
59 93 170.42425
59 94 126.27339
59 95 136.50731
59 96 181.13627
59 97 119.94192
59 98 114.75358
59 99 112.77083
60 61 138.91059
60 62 194.4982
60 63 134.9373
60 64 188.67531
60 65 143.43095
60 66 139.03307
60 67 126.42772
60 68 139.80052
60 69 158.1718
60 70 193.49848
60 71 143.91708
60 72 111.38747
60 73 125.65575
60 74 124.93023
60 75 160.48511
60 76 153.12797
60 77 153.31141
60 78 167.52386
60 79 120.60736
60 80 176.21407
60 81 129.75052
60 82 199.659
60 83 191.65789
60 84 102.2925
60 85 158.31351
60 86 158.07348
60 87 163.7698
60 88 186.7736
60 89 103.91823
60 90 195.99291
60 91 169.88827
60 92 127.06163
60 93 174.45329
60 94 128.16816
60 95 189.48242
60 96 174.61455
60 97 168.15044
60 98 144.72046
60 99 148.66369
61 62 169.5662
61 63 110.2725
61 64 161.74428
61 65 169.83378
61 66 169.93886
61 67 103.78182
61 68 101.18856
61 69 162.54229
61 70 117.39136
61 71 155.75672
61 72 106.77423
61 73 192.03097
61 74 105.43238
61 75 190.29477
61 76 169.46531
61 77 192.92476
61 78 108.92417
61 79 135.41907
61 80 133.1588
61 81 179.78844
61 82 174.51976
61 83 151.50522
61 84 139.81524
61 85 197.20056
61 86 105.66782
61 87 161.73974
61 88 172.05057
61 89 187.17412
61 90 172.81864
61 91 128.5859
61 92 184.8569
61 93 147.72029
61 94 138.30106
61 95 196.03053
61 96 103.41421
61 97 122.60509
61 98 135.8499
61 99 132.23968
62 63 139.8029
62 64 157.52588
62 65 180.2421
62 66 100.68964
62 67 156.96467
62 68 153.22178
62 69 136.98997
62 70 132.62763
62 71 142.44998
62 72 149.36843
62 73 179.65748
62 74 146.25588
62 75 195.15117
62 76 166.11318
62 77 181.48199
62 78 115.01885
62 79 132.64378
62 80 192.32567
62 81 162.1708
62 82 188.05258
62 83 179.55254
62 84 138.55572
62 85 173.643
62 86 155.91824
62 87 175.94151
62 88 137.35479
62 89 101.44736
62 90 160.35151
62 91 172.89509
62 92 175.88625
62 93 104.7388
62 94 119.73254
62 95 188.61368
62 96 143.53044
62 97 146.3594
62 98 103.11631
62 99 185.02775
63 64 122.44944
63 65 151.04818
63 66 130.07361
63 67 186.85766
63 68 131.5963
63 69 123.71052
63 70 194.94972
63 71 109.46472
63 72 163.44398
63 73 165.53189
63 74 159.2044
63 75 183.91967
63 76 137.72086
63 77 149.47612
63 78 159.96302
63 79 112.0047
63 80 173.671
63 81 159.5014
63 82 167.0936
63 83 106.79163
63 84 178.186
63 85 160.87164
63 86 108.64312
63 87 149.27778
63 88 182.39556
63 89 185.32253
63 90 124.74454
63 91 107.51722
63 92 195.37193
63 93 127.19581
63 94 121.6322
63 95 110.68434
63 96 166.48284
63 97 162.93405
63 98 140.63544
63 99 151.7991
64 65 169.32007
64 66 196.97847
64 67 186.36586
64 68 118.11254
64 69 181.49772
64 70 108.68184
64 71 128.3281
64 72 178.38762
64 73 188.53812
64 74 160.66886
64 75 181.49359
64 76 168.53868
64 77 117.61334
64 78 127.15937
64 79 159.69593
64 80 175.83969
64 81 120.94106
64 82 127.97035
64 83 148.4111
64 84 131.41653
64 85 198.69009
64 86 123.96519
64 87 187.8811
64 88 145.62947
64 89 197.28172
64 90 141.59469
64 91 126.30985
64 92 164.46441
64 93 146.11806
64 94 191.90905
64 95 152.85122
64 96 178.10884
64 97 186.01057
64 98 149.01546
64 99 171.03218
65 66 167.7907
65 67 105.93334
65 68 165.88243
65 69 114.91994
65 70 132.25794
65 71 176.71078
65 72 133.76726
65 73 192.40263
65 74 102.18617
65 75 150.92412
65 76 158.38512
65 77 149.1773
65 78 160.11232
65 79 139.21745
65 80 137.81683
65 81 184.01733
65 82 114.89405
65 83 134.19546
65 84 188.15917
65 85 199.5634
65 86 136.20152
65 87 110.22146
65 88 189.04078
65 89 113.35832
65 90 152.49259
65 91 188.07756
65 92 118.99014
65 93 141.73242
65 94 125.6704
65 95 147.32347
65 96 187.62851
65 97 112.59194
65 98 176.31775
65 99 183.03808
66 67 152.49454
66 68 120.14609
66 69 136.20278
66 70 186.72652
66 71 188.87078
66 72 111.89728
66 73 128.47731
66 74 141.03975
66 75 114.20989
66 76 142.92915
66 77 155.50167
66 78 107.30185
66 79 184.33157
66 80 144.09882
66 81 115.625
66 82 134.26031
66 83 166.31133
66 84 100.62638
66 85 127.33658
66 86 199.45508
66 87 145.85018
66 88 162.06518
66 89 145.74532
66 90 195.71866
66 91 114.4066
66 92 174.11566
66 93 153.9951
66 94 194.95493
66 95 121.28318
66 96 147.97275
66 97 153.10717
66 98 123.48049
66 99 157.85619
67 68 149.29322
67 69 152.78793
67 70 110.23894
67 71 130.39101
67 72 191.60455
67 73 166.14608
67 74 125.46833
67 75 111.22524
67 76 155.33454
67 77 141.59817
67 78 105.66961
67 79 101.76684
67 80 195.18653
67 81 162.41496
67 82 194.39586
67 83 194.33015
67 84 122.08436
67 85 169.3404
67 86 102.76802
67 87 180.62495
67 88 188.44952
67 89 137.25337
67 90 101.28882
67 91 173.46586
67 92 119.27913
67 93 136.70972
67 94 145.75132
67 95 184.98809
67 96 178.69693
67 97 162.15093
67 98 141.19779
67 99 194.7748
68 69 165.25374
68 70 111.36837
68 71 162.55168
68 72 169.50504
68 73 111.3408
68 74 133.02735
68 75 102.96882
68 76 114.94475
68 77 115.04728
68 78 140.40053
68 79 178.77831
68 80 141.63546
68 81 109.4433
68 82 131.53964
68 83 143.37951
68 84 142.40217
68 85 169.49946
68 86 127.73982
68 87 117.41673
68 88 190.78758
68 89 191.9177
68 90 167.91815
68 91 186.04086
68 92 169.81824
68 93 140.05534
68 94 121.82117
68 95 117.33557
68 96 183.19021
68 97 108.4793
68 98 198.13954
68 99 132.86398
69 70 136.87219
69 71 123.87086
69 72 180.42343
69 73 185.71735
69 74 157.30214
69 75 173.48502
69 76 190.39305
69 77 107.13917
69 78 124.43837
69 79 119.76086
69 80 132.30158
69 81 137.44848
69 82 125.66849
69 83 128.3406
69 84 149.33596
69 85 102.36759
69 86 143.03957
69 87 115.97274
69 88 107.04831
69 89 119.65695
69 90 159.73693
69 91 160.76873
69 92 192.50747
69 93 176.88252
69 94 197.16822
69 95 151.0707
69 96 173.06558
69 97 141.36337
69 98 143.88425
69 99 142.38519
70 71 186.42666
70 72 175.17214
70 73 191.45973
70 74 112.85251
70 75 196.08858
70 76 122.37392
70 77 131.18987
70 78 133.36642
70 79 145.94439
70 80 130.32043
70 81 176.04801
70 82 142.15116
70 83 196.44643
70 84 111.85814
70 85 136.42244
70 86 156.07245
70 87 140.01645
70 88 141.042
70 89 177.58449
70 90 197.9658
70 91 183.59459
70 92 133.28866
70 93 127.98751
70 94 112.34089
70 95 136.85756
70 96 146.34262
70 97 120.23549
70 98 180.34713
70 99 173.65256
71 72 111.67991
71 73 172.99535
71 74 115.65878
71 75 119.40391
71 76 148.14805
71 77 118.91085
71 78 123.95243
71 79 149.2537
71 80 193.43214
71 81 127.17738
71 82 118.74396
71 83 160.51539
71 84 164.45875
71 85 183.31975
71 86 142.52538
71 87 184.86433
71 88 174.56527
71 89 120.29309
71 90 191.23285
71 91 160.42461
71 92 197.47573
71 93 164.10482
71 94 199.69461
71 95 150.01174
71 96 186.09301
71 97 142.87106
71 98 177.46604
71 99 137.06654
72 73 167.5067
72 74 163.54766
72 75 101.65006
72 76 193.73597
72 77 146.57932
72 78 105.25396
72 79 159.20577
72 80 134.92255
72 81 117.19208
72 82 162.77941
72 83 148.31259
72 84 136.16647
72 85 196.89945
72 86 110.74407
72 87 121.05302
72 88 177.03468
72 89 136.25656
72 90 178.20547
72 91 187.72042
72 92 114.37361
72 93 105.72014
72 94 119.87961
72 95 101.96896
72 96 194.72612
72 97 148.00696
72 98 114.66305
72 99 190.95685
73 74 104.58525
73 75 111.8563
73 76 139.19769
73 77 174.43102
73 78 100.65655
73 79 185.91593
73 80 133.2887
73 81 187.83455
73 82 138.69404
73 83 186.15542
73 84 146.63305
73 85 197.1514
73 86 124.58034
73 87 181.72852
73 88 198.59744
73 89 123.52074
73 90 134.22983
73 91 103.03153
73 92 140.56647
73 93 120.73132
73 94 140.64104
73 95 138.58166
73 96 151.72369
73 97 144.08074
73 98 160.10896
73 99 114.82678
74 75 140.09866
74 76 137.11901
74 77 185.62875
74 78 179.91136
74 79 166.57026
74 80 133.6305
74 81 111.57765
74 82 187.81227
74 83 142.4311
74 84 108.85879
74 85 111.31921
74 86 165.44086
74 87 127.39239
74 88 141.70207
74 89 191.81351
74 90 133.88851
74 91 101.52573
74 92 147.75925
74 93 157.84346
74 94 123.05828
74 95 176.43454
74 96 150.6472
74 97 185.25622
74 98 121.20142
74 99 187.25457
75 76 118.69287
75 77 148.23762
75 78 192.06567
75 79 173.83947
75 80 162.96641
75 81 142.17189
75 82 158.99749
75 83 157.93193
75 84 144.11192
75 85 104.50798
75 86 159.15739
75 87 102.10609
75 88 130.01797
75 89 151.01056
75 90 131.30063
75 91 152.87997
75 92 101.48108
75 93 136.63123
75 94 142.33926
75 95 166.21243
75 96 123.66107
75 97 179.54435
75 98 128.60571
75 99 104.4442
76 77 158.93097
76 78 155.21673
76 79 148.22397
76 80 152.64625
76 81 142.57416
76 82 171.30447
76 83 115.40648
76 84 105.86601
76 85 162.65611
76 86 194.93813
76 87 127.4969
76 88 187.72433
76 89 195.17082
76 90 153.93542
76 91 175.26639
76 92 111.43982
76 93 130.19422
76 94 134.31353
76 95 148.69756
76 96 194.2544
76 97 145.12848
76 98 191.37559
76 99 154.08511
77 78 129.42884
77 79 184.75446
77 80 193.22061
77 81 127.46975
77 82 132.14829
77 83 161.50676
77 84 189.92676
77 85 133.17248
77 86 191.66906
77 87 135.01452
77 88 159.92887
77 89 135.29883
77 90 134.04106
77 91 102.00873
77 92 122.18045
77 93 116.83819
77 94 104.17594
77 95 168.93633
77 96 184.66085
77 97 168.55863
77 98 151.22315
77 99 139.76942
78 79 124.80046
78 80 170.7026
78 81 184.38699
78 82 152.83675
78 83 131.7521
78 84 168.71802
78 85 146.47835
78 86 125.81919
78 87 117.70521
78 88 189.42976
78 89 155.70901
78 90 150.69126
78 91 123.11567
78 92 151.77171
78 93 185.03725
78 94 108.77422
78 95 136.52618
78 96 106.54412
78 97 140.03133
78 98 187.32133
78 99 110.98444
79 80 181.59296
79 81 191.29731
79 82 170.89402
79 83 190.75931
79 84 161.15624
79 85 157.7602
79 86 183.8976
79 87 149.98649
79 88 154.68167
79 89 146.31813
79 90 155.34803
79 91 179.7011
79 92 167.0053
79 93 131.32991
79 94 115.74433
79 95 199.95211
79 96 148.08933
79 97 145.41348
79 98 159.49766
79 99 142.12498
80 81 106.1588
80 82 198.7682
80 83 150.30597
80 84 123.07036
80 85 102.13413
80 86 144.93156
80 87 117.25924
80 88 189.16233
80 89 189.94823
80 90 198.61016
80 91 114.33243
80 92 135.16633
80 93 108.07004
80 94 146.79389
80 95 198.19124
80 96 102.06727
80 97 192.20716
80 98 129.93131
80 99 175.09422
81 82 127.25909
81 83 185.65463
81 84 170.67462
81 85 177.65895
81 86 186.99382
81 87 157.69158
81 88 119.55545
81 89 197.55116
81 90 172.42353
81 91 136.15355
81 92 158.96396
81 93 186.08289
81 94 116.79255
81 95 185.10241
81 96 133.62524
81 97 126.0526
81 98 198.59166
81 99 136.52525
82 83 127.46042
82 84 198.62347
82 85 147.26402
82 86 167.30875
82 87 195.30185
82 88 106.8687
82 89 183.26648
82 90 177.70947
82 91 160.32446
82 92 115.54235
82 93 190.69406
82 94 105.58258
82 95 151.63961
82 96 152.53774
82 97 116.11442
82 98 166.95808
82 99 135.15442
83 84 149.19571
83 85 131.87466
83 86 102.39921
83 87 138.66823
83 88 130.34698
83 89 133.22234
83 90 103.78677
83 91 128.09543
83 92 101.22405
83 93 102.75802
83 94 144.64769
83 95 155.72102
83 96 193.19849
83 97 108.6272
83 98 140.89855
83 99 134.24402
84 85 160.47363
84 86 126.49675
84 87 180.64233
84 88 176.80063
84 89 188.00749
84 90 126.33459
84 91 115.9797
84 92 136.65276
84 93 120.20356
84 94 188.34635
84 95 138.67694
84 96 173.18996
84 97 174.40039
84 98 163.02308
84 99 125.42059
85 86 110.52983
85 87 186.93899
85 88 153.68542
85 89 152.21685
85 90 141.32273
85 91 183.98079
85 92 129.02488
85 93 175.19479
85 94 132.10651
85 95 121.08202
85 96 106.93032
85 97 141.91096
85 98 184.71959
85 99 107.83048
86 87 117.52715
86 88 148.53767
86 89 127.199
86 90 191.30009
86 91 147.4718
86 92 193.33814
86 93 194.14794
86 94 149.37766
86 95 175.70992
86 96 152.36578
86 97 136.05828
86 98 159.19198
86 99 142.39727
87 88 134.88932
87 89 120.66715
87 90 136.82817
87 91 180.70867
87 92 111.02782
87 93 121.63732
87 94 184.484
87 95 188.66957
87 96 126.01408
87 97 198.97376
87 98 189.83479
87 99 133.67769
88 89 121.9169
88 90 170.00263
88 91 141.46582
88 92 127.05377
88 93 134.42381
88 94 179.7435
88 95 186.96467
88 96 146.57174
88 97 180.80376
88 98 132.43269
88 99 101.20341
89 90 109.47585
89 91 194.76822
89 92 152.50522
89 93 108.45908
89 94 150.79432
89 95 117.58648
89 96 115.2003
89 97 116.71543
89 98 159.06553
89 99 167.25346
90 91 140.79969
90 92 136.35983
90 93 159.00874
90 94 120.05256
90 95 193.96953
90 96 125.39074
90 97 123.66517
90 98 105.3513
90 99 191.79873
91 92 177.90029
91 93 173.64645
91 94 164.67158
91 95 118.87718
91 96 114.33159
91 97 143.54187
91 98 177.2293
91 99 143.24709
92 93 136.14505
92 94 166.32687
92 95 103.93188
92 96 118.17134
92 97 122.95437
92 98 169.67173
92 99 128.79539
93 94 172.0662
93 95 175.48921
93 96 174.51154
93 97 151.88262
93 98 130.61321
93 99 124.53017
94 95 114.10109
94 96 151.75908
94 97 124.9139
94 98 166.11456
94 99 197.23577
95 96 100.17993
95 97 176.43114
95 98 140.76713
95 99 166.88946
96 97 118.98013
96 98 149.75507
96 99 135.56207
97 98 144.85939
97 99 111.34535
98 99 117.06908
