100 10
0 1 181.88539
0 2 117.26136
0 3 187.58738
0 4 182.41049
0 5 134.0224
0 6 122.88556
0 7 181.68965
0 8 128.9431
0 9 182.46833
0 10 191.12999
0 11 113.04745
0 12 103.25915
0 13 161.25215
0 14 146.8855
0 15 118.18934
0 16 120.58057
0 17 115.31592
0 18 149.57583
0 19 142.14468
0 20 189.15348
0 21 126.74102
0 22 198.0849
0 23 166.19301
0 24 177.66043
0 25 186.93933
0 26 104.81601
0 27 180.12544
0 28 151.83533
0 29 125.7345
0 30 183.24556
0 31 101.14582
0 32 125.5398
0 33 144.91282
0 34 176.6673
0 35 131.0044
0 36 140.61916
0 37 156.19854
0 38 111.09179
0 39 141.93729
0 40 196.27252
0 41 175.33013
0 42 169.54882
0 43 133.43799
0 44 152.73303
0 45 187.36577
0 46 116.158
0 47 115.83135
0 48 182.22919
0 49 143.21955
0 50 131.03515
0 51 105.71928
0 52 132.84959
0 53 101.53381
0 54 162.51765
0 55 116.03754
0 56 160.72512
0 57 173.81691
0 58 177.05901
0 59 140.47699
0 60 169.6553
0 61 129.68066
0 62 157.94902
0 63 193.14276
0 64 112.77947
0 65 116.60568
0 66 163.55573
0 67 182.13248
0 68 107.04869
0 69 118.49633
0 70 118.21883
0 71 150.01257
0 72 108.5522
0 73 102.08943
0 74 189.84089
0 75 174.78485
0 76 175.76878
0 77 117.7375
0 78 122.28693
0 79 198.52369
0 80 131.88341
0 81 170.03908
0 82 108.59294
0 83 159.55273
0 84 179.71228
0 85 153.07834
0 86 124.16056
0 87 165.04891
0 88 105.06495
0 89 167.14027
0 90 107.39271
0 91 195.98333
0 92 108.49407
0 93 159.52241
0 94 162.62684
0 95 128.37895
0 96 171.32867
0 97 161.27013
0 98 175.54978
0 99 130.54976
1 2 131.11232
1 3 140.27812
1 4 102.90145
1 5 168.8293
1 6 163.34018
1 7 170.90665
1 8 134.7018
1 9 162.19083
1 10 174.88517
1 11 194.36917
1 12 173.10425
1 13 190.25211
1 14 117.0047
1 15 148.6405
1 16 158.91702
1 17 146.68127
1 18 194.94127
1 19 176.22287
1 20 172.79557
1 21 183.20234
1 22 186.72016
1 23 127.08805
1 24 197.2929
1 25 163.48245
1 26 121.05943
1 27 196.85679
1 28 101.84694
1 29 103.02911
1 30 109.41656
1 31 173.54243
1 32 151.47151
1 33 172.53763
1 34 106.86571
1 35 125.86735
1 36 121.4213
1 37 131.19079
1 38 123.10537
1 39 178.28109
1 40 173.539
1 41 190.17037
1 42 167.56797
1 43 125.38524
1 44 197.91496
1 45 113.95694
1 46 195.81003
1 47 125.66568
1 48 151.70815
1 49 134.04782
1 50 130.47664
1 51 109.46732
1 52 183.36314
1 53 136.15024
1 54 125.55553
1 55 103.42136
1 56 108.25194
1 57 175.30128
1 58 181.4709
1 59 107.24546
1 60 185.03273
1 61 164.55778
1 62 177.24753
1 63 137.36731
1 64 125.94958
1 65 197.38471
1 66 189.47128
1 67 162.57627
1 68 127.8969
1 69 183.6007
1 70 153.6079
1 71 147.38133
1 72 138.82625
1 73 164.35915
1 74 135.47018
1 75 122.5349
1 76 132.65688
1 77 171.12401
1 78 103.11027
1 79 120.62642
1 80 128.15507
1 81 147.93847
1 82 135.5969
1 83 196.95551
1 84 120.98343
1 85 153.86935
1 86 158.3021
1 87 169.82076
1 88 146.06178
1 89 165.77438
1 90 106.82747
1 91 176.28514
1 92 133.08105
1 93 125.10807
1 94 199.5238
1 95 134.19057
1 96 199.63341
1 97 117.05733
1 98 154.60035
1 99 127.08751
2 3 133.57691
2 4 101.6354
2 5 170.66611
2 6 142.41647
2 7 198.28782
2 8 123.40342
2 9 169.21847
2 10 158.49927
2 11 196.31527
2 12 153.41215
2 13 177.78227
2 14 145.6145
2 15 143.36538
2 16 188.53149
2 17 142.87945
2 18 151.35697
2 19 140.78745
2 20 128.84824
2 21 132.27001
2 22 103.50749
2 23 133.97235
2 24 189.14554
2 25 169.07655
2 26 166.06728
2 27 146.14576
2 28 196.46647
2 29 174.59042
2 30 115.20256
2 31 191.7375
2 32 145.90841
2 33 158.73974
2 34 114.70593
2 35 171.05165
2 36 144.08374
2 37 165.09482
2 38 105.01591
2 39 188.90605
2 40 178.7744
2 41 116.14888
2 42 167.34473
2 43 190.16127
2 44 151.59285
2 45 132.23062
2 46 144.57862
2 47 147.46005
2 48 106.81424
2 49 172.95422
2 50 175.81026
2 51 185.8652
2 52 148.82711
2 53 139.49071
2 54 155.67219
2 55 186.39313
2 56 194.77932
2 57 192.89789
2 58 160.77914
2 59 103.1382
2 60 138.23804
2 61 162.35679
2 62 117.14269
2 63 139.59421
2 64 136.11415
2 65 103.20522
2 66 174.59738
2 67 135.1372
2 68 104.02078
2 69 171.66528
2 70 172.19404
2 71 133.02265
2 72 129.48807
2 73 139.35309
2 74 137.26934
2 75 123.90298
2 76 160.15346
2 77 121.91424
2 78 197.36079
2 79 143.02056
2 80 141.0201
2 81 160.58193
2 82 173.81177
2 83 145.93217
2 84 150.81592
2 85 108.77074
2 86 191.28303
2 87 108.72184
2 88 135.95758
2 89 117.79484
2 90 178.77248
2 91 122.04414
2 92 175.60113
2 93 190.36529
2 94 106.21053
2 95 160.28539
2 96 115.8983
2 97 119.70124
2 98 129.24601
2 99 105.47757
3 4 107.22703
3 5 165.73614
3 6 117.55326
3 7 156.91085
3 8 133.48438
3 9 106.474
3 10 100.56548
3 11 176.58509
3 12 103.20113
3 13 144.57091
3 14 126.36382
3 15 191.77139
3 16 180.16366
3 17 115.49851
3 18 181.63797
3 19 134.44108
3 20 170.61786
3 21 176.54548
3 22 124.87175
3 23 138.13914
3 24 156.04598
3 25 168.31038
3 26 149.79428
3 27 168.04531
3 28 192.98631
3 29 186.7403
3 30 172.03807
3 31 136.9535
3 32 105.51775
3 33 109.25934
3 34 120.43717
3 35 151.53997
3 36 143.00055
3 37 190.86214
3 38 164.30348
3 39 188.37816
3 40 117.7546
3 41 102.61465
3 42 199.60105
3 43 172.59746
3 44 117.42644
3 45 172.02786
3 46 131.16906
3 47 106.50541
3 48 182.45555
3 49 152.09521
3 50 103.6305
3 51 136.43737
3 52 194.53049
3 53 119.41525
3 54 149.83662
3 55 188.07972
3 56 187.53395
3 57 181.57455
3 58 159.24153
3 59 135.07905
3 60 113.35385
3 61 186.03063
3 62 172.39196
3 63 166.12535
3 64 157.78361
3 65 173.22854
3 66 146.4216
3 67 107.62894
3 68 165.94957
3 69 114.46899
3 70 171.32892
3 71 149.8456
3 72 121.37002
3 73 127.48363
3 74 149.36542
3 75 193.99841
3 76 110.91009
3 77 179.81655
3 78 160.3938
3 79 122.71052
3 80 109.89679
3 81 129.74913
3 82 170.56654
3 83 134.70331
3 84 130.71648
3 85 185.0344
3 86 173.41086
3 87 121.07054
3 88 187.64453
3 89 163.85009
3 90 110.30355
3 91 150.99366
3 92 194.27758
3 93 189.52339
3 94 144.98662
3 95 168.9393
3 96 114.74723
3 97 185.96532
3 98 155.05633
3 99 198.03146
4 5 180.49555
4 6 173.23338
4 7 171.268
4 8 127.27673
4 9 144.88792
4 10 166.26695
4 11 165.89598
4 12 118.46749
4 13 129.32577
4 14 129.27369
4 15 107.98005
4 16 100.35152
4 17 131.4298
4 18 146.30809
4 19 145.64124
4 20 149.30859
4 21 136.54447
4 22 197.44968
4 23 175.81387
4 24 163.89412
4 25 105.293
4 26 106.33298
4 27 144.50092
4 28 175.62881
4 29 189.80099
4 30 125.22325
4 31 167.13982
4 32 108.55569
4 33 111.91745
4 34 173.22163
4 35 122.84378
4 36 179.10662
4 37 145.75822
4 38 103.52808
4 39 177.66402
4 40 100.92265
4 41 169.10282
4 42 179.10486
4 43 167.69677
4 44 148.76674
4 45 190.04598
4 46 167.22956
4 47 146.7835
4 48 100.78816
4 49 161.21955
4 50 195.32544
4 51 190.54109
4 52 133.06155
4 53 121.69143
4 54 159.75042
4 55 102.89721
4 56 130.32404
4 57 109.84342
4 58 122.27292
4 59 115.83502
4 60 119.28094
4 61 183.50778
4 62 114.52495
4 63 179.14822
4 64 154.67376
4 65 162.48734
4 66 157.08984
4 67 157.78798
4 68 148.0837
4 69 114.75879
4 70 149.11123
4 71 148.47988
4 72 120.09327
4 73 108.13083
4 74 103.39073
4 75 123.41737
4 76 109.39802
4 77 128.95505
4 78 142.58116
4 79 169.7457
4 80 103.82063
4 81 175.64526
4 82 150.18139
4 83 134.49398
4 84 147.03613
4 85 125.76593
4 86 101.91238
4 87 194.50719
4 88 119.32759
4 89 113.98009
4 90 195.98012
4 91 161.38076
4 92 146.38838
4 93 166.69008
4 94 150.17364
4 95 168.63067
4 96 149.69834
4 97 195.29001
4 98 185.40774
4 99 180.02533
5 6 147.43328
5 7 139.72091
5 8 141.42482
5 9 179.81981
5 10 170.58752
5 11 124.21811
5 12 142.37167
5 13 199.65665
5 14 197.24137
5 15 196.67189
5 16 154.64815
5 17 120.236
5 18 125.12258
5 19 104.44207
5 20 138.86608
5 21 197.23731
5 22 196.40928
5 23 150.14709
5 24 132.42778
5 25 109.97537
5 26 121.53001
5 27 166.57267
5 28 119.69102
5 29 117.69528
5 30 115.05614
5 31 155.88086
5 32 102.35101
5 33 167.81365
5 34 167.53182
5 35 141.74056
5 36 111.9128
5 37 199.77387
5 38 110.64262
5 39 112.43607
5 40 128.83515
5 41 187.98547
5 42 182.37496
5 43 153.15403
5 44 170.73156
5 45 117.44822
5 46 102.47608
5 47 121.38337
5 48 149.94061
5 49 161.26285
5 50 149.38331
5 51 140.87922
5 52 171.98836
5 53 182.83112
5 54 101.20097
5 55 190.01183
5 56 148.7747
5 57 175.06178
5 58 160.27189
5 59 135.38743
5 60 116.40203
5 61 135.59159
5 62 186.76268
5 63 170.8156
5 64 101.90496
5 65 187.68141
5 66 128.27681
5 67 181.79026
5 68 143.461
5 69 182.0052
5 70 161.38759
5 71 142.22286
5 72 140.68904
5 73 131.86001
5 74 155.25411
5 75 105.72065
5 76 150.79837
5 77 199.28755
5 78 157.1115
5 79 166.01491
5 80 108.28433
5 81 111.57143
5 82 189.94411
5 83 133.76649
5 84 159.42879
5 85 152.1313
5 86 162.57434
5 87 185.65538
5 88 140.42201
5 89 198.83991
5 90 120.81829
5 91 193.8293
5 92 179.32618
5 93 127.71186
5 94 115.24346
5 95 111.37148
5 96 166.36832
5 97 127.24415
5 98 191.71284
5 99 143.51074
6 7 117.80472
6 8 174.87081
6 9 199.28579
6 10 118.43042
6 11 128.4254
6 12 105.42552
6 13 177.41262
6 14 164.97806
6 15 192.15266
6 16 172.95778
6 17 175.14952
6 18 149.10609
6 19 112.60394
6 20 136.33618
6 21 170.01934
6 22 141.333
6 23 142.03697
6 24 126.92358
6 25 194.99504
6 26 183.85651
6 27 178.44145
6 28 189.94108
6 29 102.62582
6 30 146.88773
6 31 155.87301
6 32 194.2082
6 33 154.25538
6 34 192.15502
6 35 164.75011
6 36 118.07876
6 37 123.35525
6 38 175.71862
6 39 126.89518
6 40 150.25384
6 41 133.70324
6 42 116.74191
6 43 150.12342
6 44 161.58644
6 45 140.6766
6 46 105.95825
6 47 157.74277
6 48 135.09944
6 49 126.09705
6 50 190.24607
6 51 119.5552
6 52 122.59228
6 53 143.21967
6 54 182.76989
6 55 136.90701
6 56 197.23536
6 57 129.40941
6 58 173.04311
6 59 193.72537
6 60 158.67294
6 61 178.75537
6 62 104.68338
6 63 188.28118
6 64 136.42372
6 65 185.78194
6 66 178.31977
6 67 195.10616
6 68 136.79409
6 69 153.00372
6 70 153.93572
6 71 151.89958
6 72 194.66719
6 73 158.60215
6 74 123.28193
6 75 164.66314
6 76 122.92348
6 77 192.62344
6 78 144.96049
6 79 134.93327
6 80 137.36891
6 81 188.83949
6 82 158.34582
6 83 183.9581
6 84 179.13452
6 85 187.28714
6 86 157.55245
6 87 159.75723
6 88 130.59161
6 89 102.09142
6 90 171.77348
6 91 174.80103
6 92 121.23461
6 93 100.07186
6 94 114.61013
6 95 186.10849
6 96 147.68277
6 97 116.31002
6 98 146.67504
6 99 194.82884
7 8 168.17789
7 9 183.46665
7 10 182.38788
7 11 149.73402
7 12 180.71444
7 13 176.93203
7 14 102.40019
7 15 177.56998
7 16 112.55979
7 17 198.0173
7 18 154.35742
7 19 132.6229
7 20 161.84026
7 21 138.72811
7 22 134.99248
7 23 196.13321
7 24 148.22373
7 25 119.69055
7 26 121.93857
7 27 131.20503
7 28 173.07157
7 29 103.6897
7 30 118.41288
7 31 167.16009
7 32 184.2375
7 33 105.83882
7 34 117.33277
7 35 183.40451
7 36 159.64564
7 37 156.91161
7 38 163.17375
7 39 177.19815
7 40 172.10294
7 41 196.95714
7 42 106.57648
7 43 103.93744
7 44 189.6928
7 45 171.65378
7 46 196.09161
7 47 100.72065
7 48 123.79277
7 49 151.05243
7 50 132.85912
7 51 139.36218
7 52 135.19899
7 53 101.28001
7 54 128.42271
7 55 160.92573
7 56 145.96174
7 57 113.42558
7 58 133.4296
7 59 160.26739
7 60 120.21295
7 61 196.53088
7 62 144.94624
7 63 131.55142
7 64 187.29524
7 65 117.13459
7 66 195.44224
7 67 104.28631
7 68 157.67017
7 69 158.26261
7 70 170.31224
7 71 160.49342
7 72 152.21747
7 73 164.12515
7 74 146.23665
7 75 157.47231
7 76 186.55468
7 77 147.30926
7 78 131.51023
7 79 178.11825
7 80 137.13279
7 81 100.1933
7 82 186.53905
7 83 154.51806
7 84 146.39418
7 85 149.50928
7 86 105.67978
7 87 194.78581
7 88 166.41472
7 89 169.79747
7 90 119.06684
7 91 119.69918
7 92 152.93973
7 93 146.82212
7 94 114.84549
7 95 198.3206
7 96 121.63716
7 97 165.22816
7 98 165.36461
7 99 107.24226
8 9 161.98984
8 10 160.21506
8 11 198.43957
8 12 124.01428
8 13 127.79148
8 14 154.13984
8 15 128.60488
8 16 142.49364
8 17 195.83574
8 18 152.85545
8 19 193.62294
8 20 185.82021
8 21 102.08769
8 22 113.72791
8 23 122.8169
8 24 145.80702
8 25 187.76635
8 26 140.00889
8 27 149.97591
8 28 148.40544
8 29 154.85619
8 30 190.7312
8 31 148.66617
8 32 194.1722
8 33 138.20122
8 34 181.28116
8 35 166.13632
8 36 136.5998
8 37 107.9812
8 38 193.92024
8 39 180.39394
8 40 166.33402
8 41 118.95701
8 42 143.76411
8 43 173.32641
8 44 137.74465
8 45 178.51091
8 46 117.18791
8 47 188.70563
8 48 137.20297
8 49 147.34749
8 50 158.47956
8 51 194.83492
8 52 143.59061
8 53 134.19204
8 54 100.1178
8 55 134.57996
8 56 191.02869
8 57 155.21701
8 58 126.29861
8 59 116.98451
8 60 104.54405
8 61 190.84019
8 62 110.22571
8 63 195.02655
8 64 129.11455
8 65 180.81578
8 66 150.62021
8 67 112.41261
8 68 170.79484
8 69 100.7285
8 70 152.03031
8 71 168.59767
8 72 189.77099
8 73 120.61053
8 74 153.6742
8 75 138.81234
8 76 190.3769
8 77 151.76993
8 78 122.11289
8 79 111.09139
8 80 192.10723
8 81 158.16523
8 82 112.07532
8 83 193.08194
8 84 114.4655
8 85 190.77099
8 86 109.91475
8 87 113.57956
8 88 114.06874
8 89 181.93381
8 90 162.74792
8 91 126.73013
8 92 112.88266
8 93 102.82779
8 94 171.02823
8 95 108.64915
8 96 120.99172
8 97 156.23679
8 98 182.55872
8 99 138.07914
9 10 113.47294
9 11 103.50816
9 12 101.13145
9 13 198.36592
9 14 170.61638
9 15 197.03415
9 16 161.35995
9 17 133.04056
9 18 134.77206
9 19 158.72804
9 20 106.45169
9 21 185.96816
9 22 156.13374
9 23 101.94092
9 24 157.60438
9 25 160.19723
9 26 143.26613
9 27 124.74106
9 28 188.07885
9 29 172.38585
9 30 137.83989
9 31 122.8412
9 32 184.60101
9 33 102.67187
9 34 120.18768
9 35 176.35782
9 36 180.04264
9 37 199.59402
9 38 142.1435
9 39 132.09361
9 40 156.81697
9 41 113.50119
9 42 178.10466
9 43 130.48067
9 44 132.60704
9 45 137.26682
9 46 193.21991
9 47 154.30484
9 48 182.37541
9 49 178.58275
9 50 114.6465
9 51 189.46219
9 52 181.04965
9 53 126.8292
9 54 186.2675
9 55 131.11124
9 56 124.36434
9 57 102.98252
9 58 198.97316
9 59 143.78388
9 60 177.10879
9 61 146.92338
9 62 198.17368
9 63 191.87147
9 64 120.29869
9 65 119.90866
9 66 177.04734
9 67 119.94128
9 68 169.66212
9 69 195.27782
9 70 170.58099
9 71 129.85889
9 72 160.46261
9 73 112.70314
9 74 187.40706
9 75 149.12039
9 76 134.63534
9 77 116.66458
9 78 124.49747
9 79 127.45924
9 80 194.14616
9 81 193.92665
9 82 164.12531
9 83 101.51858
9 84 157.6456
9 85 165.92795
9 86 198.03875
9 87 121.04759
9 88 185.397
9 89 191.1944
9 90 144.5935
9 91 152.96055
9 92 170.7944
9 93 179.37946
9 94 168.59317
9 95 156.4521
9 96 171.5345
9 97 122.00427
9 98 122.17407
9 99 131.74813
10 11 177.2391
10 12 126.09023
10 13 175.72089
10 14 107.46471
10 15 175.75031
10 16 182.29261
10 17 152.70316
10 18 173.72134
10 19 128.76415
10 20 145.32918
10 21 133.14718
10 22 155.13746
10 23 128.60539
10 24 181.8256
10 25 165.91696
10 26 124.29713
10 27 153.90666
10 28 100.15757
10 29 101.17424
10 30 100.49101
10 31 157.22716
10 32 154.93306
10 33 127.32869
10 34 116.99749
10 35 133.4717
10 36 142.09602
10 37 109.67212
10 38 129.27152
10 39 169.98111
10 40 183.07859
10 41 189.74371
10 42 103.86248
10 43 153.10383
10 44 185.117
10 45 178.17063
10 46 112.13672
10 47 119.70262
10 48 134.12756
10 49 135.60505
10 50 191.69623
10 51 103.19393
10 52 193.65163
10 53 102.03237
10 54 111.90018
10 55 186.33442
10 56 180.40048
10 57 157.91453
10 58 187.94961
10 59 117.18833
10 60 151.95678
10 61 152.23622
10 62 142.8676
10 63 144.92259
10 64 137.76993
10 65 151.41833
10 66 120.16112
10 67 100.80484
10 68 176.40578
10 69 176.94084
10 70 102.29893
10 71 195.32169
10 72 168.62294
10 73 118.46341
10 74 193.47767
10 75 184.44466
10 76 164.09128
10 77 140.27828
10 78 103.45124
10 79 164.84994
10 80 160.08443
10 81 154.70732
10 82 150.09336
10 83 167.27745
10 84 183.52778
10 85 184.37697
10 86 135.75561
10 87 160.65179
10 88 137.44845
10 89 193.80028
10 90 185.59196
10 91 126.7269
10 92 119.71486
10 93 134.72596
10 94 170.32474
10 95 137.59275
10 96 184.16651
10 97 146.00357
10 98 127.79336
10 99 116.93274
11 12 143.89813
11 13 167.2049
11 14 104.27395
11 15 126.61438
11 16 152.81008
11 17 131.97329
11 18 155.23291
11 19 140.85921
11 20 176.00006
11 21 136.89616
11 22 137.40517
11 23 169.76099
11 24 129.51283
11 25 146.82447
11 26 126.94914
11 27 121.68148
11 28 171.76707
11 29 107.38156
11 30 184.69456
11 31 156.674
11 32 185.73723
11 33 107.46542
11 34 135.81079
11 35 189.73102
11 36 100.20157
11 37 194.02638
11 38 168.7283
11 39 117.26972
11 40 141.51352
11 41 122.49783
11 42 116.46955
11 43 140.12214
11 44 189.6482
11 45 104.88541
11 46 157.92037
11 47 107.87429
11 48 140.73196
11 49 168.91641
11 50 166.35293
11 51 130.60252
11 52 189.88303
11 53 164.09642
11 54 138.87325
11 55 197.77751
11 56 123.43112
11 57 185.79517
11 58 129.95738
11 59 157.16329
11 60 140.74534
11 61 117.62882
11 62 110.57372
11 63 181.30403
11 64 127.03699
11 65 171.40156
11 66 161.55195
11 67 121.17164
11 68 114.57574
11 69 126.80635
11 70 104.40337
11 71 107.04616
11 72 160.4786
11 73 132.38004
11 74 101.4855
11 75 194.47967
11 76 142.87042
11 77 166.43931
11 78 120.38262
11 79 165.85865
11 80 125.81833
11 81 153.6628
11 82 142.49442
11 83 140.89559
11 84 124.16811
11 85 109.96352
11 86 161.66765
11 87 130.4391
11 88 119.06344
11 89 157.3461
11 90 136.01481
11 91 199.04846
11 92 141.38664
11 93 136.95126
11 94 198.0257
11 95 145.80312
11 96 111.72475
11 97 182.34262
11 98 181.6006
11 99 147.32224
12 13 120.2334
12 14 126.69909
12 15 129.98845
12 16 192.11562
12 17 122.21159
12 18 162.83754
12 19 194.36056
12 20 173.73527
12 21 136.66999
12 22 120.60818
12 23 140.26553
12 24 145.61494
12 25 116.48488
12 26 194.41785
12 27 132.92056
12 28 152.35706
12 29 140.52588
12 30 198.5529
12 31 196.368
12 32 115.1988
12 33 100.36295
12 34 141.7078
12 35 133.19014
12 36 199.75024
12 37 180.98678
12 38 159.3098
12 39 109.5908
12 40 110.28518
12 41 179.30807
12 42 175.09956
12 43 178.29213
12 44 199.88616
12 45 113.4637
12 46 177.78566
12 47 111.91968
12 48 118.91317
12 49 121.27211
12 50 150.24454
12 51 113.43507
12 52 102.60678
12 53 137.06182
12 54 143.78667
12 55 190.88078
12 56 160.95487
12 57 148.71648
12 58 162.45248
12 59 126.47543
12 60 154.51868
12 61 122.54683
12 62 102.69066
12 63 140.12745
12 64 118.37298
12 65 104.48224
12 66 156.92145
12 67 169.78066
12 68 186.1276
12 69 155.65619
12 70 166.57229
12 71 151.65304
12 72 163.81782
12 73 186.97277
12 74 172.53142
12 75 148.40989
12 76 157.26315
12 77 114.55442
12 78 141.63421
12 79 190.81112
12 80 187.80691
12 81 144.07912
12 82 190.60566
12 83 124.23978
12 84 114.77047
12 85 158.18758
12 86 131.00661
12 87 151.23652
12 88 194.18587
12 89 157.43989
12 90 100.23347
12 91 114.83781
12 92 106.21952
12 93 136.7159
12 94 175.49201
12 95 113.20075
12 96 100.74325
12 97 130.06725
12 98 144.35288
12 99 126.26734
13 14 188.57749
13 15 197.78383
13 16 143.28319
13 17 131.06656
13 18 185.37349
13 19 148.12986
13 20 173.09465
13 21 167.26714
13 22 175.85676
13 23 101.54977
13 24 134.54811
13 25 165.25849
13 26 105.20113
13 27 114.73116
13 28 163.45541
13 29 147.87879
13 30 127.79031
13 31 186.51221
13 32 137.90674
13 33 177.70607
13 34 100.4007
13 35 188.24464
13 36 115.82944
13 37 108.18928
13 38 184.52537
13 39 107.94395
13 40 109.98032
13 41 144.87109
13 42 129.7783
13 43 131.11143
13 44 127.79164
13 45 189.97686
13 46 156.04402
13 47 165.68715
13 48 190.96986
13 49 176.27377
13 50 160.04782
13 51 152.16891
13 52 132.42383
13 53 140.48263
13 54 165.14055
13 55 109.75699
13 56 199.62171
13 57 183.01311
13 58 115.8122
13 59 182.32513
13 60 181.10114
13 61 157.17498
13 62 167.53101
13 63 174.17398
13 64 128.17057
13 65 166.68724
13 66 168.11305
13 67 107.49162
13 68 148.76931
13 69 194.64208
13 70 175.19456
13 71 175.57338
13 72 113.68681
13 73 166.77428
13 74 192.05126
13 75 140.92429
13 76 131.0322
13 77 168.25627
13 78 122.39051
13 79 123.64936
13 80 127.32271
13 81 176.45865
13 82 190.77666
13 83 197.29081
13 84 165.44203
13 85 139.63555
13 86 140.158
13 87 183.91446
13 88 110.99861
13 89 104.16043
13 90 171.67125
13 91 159.14742
13 92 199.18307
13 93 135.63761
13 94 188.38891
13 95 127.54165
13 96 137.99306
13 97 155.46595
13 98 149.68959
13 99 158.45313
14 15 118.88584
14 16 181.23587
14 17 142.55292
14 18 159.36313
14 19 158.31849
14 20 172.59189
14 21 136.04261
14 22 131.58734
14 23 169.95471
14 24 111.51649
14 25 102.68961
14 26 158.38177
14 27 186.11421
14 28 173.62808
14 29 197.28515
14 30 187.70142
14 31 152.00158
14 32 175.2841
14 33 166.11086
14 34 130.40539
14 35 125.41505
14 36 157.10735
14 37 192.56499
14 38 141.40489
14 39 140.89114
14 40 125.75324
14 41 117.01338
14 42 134.03434
14 43 147.35964
14 44 166.51546
14 45 186.97978
14 46 163.68295
14 47 193.22566
14 48 117.35042
14 49 125.42946
14 50 126.54967
14 51 141.83721
14 52 116.85655
14 53 118.925
14 54 122.57408
14 55 178.14472
14 56 193.7086
14 57 119.92615
14 58 198.15223
14 59 105.49992
14 60 158.26232
14 61 165.6723
14 62 151.82839
14 63 109.06564
14 64 170.59603
14 65 102.53165
14 66 136.7554
14 67 184.02398
14 68 103.88885
14 69 142.11047
14 70 123.59603
14 71 141.57411
14 72 191.41374
14 73 110.71744
14 74 105.67331
14 75 104.40974
14 76 139.1365
14 77 103.41487
14 78 144.79322
14 79 163.4064
14 80 162.22507
14 81 175.75842
14 82 165.5722
14 83 180.59833
14 84 130.43554
14 85 143.79524
14 86 133.93169
14 87 132.1733
14 88 136.47423
14 89 163.05792
14 90 113.65085
14 91 110.09527
14 92 128.5724
14 93 194.53959
14 94 150.25666
14 95 109.71532
14 96 192.77383
14 97 152.9941
14 98 183.34255
14 99 140.4545
15 16 114.39363
15 17 193.85601
15 18 154.12295
15 19 136.21313
15 20 184.83233
15 21 142.28047
15 22 127.25027
15 23 143.86667
15 24 169.63837
15 25 173.90664
15 26 177.29821
15 27 158.67914
15 28 144.48212
15 29 198.22154
15 30 121.29448
15 31 140.32037
15 32 135.68948
15 33 167.14795
15 34 173.09447
15 35 146.527
15 36 136.06009
15 37 121.07146
15 38 101.38318
15 39 154.64905
15 40 135.27252
15 41 171.37424
15 42 176.29378
15 43 153.34006
15 44 156.8895
15 45 105.76056
15 46 118.11403
15 47 165.94839
15 48 127.0845
15 49 139.14443
15 50 187.76254
15 51 170.90811
15 52 110.81143
15 53 155.33324
15 54 110.24178
15 55 138.28573
15 56 131.81904
15 57 153.98713
15 58 134.14522
15 59 125.16227
15 60 101.627
15 61 195.39966
15 62 192.63756
15 63 149.98807
15 64 154.36049
15 65 181.72424
15 66 198.99065
15 67 109.49852
15 68 183.00892
15 69 194.43555
15 70 171.38496
15 71 135.20508
15 72 102.39801
15 73 136.52549
15 74 149.19268
15 75 145.81622
15 76 127.23099
15 77 156.68091
15 78 194.30066
15 79 104.23558
15 80 156.47848
15 81 149.09489
15 82 105.34362
15 83 189.80488
15 84 108.75005
15 85 118.16058
15 86 131.2704
15 87 106.28206
15 88 108.8407
15 89 159.38793
15 90 176.8534
15 91 183.71163
15 92 106.15681
15 93 152.02518
15 94 183.55273
15 95 172.62705
15 96 149.65829
15 97 157.24618
15 98 111.35744
15 99 196.73034
16 17 186.84202
16 18 161.08156
16 19 119.62512
16 20 140.61411
16 21 111.25029
16 22 192.20979
16 23 155.78981
16 24 151.72135
16 25 170.55625
16 26 169.34269
16 27 152.67789
16 28 198.53291
16 29 122.54158
16 30 170.87869
16 31 153.04753
16 32 118.99456
16 33 146.83428
16 34 131.34332
16 35 113.80855
16 36 108.26805
16 37 175.8159
16 38 126.99968
16 39 185.9844
16 40 198.17575
16 41 116.30544
16 42 169.0052
16 43 178.35269
16 44 167.08371
16 45 160.9443
16 46 182.01712
16 47 108.29426
16 48 106.38162
16 49 119.70071
16 50 173.22532
16 51 187.31234
16 52 132.07859
16 53 198.81735
16 54 117.98227
16 55 186.61084
16 56 182.25342
16 57 130.09719
16 58 169.22247
16 59 154.8978
16 60 171.0767
16 61 174.75128
16 62 191.78908
16 63 118.31892
16 64 105.434
16 65 140.26577
16 66 100.11475
16 67 128.00028
16 68 195.2649
16 69 111.12677
16 70 123.38268
16 71 153.39009
16 72 141.46989
16 73 137.0512
16 74 141.8858
16 75 114.93422
16 76 115.33443
16 77 103.50247
16 78 125.08492
16 79 111.97072
16 80 172.95762
16 81 171.57188
16 82 104.8163
16 83 125.60065
16 84 180.58357
16 85 168.17504
16 86 150.49221
16 87 157.42759
16 88 161.92024
16 89 197.54087
16 90 120.48428
16 91 103.94799
16 92 158.09694
16 93 113.73775
16 94 142.2083
16 95 179.4024
16 96 111.65644
16 97 154.14239
16 98 117.53662
16 99 130.40855
17 18 118.38966
17 19 146.74727
17 20 185.95219
17 21 145.8391
17 22 140.03628
17 23 193.46755
17 24 137.7916
17 25 137.71906
17 26 119.62987
17 27 153.68041
17 28 118.04435
17 29 125.12417
17 30 108.81519
17 31 105.83499
17 32 104.05955
17 33 103.98992
17 34 182.59409
17 35 194.57565
17 36 112.90797
17 37 111.33126
17 38 183.6148
17 39 178.61077
17 40 102.2472
17 41 164.19242
17 42 124.21903
17 43 147.91431
17 44 187.33096
17 45 136.04423
17 46 153.68148
17 47 171.12594
17 48 150.60458
17 49 124.66748
17 50 163.75088
17 51 114.78077
17 52 172.42491
17 53 112.29203
17 54 199.15288
17 55 190.86039
17 56 160.91327
17 57 188.07431
17 58 149.96796
17 59 147.33838
17 60 147.04471
17 61 164.86422
17 62 106.35129
17 63 105.47064
17 64 159.59982
17 65 137.17226
17 66 149.84753
17 67 108.20229
17 68 143.89142
17 69 177.18452
17 70 165.5584
17 71 115.15782
17 72 197.30282
17 73 117.41438
17 74 168.23461
17 75 135.95326
17 76 190.02377
17 77 156.56805
17 78 197.94529
17 79 116.97902
17 80 119.54766
17 81 177.9377
17 82 102.37606
17 83 107.57595
17 84 140.52868
17 85 105.00806
17 86 155.43532
17 87 176.02245
17 88 146.69625
17 89 195.19736
17 90 184.04884
17 91 153.02505
17 92 135.70251
17 93 112.27944
17 94 158.34912
17 95 182.85676
17 96 185.98627
17 97 196.13406
17 98 130.60678
17 99 162.95593
18 19 117.10284
18 20 190.59534
18 21 101.43261
18 22 136.98175
18 23 189.40245
18 24 199.9872
18 25 176.28815
18 26 136.34747
18 27 145.37471
18 28 190.00631
18 29 106.07233
18 30 111.66573
18 31 155.98517
18 32 193.95079
18 33 167.89129
18 34 188.61895
18 35 125.84316
18 36 150.04755
18 37 164.00592
18 38 143.5494
18 39 183.48788
18 40 149.78542
18 41 140.60113
18 42 139.71535
18 43 182.93979
18 44 127.39124
18 45 176.50579
18 46 176.4776
18 47 196.53558
18 48 167.4421
18 49 106.95524
18 50 184.60522
18 51 128.93032
18 52 157.02999
18 53 144.49086
18 54 190.53533
18 55 114.00778
18 56 176.52846
18 57 199.67922
18 58 164.56495
18 59 195.47817
18 60 132.90709
18 61 162.64608
18 62 138.68493
18 63 186.22721
18 64 159.6621
18 65 121.74484
18 66 133.17261
18 67 180.45555
18 68 119.81798
18 69 154.53457
18 70 129.09107
18 71 120.65143
18 72 143.2135
18 73 111.26789
18 74 121.61427
18 75 180.61531
18 76 161.06724
18 77 114.11328
18 78 182.2617
18 79 142.93292
18 80 159.5045
18 81 194.065
18 82 108.5027
18 83 153.56284
18 84 117.62473
18 85 150.98132
18 86 106.07658
18 87 163.17713
18 88 112.46396
18 89 115.30412
18 90 198.79185
18 91 131.75344
18 92 196.55517
18 93 174.60293
18 94 193.41232
18 95 118.31202
18 96 139.72179
18 97 110.72684
18 98 149.42921
18 99 116.50832
19 20 112.41567
19 21 166.57686
19 22 110.28952
19 23 172.03393
19 24 114.81846
19 25 167.66959
19 26 100.36395
19 27 194.00363
19 28 192.95887
19 29 145.58213
19 30 137.80293
19 31 138.5854
19 32 173.38183
19 33 124.48531
19 34 162.01433
19 35 196.18617
19 36 195.5547
19 37 102.91523
19 38 177.30848
19 39 103.38672
19 40 110.56638
19 41 115.26046
19 42 193.83334
19 43 163.58769
19 44 157.06149
19 45 126.28778
19 46 153.53455
19 47 137.13558
19 48 113.91012
19 49 143.75324
19 50 177.47108
19 51 155.78937
19 52 192.40963
19 53 195.56096
19 54 175.29211
19 55 123.4181
19 56 168.38292
19 57 119.77791
19 58 112.77378
19 59 138.59672
19 60 146.1419
19 61 165.92752
19 62 100.4427
19 63 193.13901
19 64 174.15809
19 65 157.33415
19 66 127.96806
19 67 190.6753
19 68 147.70009
19 69 158.13957
19 70 148.62797
19 71 113.60818
19 72 101.43982
19 73 154.10962
19 74 126.23241
19 75 157.47228
19 76 163.58431
19 77 132.14322
19 78 127.49404
19 79 123.68553
19 80 155.32203
19 81 147.98075
19 82 148.83426
19 83 162.84599
19 84 159.10217
19 85 175.85416
19 86 179.73047
19 87 142.32928
19 88 114.68484
19 89 156.98173
19 90 120.72016
19 91 141.65452
19 92 132.37873
19 93 187.48486
19 94 150.05678
19 95 156.97603
19 96 142.17577
19 97 151.02242
19 98 113.1316
19 99 145.19902
20 21 161.78343
20 22 135.02863
20 23 109.79852
20 24 150.54967
20 25 101.04783
20 26 106.8707
20 27 114.43409
20 28 129.69528
20 29 101.95071
20 30 113.74224
20 31 174.60452
20 32 126.83268
20 33 125.53887
20 34 119.61348
20 35 195.45116
20 36 131.63225
20 37 113.30561
20 38 161.75792
20 39 106.67941
20 40 159.59374
20 41 185.70571
20 42 153.42208
20 43 158.88648
20 44 174.16921
20 45 109.18517
20 46 179.91064
20 47 143.38463
20 48 124.6546
20 49 105.76081
20 50 136.10493
20 51 146.51919
20 52 198.0986
20 53 116.83625
20 54 120.52446
20 55 180.63052
20 56 154.90439
20 57 199.90328
20 58 103.76757
20 59 153.20568
20 60 150.06979
20 61 139.42644
20 62 143.26802
20 63 154.09546
20 64 161.94658
20 65 182.26115
20 66 136.56643
20 67 123.6135
20 68 179.15478
20 69 182.53328
20 70 109.2613
20 71 100.29436
20 72 128.3073
20 73 166.28193
20 74 130.00874
20 75 153.26852
20 76 158.98979
20 77 196.13742
20 78 165.89596
20 79 185.64935
20 80 100.28154
20 81 164.47124
20 82 100.81474
20 83 155.68969
20 84 143.91447
20 85 147.38063
20 86 175.15981
20 87 162.35627
20 88 160.49697
20 89 110.15313
20 90 159.45473
20 91 144.38176
20 92 137.49383
20 93 160.10331
20 94 147.0103
20 95 194.29314
20 96 143.13103
20 97 111.47058
20 98 140.30752
20 99 106.18856
21 22 157.09926
21 23 136.38659
21 24 152.49171
21 25 114.77956
21 26 169.32632
21 27 121.64852
21 28 129.67921
21 29 134.28742
21 30 162.84879
21 31 154.55653
21 32 177.49056
21 33 102.07157
21 34 172.75252
21 35 192.97709
21 36 163.17798
21 37 199.33798
21 38 116.07259
21 39 157.74476
21 40 182.79545
21 41 116.99699
21 42 120.407
21 43 106.57418
21 44 122.76006
21 45 113.08789
21 46 181.71422
21 47 101.85506
21 48 123.29436
21 49 115.28224
21 50 181.03207
21 51 137.45739
21 52 137.14293
21 53 190.97721
21 54 132.70143
21 55 127.47479
21 56 165.83221
21 57 121.27657
21 58 138.37312
21 59 147.5475
21 60 199.63837
21 61 147.21541
21 62 142.29673
21 63 150.18277
21 64 179.54563
21 65 169.40179
21 66 192.71919
21 67 110.90633
21 68 144.91457
21 69 100.10436
21 70 107.47542
21 71 186.88426
21 72 166.9404
21 73 158.82067
21 74 164.07301
21 75 167.16329
21 76 148.36446
21 77 155.23946
21 78 130.57973
21 79 176.60597
21 80 193.93881
21 81 113.43888
21 82 144.92993
21 83 143.58877
21 84 190.18723
21 85 111.80775
21 86 185.28649
21 87 140.34553
21 88 176.98329
21 89 155.4147
21 90 164.20863
21 91 117.48377
21 92 123.09018
21 93 143.68215
21 94 170.53877
21 95 148.48952
21 96 157.38144
21 97 190.16615
21 98 184.56187
21 99 114.79722
22 23 176.74611
22 24 162.91493
22 25 130.63541
22 26 119.19663
22 27 107.0552
22 28 184.07106
22 29 165.78232
22 30 171.59948
22 31 187.63371
22 32 108.11423
22 33 152.20397
22 34 197.85547
22 35 182.62819
22 36 193.67245
22 37 127.63747
22 38 160.92507
22 39 123.50908
22 40 180.42044
22 41 180.04964
22 42 170.75264
22 43 169.29333
22 44 138.10113
22 45 195.42401
22 46 176.76964
22 47 195.30264
22 48 134.06926
22 49 196.26053
22 50 125.77247
22 51 184.05227
22 52 176.0798
22 53 153.97718
22 54 169.12149
22 55 152.77153
22 56 187.36801
22 57 182.84732
22 58 168.08024
22 59 127.14426
22 60 136.28235
22 61 125.58554
22 62 192.99073
22 63 180.20611
22 64 177.63787
22 65 102.89848
22 66 137.97935
22 67 145.13445
22 68 121.51124
22 69 161.25111
22 70 172.3123
22 71 101.61958
22 72 190.48076
22 73 111.21823
22 74 119.28934
22 75 151.22642
22 76 171.96488
22 77 162.79601
22 78 187.12389
22 79 163.55316
22 80 166.41201
22 81 111.04209
22 82 111.34228
22 83 181.26396
22 84 198.85312
22 85 151.04521
22 86 186.6861
22 87 117.9822
22 88 194.78462
22 89 119.83582
22 90 142.2966
22 91 199.70621
22 92 152.55446
22 93 190.09706
22 94 129.61933
22 95 144.74909
22 96 151.79884
22 97 114.6304
22 98 142.50665
22 99 146.03553
23 24 123.51423
23 25 192.14784
23 26 179.72392
23 27 199.68852
23 28 119.15855
23 29 183.12781
23 30 164.96983
23 31 126.49337
23 32 172.23195
23 33 186.62688
23 34 109.88152
23 35 193.46479
23 36 114.51537
23 37 184.14154
23 38 179.29484
23 39 106.17247
23 40 143.72923
23 41 163.09422
23 42 154.21655
23 43 158.02168
23 44 144.63407
23 45 134.70404
23 46 121.98745
23 47 140.73879
23 48 127.90197
23 49 125.07513
23 50 185.85059
23 51 101.20203
23 52 183.09635
23 53 163.2968
23 54 187.11357
23 55 197.73451
23 56 151.59526
23 57 197.31992
23 58 195.3962
23 59 104.62478
23 60 110.48729
23 61 102.65687
23 62 108.13966
23 63 115.49128
23 64 163.46344
23 65 101.0183
23 66 140.62897
23 67 110.20098
23 68 185.07101
23 69 160.75472
23 70 158.2394
23 71 141.44803
23 72 148.21324
23 73 163.61238
23 74 190.52775
23 75 153.29058
23 76 123.15078
23 77 107.77791
23 78 116.85789
23 79 129.39384
23 80 196.63693
23 81 123.46042
23 82 157.74884
23 83 158.21081
23 84 189.18404
23 85 139.86579
23 86 123.79632
23 87 152.58579
23 88 132.59109
23 89 177.37065
23 90 145.14557
23 91 161.85847
23 92 110.5795
23 93 142.17965
23 94 143.81476
23 95 156.11104
23 96 138.65799
23 97 109.58249
23 98 135.94808
23 99 130.9072
24 25 101.42338
24 26 177.89981
24 27 130.04654
24 28 129.855
24 29 143.75134
24 30 191.626
24 31 159.23501
24 32 165.59534
24 33 168.00877
24 34 114.6834
24 35 173.97174
24 36 117.84802
24 37 154.38186
24 38 178.19023
24 39 175.80395
24 40 120.05215
24 41 169.07993
24 42 108.34669
24 43 119.55732
24 44 164.10292
24 45 183.94601
24 46 129.20494
24 47 139.77453
24 48 199.50006
24 49 189.23956
24 50 135.70488
24 51 136.59757
24 52 128.62232
24 53 134.84319
24 54 135.06586
24 55 196.83226
24 56 132.57049
24 57 190.91442
24 58 141.96073
24 59 142.17184
24 60 100.1274
24 61 145.93828
24 62 167.0411
24 63 100.85417
24 64 145.12604
24 65 118.9354
24 66 178.12805
24 67 128.98616
24 68 147.89739
24 69 129.16959
24 70 178.98123
24 71 182.89907
24 72 102.91186
24 73 118.33561
24 74 143.35756
24 75 146.51532
24 76 195.66911
24 77 110.60822
24 78 163.35796
24 79 127.95765
24 80 142.30668
24 81 147.4922
24 82 105.06132
24 83 136.06184
24 84 179.99214
24 85 166.57519
24 86 195.85304
24 87 110.9988
24 88 147.22212
24 89 118.00434
24 90 157.76306
24 91 125.64603
24 92 184.00477
24 93 191.82461
24 94 196.62137
24 95 102.53798
24 96 149.59355
24 97 145.61458
24 98 142.14032
24 99 117.35986
25 26 131.91782
25 27 103.45641
25 28 132.85187
25 29 196.31496
25 30 141.85411
25 31 166.91997
25 32 170.82289
25 33 157.61091
25 34 177.21869
25 35 167.72065
25 36 166.11615
25 37 110.05806
25 38 130.59199
25 39 145.74534
25 40 149.14624
25 41 152.04425
25 42 193.13519
25 43 141.0813
25 44 121.17659
25 45 126.24777
25 46 189.49142
25 47 155.15298
25 48 159.40723
25 49 181.47109
25 50 109.8555
25 51 179.22635
25 52 129.09963
25 53 153.18074
25 54 119.37976
25 55 135.97046
25 56 134.93178
25 57 191.20625
25 58 196.06666
25 59 194.02969
25 60 126.18243
25 61 190.71905
25 62 168.77267
25 63 126.12603
25 64 153.9893
25 65 117.26548
25 66 129.97465
25 67 115.9127
25 68 110.40788
25 69 136.28928
25 70 150.76209
25 71 117.94477
25 72 161.56109
25 73 198.295
25 74 160.61904
25 75 155.47121
25 76 137.12358
25 77 167.53912
25 78 179.37114
25 79 179.36415
25 80 164.14115
25 81 122.60179
25 82 152.02574
25 83 147.94262
25 84 101.01828
25 85 162.25417
25 86 112.85126
25 87 113.753
25 88 140.41351
25 89 144.76549
25 90 167.76095
25 91 117.65005
25 92 174.36105
25 93 178.14972
25 94 199.70142
25 95 179.18914
25 96 155.89739
25 97 129.33919
25 98 118.93738
25 99 130.4384
26 27 183.83303
26 28 127.43202
26 29 145.19227
26 30 151.09324
26 31 136.92898
26 32 148.61316
26 33 194.60237
26 34 134.91846
26 35 132.6259
26 36 164.52831
26 37 103.92902
26 38 170.65544
26 39 115.71401
26 40 186.38077
26 41 151.5139
26 42 166.28703
26 43 160.75639
26 44 141.4516
26 45 137.86807
26 46 113.68046
26 47 172.38208
26 48 191.55484
26 49 104.90541
26 50 126.91766
26 51 153.89603
26 52 179.37304
26 53 196.12666
26 54 103.1352
26 55 133.86306
26 56 113.70086
26 57 175.95456
26 58 132.0616
26 59 124.26043
26 60 191.00429
26 61 129.65608
26 62 102.22179
26 63 179.65978
26 64 142.72703
26 65 179.94429
26 66 161.4866
26 67 138.71854
26 68 182.16025
26 69 131.03578
26 70 128.25993
26 71 135.81233
26 72 192.63656
26 73 112.19618
26 74 167.92616
26 75 140.12673
26 76 143.43194
26 77 155.4789
26 78 155.86902
26 79 170.94721
26 80 150.76674
26 81 125.66381
26 82 105.24452
26 83 117.86342
26 84 159.34196
26 85 143.03605
26 86 194.89858
26 87 130.63116
26 88 122.36735
26 89 177.24674
26 90 188.50781
26 91 175.56483
26 92 190.29211
26 93 199.84209
26 94 159.92177
26 95 153.61148
26 96 111.37072
26 97 169.89371
26 98 119.0337
26 99 116.8818
27 28 123.53016
27 29 100.69084
27 30 118.41716
27 31 189.07063
27 32 146.70749
27 33 127.88001
27 34 145.5473
27 35 191.38825
27 36 166.60474
27 37 179.98198
27 38 183.42316
27 39 135.33902
27 40 118.02652
27 41 160.39601
27 42 198.03942
27 43 194.51117
27 44 145.10549
27 45 129.67755
27 46 180.515
27 47 115.50975
27 48 191.82802
27 49 111.16479
27 50 134.49872
27 51 192.75173
27 52 162.33881
27 53 131.93592
27 54 187.39165
27 55 149.89209
27 56 159.7599
27 57 188.01712
27 58 187.17576
27 59 168.69432
27 60 164.11151
27 61 158.87268
27 62 123.71239
27 63 166.72417
27 64 139.89307
27 65 153.07715
27 66 158.82311
27 67 131.583
27 68 160.82504
27 69 104.54264
27 70 101.99241
27 71 139.39204
27 72 142.89345
27 73 130.63899
27 74 157.34374
27 75 164.84288
27 76 120.9301
27 77 133.05747
27 78 118.26274
27 79 184.40906
27 80 126.03963
27 81 182.83019
27 82 113.5162
27 83 138.43731
27 84 111.99639
27 85 131.38001
27 86 169.73113
27 87 116.28526
27 88 167.43681
27 89 134.71813
27 90 179.75857
27 91 130.31772
27 92 180.68755
27 93 150.9206
27 94 119.98988
27 95 179.035
27 96 188.06665
27 97 140.09147
27 98 108.11081
27 99 156.36316
28 29 168.84421
28 30 119.85141
28 31 139.22587
28 32 162.53038
28 33 130.69655
28 34 131.24297
28 35 101.53537
28 36 170.98763
28 37 195.92895
28 38 154.10394
28 39 152.94882
28 40 149.67948
28 41 164.20167
28 42 113.98747
28 43 168.91948
28 44 175.16161
28 45 106.13624
28 46 194.71557
28 47 179.48661
28 48 111.42154
28 49 129.81878
28 50 171.28171
28 51 124.58684
28 52 199.61718
28 53 120.59186
28 54 147.55246
28 55 196.22868
28 56 167.35132
28 57 176.02884
28 58 110.51193
28 59 177.16464
28 60 104.70584
28 61 139.88876
28 62 191.72282
28 63 156.61612
28 64 117.8017
28 65 196.2214
28 66 143.754
28 67 184.47315
28 68 104.46971
28 69 189.79617
28 70 134.38349
28 71 176.54568
28 72 173.23307
28 73 178.26388
28 74 152.57718
28 75 108.87868
28 76 168.76449
28 77 198.23251
28 78 122.48187
28 79 171.4449
28 80 193.39614
28 81 167.22833
28 82 153.84466
28 83 173.66243
28 84 182.15053
28 85 118.40999
28 86 142.73163
28 87 108.92177
28 88 100.45126
28 89 105.1805
28 90 165.52312
28 91 154.20468
28 92 120.66306
28 93 147.0488
28 94 170.84125
28 95 134.53324
28 96 149.93906
28 97 195.71922
28 98 186.6934
28 99 100.07846
29 30 154.22875
29 31 106.50637
29 32 129.69233
29 33 118.44949
29 34 164.92974
29 35 145.48845
29 36 125.79968
29 37 109.9097
29 38 120.93324
29 39 123.98451
29 40 146.57502
29 41 145.60676
29 42 152.8491
29 43 103.22727
29 44 172.89517
29 45 122.08568
29 46 111.70956
29 47 149.94886
29 48 145.2835
29 49 179.48561
29 50 199.03042
29 51 122.94586
29 52 177.58068
29 53 156.73165
29 54 161.48741
29 55 154.40612
29 56 109.47117
29 57 106.88146
29 58 162.81701
29 59 164.83063
29 60 142.58123
29 61 126.92265
29 62 118.30242
29 63 106.29645
29 64 150.51009
29 65 186.18425
29 66 197.21474
29 67 162.93074
29 68 104.2191
29 69 186.0146
29 70 128.30381
29 71 185.08614
29 72 103.35951
29 73 164.78025
29 74 136.32625
29 75 168.41529
29 76 143.30483
29 77 120.62198
29 78 116.36824
29 79 120.77313
29 80 179.85858
29 81 120.24888
29 82 120.94286
29 83 158.39117
29 84 105.72383
29 85 155.82827
29 86 167.3078
29 87 111.50407
29 88 113.84172
29 89 176.00289
29 90 168.88942
29 91 184.18293
29 92 107.03368
29 93 183.208
29 94 109.65906
29 95 195.09084
29 96 146.96279
29 97 146.03059
29 98 128.99781
29 99 140.7823
30 31 134.75421
30 32 101.91264
30 33 109.69014
30 34 172.57221
30 35 163.31855
30 36 179.6577
30 37 151.80935
30 38 189.29574
30 39 102.66924
30 40 156.87828
30 41 150.62307
30 42 108.91331
30 43 152.58544
30 44 121.69193
30 45 119.88098
30 46 175.14262
30 47 137.44246
30 48 127.19064
30 49 164.32654
30 50 151.66439
30 51 184.62032
30 52 119.93725
30 53 101.62063
30 54 187.27015
30 55 168.77838
30 56 170.39038
30 57 119.59726
30 58 129.9936
30 59 149.57086
30 60 179.77078
30 61 182.08489
30 62 185.10395
30 63 109.08189
30 64 100.08351
30 65 102.14484
30 66 147.79577
30 67 143.11584
30 68 158.31661
30 69 167.87521
30 70 112.75513
30 71 140.86065
30 72 160.31974
30 73 102.42428
30 74 163.8722
30 75 151.248
30 76 143.09598
30 77 107.86106
30 78 135.54862
30 79 153.52366
30 80 197.43882
30 81 159.71508
30 82 129.41304
30 83 153.23685
30 84 186.87188
30 85 112.27756
30 86 149.78653
30 87 178.93506
30 88 165.30739
30 89 106.77467
30 90 181.09295
30 91 124.01588
30 92 135.5253
30 93 171.17057
30 94 168.11247
30 95 121.22428
30 96 164.07709
30 97 174.77599
30 98 158.31502
30 99 196.76792
31 32 158.32101
31 33 108.38989
31 34 145.65335
31 35 126.92317
31 36 190.0607
31 37 157.72803
31 38 130.2451
31 39 123.68894
31 40 196.60167
31 41 153.9966
31 42 128.21179
31 43 199.67008
31 44 139.71669
31 45 111.17911
31 46 179.58557
31 47 117.20508
31 48 156.08981
31 49 190.69856
31 50 111.29404
31 51 195.79852
31 52 168.34495
31 53 185.4341
31 54 188.74819
31 55 122.4621
31 56 197.37099
31 57 165.41883
31 58 193.5124
31 59 152.76835
31 60 185.70932
31 61 106.9693
31 62 197.09028
31 63 151.17014
31 64 155.67136
31 65 148.59434
31 66 128.2497
31 67 159.00201
31 68 106.00927
31 69 186.75829
31 70 121.09471
31 71 170.85943
31 72 138.05572
31 73 190.94532
31 74 127.12714
31 75 117.56556
31 76 139.31535
31 77 162.94511
31 78 168.1085
31 79 131.52174
31 80 148.87884
31 81 126.29393
31 82 118.82538
31 83 154.12449
31 84 193.43611
31 85 179.74218
31 86 142.69299
31 87 163.9762
31 88 144.09525
31 89 132.92633
31 90 139.64439
31 91 105.20303
31 92 112.57934
31 93 110.52279
31 94 144.76134
31 95 119.5017
31 96 176.08492
31 97 133.82871
31 98 144.44358
31 99 118.20705
32 33 166.79433
32 34 182.72482
32 35 127.36799
32 36 119.06024
32 37 162.53417
32 38 141.75041
32 39 111.94546
32 40 148.39512
32 41 185.42044
32 42 173.95146
32 43 187.9156
32 44 199.12144
32 45 136.08232
32 46 104.3215
32 47 177.30454
32 48 132.7877
32 49 190.65801
32 50 139.93308
32 51 172.65644
32 52 116.43012
32 53 102.1975
32 54 157.58721
32 55 175.85107
32 56 126.25751
32 57 169.35281
32 58 117.1357
32 59 108.35869
32 60 136.43258
32 61 169.47614
32 62 138.18872
32 63 192.74088
32 64 121.38247
32 65 122.80821
32 66 164.19407
32 67 150.29964
32 68 136.21281
32 69 193.84652
32 70 106.62869
32 71 113.40037
32 72 106.36285
32 73 152.8567
32 74 162.06975
32 75 173.3005
32 76 147.13192
32 77 155.90455
32 78 100.54691
32 79 106.61602
32 80 117.17551
32 81 183.17174
32 82 115.35704
32 83 123.44449
32 84 196.16024
32 85 149.78404
32 86 191.95533
32 87 150.88982
32 88 114.35923
32 89 171.56976
32 90 131.16134
32 91 126.1904
32 92 108.57916
32 93 115.62577
32 94 135.61815
32 95 144.2777
32 96 181.86953
32 97 150.40817
32 98 143.97798
32 99 139.15725
33 34 163.0175
33 35 135.76058
33 36 144.91947
33 37 199.7652
33 38 113.61872
33 39 167.89454
33 40 162.04763
33 41 163.0513
33 42 110.93517
33 43 186.33901
33 44 161.90378
33 45 101.62832
33 46 171.77076
33 47 130.23393
33 48 179.60994
33 49 121.10292
33 50 134.01013
33 51 121.81114
33 52 134.4741
33 53 182.00327
33 54 127.89505
33 55 160.50516
33 56 177.97142
33 57 139.9192
33 58 140.68191
33 59 170.8788
33 60 121.70683
33 61 185.05211
33 62 189.87277
33 63 174.29711
33 64 102.9686
33 65 183.14813
33 66 109.24692
33 67 131.40843
33 68 145.03664
33 69 159.29224
33 70 194.10879
33 71 141.17149
33 72 154.2204
33 73 137.26275
33 74 134.09038
33 75 131.79403
33 76 134.04793
33 77 129.10442
33 78 136.00681
33 79 116.7599
33 80 135.35939
33 81 199.44737
33 82 116.587
33 83 157.57567
33 84 194.56824
33 85 105.0504
33 86 102.23117
33 87 155.57226
33 88 115.59838
33 89 153.8421
33 90 124.40112
33 91 105.17183
33 92 104.7548
33 93 192.40595
33 94 170.76203
33 95 115.08712
33 96 117.40542
33 97 104.16231
33 98 188.97973
33 99 185.18891
34 35 135.98574
34 36 114.43797
34 37 118.11811
34 38 154.8619
34 39 125.51403
34 40 198.15748
34 41 163.41458
34 42 110.79166
34 43 139.787
34 44 163.13949
34 45 170.14095
34 46 143.28915
34 47 122.78776
34 48 147.86007
34 49 134.61871
34 50 107.56113
34 51 148.76337
34 52 123.17691
34 53 100.29967
34 54 111.43952
34 55 110.14279
34 56 131.24646
34 57 145.56657
34 58 171.77659
34 59 163.22282
34 60 199.45078
34 61 180.33907
34 62 102.87028
34 63 166.15326
34 64 102.24292
34 65 159.05161
34 66 191.48624
34 67 105.51333
34 68 134.73247
34 69 195.16014
34 70 143.90365
34 71 106.69292
34 72 161.00674
34 73 162.83647
34 74 165.49234
34 75 192.2051
34 76 180.29127
34 77 107.9263
34 78 107.72913
34 79 116.09596
34 80 132.30861
34 81 123.13104
34 82 184.53024
34 83 199.3455
34 84 181.77275
34 85 173.27179
34 86 147.41442
34 87 187.5442
34 88 109.79114
34 89 181.60995
34 90 151.81399
34 91 186.55384
34 92 175.39582
34 93 182.96136
34 94 122.015
34 95 197.7922
34 96 127.81408
34 97 150.04137
34 98 111.6011
34 99 191.0598
35 36 196.80949
35 37 171.70275
35 38 141.72969
35 39 106.64044
35 40 129.10433
35 41 148.17911
35 42 106.78808
35 43 182.98497
35 44 143.15704
35 45 173.20116
35 46 168.85665
35 47 145.95257
35 48 183.34947
35 49 193.31621
35 50 166.64285
35 51 183.98077
35 52 141.74272
35 53 167.88718
35 54 110.81821
35 55 161.85851
35 56 168.87728
35 57 106.65948
35 58 135.27744
35 59 194.35576
35 60 132.63252
35 61 126.78124
35 62 104.50204
35 63 125.98342
35 64 183.76836
35 65 167.56653
35 66 171.21447
35 67 100.86443
35 68 111.07468
35 69 124.77668
35 70 164.51872
35 71 197.41297
35 72 171.61446
35 73 167.00624
35 74 134.23743
35 75 190.79849
35 76 126.80516
35 77 127.59983
35 78 120.36107
35 79 120.57653
35 80 154.08046
35 81 112.30291
35 82 120.29024
35 83 128.64876
35 84 106.12386
35 85 159.52736
35 86 152.27818
35 87 171.61474
35 88 101.35265
35 89 143.21287
35 90 177.46742
35 91 121.15735
35 92 142.98576
35 93 127.77843
35 94 191.52575
35 95 185.26108
35 96 184.09464
35 97 152.89011
35 98 111.96566
35 99 142.8261
36 37 174.2585
36 38 150.54209
36 39 198.64138
36 40 136.25256
36 41 194.85577
36 42 140.60685
36 43 100.61611
36 44 152.77787
36 45 113.59585
36 46 146.82431
36 47 198.07123
36 48 109.01452
36 49 192.70205
36 50 126.99997
36 51 167.16805
36 52 166.6477
36 53 127.15516
36 54 138.12345
36 55 157.53382
36 56 192.82327
36 57 196.29772
36 58 137.77466
36 59 180.86115
36 60 113.80924
36 61 114.69558
36 62 165.14992
36 63 120.62196
36 64 193.85634
36 65 151.79876
36 66 172.79451
36 67 120.89907
36 68 129.19781
36 69 150.76801
36 70 125.77251
36 71 112.94067
36 72 168.0692
36 73 120.09365
36 74 115.0209
36 75 141.36915
36 76 131.37124
36 77 143.23658
36 78 177.27321
36 79 103.05261
36 80 105.23937
36 81 198.97669
36 82 104.97093
36 83 169.45303
36 84 107.36048
36 85 193.32994
36 86 193.37976
36 87 144.07981
36 88 123.03889
36 89 100.84009
36 90 167.43441
36 91 190.19989
36 92 153.60092
36 93 113.6215
36 94 126.30416
36 95 185.68299
36 96 114.39548
36 97 198.94171
36 98 157.1208
36 99 178.53584
37 38 149.91761
37 39 171.35015
37 40 132.99888
37 41 149.08361
37 42 178.30527
37 43 165.70001
37 44 169.68332
37 45 144.14252
37 46 157.2013
37 47 160.82675
37 48 177.30114
37 49 175.06801
37 50 165.46515
37 51 195.65024
37 52 121.50841
37 53 185.55001
37 54 146.57135
37 55 178.17541
37 56 147.63698
37 57 151.25027
37 58 195.86085
37 59 166.29777
37 60 127.79922
37 61 163.37253
37 62 167.81642
37 63 143.63034
37 64 137.56063
37 65 165.76225
37 66 124.9866
37 67 121.60382
37 68 154.21165
37 69 189.08166
37 70 189.27755
37 71 152.24363
37 72 104.65817
37 73 194.066
37 74 171.82081
37 75 161.27883
37 76 110.6216
37 77 143.78793
37 78 103.52484
37 79 168.33752
37 80 173.28652
37 81 152.70103
37 82 113.4623
37 83 174.02609
37 84 158.19174
37 85 119.57459
37 86 110.36195
37 87 111.66035
37 88 108.22853
37 89 103.25181
37 90 116.3137
37 91 131.92205
37 92 172.21874
37 93 154.55726
37 94 121.42794
37 95 181.15351
37 96 113.66264
37 97 130.47376
37 98 126.83265
37 99 132.50774
38 39 151.79291
38 40 125.52263
38 41 159.83406
38 42 109.23701
38 43 127.65679
38 44 119.22299
38 45 177.55977
38 46 179.71781
38 47 197.72585
38 48 118.47509
38 49 126.32198
38 50 156.49409
38 51 147.02171
38 52 150.33119
38 53 197.98387
38 54 119.12333
38 55 154.27676
38 56 148.47468
38 57 177.81472
38 58 121.57779
38 59 167.40036
38 60 189.2379
38 61 102.29876
38 62 111.204
38 63 158.72624
38 64 180.59755
38 65 185.5601
38 66 145.28213
38 67 179.05021
38 68 109.03672
38 69 124.53927
38 70 125.35926
38 71 161.29939
38 72 137.5381
38 73 197.73533
38 74 165.57009
38 75 156.51263
38 76 181.92575
38 77 175.15832
38 78 169.80794
38 79 150.7647
38 80 108.53178
38 81 183.963
38 82 104.79634
38 83 134.25668
38 84 168.31237
38 85 108.7402
38 86 155.60253
38 87 145.95599
38 88 180.19248
38 89 133.07554
38 90 116.2664
38 91 199.30758
38 92 101.50725
38 93 126.33507
38 94 111.39564
38 95 153.61191
38 96 136.30109
38 97 143.05319
38 98 167.64588
38 99 197.99959
39 40 137.10962
39 41 160.92139
39 42 117.55524
39 43 153.23132
39 44 113.11426
39 45 110.73654
39 46 191.35242
39 47 142.13275
39 48 150.95547
39 49 167.1353
39 50 115.97039
39 51 111.08717
39 52 135.21996
39 53 193.29753
39 54 189.32037
39 55 169.32954
39 56 188.7111
39 57 126.90606
39 58 134.99457
39 59 114.84886
39 60 107.61583
39 61 187.94164
39 62 149.73951
39 63 193.92733
39 64 118.55886
39 65 109.73634
39 66 138.57518
39 67 116.51222
39 68 111.69448
39 69 150.80616
39 70 176.04777
39 71 137.02499
39 72 167.23031
39 73 164.96195
39 74 156.80673
39 75 153.03062
39 76 116.01946
39 77 174.87077
39 78 125.63643
39 79 121.6585
39 80 176.19864
39 81 105.49029
39 82 193.51969
39 83 132.64235
39 84 116.47234
39 85 146.40576
39 86 190.61584
39 87 145.05906
39 88 139.58533
39 89 184.66617
39 90 153.8101
39 91 126.41618
39 92 126.91315
39 93 180.41211
39 94 133.48309
39 95 111.81001
39 96 184.63131
39 97 106.9409
39 98 107.89715
39 99 183.38222
40 41 163.76869
40 42 124.11363
40 43 113.43978
40 44 159.84677
40 45 121.05944
40 46 153.62646
40 47 172.81548
40 48 152.21107
40 49 153.30148
40 50 136.2343
40 51 158.36976
40 52 169.14931
40 53 144.21071
40 54 184.33618
40 55 138.34463
40 56 189.76554
40 57 190.86299
40 58 106.05252
40 59 182.23554
40 60 164.48908
40 61 164.75023
40 62 140.9947
40 63 147.38434
40 64 116.77973
40 65 166.31646
40 66 109.31389
40 67 108.65078
40 68 133.09618
40 69 108.42539
40 70 141.85341
40 71 154.01048
40 72 136.57452
40 73 163.50004
40 74 191.505
40 75 122.38313
40 76 135.36295
40 77 184.94121
40 78 111.38033
40 79 157.27786
40 80 178.40017
40 81 194.04414
40 82 137.04654
40 83 116.545
40 84 127.54627
40 85 174.64086
40 86 112.43972
40 87 155.21582
40 88 140.68862
40 89 182.24064
40 90 191.3211
40 91 167.42045
40 92 140.68511
40 93 106.80261
40 94 155.98255
40 95 187.87193
40 96 172.13659
40 97 184.58353
40 98 120.69589
40 99 178.29536
41 42 142.37026
41 43 129.11781
41 44 189.93996
41 45 140.32231
41 46 106.72495
41 47 195.64685
41 48 163.15812
41 49 141.40634
41 50 102.54298
41 51 104.71659
41 52 188.80073
41 53 139.8397
41 54 101.40661
41 55 108.6281
41 56 182.37186
41 57 133.20089
41 58 123.13111
41 59 196.60445
41 60 142.36009
41 61 142.24279
41 62 197.15604
41 63 156.93857
41 64 108.61463
41 65 104.95837
41 66 140.40656
41 67 165.79108
41 68 144.91226
41 69 129.61005
41 70 110.36083
41 71 111.59947
41 72 116.03976
41 73 178.71049
41 74 130.02222
41 75 184.84925
41 76 131.68378
41 77 167.50149
41 78 199.0402
41 79 153.87083
41 80 114.70931
41 81 195.79818
41 82 140.99629
41 83 101.35595
41 84 147.4005
41 85 113.93241
41 86 101.14372
41 87 152.38008
41 88 112.24032
41 89 146.98956
41 90 174.45275
41 91 114.83519
41 92 113.75769
41 93 109.62762
41 94 157.74313
41 95 191.54465
41 96 168.82958
41 97 164.35631
41 98 163.57715
41 99 141.43276
42 43 198.26549
42 44 190.39856
42 45 193.80197
42 46 144.33394
42 47 192.78012
42 48 134.9265
42 49 127.70971
42 50 131.50139
42 51 102.00452
42 52 120.23262
42 53 102.58162
42 54 165.14237
42 55 131.91292
42 56 120.3966
42 57 148.25688
42 58 171.49217
42 59 154.02209
42 60 120.10729
42 61 128.07814
42 62 177.25444
42 63 142.35857
42 64 166.52373
42 65 102.45741
42 66 128.28853
42 67 129.80695
42 68 112.99246
42 69 121.74884
42 70 168.87711
42 71 199.99646
42 72 154.28846
42 73 140.53498
42 74 123.22892
42 75 111.14898
42 76 104.98682
42 77 121.64135
42 78 157.30214
42 79 178.27177
42 80 110.57132
42 81 135.45998
42 82 149.44034
42 83 164.79751
42 84 187.77028
42 85 149.72706
42 86 158.56252
42 87 158.22981
42 88 174.96421
42 89 124.91435
42 90 133.67781
42 91 105.02837
42 92 105.45936
42 93 181.31732
42 94 104.02256
42 95 114.60586
42 96 198.90508
42 97 108.50432
42 98 193.33653
42 99 139.90036
43 44 185.83357
43 45 195.667
43 46 190.23511
43 47 177.26648
43 48 198.55565
43 49 131.68639
43 50 174.82323
43 51 124.32568
43 52 121.01078
43 53 131.72345
43 54 195.87532
43 55 186.77008
43 56 186.7304
43 57 150.49285
43 58 169.69607
43 59 185.416
43 60 131.34614
43 61 117.40032
43 62 151.99609
43 63 113.82747
43 64 162.65361
43 65 123.85843
43 66 186.4914
43 67 126.49394
43 68 120.16465
43 69 129.00886
43 70 145.72392
43 71 119.83582
43 72 194.98204
43 73 159.88694
43 74 129.30627
43 75 136.5751
43 76 186.99416
43 77 199.54688
43 78 170.03111
43 79 110.12476
43 80 131.41467
43 81 121.00123
43 82 191.00036
43 83 194.32799
43 84 124.91181
43 85 144.85187
43 86 100.0388
43 87 167.94332
43 88 134.93089
43 89 111.00822
43 90 159.19552
43 91 191.52251
43 92 125.1653
43 93 130.00486
43 94 165.86882
43 95 152.18656
43 96 142.28804
43 97 159.28231
43 98 178.22073
43 99 148.10224
44 45 117.59967
44 46 106.81066
44 47 126.12392
44 48 140.16202
44 49 122.44986
44 50 148.91776
44 51 165.5282
44 52 175.84612
44 53 138.11338
44 54 198.953
44 55 144.34544
44 56 103.01681
44 57 113.95138
44 58 155.62819
44 59 198.4117
44 60 173.65961
44 61 142.96396
44 62 144.78852
44 63 155.30521
44 64 127.94208
44 65 130.86198
44 66 165.41392
44 67 189.57999
44 68 182.45917
44 69 116.29702
44 70 164.38796
44 71 144.69897
44 72 126.02758
44 73 146.2094
44 74 144.56394
44 75 181.95671
44 76 153.09005
44 77 154.64737
44 78 190.48967
44 79 145.32785
44 80 100.73147
44 81 175.7531
44 82 191.7913
44 83 163.1507
44 84 114.03543
44 85 154.02745
44 86 106.86705
44 87 129.79826
44 88 168.12279
44 89 176.70442
44 90 119.93304
44 91 161.95945
44 92 189.96201
44 93 129.64619
44 94 123.41259
44 95 197.35565
44 96 157.603
44 97 162.5662
44 98 183.37304
44 99 135.70599
45 46 113.50099
45 47 145.53945
45 48 133.75082
45 49 141.25406
45 50 150.75781
45 51 120.73238
45 52 195.83256
45 53 172.33068
45 54 190.11815
45 55 172.13575
45 56 112.43432
45 57 185.92103
45 58 166.03637
45 59 156.50897
45 60 190.35238
45 61 142.17517
45 62 106.66956
45 63 171.16012
45 64 141.58623
45 65 120.28685
45 66 184.36522
45 67 167.42142
45 68 165.88286
45 69 190.23339
45 70 137.4306
45 71 183.29347
45 72 172.51841
45 73 155.11809
45 74 128.3607
45 75 162.19749
45 76 148.45421
45 77 181.43706
45 78 120.61794
45 79 116.47757
45 80 196.35884
45 81 131.2878
45 82 164.03093
45 83 106.74645
45 84 100.99571
45 85 199.61627
45 86 127.37546
45 87 185.51498
45 88 199.6476
45 89 131.8441
45 90 134.72262
45 91 166.51993
45 92 120.11235
45 93 160.24632
45 94 162.61593
45 95 108.02524
45 96 190.78751
45 97 130.15954
45 98 169.5632
45 99 122.95028
46 47 132.14504
46 48 158.47196
46 49 145.18771
46 50 140.21999
46 51 146.82147
46 52 117.40009
46 53 197.73176
46 54 157.07955
46 55 182.63151
46 56 149.20294
46 57 147.10646
46 58 168.5131
46 59 162.64907
46 60 148.11762
46 61 176.36839
46 62 121.97698
46 63 189.97209
46 64 139.71136
46 65 176.70843
46 66 172.61531
46 67 114.24902
46 68 189.35156
46 69 141.31791
46 70 127.45306
46 71 140.34998
46 72 144.22688
46 73 199.38351
46 74 180.18934
46 75 154.19931
46 76 107.57749
46 77 134.20938
46 78 136.2228
46 79 170.67849
46 80 165.01168
46 81 199.25294
46 82 150.95164
46 83 139.07879
46 84 138.64734
46 85 147.60344
46 86 190.23577
46 87 177.40395
46 88 114.77625
46 89 107.40235
46 90 161.40212
46 91 126.71818
46 92 153.16486
46 93 105.60651
46 94 108.06288
46 95 171.87728
46 96 129.83546
46 97 198.80613
46 98 175.13324
46 99 186.94562
47 48 175.71879
47 49 107.62379
47 50 133.62965
47 51 107.26529
47 52 185.79269
47 53 160.31841
47 54 151.68886
47 55 130.35799
47 56 146.62409
47 57 166.96173
47 58 105.28959
47 59 155.08194
47 60 169.61092
47 61 180.47733
47 62 114.01955
47 63 121.64463
47 64 199.48078
47 65 168.82221
47 66 112.5341
47 67 169.14783
47 68 164.27689
47 69 176.12319
47 70 168.36273
47 71 194.55827
47 72 188.32119
47 73 104.47493
47 74 134.42735
47 75 162.02897
47 76 187.28787
47 77 119.02962
47 78 140.70736
47 79 181.05228
47 80 118.88757
47 81 127.98564
47 82 120.80365
47 83 102.73004
47 84 196.53017
47 85 116.19601
47 86 121.43829
47 87 109.70335
47 88 110.71081
47 89 177.52273
47 90 136.4636
47 91 152.35406
47 92 126.76283
47 93 115.18173
47 94 149.78398
47 95 175.98256
47 96 161.69703
47 97 133.25228
47 98 126.58938
47 99 138.87279
48 49 154.3477
48 50 163.5395
48 51 114.95244
48 52 145.39714
48 53 109.01618
48 54 109.998
48 55 117.59331
48 56 130.06288
48 57 157.03923
48 58 179.33817
48 59 144.36585
48 60 197.00076
48 61 108.1637
48 62 150.08801
48 63 141.46685
48 64 126.70914
48 65 131.56409
48 66 123.5505
48 67 150.44304
48 68 155.7296
48 69 165.36829
48 70 173.56058
48 71 181.43457
48 72 103.00577
48 73 167.5212
48 74 162.48327
48 75 135.27149
48 76 102.95185
48 77 148.77978
48 78 198.86536
48 79 151.38321
48 80 120.05139
48 81 142.58386
48 82 154.94302
48 83 191.28123
48 84 108.50371
48 85 130.28534
48 86 186.58627
48 87 187.70912
48 88 129.71904
48 89 146.31731
48 90 193.47818
48 91 170.73392
48 92 115.60098
48 93 137.95436
48 94 143.88723
48 95 128.41733
48 96 129.92557
48 97 189.08517
48 98 128.60587
48 99 106.1641
49 50 177.05806
49 51 127.76083
49 52 104.27154
49 53 175.45455
49 54 153.68064
49 55 117.74571
49 56 115.93815
49 57 144.15905
49 58 115.66037
49 59 115.91613
49 60 112.27879
49 61 112.42058
49 62 152.68077
49 63 117.54646
49 64 198.28164
49 65 194.41289
49 66 174.69868
49 67 156.81751
49 68 180.78232
49 69 169.32352
49 70 183.65858
49 71 129.77057
49 72 198.12387
49 73 123.24949
49 74 180.84395
49 75 177.71065
49 76 163.57872
49 77 132.46576
49 78 109.36429
49 79 119.07168
49 80 121.05238
49 81 126.19222
49 82 178.9036
49 83 162.25992
49 84 178.77225
49 85 157.78784
49 86 160.88841
49 87 139.71393
49 88 109.08231
49 89 116.52125
49 90 183.60921
49 91 152.82756
49 92 123.6218
49 93 180.53045
49 94 194.48638
49 95 138.57931
49 96 137.22628
49 97 101.36559
49 98 131.3312
49 99 118.87139
50 51 188.65784
50 52 183.49749
50 53 104.67424
50 54 113.43363
50 55 175.0009
50 56 171.7744
50 57 199.72303
50 58 193.89033
50 59 113.19075
50 60 147.47425
50 61 123.12114
50 62 134.25963
50 63 130.67509
50 64 169.51551
50 65 125.78232
50 66 111.14978
50 67 197.17682
50 68 118.81855
50 69 143.54138
50 70 166.80641
50 71 180.01863
50 72 195.75197
50 73 163.74476
50 74 106.34905
50 75 175.15654
50 76 123.62055
50 77 134.31333
50 78 154.95003
50 79 142.67549
50 80 145.95808
50 81 176.09083
50 82 137.40791
50 83 147.83423
50 84 124.56125
50 85 112.51632
50 86 103.99122
50 87 172.18806
50 88 166.73627
50 89 180.70804
50 90 185.10462
50 91 124.50497
50 92 108.40972
50 93 135.68294
50 94 144.81004
50 95 195.73321
50 96 150.80674
50 97 105.93229
50 98 164.63457
50 99 133.38606
51 52 106.42435
51 53 148.65415
51 54 156.89524
51 55 168.20172
51 56 168.90732
51 57 166.71469
51 58 191.07038
51 59 191.58851
51 60 191.36981
51 61 178.24731
51 62 190.99548
51 63 191.95168
51 64 168.9109
51 65 156.04972
51 66 172.05896
51 67 190.33137
51 68 175.56466
51 69 126.79299
51 70 128.49881
51 71 188.23826
51 72 175.04866
51 73 123.50215
51 74 126.6126
51 75 142.74782
51 76 147.93844
51 77 145.44182
51 78 154.52958
51 79 182.21698
51 80 183.54383
51 81 122.5017
51 82 161.61742
51 83 119.8304
51 84 172.55797
51 85 115.10606
51 86 127.77193
51 87 150.73546
51 88 166.5574
51 89 165.22033
51 90 108.24826
51 91 194.35501
51 92 100.87466
51 93 143.99558
51 94 134.45514
51 95 117.90259
51 96 109.52708
51 97 163.46701
51 98 150.15481
51 99 106.68166
52 53 182.97086
52 54 159.9916
52 55 114.15515
52 56 190.53659
52 57 149.11505
52 58 152.91883
52 59 178.39215
52 60 180.31582
52 61 100.74841
52 62 179.27085
52 63 194.96431
52 64 134.86169
52 65 104.93195
52 66 122.69169
52 67 199.32882
52 68 184.91238
52 69 198.7665
52 70 111.88657
52 71 152.7166
52 72 166.5284
52 73 172.89824
52 74 102.48284
52 75 129.56475
52 76 176.10228
52 77 150.01123
52 78 147.82341
52 79 147.88393
52 80 171.71891
52 81 195.05869
52 82 169.6682
52 83 119.84986
52 84 137.82175
52 85 110.29304
52 86 149.03187
52 87 183.30577
52 88 180.99243
52 89 140.31297
52 90 118.05571
52 91 132.35346
52 92 132.9588
52 93 180.68446
52 94 180.01364
52 95 128.59362
52 96 181.64282
52 97 145.13262
52 98 186.54166
52 99 117.52712
53 54 116.07914
53 55 160.94402
53 56 109.43258
53 57 109.92372
53 58 132.08239
53 59 188.07955
53 60 184.64448
53 61 149.59524
53 62 143.98523
53 63 139.09993
53 64 127.64198
53 65 156.9262
53 66 183.577
53 67 173.12321
53 68 191.41491
53 69 179.54523
53 70 189.20275
53 71 198.24938
53 72 116.5896
53 73 112.89814
53 74 122.8351
53 75 107.13559
53 76 139.54734
53 77 109.60206
53 78 197.96226
53 79 145.35872
53 80 139.32262
53 81 139.48698
53 82 146.18337
53 83 102.3326
53 84 145.56399
53 85 114.73202
53 86 103.69785
53 87 112.11199
53 88 197.23097
53 89 125.94901
53 90 155.08134
53 91 188.16317
53 92 104.75604
53 93 191.47784
53 94 125.77563
53 95 184.72569
53 96 113.12218
53 97 168.68197
53 98 196.21604
53 99 139.4471
54 55 189.32485
54 56 129.68893
54 57 162.56611
54 58 106.58652
54 59 147.78305
54 60 185.54445
54 61 103.29645
54 62 157.66508
54 63 129.10692
54 64 114.97004
54 65 137.22536
54 66 192.70377
54 67 193.84006
54 68 112.66584
54 69 147.79759
54 70 128.58324
54 71 154.09406
54 72 127.70103
54 73 155.42547
54 74 141.66279
54 75 177.11942
54 76 182.0787
54 77 145.82571
54 78 131.36708
54 79 125.79901
54 80 176.78389
54 81 160.47445
54 82 169.64821
54 83 137.82309
54 84 104.80959
54 85 110.83368
54 86 126.8492
54 87 158.19269
54 88 142.70436
54 89 189.58139
54 90 198.52692
54 91 119.32582
54 92 192.53989
54 93 161.06147
54 94 105.13103
54 95 113.76974
54 96 125.80553
54 97 131.91094
54 98 195.5429
54 99 124.7532
55 56 191.13183
55 57 149.20642
55 58 183.00418
55 59 140.2269
55 60 186.54563
55 61 153.73592
55 62 162.18069
55 63 153.1936
55 64 140.42878
55 65 146.44206
55 66 147.49812
55 67 179.84268
55 68 118.84648
55 69 157.5048
55 70 153.24763
55 71 199.81663
55 72 134.93448
55 73 118.76335
55 74 114.31088
55 75 183.79687
55 76 104.18511
55 77 166.75519
55 78 122.06001
55 79 146.19427
55 80 172.38396
55 81 120.7742
55 82 171.95065
55 83 120.39645
55 84 127.04376
55 85 149.4938
55 86 141.30785
55 87 153.97412
55 88 193.43326
55 89 192.4233
55 90 149.76188
55 91 119.82256
55 92 161.85818
55 93 116.8884
55 94 146.96
55 95 192.88275
55 96 139.06168
55 97 192.71879
55 98 172.6163
55 99 139.44788
56 57 141.72094
56 58 112.8768
56 59 192.58475
56 60 143.78299
56 61 108.93738
56 62 167.83109
56 63 102.71569
56 64 106.11125
56 65 134.92247
56 66 137.04793
56 67 118.12188
56 68 129.80579
56 69 136.31072
56 70 197.73116
56 71 110.67787
56 72 129.5336
56 73 159.43965
56 74 106.577
56 75 148.63519
56 76 130.65228
56 77 122.20721
56 78 153.26667
56 79 159.98509
56 80 106.4374
56 81 184.78205
56 82 125.53981
56 83 191.25877
56 84 134.09512
56 85 155.86238
56 86 181.91303
56 87 160.83574
56 88 182.55807
56 89 169.33291
56 90 111.1313
56 91 102.79815
56 92 194.58894
56 93 177.00862
56 94 113.3042
56 95 100.22132
56 96 163.76646
56 97 190.67235
56 98 147.74152
56 99 117.11175
57 58 186.3903
57 59 119.01224
57 60 111.24431
57 61 184.10973
57 62 109.72982
57 63 182.3896
57 64 172.4905
57 65 195.41988
57 66 164.94953
57 67 139.28057
57 68 144.80996
57 69 102.01761
57 70 173.18035
57 71 193.01614
57 72 147.5857
57 73 178.01336
57 74 136.64246
57 75 137.16405
57 76 130.70305
57 77 166.06296
57 78 150.75155
57 79 168.40174
57 80 118.54176
57 81 181.90052
57 82 156.51395
57 83 191.49801
57 84 143.21162
57 85 128.07248
57 86 175.25517
57 87 120.76058
57 88 179.12253
57 89 138.48554
57 90 162.46009
57 91 134.10065
57 92 126.42099
57 93 185.43299
57 94 121.71707
57 95 152.60741
57 96 120.46897
57 97 165.85323
57 98 144.26526
57 99 156.95208
58 59 185.88623
58 60 194.14112
58 61 141.7707
58 62 179.67883
58 63 178.23674
58 64 158.66089
58 65 188.22301
58 66 140.14631
58 67 155.41761
58 68 157.17381
58 69 100.71465
58 70 118.38338
58 71 134.97636
58 72 159.87669
58 73 124.41798
58 74 172.86529
58 75 125.63912
58 76 137.87316
58 77 127.63793
58 78 133.43277
58 79 184.35955
58 80 151.46916
58 81 184.55662
58 82 131.88435
58 83 181.47352
58 84 111.93662
58 85 197.48729
58 86 132.87869
58 87 173.46594
58 88 171.25307
58 89 121.63119
58 90 190.04573
58 91 128.60527
58 92 193.5172
58 93 194.03677
58 94 170.1695
58 95 130.48321
58 96 142.16573
58 97 191.39264
58 98 174.69622
58 99 147.46842
59 60 164.01714
59 61 122.50434
59 62 143.4148
59 63 160.59561
59 64 125.2083
59 65 177.12707
59 66 107.42377
59 67 164.59623
59 68 142.509
59 69 176.17512
59 70 198.52385
59 71 158.06019
59 72 171.108
59 73 126.50862
59 74 100.92008
59 75 162.66791
59 76 192.69996
59 77 126.54088
59 78 191.71242
59 79 190.36566
59 80 144.76319
59 81 160.71793
59 82 120.36475
59 83 180.88093
59 84 118.4395
59 85 105.86963
59 86 198.41483
59 87 192.22393
59 88 169.41309
59 89 133.17946
59 90 155.18997
59 91 163.00726
59 92 144.85415
59 93 173.42876
59 94 159.80221
59 95 137.43134
59 96 109.81727
59 97 170.14002
59 98 167.69823
59 99 186.16264
60 61 181.92113
60 62 162.60959
60 63 159.95149
60 64 179.59127
60 65 145.95745
60 66 140.27862
60 67 109.40194
60 68 190.8194
60 69 191.9335
60 70 193.20756
60 71 131.53427
60 72 102.70133
60 73 114.90275
60 74 162.98558
60 75 108.62308
60 76 197.38565
60 77 160.78028
60 78 148.80113
60 79 179.13033
60 80 168.7841
60 81 173.075
60 82 112.63976
60 83 143.94352
60 84 189.48666
60 85 133.71837
60 86 137.93368
60 87 183.5544
60 88 154.32897
60 89 194.57128
60 90 106.82635
60 91 120.68927
60 92 182.5915
60 93 162.53442
60 94 108.5473
60 95 157.12047
60 96 151.92622
60 97 181.54516
60 98 145.44693
60 99 151.44937
61 62 103.37123
61 63 131.72516
61 64 124.93262
61 65 171.52158
61 66 173.09686
61 67 115.09008
61 68 194.39755
61 69 127.64835
61 70 145.30884
61 71 124.44744
61 72 116.27545
61 73 183.84552
61 74 160.55119
61 75 107.64193
61 76 129.61693
61 77 156.11889
61 78 132.75724
61 79 163.11491
61 80 110.00158
61 81 164.02629
61 82 164.62283
61 83 181.0748
61 84 112.61099
61 85 151.33339
61 86 191.82992
61 87 127.09367
61 88 191.50065
61 89 125.57324
61 90 142.38355
61 91 107.31113
61 92 115.63303
61 93 111.87473
61 94 150.93036
61 95 168.41662
61 96 106.26168
61 97 132.2009
61 98 108.27099
61 99 146.89797
62 63 184.72558
62 64 198.60908
62 65 190.33304
62 66 167.38737
62 67 128.55693
62 68 176.23444
62 69 179.47653
62 70 149.56718
62 71 162.53334
62 72 158.11383
62 73 150.13574
62 74 181.61837
62 75 138.69902
62 76 160.4697
62 77 173.34328
62 78 135.30294
62 79 111.29497
62 80 155.52672
62 81 123.51197
62 82 143.54372
62 83 164.77801
62 84 121.52319
62 85 108.09319
62 86 104.46043
62 87 159.225
62 88 186.62083
62 89 108.91415
62 90 137.9676
62 91 113.06424
62 92 147.26084
62 93 137.41601
62 94 159.32776
62 95 167.83133
62 96 196.09566
62 97 126.01543
62 98 111.61894
62 99 146.21521
63 64 194.02664
63 65 191.75908
63 66 161.08067
63 67 132.94008
63 68 134.67087
63 69 188.44309
63 70 136.17648
63 71 169.10905
63 72 114.44919
63 73 142.61789
63 74 166.52839
63 75 148.01492
63 76 181.54713
63 77 181.04459
63 78 137.19288
63 79 124.94895
63 80 193.95345
63 81 126.50981
63 82 148.86643
63 83 199.242
63 84 111.89815
63 85 148.11743
63 86 164.31055
63 87 110.90098
63 88 198.5782
63 89 139.66455
63 90 124.92053
63 91 157.12478
63 92 124.62996
63 93 131.39375
63 94 151.95614
63 95 194.59866
63 96 131.80283
63 97 101.45656
63 98 157.41382
63 99 149.21558
64 65 135.9639
64 66 165.32624
64 67 173.74834
64 68 116.79652
64 69 119.16755
64 70 132.32268
64 71 109.16402
64 72 156.70277
64 73 135.53608
64 74 106.0256
64 75 125.28042
64 76 149.47913
64 77 159.83987
64 78 171.99292
64 79 139.66131
64 80 147.64813
64 81 116.01585
64 82 114.8754
64 83 169.06602
64 84 134.16284
64 85 147.00278
64 86 140.37407
64 87 137.13118
64 88 189.15257
64 89 187.91468
64 90 184.18504
64 91 134.94132
64 92 175.28975
64 93 116.81291
64 94 120.93144
64 95 166.6697
64 96 111.82068
64 97 113.61509
64 98 148.05489
64 99 123.2577
65 66 171.23083
65 67 164.01698
65 68 110.22313
65 69 169.45973
65 70 181.21291
65 71 178.0882
65 72 187.46265
65 73 166.42853
65 74 127.70879
65 75 192.61009
65 76 189.598
65 77 152.1453
65 78 193.79084
65 79 147.79846
65 80 120.49669
65 81 118.8023
65 82 160.5209
65 83 120.46412
65 84 173.47324
65 85 176.49781
65 86 138.5048
65 87 132.57376
65 88 130.02449
65 89 101.56445
65 90 150.79941
65 91 112.50264
65 92 130.19122
65 93 125.50906
65 94 181.273
65 95 105.53383
65 96 155.75001
65 97 141.76425
65 98 139.72506
65 99 189.09393
66 67 133.33679
66 68 139.66781
66 69 143.56684
66 70 140.21374
66 71 124.72913
66 72 139.62204
66 73 170.33242
66 74 120.31839
66 75 182.5445
66 76 118.42047
66 77 180.12084
66 78 164.74763
66 79 105.39116
66 80 105.46455
66 81 148.11752
66 82 157.26838
66 83 189.14109
66 84 121.20391
66 85 138.3903
66 86 178.78297
66 87 127.81676
66 88 143.27184
66 89 186.31159
66 90 165.70321
66 91 112.29604
66 92 196.43278
66 93 117.95473
66 94 142.99827
66 95 192.42561
66 96 130.17542
66 97 184.8672
66 98 166.69079
66 99 146.45656
67 68 100.60973
67 69 191.28618
67 70 116.98954
67 71 136.52922
67 72 109.80356
67 73 177.85792
67 74 157.40087
67 75 175.40662
67 76 113.80381
67 77 134.32273
67 78 188.53416
67 79 128.39101
67 80 159.86074
67 81 142.63196
67 82 179.03091
67 83 165.17456
67 84 198.34117
67 85 113.17852
67 86 183.21684
67 87 134.33275
67 88 151.83686
67 89 125.59946
67 90 171.13094
67 91 107.82167
67 92 102.82182
67 93 136.09378
67 94 133.652
67 95 105.21085
67 96 162.19685
67 97 187.31654
67 98 128.87253
67 99 130.86027
68 69 132.57004
68 70 192.77827
68 71 167.60915
68 72 119.26961
68 73 146.88744
68 74 142.83828
68 75 143.8051
68 76 131.65238
68 77 197.88995
68 78 185.3536
68 79 171.34938
68 80 100.01804
68 81 148.3063
68 82 177.90704
68 83 173.72654
68 84 101.93924
68 85 130.77447
68 86 172.46595
68 87 135.81169
68 88 196.91217
68 89 165.71457
68 90 168.5201
68 91 112.32903
68 92 128.77459
68 93 154.01172
68 94 180.69539
68 95 198.12915
68 96 102.12384
68 97 112.80422
68 98 166.69881
68 99 119.46169
69 70 169.3171
69 71 125.6751
69 72 166.41118
69 73 157.7574
69 74 157.24232
69 75 145.7977
69 76 142.33387
69 77 197.51678
69 78 104.92254
69 79 182.74918
69 80 192.35724
69 81 168.78925
69 82 127.3035
69 83 169.51678
69 84 183.43451
69 85 194.50311
69 86 148.80986
69 87 190.13045
69 88 176.52655
69 89 124.72943
69 90 138.36083
69 91 167.18338
69 92 197.65533
69 93 104.08374
69 94 134.37606
69 95 169.80816
69 96 166.58926
69 97 191.94255
69 98 106.04153
69 99 122.19502
70 71 110.45123
70 72 192.77442
70 73 163.01723
70 74 193.03941
70 75 138.98612
70 76 179.27031
70 77 150.54768
70 78 108.26785
70 79 131.153
70 80 189.1651
70 81 103.26463
70 82 106.34656
70 83 187.19278
70 84 134.26321
70 85 152.32354
70 86 111.72781
70 87 158.14913
70 88 105.04792
70 89 150.69875
70 90 197.01767
70 91 192.97742
70 92 133.39473
70 93 153.75672
70 94 187.39692
70 95 144.53092
70 96 105.55635
70 97 106.31319
70 98 121.89872
70 99 126.0255
71 72 142.78151
71 73 181.32572
71 74 104.03372
71 75 120.69422
71 76 181.88429
71 77 176.8168
71 78 183.54296
71 79 147.10009
71 80 153.69674
71 81 143.45955
71 82 195.66377
71 83 153.68973
71 84 145.19859
71 85 107.78513
71 86 128.05576
71 87 181.09546
71 88 172.98517
71 89 117.57289
71 90 186.51229
71 91 134.16282
71 92 130.44053
71 93 134.52646
71 94 119.94405
71 95 139.71898
71 96 142.44864
71 97 135.17895
71 98 182.30177
71 99 112.86738
72 73 141.11616
72 74 140.07615
72 75 127.31209
72 76 118.68591
72 77 172.72535
72 78 178.48176
72 79 127.15344
72 80 199.03192
72 81 192.58356
72 82 120.23787
72 83 178.49974
72 84 110.21965
72 85 166.20832
72 86 115.46314
72 87 176.19308
72 88 156.26312
72 89 167.77959
72 90 170.14307
72 91 138.3382
72 92 128.86707
72 93 154.38491
72 94 129.27326
72 95 116.50897
72 96 197.36637
72 97 180.43938
72 98 190.86026
72 99 166.10536
73 74 104.22782
73 75 100.66708
73 76 132.73095
73 77 185.03023
73 78 196.53478
73 79 121.12297
73 80 119.07163
73 81 132.3615
73 82 112.64057
73 83 152.79011
73 84 134.7194
73 85 144.86219
73 86 127.91464
73 87 132.20969
73 88 122.46076
73 89 114.62782
73 90 101.52927
73 91 181.93755
73 92 118.60673
73 93 154.33409
73 94 104.61196
73 95 187.39647
73 96 187.22555
73 97 187.69214
73 98 103.86505
73 99 148.61641
74 75 136.40547
74 76 162.01337
74 77 128.73137
74 78 123.66807
74 79 124.18845
74 80 102.83719
74 81 164.58003
74 82 159.84183
74 83 141.15189
74 84 142.31517
74 85 157.21482
74 86 195.74613
74 87 168.85964
74 88 173.19195
74 89 105.17125
74 90 112.92475
74 91 141.42223
74 92 193.85103
74 93 176.97477
74 94 143.73611
74 95 102.42603
74 96 169.81022
74 97 137.67154
74 98 179.72679
74 99 116.93708
75 76 121.9128
75 77 143.45189
75 78 188.11237
75 79 170.50774
75 80 193.79777
75 81 143.9239
75 82 108.94986
75 83 173.31403
75 84 104.31996
75 85 100.67605
75 86 156.28696
75 87 163.2434
75 88 191.98503
75 89 174.00494
75 90 191.20951
75 91 171.26772
75 92 154.7695
75 93 138.55487
75 94 128.14084
75 95 138.23459
75 96 110.08796
75 97 150.65905
75 98 185.14934
75 99 152.63595
76 77 132.80993
76 78 146.50577
76 79 180.43073
76 80 193.79099
76 81 132.92225
76 82 199.58516
76 83 126.53493
76 84 184.41162
76 85 113.93281
76 86 143.41544
76 87 176.42532
76 88 188.51607
76 89 124.76566
76 90 124.89456
76 91 140.84565
76 92 121.52793
76 93 150.33858
76 94 118.94243
76 95 170.31145
76 96 168.52899
76 97 182.8069
76 98 148.2949
76 99 128.94887
77 78 188.66024
77 79 118.47874
77 80 176.07956
77 81 179.39364
77 82 140.02635
77 83 150.95242
77 84 166.45517
77 85 103.92745
77 86 180.05029
77 87 125.96593
77 88 183.2063
77 89 104.65863
77 90 171.93732
77 91 137.54637
77 92 102.66798
77 93 137.2246
77 94 143.64192
77 95 145.07475
77 96 140.40737
77 97 109.66403
77 98 112.03458
77 99 132.26563
78 79 144.54558
78 80 155.21735
78 81 172.63151
78 82 124.53097
78 83 161.11952
78 84 195.1705
78 85 161.09144
78 86 192.36847
78 87 105.53173
78 88 107.6324
78 89 141.20964
78 90 115.85108
78 91 122.28666
78 92 146.98677
78 93 159.56641
78 94 128.68823
78 95 147.20115
78 96 177.04325
78 97 103.68599
78 98 125.18696
78 99 108.35549
79 80 124.48701
79 81 167.69078
79 82 126.82728
79 83 160.08321
79 84 194.36168
79 85 182.2313
79 86 137.7367
79 87 137.05928
79 88 118.94812
79 89 133.59114
79 90 189.36806
79 91 159.27089
79 92 181.4297
79 93 194.45571
79 94 155.91466
79 95 161.02908
79 96 113.76505
79 97 189.83304
79 98 169.27291
79 99 140.55506
80 81 113.65685
80 82 120.94589
80 83 142.69426
80 84 190.1567
80 85 141.73646
80 86 103.06511
80 87 112.42392
80 88 125.92936
80 89 185.54768
80 90 194.05989
80 91 136.75911
80 92 182.82865
80 93 124.43898
80 94 170.63695
80 95 145.49554
80 96 170.72281
80 97 111.61016
80 98 159.34074
80 99 192.03346
81 82 196.08642
81 83 110.05186
81 84 174.58469
81 85 117.675
81 86 195.6362
81 87 141.57222
81 88 136.79608
81 89 155.51934
81 90 199.7317
81 91 166.05939
81 92 165.76628
81 93 167.46287
81 94 195.26564
81 95 162.7316
81 96 143.99473
81 97 184.12993
81 98 152.18353
81 99 106.68644
82 83 174.73663
82 84 110.48655
82 85 110.61989
82 86 150.45123
82 87 116.74862
82 88 109.54448
82 89 139.78264
82 90 156.00781
82 91 127.12506
82 92 111.36169
82 93 161.87594
82 94 139.40237
82 95 136.60052
82 96 128.17168
82 97 159.79766
82 98 110.47769
82 99 179.16134
83 84 101.45813
83 85 157.10329
83 86 187.89072
83 87 144.54602
83 88 184.49885
83 89 162.29052
83 90 137.19146
83 91 195.36552
83 92 160.86111
83 93 104.43541
83 94 147.8807
83 95 163.46358
83 96 185.05424
83 97 158.08339
83 98 113.97795
83 99 173.06778
84 85 125.22352
84 86 128.39015
84 87 183.5894
84 88 141.4229
84 89 125.64607
84 90 100.17503
84 91 114.84494
84 92 162.18263
84 93 173.42957
84 94 181.07631
84 95 194.76425
84 96 131.56487
84 97 120.69396
84 98 197.7432
84 99 167.93079
85 86 180.05737
85 87 174.70801
85 88 131.74794
85 89 153.82348
85 90 177.84322
85 91 125.12927
85 92 162.37576
85 93 104.4162
85 94 132.11626
85 95 115.64948
85 96 130.61017
85 97 154.72749
85 98 180.20598
85 99 161.41285
86 87 193.06184
86 88 120.59071
86 89 116.20817
86 90 152.1538
86 91 129.46747
86 92 102.7994
86 93 109.88286
86 94 109.75149
86 95 131.58964
86 96 172.8539
86 97 163.86016
86 98 148.67051
86 99 100.46841
87 88 190.09887
87 89 130.36934
87 90 107.22372
87 91 181.60026
87 92 112.70918
87 93 164.35455
87 94 100.38151
87 95 199.28678
87 96 102.88039
87 97 148.45996
87 98 119.88112
87 99 188.09941
88 89 151.18572
88 90 164.79168
88 91 135.76514
88 92 130.68296
88 93 165.60911
88 94 132.50624
88 95 143.27276
88 96 175.82094
88 97 148.16871
88 98 119.69238
88 99 155.53589
89 90 183.67486
89 91 180.76168
89 92 106.63209
89 93 114.04564
89 94 152.18029
89 95 135.70846
89 96 109.21674
89 97 164.28775
89 98 176.42062
89 99 181.97594
90 91 145.41642
90 92 115.37961
90 93 115.67904
90 94 133.38897
90 95 109.09378
90 96 105.47644
90 97 167.23555
90 98 161.89603
90 99 100.1355
91 92 126.21151
91 93 199.42878
91 94 157.91961
91 95 131.54374
91 96 103.94568
91 97 101.06013
91 98 122.16962
91 99 113.08339
92 93 101.58371
92 94 166.30976
92 95 141.11746
92 96 143.85753
92 97 159.88587
92 98 181.78881
92 99 189.71687
93 94 113.09837
93 95 180.71613
93 96 100.36457
93 97 107.24695
93 98 183.11133
93 99 114.75258
94 95 122.55444
94 96 171.66294
94 97 115.69802
94 98 177.26841
94 99 107.40815
95 96 141.62941
95 97 147.30008
95 98 112.95913
95 99 190.89677
96 97 158.21014
96 98 167.37253
96 99 100.18654
97 98 127.68196
97 99 157.34999
98 99 155.13705
