100 20
0 1 110.77063
0 2 107.86081
0 3 197.26534
0 4 168.7542
0 5 190.93514
0 6 161.32508
0 7 148.13988
0 8 196.36569
0 9 196.52555
0 10 118.7368
0 11 148.17395
0 12 164.30738
0 13 175.00191
0 14 137.6473
0 15 180.43974
0 16 132.063
0 17 164.43416
0 18 109.63252
0 19 195.45245
0 20 151.58394
0 21 199.93838
0 22 190.24142
0 23 106.66073
0 24 185.89407
0 25 175.51229
0 26 120.16567
0 27 179.11338
0 28 127.46925
0 29 132.63004
0 30 171.19287
0 31 180.65476
0 32 158.62807
0 33 114.50048
0 34 158.98752
0 35 173.29646
0 36 180.84708
0 37 162.36903
0 38 149.97192
0 39 186.58513
0 40 111.48413
0 41 114.50112
0 42 140.68601
0 43 148.83544
0 44 110.80674
0 45 115.04862
0 46 174.98808
0 47 120.91675
0 48 170.78839
0 49 184.11353
0 50 182.53816
0 51 177.6952
0 52 106.39707
0 53 140.04225
0 54 134.13053
0 55 158.0021
0 56 172.58471
0 57 113.25309
0 58 189.14218
0 59 137.25708
0 60 121.83312
0 61 171.66285
0 62 184.79435
0 63 148.12338
0 64 197.90768
0 65 121.47918
0 66 144.17979
0 67 165.65219
0 68 108.00793
0 69 106.28948
0 70 189.16965
0 71 135.00322
0 72 159.58451
0 73 115.07017
0 74 116.16736
0 75 126.45632
0 76 168.80494
0 77 171.98485
0 78 102.96444
0 79 146.85655
0 80 133.87937
0 81 114.29366
0 82 197.644
0 83 199.21668
0 84 156.16491
0 85 187.72068
0 86 144.96743
0 87 174.41325
0 88 168.60886
0 89 174.24
0 90 195.27003
0 91 186.44814
0 92 115.85431
0 93 133.14173
0 94 139.21223
0 95 192.5226
0 96 169.2694
0 97 133.16767
0 98 111.02256
0 99 195.31862
1 2 164.78775
1 3 141.63165
1 4 182.87461
1 5 134.37032
1 6 145.39174
1 7 191.53333
1 8 144.74888
1 9 169.52223
1 10 142.43
1 11 175.49389
1 12 100.62923
1 13 116.3163
1 14 147.90904
1 15 177.86345
1 16 164.09717
1 17 153.11751
1 18 121.58281
1 19 126.84108
1 20 113.99134
1 21 188.04734
1 22 171.9248
1 23 118.46232
1 24 102.32233
1 25 102.64799
1 26 180.70515
1 27 169.89113
1 28 197.60724
1 29 153.49258
1 30 171.72658
1 31 191.17281
1 32 143.20202
1 33 152.0138
1 34 143.3727
1 35 152.44952
1 36 147.84252
1 37 181.529
1 38 172.07518
1 39 167.08268
1 40 114.0915
1 41 109.51864
1 42 126.02016
1 43 161.86314
1 44 119.7001
1 45 161.39964
1 46 174.17104
1 47 178.24289
1 48 180.29421
1 49 149.78214
1 50 172.61941
1 51 198.22506
1 52 133.49586
1 53 122.22064
1 54 101.39053
1 55 167.97205
1 56 188.89859
1 57 139.77689
1 58 196.05475
1 59 142.64574
1 60 133.83517
1 61 193.0739
1 62 169.37237
1 63 109.04555
1 64 163.97207
1 65 143.03481
1 66 105.75754
1 67 171.14486
1 68 115.85705
1 69 133.96528
1 70 164.80104
1 71 165.88106
1 72 169.63705
1 73 146.61995
1 74 149.55143
1 75 133.22446
1 76 137.91352
1 77 173.26886
1 78 145.35099
1 79 121.1977
1 80 186.08569
1 81 182.29341
1 82 145.6115
1 83 124.17984
1 84 187.65048
1 85 154.62359
1 86 142.50635
1 87 153.17033
1 88 169.41783
1 89 141.87528
1 90 153.78702
1 91 190.42475
1 92 120.60608
1 93 143.73526
1 94 141.04791
1 95 102.74384
1 96 100.55046
1 97 129.91465
1 98 112.02964
1 99 129.57881
2 3 147.51411
2 4 152.01223
2 5 186.27255
2 6 141.28585
2 7 136.37516
2 8 149.50374
2 9 162.97632
2 10 125.8349
2 11 189.60841
2 12 172.09043
2 13 195.01538
2 14 102.84951
2 15 104.97114
2 16 138.29029
2 17 137.4923
2 18 176.58607
2 19 193.63804
2 20 170.16605
2 21 123.06661
2 22 192.83181
2 23 129.11562
2 24 127.16977
2 25 161.52383
2 26 137.0386
2 27 103.86253
2 28 175.82067
2 29 122.10604
2 30 123.84236
2 31 166.94248
2 32 143.24893
2 33 139.60391
2 34 118.25637
2 35 167.70065
2 36 181.11985
2 37 146.28446
2 38 139.15208
2 39 100.01451
2 40 135.24033
2 41 146.98232
2 42 103.69402
2 43 173.34511
2 44 110.63666
2 45 171.0822
2 46 182.65458
2 47 125.46829
2 48 153.59215
2 49 133.27475
2 50 188.49321
2 51 146.11726
2 52 135.02252
2 53 175.57075
2 54 184.94286
2 55 123.13874
2 56 188.21386
2 57 151.85539
2 58 145.43693
2 59 131.68982
2 60 166.3969
2 61 109.00266
2 62 139.01538
2 63 187.26499
2 64 110.74438
2 65 138.50185
2 66 179.48924
2 67 199.39402
2 68 167.46318
2 69 152.39815
2 70 124.12353
2 71 145.65143
2 72 162.4192
2 73 138.02386
2 74 177.56873
2 75 182.131
2 76 109.07142
2 77 134.9154
2 78 147.09174
2 79 105.05542
2 80 106.85295
2 81 155.2541
2 82 176.22868
2 83 109.84153
2 84 138.11122
2 85 150.43332
2 86 161.95699
2 87 122.45896
2 88 194.87963
2 89 135.75086
2 90 130.06766
2 91 173.14847
2 92 179.98953
2 93 147.69831
2 94 194.56383
2 95 147.63105
2 96 184.55195
2 97 165.64283
2 98 141.81127
2 99 123.02786
3 4 123.66517
3 5 151.02938
3 6 132.73205
3 7 183.75573
3 8 158.06634
3 9 187.7081
3 10 178.44435
3 11 187.54943
3 12 192.14262
3 13 186.91945
3 14 184.74185
3 15 154.96788
3 16 153.76322
3 17 198.47108
3 18 111.9121
3 19 166.03933
3 20 137.28831
3 21 168.00087
3 22 124.13445
3 23 118.44912
3 24 147.04607
3 25 199.12238
3 26 169.55084
3 27 104.92727
3 28 126.22644
3 29 151.0331
3 30 178.77956
3 31 102.86055
3 32 158.81717
3 33 144.2167
3 34 129.15932
3 35 174.36574
3 36 194.81088
3 37 117.06445
3 38 146.15265
3 39 173.7549
3 40 182.69648
3 41 155.62378
3 42 192.66447
3 43 137.29378
3 44 137.62751
3 45 145.92962
3 46 160.2533
3 47 157.48227
3 48 175.73391
3 49 136.48468
3 50 144.96252
3 51 126.12649
3 52 186.79754
3 53 182.40458
3 54 153.06538
3 55 113.29903
3 56 109.76505
3 57 156.4032
3 58 153.97316
3 59 118.34007
3 60 105.40921
3 61 100.89717
3 62 168.58937
3 63 144.35824
3 64 194.97708
3 65 118.37045
3 66 163.76171
3 67 136.37315
3 68 100.74028
3 69 154.69591
3 70 131.1451
3 71 172.29075
3 72 185.26786
3 73 100.87995
3 74 192.16167
3 75 171.88021
3 76 104.2703
3 77 194.45823
3 78 177.63496
3 79 138.7776
3 80 134.52471
3 81 178.51185
3 82 107.09708
3 83 196.46817
3 84 193.13429
3 85 160.06067
3 86 177.02849
3 87 112.6575
3 88 190.70675
3 89 197.49759
3 90 152.56701
3 91 158.9397
3 92 164.83918
3 93 181.51304
3 94 133.27277
3 95 175.84544
3 96 116.00689
3 97 189.96282
3 98 166.40166
3 99 130.52956
4 5 180.56932
4 6 100.51276
4 7 136.34675
4 8 118.71742
4 9 198.22994
4 10 140.09061
4 11 186.05514
4 12 165.78829
4 13 165.35132
4 14 127.80814
4 15 186.76452
4 16 169.29165
4 17 110.36067
4 18 191.95294
4 19 114.86576
4 20 132.65376
4 21 188.22264
4 22 154.21719
4 23 109.8996
4 24 130.70274
4 25 148.75493
4 26 193.06538
4 27 195.20612
4 28 141.64833
4 29 117.81607
4 30 163.16934
4 31 146.89666
4 32 109.89501
4 33 145.63629
4 34 168.78695
4 35 170.64197
4 36 182.37615
4 37 154.77831
4 38 156.94882
4 39 108.53353
4 40 122.93842
4 41 107.09163
4 42 147.27882
4 43 100.63188
4 44 124.04177
4 45 187.24029
4 46 129.94692
4 47 153.26215
4 48 113.70941
4 49 189.90533
4 50 166.24725
4 51 116.77432
4 52 142.64261
4 53 143.02455
4 54 154.93984
4 55 112.95825
4 56 136.34826
4 57 145.57239
4 58 166.39693
4 59 153.08706
4 60 113.2418
4 61 180.04336
4 62 194.7821
4 63 136.16492
4 64 147.71504
4 65 139.74348
4 66 122.29656
4 67 172.66697
4 68 101.31209
4 69 155.62085
4 70 139.18262
4 71 122.61514
4 72 124.89478
4 73 105.5375
4 74 196.11158
4 75 134.94508
4 76 125.4141
4 77 168.68886
4 78 170.84591
4 79 194.48384
4 80 106.59893
4 81 180.02727
4 82 102.95469
4 83 159.8796
4 84 179.62932
4 85 114.31551
4 86 174.03115
4 87 113.06827
4 88 115.62888
4 89 189.23465
4 90 104.1883
4 91 146.75514
4 92 139.76165
4 93 111.40138
4 94 151.46543
4 95 194.57882
4 96 166.2923
4 97 149.59625
4 98 190.49985
4 99 144.55081
5 6 193.22227
5 7 196.71486
5 8 183.9203
5 9 100.56532
5 10 119.97896
5 11 155.30966
5 12 110.76197
5 13 121.03859
5 14 161.10047
5 15 120.60164
5 16 103.07727
5 17 125.61505
5 18 134.42621
5 19 118.40323
5 20 132.19051
5 21 102.13872
5 22 176.08493
5 23 163.67758
5 24 115.42403
5 25 116.55348
5 26 199.81067
5 27 142.97824
5 28 173.52808
5 29 108.84633
5 30 106.50986
5 31 164.49552
5 32 181.68478
5 33 183.01021
5 34 130.58137
5 35 107.69637
5 36 141.28334
5 37 113.00787
5 38 198.06595
5 39 109.25561
5 40 184.99347
5 41 108.82002
5 42 124.94209
5 43 168.14074
5 44 125.38323
5 45 172.71059
5 46 152.86981
5 47 165.06984
5 48 198.701
5 49 117.62277
5 50 158.4163
5 51 173.42973
5 52 132.88138
5 53 122.03331
5 54 116.48667
5 55 176.1976
5 56 197.47794
5 57 117.84663
5 58 143.75433
5 59 151.222
5 60 149.49638
5 61 162.15059
5 62 180.70701
5 63 127.92415
5 64 137.44185
5 65 109.14095
5 66 166.79635
5 67 152.22659
5 68 178.04248
5 69 126.36456
5 70 105.18914
5 71 151.24608
5 72 138.31486
5 73 125.85844
5 74 129.08066
5 75 163.08959
5 76 131.29044
5 77 132.45317
5 78 100.13038
5 79 197.52865
5 80 194.42686
5 81 133.90019
5 82 175.18054
5 83 120.45303
5 84 136.48656
5 85 164.84299
5 86 192.2114
5 87 147.41855
5 88 105.80329
5 89 171.20398
5 90 136.36577
5 91 140.03474
5 92 155.44897
5 93 183.2413
5 94 131.31923
5 95 132.70836
5 96 171.68531
5 97 100.49607
5 98 156.14066
5 99 155.8125
6 7 167.40177
6 8 179.26936
6 9 116.19294
6 10 185.2632
6 11 197.13507
6 12 178.51447
6 13 147.76287
6 14 115.96577
6 15 190.64363
6 16 134.15949
6 17 178.80299
6 18 149.96016
6 19 125.41318
6 20 176.03477
6 21 145.62315
6 22 126.72245
6 23 130.13945
6 24 147.6679
6 25 193.47624
6 26 136.48744
6 27 110.88802
6 28 155.74782
6 29 166.98633
6 30 108.12438
6 31 152.63215
6 32 184.56209
6 33 150.88796
6 34 166.14869
6 35 110.86084
6 36 116.95567
6 37 191.94251
6 38 138.30202
6 39 187.09562
6 40 176.31903
6 41 138.06974
6 42 165.34333
6 43 152.39069
6 44 144.38015
6 45 180.69023
6 46 186.67548
6 47 129.4463
6 48 187.63884
6 49 197.98073
6 50 155.94658
6 51 145.74319
6 52 124.08462
6 53 194.86662
6 54 116.44777
6 55 178.34471
6 56 144.5855
6 57 131.69523
6 58 124.88289
6 59 157.15584
6 60 134.74606
6 61 168.80278
6 62 170.51054
6 63 160.38055
6 64 185.46716
6 65 116.43255
6 66 166.92831
6 67 185.32773
6 68 178.89747
6 69 153.10742
6 70 113.03306
6 71 123.12931
6 72 153.23505
6 73 149.07909
6 74 134.43975
6 75 173.68438
6 76 144.52448
6 77 194.34992
6 78 190.10233
6 79 151.50603
6 80 121.76629
6 81 129.09576
6 82 182.84773
6 83 160.88142
6 84 119.37074
6 85 117.00486
6 86 147.62687
6 87 191.28484
6 88 111.50043
6 89 165.18637
6 90 177.3118
6 91 197.48424
6 92 101.27239
6 93 101.18968
6 94 190.63416
6 95 190.27351
6 96 167.03547
6 97 166.41108
6 98 196.0351
6 99 143.1914
7 8 146.83913
7 9 126.80635
7 10 181.30183
7 11 164.19519
7 12 195.48613
7 13 103.57174
7 14 118.56234
7 15 111.79633
7 16 167.8182
7 17 182.83967
7 18 153.42288
7 19 162.15412
7 20 147.26551
7 21 130.12561
7 22 148.83223
7 23 126.25347
7 24 144.91326
7 25 188.50709
7 26 166.1832
7 27 176.73036
7 28 101.30652
7 29 169.19518
7 30 149.77485
7 31 152.51149
7 32 158.92463
7 33 171.69066
7 34 182.48716
7 35 135.54437
7 36 131.48753
7 37 159.85641
7 38 162.29196
7 39 114.52251
7 40 150.12646
7 41 144.95265
7 42 136.79751
7 43 197.00245
7 44 109.42995
7 45 162.46042
7 46 106.16377
7 47 183.82458
7 48 183.7997
7 49 142.97082
7 50 122.00722
7 51 160.22024
7 52 134.32616
7 53 136.35084
7 54 177.40419
7 55 187.72431
7 56 136.33467
7 57 172.64333
7 58 120.64546
7 59 131.41768
7 60 120.84263
7 61 113.10122
7 62 192.84027
7 63 139.61129
7 64 189.14714
7 65 120.72763
7 66 118.19904
7 67 146.13203
7 68 101.79
7 69 131.31352
7 70 187.77873
7 71 163.44926
7 72 176.85176
7 73 175.03744
7 74 111.17131
7 75 120.99688
7 76 177.93491
7 77 143.68568
7 78 176.97443
7 79 162.63695
7 80 176.9313
7 81 156.8744
7 82 113.23486
7 83 134.85214
7 84 149.81111
7 85 188.04933
7 86 153.16924
7 87 151.3837
7 88 143.14402
7 89 122.77555
7 90 180.32203
7 91 188.4329
7 92 153.05748
7 93 179.34036
7 94 164.54291
7 95 106.9356
7 96 171.03623
7 97 155.27695
7 98 180.77061
7 99 107.4987
8 9 125.8551
8 10 116.40601
8 11 181.12749
8 12 182.87061
8 13 116.87543
8 14 158.93705
8 15 103.38258
8 16 178.38479
8 17 159.95537
8 18 168.10282
8 19 192.85049
8 20 148.7134
8 21 152.3115
8 22 105.61105
8 23 165.49628
8 24 126.76853
8 25 169.98934
8 26 164.98386
8 27 153.03738
8 28 166.7082
8 29 180.36254
8 30 172.5972
8 31 144.17556
8 32 130.13433
8 33 199.69376
8 34 151.90082
8 35 181.71348
8 36 164.26496
8 37 171.19282
8 38 172.53565
8 39 192.69499
8 40 170.02657
8 41 191.26476
8 42 114.46973
8 43 145.7953
8 44 161.01538
8 45 197.35558
8 46 168.2274
8 47 122.77404
8 48 159.27471
8 49 161.47671
8 50 171.43063
8 51 119.1565
8 52 158.19102
8 53 168.18304
8 54 129.03245
8 55 182.64664
8 56 193.41323
8 57 157.22883
8 58 167.05425
8 59 173.72578
8 60 166.70142
8 61 195.17131
8 62 136.49
8 63 148.13369
8 64 142.23394
8 65 102.77539
8 66 100.2655
8 67 192.20037
8 68 112.48608
8 69 170.74761
8 70 131.08991
8 71 164.24637
8 72 187.13681
8 73 150.76796
8 74 160.94982
8 75 171.00117
8 76 140.04283
8 77 166.87473
8 78 102.27391
8 79 197.95227
8 80 107.61007
8 81 118.42078
8 82 108.97948
8 83 149.68146
8 84 112.21056
8 85 179.35906
8 86 177.14931
8 87 152.47205
8 88 184.01663
8 89 164.85214
8 90 104.54432
8 91 149.65573
8 92 100.01682
8 93 156.58985
8 94 140.68553
8 95 168.25911
8 96 133.60564
8 97 140.49639
8 98 139.37839
8 99 102.80294
9 10 168.66396
9 11 130.45726
9 12 148.87691
9 13 140.45223
9 14 163.88512
9 15 181.81161
9 16 111.36026
9 17 114.20228
9 18 101.83503
9 19 184.04459
9 20 129.78027
9 21 100.73583
9 22 195.53761
9 23 101.43818
9 24 181.52142
9 25 161.51502
9 26 185.79231
9 27 138.30337
9 28 151.95535
9 29 174.03322
9 30 172.78522
9 31 150.20559
9 32 158.98026
9 33 174.71784
9 34 163.09763
9 35 197.98351
9 36 173.70203
9 37 150.77111
9 38 168.65605
9 39 190.29864
9 40 107.09925
9 41 174.10164
9 42 155.43018
9 43 149.13925
9 44 160.22961
9 45 142.4732
9 46 169.09464
9 47 192.1754
9 48 126.19735
9 49 111.57997
9 50 138.37685
9 51 185.95122
9 52 149.81261
9 53 176.48547
9 54 181.35415
9 55 164.88317
9 56 167.48243
9 57 159.7271
9 58 138.02135
9 59 198.32436
9 60 160.91906
9 61 124.40398
9 62 159.84244
9 63 154.2434
9 64 199.38054
9 65 182.56795
9 66 167.74039
9 67 182.12416
9 68 128.18732
9 69 161.7552
9 70 120.13819
9 71 187.61929
9 72 119.87681
9 73 173.77192
9 74 157.15918
9 75 155.74038
9 76 195.84137
9 77 150.47748
9 78 149.56649
9 79 113.033
9 80 105.92157
9 81 128.46247
9 82 141.36988
9 83 183.26612
9 84 127.75161
9 85 132.65837
9 86 108.64091
9 87 173.03261
9 88 103.2006
9 89 149.12257
9 90 122.75068
9 91 142.89559
9 92 196.59121
9 93 120.02531
9 94 171.0381
9 95 187.27822
9 96 167.90537
9 97 135.36618
9 98 142.99063
9 99 199.61432
10 11 159.75039
10 12 187.0594
10 13 177.38207
10 14 138.9147
10 15 176.96877
10 16 176.19901
10 17 104.28552
10 18 128.67513
10 19 145.39464
10 20 160.63869
10 21 123.95388
10 22 139.77272
10 23 185.2053
10 24 186.84495
10 25 101.12072
10 26 188.7927
10 27 135.46025
10 28 110.33326
10 29 180.40071
10 30 157.75227
10 31 103.15721
10 32 144.34775
10 33 144.98046
10 34 184.02408
10 35 156.55269
10 36 168.78997
10 37 156.72121
10 38 119.59803
10 39 147.54745
10 40 165.39291
10 41 170.77511
10 42 156.47314
10 43 190.12745
10 44 121.77693
10 45 182.50009
10 46 195.87892
10 47 179.92255
10 48 181.46328
10 49 154.93811
10 50 165.32147
10 51 116.47637
10 52 160.3837
10 53 195.5198
10 54 173.95494
10 55 138.1123
10 56 165.34981
10 57 146.3635
10 58 144.86062
10 59 164.05752
10 60 110.15444
10 61 152.88506
10 62 116.90072
10 63 166.87612
10 64 171.85861
10 65 117.74936
10 66 166.36064
10 67 196.62633
10 68 103.87497
10 69 115.48984
10 70 154.03652
10 71 115.11818
10 72 130.99865
10 73 181.26688
10 74 175.85488
10 75 113.75495
10 76 169.14504
10 77 157.40018
10 78 192.89955
10 79 165.08774
10 80 103.23076
10 81 177.70312
10 82 150.06464
10 83 199.33363
10 84 198.30795
10 85 165.85919
10 86 151.49752
10 87 155.02352
10 88 182.38006
10 89 183.08751
10 90 164.10856
10 91 145.92553
10 92 133.97101
10 93 187.30996
10 94 137.16513
10 95 148.33911
10 96 102.68415
10 97 167.93293
10 98 135.2599
10 99 168.36513
11 12 117.47398
11 13 101.22427
11 14 147.27097
11 15 136.47098
11 16 168.04836
11 17 140.11783
11 18 106.48899
11 19 145.4435
11 20 192.45719
11 21 164.98309
11 22 132.45558
11 23 195.33422
11 24 170.41201
11 25 130.42729
11 26 174.76182
11 27 165.7728
11 28 107.89003
11 29 197.95257
11 30 163.12208
11 31 107.61014
11 32 161.51341
11 33 160.90341
11 34 134.95107
11 35 122.76304
11 36 159.63356
11 37 106.58637
11 38 131.70575
11 39 113.48154
11 40 188.08473
11 41 164.1798
11 42 118.02117
11 43 153.46569
11 44 150.69629
11 45 129.69769
11 46 147.23351
11 47 190.9715
11 48 111.17834
11 49 135.33595
11 50 145.81385
11 51 133.52416
11 52 199.62043
11 53 135.19608
11 54 147.67508
11 55 173.17373
11 56 166.94391
11 57 171.26665
11 58 186.87017
11 59 124.1068
11 60 121.69512
11 61 183.70231
11 62 122.93035
11 63 128.34273
11 64 196.67365
11 65 147.80011
11 66 149.93615
11 67 185.90097
11 68 173.149
11 69 176.48699
11 70 154.37098
11 71 126.4497
11 72 198.77679
11 73 181.39483
11 74 123.37261
11 75 128.53887
11 76 122.3703
11 77 108.19623
11 78 126.41502
11 79 106.39192
11 80 134.2483
11 81 127.47083
11 82 190.76897
11 83 170.414
11 84 197.13912
11 85 155.86365
11 86 176.19188
11 87 192.42187
11 88 155.38093
11 89 135.29951
11 90 181.73055
11 91 166.43437
11 92 110.85239
11 93 170.08434
11 94 160.42632
11 95 124.76457
11 96 128.59009
11 97 130.0613
11 98 161.25204
11 99 179.53073
12 13 186.19895
12 14 140.47108
12 15 184.98169
12 16 126.21384
12 17 187.52868
12 18 196.14879
12 19 122.16577
12 20 130.74568
12 21 104.33347
12 22 140.05832
12 23 121.92311
12 24 126.29556
12 25 182.58889
12 26 171.68934
12 27 104.41108
12 28 107.56377
12 29 155.65572
12 30 176.53133
12 31 135.69298
12 32 122.83351
12 33 175.0609
12 34 197.31358
12 35 101.30765
12 36 127.38416
12 37 167.5485
12 38 190.55389
12 39 118.92679
12 40 124.39591
12 41 186.36202
12 42 146.11171
12 43 167.59164
12 44 149.24255
12 45 171.0835
12 46 154.2583
12 47 104.20521
12 48 150.57022
12 49 114.01388
12 50 186.81768
12 51 148.25312
12 52 113.7994
12 53 120.19923
12 54 117.90132
12 55 147.29988
12 56 121.25677
12 57 161.14946
12 58 188.75091
12 59 107.94699
12 60 110.36963
12 61 159.07711
12 62 143.46237
12 63 145.71498
12 64 145.56611
12 65 160.78416
12 66 119.3231
12 67 197.2561
12 68 134.19975
12 69 153.5935
12 70 143.57871
12 71 166.50413
12 72 116.36673
12 73 103.6821
12 74 177.76092
12 75 115.16163
12 76 141.71492
12 77 165.78505
12 78 180.53262
12 79 115.71022
12 80 161.28379
12 81 156.84502
12 82 193.25121
12 83 163.44687
12 84 108.73172
12 85 191.25385
12 86 144.41526
12 87 117.96322
12 88 179.21463
12 89 173.07275
12 90 189.37703
12 91 143.15985
12 92 119.067
12 93 123.19734
12 94 141.30895
12 95 105.20371
12 96 169.66951
12 97 110.39224
12 98 102.23514
12 99 196.21842
13 14 120.04508
13 15 127.44682
13 16 197.08246
13 17 181.38161
13 18 114.53213
13 19 166.39859
13 20 176.62638
13 21 170.1672
13 22 143.39165
13 23 173.74077
13 24 104.53894
13 25 172.63344
13 26 147.60413
13 27 166.2586
13 28 169.46997
13 29 156.77059
13 30 136.34255
13 31 112.6536
13 32 163.07405
13 33 165.47809
13 34 140.10779
13 35 140.14834
13 36 146.1425
13 37 144.89558
13 38 102.17611
13 39 103.16782
13 40 170.6963
13 41 186.41783
13 42 147.51324
13 43 156.21564
13 44 102.85706
13 45 153.68002
13 46 159.7321
13 47 169.84818
13 48 109.11681
13 49 133.79444
13 50 106.16798
13 51 108.92639
13 52 150.09908
13 53 126.34312
13 54 102.95788
13 55 102.09872
13 56 172.10396
13 57 171.89845
13 58 147.40517
13 59 152.96416
13 60 145.73227
13 61 193.98198
13 62 124.99563
13 63 141.03852
13 64 129.2192
13 65 157.22889
13 66 144.50789
13 67 113.96911
13 68 184.07996
13 69 130.36691
13 70 151.92896
13 71 164.5744
13 72 129.99218
13 73 166.48092
13 74 181.56736
13 75 170.80911
13 76 188.09028
13 77 149.434
13 78 134.72598
13 79 181.57475
13 80 102.90177
13 81 160.81519
13 82 148.55887
13 83 135.9083
13 84 122.35057
13 85 116.87457
13 86 108.86443
13 87 137.8598
13 88 141.44923
13 89 177.55648
13 90 119.04118
13 91 198.9254
13 92 112.84877
13 93 121.01743
13 94 160.86805
13 95 105.48215
13 96 173.02739
13 97 162.35786
13 98 112.72966
13 99 164.27718
14 15 188.35185
14 16 136.33477
14 17 188.79064
14 18 169.81296
14 19 160.46685
14 20 147.80405
14 21 107.37883
14 22 197.63189
14 23 172.26252
14 24 108.22285
14 25 154.06764
14 26 159.47775
14 27 175.45171
14 28 166.29961
14 29 127.41761
14 30 121.35899
14 31 146.41521
14 32 102.10096
14 33 185.19693
14 34 124.49738
14 35 104.23611
14 36 142.31619
14 37 197.60207
14 38 115.72093
14 39 143.0485
14 40 126.43365
14 41 144.25624
14 42 171.76657
14 43 132.97281
14 44 196.89753
14 45 191.86593
14 46 135.74085
14 47 131.68362
14 48 168.68077
14 49 136.45607
14 50 111.22344
14 51 116.38297
14 52 178.61039
14 53 160.25898
14 54 102.17849
14 55 194.87438
14 56 187.1271
14 57 141.78265
14 58 184.46832
14 59 130.52856
14 60 144.54529
14 61 188.42495
14 62 195.93658
14 63 158.36135
14 64 196.59494
14 65 190.02901
14 66 143.99878
14 67 188.28912
14 68 191.96635
14 69 126.51833
14 70 126.27275
14 71 110.15613
14 72 189.62052
14 73 155.80444
14 74 166.31396
14 75 161.89191
14 76 125.93772
14 77 160.60248
14 78 123.8393
14 79 164.28074
14 80 144.03982
14 81 154.14727
14 82 101.34587
14 83 112.77331
14 84 144.88692
14 85 135.82536
14 86 119.75368
14 87 143.39274
14 88 155.7614
14 89 151.88106
14 90 122.34181
14 91 120.17276
14 92 112.30087
14 93 120.88856
14 94 101.49685
14 95 155.94916
14 96 147.62765
14 97 164.94274
14 98 118.82834
14 99 115.41865
15 16 117.88362
15 17 136.16143
15 18 172.03313
15 19 178.83762
15 20 117.25167
15 21 123.76407
15 22 171.17966
15 23 103.71157
15 24 152.06566
15 25 172.58265
15 26 174.74239
15 27 181.67703
15 28 137.95314
15 29 174.85629
15 30 110.41584
15 31 150.13542
15 32 174.65289
15 33 188.98287
15 34 158.74909
15 35 185.48473
15 36 175.7001
15 37 117.09571
15 38 190.61194
15 39 108.18252
15 40 175.67329
15 41 127.20116
15 42 139.52268
15 43 116.47044
15 44 141.99069
15 45 192.23256
15 46 159.25798
15 47 136.30691
15 48 195.78215
15 49 186.87869
15 50 115.40238
15 51 187.98295
15 52 136.9621
15 53 191.12254
15 54 138.70059
15 55 120.28907
15 56 127.40382
15 57 145.58898
15 58 114.48021
15 59 115.55637
15 60 118.39757
15 61 121.65769
15 62 113.68567
15 63 144.39112
15 64 162.16632
15 65 117.90703
15 66 183.81429
15 67 117.68929
15 68 133.88074
15 69 123.52166
15 70 195.66216
15 71 125.91218
15 72 153.16725
15 73 126.11642
15 74 106.41875
15 75 198.91815
15 76 140.55875
15 77 116.06696
15 78 110.9874
15 79 183.85574
15 80 165.74921
15 81 169.74405
15 82 168.06253
15 83 150.51588
15 84 107.1393
15 85 197.23391
15 86 155.68413
15 87 133.13952
15 88 186.14019
15 89 154.55328
15 90 159.64758
15 91 149.79952
15 92 185.33323
15 93 132.69887
15 94 135.86309
15 95 159.78229
15 96 136.77081
15 97 142.7316
15 98 103.05861
15 99 109.33919
16 17 176.04993
16 18 141.40679
16 19 107.07543
16 20 171.49917
16 21 161.72994
16 22 147.22719
16 23 169.02416
16 24 193.6821
16 25 198.96878
16 26 136.69872
16 27 194.6828
16 28 197.78235
16 29 159.89885
16 30 132.75649
16 31 171.42087
16 32 161.23059
16 33 180.42256
16 34 114.94833
16 35 178.80489
16 36 147.9541
16 37 170.17989
16 38 132.49422
16 39 193.36092
16 40 141.15637
16 41 129.59027
16 42 197.30248
16 43 198.23279
16 44 189.96052
16 45 163.61135
16 46 132.1905
16 47 198.44084
16 48 146.65529
16 49 193.34979
16 50 137.12176
16 51 148.60277
16 52 156.88111
16 53 195.40465
16 54 126.85843
16 55 195.19645
16 56 199.9989
16 57 114.89885
16 58 125.13484
16 59 173.63515
16 60 125.57898
16 61 155.56792
16 62 164.69521
16 63 102.11195
16 64 188.5686
16 65 198.20655
16 66 143.12397
16 67 195.20082
16 68 127.95621
16 69 190.71089
16 70 104.94543
16 71 163.1177
16 72 105.0466
16 73 156.14506
16 74 116.96998
16 75 132.2883
16 76 132.23748
16 77 150.92316
16 78 185.9999
16 79 148.6223
16 80 152.94152
16 81 191.30716
16 82 123.29439
16 83 183.02293
16 84 140.14861
16 85 163.24402
16 86 180.43399
16 87 177.86415
16 88 198.09187
16 89 111.49728
16 90 152.69673
16 91 191.68354
16 92 171.47526
16 93 166.55948
16 94 113.17455
16 95 170.75918
16 96 174.55557
16 97 165.96726
16 98 195.12368
16 99 106.0153
17 18 162.08214
17 19 151.13383
17 20 136.54489
17 21 128.07138
17 22 194.86399
17 23 157.46428
17 24 118.0081
17 25 177.66715
17 26 170.10592
17 27 189.41892
17 28 106.34014
17 29 157.15392
17 30 194.90641
17 31 108.15612
17 32 193.34477
17 33 184.16567
17 34 160.5616
17 35 165.98629
17 36 104.18585
17 37 167.56555
17 38 199.56898
17 39 115.4252
17 40 180.37324
17 41 142.06599
17 42 182.06444
17 43 182.51224
17 44 142.32888
17 45 112.18777
17 46 185.17907
17 47 196.87925
17 48 152.85291
17 49 145.0481
17 50 140.35961
17 51 106.3566
17 52 146.13881
17 53 157.20049
17 54 171.52548
17 55 197.22386
17 56 180.12876
17 57 106.30454
17 58 103.7641
17 59 128.64164
17 60 176.80746
17 61 197.55662
17 62 131.664
17 63 111.81268
17 64 140.54681
17 65 189.57193
17 66 138.27447
17 67 150.89819
17 68 173.39393
17 69 147.42841
17 70 196.96771
17 71 132.34241
17 72 169.16181
17 73 140.81717
17 74 197.25065
17 75 126.66855
17 76 190.51333
17 77 107.64733
17 78 169.92701
17 79 153.81105
17 80 191.41985
17 81 192.20875
17 82 132.87753
17 83 125.86677
17 84 167.95347
17 85 182.03346
17 86 111.00998
17 87 168.81739
17 88 154.82232
17 89 139.20369
17 90 145.93764
17 91 110.00803
17 92 185.82972
17 93 167.26322
17 94 192.50145
17 95 148.54336
17 96 183.51464
17 97 141.89597
17 98 165.95125
17 99 125.84179
18 19 147.96869
18 20 115.42499
18 21 139.00878
18 22 157.31733
18 23 107.11167
18 24 171.8033
18 25 184.11378
18 26 124.72586
18 27 110.08106
18 28 173.95333
18 29 105.32829
18 30 107.87543
18 31 186.04382
18 32 120.36267
18 33 171.49546
18 34 134.72057
18 35 127.66448
18 36 161.87606
18 37 107.11458
18 38 103.56338
18 39 132.64725
18 40 182.80663
18 41 142.56769
18 42 156.69565
18 43 158.10988
18 44 122.62538
18 45 181.92199
18 46 166.85303
18 47 182.23978
18 48 100.14193
18 49 111.50547
18 50 181.30477
18 51 128.76254
18 52 139.11498
18 53 118.14337
18 54 152.40465
18 55 114.87573
18 56 120.5454
18 57 108.24514
18 58 126.17216
18 59 159.8416
18 60 100.35847
18 61 146.82157
18 62 153.68441
18 63 189.66879
18 64 195.08105
18 65 176.79559
18 66 102.96676
18 67 178.11608
18 68 117.39917
18 69 185.6478
18 70 106.90658
18 71 138.10443
18 72 150.34889
18 73 155.31202
18 74 112.35319
18 75 135.19701
18 76 180.46585
18 77 112.23345
18 78 191.5672
18 79 129.2525
18 80 131.31633
18 81 168.06141
18 82 112.74773
18 83 193.79149
18 84 159.41978
18 85 133.35658
18 86 192.29392
18 87 178.25049
18 88 131.60932
18 89 147.9649
18 90 113.86346
18 91 184.72865
18 92 158.57644
18 93 196.16022
18 94 146.41104
18 95 147.78569
18 96 130.00258
18 97 135.24572
18 98 145.87054
18 99 162.41695
19 20 167.86541
19 21 158.24025
19 22 186.9939
19 23 140.75666
19 24 115.65859
19 25 173.05616
19 26 123.32434
19 27 188.21315
19 28 111.86273
19 29 159.99267
19 30 173.82153
19 31 125.56107
19 32 105.5253
19 33 193.44355
19 34 142.87806
19 35 171.89082
19 36 164.45283
19 37 181.85797
19 38 141.66088
19 39 185.18432
19 40 177.10982
19 41 142.70872
19 42 167.62212
19 43 103.57626
19 44 196.1814
19 45 173.05462
19 46 160.53728
19 47 128.60836
19 48 155.1209
19 49 130.44006
19 50 167.32519
19 51 123.3113
19 52 163.47157
19 53 120.12365
19 54 131.17458
19 55 113.37233
19 56 135.88188
19 57 199.68912
19 58 129.63104
19 59 132.41885
19 60 179.11993
19 61 190.44173
19 62 196.87756
19 63 110.87558
19 64 174.61694
19 65 140.96956
19 66 189.25074
19 67 105.60052
19 68 144.26539
19 69 143.05958
19 70 185.84721
19 71 188.2137
19 72 139.61625
19 73 135.41902
19 74 194.5249
19 75 126.18508
19 76 110.78664
19 77 135.74829
19 78 154.24955
19 79 147.81872
19 80 138.90386
19 81 199.50708
19 82 175.18772
19 83 123.53731
19 84 152.5399
19 85 127.53302
19 86 181.89509
19 87 162.48878
19 88 116.21475
19 89 144.81258
19 90 112.05933
19 91 171.29211
19 92 153.01971
19 93 177.63301
19 94 163.00024
19 95 154.7257
19 96 151.07605
19 97 152.17756
19 98 179.6117
19 99 153.52698
20 21 118.50315
20 22 188.51933
20 23 129.3271
20 24 172.21323
20 25 138.00105
20 26 169.73918
20 27 149.78768
20 28 127.55416
20 29 125.63514
20 30 186.65014
20 31 191.94149
20 32 131.49595
20 33 186.84127
20 34 192.7498
20 35 101.79068
20 36 149.37889
20 37 120.48885
20 38 111.79096
20 39 165.53903
20 40 167.97144
20 41 181.812
20 42 196.54632
20 43 180.95985
20 44 114.61008
20 45 167.99948
20 46 142.74095
20 47 122.14734
20 48 153.81161
20 49 117.48768
20 50 175.04222
20 51 136.55703
20 52 174.8755
20 53 118.16148
20 54 199.42502
20 55 135.68136
20 56 130.89275
20 57 182.26204
20 58 178.99721
20 59 161.29424
20 60 193.86848
20 61 199.01934
20 62 110.74644
20 63 135.58163
20 64 170.83564
20 65 185.2081
20 66 176.69223
20 67 150.63491
20 68 108.66348
20 69 156.93372
20 70 190.76357
20 71 141.31789
20 72 115.61775
20 73 133.53077
20 74 129.85552
20 75 177.58587
20 76 175.49323
20 77 149.00222
20 78 155.26037
20 79 108.16263
20 80 150.28365
20 81 157.68868
20 82 136.79975
20 83 132.2606
20 84 160.62387
20 85 150.13643
20 86 108.37837
20 87 113.95312
20 88 102.92306
20 89 120.47227
20 90 135.75273
20 91 166.83938
20 92 101.79974
20 93 141.42063
20 94 182.49798
20 95 148.05474
20 96 166.16735
20 97 199.38657
20 98 102.45406
20 99 118.42632
21 22 153.60924
21 23 168.8509
21 24 198.15613
21 25 151.5538
21 26 191.12515
21 27 108.35244
21 28 109.57619
21 29 109.85707
21 30 101.70235
21 31 123.40644
21 32 168.47815
21 33 144.42072
21 34 192.23056
21 35 174.6681
21 36 195.24567
21 37 162.53361
21 38 193.25792
21 39 146.29076
21 40 148.42086
21 41 193.07119
21 42 195.87568
21 43 136.84514
21 44 102.8269
21 45 192.14701
21 46 154.96255
21 47 130.06423
21 48 127.63504
21 49 187.25299
21 50 185.6361
21 51 137.73235
21 52 105.22889
21 53 196.80589
21 54 192.26608
21 55 148.56393
21 56 197.35122
21 57 175.43752
21 58 163.83038
21 59 187.48346
21 60 183.40182
21 61 177.81868
21 62 181.63154
21 63 121.99174
21 64 169.60949
21 65 143.50428
21 66 136.70159
21 67 184.10664
21 68 126.89617
21 69 126.09563
21 70 187.47011
21 71 131.43553
21 72 117.96359
21 73 181.44814
21 74 129.21106
21 75 132.48669
21 76 163.89026
21 77 185.58405
21 78 115.11482
21 79 183.89604
21 80 129.0729
21 81 173.88865
21 82 120.89123
21 83 125.93486
21 84 104.05295
21 85 130.22083
21 86 199.8797
21 87 181.29839
21 88 106.40764
21 89 135.56256
21 90 101.75142
21 91 104.30743
21 92 170.64832
21 93 118.08336
21 94 147.62722
21 95 100.99515
21 96 108.84571
21 97 133.44744
21 98 170.84594
21 99 152.35309
22 23 155.78288
22 24 173.10912
22 25 112.41496
22 26 193.16093
22 27 119.92671
22 28 141.91527
22 29 168.52457
22 30 124.67219
22 31 129.15652
22 32 131.69152
22 33 148.5672
22 34 191.95456
22 35 128.00182
22 36 131.30739
22 37 158.43006
22 38 181.20161
22 39 138.11921
22 40 140.02391
22 41 181.52944
22 42 163.01874
22 43 180.33061
22 44 175.10052
22 45 144.44164
22 46 162.08121
22 47 100.49446
22 48 107.60479
22 49 143.14629
22 50 166.20632
22 51 111.37829
22 52 108.72723
22 53 190.65959
22 54 118.63941
22 55 196.61983
22 56 175.25489
22 57 109.501
22 58 130.40401
22 59 119.05443
22 60 177.59974
22 61 111.39533
22 62 141.75238
22 63 164.11976
22 64 172.32175
22 65 103.37487
22 66 184.03891
22 67 133.3372
22 68 121.24724
22 69 139.78245
22 70 127.16325
22 71 170.89066
22 72 176.81607
22 73 178.32264
22 74 152.70932
22 75 118.7525
22 76 112.9945
22 77 189.53363
22 78 149.6565
22 79 157.36316
22 80 127.11707
22 81 171.50553
22 82 148.93765
22 83 110.4025
22 84 131.78487
22 85 171.49719
22 86 195.73559
22 87 153.89441
22 88 114.78056
22 89 185.37201
22 90 164.96657
22 91 113.54071
22 92 131.89425
22 93 195.70864
22 94 188.86023
22 95 132.79681
22 96 155.33717
22 97 149.11328
22 98 109.40513
22 99 169.50053
23 24 131.32948
23 25 153.10534
23 26 123.22305
23 27 151.82879
23 28 122.93414
23 29 195.58666
23 30 183.73496
23 31 165.57952
23 32 131.34972
23 33 157.16421
23 34 148.88705
23 35 156.42433
23 36 101.65526
23 37 131.90493
23 38 151.07115
23 39 172.96986
23 40 134.68609
23 41 129.4506
23 42 197.84618
23 43 173.61266
23 44 158.41315
23 45 171.25465
23 46 103.15176
23 47 173.44955
23 48 149.73741
23 49 150.1853
23 50 195.12784
23 51 106.74548
23 52 140.68396
23 53 172.82276
23 54 118.3289
23 55 100.7742
23 56 161.44703
23 57 183.49076
23 58 161.68993
23 59 179.52251
23 60 199.77669
23 61 151.68588
23 62 133.84991
23 63 132.50211
23 64 124.65952
23 65 169.88899
23 66 194.39725
23 67 144.09956
23 68 140.33543
23 69 117.42774
23 70 115.97789
23 71 137.77348
23 72 162.68761
23 73 151.08833
23 74 185.77223
23 75 101.23835
23 76 190.11759
23 77 104.09145
23 78 178.86433
23 79 166.2824
23 80 149.64507
23 81 179.90416
23 82 174.72115
23 83 162.37594
23 84 101.5145
23 85 184.18357
23 86 167.44328
23 87 144.58953
23 88 173.71303
23 89 147.90764
23 90 145.42429
23 91 108.04476
23 92 160.19223
23 93 151.92048
23 94 153.05422
23 95 184.41002
23 96 194.4568
23 97 146.81667
23 98 189.17455
23 99 136.54281
24 25 111.87353
24 26 106.63913
24 27 137.63828
24 28 183.75687
24 29 113.2959
24 30 100.12792
24 31 132.58581
24 32 112.9563
24 33 175.46343
24 34 175.79404
24 35 195.28157
24 36 120.97188
24 37 187.67902
24 38 103.62696
24 39 125.86965
24 40 145.91485
24 41 180.67646
24 42 121.61617
24 43 199.34091
24 44 199.3024
24 45 146.79932
24 46 115.36395
24 47 174.46425
24 48 116.21355
24 49 171.92166
24 50 150.89581
24 51 152.02323
24 52 100.55733
24 53 140.9443
24 54 178.92496
24 55 199.59148
24 56 188.70979
24 57 157.95798
24 58 147.45185
24 59 192.06464
24 60 162.91146
24 61 130.02751
24 62 171.80078
24 63 103.90698
24 64 102.13087
24 65 181.46313
24 66 107.34134
24 67 180.76897
24 68 124.89323
24 69 181.31964
24 70 129.75814
24 71 111.71345
24 72 142.67032
24 73 148.06621
24 74 156.27575
24 75 161.50307
24 76 144.62685
24 77 107.1025
24 78 194.68445
24 79 138.39918
24 80 140.55098
24 81 167.65132
24 82 141.73126
24 83 104.43522
24 84 149.60693
24 85 110.34329
24 86 151.47827
24 87 136.64361
24 88 162.99582
24 89 171.49501
24 90 173.95237
24 91 107.37433
24 92 169.70205
24 93 123.37605
24 94 143.25895
24 95 133.40936
24 96 153.31405
24 97 188.07047
24 98 112.91468
24 99 146.14372
25 26 179.34681
25 27 113.28566
25 28 169.44511
25 29 138.70602
25 30 183.31926
25 31 152.19696
25 32 109.32487
25 33 111.36047
25 34 109.24197
25 35 176.07396
25 36 107.20255
25 37 195.70586
25 38 124.53078
25 39 199.67709
25 40 161.90071
25 41 176.3898
25 42 133.47034
25 43 141.75454
25 44 158.55591
25 45 149.57997
25 46 147.98329
25 47 104.20476
25 48 128.5266
25 49 108.12974
25 50 159.18718
25 51 172.29578
25 52 170.88853
25 53 117.71275
25 54 111.52689
25 55 194.45919
25 56 103.15123
25 57 122.64901
25 58 174.53263
25 59 106.5033
25 60 113.98684
25 61 165.58729
25 62 153.644
25 63 171.66329
25 64 114.96505
25 65 117.99756
25 66 163.41839
25 67 134.98556
25 68 198.63817
25 69 130.71097
25 70 165.65059
25 71 197.34262
25 72 168.92154
25 73 143.25252
25 74 112.10353
25 75 120.75849
25 76 181.93048
25 77 139.64296
25 78 181.95714
25 79 139.08014
25 80 122.54998
25 81 150.19542
25 82 181.88733
25 83 110.27344
25 84 125.05632
25 85 138.70449
25 86 111.0902
25 87 158.53705
25 88 183.54129
25 89 139.02802
25 90 180.05632
25 91 170.83616
25 92 129.08891
25 93 192.04297
25 94 184.81123
25 95 188.49919
25 96 108.79041
25 97 143.30348
25 98 117.11641
25 99 141.53817
26 27 133.24829
26 28 100.08402
26 29 146.12997
26 30 122.6324
26 31 178.52389
26 32 154.15984
26 33 101.77057
26 34 176.49093
26 35 114.95201
26 36 127.69964
26 37 111.81734
26 38 110.61345
26 39 149.19676
26 40 194.60816
26 41 187.471
26 42 103.75643
26 43 160.23524
26 44 156.45485
26 45 171.07001
26 46 177.32324
26 47 121.24912
26 48 164.85473
26 49 126.1369
26 50 106.35521
26 51 165.35301
26 52 193.21009
26 53 131.14424
26 54 172.91871
26 55 126.94649
26 56 157.00044
26 57 176.17523
26 58 185.898
26 59 114.64557
26 60 126.36137
26 61 161.97295
26 62 135.5611
26 63 174.48787
26 64 147.99984
26 65 104.46007
26 66 170.55813
26 67 120.88516
26 68 190.63926
26 69 149.12458
26 70 172.10977
26 71 196.70387
26 72 101.501
26 73 158.06189
26 74 182.26168
26 75 174.00318
26 76 188.80768
26 77 103.52535
26 78 171.39355
26 79 112.5376
26 80 168.53701
26 81 140.46306
26 82 183.10187
26 83 188.60342
26 84 108.59052
26 85 120.61391
26 86 155.04473
26 87 174.3314
26 88 194.62491
26 89 188.31018
26 90 103.50953
26 91 166.76173
26 92 183.33771
26 93 192.69
26 94 136.95545
26 95 121.68634
26 96 124.61596
26 97 158.72025
26 98 106.44706
26 99 142.82975
27 28 149.61677
27 29 119.13636
27 30 173.88808
27 31 164.01958
27 32 103.04188
27 33 144.89605
27 34 147.20185
27 35 151.59442
27 36 194.99398
27 37 165.08489
27 38 104.30753
27 39 187.11403
27 40 143.1477
27 41 197.54126
27 42 154.40977
27 43 103.56876
27 44 165.84935
27 45 109.28549
27 46 181.19716
27 47 194.33366
27 48 182.63668
27 49 163.62457
27 50 153.96921
27 51 195.18129
27 52 111.78616
27 53 119.96705
27 54 170.46634
27 55 108.5074
27 56 111.09572
27 57 110.20597
27 58 122.92781
27 59 148.85319
27 60 189.48569
27 61 123.10333
27 62 116.17784
27 63 136.97882
27 64 186.59973
27 65 171.9791
27 66 161.60893
27 67 119.52792
27 68 133.59725
27 69 115.7315
27 70 149.81066
27 71 177.94492
27 72 166.73172
27 73 102.2662
27 74 116.84928
27 75 196.42702
27 76 151.89497
27 77 154.38064
27 78 119.32734
27 79 144.39053
27 80 166.9647
27 81 117.3798
27 82 173.85152
27 83 140.47654
27 84 137.56038
27 85 116.71091
27 86 195.90171
27 87 186.9257
27 88 160.11612
27 89 164.38653
27 90 112.30477
27 91 193.07165
27 92 141.68115
27 93 117.74464
27 94 122.60682
27 95 100.86829
27 96 188.3854
27 97 108.84615
27 98 161.8843
27 99 122.67812
28 29 102.71594
28 30 176.3306
28 31 170.64301
28 32 148.13924
28 33 122.65474
28 34 194.61395
28 35 100.21546
28 36 160.99128
28 37 137.79298
28 38 197.64946
28 39 113.36337
28 40 191.70779
28 41 180.35453
28 42 135.00231
28 43 160.47109
28 44 154.22876
28 45 170.07314
28 46 144.41435
28 47 174.18312
28 48 142.20157
28 49 197.30621
28 50 175.09474
28 51 165.93875
28 52 182.81077
28 53 141.71336
28 54 195.95758
28 55 112.60868
28 56 169.90258
28 57 147.15852
28 58 181.30706
28 59 109.49204
28 60 146.54333
28 61 164.10922
28 62 134.19281
28 63 127.54558
28 64 102.44111
28 65 118.9797
28 66 137.94213
28 67 104.75099
28 68 135.96314
28 69 125.20515
28 70 177.39533
28 71 192.18899
28 72 159.81952
28 73 122.23574
28 74 136.60037
28 75 166.78695
28 76 126.31494
28 77 189.24078
28 78 198.1266
28 79 189.07854
28 80 124.71835
28 81 174.42569
28 82 169.79751
28 83 176.35694
28 84 195.23247
28 85 101.47113
28 86 123.66164
28 87 155.02491
28 88 176.46491
28 89 125.70413
28 90 188.24539
28 91 187.0625
28 92 126.66211
28 93 166.88485
28 94 140.36145
28 95 173.70854
28 96 111.67717
28 97 101.53652
28 98 142.75359
28 99 175.78711
29 30 136.26368
29 31 123.41848
29 32 169.96848
29 33 113.24713
29 34 179.57433
29 35 119.55241
29 36 187.76707
29 37 143.67767
29 38 121.0117
29 39 101.17627
29 40 119.63192
29 41 199.0898
29 42 140.51972
29 43 139.73287
29 44 150.41797
29 45 139.82849
29 46 187.13733
29 47 177.20836
29 48 162.94541
29 49 188.88975
29 50 100.43895
29 51 157.36933
29 52 182.67338
29 53 115.84056
29 54 103.34961
29 55 168.57674
29 56 139.19289
29 57 174.74913
29 58 104.20409
29 59 180.59328
29 60 129.50887
29 61 161.10439
29 62 127.83545
29 63 125.2455
29 64 196.10823
29 65 122.46087
29 66 142.33586
29 67 127.63003
29 68 179.72054
29 69 178.20644
29 70 145.83886
29 71 176.00159
29 72 110.10513
29 73 171.09567
29 74 127.51074
29 75 170.52275
29 76 131.46109
29 77 139.15516
29 78 189.64223
29 79 189.38199
29 80 118.28545
29 81 146.03134
29 82 108.97993
29 83 136.97036
29 84 128.36672
29 85 150.20996
29 86 133.69979
29 87 145.3635
29 88 186.49976
29 89 174.96208
29 90 190.71785
29 91 130.80721
29 92 195.61583
29 93 136.46825
29 94 132.83062
29 95 187.88368
29 96 101.93689
29 97 128.63329
29 98 125.39445
29 99 174.53256
30 31 165.86793
30 32 103.962
30 33 179.56107
30 34 121.81813
30 35 101.46566
30 36 122.62157
30 37 136.57721
30 38 180.70322
30 39 190.49426
30 40 184.66196
30 41 161.08539
30 42 142.6027
30 43 137.23866
30 44 162.84292
30 45 103.71751
30 46 138.21697
30 47 142.76816
30 48 199.14247
30 49 114.02126
30 50 128.80025
30 51 144.34707
30 52 154.77213
30 53 115.18761
30 54 150.48807
30 55 137.17603
30 56 195.55389
30 57 160.97771
30 58 150.77613
30 59 140.3539
30 60 131.50432
30 61 107.82353
30 62 132.52309
30 63 130.44464
30 64 128.07671
30 65 146.50404
30 66 129.08052
30 67 111.99505
30 68 139.61209
30 69 175.99516
30 70 102.34392
30 71 118.17139
30 72 189.87593
30 73 187.29907
30 74 161.47525
30 75 199.10065
30 76 120.68918
30 77 190.9482
30 78 109.67325
30 79 189.48192
30 80 194.33463
30 81 124.979
30 82 190.81619
30 83 155.09161
30 84 157.51875
30 85 190.8364
30 86 176.50357
30 87 123.30866
30 88 146.16739
30 89 199.20379
30 90 106.60043
30 91 181.49043
30 92 131.03837
30 93 149.75571
30 94 146.84628
30 95 150.75819
30 96 135.36452
30 97 184.95266
30 98 191.08089
30 99 100.6171
31 32 140.82339
31 33 149.88362
31 34 165.34259
31 35 180.6595
31 36 156.02114
31 37 118.43636
31 38 126.91052
31 39 196.33942
31 40 169.50995
31 41 138.68375
31 42 133.67508
31 43 109.83462
31 44 128.1733
31 45 130.50285
31 46 104.8901
31 47 170.64818
31 48 173.89848
31 49 134.82173
31 50 101.41072
31 51 137.43387
31 52 111.52531
31 53 185.70105
31 54 191.06907
31 55 124.20522
31 56 103.044
31 57 117.01124
31 58 100.841
31 59 195.24849
31 60 158.36314
31 61 119.86545
31 62 197.8453
31 63 108.71472
31 64 160.57145
31 65 154.06635
31 66 134.34163
31 67 196.02582
31 68 167.22982
31 69 144.33058
31 70 171.47275
31 71 183.39074
31 72 156.56113
31 73 157.12522
31 74 171.97871
31 75 184.51658
31 76 180.82164
31 77 116.2617
31 78 150.44571
31 79 101.03453
31 80 131.48736
31 81 112.18242
31 82 136.10388
31 83 187.765
31 84 153.19514
31 85 166.30213
31 86 145.62808
31 87 155.71683
31 88 102.78873
31 89 142.37992
31 90 119.42712
31 91 144.37314
31 92 116.84693
31 93 154.56901
31 94 177.61341
31 95 197.16127
31 96 148.32802
31 97 120.5812
31 98 168.08802
31 99 172.37535
32 33 190.31237
32 34 174.31063
32 35 107.14146
32 36 190.01408
32 37 128.11655
32 38 120.78677
32 39 121.34742
32 40 142.47401
32 41 187.48998
32 42 186.85397
32 43 129.10085
32 44 185.82299
32 45 158.50487
32 46 103.98242
32 47 112.37023
32 48 181.01163
32 49 165.05275
32 50 120.98425
32 51 135.64835
32 52 158.6732
32 53 166.27117
32 54 156.39488
32 55 192.95209
32 56 139.57677
32 57 193.6937
32 58 103.04518
32 59 105.60272
32 60 115.07353
32 61 197.26008
32 62 121.44517
32 63 197.87007
32 64 195.86964
32 65 107.99703
32 66 127.0703
32 67 184.226
32 68 119.02702
32 69 105.49442
32 70 189.14587
32 71 147.62437
32 72 142.73612
32 73 197.74612
32 74 130.30837
32 75 160.08315
32 76 195.25037
32 77 145.47362
32 78 133.78553
32 79 117.93715
32 80 130.91989
32 81 123.5139
32 82 139.45077
32 83 196.18018
32 84 105.39239
32 85 145.21597
32 86 163.27926
32 87 191.43384
32 88 170.73696
32 89 113.6629
32 90 159.864
32 91 197.12249
32 92 100.26181
32 93 177.71927
32 94 144.5842
32 95 199.27991
32 96 147.9988
32 97 120.02147
32 98 186.02049
32 99 116.96274
33 34 106.77297
33 35 193.80977
33 36 189.16812
33 37 131.08587
33 38 199.45212
33 39 180.2994
33 40 184.85364
33 41 122.03764
33 42 190.47161
33 43 190.81808
33 44 180.98294
33 45 165.53669
33 46 191.93289
33 47 193.64262
33 48 138.56854
33 49 114.88743
33 50 139.36011
33 51 189.00486
33 52 124.69491
33 53 135.57264
33 54 155.37586
33 55 186.97461
33 56 118.93738
33 57 114.81303
33 58 161.39377
33 59 114.54585
33 60 118.56818
33 61 111.57267
33 62 104.83922
33 63 185.12171
33 64 112.25241
33 65 183.83156
33 66 149.26999
33 67 195.25229
33 68 155.80077
33 69 114.1099
33 70 151.76407
33 71 152.79345
33 72 101.38493
33 73 161.14452
33 74 104.13868
33 75 194.11947
33 76 110.30178
33 77 159.22696
33 78 197.25885
33 79 119.78668
33 80 145.97703
33 81 175.25778
33 82 144.45533
33 83 125.62523
33 84 122.48139
33 85 173.93612
33 86 189.05104
33 87 117.48769
33 88 116.92638
33 89 182.43891
33 90 189.57946
33 91 158.0378
33 92 154.36046
33 93 185.29142
33 94 149.28951
33 95 100.8708
33 96 129.74376
33 97 104.50492
33 98 159.97111
33 99 128.69071
34 35 164.09522
34 36 170.66635
34 37 129.8026
34 38 162.85759
34 39 169.98738
34 40 199.83806
34 41 173.82424
34 42 120.23808
34 43 188.23998
34 44 192.2982
34 45 173.28442
34 46 113.79419
34 47 139.72165
34 48 164.11622
34 49 188.37258
34 50 168.44858
34 51 183.7405
34 52 101.55983
34 53 179.02345
34 54 189.04669
34 55 127.28749
34 56 187.26081
34 57 124.5538
34 58 152.35385
34 59 180.79844
34 60 125.79362
34 61 144.31839
34 62 163.51217
34 63 134.2645
34 64 174.55692
34 65 173.51276
34 66 120.68082
34 67 148.45235
34 68 148.0089
34 69 148.89439
34 70 120.10638
34 71 135.75056
34 72 146.64042
34 73 141.80129
34 74 110.99566
34 75 184.94922
34 76 182.79759
34 77 117.62684
34 78 167.39292
34 79 131.41913
34 80 121.69631
34 81 104.96065
34 82 123.12531
34 83 112.27895
34 84 151.90873
34 85 126.91274
34 86 137.20975
34 87 105.14828
34 88 127.28805
34 89 177.84489
34 90 143.88832
34 91 189.00184
34 92 127.01897
34 93 113.70122
34 94 109.63123
34 95 165.92485
34 96 139.84177
34 97 197.03687
34 98 157.9882
34 99 109.09463
35 36 149.99821
35 37 123.94036
35 38 102.71052
35 39 108.10483
35 40 187.11925
35 41 139.57279
35 42 143.84167
35 43 199.83408
35 44 113.48376
35 45 145.68231
35 46 131.74552
35 47 131.9616
35 48 132.8681
35 49 174.47669
35 50 146.37582
35 51 145.73948
35 52 141.08333
35 53 194.24455
35 54 103.45823
35 55 162.78824
35 56 164.2751
35 57 107.95277
35 58 105.48109
35 59 103.35275
35 60 126.87141
35 61 142.37131
35 62 160.57283
35 63 193.06486
35 64 196.61843
35 65 150.25528
35 66 121.02008
35 67 131.09139
35 68 130.90292
35 69 119.22665
35 70 182.00438
35 71 174.70552
35 72 184.94081
35 73 110.72581
35 74 169.72618
35 75 154.36853
35 76 183.31382
35 77 175.81585
35 78 138.06301
35 79 143.01375
35 80 122.24751
35 81 168.88711
35 82 139.66148
35 83 153.90768
35 84 132.36994
35 85 169.56511
35 86 120.02704
35 87 112.45232
35 88 121.66069
35 89 170.16527
35 90 177.27158
35 91 196.67837
35 92 160.18947
35 93 100.49259
35 94 155.23604
35 95 127.19678
35 96 125.77394
35 97 188.3595
35 98 164.33655
35 99 147.74582
36 37 153.09953
36 38 172.25487
36 39 137.61134
36 40 103.06987
36 41 125.25801
36 42 179.02858
36 43 153.76641
36 44 117.5945
36 45 155.13304
36 46 141.84228
36 47 176.3847
36 48 163.49795
36 49 112.48321
36 50 168.7167
36 51 150.89438
36 52 157.84537
36 53 137.7479
36 54 184.93204
36 55 149.76494
36 56 186.40027
36 57 148.03132
36 58 120.30512
36 59 187.31864
36 60 146.60388
36 61 114.43135
36 62 116.65131
36 63 145.75861
36 64 192.714
36 65 124.568
36 66 122.63952
36 67 181.53268
36 68 153.12834
36 69 105.15338
36 70 179.62327
36 71 170.50126
36 72 144.29117
36 73 168.66469
36 74 198.45916
36 75 124.41001
36 76 185.60335
36 77 180.24267
36 78 133.0461
36 79 152.47562
36 80 165.62573
36 81 178.56609
36 82 147.08429
36 83 183.00581
36 84 190.72947
36 85 160.55285
36 86 144.17993
36 87 160.71604
36 88 166.8347
36 89 121.01529
36 90 179.52349
36 91 125.52869
36 92 146.48341
36 93 184.36362
36 94 160.78413
36 95 178.25948
36 96 144.37064
36 97 142.05446
36 98 124.34528
36 99 113.55228
37 38 156.41616
37 39 197.40278
37 40 152.99701
37 41 177.22582
37 42 157.82336
37 43 188.85186
37 44 144.23143
37 45 105.6116
37 46 101.5517
37 47 102.76566
37 48 130.51923
37 49 187.46576
37 50 169.20539
37 51 101.90075
37 52 148.45165
37 53 152.07925
37 54 153.77144
37 55 148.43431
37 56 148.16168
37 57 100.50265
37 58 128.12893
37 59 107.95648
37 60 125.7328
37 61 155.32535
37 62 193.26805
37 63 197.58646
37 64 156.20266
37 65 170.78347
37 66 179.0738
37 67 152.22056
37 68 178.88216
37 69 144.78717
37 70 162.17454
37 71 188.08131
37 72 170.99772
37 73 144.46541
37 74 185.99685
37 75 101.23935
37 76 149.96269
37 77 152.9654
37 78 187.72874
37 79 175.41116
37 80 185.2751
37 81 197.10239
37 82 176.03308
37 83 163.2313
37 84 124.21679
37 85 109.61947
37 86 185.25549
37 87 199.66862
37 88 187.24263
37 89 153.06525
37 90 142.81266
37 91 158.92544
37 92 174.13245
37 93 111.77943
37 94 159.64635
37 95 126.70241
37 96 174.4421
37 97 112.42873
37 98 164.96222
37 99 154.0654
38 39 124.78989
38 40 116.51651
38 41 149.67595
38 42 156.83865
38 43 148.8707
38 44 142.28974
38 45 153.2537
38 46 107.56986
38 47 121.45503
38 48 109.13234
38 49 121.13406
38 50 123.81235
38 51 158.0981
38 52 113.6506
38 53 149.37871
38 54 188.91175
38 55 141.57056
38 56 130.16756
38 57 164.89617
38 58 184.58382
38 59 125.31417
38 60 168.52608
38 61 191.07296
38 62 105.23758
38 63 151.04839
38 64 102.2333
38 65 117.7891
38 66 113.45971
38 67 116.52111
38 68 157.20529
38 69 104.84977
38 70 173.87383
38 71 144.64575
38 72 171.75967
38 73 175.88424
38 74 125.0655
38 75 141.87421
38 76 107.40636
38 77 143.73387
38 78 166.88629
38 79 190.05835
38 80 172.29717
38 81 110.7373
38 82 181.14956
38 83 131.65197
38 84 143.48982
38 85 199.90131
38 86 176.53362
38 87 113.89929
38 88 123.79837
38 89 100.84276
38 90 143.16944
38 91 182.38977
38 92 155.9192
38 93 145.27943
38 94 186.43878
38 95 178.48343
38 96 158.08283
38 97 158.5509
38 98 161.45019
38 99 102.43038
39 40 129.47476
39 41 143.84934
39 42 152.48382
39 43 157.80091
39 44 149.52068
39 45 174.04509
39 46 174.98233
39 47 131.83781
39 48 146.03483
39 49 109.09046
39 50 104.25705
39 51 133.47552
39 52 152.29837
39 53 109.35256
39 54 142.81671
39 55 197.78164
39 56 165.48403
39 57 117.09705
39 58 163.1883
39 59 134.50276
39 60 168.19894
39 61 106.94048
39 62 152.14474
39 63 152.9923
39 64 111.6707
39 65 115.86859
39 66 177.97699
39 67 106.76496
39 68 182.93207
39 69 134.01394
39 70 110.2475
39 71 178.06219
39 72 124.9075
39 73 191.5079
39 74 185.59294
39 75 159.52366
39 76 199.13596
39 77 116.20866
39 78 158.05751
39 79 115.47675
39 80 159.39955
39 81 188.95672
39 82 169.39779
39 83 134.66897
39 84 158.68414
39 85 170.70973
39 86 178.48395
39 87 130.13074
39 88 147.03946
39 89 176.61967
39 90 124.78788
39 91 115.46822
39 92 195.46359
39 93 195.30439
39 94 163.97982
39 95 169.61509
39 96 138.92306
39 97 144.50234
39 98 161.85037
39 99 184.78779
40 41 189.01537
40 42 150.99985
40 43 139.8724
40 44 106.3607
40 45 137.25475
40 46 184.16961
40 47 174.51048
40 48 109.39972
40 49 109.74144
40 50 141.18181
40 51 145.47201
40 52 108.53749
40 53 167.13377
40 54 199.25644
40 55 118.20223
40 56 134.04134
40 57 119.1927
40 58 107.31048
40 59 100.06509
40 60 127.48224
40 61 122.46426
40 62 168.42479
40 63 111.5534
40 64 122.65386
40 65 122.9846
40 66 103.87903
40 67 196.96374
40 68 180.8097
40 69 134.29909
40 70 127.46026
40 71 103.82147
40 72 120.24029
40 73 187.92224
40 74 169.05775
40 75 141.85886
40 76 131.69288
40 77 120.95619
40 78 125.27592
40 79 107.27993
40 80 114.12823
40 81 159.0888
40 82 184.04756
40 83 148.96861
40 84 150.46534
40 85 112.55947
40 86 154.3161
40 87 131.66494
40 88 118.53954
40 89 109.76646
40 90 198.07987
40 91 115.03266
40 92 136.36604
40 93 134.28672
40 94 108.47484
40 95 116.68129
40 96 152.89399
40 97 158.63533
40 98 100.72093
40 99 109.72843
41 42 199.90437
41 43 144.67715
41 44 133.61453
41 45 184.65076
41 46 141.32606
41 47 164.67374
41 48 108.8339
41 49 159.74351
41 50 115.60246
41 51 193.8766
41 52 140.98076
41 53 154.66678
41 54 101.31554
41 55 138.39977
41 56 162.4334
41 57 198.73715
41 58 100.06039
41 59 156.04705
41 60 161.21728
41 61 109.03649
41 62 164.92832
41 63 103.9652
41 64 133.16181
41 65 178.15657
41 66 195.134
41 67 169.14924
41 68 130.33535
41 69 183.42372
41 70 118.70015
41 71 103.46651
41 72 179.46963
41 73 162.2855
41 74 115.93347
41 75 114.25957
41 76 184.92179
41 77 150.00942
41 78 136.68193
41 79 186.55506
41 80 162.87752
41 81 164.9956
41 82 156.37519
41 83 140.92228
41 84 139.51275
41 85 119.92299
41 86 166.5783
41 87 161.10265
41 88 102.41366
41 89 166.51174
41 90 103.73899
41 91 121.81847
41 92 113.74328
41 93 189.14177
41 94 110.87345
41 95 130.54042
41 96 149.76526
41 97 160.1567
41 98 147.62598
41 99 119.01051
42 43 121.96067
42 44 149.55825
42 45 156.37303
42 46 150.35305
42 47 100.93173
42 48 114.79702
42 49 199.0618
42 50 191.64959
42 51 139.20453
42 52 170.8594
42 53 153.43192
42 54 131.62287
42 55 158.86933
42 56 158.15645
42 57 196.84081
42 58 109.44985
42 59 179.70669
42 60 123.21741
42 61 183.01131
42 62 191.26632
42 63 102.18856
42 64 143.79167
42 65 133.55687
42 66 132.73915
42 67 154.76331
42 68 172.96586
42 69 176.18582
42 70 176.56149
42 71 181.32593
42 72 156.16607
42 73 109.09333
42 74 103.08404
42 75 150.73737
42 76 133.03796
42 77 116.94032
42 78 145.05349
42 79 196.52188
42 80 192.90202
42 81 102.53952
42 82 141.7792
42 83 188.76373
42 84 105.48297
42 85 150.44785
42 86 181.13877
42 87 192.23035
42 88 198.16606
42 89 143.86834
42 90 125.8211
42 91 130.80858
42 92 130.62957
42 93 155.08934
42 94 178.71492
42 95 141.28525
42 96 192.91989
42 97 158.41429
42 98 164.15434
42 99 123.63554
43 44 141.82856
43 45 148.83039
43 46 137.69416
43 47 156.75175
43 48 148.71372
43 49 159.16305
43 50 174.27623
43 51 156.22452
43 52 163.443
43 53 117.50325
43 54 175.60243
43 55 142.31816
43 56 115.47662
43 57 130.60863
43 58 151.48552
43 59 137.05383
43 60 111.2461
43 61 104.71559
43 62 171.10997
43 63 119.251
43 64 109.13301
43 65 129.80929
43 66 177.59975
43 67 177.22263
43 68 146.39113
43 69 129.81261
43 70 129.91061
43 71 168.33546
43 72 162.81964
43 73 117.87739
43 74 165.63204
43 75 106.90959
43 76 184.02387
43 77 142.54427
43 78 166.10576
43 79 154.38698
43 80 143.0889
43 81 179.21102
43 82 163.68318
43 83 159.15539
43 84 193.68545
43 85 164.84768
43 86 132.6842
43 87 155.0321
43 88 129.70681
43 89 133.07239
43 90 128.23625
43 91 140.09642
43 92 177.43168
43 93 141.11687
43 94 181.95724
43 95 165.14009
43 96 101.28603
43 97 120.89194
43 98 155.23553
43 99 128.63571
44 45 130.27736
44 46 150.92821
44 47 191.73607
44 48 179.26602
44 49 150.96644
44 50 174.7627
44 51 150.36543
44 52 168.20253
44 53 135.49471
44 54 188.23988
44 55 124.50211
44 56 125.25733
44 57 173.14673
44 58 157.81848
44 59 160.21633
44 60 184.40823
44 61 163.02492
44 62 198.41253
44 63 110.53758
44 64 118.47006
44 65 132.72582
44 66 149.48117
44 67 137.56119
44 68 102.08469
44 69 145.93356
44 70 102.92588
44 71 151.75521
44 72 179.7686
44 73 164.07814
44 74 187.56052
44 75 127.13233
44 76 138.67431
44 77 146.52909
44 78 171.61327
44 79 110.56075
44 80 141.10593
44 81 159.33473
44 82 119.91033
44 83 106.04479
44 84 178.36902
44 85 129.13126
44 86 197.8763
44 87 119.3358
44 88 195.46714
44 89 120.19333
44 90 168.0506
44 91 174.06343
44 92 169.21016
44 93 191.1853
44 94 146.87909
44 95 106.60123
44 96 180.24899
44 97 106.12094
44 98 114.35712
44 99 125.92277
45 46 159.22927
45 47 158.22211
45 48 140.22228
45 49 169.44033
45 50 117.46489
45 51 111.32025
45 52 131.95121
45 53 142.58057
45 54 197.56643
45 55 158.3294
45 56 105.15828
45 57 103.82306
45 58 127.07007
45 59 111.53112
45 60 109.33505
45 61 148.21975
45 62 192.92823
45 63 188.35095
45 64 118.31392
45 65 174.56712
45 66 127.44217
45 67 194.00018
45 68 172.65698
45 69 158.97931
45 70 172.38476
45 71 132.70671
45 72 135.38022
45 73 149.23212
45 74 132.18398
45 75 115.6149
45 76 167.85872
45 77 176.18413
45 78 154.33453
45 79 191.23705
45 80 158.58974
45 81 132.43514
45 82 150.33203
45 83 174.59058
45 84 103.46526
45 85 154.90225
45 86 162.4398
45 87 157.38869
45 88 119.63948
45 89 170.19133
45 90 172.37826
45 91 130.68648
45 92 173.43895
45 93 151.54813
45 94 161.51261
45 95 191.15019
45 96 129.70041
45 97 144.70108
45 98 145.897
45 99 148.15119
46 47 154.01544
46 48 175.21893
46 49 110.74008
46 50 137.28017
46 51 196.86762
46 52 131.70911
46 53 170.12812
46 54 168.76106
46 55 101.48033
46 56 117.93906
46 57 175.99305
46 58 162.09394
46 59 120.9445
46 60 113.95906
46 61 134.60755
46 62 186.2465
46 63 124.94949
46 64 115.71537
46 65 168.4641
46 66 159.92241
46 67 179.8569
46 68 132.21035
46 69 134.36616
46 70 164.73331
46 71 174.54371
46 72 109.53814
46 73 196.94841
46 74 110.41974
46 75 149.60261
46 76 151.65808
46 77 120.40696
46 78 199.44589
46 79 197.72723
46 80 182.26995
46 81 198.01162
46 82 124.08244
46 83 120.05086
46 84 173.49358
46 85 162.08214
46 86 186.91527
46 87 170.23817
46 88 193.65723
46 89 189.5741
46 90 134.64441
46 91 103.79095
46 92 143.53129
46 93 191.32555
46 94 188.3678
46 95 111.41725
46 96 151.63782
46 97 190.83965
46 98 129.55247
46 99 184.96197
47 48 196.78099
47 49 132.52279
47 50 149.43842
47 51 180.11886
47 52 154.3931
47 53 166.46853
47 54 183.62561
47 55 121.97801
47 56 119.24669
47 57 172.08178
47 58 160.82669
47 59 152.05207
47 60 192.01216
47 61 118.78911
47 62 187.7946
47 63 199.18882
47 64 162.45361
47 65 119.16031
47 66 189.64448
47 67 124.13903
47 68 187.30501
47 69 161.81287
47 70 170.49531
47 71 126.65541
47 72 140.05899
47 73 179.05832
47 74 197.78679
47 75 180.0178
47 76 155.29704
47 77 111.69836
47 78 180.25691
47 79 104.66744
47 80 116.89443
47 81 112.60888
47 82 175.81589
47 83 106.80661
47 84 181.9811
47 85 186.69717
47 86 148.01077
47 87 175.52077
47 88 188.4768
47 89 127.32341
47 90 163.65318
47 91 126.47152
47 92 170.38984
47 93 185.10662
47 94 141.39767
47 95 177.43608
47 96 185.36827
47 97 153.43749
47 98 130.02382
47 99 159.45469
48 49 169.38028
48 50 185.64021
48 51 196.77662
48 52 119.23694
48 53 137.86004
48 54 156.57166
48 55 126.5534
48 56 183.95781
48 57 177.76866
48 58 167.03472
48 59 139.61817
48 60 141.80983
48 61 198.78073
48 62 102.59848
48 63 163.76267
48 64 103.8079
48 65 105.18273
48 66 162.5847
48 67 105.13429
48 68 155.89322
48 69 126.06891
48 70 107.41617
48 71 167.81049
48 72 108.62819
48 73 144.1034
48 74 188.94255
48 75 194.05009
48 76 148.53462
48 77 117.80941
48 78 101.71556
48 79 105.5016
48 80 116.76141
48 81 114.50118
48 82 162.56645
48 83 126.48815
48 84 177.59091
48 85 138.8307
48 86 190.22674
48 87 154.64174
48 88 192.231
48 89 166.92566
48 90 169.46401
48 91 147.9587
48 92 156.43862
48 93 181.23307
48 94 183.70753
48 95 131.52092
48 96 121.08366
48 97 180.38814
48 98 109.94218
48 99 191.09048
49 50 114.47356
49 51 151.57588
49 52 124.00949
49 53 198.16268
49 54 175.87745
49 55 137.54671
49 56 176.75187
49 57 165.50363
49 58 145.82992
49 59 190.84014
49 60 141.60613
49 61 186.56027
49 62 196.47418
49 63 146.38155
49 64 184.01029
49 65 102.4313
49 66 146.86749
49 67 142.34123
49 68 174.48239
49 69 137.87429
49 70 152.04187
49 71 199.22265
49 72 159.6922
49 73 120.74839
49 74 149.13926
49 75 136.66394
49 76 150.03611
49 77 112.50303
49 78 139.61977
49 79 122.23782
49 80 112.07795
49 81 120.71662
49 82 161.16341
49 83 175.73607
49 84 106.29115
49 85 199.65367
49 86 141.11548
49 87 123.03731
49 88 163.45215
49 89 174.88731
49 90 125.73291
49 91 155.88126
49 92 136.72875
49 93 168.43007
49 94 175.67078
49 95 195.98073
49 96 165.3991
49 97 166.94916
49 98 105.6775
49 99 171.78774
50 51 151.17964
50 52 133.34146
50 53 127.73084
50 54 106.03898
50 55 195.9644
50 56 180.86829
50 57 167.61497
50 58 181.74935
50 59 101.54848
50 60 179.76979
50 61 119.66171
50 62 116.77656
50 63 138.11049
50 64 104.73655
50 65 164.8434
50 66 193.85847
50 67 141.53286
50 68 114.59851
50 69 159.00774
50 70 164.55266
50 71 114.13717
50 72 178.12624
50 73 179.88567
50 74 147.12143
50 75 156.36269
50 76 162.78516
50 77 148.65551
50 78 107.68695
50 79 139.22005
50 80 102.35833
50 81 142.65062
50 82 163.97105
50 83 110.86132
50 84 105.45309
50 85 157.6324
50 86 183.78473
50 87 197.36104
50 88 190.96291
50 89 136.63713
50 90 170.67996
50 91 119.08062
50 92 155.48067
50 93 135.2771
50 94 121.82621
50 95 192.20225
50 96 197.73019
50 97 158.08264
50 98 133.61468
50 99 101.84945
51 52 160.86696
51 53 129.66856
51 54 164.17679
51 55 163.72885
51 56 135.50518
51 57 105.36023
51 58 181.23823
51 59 196.93289
51 60 186.75243
51 61 114.04723
51 62 175.02186
51 63 156.7614
51 64 107.57119
51 65 164.43959
51 66 193.02606
51 67 120.23171
51 68 135.67273
51 69 191.32995
51 70 103.96901
51 71 176.2738
51 72 196.88578
51 73 123.03988
51 74 150.34981
51 75 167.27377
51 76 166.05269
51 77 176.83529
51 78 107.10972
51 79 126.29733
51 80 139.55914
51 81 120.6451
51 82 186.88405
51 83 167.90057
51 84 195.77991
51 85 140.90692
51 86 171.62754
51 87 168.62707
51 88 189.02143
51 89 141.2749
51 90 189.32746
51 91 180.76775
51 92 162.54221
51 93 179.76415
51 94 190.36696
51 95 193.49007
51 96 128.42572
51 97 191.10754
51 98 121.30618
51 99 154.88463
52 53 138.79586
52 54 158.67686
52 55 115.19771
52 56 186.86132
52 57 164.62812
52 58 117.27959
52 59 105.84444
52 60 170.19233
52 61 129.52576
52 62 155.25401
52 63 101.09839
52 64 125.28391
52 65 167.69994
52 66 199.0179
52 67 179.89996
52 68 194.74411
52 69 133.13546
52 70 104.44984
52 71 181.54283
52 72 160.06638
52 73 149.27511
52 74 111.53613
52 75 180.9458
52 76 162.4085
52 77 138.94315
52 78 189.71762
52 79 165.27246
52 80 195.04119
52 81 143.67189
52 82 152.9224
52 83 184.87519
52 84 138.97188
52 85 152.33628
52 86 182.67379
52 87 135.79502
52 88 132.72609
52 89 135.62548
52 90 127.82869
52 91 100.04913
52 92 103.75215
52 93 144.06011
52 94 187.61179
52 95 101.86403
52 96 179.84881
52 97 136.3824
52 98 186.16349
52 99 174.72691
53 54 155.71486
53 55 178.58573
53 56 163.49083
53 57 108.5012
53 58 185.52633
53 59 101.60222
53 60 126.05853
53 61 138.6541
53 62 120.59709
53 63 134.24533
53 64 162.28351
53 65 136.74326
53 66 124.55115
53 67 156.13239
53 68 153.19473
53 69 184.89902
53 70 177.34952
53 71 148.54789
53 72 141.9536
53 73 163.31039
53 74 169.36364
53 75 193.0771
53 76 170.26569
53 77 147.03831
53 78 136.52454
53 79 131.14658
53 80 153.39035
53 81 199.30733
53 82 145.50175
53 83 162.58998
53 84 118.18845
53 85 152.61728
53 86 121.65989
53 87 174.69832
53 88 188.13191
53 89 111.20234
53 90 165.04763
53 91 125.54211
53 92 145.3526
53 93 151.58828
53 94 116.77742
53 95 131.67616
53 96 171.83351
53 97 108.56022
53 98 195.99584
53 99 139.25535
54 55 193.78299
54 56 146.58819
54 57 130.81382
54 58 145.07035
54 59 179.19284
54 60 102.02096
54 61 184.55238
54 62 122.27012
54 63 109.25889
54 64 199.91003
54 65 167.7118
54 66 199.4077
54 67 157.36538
54 68 189.26428
54 69 197.41647
54 70 154.42972
54 71 134.71847
54 72 191.17619
54 73 134.89578
54 74 101.45468
54 75 149.78107
54 76 150.95745
54 77 123.99652
54 78 134.21201
54 79 133.33625
54 80 145.35392
54 81 156.33465
54 82 177.59642
54 83 123.25256
54 84 166.61154
54 85 198.36486
54 86 198.15844
54 87 138.02204
54 88 118.15985
54 89 166.86275
54 90 173.59531
54 91 180.93508
54 92 180.22246
54 93 177.56572
54 94 171.00619
54 95 184.67911
54 96 150.14459
54 97 194.30743
54 98 114.0278
54 99 178.5702
55 56 135.48515
55 57 125.74395
55 58 154.64169
55 59 114.912
55 60 198.4229
55 61 112.75207
55 62 123.37048
55 63 114.60528
55 64 120.03878
55 65 185.75126
55 66 153.46083
55 67 105.20091
55 68 151.51403
55 69 175.73698
55 70 109.38168
55 71 148.3349
55 72 180.4888
55 73 160.33678
55 74 149.36215
55 75 167.38718
55 76 184.20216
55 77 135.50434
55 78 131.27873
55 79 161.82849
55 80 124.07724
55 81 109.68314
55 82 106.95871
55 83 118.92759
55 84 150.42255
55 85 187.77281
55 86 153.06409
55 87 153.37818
55 88 184.21156
55 89 180.22475
55 90 187.22234
55 91 188.94131
55 92 194.87528
55 93 145.9642
55 94 193.97724
55 95 126.4234
55 96 160.89647
55 97 123.19761
55 98 160.29893
55 99 194.35764
56 57 165.128
56 58 125.89939
56 59 138.11745
56 60 117.92185
56 61 126.69276
56 62 135.49014
56 63 143.54904
56 64 147.71023
56 65 168.4566
56 66 108.57993
56 67 196.71142
56 68 186.66118
56 69 142.22573
56 70 109.8772
56 71 152.98083
56 72 101.29604
56 73 158.84691
56 74 103.33228
56 75 105.84023
56 76 133.84982
56 77 111.73907
56 78 157.03908
56 79 131.69515
56 80 182.41586
56 81 190.05675
56 82 181.14878
56 83 112.64781
56 84 109.63477
56 85 193.64691
56 86 118.17249
56 87 109.61079
56 88 121.6029
56 89 186.77941
56 90 133.69552
56 91 189.9946
56 92 161.45358
56 93 132.92559
56 94 170.11536
56 95 186.86923
56 96 142.70081
56 97 118.94634
56 98 173.82686
56 99 106.89113
57 58 184.89498
57 59 109.49655
57 60 100.01537
57 61 102.14987
57 62 107.96525
57 63 134.72851
57 64 136.43242
57 65 122.7722
57 66 165.5672
57 67 104.78572
57 68 113.46403
57 69 188.48022
57 70 177.79642
57 71 151.84845
57 72 192.4286
57 73 127.53579
57 74 115.61932
57 75 145.25849
57 76 119.68413
57 77 152.9478
57 78 169.28594
57 79 173.92276
57 80 141.8503
57 81 163.6412
57 82 168.58524
57 83 115.82697
57 84 111.64018
57 85 105.08794
57 86 195.36301
57 87 187.83375
57 88 121.25499
57 89 103.94688
57 90 178.90177
57 91 182.46426
57 92 129.53369
57 93 103.22686
57 94 165.77378
57 95 196.96393
57 96 163.44478
57 97 134.24616
57 98 133.69988
57 99 132.33275
58 59 195.37557
58 60 138.65072
58 61 178.61556
58 62 132.91151
58 63 187.27391
58 64 182.78494
58 65 162.6093
58 66 128.79637
58 67 153.57599
58 68 127.51161
58 69 195.2651
58 70 144.43909
58 71 152.75992
58 72 188.89381
58 73 117.90626
58 74 131.1376
58 75 189.35206
58 76 141.85254
58 77 182.16575
58 78 131.69686
58 79 105.96046
58 80 178.5555
58 81 120.71248
58 82 180.63868
58 83 167.50083
58 84 159.71704
58 85 157.57665
58 86 156.76569
58 87 127.90411
58 88 108.19286
58 89 136.0048
58 90 133.37684
58 91 102.67101
58 92 196.02539
58 93 119.82431
58 94 152.66774
58 95 118.86482
58 96 191.12074
58 97 161.73243
58 98 193.06909
58 99 161.61588
59 60 114.01732
59 61 149.06564
59 62 139.04765
59 63 190.69982
59 64 166.13926
59 65 158.87311
59 66 104.91022
59 67 138.45152
59 68 106.35986
59 69 197.51726
59 70 133.66618
59 71 112.64681
59 72 156.67135
59 73 162.59876
59 74 155.28868
59 75 177.2549
59 76 166.55428
59 77 177.41274
59 78 110.60578
59 79 110.68065
59 80 100.13911
59 81 167.91839
59 82 104.67888
59 83 160.38232
59 84 119.78311
59 85 170.64811
59 86 116.81962
59 87 187.50263
59 88 104.28844
59 89 199.36203
59 90 181.92675
59 91 185.84568
59 92 104.37281
59 93 192.25264
59 94 143.12097
59 95 160.4254
59 96 102.88817
59 97 154.80717
59 98 133.39883
59 99 119.74538
60 61 118.64161
60 62 144.7125
60 63 139.48957
60 64 181.79928
60 65 160.24712
60 66 108.45589
60 67 142.94536
60 68 171.10599
60 69 119.36662
60 70 121.75489
60 71 121.14078
60 72 193.00107
60 73 161.42315
60 74 173.09392
60 75 130.14752
60 76 102.44326
60 77 150.71803
60 78 172.32864
60 79 112.06252
60 80 141.87879
60 81 174.0163
60 82 198.14171
60 83 100.86229
60 84 143.59578
60 85 122.88183
60 86 106.3886
60 87 151.25344
60 88 147.87571
60 89 112.39908
60 90 108.44856
60 91 110.70207
60 92 133.96586
60 93 149.22822
60 94 143.24145
60 95 140.55417
60 96 166.0134
60 97 122.21813
60 98 189.33294
60 99 190.04072
61 62 129.2825
61 63 154.81755
61 64 173.79112
61 65 122.11854
61 66 116.05067
61 67 125.2022
61 68 162.96641
61 69 175.32841
61 70 176.51659
61 71 187.42069
61 72 175.15821
61 73 172.43176
61 74 109.19733
61 75 143.08376
61 76 181.25636
61 77 165.49537
61 78 110.20741
61 79 177.34568
61 80 141.29912
61 81 165.49756
61 82 137.48821
61 83 116.52976
61 84 149.5757
61 85 194.92224
61 86 116.6819
61 87 127.82021
61 88 149.7541
61 89 125.69791
61 90 118.57632
61 91 120.25517
61 92 110.42395
61 93 107.71207
61 94 163.73653
61 95 109.09897
61 96 102.16357
61 97 158.33714
61 98 140.25708
61 99 167.28781
62 63 163.55076
62 64 194.27179
62 65 186.81827
62 66 103.78151
62 67 186.01813
62 68 110.04521
62 69 176.29322
62 70 169.23134
62 71 139.81155
62 72 191.30903
62 73 141.22087
62 74 105.8006
62 75 171.12213
62 76 155.23777
62 77 174.31872
62 78 148.62601
62 79 135.79191
62 80 118.08215
62 81 114.61224
62 82 178.79698
62 83 161.57115
62 84 178.87856
62 85 171.1159
62 86 165.54133
62 87 107.60582
62 88 163.02216
62 89 106.58239
62 90 124.18148
62 91 168.1609
62 92 166.44425
62 93 153.4625
62 94 138.84349
62 95 158.56146
62 96 121.45956
62 97 134.8751
62 98 190.51055
62 99 194.38701
63 64 149.55044
63 65 113.63799
63 66 147.12408
63 67 122.94664
63 68 161.24378
63 69 134.59939
63 70 117.28545
63 71 182.50217
63 72 114.51307
63 73 154.14188
63 74 177.55621
63 75 114.95879
63 76 189.0599
63 77 135.60913
63 78 175.03865
63 79 138.56045
63 80 123.0929
63 81 158.60746
63 82 185.59268
63 83 130.74251
63 84 164.13116
63 85 165.92692
63 86 177.77457
63 87 198.563
63 88 144.07176
63 89 194.18179
63 90 104.92652
63 91 188.2098
63 92 109.22948
63 93 169.69296
63 94 137.23107
63 95 148.39973
63 96 150.27159
63 97 122.11591
63 98 195.01373
63 99 134.77135
64 65 102.48735
64 66 192.04102
64 67 195.24428
64 68 160.96659
64 69 185.07226
64 70 174.56527
64 71 141.5604
64 72 198.0962
64 73 111.7192
64 74 109.55303
64 75 152.29979
64 76 135.05293
64 77 141.75914
64 78 173.08313
64 79 108.93876
64 80 123.344
64 81 192.56491
64 82 157.16496
64 83 179.04169
64 84 106.63441
64 85 108.29638
64 86 185.18446
64 87 113.18771
64 88 100.11699
64 89 188.67018
64 90 123.57046
64 91 156.92719
64 92 114.40656
64 93 175.58448
64 94 190.46328
64 95 189.90175
64 96 169.62198
64 97 196.82314
64 98 184.91594
64 99 137.0058
65 66 115.36587
65 67 133.26798
65 68 174.06064
65 69 156.88378
65 70 168.25677
65 71 119.37472
65 72 148.2288
65 73 170.26622
65 74 159.68781
65 75 111.93763
65 76 109.63346
65 77 169.02957
65 78 164.53408
65 79 171.0703
65 80 145.64883
65 81 130.50444
65 82 162.52293
65 83 199.59752
65 84 197.93306
65 85 180.09845
65 86 148.06436
65 87 152.87266
65 88 131.02654
65 89 133.39186
65 90 124.48273
65 91 192.85085
65 92 147.98494
65 93 173.0519
65 94 181.67994
65 95 177.78254
65 96 158.24129
65 97 185.42537
65 98 188.09873
65 99 151.23744
66 67 148.32223
66 68 117.00108
66 69 161.22194
66 70 181.05584
66 71 126.46037
66 72 143.93243
66 73 179.08532
66 74 131.59574
66 75 159.61559
66 76 112.16417
66 77 169.73787
66 78 144.06898
66 79 116.24421
66 80 190.00921
66 81 107.86731
66 82 147.96805
66 83 147.42357
66 84 123.22499
66 85 135.9608
66 86 108.55641
66 87 101.48294
66 88 138.02205
66 89 181.46498
66 90 181.06898
66 91 192.40499
66 92 189.17692
66 93 120.05277
66 94 129.58388
66 95 196.13581
66 96 134.78027
66 97 102.0303
66 98 194.80434
66 99 196.56432
67 68 177.37469
67 69 129.05472
67 70 113.0689
67 71 139.25332
67 72 104.70456
67 73 111.18233
67 74 193.15709
67 75 158.78946
67 76 143.23693
67 77 151.42254
67 78 148.14639
67 79 181.45708
67 80 186.56822
67 81 128.02635
67 82 155.6492
67 83 123.74708
67 84 185.46155
67 85 161.20426
67 86 141.42396
67 87 146.05675
67 88 159.76547
67 89 113.49695
67 90 168.1007
67 91 148.72762
67 92 159.51101
67 93 179.76433
67 94 171.58692
67 95 131.36528
67 96 105.32232
67 97 158.547
67 98 174.93156
67 99 168.00197
68 69 154.03465
68 70 161.95986
68 71 111.01313
68 72 105.73016
68 73 133.41437
68 74 132.97395
68 75 138.07611
68 76 156.91697
68 77 112.33256
68 78 176.92562
68 79 109.31188
68 80 150.15294
68 81 132.55751
68 82 194.37468
68 83 169.25518
68 84 154.74254
68 85 132.65678
68 86 113.98323
68 87 109.57786
68 88 178.16027
68 89 175.86007
68 90 176.68996
68 91 158.36962
68 92 133.62199
68 93 172.24506
68 94 154.0454
68 95 120.81144
68 96 160.36236
68 97 183.42158
68 98 142.49901
68 99 104.11768
69 70 130.08183
69 71 124.75495
69 72 147.56436
69 73 153.76654
69 74 100.70325
69 75 160.1238
69 76 185.20457
69 77 133.70987
69 78 127.61218
69 79 146.32981
69 80 172.46366
69 81 132.684
69 82 103.74109
69 83 193.37244
69 84 108.21842
69 85 105.78758
69 86 179.74236
69 87 192.52113
69 88 133.10675
69 89 137.16145
69 90 196.46245
69 91 133.64602
69 92 174.01814
69 93 191.85329
69 94 147.4908
69 95 186.88524
69 96 106.49251
69 97 153.67298
69 98 145.52711
69 99 156.58106
70 71 157.86233
70 72 121.00059
70 73 113.75421
70 74 143.52392
70 75 136.69372
70 76 100.96325
70 77 168.47575
70 78 127.52928
70 79 195.64062
70 80 124.05561
70 81 119.59567
70 82 137.13936
70 83 167.21411
70 84 139.35415
70 85 176.13424
70 86 113.2109
70 87 153.84898
70 88 122.01335
70 89 153.14723
70 90 175.31974
70 91 193.61031
70 92 123.75664
70 93 168.84348
70 94 187.35168
70 95 127.87463
70 96 183.81291
70 97 132.47193
70 98 155.2802
70 99 197.56621
71 72 188.33008
71 73 199.65669
71 74 119.41065
71 75 110.49656
71 76 149.93446
71 77 181.59441
71 78 142.17339
71 79 167.5078
71 80 114.46575
71 81 140.7747
71 82 198.50361
71 83 130.12468
71 84 122.26135
71 85 119.06452
71 86 145.82746
71 87 174.58178
71 88 165.6346
71 89 107.56889
71 90 140.50662
71 91 151.9979
71 92 116.47004
71 93 171.68763
71 94 143.49686
71 95 164.99306
71 96 169.07637
71 97 101.25566
71 98 177.96136
71 99 133.17002
72 73 140.69006
72 74 145.43139
72 75 170.85068
72 76 103.33104
72 77 136.58216
72 78 185.22627
72 79 176.49914
72 80 111.28733
72 81 165.49845
72 82 169.07155
72 83 165.37803
72 84 134.10289
72 85 100.4634
72 86 185.75134
72 87 112.7813
72 88 164.21814
72 89 102.22191
72 90 157.17353
72 91 104.91649
72 92 186.66679
72 93 139.48114
72 94 152.57982
72 95 138.11147
72 96 178.51825
72 97 112.73397
72 98 162.9583
72 99 184.07309
73 74 151.33661
73 75 155.89168
73 76 148.03478
73 77 196.49009
73 78 182.17383
73 79 104.36788
73 80 164.78949
73 81 132.40723
73 82 171.65639
73 83 150.19829
73 84 191.85953
73 85 144.77681
73 86 180.57475
73 87 106.90733
73 88 115.76908
73 89 169.6409
73 90 164.99333
73 91 110.88092
73 92 185.60938
73 93 136.83687
73 94 179.53312
73 95 115.09367
73 96 129.53714
73 97 159.03839
73 98 177.31582
73 99 105.05131
74 75 193.31689
74 76 160.61078
74 77 160.96363
74 78 185.18864
74 79 190.42101
74 80 179.93393
74 81 188.02716
74 82 188.17909
74 83 149.22332
74 84 150.84713
74 85 192.74753
74 86 144.88629
74 87 147.15818
74 88 106.46107
74 89 192.17153
74 90 164.97271
74 91 181.45563
74 92 164.84134
74 93 198.43729
74 94 177.19414
74 95 118.08865
74 96 175.95905
74 97 135.12935
74 98 113.41025
74 99 147.14102
75 76 142.23721
75 77 157.43183
75 78 189.93053
75 79 160.15151
75 80 108.4258
75 81 134.06689
75 82 157.35997
75 83 137.25957
75 84 152.9735
75 85 138.60284
75 86 185.19451
75 87 169.31401
75 88 156.20297
75 89 188.14707
75 90 131.50032
75 91 166.81704
75 92 118.40661
75 93 114.47634
75 94 129.93478
75 95 172.29156
75 96 143.14144
75 97 164.36015
75 98 198.38306
75 99 130.64038
76 77 115.81863
76 78 105.79375
76 79 161.31383
76 80 157.77861
76 81 179.94168
76 82 187.00904
76 83 135.36699
76 84 193.08234
76 85 118.48651
76 86 125.4597
76 87 148.47501
76 88 172.10339
76 89 153.71269
76 90 194.63048
76 91 178.31055
76 92 177.30181
76 93 171.56316
76 94 178.748
76 95 130.46927
76 96 120.65601
76 97 144.38909
76 98 137.45903
76 99 163.03057
77 78 166.51956
77 79 175.86614
77 80 125.75195
77 81 151.78742
77 82 171.2652
77 83 170.38857
77 84 147.54877
77 85 148.44942
77 86 135.43103
77 87 112.42052
77 88 150.87524
77 89 109.79866
77 90 144.64218
77 91 195.09994
77 92 189.98879
77 93 155.78964
77 94 116.3669
77 95 137.78437
77 96 190.31005
77 97 169.20797
77 98 172.22953
77 99 152.81313
78 79 120.26935
78 80 146.09452
78 81 139.73752
78 82 186.75029
78 83 181.53934
78 84 121.15547
78 85 182.24108
78 86 153.37941
78 87 126.22939
78 88 161.75157
78 89 134.39501
78 90 197.78233
78 91 153.1344
78 92 161.15674
78 93 174.2443
78 94 148.30505
78 95 128.47601
78 96 185.7138
78 97 178.81679
78 98 125.57785
78 99 104.90553
79 80 174.39314
79 81 142.97082
79 82 192.61838
79 83 163.54368
79 84 109.03039
79 85 114.11822
79 86 121.79884
79 87 195.29831
79 88 142.85806
79 89 198.4765
79 90 181.82942
79 91 139.7246
79 92 160.71953
79 93 174.14289
79 94 199.86895
79 95 100.10968
79 96 149.58067
79 97 134.61754
79 98 142.55495
79 99 112.89107
80 81 162.55489
80 82 139.15752
80 83 111.45361
80 84 110.04436
80 85 160.96248
80 86 131.37004
80 87 177.06182
80 88 191.04463
80 89 144.34045
80 90 146.72892
80 91 140.27681
80 92 139.37382
80 93 140.39315
80 94 151.11244
80 95 126.80498
80 96 199.26185
80 97 118.45186
80 98 172.57405
80 99 142.28993
81 82 110.10879
81 83 174.34479
81 84 140.6363
81 85 120.10153
81 86 115.40047
81 87 194.84796
81 88 143.92791
81 89 134.20242
81 90 131.13253
81 91 161.65313
81 92 104.73647
81 93 161.18898
81 94 179.45209
81 95 178.63337
81 96 184.83408
81 97 198.93757
81 98 166.98916
81 99 112.22614
82 83 102.92818
82 84 116.48053
82 85 132.96335
82 86 131.1527
82 87 109.16916
82 88 177.80711
82 89 135.19026
82 90 167.66576
82 91 157.6095
82 92 114.11659
82 93 149.34531
82 94 168.52783
82 95 169.76092
82 96 123.78604
82 97 197.75066
82 98 191.83101
82 99 117.1292
83 84 105.03343
83 85 154.44466
83 86 160.28825
83 87 197.36901
83 88 137.80388
83 89 183.78025
83 90 113.91774
83 91 182.66253
83 92 157.41471
83 93 151.97773
83 94 150.15023
83 95 138.448
83 96 125.76619
83 97 189.08966
83 98 131.2095
83 99 171.71983
84 85 186.02548
84 86 164.1207
84 87 156.16889
84 88 165.42833
84 89 160.63312
84 90 189.58595
84 91 145.12261
84 92 128.21399
84 93 100.80248
84 94 107.4399
84 95 177.79378
84 96 127.79155
84 97 123.76039
84 98 167.82673
84 99 139.77235
85 86 195.94808
85 87 101.18102
85 88 174.22674
85 89 169.54345
85 90 118.15918
85 91 182.40595
85 92 195.42201
85 93 163.41649
85 94 143.35385
85 95 164.48192
85 96 172.56159
85 97 174.35518
85 98 183.78535
85 99 157.09512
86 87 146.88524
86 88 190.95388
86 89 141.61278
86 90 186.44029
86 91 174.68887
86 92 184.12393
86 93 164.95356
86 94 114.7592
86 95 177.48059
86 96 133.3813
86 97 180.94721
86 98 108.53847
86 99 174.39998
87 88 142.67963
87 89 156.44395
87 90 151.21173
87 91 127.19314
87 92 190.41683
87 93 186.79681
87 94 136.19211
87 95 159.29456
87 96 187.87047
87 97 104.50626
87 98 196.30868
87 99 127.14527
88 89 165.24689
88 90 146.11768
88 91 148.69676
88 92 160.31077
88 93 133.01326
88 94 137.98041
88 95 120.45958
88 96 118.59886
88 97 199.11746
88 98 136.13685
88 99 191.05407
89 90 191.45199
89 91 109.50764
89 92 143.66473
89 93 111.49301
89 94 125.32464
89 95 148.8216
89 96 193.11843
89 97 127.51322
89 98 193.92333
89 99 153.35959
90 91 162.3969
90 92 135.99398
90 93 138.73452
90 94 140.65731
90 95 121.81212
90 96 107.26099
90 97 189.62365
90 98 174.10117
90 99 121.53514
91 92 139.75199
91 93 127.91251
91 94 130.99576
91 95 116.96031
91 96 103.1039
91 97 188.20112
91 98 167.71546
91 99 100.25334
92 93 122.16725
92 94 131.80734
92 95 148.64358
92 96 166.85361
92 97 138.9169
92 98 147.6041
92 99 128.54555
93 94 174.0319
93 95 144.91249
93 96 172.65449
93 97 172.43518
93 98 150.70825
93 99 170.06992
94 95 186.06399
94 96 108.09714
94 97 146.99119
94 98 163.28369
94 99 132.8839
95 96 140.14404
95 97 115.48092
95 98 182.85443
95 99 151.91992
96 97 167.27847
96 98 177.60562
96 99 139.96387
97 98 190.0509
97 99 150.05609
98 99 177.96399
