50 15
0 1 175.39471
0 2 163.95444
0 3 188.29603
0 4 151.34189
0 5 133.40889
0 6 111.37666
0 7 157.21736
0 8 192.67401
0 9 134.19304
0 10 148.24849
0 11 105.35424
0 12 123.68591
0 13 153.69879
0 14 195.76756
0 15 194.08415
0 16 145.59651
0 17 180.71677
0 18 167.18202
0 19 196.34958
0 20 136.40606
0 21 151.91208
0 22 118.40439
0 23 139.49123
0 24 137.00206
0 25 126.85452
0 26 199.30805
0 27 184.29093
0 28 149.29127
0 29 188.57069
0 30 124.22618
0 31 178.65419
0 32 113.28876
0 33 171.22881
0 34 145.32559
0 35 143.45174
0 36 114.18054
0 37 129.54025
0 38 132.08713
0 39 199.34514
0 40 179.61328
0 41 127.93089
0 42 196.68542
0 43 102.25394
0 44 193.08174
0 45 114.70104
0 46 102.25159
0 47 186.42751
0 48 167.79257
0 49 192.05317
1 2 164.44585
1 3 137.45863
1 4 134.7508
1 5 148.1902
1 6 175.42515
1 7 198.73507
1 8 178.33921
1 9 111.04083
1 10 111.01624
1 11 154.14657
1 12 199.21793
1 13 197.86647
1 14 134.25755
1 15 155.01718
1 16 195.63251
1 17 156.98961
1 18 133.84758
1 19 110.64877
1 20 197.6927
1 21 150.55952
1 22 108.39536
1 23 115.84658
1 24 176.00492
1 25 149.7265
1 26 178.82882
1 27 181.37188
1 28 183.78213
1 29 173.14496
1 30 130.69053
1 31 188.08397
1 32 119.47687
1 33 188.2533
1 34 118.88078
1 35 171.47796
1 36 179.05422
1 37 187.42805
1 38 111.00441
1 39 128.70256
1 40 131.52024
1 41 112.09671
1 42 187.91344
1 43 190.16355
1 44 156.02959
1 45 165.36533
1 46 132.68923
1 47 180.02319
1 48 180.51168
1 49 122.40579
2 3 154.79352
2 4 106.3484
2 5 146.95797
2 6 175.24298
2 7 159.28263
2 8 195.19486
2 9 130.6445
2 10 106.4598
2 11 176.1343
2 12 121.05012
2 13 167.35317
2 14 180.27283
2 15 110.1221
2 16 171.9447
2 17 104.68492
2 18 177.88381
2 19 197.92525
2 20 183.72396
2 21 128.5528
2 22 152.27727
2 23 152.1525
2 24 192.68229
2 25 172.65869
2 26 196.01707
2 27 123.24184
2 28 135.84068
2 29 134.00738
2 30 138.11846
2 31 104.52833
2 32 137.20868
2 33 158.81426
2 34 197.16213
2 35 190.73882
2 36 142.95221
2 37 143.45568
2 38 148.97314
2 39 161.54547
2 40 136.49207
2 41 164.24318
2 42 192.3652
2 43 165.91102
2 44 173.85446
2 45 102.89193
2 46 149.41543
2 47 136.44924
2 48 124.67053
2 49 170.41808
3 4 162.49417
3 5 155.52382
3 6 181.71051
3 7 113.02641
3 8 113.02984
3 9 148.4142
3 10 150.98995
3 11 121.06885
3 12 139.14859
3 13 105.72928
3 14 192.76561
3 15 145.30917
3 16 165.46103
3 17 134.33668
3 18 145.80686
3 19 146.61984
3 20 188.94145
3 21 167.43724
3 22 193.09172
3 23 137.06435
3 24 166.88829
3 25 188.54279
3 26 152.78107
3 27 195.89871
3 28 178.76581
3 29 164.39009
3 30 153.85308
3 31 152.98005
3 32 165.7187
3 33 185.44861
3 34 115.39482
3 35 158.66942
3 36 160.35815
3 37 138.42172
3 38 174.01613
3 39 173.7941
3 40 179.73624
3 41 140.67038
3 42 190.40293
3 43 115.07957
3 44 175.18275
3 45 113.41352
3 46 180.74197
3 47 144.76604
3 48 143.27248
3 49 135.98246
4 5 122.40917
4 6 136.53285
4 7 135.29379
4 8 160.96409
4 9 126.94045
4 10 166.41808
4 11 148.4206
4 12 154.15675
4 13 156.59201
4 14 138.52415
4 15 120.89092
4 16 179.69428
4 17 157.80758
4 18 145.04658
4 19 131.1438
4 20 188.34536
4 21 188.57445
4 22 119.75984
4 23 179.91019
4 24 133.56584
4 25 171.28163
4 26 186.53556
4 27 116.84545
4 28 128.18866
4 29 177.87244
4 30 150.97666
4 31 128.81325
4 32 184.15448
4 33 179.76865
4 34 187.16164
4 35 142.71896
4 36 199.34049
4 37 116.93205
4 38 175.91315
4 39 100.10184
4 40 102.5525
4 41 173.83839
4 42 197.20134
4 43 118.46424
4 44 107.79862
4 45 113.47125
4 46 169.67284
4 47 141.53677
4 48 172.28453
4 49 180.67122
5 6 192.68358
5 7 104.95297
5 8 144.12483
5 9 122.50626
5 10 173.73165
5 11 182.18665
5 12 128.1374
5 13 146.57291
5 14 156.11092
5 15 109.91364
5 16 136.30807
5 17 117.08356
5 18 169.71628
5 19 149.23116
5 20 147.62341
5 21 190.67204
5 22 137.48296
5 23 172.22282
5 24 118.24833
5 25 108.7153
5 26 150.65955
5 27 183.28009
5 28 103.07546
5 29 103.02609
5 30 166.87828
5 31 178.59416
5 32 180.73029
5 33 153.03201
5 34 121.5711
5 35 157.58365
5 36 160.93464
5 37 174.70417
5 38 125.23935
5 39 130.11984
5 40 192.01879
5 41 168.90612
5 42 196.12438
5 43 192.11103
5 44 115.12765
5 45 143.38269
5 46 156.9564
5 47 145.18996
5 48 174.66308
5 49 107.03077
6 7 163.64637
6 8 160.56525
6 9 116.58815
6 10 102.44751
6 11 181.03646
6 12 194.22208
6 13 143.40393
6 14 180.12753
6 15 166.45871
6 16 178.67644
6 17 192.97895
6 18 192.74067
6 19 169.58979
6 20 122.9024
6 21 142.96241
6 22 120.63063
6 23 140.94557
6 24 112.49559
6 25 125.6735
6 26 186.14267
6 27 131.20245
6 28 194.02282
6 29 121.81912
6 30 106.32043
6 31 168.89461
6 32 161.69637
6 33 101.96279
6 34 181.58569
6 35 183.90715
6 36 167.02578
6 37 102.91107
6 38 141.96506
6 39 142.66278
6 40 128.75187
6 41 157.74376
6 42 173.83679
6 43 171.18349
6 44 104.31396
6 45 162.71145
6 46 196.21814
6 47 152.59657
6 48 100.54052
6 49 162.03055
7 8 173.11536
7 9 129.07874
7 10 199.62139
7 11 127.82356
7 12 150.92928
7 13 192.40402
7 14 160.62826
7 15 104.79775
7 16 162.59455
7 17 184.79404
7 18 191.769
7 19 184.8586
7 20 140.05514
7 21 188.41579
7 22 110.98019
7 23 131.789
7 24 111.04034
7 25 198.05726
7 26 147.00486
7 27 107.66527
7 28 159.39541
7 29 126.13203
7 30 192.15677
7 31 176.38377
7 32 175.46803
7 33 134.20381
7 34 144.45306
7 35 177.86716
7 36 175.93621
7 37 194.82143
7 38 141.49928
7 39 170.22967
7 40 195.66886
7 41 161.55113
7 42 151.5747
7 43 101.58841
7 44 158.61853
7 45 118.02074
7 46 132.32043
7 47 144.46343
7 48 154.25829
7 49 154.82984
8 9 137.42311
8 10 107.26404
8 11 107.28028
8 12 139.02475
8 13 103.21814
8 14 194.00923
8 15 175.61233
8 16 150.59244
8 17 186.83562
8 18 168.73342
8 19 177.15955
8 20 136.10109
8 21 112.07204
8 22 156.84148
8 23 188.98114
8 24 175.75653
8 25 174.4045
8 26 159.2448
8 27 143.6465
8 28 146.02075
8 29 193.47994
8 30 184.43613
8 31 111.94626
8 32 107.29107
8 33 193.92628
8 34 183.69626
8 35 153.95765
8 36 148.67422
8 37 110.27178
8 38 108.43168
8 39 164.70847
8 40 188.25187
8 41 145.02177
8 42 177.41088
8 43 183.24938
8 44 176.91753
8 45 182.35718
8 46 183.22156
8 47 129.48597
8 48 184.42662
8 49 131.80684
9 10 100.11492
9 11 125.68935
9 12 177.18727
9 13 128.52392
9 14 102.47969
9 15 198.31297
9 16 167.82961
9 17 143.52021
9 18 116.21645
9 19 104.72309
9 20 126.34369
9 21 178.55922
9 22 128.13639
9 23 185.62429
9 24 127.16885
9 25 140.33108
9 26 196.03508
9 27 195.10413
9 28 112.86176
9 29 109.16284
9 30 165.12485
9 31 183.08776
9 32 195.91353
9 33 101.05762
9 34 108.84072
9 35 121.66862
9 36 162.96991
9 37 116.26299
9 38 115.27794
9 39 156.84728
9 40 193.8413
9 41 132.53789
9 42 188.31939
9 43 146.71129
9 44 104.03794
9 45 179.19374
9 46 108.38863
9 47 186.51839
9 48 142.34057
9 49 105.14637
10 11 119.71009
10 12 134.7312
10 13 121.88281
10 14 180.18631
10 15 156.49099
10 16 116.75027
10 17 190.85057
10 18 123.998
10 19 156.92005
10 20 169.91462
10 21 109.84276
10 22 158.56027
10 23 113.19037
10 24 177.29148
10 25 131.96303
10 26 164.29324
10 27 124.23905
10 28 115.28036
10 29 195.44317
10 30 178.80577
10 31 124.14522
10 32 146.76963
10 33 102.38211
10 34 108.74298
10 35 135.03393
10 36 101.24575
10 37 108.45315
10 38 181.94904
10 39 178.11964
10 40 132.07874
10 41 130.56687
10 42 113.48986
10 43 172.48825
10 44 126.10699
10 45 180.1257
10 46 129.12804
10 47 187.02366
10 48 116.1018
10 49 154.96526
11 12 150.02933
11 13 111.71035
11 14 114.68096
11 15 182.41908
11 16 126.98805
11 17 149.25228
11 18 198.92986
11 19 169.42653
11 20 120.23643
11 21 148.41447
11 22 112.17871
11 23 127.17764
11 24 173.9762
11 25 191.42678
11 26 138.81977
11 27 114.62468
11 28 167.51524
11 29 103.04149
11 30 144.12728
11 31 117.54929
11 32 189.34259
11 33 144.94835
11 34 160.87487
11 35 162.73043
11 36 152.39305
11 37 128.20965
11 38 189.36351
11 39 175.39081
11 40 182.11852
11 41 120.98057
11 42 158.09385
11 43 187.05244
11 44 149.01709
11 45 147.77344
11 46 190.33756
11 47 188.95385
11 48 118.85644
11 49 170.13531
12 13 134.55669
12 14 144.10273
12 15 102.57585
12 16 135.76259
12 17 173.18589
12 18 192.0033
12 19 115.48839
12 20 148.59686
12 21 100.86769
12 22 148.54805
12 23 183.90606
12 24 174.29249
12 25 112.31987
12 26 175.82373
12 27 182.1372
12 28 174.01419
12 29 150.33602
12 30 126.5514
12 31 140.31113
12 32 143.88955
12 33 178.40725
12 34 153.31012
12 35 110.33836
12 36 120.95826
12 37 111.42427
12 38 160.20514
12 39 178.24826
12 40 143.05302
12 41 106.19899
12 42 143.50276
12 43 169.02758
12 44 109.64886
12 45 128.02419
12 46 129.48858
12 47 105.92223
12 48 146.71058
12 49 125.89494
13 14 137.06707
13 15 169.64088
13 16 180.6995
13 17 111.27523
13 18 198.07277
13 19 112.75291
13 20 177.38451
13 21 116.84379
13 22 138.92119
13 23 100.10024
13 24 119.82556
13 25 180.90602
13 26 163.2811
13 27 172.31831
13 28 104.65947
13 29 198.45923
13 30 190.79858
13 31 156.07464
13 32 159.86187
13 33 134.30448
13 34 105.66189
13 35 184.26139
13 36 186.84926
13 37 178.46302
13 38 106.77186
13 39 102.91462
13 40 157.71279
13 41 177.77667
13 42 199.56325
13 43 107.52348
13 44 177.33239
13 45 124.9671
13 46 109.05153
13 47 131.6746
13 48 110.16105
13 49 187.14458
14 15 105.30742
14 16 199.90179
14 17 162.23491
14 18 162.26499
14 19 160.52508
14 20 192.3988
14 21 127.24161
14 22 135.13736
14 23 184.17612
14 24 151.33384
14 25 125.6809
14 26 190.87218
14 27 137.07412
14 28 169.36125
14 29 129.04795
14 30 110.12973
14 31 157.77146
14 32 195.81694
14 33 168.48488
14 34 165.5113
14 35 132.86363
14 36 133.48485
14 37 197.79211
14 38 176.93839
14 39 113.91294
14 40 116.36053
14 41 191.14999
14 42 140.67329
14 43 163.43521
14 44 112.12595
14 45 162.89278
14 46 113.10047
14 47 114.24653
14 48 122.15808
14 49 152.60758
15 16 193.49241
15 17 195.71786
15 18 147.81879
15 19 167.02931
15 20 128.05133
15 21 120.54692
15 22 115.00529
15 23 131.39951
15 24 148.56664
15 25 118.50829
15 26 144.40172
15 27 185.93941
15 28 181.97624
15 29 174.75098
15 30 123.37147
15 31 157.39916
15 32 126.95363
15 33 161.92292
15 34 116.53176
15 35 129.02361
15 36 112.06092
15 37 133.59648
15 38 101.02646
15 39 170.88623
15 40 165.13267
15 41 175.73831
15 42 188.65108
15 43 125.05084
15 44 140.28935
15 45 145.88842
15 46 117.48449
15 47 110.17606
15 48 104.20523
15 49 131.30934
16 17 153.94593
16 18 196.1369
16 19 125.18512
16 20 122.82306
16 21 162.6713
16 22 107.18998
16 23 156.37064
16 24 108.3664
16 25 133.5517
16 26 176.24847
16 27 131.27943
16 28 123.95043
16 29 168.08559
16 30 104.44321
16 31 123.46722
16 32 147.04574
16 33 131.72486
16 34 153.86796
16 35 168.07632
16 36 134.2691
16 37 101.07726
16 38 174.38225
16 39 124.88395
16 40 139.43235
16 41 143.94266
16 42 111.5765
16 43 126.97217
16 44 111.71181
16 45 171.37114
16 46 194.34063
16 47 184.22803
16 48 125.56528
16 49 126.05948
17 18 144.02589
17 19 142.86806
17 20 127.47151
17 21 164.08903
17 22 157.68487
17 23 190.70612
17 24 167.38837
17 25 102.72735
17 26 191.20703
17 27 147.05696
17 28 195.51254
17 29 172.33793
17 30 100.89189
17 31 130.74525
17 32 108.73284
17 33 103.86477
17 34 172.16459
17 35 165.03646
17 36 160.62192
17 37 123.70713
17 38 163.80162
17 39 195.77647
17 40 109.73862
17 41 119.60102
17 42 113.27737
17 43 111.95818
17 44 138.85713
17 45 185.02994
17 46 105.19767
17 47 125.86434
17 48 105.45042
17 49 184.69802
18 19 168.45533
18 20 138.10946
18 21 106.28664
18 22 171.12161
18 23 198.41213
18 24 139.58342
18 25 126.81484
18 26 196.62226
18 27 160.7361
18 28 122.09883
18 29 164.38637
18 30 159.39233
18 31 160.74127
18 32 104.06834
18 33 176.93344
18 34 122.53758
18 35 188.69546
18 36 107.89474
18 37 165.62072
18 38 189.01805
18 39 100.59745
18 40 136.35715
18 41 136.9618
18 42 195.23365
18 43 188.16766
18 44 119.98741
18 45 157.74395
18 46 167.84442
18 47 177.90871
18 48 195.47705
18 49 163.26022
19 20 155.87627
19 21 159.81387
19 22 112.22525
19 23 107.71211
19 24 140.09483
19 25 106.08837
19 26 182.91482
19 27 135.47058
19 28 110.90428
19 29 108.51884
19 30 190.23273
19 31 143.84017
19 32 126.36388
19 33 110.43079
19 34 107.54295
19 35 127.12739
19 36 124.84563
19 37 100.43853
19 38 169.32132
19 39 150.84581
19 40 125.45593
19 41 192.70393
19 42 190.5036
19 43 130.11301
19 44 176.52662
19 45 165.12611
19 46 188.76228
19 47 109.35532
19 48 161.48409
19 49 128.83932
20 21 121.56679
20 22 172.43714
20 23 191.19167
20 24 112.85164
20 25 105.70479
20 26 167.3936
20 27 184.45242
20 28 171.81934
20 29 121.37523
20 30 119.18057
20 31 170.70972
20 32 174.73754
20 33 140.69335
20 34 124.03378
20 35 111.39261
20 36 158.76338
20 37 118.2624
20 38 101.83526
20 39 108.72387
20 40 112.66923
20 41 182.72758
20 42 153.2207
20 43 172.92474
20 44 141.54335
20 45 156.49349
20 46 152.15255
20 47 136.93189
20 48 196.80477
20 49 194.90366
21 22 174.94134
21 23 112.97632
21 24 148.574
21 25 131.59074
21 26 182.56741
21 27 167.70188
21 28 156.96755
21 29 162.92044
21 30 135.10943
21 31 154.63142
21 32 131.42166
21 33 189.1221
21 34 126.18545
21 35 116.85847
21 36 136.21119
21 37 174.28052
21 38 182.10287
21 39 108.66693
21 40 155.81728
21 41 174.20741
21 42 130.95398
21 43 183.02712
21 44 140.62162
21 45 133.9014
21 46 154.48044
21 47 149.47831
21 48 134.56054
21 49 102.27848
22 23 169.75302
22 24 157.95933
22 25 120.73455
22 26 195.14475
22 27 186.45761
22 28 107.58537
22 29 167.73038
22 30 154.85857
22 31 134.87622
22 32 178.77868
22 33 114.02079
22 34 132.00854
22 35 165.93904
22 36 153.1787
22 37 107.49934
22 38 187.75669
22 39 162.09228
22 40 148.82264
22 41 118.92201
22 42 154.98513
22 43 148.0848
22 44 162.17799
22 45 125.92909
22 46 156.92309
22 47 186.44995
22 48 152.46022
22 49 177.47232
23 24 145.69294
23 25 167.69308
23 26 174.24674
23 27 186.97494
23 28 148.57905
23 29 164.17508
23 30 171.72008
23 31 132.66332
23 32 179.06621
23 33 147.08083
23 34 171.73634
23 35 144.50039
23 36 114.7072
23 37 187.9194
23 38 135.95376
23 39 130.05517
23 40 112.35027
23 41 104.09
23 42 120.7114
23 43 199.48761
23 44 109.20315
23 45 115.5435
23 46 125.87436
23 47 122.66873
23 48 126.95346
23 49 119.22319
24 25 168.58121
24 26 100.8697
24 27 114.29136
24 28 196.22743
24 29 101.01844
24 30 115.95597
24 31 138.60471
24 32 180.20903
24 33 101.31959
24 34 159.72555
24 35 146.69546
24 36 155.65623
24 37 170.4271
24 38 100.91113
24 39 107.82759
24 40 198.29057
24 41 149.29959
24 42 142.58253
24 43 104.85716
24 44 169.72594
24 45 185.77235
24 46 104.0613
24 47 197.51396
24 48 152.99772
24 49 131.61017
25 26 100.84018
25 27 176.36866
25 28 172.46815
25 29 179.53469
25 30 185.93381
25 31 183.10536
25 32 124.3494
25 33 100.31498
25 34 125.7266
25 35 129.2007
25 36 173.44594
25 37 196.19717
25 38 167.49949
25 39 135.91843
25 40 185.22441
25 41 178.10778
25 42 155.265
25 43 191.98273
25 44 163.43084
25 45 154.76003
25 46 112.24265
25 47 161.77277
25 48 136.09276
25 49 155.71613
26 27 117.3136
26 28 155.25733
26 29 180.33734
26 30 123.05087
26 31 162.20495
26 32 177.85292
26 33 131.96585
26 34 147.35254
26 35 184.44691
26 36 105.83587
26 37 169.67123
26 38 192.00145
26 39 168.88354
26 40 178.96843
26 41 126.48377
26 42 123.72328
26 43 101.77481
26 44 178.11368
26 45 173.09409
26 46 169.06472
26 47 166.8116
26 48 129.3695
26 49 107.25757
27 28 174.29716
27 29 197.80371
27 30 174.4406
27 31 123.15495
27 32 129.4501
27 33 189.1592
27 34 129.92112
27 35 139.89525
27 36 100.66547
27 37 176.43298
27 38 197.93298
27 39 110.21394
27 40 102.39946
27 41 172.85152
27 42 173.73421
27 43 154.0634
27 44 127.90424
27 45 135.27064
27 46 199.98985
27 47 126.08342
27 48 179.22296
27 49 146.60451
28 29 144.3333
28 30 193.98604
28 31 150.96223
28 32 116.72226
28 33 156.43793
28 34 159.69162
28 35 143.39306
28 36 142.40717
28 37 195.4418
28 38 192.83035
28 39 190.32812
28 40 169.88747
28 41 156.39361
28 42 106.06697
28 43 164.07203
28 44 100.52797
28 45 189.75243
28 46 171.61385
28 47 138.61374
28 48 146.92444
28 49 192.17597
29 30 122.92319
29 31 159.09422
29 32 185.58946
29 33 197.62701
29 34 146.46676
29 35 112.62094
29 36 195.23217
29 37 196.81124
29 38 138.33881
29 39 146.47902
29 40 146.2297
29 41 142.78497
29 42 122.34587
29 43 132.82547
29 44 185.45994
29 45 177.42487
29 46 167.20351
29 47 137.3795
29 48 115.20907
29 49 102.34716
30 31 177.40918
30 32 156.92057
30 33 118.68507
30 34 125.46219
30 35 129.20933
30 36 172.25336
30 37 100.47926
30 38 129.58648
30 39 131.3994
30 40 165.39395
30 41 109.60616
30 42 127.36848
30 43 199.72301
30 44 154.01625
30 45 173.4611
30 46 151.03623
30 47 191.91945
30 48 178.23062
30 49 176.18468
31 32 164.66801
31 33 120.8413
31 34 104.02859
31 35 111.71017
31 36 193.26305
31 37 147.23435
31 38 135.8562
31 39 173.82519
31 40 178.95505
31 41 148.33967
31 42 159.44721
31 43 182.34863
31 44 134.88647
31 45 185.96781
31 46 175.20817
31 47 118.21221
31 48 177.96339
31 49 174.86431
32 33 149.1462
32 34 138.14306
32 35 143.09365
32 36 124.14405
32 37 138.76202
32 38 184.89194
32 39 161.1644
32 40 168.70081
32 41 166.88744
32 42 161.61761
32 43 174.72509
32 44 176.92597
32 45 158.98149
32 46 158.36703
32 47 179.0786
32 48 138.31217
32 49 197.5961
33 34 121.23941
33 35 124.44442
33 36 191.78911
33 37 143.78829
33 38 136.92546
33 39 155.11707
33 40 100.04852
33 41 101.76222
33 42 162.87883
33 43 154.5999
33 44 139.97247
33 45 116.73094
33 46 132.55784
33 47 128.71766
33 48 116.19626
33 49 173.54167
34 35 146.0405
34 36 138.93379
34 37 110.85701
34 38 131.39177
34 39 116.92652
34 40 118.98368
34 41 112.33273
34 42 142.23972
34 43 137.54522
34 44 149.68296
34 45 131.69167
34 46 180.4756
34 47 184.00101
34 48 180.21936
34 49 143.89325
35 36 172.7123
35 37 106.12281
35 38 144.51004
35 39 153.93074
35 40 138.32346
35 41 123.89639
35 42 121.43673
35 43 121.28792
35 44 132.59033
35 45 199.14205
35 46 118.67739
35 47 107.36344
35 48 130.15632
35 49 160.88526
36 37 178.94338
36 38 150.80257
36 39 156.75752
36 40 185.03489
36 41 127.26649
36 42 175.32648
36 43 161.31028
36 44 101.10932
36 45 182.2583
36 46 154.39792
36 47 157.63546
36 48 171.71184
36 49 137.44466
37 38 125.19834
37 39 105.72702
37 40 105.01989
37 41 186.62356
37 42 158.33129
37 43 187.36953
37 44 110.24513
37 45 157.28707
37 46 182.32481
37 47 185.12729
37 48 110.31133
37 49 150.34742
38 39 139.66313
38 40 157.62021
38 41 128.42978
38 42 128.72091
38 43 182.80616
38 44 154.86555
38 45 116.4542
38 46 112.06264
38 47 162.77761
38 48 105.67907
38 49 111.89299
39 40 174.84633
39 41 115.42636
39 42 192.35516
39 43 139.49189
39 44 106.74196
39 45 165.54176
39 46 112.50519
39 47 117.71876
39 48 132.61436
39 49 179.66075
40 41 192.45485
40 42 113.62604
40 43 105.53092
40 44 178.18717
40 45 100.38995
40 46 176.71571
40 47 104.23007
40 48 117.02736
40 49 167.82785
41 42 130.39705
41 43 172.86731
41 44 153.98692
41 45 115.7758
41 46 149.96077
41 47 122.61655
41 48 110.20814
41 49 126.09899
42 43 190.04707
42 44 128.21188
42 45 195.81526
42 46 134.8165
42 47 185.03692
42 48 199.95693
42 49 156.9777
43 44 158.39337
43 45 164.01369
43 46 102.69025
43 47 135.01449
43 48 161.96174
43 49 119.34629
44 45 165.7133
44 46 126.2286
44 47 159.90604
44 48 157.81354
44 49 197.08738
45 46 127.50254
45 47 156.88223
45 48 113.4848
45 49 181.24645
46 47 116.89081
46 48 116.82424
46 49 114.97483
47 48 198.49633
47 49 186.89587
48 49 103.71565
