50 15
0 1 182.18018
0 2 138.63951
0 3 134.34403
0 4 178.8039
0 5 120.35421
0 6 177.90558
0 7 109.56159
0 8 192.98515
0 9 193.96256
0 10 198.73274
0 11 112.67594
0 12 174.80885
0 13 148.49523
0 14 132.93705
0 15 172.7483
0 16 199.4611
0 17 101.76411
0 18 114.9355
0 19 181.53729
0 20 168.52498
0 21 173.54392
0 22 156.7619
0 23 134.6825
0 24 144.91493
0 25 139.30119
0 26 192.9498
0 27 197.86546
0 28 123.72153
0 29 118.84104
0 30 172.17846
0 31 183.04428
0 32 131.73562
0 33 186.02173
0 34 109.25174
0 35 178.02974
0 36 195.76775
0 37 165.1994
0 38 150.79324
0 39 109.52299
0 40 169.31766
0 41 129.57179
0 42 177.41906
0 43 153.71979
0 44 175.74697
0 45 172.43962
0 46 162.16341
0 47 171.47098
0 48 180.80483
0 49 155.23988
1 2 173.32017
1 3 116.75457
1 4 139.02236
1 5 126.38688
1 6 146.95957
1 7 196.20098
1 8 194.97936
1 9 105.67148
1 10 184.10967
1 11 111.46902
1 12 156.40674
1 13 107.38196
1 14 134.66976
1 15 154.58482
1 16 135.59034
1 17 113.95018
1 18 160.45471
1 19 192.58574
1 20 190.47254
1 21 182.83289
1 22 134.56062
1 23 122.5679
1 24 133.67592
1 25 184.04497
1 26 157.79916
1 27 126.769
1 28 102.67139
1 29 186.22506
1 30 128.86137
1 31 186.65517
1 32 136.38375
1 33 149.54876
1 34 184.97149
1 35 195.94413
1 36 181.62425
1 37 142.53134
1 38 141.75288
1 39 196.01199
1 40 102.41912
1 41 161.6247
1 42 156.45129
1 43 134.89977
1 44 152.51185
1 45 143.92843
1 46 125.8443
1 47 190.24014
1 48 186.48068
1 49 125.42925
2 3 146.81103
2 4 184.00443
2 5 182.97429
2 6 149.9693
2 7 175.32127
2 8 158.9374
2 9 148.53059
2 10 176.94835
2 11 127.79508
2 12 120.61175
2 13 154.08419
2 14 140.87441
2 15 193.75335
2 16 199.24797
2 17 120.94571
2 18 177.92277
2 19 173.74454
2 20 151.56744
2 21 173.17978
2 22 169.66599
2 23 120.06735
2 24 173.25092
2 25 118.5606
2 26 111.21966
2 27 143.91712
2 28 129.0446
2 29 124.29162
2 30 121.38957
2 31 182.52267
2 32 160.56409
2 33 174.30284
2 34 183.07198
2 35 144.82589
2 36 152.42704
2 37 158.55904
2 38 163.49178
2 39 191.41097
2 40 196.00617
2 41 174.57287
2 42 193.22098
2 43 151.65656
2 44 165.14524
2 45 165.71828
2 46 196.91693
2 47 125.51277
2 48 198.85945
2 49 167.22217
3 4 137.49739
3 5 172.90067
3 6 113.62607
3 7 192.39808
3 8 179.67781
3 9 148.42483
3 10 165.06463
3 11 125.90611
3 12 148.96006
3 13 119.80594
3 14 140.49665
3 15 128.51804
3 16 129.14291
3 17 107.25484
3 18 160.64839
3 19 103.87634
3 20 142.51109
3 21 194.44617
3 22 148.6213
3 23 129.33328
3 24 124.09508
3 25 196.73841
3 26 188.80445
3 27 126.76225
3 28 136.33407
3 29 184.96332
3 30 162.15917
3 31 178.28902
3 32 162.96943
3 33 136.3572
3 34 167.26113
3 35 108.31495
3 36 110.49431
3 37 195.56949
3 38 129.45391
3 39 154.86209
3 40 114.60164
3 41 102.93632
3 42 184.73159
3 43 178.30463
3 44 134.99005
3 45 194.3492
3 46 142.14692
3 47 174.389
3 48 168.85153
3 49 175.98319
4 5 153.48728
4 6 168.84421
4 7 172.96686
4 8 153.97313
4 9 167.78179
4 10 151.66865
4 11 190.42932
4 12 186.04114
4 13 180.44274
4 14 151.38592
4 15 123.5497
4 16 197.04749
4 17 158.32716
4 18 121.19681
4 19 107.43331
4 20 112.91398
4 21 177.34728
4 22 150.31241
4 23 160.05962
4 24 153.11352
4 25 175.78557
4 26 158.98408
4 27 128.28299
4 28 150.18122
4 29 127.00467
4 30 126.37916
4 31 117.7032
4 32 128.73519
4 33 102.93962
4 34 160.9166
4 35 160.72985
4 36 154.70182
4 37 180.39535
4 38 126.06491
4 39 159.43698
4 40 167.05174
4 41 191.17673
4 42 149.02007
4 43 144.23874
4 44 133.65871
4 45 186.00417
4 46 114.55706
4 47 118.8138
4 48 192.6086
4 49 108.92101
5 6 158.35156
5 7 107.44606
5 8 186.42115
5 9 166.76638
5 10 117.45215
5 11 191.48422
5 12 157.86414
5 13 114.48216
5 14 124.30769
5 15 137.37427
5 16 100.8754
5 17 149.38823
5 18 115.17318
5 19 101.87322
5 20 177.15091
5 21 188.03435
5 22 127.79164
5 23 117.05984
5 24 152.43614
5 25 104.84866
5 26 124.17517
5 27 191.85219
5 28 186.1789
5 29 128.9978
5 30 155.24898
5 31 152.38795
5 32 176.08768
5 33 138.19822
5 34 165.44317
5 35 172.29454
5 36 138.71263
5 37 152.40478
5 38 133.56475
5 39 124.66619
5 40 156.07821
5 41 118.38615
5 42 104.01556
5 43 120.7118
5 44 152.23583
5 45 161.10553
5 46 113.87499
5 47 107.95512
5 48 136.63949
5 49 160.75551
6 7 145.52729
6 8 183.59628
6 9 146.82501
6 10 120.88375
6 11 161.11071
6 12 126.40531
6 13 194.01003
6 14 111.58798
6 15 168.5809
6 16 112.59378
6 17 197.06428
6 18 199.80625
6 19 143.87391
6 20 161.93506
6 21 123.9586
6 22 110.83152
6 23 158.21628
6 24 101.28758
6 25 137.60192
6 26 150.41661
6 27 143.13592
6 28 166.74682
6 29 195.34501
6 30 106.74011
6 31 144.68933
6 32 139.24346
6 33 187.15203
6 34 154.00121
6 35 176.38589
6 36 146.62928
6 37 184.40546
6 38 167.3023
6 39 106.71475
6 40 196.95772
6 41 176.77972
6 42 169.49255
6 43 188.31408
6 44 169.46822
6 45 178.71081
6 46 138.53931
6 47 131.33148
6 48 166.41117
6 49 155.82723
7 8 191.9931
7 9 150.37549
7 10 145.7674
7 11 136.93853
7 12 113.08564
7 13 162.79578
7 14 135.51725
7 15 181.5835
7 16 189.45652
7 17 128.53749
7 18 125.41876
7 19 157.61628
7 20 156.30216
7 21 196.43838
7 22 194.0805
7 23 164.81758
7 24 195.51187
7 25 184.86946
7 26 197.10651
7 27 163.03572
7 28 162.27689
7 29 134.28033
7 30 185.88379
7 31 154.93551
7 32 103.0738
7 33 142.83779
7 34 170.78902
7 35 181.65715
7 36 178.83144
7 37 188.02999
7 38 179.9651
7 39 190.07294
7 40 150.87182
7 41 126.37576
7 42 175.35505
7 43 189.03992
7 44 184.91857
7 45 191.68286
7 46 156.68662
7 47 101.91905
7 48 118.28008
7 49 104.85717
8 9 170.71143
8 10 177.83083
8 11 136.63642
8 12 182.0463
8 13 176.61513
8 14 170.00937
8 15 159.75443
8 16 136.56101
8 17 175.96085
8 18 155.23913
8 19 188.09164
8 20 123.25979
8 21 140.44143
8 22 167.43275
8 23 108.49762
8 24 135.26751
8 25 126.71462
8 26 147.56059
8 27 170.28071
8 28 175.42394
8 29 173.30063
8 30 122.80218
8 31 107.50659
8 32 190.08563
8 33 133.57566
8 34 100.53312
8 35 111.39412
8 36 172.40568
8 37 150.83239
8 38 160.58514
8 39 112.87353
8 40 180.5669
8 41 162.16406
8 42 106.47935
8 43 138.94456
8 44 158.11126
8 45 176.17377
8 46 173.2075
8 47 156.09143
8 48 172.47848
8 49 143.85673
9 10 109.04285
9 11 106.5597
9 12 197.86189
9 13 139.35583
9 14 148.59957
9 15 156.59335
9 16 184.42388
9 17 128.69831
9 18 165.81553
9 19 163.86877
9 20 133.48627
9 21 113.91894
9 22 131.46235
9 23 148.6869
9 24 115.5541
9 25 194.02451
9 26 151.08531
9 27 189.09635
9 28 171.39941
9 29 117.65124
9 30 192.34167
9 31 183.37497
9 32 116.76915
9 33 157.96998
9 34 180.47333
9 35 127.18178
9 36 133.10774
9 37 183.74256
9 38 157.64955
9 39 162.67135
9 40 168.51715
9 41 101.71781
9 42 192.45712
9 43 138.57798
9 44 145.39459
9 45 161.35734
9 46 136.13637
9 47 156.08618
9 48 197.31694
9 49 164.91918
10 11 193.62095
10 12 142.24895
10 13 156.26333
10 14 168.77958
10 15 143.07339
10 16 122.09897
10 17 189.57406
10 18 139.82876
10 19 140.50251
10 20 161.24044
10 21 178.32841
10 22 109.53879
10 23 165.28935
10 24 115.41402
10 25 188.70355
10 26 125.43777
10 27 195.46167
10 28 167.30541
10 29 144.13987
10 30 157.23908
10 31 115.27953
10 32 177.26135
10 33 199.97175
10 34 102.81555
10 35 170.59392
10 36 188.56475
10 37 105.51804
10 38 176.7892
10 39 173.52142
10 40 139.12767
10 41 119.81771
10 42 165.20887
10 43 137.03794
10 44 115.91173
10 45 120.68806
10 46 166.07334
10 47 108.55138
10 48 191.36431
10 49 103.47096
11 12 139.48587
11 13 188.1709
11 14 190.32499
11 15 120.0681
11 16 175.93445
11 17 168.09191
11 18 164.5454
11 19 173.04654
11 20 197.08886
11 21 149.81053
11 22 133.99066
11 23 128.98392
11 24 188.19323
11 25 122.56381
11 26 158.35998
11 27 186.9892
11 28 125.7977
11 29 142.86272
11 30 122.4161
11 31 171.94944
11 32 179.66127
11 33 104.12394
11 34 177.44387
11 35 114.87346
11 36 158.81768
11 37 135.9901
11 38 100.43865
11 39 139.45965
11 40 173.4457
11 41 172.48249
11 42 115.57469
11 43 122.70259
11 44 181.65796
11 45 135.91796
11 46 166.66857
11 47 115.09299
11 48 181.87275
11 49 132.67722
12 13 170.0063
12 14 144.06114
12 15 135.71209
12 16 137.42301
12 17 101.49977
12 18 136.27018
12 19 132.00038
12 20 161.59661
12 21 114.59753
12 22 143.42839
12 23 138.08364
12 24 135.67884
12 25 118.96005
12 26 106.35008
12 27 105.51217
12 28 145.97118
12 29 153.11619
12 30 167.16655
12 31 178.12831
12 32 115.75489
12 33 188.59247
12 34 170.21436
12 35 148.66748
12 36 132.49063
12 37 162.61874
12 38 192.52584
12 39 132.9242
12 40 116.16641
12 41 116.29863
12 42 138.5827
12 43 195.89705
12 44 146.95135
12 45 138.74145
12 46 148.58521
12 47 174.90965
12 48 198.97115
12 49 173.98022
13 14 177.19359
13 15 123.69628
13 16 182.1835
13 17 135.90029
13 18 142.1288
13 19 103.32123
13 20 122.89029
13 21 173.5052
13 22 124.64544
13 23 122.1813
13 24 124.33003
13 25 138.87651
13 26 130.75893
13 27 135.76168
13 28 180.81435
13 29 197.7958
13 30 155.92178
13 31 142.60628
13 32 190.91913
13 33 144.9516
13 34 152.41367
13 35 172.72969
13 36 142.18793
13 37 185.8751
13 38 128.49856
13 39 123.91959
13 40 184.6678
13 41 166.69152
13 42 125.30088
13 43 158.37051
13 44 148.14223
13 45 163.46187
13 46 116.20618
13 47 149.56895
13 48 178.86442
13 49 159.40207
14 15 130.86949
14 16 101.43166
14 17 148.07305
14 18 132.13911
14 19 101.33809
14 20 148.49081
14 21 192.86069
14 22 177.62048
14 23 178.86007
14 24 179.50282
14 25 180.24047
14 26 100.71052
14 27 166.82019
14 28 136.2783
14 29 197.96492
14 30 143.43525
14 31 113.56045
14 32 155.55111
14 33 100.59013
14 34 182.72415
14 35 110.94461
14 36 161.04723
14 37 107.98527
14 38 165.79526
14 39 187.12706
14 40 154.07201
14 41 196.08219
14 42 140.89345
14 43 116.18288
14 44 145.02896
14 45 198.84441
14 46 118.23901
14 47 186.135
14 48 133.48906
14 49 165.00945
15 16 120.18188
15 17 136.91507
15 18 163.51911
15 19 166.51579
15 20 139.74843
15 21 111.10195
15 22 167.14086
15 23 134.3959
15 24 101.34135
15 25 102.6122
15 26 143.6129
15 27 156.70319
15 28 187.8651
15 29 174.23575
15 30 194.33869
15 31 105.87513
15 32 163.69132
15 33 169.9916
15 34 169.08024
15 35 162.6968
15 36 114.44388
15 37 175.00828
15 38 130.07438
15 39 148.44025
15 40 185.40984
15 41 111.60254
15 42 173.83785
15 43 124.31852
15 44 138.01408
15 45 177.37287
15 46 169.46153
15 47 108.24438
15 48 181.17734
15 49 135.72483
16 17 108.0784
16 18 132.52463
16 19 166.08328
16 20 143.88174
16 21 132.21897
16 22 182.21381
16 23 112.42453
16 24 136.08896
16 25 165.04927
16 26 161.27648
16 27 179.68941
16 28 190.08503
16 29 185.18293
16 30 118.50705
16 31 185.18013
16 32 190.36594
16 33 166.79548
16 34 128.67189
16 35 154.359
16 36 135.997
16 37 187.29713
16 38 163.41131
16 39 167.91995
16 40 178.54588
16 41 189.9531
16 42 121.69959
16 43 108.76014
16 44 161.07657
16 45 133.72104
16 46 152.56487
16 47 123.60746
16 48 138.16583
16 49 179.94712
17 18 157.36393
17 19 180.29492
17 20 109.53739
17 21 155.60696
17 22 163.03981
17 23 194.96135
17 24 121.1195
17 25 158.27093
17 26 184.07958
17 27 182.1596
17 28 174.01515
17 29 181.67127
17 30 167.31152
17 31 122.33068
17 32 127.29176
17 33 156.02957
17 34 108.08744
17 35 198.74181
17 36 168.28435
17 37 144.4489
17 38 128.55376
17 39 170.70917
17 40 130.4776
17 41 186.80413
17 42 172.93697
17 43 133.56459
17 44 128.7606
17 45 188.42379
17 46 111.40666
17 47 133.53431
17 48 157.66757
17 49 147.55165
18 19 169.01585
18 20 189.61707
18 21 123.66823
18 22 105.10328
18 23 180.92194
18 24 131.94786
18 25 192.97768
18 26 146.45069
18 27 142.98507
18 28 190.89304
18 29 172.20313
18 30 169.59005
18 31 143.87005
18 32 149.86439
18 33 167.81232
18 34 103.67517
18 35 160.50579
18 36 169.37561
18 37 192.28227
18 38 111.65737
18 39 172.82199
18 40 113.11256
18 41 125.72151
18 42 179.29639
18 43 196.51144
18 44 131.80483
18 45 109.78886
18 46 104.13912
18 47 116.94302
18 48 102.50761
18 49 168.04591
19 20 141.77645
19 21 154.89952
19 22 100.9054
19 23 100.03497
19 24 137.57005
19 25 178.75797
19 26 146.66799
19 27 183.00038
19 28 121.86753
19 29 153.42157
19 30 138.48915
19 31 156.34909
19 32 100.81583
19 33 197.19001
19 34 193.76759
19 35 130.09248
19 36 175.56022
19 37 106.2971
19 38 122.44284
19 39 169.2705
19 40 148.24057
19 41 157.23854
19 42 190.16449
19 43 155.21703
19 44 140.17422
19 45 147.05599
19 46 178.97936
19 47 181.09024
19 48 179.25464
19 49 172.85135
20 21 128.41439
20 22 195.14785
20 23 136.70361
20 24 183.33078
20 25 117.43153
20 26 154.86907
20 27 113.5177
20 28 101.25124
20 29 117.57463
20 30 164.44029
20 31 122.09778
20 32 106.90524
20 33 191.479
20 34 107.60792
20 35 121.709
20 36 129.41452
20 37 186.46842
20 38 116.88365
20 39 137.65441
20 40 195.78908
20 41 171.42297
20 42 150.97346
20 43 148.43372
20 44 199.44786
20 45 142.04842
20 46 185.84074
20 47 167.51552
20 48 189.51876
20 49 142.18457
21 22 156.95194
21 23 178.37824
21 24 100.10756
21 25 172.47591
21 26 153.22549
21 27 165.45417
21 28 180.22358
21 29 115.42896
21 30 163.64753
21 31 142.69313
21 32 143.0907
21 33 117.05885
21 34 180.383
21 35 189.8718
21 36 189.67307
21 37 124.91044
21 38 174.64426
21 39 106.63953
21 40 175.25932
21 41 166.32292
21 42 106.0707
21 43 175.74081
21 44 155.29919
21 45 155.56986
21 46 170.82569
21 47 196.70801
21 48 177.95674
21 49 178.05425
22 23 109.26041
22 24 187.71013
22 25 187.69938
22 26 177.50973
22 27 182.00892
22 28 173.4556
22 29 148.90773
22 30 177.90204
22 31 179.34112
22 32 158.47688
22 33 104.8686
22 34 113.07904
22 35 170.49464
22 36 103.4357
22 37 193.92876
22 38 117.26625
22 39 103.36318
22 40 183.59292
22 41 141.70688
22 42 179.64485
22 43 118.98428
22 44 190.18657
22 45 176.02362
22 46 180.75492
22 47 159.35008
22 48 107.90316
22 49 146.93957
23 24 133.95838
23 25 171.00403
23 26 169.68088
23 27 101.45625
23 28 144.91771
23 29 163.02739
23 30 105.8687
23 31 101.25007
23 32 142.11693
23 33 161.3479
23 34 186.03924
23 35 124.49691
23 36 105.608
23 37 145.66008
23 38 183.16729
23 39 158.00946
23 40 187.94268
23 41 180.66541
23 42 168.85818
23 43 188.34139
23 44 156.38243
23 45 187.69958
23 46 115.87334
23 47 138.40837
23 48 136.21273
23 49 134.34985
24 25 165.90421
24 26 186.79197
24 27 187.43133
24 28 173.62869
24 29 164.01922
24 30 159.32957
24 31 149.9255
24 32 129.8776
24 33 198.76906
24 34 123.25253
24 35 155.11066
24 36 138.20823
24 37 100.54449
24 38 153.45206
24 39 150.33839
24 40 184.4652
24 41 108.86531
24 42 161.69794
24 43 172.63721
24 44 165.16415
24 45 193.80081
24 46 195.94548
24 47 131.45275
24 48 197.05342
24 49 164.50284
25 26 157.61697
25 27 169.92822
25 28 157.10902
25 29 106.1421
25 30 181.2868
25 31 160.07233
25 32 129.59671
25 33 155.72358
25 34 150.7969
25 35 102.85035
25 36 121.90928
25 37 151.9742
25 38 114.80641
25 39 185.88088
25 40 112.56961
25 41 161.29819
25 42 105.695
25 43 177.03253
25 44 119.36535
25 45 171.16534
25 46 184.12556
25 47 196.02235
25 48 154.74381
25 49 178.73759
26 27 154.36247
26 28 106.65686
26 29 187.93303
26 30 116.74624
26 31 191.19411
26 32 162.84807
26 33 184.29608
26 34 144.10181
26 35 106.64147
26 36 153.42847
26 37 175.03496
26 38 176.52153
26 39 138.52103
26 40 135.02829
26 41 110.42184
26 42 101.42162
26 43 157.49869
26 44 108.56415
26 45 167.61436
26 46 187.47662
26 47 134.86395
26 48 156.82516
26 49 175.30814
27 28 158.92631
27 29 164.15325
27 30 111.68658
27 31 111.70914
27 32 133.71186
27 33 148.92954
27 34 145.63478
27 35 121.20772
27 36 198.13486
27 37 103.15761
27 38 173.17811
27 39 150.00342
27 40 149.07216
27 41 174.32176
27 42 133.81073
27 43 112.57486
27 44 185.96144
27 45 117.18794
27 46 166.02307
27 47 118.04572
27 48 113.36549
27 49 193.57381
28 29 141.90854
28 30 126.5911
28 31 126.00139
28 32 135.90424
28 33 161.97021
28 34 153.94511
28 35 134.56719
28 36 158.22338
28 37 124.57663
28 38 137.05291
28 39 122.35502
28 40 163.02164
28 41 170.55313
28 42 193.7101
28 43 185.84614
28 44 107.35814
28 45 154.89718
28 46 195.59002
28 47 101.86853
28 48 129.29967
28 49 126.01903
29 30 158.23385
29 31 172.33929
29 32 156.07092
29 33 187.6385
29 34 145.22358
29 35 157.99178
29 36 166.5049
29 37 188.58381
29 38 179.80233
29 39 134.09554
29 40 175.75379
29 41 104.57145
29 42 148.89704
29 43 113.52754
29 44 152.19119
29 45 197.93343
29 46 169.53167
29 47 110.82964
29 48 156.1504
29 49 156.65268
30 31 179.48213
30 32 187.94468
30 33 110.62567
30 34 105.92981
30 35 158.5858
30 36 111.71422
30 37 105.10675
30 38 106.08991
30 39 152.95572
30 40 191.44225
30 41 115.62473
30 42 149.92473
30 43 161.96037
30 44 186.38809
30 45 170.98188
30 46 178.03648
30 47 190.72271
30 48 151.23991
30 49 199.70946
31 32 136.43324
31 33 117.19776
31 34 111.9358
31 35 130.20654
31 36 155.01534
31 37 121.94316
31 38 154.34086
31 39 124.09836
31 40 187.12677
31 41 104.46207
31 42 153.21679
31 43 111.48216
31 44 121.68137
31 45 124.57018
31 46 166.08683
31 47 131.55232
31 48 185.76123
31 49 190.65365
32 33 147.25984
32 34 106.65728
32 35 192.31421
32 36 157.61679
32 37 170.99008
32 38 145.86602
32 39 138.95526
32 40 103.53418
32 41 128.43809
32 42 149.51887
32 43 130.96531
32 44 128.38513
32 45 145.06127
32 46 145.94762
32 47 126.43855
32 48 189.92875
32 49 190.91274
33 34 144.62954
33 35 104.56362
33 36 111.93739
33 37 107.14815
33 38 105.69047
33 39 117.87687
33 40 192.13765
33 41 197.39819
33 42 116.515
33 43 158.92954
33 44 182.73629
33 45 181.92628
33 46 194.32855
33 47 185.69373
33 48 133.72248
33 49 144.42498
34 35 180.75496
34 36 165.55723
34 37 105.54248
34 38 147.68688
34 39 194.75876
34 40 149.34345
34 41 101.50643
34 42 111.77254
34 43 196.47697
34 44 136.82737
34 45 172.92368
34 46 109.02232
34 47 109.00186
34 48 111.96543
34 49 147.5274
35 36 172.26866
35 37 100.68291
35 38 107.23897
35 39 149.04158
35 40 142.91596
35 41 192.444
35 42 196.27161
35 43 110.19162
35 44 171.53057
35 45 115.54361
35 46 106.10617
35 47 156.39929
35 48 172.29753
35 49 146.86811
36 37 115.01549
36 38 112.88294
36 39 106.55443
36 40 170.69671
36 41 192.36303
36 42 158.32392
36 43 101.4281
36 44 164.5106
36 45 135.17745
36 46 176.26423
36 47 194.88273
36 48 172.46145
36 49 132.54238
37 38 105.95344
37 39 156.72439
37 40 163.64553
37 41 112.01098
37 42 100.15995
37 43 122.2397
37 44 132.7483
37 45 162.04742
37 46 154.07051
37 47 158.78235
37 48 139.16939
37 49 178.56969
38 39 189.88055
38 40 164.47936
38 41 119.11551
38 42 198.50276
38 43 198.96065
38 44 163.30822
38 45 111.68849
38 46 181.76773
38 47 183.99209
38 48 178.94393
38 49 116.93435
39 40 106.83625
39 41 124.84413
39 42 172.55046
39 43 119.05633
39 44 148.61183
39 45 173.54882
39 46 193.75334
39 47 130.76989
39 48 118.15045
39 49 105.4205
40 41 128.43085
40 42 196.8897
40 43 104.91844
40 44 147.85681
40 45 123.56167
40 46 169.13087
40 47 137.98979
40 48 113.09049
40 49 168.43881
41 42 165.4989
41 43 184.39981
41 44 132.3727
41 45 184.50277
41 46 112.62979
41 47 141.01106
41 48 114.8944
41 49 104.31354
42 43 100.0519
42 44 108.21453
42 45 194.48395
42 46 149.49824
42 47 173.16896
42 48 110.97425
42 49 117.04554
43 44 157.19315
43 45 137.17939
43 46 114.61379
43 47 111.09373
43 48 114.0781
43 49 178.38018
44 45 122.64994
44 46 100.45028
44 47 119.63063
44 48 151.80095
44 49 107.04564
45 46 155.16066
45 47 191.61808
45 48 181.16543
45 49 184.64963
46 47 127.13768
46 48 147.887
46 49 128.4788
47 48 184.88141
47 49 115.76519
48 49 134.81392
