100 40
0 1 175.64528
0 2 171.87605
0 3 136.0179
0 4 117.79238
0 5 139.42702
0 6 139.91295
0 7 188.02495
0 8 104.05977
0 9 191.95129
0 10 142.53729
0 11 197.62054
0 12 130.61176
0 13 181.14452
0 14 127.79228
0 15 170.14599
0 16 135.50839
0 17 108.29932
0 18 186.0653
0 19 103.19328
0 20 147.55607
0 21 114.86793
0 22 140.30449
0 23 128.41908
0 24 134.52354
0 25 185.12618
0 26 131.43834
0 27 196.30995
0 28 171.60979
0 29 125.44093
0 30 177.77299
0 31 149.03467
0 32 196.12053
0 33 199.90861
0 34 114.97825
0 35 177.90108
0 36 106.36227
0 37 103.5139
0 38 139.27799
0 39 151.41454
0 40 168.03807
0 41 151.70318
0 42 121.45362
0 43 105.46397
0 44 125.12887
0 45 161.59943
0 46 184.91179
0 47 138.40237
0 48 112.76464
0 49 122.47995
0 50 101.83177
0 51 124.81065
0 52 158.49704
0 53 159.46893
0 54 172.88313
0 55 105.31438
0 56 152.317
0 57 133.483
0 58 131.87696
0 59 183.09441
0 60 135.09422
0 61 164.46364
0 62 144.30037
0 63 121.7552
0 64 131.90451
0 65 177.67985
0 66 111.26709
0 67 106.03783
0 68 138.6932
0 69 178.95
0 70 198.80093
0 71 115.77476
0 72 157.26124
0 73 193.60517
0 74 164.77951
0 75 188.39727
0 76 111.42845
0 77 136.44422
0 78 105.16854
0 79 176.53245
0 80 126.60719
0 81 101.07032
0 82 158.71668
0 83 110.595
0 84 185.14985
0 85 100.50929
0 86 148.80421
0 87 134.21976
0 88 110.11966
0 89 160.36009
0 90 198.91239
0 91 141.2933
0 92 178.97932
0 93 113.24103
0 94 153.46698
0 95 125.94426
0 96 156.17256
0 97 101.78613
0 98 124.16454
0 99 168.06602
1 2 157.05192
1 3 115.34605
1 4 131.61843
1 5 118.09619
1 6 172.87955
1 7 186.02657
1 8 100.60741
1 9 139.31013
1 10 191.34269
1 11 169.09179
1 12 191.24989
1 13 133.89547
1 14 197.46025
1 15 124.93481
1 16 125.17739
1 17 152.38048
1 18 140.81907
1 19 125.71597
1 20 104.01628
1 21 188.54345
1 22 192.45043
1 23 169.75469
1 24 110.8062
1 25 156.03406
1 26 199.2985
1 27 160.15464
1 28 164.62539
1 29 183.70554
1 30 114.24516
1 31 192.99632
1 32 155.93299
1 33 104.71797
1 34 179.61216
1 35 193.28473
1 36 115.99182
1 37 120.01365
1 38 187.60037
1 39 137.35454
1 40 111.03283
1 41 150.58747
1 42 101.06221
1 43 108.14141
1 44 128.62864
1 45 123.61373
1 46 100.07307
1 47 169.92581
1 48 167.64691
1 49 191.50803
1 50 193.24239
1 51 158.49683
1 52 109.91342
1 53 133.45541
1 54 132.8109
1 55 125.95226
1 56 146.43382
1 57 187.69261
1 58 192.03579
1 59 195.42587
1 60 182.35564
1 61 107.11615
1 62 186.52407
1 63 108.82696
1 64 113.83231
1 65 189.86774
1 66 174.90698
1 67 116.89012
1 68 148.59192
1 69 148.0208
1 70 191.34887
1 71 104.00402
1 72 191.92879
1 73 120.72402
1 74 183.13752
1 75 169.3688
1 76 178.42904
1 77 177.55998
1 78 101.17889
1 79 145.67083
1 80 139.89051
1 81 138.10333
1 82 176.12083
1 83 161.34477
1 84 114.72441
1 85 134.65471
1 86 106.40246
1 87 131.05723
1 88 132.58539
1 89 176.87892
1 90 198.3047
1 91 125.6931
1 92 192.38631
1 93 168.97659
1 94 115.63916
1 95 169.63525
1 96 101.52609
1 97 151.37056
1 98 167.90394
1 99 199.86347
2 3 181.52786
2 4 142.87803
2 5 113.91606
2 6 136.63371
2 7 175.2616
2 8 183.95342
2 9 102.0396
2 10 150.4619
2 11 161.99437
2 12 151.69928
2 13 184.88522
2 14 120.31763
2 15 168.61522
2 16 128.70558
2 17 174.48988
2 18 122.68353
2 19 146.96583
2 20 170.04976
2 21 172.45321
2 22 124.17809
2 23 192.15423
2 24 120.05955
2 25 116.42617
2 26 139.7292
2 27 124.15792
2 28 110.4881
2 29 117.3006
2 30 128.90384
2 31 107.65568
2 32 170.15157
2 33 174.61315
2 34 160.24249
2 35 101.02154
2 36 139.45634
2 37 190.81657
2 38 151.94913
2 39 106.17554
2 40 175.11604
2 41 163.66405
2 42 182.65317
2 43 163.71306
2 44 111.5793
2 45 139.6067
2 46 192.76026
2 47 136.16623
2 48 184.83723
2 49 119.60327
2 50 138.26758
2 51 152.16488
2 52 162.33206
2 53 126.24996
2 54 149.09324
2 55 198.28898
2 56 116.49196
2 57 166.35729
2 58 196.23234
2 59 169.89607
2 60 171.67464
2 61 106.28794
2 62 180.1534
2 63 119.45995
2 64 161.12364
2 65 191.71864
2 66 112.8677
2 67 103.10644
2 68 164.97037
2 69 194.74864
2 70 111.4972
2 71 128.898
2 72 117.0266
2 73 195.0765
2 74 194.76326
2 75 138.44154
2 76 100.48461
2 77 138.93429
2 78 163.95879
2 79 111.93806
2 80 141.59551
2 81 136.03217
2 82 159.66581
2 83 174.60231
2 84 117.74932
2 85 138.17578
2 86 148.37699
2 87 156.31881
2 88 190.73622
2 89 146.50771
2 90 146.42195
2 91 103.4359
2 92 156.23223
2 93 197.75884
2 94 150.27125
2 95 165.78171
2 96 133.0889
2 97 101.14881
2 98 151.22796
2 99 133.10651
3 4 131.98228
3 5 164.81985
3 6 159.28735
3 7 129.98708
3 8 159.23676
3 9 114.16747
3 10 110.32294
3 11 104.86132
3 12 133.98356
3 13 108.88985
3 14 159.15492
3 15 184.25549
3 16 105.38083
3 17 159.75243
3 18 127.08776
3 19 109.61069
3 20 136.87406
3 21 131.7687
3 22 184.86694
3 23 195.52646
3 24 171.46721
3 25 147.60021
3 26 126.98568
3 27 149.28044
3 28 195.20343
3 29 160.5042
3 30 111.73486
3 31 140.96642
3 32 149.70752
3 33 196.07079
3 34 158.79823
3 35 144.77675
3 36 190.33156
3 37 166.23691
3 38 103.60812
3 39 160.69854
3 40 101.21572
3 41 172.21576
3 42 192.74582
3 43 196.67397
3 44 178.36082
3 45 185.57627
3 46 123.54074
3 47 134.96126
3 48 111.15318
3 49 131.35254
3 50 118.88391
3 51 142.62452
3 52 190.64375
3 53 169.57935
3 54 180.0223
3 55 165.6184
3 56 113.94219
3 57 121.65521
3 58 170.98779
3 59 165.77789
3 60 184.3099
3 61 137.96509
3 62 161.00072
3 63 198.10759
3 64 169.2714
3 65 104.7037
3 66 124.47443
3 67 169.63655
3 68 133.58382
3 69 119.55304
3 70 146.25774
3 71 177.15338
3 72 111.31118
3 73 101.19809
3 74 108.49041
3 75 160.25979
3 76 141.74256
3 77 168.18234
3 78 103.45959
3 79 110.35946
3 80 102.79366
3 81 185.35778
3 82 187.32689
3 83 197.90364
3 84 122.85585
3 85 135.80526
3 86 169.20001
3 87 179.66738
3 88 136.56571
3 89 190.15605
3 90 134.60158
3 91 134.92064
3 92 110.12607
3 93 140.10096
3 94 144.29647
3 95 157.7532
3 96 127.94204
3 97 109.18775
3 98 133.01091
3 99 187.01189
4 5 110.94923
4 6 117.52567
4 7 182.37242
4 8 114.98572
4 9 125.90514
4 10 116.26151
4 11 197.55909
4 12 146.99205
4 13 103.07663
4 14 105.5857
4 15 126.24942
4 16 138.8448
4 17 186.08503
4 18 156.15676
4 19 149.88003
4 20 145.64959
4 21 103.41733
4 22 170.97164
4 23 180.43024
4 24 148.41551
4 25 103.48558
4 26 155.05552
4 27 128.94939
4 28 163.5924
4 29 131.98317
4 30 191.11787
4 31 196.86023
4 32 116.05962
4 33 182.571
4 34 110.07265
4 35 147.7221
4 36 161.1637
4 37 152.31795
4 38 167.15701
4 39 149.60432
4 40 119.95183
4 41 188.37045
4 42 161.19951
4 43 176.0859
4 44 107.32212
4 45 138.30205
4 46 129.70547
4 47 120.98825
4 48 187.13199
4 49 169.93351
4 50 181.1451
4 51 149.46577
4 52 187.14027
4 53 169.39725
4 54 122.97752
4 55 107.60049
4 56 166.66898
4 57 182.6022
4 58 178.75528
4 59 163.68363
4 60 145.25015
4 61 103.80329
4 62 161.54075
4 63 104.05382
4 64 130.40709
4 65 143.84891
4 66 136.77171
4 67 112.04867
4 68 160.37837
4 69 142.62792
4 70 170.56746
4 71 128.41483
4 72 173.73565
4 73 143.08903
4 74 159.90508
4 75 116.49859
4 76 141.04992
4 77 186.08927
4 78 180.36802
4 79 165.04895
4 80 161.06891
4 81 161.55894
4 82 100.04966
4 83 122.37563
4 84 192.97355
4 85 157.87673
4 86 181.20392
4 87 107.33774
4 88 130.13102
4 89 117.41978
4 90 137.08869
4 91 135.13618
4 92 163.92538
4 93 156.96322
4 94 106.11531
4 95 130.22847
4 96 146.71329
4 97 178.05741
4 98 178.67683
4 99 169.92113
5 6 143.00922
5 7 147.42169
5 8 120.6152
5 9 135.5768
5 10 108.95411
5 11 161.49754
5 12 112.70895
5 13 149.08342
5 14 116.08083
5 15 122.60819
5 16 137.57814
5 17 115.62375
5 18 192.11329
5 19 140.80009
5 20 177.21519
5 21 125.10086
5 22 103.13459
5 23 104.04656
5 24 143.88127
5 25 184.15692
5 26 120.93513
5 27 118.22334
5 28 175.43331
5 29 187.14217
5 30 100.60955
5 31 161.75504
5 32 147.41649
5 33 183.77918
5 34 157.86794
5 35 157.37485
5 36 194.42004
5 37 182.95646
5 38 140.75943
5 39 106.41494
5 40 110.92334
5 41 157.98807
5 42 153.84394
5 43 134.51909
5 44 145.95584
5 45 109.86454
5 46 184.58243
5 47 174.91801
5 48 156.73836
5 49 106.6548
5 50 123.84955
5 51 100.72034
5 52 188.06978
5 53 133.67043
5 54 144.91103
5 55 138.21962
5 56 107.03898
5 57 138.91042
5 58 128.51902
5 59 153.21647
5 60 167.62509
5 61 173.25198
5 62 142.09762
5 63 192.32487
5 64 135.5309
5 65 135.06051
5 66 154.13545
5 67 198.82509
5 68 173.67946
5 69 119.21324
5 70 138.23251
5 71 106.16069
5 72 167.86852
5 73 122.67655
5 74 143.53746
5 75 109.41365
5 76 142.29498
5 77 154.70504
5 78 130.68072
5 79 179.34401
5 80 135.68632
5 81 115.61746
5 82 108.06801
5 83 164.77127
5 84 104.77342
5 85 144.43473
5 86 195.6271
5 87 188.81611
5 88 152.81725
5 89 119.41222
5 90 174.6716
5 91 135.7633
5 92 114.99832
5 93 174.40379
5 94 146.24473
5 95 171.50556
5 96 179.60143
5 97 161.86184
5 98 188.04601
5 99 133.18043
6 7 197.65356
6 8 116.56271
6 9 116.82876
6 10 187.61206
6 11 103.23477
6 12 113.01072
6 13 125.50358
6 14 160.33996
6 15 135.63988
6 16 169.43989
6 17 115.84968
6 18 141.10551
6 19 123.57296
6 20 153.9293
6 21 104.07313
6 22 152.65031
6 23 118.45029
6 24 188.78648
6 25 178.65331
6 26 161.25201
6 27 154.98879
6 28 168.6886
6 29 114.08857
6 30 143.83567
6 31 142.81018
6 32 172.83754
6 33 167.30337
6 34 157.27612
6 35 158.21319
6 36 170.44978
6 37 100.98992
6 38 138.22308
6 39 168.47093
6 40 163.35756
6 41 193.82977
6 42 128.15057
6 43 120.14052
6 44 171.40812
6 45 159.81164
6 46 156.94351
6 47 136.35191
6 48 199.8137
6 49 113.84007
6 50 135.05361
6 51 196.67082
6 52 120.90277
6 53 182.5227
6 54 163.5315
6 55 100.78566
6 56 137.19114
6 57 166.53465
6 58 100.03125
6 59 141.21231
6 60 177.8016
6 61 144.80512
6 62 133.40595
6 63 174.71412
6 64 168.16155
6 65 155.02796
6 66 179.82883
6 67 196.91911
6 68 161.17833
6 69 166.00478
6 70 186.74404
6 71 182.68232
6 72 155.97697
6 73 123.41789
6 74 176.51106
6 75 122.46844
6 76 127.50334
6 77 188.31239
6 78 112.38208
6 79 148.07254
6 80 100.28106
6 81 191.4969
6 82 114.86462
6 83 113.41668
6 84 162.13591
6 85 162.71951
6 86 139.82307
6 87 149.12792
6 88 118.85975
6 89 137.61385
6 90 146.38359
6 91 165.02956
6 92 193.65369
6 93 184.84168
6 94 131.80625
6 95 143.2151
6 96 150.31866
6 97 128.46655
6 98 178.24638
6 99 135.61035
7 8 129.80677
7 9 105.91467
7 10 178.22744
7 11 192.35597
7 12 104.56225
7 13 156.7387
7 14 181.49197
7 15 133.30647
7 16 101.82998
7 17 194.13099
7 18 189.81787
7 19 140.32114
7 20 113.59023
7 21 188.5845
7 22 190.80584
7 23 192.76191
7 24 191.09228
7 25 162.31818
7 26 101.01315
7 27 138.35214
7 28 173.8419
7 29 145.99403
7 30 170.28505
7 31 144.59891
7 32 177.84663
7 33 109.36757
7 34 184.54169
7 35 165.04439
7 36 109.47984
7 37 168.23928
7 38 110.10464
7 39 182.08197
7 40 197.24521
7 41 145.14617
7 42 143.37329
7 43 184.48657
7 44 138.0945
7 45 141.06684
7 46 172.46164
7 47 153.67849
7 48 171.67655
7 49 123.76806
7 50 191.00756
7 51 140.62309
7 52 124.12098
7 53 100.815
7 54 184.95027
7 55 164.84082
7 56 149.40968
7 57 133.11601
7 58 184.62398
7 59 197.63849
7 60 140.26515
7 61 116.21908
7 62 112.45996
7 63 161.1163
7 64 154.89605
7 65 175.63252
7 66 104.8597
7 67 170.87169
7 68 171.10646
7 69 185.81513
7 70 104.53445
7 71 124.97114
7 72 150.83513
7 73 156.03149
7 74 118.19844
7 75 109.4931
7 76 113.19494
7 77 138.65571
7 78 106.0011
7 79 145.91093
7 80 142.55744
7 81 193.04603
7 82 159.01188
7 83 111.87756
7 84 159.36054
7 85 104.3296
7 86 136.49743
7 87 168.74564
7 88 143.6273
7 89 144.57517
7 90 166.82205
7 91 100.77101
7 92 185.92566
7 93 167.31641
7 94 103.8535
7 95 101.16207
7 96 177.17989
7 97 122.52748
7 98 161.4172
7 99 110.5709
8 9 141.17544
8 10 136.20431
8 11 175.10285
8 12 195.12452
8 13 193.24605
8 14 123.19385
8 15 187.46941
8 16 134.02955
8 17 110.44189
8 18 106.08504
8 19 105.22357
8 20 180.70633
8 21 123.40118
8 22 126.52726
8 23 141.45815
8 24 147.9898
8 25 129.13171
8 26 130.11165
8 27 145.14541
8 28 150.47077
8 29 149.45706
8 30 121.51637
8 31 157.74392
8 32 114.66336
8 33 181.93286
8 34 164.60852
8 35 159.62027
8 36 173.612
8 37 101.07359
8 38 180.21648
8 39 145.83738
8 40 135.42488
8 41 157.49675
8 42 117.1103
8 43 128.15397
8 44 101.14938
8 45 115.01674
8 46 121.5185
8 47 104.19964
8 48 103.75339
8 49 137.21166
8 50 154.78858
8 51 198.18508
8 52 148.58466
8 53 168.89689
8 54 171.7353
8 55 166.97607
8 56 119.24513
8 57 168.0399
8 58 176.36099
8 59 175.48753
8 60 101.39184
8 61 130.32024
8 62 133.45715
8 63 165.37571
8 64 161.42112
8 65 100.56352
8 66 117.97547
8 67 115.40807
8 68 181.54681
8 69 186.6118
8 70 110.06625
8 71 176.11208
8 72 164.06738
8 73 172.65909
8 74 142.73734
8 75 176.58422
8 76 138.42272
8 77 149.79155
8 78 158.95764
8 79 152.67778
8 80 176.14496
8 81 141.85943
8 82 136.12342
8 83 143.0069
8 84 152.63758
8 85 151.38514
8 86 132.60122
8 87 194.85691
8 88 184.06824
8 89 157.02589
8 90 120.33626
8 91 181.36252
8 92 162.2085
8 93 127.40629
8 94 193.41621
8 95 116.77251
8 96 162.84333
8 97 168.91684
8 98 107.16166
8 99 152.03728
9 10 121.7828
9 11 186.70301
9 12 196.28046
9 13 162.24694
9 14 170.04231
9 15 176.48767
9 16 155.99323
9 17 156.6957
9 18 169.43179
9 19 166.29435
9 20 134.46351
9 21 148.26099
9 22 130.52276
9 23 164.13538
9 24 113.72581
9 25 110.32885
9 26 123.66536
9 27 123.65049
9 28 158.84948
9 29 149.1696
9 30 160.31845
9 31 174.83556
9 32 163.80066
9 33 137.62076
9 34 158.38522
9 35 161.00869
9 36 168.96272
9 37 130.61289
9 38 176.53826
9 39 186.30748
9 40 198.29099
9 41 147.24451
9 42 126.02935
9 43 161.79551
9 44 118.64476
9 45 199.74066
9 46 129.81661
9 47 151.59383
9 48 115.25717
9 49 170.82469
9 50 162.1483
9 51 191.78586
9 52 198.87241
9 53 190.11984
9 54 158.08208
9 55 109.957
9 56 121.58856
9 57 143.49926
9 58 162.05373
9 59 109.94898
9 60 145.62344
9 61 196.46427
9 62 183.62312
9 63 138.51074
9 64 103.50179
9 65 150.35423
9 66 120.12648
9 67 111.83381
9 68 137.6547
9 69 129.91056
9 70 138.14659
9 71 173.88367
9 72 158.10467
9 73 146.94819
9 74 150.81854
9 75 106.48405
9 76 127.84379
9 77 185.56984
9 78 167.80909
9 79 190.02912
9 80 180.48344
9 81 196.49726
9 82 186.19065
9 83 113.77336
9 84 104.22923
9 85 193.33637
9 86 124.20951
9 87 111.38828
9 88 129.99532
9 89 119.12092
9 90 144.39636
9 91 124.35693
9 92 182.8779
9 93 128.35202
9 94 100.1317
9 95 103.97401
9 96 133.53115
9 97 125.6752
9 98 188.40047
9 99 157.67073
10 11 136.14348
10 12 139.01647
10 13 127.84943
10 14 172.96209
10 15 126.33237
10 16 149.43195
10 17 123.64057
10 18 199.81834
10 19 175.37247
10 20 101.93189
10 21 102.8349
10 22 110.00958
10 23 132.92525
10 24 178.07682
10 25 119.12464
10 26 173.78161
10 27 177.31832
10 28 157.30852
10 29 117.08986
10 30 102.27356
10 31 187.16469
10 32 177.31013
10 33 103.69486
10 34 165.81379
10 35 149.81609
10 36 137.03246
10 37 165.6173
10 38 188.20987
10 39 185.70077
10 40 150.11407
10 41 117.38797
10 42 199.53154
10 43 158.07065
10 44 129.29521
10 45 102.2151
10 46 162.38247
10 47 191.62937
10 48 143.24349
10 49 140.08757
10 50 169.26254
10 51 166.00073
10 52 142.01554
10 53 197.22794
10 54 172.1238
10 55 175.18566
10 56 189.11851
10 57 146.33139
10 58 105.63358
10 59 128.74935
10 60 181.30768
10 61 181.51246
10 62 180.16458
10 63 197.97976
10 64 152.09488
10 65 104.99698
10 66 151.82943
10 67 148.57428
10 68 190.73878
10 69 149.18927
10 70 106.70864
10 71 114.98802
10 72 129.69609
10 73 158.00504
10 74 187.65924
10 75 154.84136
10 76 119.23596
10 77 191.09169
10 78 110.90082
10 79 149.90473
10 80 137.45262
10 81 194.5723
10 82 195.05859
10 83 172.21938
10 84 116.86926
10 85 155.10472
10 86 110.89775
10 87 164.20481
10 88 187.66104
10 89 128.06641
10 90 171.24339
10 91 137.6614
10 92 174.36688
10 93 169.68688
10 94 155.56566
10 95 172.76968
10 96 106.17396
10 97 107.02513
10 98 125.75635
10 99 132.39362
11 12 187.91741
11 13 143.53437
11 14 111.15379
11 15 146.7367
11 16 108.86288
11 17 157.4278
11 18 144.14901
11 19 167.38355
11 20 132.65754
11 21 136.39705
11 22 167.1758
11 23 198.38924
11 24 166.13042
11 25 139.2185
11 26 149.89791
11 27 162.03994
11 28 185.43471
11 29 159.40036
11 30 156.29438
11 31 131.50873
11 32 167.8658
11 33 152.12402
11 34 155.17579
11 35 134.93536
11 36 107.07958
11 37 170.26162
11 38 125.02101
11 39 169.35188
11 40 109.27398
11 41 128.77568
11 42 131.20808
11 43 144.88767
11 44 144.63421
11 45 149.37416
11 46 157.38788
11 47 182.65399
11 48 168.89298
11 49 108.1512
11 50 178.84453
11 51 187.57936
11 52 181.11347
11 53 141.53961
11 54 176.79719
11 55 142.49556
11 56 114.73384
11 57 157.67432
11 58 101.91571
11 59 110.53722
11 60 185.4849
11 61 126.75768
11 62 114.28016
11 63 105.4932
11 64 114.55188
11 65 182.90048
11 66 150.64222
11 67 146.78455
11 68 156.20413
11 69 126.60904
11 70 122.22453
11 71 140.57237
11 72 102.53238
11 73 178.26719
11 74 108.69593
11 75 131.56827
11 76 151.97355
11 77 157.21641
11 78 162.27964
11 79 185.44761
11 80 150.33058
11 81 113.14086
11 82 112.8582
11 83 138.14057
11 84 187.07692
11 85 148.28595
11 86 148.83192
11 87 101.36299
11 88 193.01122
11 89 157.77645
11 90 195.17046
11 91 132.97767
11 92 116.81938
11 93 181.21735
11 94 108.29604
11 95 133.98141
11 96 171.46746
11 97 142.9099
11 98 152.02652
11 99 157.40984
12 13 163.54593
12 14 192.86783
12 15 178.51004
12 16 113.22277
12 17 162.51748
12 18 144.83586
12 19 108.19983
12 20 114.48832
12 21 127.071
12 22 119.2958
12 23 133.95937
12 24 167.40408
12 25 181.56175
12 26 110.84802
12 27 191.1103
12 28 185.14434
12 29 122.75783
12 30 197.4198
12 31 152.47434
12 32 166.40098
12 33 134.24807
12 34 195.88384
12 35 137.3154
12 36 182.30337
12 37 135.34109
12 38 149.03161
12 39 151.04024
12 40 197.20477
12 41 195.37279
12 42 150.36795
12 43 113.52814
12 44 173.86574
12 45 189.55261
12 46 157.8678
12 47 107.54702
12 48 162.54367
12 49 144.58419
12 50 151.43371
12 51 166.96059
12 52 185.03358
12 53 119.70543
12 54 131.8243
12 55 177.13323
12 56 135.45496
12 57 169.41051
12 58 153.77139
12 59 172.38126
12 60 134.4077
12 61 185.90866
12 62 122.70904
12 63 191.44569
12 64 169.40764
12 65 119.08941
12 66 172.49549
12 67 178.00507
12 68 186.4423
12 69 195.70875
12 70 135.90927
12 71 154.22087
12 72 130.23673
12 73 155.49754
12 74 124.81719
12 75 163.1981
12 76 152.67981
12 77 100.77934
12 78 106.60901
12 79 148.68926
12 80 129.96553
12 81 104.69982
12 82 179.85939
12 83 147.2987
12 84 112.38966
12 85 193.72373
12 86 161.91516
12 87 134.56782
12 88 119.65254
12 89 115.84317
12 90 141.16855
12 91 144.44851
12 92 188.63603
12 93 115.81936
12 94 166.20724
12 95 170.10428
12 96 182.80605
12 97 145.23324
12 98 171.13207
12 99 186.40312
13 14 176.18436
13 15 133.14426
13 16 115.22485
13 17 118.79815
13 18 174.06512
13 19 110.9734
13 20 193.77992
13 21 132.55121
13 22 146.70137
13 23 101.77585
13 24 162.51175
13 25 171.00539
13 26 172.64493
13 27 111.56298
13 28 162.59657
13 29 102.91239
13 30 154.34181
13 31 169.69743
13 32 195.88514
13 33 197.85948
13 34 144.6059
13 35 142.39597
13 36 155.72946
13 37 189.34136
13 38 139.70277
13 39 149.63585
13 40 184.42429
13 41 127.0091
13 42 153.33426
13 43 103.01919
13 44 158.25472
13 45 175.04642
13 46 125.62932
13 47 197.27648
13 48 124.2071
13 49 156.13007
13 50 195.88275
13 51 182.70361
13 52 131.69099
13 53 159.91955
13 54 127.33102
13 55 130.29321
13 56 129.67766
13 57 114.77899
13 58 130.0025
13 59 162.32165
13 60 140.00957
13 61 122.79912
13 62 117.58091
13 63 126.22305
13 64 129.54367
13 65 196.96092
13 66 182.21421
13 67 129.64908
13 68 103.4212
13 69 192.98564
13 70 128.06032
13 71 166.11255
13 72 178.39399
13 73 116.69023
13 74 166.16561
13 75 101.08547
13 76 166.91961
13 77 143.39328
13 78 168.07404
13 79 168.2189
13 80 132.10277
13 81 142.09182
13 82 121.41222
13 83 186.97775
13 84 105.81316
13 85 197.0327
13 86 194.42717
13 87 174.03183
13 88 115.15291
13 89 167.757
13 90 179.93109
13 91 147.5993
13 92 163.52239
13 93 195.81909
13 94 195.48661
13 95 191.54591
13 96 121.66353
13 97 119.94509
13 98 101.32732
13 99 178.73009
14 15 152.12204
14 16 144.56208
14 17 152.76967
14 18 197.8452
14 19 111.65595
14 20 127.96235
14 21 113.35502
14 22 198.32373
14 23 125.90434
14 24 192.65237
14 25 127.69803
14 26 191.0303
14 27 187.77294
14 28 155.14065
14 29 166.70118
14 30 158.11017
14 31 143.93602
14 32 112.10161
14 33 191.06134
14 34 178.08185
14 35 164.09138
14 36 148.70117
14 37 137.90754
14 38 186.65804
14 39 108.28731
14 40 162.74206
14 41 161.0037
14 42 158.93537
14 43 116.43654
14 44 159.55656
14 45 176.13668
14 46 171.46008
14 47 102.83486
14 48 174.32866
14 49 160.83012
14 50 187.3975
14 51 102.92167
14 52 180.14616
14 53 187.29384
14 54 172.49662
14 55 145.2821
14 56 110.34862
14 57 167.69243
14 58 158.69137
14 59 186.77422
14 60 144.53988
14 61 176.93347
14 62 198.57956
14 63 165.29704
14 64 199.17539
14 65 134.12477
14 66 103.11338
14 67 133.35104
14 68 166.87858
14 69 116.6278
14 70 115.43485
14 71 100.05198
14 72 199.13123
14 73 167.96189
14 74 166.40869
14 75 126.78089
14 76 163.17942
14 77 161.81157
14 78 177.32471
14 79 191.73537
14 80 100.3265
14 81 189.09245
14 82 123.3591
14 83 148.55411
14 84 132.65815
14 85 123.0124
14 86 152.93054
14 87 139.57272
14 88 198.94101
14 89 172.00429
14 90 174.95495
14 91 132.95016
14 92 130.05162
14 93 121.14953
14 94 107.34382
14 95 169.87039
14 96 149.5763
14 97 167.18789
14 98 147.22291
14 99 159.35003
15 16 129.11736
15 17 175.20521
15 18 157.32499
15 19 183.38397
15 20 154.38602
15 21 129.32805
15 22 129.12686
15 23 120.22138
15 24 171.88438
15 25 172.42564
15 26 192.90436
15 27 142.03651
15 28 145.72276
15 29 180.92071
15 30 109.3515
15 31 189.58872
15 32 152.74728
15 33 101.60474
15 34 183.28147
15 35 174.13726
15 36 194.30933
15 37 189.95553
15 38 182.30176
15 39 125.12702
15 40 128.732
15 41 197.86558
15 42 131.39558
15 43 149.20738
15 44 169.19478
15 45 197.45913
15 46 103.98682
15 47 101.72087
15 48 166.67836
15 49 149.66502
15 50 184.1597
15 51 169.75546
15 52 131.04952
15 53 151.72047
15 54 107.47162
15 55 159.08929
15 56 112.16848
15 57 162.06925
15 58 114.29677
15 59 138.60797
15 60 168.55904
15 61 122.91554
15 62 167.97893
15 63 171.65248
15 64 108.49912
15 65 149.48241
15 66 102.38669
15 67 181.23411
15 68 178.49504
15 69 192.73402
15 70 175.93706
15 71 121.62322
15 72 124.54633
15 73 154.20638
15 74 129.94168
15 75 136.34564
15 76 148.7087
15 77 104.25523
15 78 104.94583
15 79 191.22466
15 80 168.22751
15 81 158.34402
15 82 100.40238
15 83 130.70919
15 84 154.08074
15 85 159.64377
15 86 142.21229
15 87 175.3128
15 88 190.55432
15 89 111.62083
15 90 166.43214
15 91 159.13875
15 92 160.74615
15 93 138.65078
15 94 144.13445
15 95 127.98626
15 96 115.06074
15 97 170.21212
15 98 141.18584
15 99 150.79641
16 17 188.07345
16 18 187.66027
16 19 166.38866
16 20 184.62137
16 21 195.08884
16 22 108.3813
16 23 152.26946
16 24 169.00601
16 25 129.28209
16 26 128.36309
16 27 126.17036
16 28 183.95542
16 29 195.20469
16 30 121.7578
16 31 185.84145
16 32 137.13146
16 33 188.09065
16 34 100.92642
16 35 122.96611
16 36 134.187
16 37 124.97138
16 38 150.5949
16 39 134.95602
16 40 176.55744
16 41 191.0339
16 42 118.74016
16 43 153.1959
16 44 171.10771
16 45 120.12113
16 46 111.21624
16 47 154.98436
16 48 146.6621
16 49 119.90941
16 50 127.47785
16 51 177.10299
16 52 145.98268
16 53 123.17868
16 54 122.50226
16 55 133.60565
16 56 151.56036
16 57 188.33777
16 58 137.21621
16 59 175.91059
16 60 166.36257
16 61 108.84679
16 62 199.16646
16 63 196.09577
16 64 179.29225
16 65 147.14217
16 66 179.83564
16 67 150.82303
16 68 163.34328
16 69 126.18654
16 70 182.3539
16 71 171.56393
16 72 133.58959
16 73 197.57214
16 74 163.5855
16 75 179.32588
16 76 191.57114
16 77 114.01826
16 78 137.6412
16 79 143.0099
16 80 166.55739
16 81 108.46357
16 82 159.0803
16 83 195.88435
16 84 135.15855
16 85 165.59176
16 86 156.77087
16 87 159.91023
16 88 132.05994
16 89 157.28088
16 90 157.53412
16 91 134.90644
16 92 137.16949
16 93 164.94319
16 94 128.96838
16 95 183.91606
16 96 162.54153
16 97 178.08319
16 98 185.10011
16 99 144.00325
17 18 143.60009
17 19 149.17208
17 20 108.56875
17 21 126.23936
17 22 176.99368
17 23 164.11677
17 24 167.7501
17 25 139.98755
17 26 153.67552
17 27 101.82026
17 28 169.66972
17 29 166.30002
17 30 104.61509
17 31 159.04088
17 32 185.97612
17 33 129.47366
17 34 120.61173
17 35 128.34038
17 36 182.32406
17 37 104.82366
17 38 163.29356
17 39 164.30537
17 40 129.93488
17 41 152.39337
17 42 144.44649
17 43 192.28549
17 44 150.63736
17 45 156.6812
17 46 118.79749
17 47 138.88548
17 48 189.42803
17 49 111.50393
17 50 169.38143
17 51 159.13427
17 52 181.86778
17 53 118.17803
17 54 192.6112
17 55 106.94921
17 56 127.61728
17 57 166.11348
17 58 152.76473
17 59 178.47771
17 60 129.01223
17 61 107.01131
17 62 126.71199
17 63 171.84962
17 64 185.13243
17 65 158.14385
17 66 144.06256
17 67 177.5433
17 68 180.03932
17 69 146.53571
17 70 144.8469
17 71 145.2337
17 72 121.63198
17 73 158.87372
17 74 118.57668
17 75 183.15548
17 76 178.8459
17 77 154.31941
17 78 163.00295
17 79 176.93161
17 80 108.91834
17 81 134.10625
17 82 146.36775
17 83 115.30131
17 84 142.30952
17 85 121.16726
17 86 167.88552
17 87 110.71466
17 88 175.84986
17 89 127.50822
17 90 145.60658
17 91 172.16024
17 92 116.75974
17 93 149.91692
17 94 122.84995
17 95 175.84571
17 96 124.10552
17 97 122.64063
17 98 195.03131
17 99 172.82087
18 19 171.0768
18 20 143.27731
18 21 115.15786
18 22 126.54481
18 23 177.06036
18 24 183.72473
18 25 153.2589
18 26 199.28385
18 27 136.90981
18 28 155.53453
18 29 131.67515
18 30 182.27688
18 31 173.66734
18 32 163.22543
18 33 105.01315
18 34 168.42508
18 35 105.48502
18 36 119.50538
18 37 151.2731
18 38 106.71038
18 39 115.05062
18 40 197.69224
18 41 179.75043
18 42 100.2684
18 43 196.46983
18 44 190.71861
18 45 145.91001
18 46 175.12657
18 47 163.8228
18 48 100.96593
18 49 174.00992
18 50 143.3095
18 51 135.48382
18 52 121.22049
18 53 128.33176
18 54 181.8885
18 55 198.98707
18 56 183.00745
18 57 141.17848
18 58 101.03375
18 59 153.60793
18 60 162.10899
18 61 190.40187
18 62 149.77864
18 63 178.74078
18 64 195.07299
18 65 159.03491
18 66 161.17098
18 67 176.14891
18 68 102.39476
18 69 119.6667
18 70 134.69444
18 71 199.29698
18 72 100.47328
18 73 165.8347
18 74 117.76185
18 75 173.31383
18 76 163.48034
18 77 135.87472
18 78 107.53439
18 79 190.49642
18 80 115.79461
18 81 131.33088
18 82 192.03836
18 83 177.61921
18 84 116.37135
18 85 147.83896
18 86 142.38031
18 87 160.38381
18 88 121.329
18 89 124.84661
18 90 164.23646
18 91 149.65056
18 92 118.59315
18 93 119.81726
18 94 172.37919
18 95 130.19243
18 96 117.15286
18 97 156.73558
18 98 144.96864
18 99 140.40519
19 20 131.04971
19 21 139.39561
19 22 194.16856
19 23 151.7613
19 24 148.88077
19 25 181.9838
19 26 187.45857
19 27 153.7289
19 28 189.61063
19 29 150.78509
19 30 140.49803
19 31 108.82753
19 32 159.86956
19 33 112.78672
19 34 159.30938
19 35 170.7159
19 36 191.15972
19 37 115.96795
19 38 159.00936
19 39 185.18831
19 40 110.63811
19 41 119.61885
19 42 182.50678
19 43 155.54567
19 44 182.35675
19 45 124.81108
19 46 181.65951
19 47 148.70127
19 48 174.152
19 49 155.78352
19 50 167.5011
19 51 177.25044
19 52 165.69018
19 53 100.7566
19 54 101.73383
19 55 191.68111
19 56 116.14071
19 57 107.40555
19 58 188.74594
19 59 196.86509
19 60 171.83253
19 61 114.56822
19 62 154.62826
19 63 188.28622
19 64 156.6982
19 65 121.6409
19 66 192.71882
19 67 182.30517
19 68 193.72128
19 69 161.42636
19 70 122.96166
19 71 161.08426
19 72 150.60758
19 73 106.09302
19 74 190.60232
19 75 103.80773
19 76 192.65535
19 77 123.32881
19 78 164.55049
19 79 141.8512
19 80 193.01257
19 81 136.07038
19 82 188.79814
19 83 105.53899
19 84 179.96508
19 85 117.666
19 86 148.83065
19 87 198.16144
19 88 129.85257
19 89 161.20879
19 90 174.2329
19 91 127.07034
19 92 171.57019
19 93 186.88166
19 94 103.7714
19 95 171.94781
19 96 161.79835
19 97 197.35683
19 98 124.29849
19 99 117.3931
20 21 107.10051
20 22 174.21064
20 23 109.53182
20 24 140.57878
20 25 110.44974
20 26 154.3271
20 27 136.20863
20 28 158.27716
20 29 131.9622
20 30 191.75525
20 31 132.03468
20 32 122.34514
20 33 136.58513
20 34 157.77406
20 35 104.22678
20 36 167.47268
20 37 192.71547
20 38 178.87891
20 39 137.9366
20 40 124.53136
20 41 126.90747
20 42 192.72872
20 43 115.92159
20 44 164.8909
20 45 128.33633
20 46 190.85085
20 47 134.30252
20 48 167.414
20 49 158.95181
20 50 179.51895
20 51 176.60811
20 52 109.04193
20 53 195.39826
20 54 135.89408
20 55 109.0958
20 56 167.45342
20 57 160.61985
20 58 142.93358
20 59 195.17843
20 60 177.0584
20 61 121.10394
20 62 151.27542
20 63 106.60797
20 64 162.73623
20 65 197.28078
20 66 171.409
20 67 140.89841
20 68 169.99265
20 69 186.60247
20 70 125.60451
20 71 133.99391
20 72 151.80623
20 73 119.98364
20 74 194.05339
20 75 158.97606
20 76 105.39812
20 77 155.62556
20 78 106.30642
20 79 181.44005
20 80 141.53554
20 81 104.31126
20 82 159.11773
20 83 100.72129
20 84 126.00591
20 85 159.69318
20 86 167.50886
20 87 110.29951
20 88 198.77485
20 89 142.65951
20 90 109.36666
20 91 181.17883
20 92 181.88423
20 93 119.97241
20 94 130.72374
20 95 199.01101
20 96 160.83263
20 97 149.53811
20 98 158.56848
20 99 183.58969
21 22 155.34487
21 23 169.97156
21 24 153.14328
21 25 108.67705
21 26 137.70892
21 27 102.83628
21 28 194.02448
21 29 155.83639
21 30 174.73926
21 31 131.26101
21 32 109.97396
21 33 162.05598
21 34 191.54312
21 35 178.83471
21 36 195.90932
21 37 194.1033
21 38 198.89086
21 39 136.94077
21 40 195.1003
21 41 154.68435
21 42 150.63595
21 43 166.62415
21 44 150.18459
21 45 142.06703
21 46 131.91708
21 47 192.50804
21 48 166.26481
21 49 172.76593
21 50 192.39058
21 51 115.2096
21 52 108.32135
21 53 124.48353
21 54 140.84867
21 55 115.91342
21 56 139.7834
21 57 155.507
21 58 167.15663
21 59 102.01984
21 60 156.8263
21 61 108.50996
21 62 167.86487
21 63 187.49385
21 64 188.16987
21 65 166.64149
21 66 198.54898
21 67 144.03158
21 68 175.91556
21 69 188.48891
21 70 192.92636
21 71 192.44352
21 72 151.53979
21 73 114.67361
21 74 120.57132
21 75 115.84632
21 76 104.63223
21 77 145.78451
21 78 149.15716
21 79 106.249
21 80 146.83728
21 81 133.55403
21 82 199.13202
21 83 105.5097
21 84 177.77562
21 85 147.39294
21 86 167.39986
21 87 138.24648
21 88 158.23433
21 89 194.12982
21 90 161.89944
21 91 134.09912
21 92 112.52419
21 93 155.37916
21 94 138.2591
21 95 177.30851
21 96 102.55868
21 97 103.86922
21 98 126.61312
21 99 163.31478
22 23 100.75218
22 24 187.06956
22 25 193.14012
22 26 155.7277
22 27 165.15835
22 28 184.99244
22 29 166.78669
22 30 150.19199
22 31 113.60902
22 32 194.72961
22 33 162.22492
22 34 115.58408
22 35 165.8877
22 36 154.10628
22 37 101.55429
22 38 175.66423
22 39 160.99566
22 40 140.61743
22 41 160.35621
22 42 130.94973
22 43 150.30357
22 44 164.69771
22 45 104.79937
22 46 180.35979
22 47 147.83656
22 48 117.74793
22 49 164.73161
22 50 190.2213
22 51 154.668
22 52 133.90557
22 53 147.4635
22 54 101.42853
22 55 157.40228
22 56 116.7398
22 57 163.29195
22 58 153.71825
22 59 173.96971
22 60 150.35165
22 61 169.44813
22 62 156.26132
22 63 173.84675
22 64 125.88098
22 65 188.64261
22 66 129.31029
22 67 189.76069
22 68 196.46947
22 69 144.51022
22 70 122.35655
22 71 160.2092
22 72 159.81302
22 73 169.64735
22 74 191.46864
22 75 113.40032
22 76 130.35623
22 77 195.89336
22 78 125.00489
22 79 172.87082
22 80 188.61086
22 81 102.76391
22 82 166.25809
22 83 135.95486
22 84 147.30492
22 85 171.77142
22 86 174.11693
22 87 142.03775
22 88 160.14459
22 89 182.11001
22 90 186.13635
22 91 174.43662
22 92 128.02643
22 93 144.4977
22 94 176.16587
22 95 178.47366
22 96 159.28411
22 97 112.23031
22 98 115.50374
22 99 127.66313
23 24 152.83328
23 25 105.39301
23 26 180.03804
23 27 125.5403
23 28 126.26206
23 29 121.07567
23 30 143.2771
23 31 151.58985
23 32 130.28029
23 33 157.18342
23 34 147.42022
23 35 142.80318
23 36 161.0194
23 37 114.5244
23 38 118.69806
23 39 174.32871
23 40 104.15801
23 41 162.88816
23 42 105.07546
23 43 155.96747
23 44 142.8206
23 45 154.51622
23 46 121.31841
23 47 191.14724
23 48 105.52074
23 49 130.70244
23 50 142.61179
23 51 163.00051
23 52 135.09523
23 53 110.95563
23 54 107.22623
23 55 134.75062
23 56 170.00122
23 57 161.71646
23 58 157.99901
23 59 187.93538
23 60 144.46534
23 61 198.73316
23 62 144.34767
23 63 157.03082
23 64 153.46619
23 65 137.80653
23 66 100.0355
23 67 117.43936
23 68 133.82917
23 69 113.4805
23 70 135.69228
23 71 196.47948
23 72 150.92774
23 73 119.50597
23 74 129.63535
23 75 138.69569
23 76 192.22318
23 77 101.38551
23 78 119.16939
23 79 191.57316
23 80 183.27493
23 81 177.28485
23 82 187.50845
23 83 108.37475
23 84 140.42964
23 85 138.74918
23 86 131.06867
23 87 172.3766
23 88 136.95263
23 89 133.97113
23 90 172.95416
23 91 147.28045
23 92 136.01665
23 93 191.25514
23 94 105.23136
23 95 175.0452
23 96 154.66081
23 97 101.66076
23 98 147.82679
23 99 153.08264
24 25 161.03719
24 26 198.80864
24 27 121.62748
24 28 153.96521
24 29 174.29977
24 30 105.57541
24 31 133.44297
24 32 169.27621
24 33 168.63332
24 34 131.40534
24 35 181.04445
24 36 148.29676
24 37 183.1653
24 38 113.53802
24 39 157.39735
24 40 102.38749
24 41 151.42247
24 42 106.42444
24 43 184.51367
24 44 154.56018
24 45 174.32696
24 46 195.95995
24 47 139.17333
24 48 122.35115
24 49 172.34783
24 50 128.40118
24 51 130.50843
24 52 130.55849
24 53 154.05265
24 54 125.26235
24 55 116.97348
24 56 165.15301
24 57 176.66618
24 58 178.57601
24 59 147.32573
24 60 197.53301
24 61 108.30158
24 62 188.74155
24 63 123.66495
24 64 161.2218
24 65 147.5646
24 66 190.70279
24 67 111.62223
24 68 110.32535
24 69 110.72175
24 70 187.11514
24 71 142.18251
24 72 176.7805
24 73 197.33128
24 74 176.7438
24 75 158.32773
24 76 118.41148
24 77 182.77047
24 78 181.34503
24 79 153.74568
24 80 180.72054
24 81 118.97557
24 82 152.70509
24 83 100.96335
24 84 116.25187
24 85 154.16733
24 86 142.27634
24 87 110.60614
24 88 131.95765
24 89 150.55408
24 90 155.99604
24 91 115.87994
24 92 182.59502
24 93 173.73322
24 94 101.79166
24 95 194.85447
24 96 186.99271
24 97 101.71371
24 98 107.05928
24 99 115.11052
25 26 179.67927
25 27 190.28194
25 28 104.81586
25 29 124.54108
25 30 192.9964
25 31 118.62354
25 32 132.88372
25 33 139.14404
25 34 117.0839
25 35 117.28534
25 36 132.04094
25 37 101.77172
25 38 186.28015
25 39 126.59222
25 40 195.34772
25 41 130.31486
25 42 113.0478
25 43 101.20223
25 44 175.07157
25 45 144.5115
25 46 110.66435
25 47 113.6542
25 48 131.71359
25 49 139.62924
25 50 168.34912
25 51 107.23127
25 52 194.70315
25 53 102.51683
25 54 120.71158
25 55 140.94127
25 56 116.16503
25 57 137.85468
25 58 104.58038
25 59 192.17425
25 60 109.05217
25 61 196.92291
25 62 141.65012
25 63 172.72992
25 64 152.2114
25 65 123.26465
25 66 119.26474
25 67 110.24472
25 68 144.06894
25 69 109.58752
25 70 160.40324
25 71 175.81022
25 72 123.40116
25 73 104.97011
25 74 145.93908
25 75 109.78017
25 76 173.73387
25 77 136.63878
25 78 158.7025
25 79 162.97098
25 80 102.16071
25 81 181.14956
25 82 138.21458
25 83 147.90306
25 84 151.28025
25 85 137.49506
25 86 161.10051
25 87 160.007
25 88 111.59503
25 89 134.02335
25 90 165.91299
25 91 160.0661
25 92 189.92576
25 93 187.30336
25 94 140.54546
25 95 135.56172
25 96 184.94713
25 97 183.61256
25 98 166.49166
25 99 174.94178
26 27 185.83423
26 28 196.91589
26 29 171.77069
26 30 175.16032
26 31 133.40723
26 32 180.91172
26 33 187.92867
26 34 184.47991
26 35 104.70227
26 36 107.5077
26 37 104.77426
26 38 127.07107
26 39 166.51528
26 40 167.90449
26 41 150.07248
26 42 181.38458
26 43 108.44371
26 44 194.41687
26 45 122.69734
26 46 144.90737
26 47 196.12262
26 48 152.13603
26 49 175.45847
26 50 178.44693
26 51 193.80176
26 52 111.12319
26 53 142.97663
26 54 191.81601
26 55 197.71689
26 56 168.56682
26 57 112.69566
26 58 164.4133
26 59 143.6558
26 60 197.96762
26 61 146.70181
26 62 100.20033
26 63 146.4418
26 64 137.83284
26 65 106.47981
26 66 198.8278
26 67 112.79995
26 68 119.89629
26 69 102.8556
26 70 139.22947
26 71 172.60978
26 72 188.47664
26 73 188.33785
26 74 116.49818
26 75 102.62653
26 76 183.29635
26 77 137.91236
26 78 146.83846
26 79 160.54633
26 80 180.09623
26 81 196.0689
26 82 115.03267
26 83 112.08115
26 84 154.57495
26 85 169.02435
26 86 132.09143
26 87 158.10168
26 88 199.80912
26 89 150.04191
26 90 182.58651
26 91 104.91968
26 92 134.67146
26 93 110.4199
26 94 155.0374
26 95 154.23655
26 96 120.22834
26 97 107.51386
26 98 159.40804
26 99 186.22744
27 28 123.56719
27 29 138.43726
27 30 160.64672
27 31 172.92576
27 32 146.51535
27 33 129.96061
27 34 182.67221
27 35 199.99031
27 36 189.0552
27 37 111.09332
27 38 167.71641
27 39 189.68956
27 40 190.53325
27 41 127.43946
27 42 100.69811
27 43 186.37862
27 44 156.12347
27 45 173.95823
27 46 109.98986
27 47 151.44454
27 48 198.40148
27 49 111.77932
27 50 126.39858
27 51 175.99478
27 52 161.55691
27 53 197.02653
27 54 114.3505
27 55 139.73842
27 56 179.69297
27 57 139.35887
27 58 120.77326
27 59 130.10938
27 60 111.03684
27 61 187.49517
27 62 130.7982
27 63 113.83883
27 64 130.43709
27 65 195.62861
27 66 105.44985
27 67 144.69862
27 68 188.46397
27 69 126.74288
27 70 153.84692
27 71 178.95669
27 72 141.53417
27 73 135.11389
27 74 145.43611
27 75 142.22644
27 76 161.04374
27 77 168.36141
27 78 142.5764
27 79 158.5828
27 80 108.1862
27 81 163.70701
27 82 163.3034
27 83 140.7397
27 84 123.18628
27 85 117.2417
27 86 197.53222
27 87 136.48907
27 88 139.54884
27 89 130.34864
27 90 135.39117
27 91 182.79263
27 92 140.19782
27 93 172.99747
27 94 160.04618
27 95 136.55392
27 96 121.28739
27 97 176.02109
27 98 138.75432
27 99 155.07332
28 29 199.13924
28 30 138.6925
28 31 158.4801
28 32 102.90947
28 33 188.17591
28 34 142.49746
28 35 128.59307
28 36 173.3375
28 37 111.49905
28 38 130.54785
28 39 170.21802
28 40 161.67684
28 41 133.79304
28 42 175.90764
28 43 195.87964
28 44 117.83047
28 45 184.44266
28 46 188.86787
28 47 177.8313
28 48 125.20912
28 49 168.45016
28 50 147.07305
28 51 127.55487
28 52 108.22441
28 53 174.30998
28 54 121.46472
28 55 101.85776
28 56 193.01761
28 57 185.63954
28 58 126.0603
28 59 139.57649
28 60 157.50166
28 61 174.43868
28 62 175.70108
28 63 164.23196
28 64 139.5091
28 65 120.04218
28 66 112.49932
28 67 172.15074
28 68 118.94646
28 69 199.13725
28 70 185.32237
28 71 158.04823
28 72 169.20567
28 73 181.63132
28 74 131.6076
28 75 173.45902
28 76 150.70912
28 77 185.60114
28 78 116.48605
28 79 143.79792
28 80 168.00411
28 81 157.0785
28 82 100.17893
28 83 193.60055
28 84 179.63469
28 85 113.8719
28 86 190.44296
28 87 176.39887
28 88 190.38129
28 89 185.28733
28 90 139.83216
28 91 179.45637
28 92 119.18335
28 93 156.69215
28 94 123.61593
28 95 154.59265
28 96 168.68188
28 97 126.63982
28 98 132.27746
28 99 159.69043
29 30 141.44289
29 31 104.16014
29 32 152.00163
29 33 188.40604
29 34 172.10504
29 35 123.23407
29 36 139.25377
29 37 127.2827
29 38 103.80538
29 39 172.16253
29 40 166.63437
29 41 143.58974
29 42 178.36557
29 43 136.79913
29 44 128.31313
29 45 109.82743
29 46 149.40209
29 47 161.0085
29 48 121.23823
29 49 145.16463
29 50 100.80208
29 51 101.77658
29 52 167.04984
29 53 146.51546
29 54 168.17433
29 55 156.2703
29 56 104.05559
29 57 144.56648
29 58 113.29232
29 59 180.35415
29 60 125.27249
29 61 175.45484
29 62 181.29865
29 63 119.57611
29 64 135.92258
29 65 176.11157
29 66 156.29898
29 67 153.18405
29 68 157.90411
29 69 150.92926
29 70 126.6896
29 71 118.79523
29 72 103.92751
29 73 143.19881
29 74 122.38588
29 75 169.76401
29 76 196.79081
29 77 102.73613
29 78 122.78604
29 79 168.06987
29 80 129.00952
29 81 189.84934
29 82 101.88739
29 83 139.30422
29 84 133.61942
29 85 110.64175
29 86 122.96688
29 87 157.08594
29 88 186.67446
29 89 124.10379
29 90 163.47781
29 91 107.20998
29 92 185.88435
29 93 109.68537
29 94 126.65754
29 95 128.04638
29 96 120.65254
29 97 114.90271
29 98 159.42286
29 99 115.20347
30 31 118.2303
30 32 186.64823
30 33 130.45072
30 34 190.03393
30 35 188.31668
30 36 189.68701
30 37 194.98118
30 38 136.73646
30 39 153.94034
30 40 109.77384
30 41 145.69706
30 42 162.6732
30 43 185.89324
30 44 169.71722
30 45 124.25268
30 46 170.87598
30 47 179.0169
30 48 184.53521
30 49 163.96193
30 50 189.11565
30 51 146.98587
30 52 140.2211
30 53 132.8793
30 54 149.2818
30 55 139.77267
30 56 102.04889
30 57 191.99075
30 58 111.86082
30 59 155.75558
30 60 148.71889
30 61 175.36922
30 62 177.75634
30 63 139.86412
30 64 128.066
30 65 191.73066
30 66 136.81773
30 67 182.37274
30 68 168.97964
30 69 126.42346
30 70 170.47594
30 71 157.89556
30 72 131.64671
30 73 115.51481
30 74 120.74786
30 75 142.99015
30 76 135.10709
30 77 166.10894
30 78 160.9959
30 79 153.35434
30 80 162.08828
30 81 127.87708
30 82 169.69366
30 83 108.22917
30 84 139.46136
30 85 158.97704
30 86 167.19967
30 87 187.07446
30 88 163.46906
30 89 105.05821
30 90 141.34544
30 91 138.82569
30 92 157.94582
30 93 189.25894
30 94 169.76141
30 95 195.37112
30 96 164.12275
30 97 147.42812
30 98 120.31168
30 99 117.74679
31 32 149.34831
31 33 108.46318
31 34 172.88751
31 35 147.72385
31 36 151.19158
31 37 118.23606
31 38 197.76021
31 39 148.28175
31 40 195.17065
31 41 167.52409
31 42 190.88167
31 43 128.53431
31 44 124.23431
31 45 135.28941
31 46 110.02563
31 47 159.44707
31 48 153.10874
31 49 169.89076
31 50 135.17394
31 51 125.70915
31 52 176.3208
31 53 129.07655
31 54 110.10683
31 55 188.26858
31 56 115.44199
31 57 152.17751
31 58 128.65764
31 59 107.61535
31 60 133.35567
31 61 170.77936
31 62 135.82397
31 63 151.06427
31 64 126.00872
31 65 150.31937
31 66 186.49883
31 67 133.29681
31 68 158.83247
31 69 139.47337
31 70 111.38963
31 71 122.48996
31 72 102.53929
31 73 129.00582
31 74 168.51957
31 75 179.09126
31 76 143.71909
31 77 136.08128
31 78 138.66377
31 79 163.55849
31 80 127.70367
31 81 181.22279
31 82 157.04886
31 83 173.97046
31 84 186.25662
31 85 124.81883
31 86 164.39471
31 87 140.18969
31 88 185.268
31 89 138.33315
31 90 186.55747
31 91 149.67724
31 92 144.90854
31 93 194.72571
31 94 168.81987
31 95 199.94313
31 96 181.47583
31 97 158.07729
31 98 151.07403
31 99 167.78193
32 33 124.99925
32 34 125.79844
32 35 146.40708
32 36 179.23638
32 37 180.1065
32 38 108.41437
32 39 137.65804
32 40 117.86664
32 41 185.33574
32 42 171.53454
32 43 131.03328
32 44 113.34424
32 45 176.83015
32 46 116.16478
32 47 165.70774
32 48 186.2055
32 49 122.43278
32 50 124.1927
32 51 108.28754
32 52 109.17938
32 53 117.78852
32 54 176.59962
32 55 105.5478
32 56 175.631
32 57 142.33544
32 58 100.39066
32 59 172.70142
32 60 191.63788
32 61 192.36278
32 62 155.63864
32 63 125.3823
32 64 123.22331
32 65 174.93282
32 66 140.68757
32 67 116.0145
32 68 162.50573
32 69 177.66785
32 70 140.36402
32 71 103.75904
32 72 186.52482
32 73 107.57139
32 74 162.91952
32 75 150.69069
32 76 121.76284
32 77 167.95824
32 78 132.39478
32 79 107.99553
32 80 118.17344
32 81 182.98213
32 82 197.31457
32 83 140.94202
32 84 108.65209
32 85 118.77113
32 86 145.57284
32 87 127.20775
32 88 138.77415
32 89 169.84246
32 90 172.6248
32 91 109.41217
32 92 127.28165
32 93 112.08037
32 94 191.32816
32 95 142.65291
32 96 149.7316
32 97 185.59099
32 98 139.59443
32 99 110.38184
33 34 169.20777
33 35 154.33827
33 36 140.02701
33 37 189.54267
33 38 116.71867
33 39 189.8137
33 40 153.51241
33 41 141.39263
33 42 133.13382
33 43 163.5179
33 44 118.9689
33 45 105.91381
33 46 192.90529
33 47 164.0189
33 48 128.41118
33 49 132.6102
33 50 157.74213
33 51 128.62842
33 52 104.35773
33 53 193.26162
33 54 149.94475
33 55 175.8257
33 56 116.31537
33 57 135.22369
33 58 129.0273
33 59 195.8941
33 60 104.11716
33 61 145.9842
33 62 113.1127
33 63 170.42839
33 64 132.13454
33 65 180.59806
33 66 129.38953
33 67 165.88649
33 68 197.47236
33 69 136.37321
33 70 146.9316
33 71 152.16988
33 72 158.77447
33 73 171.14072
33 74 168.59793
33 75 103.81933
33 76 139.26571
33 77 172.40213
33 78 129.20497
33 79 146.09126
33 80 125.56635
33 81 174.66734
33 82 160.95457
33 83 193.45112
33 84 119.23497
33 85 180.83986
33 86 108.13311
33 87 192.93741
33 88 121.60711
33 89 133.07293
33 90 185.414
33 91 110.28044
33 92 195.17517
33 93 176.16179
33 94 118.39831
33 95 198.81114
33 96 157.65851
33 97 170.62825
33 98 144.46167
33 99 136.62714
34 35 124.94018
34 36 191.24668
34 37 195.79001
34 38 139.76063
34 39 105.88065
34 40 158.74123
34 41 114.08517
34 42 100.4999
34 43 155.1559
34 44 107.9793
34 45 181.75452
34 46 180.09357
34 47 106.54339
34 48 171.66052
34 49 191.78287
34 50 187.35219
34 51 182.36207
34 52 178.33855
34 53 104.60503
34 54 182.27319
34 55 197.26833
34 56 126.8019
34 57 120.26184
34 58 199.68932
34 59 186.4155
34 60 111.3296
34 61 196.41161
34 62 198.17635
34 63 126.26136
34 64 105.50114
34 65 190.73889
34 66 182.06569
34 67 161.42286
34 68 172.96465
34 69 178.54761
34 70 189.8393
34 71 192.63907
34 72 181.01955
34 73 161.7687
34 74 176.20045
34 75 187.02407
34 76 114.27835
34 77 170.15949
34 78 100.42145
34 79 128.72078
34 80 111.29594
34 81 175.24372
34 82 197.52064
34 83 120.18451
34 84 115.81689
34 85 171.77664
34 86 167.20404
34 87 127.94902
34 88 117.11301
34 89 113.59087
34 90 175.53295
34 91 191.25524
34 92 124.15184
34 93 190.37913
34 94 120.97068
34 95 162.3144
34 96 168.85099
34 97 149.22099
34 98 139.46985
34 99 187.73108
35 36 148.88339
35 37 198.35737
35 38 176.06885
35 39 136.21509
35 40 125.77628
35 41 137.63448
35 42 143.7643
35 43 166.03983
35 44 108.99147
35 45 190.1373
35 46 102.07849
35 47 175.44415
35 48 113.33315
35 49 121.41004
35 50 116.38917
35 51 199.01439
35 52 154.8255
35 53 134.35794
35 54 129.97418
35 55 149.71987
35 56 160.18596
35 57 148.91168
35 58 169.24752
35 59 159.45084
35 60 120.67808
35 61 185.80574
35 62 172.07331
35 63 169.38331
35 64 109.34362
35 65 108.37462
35 66 195.92902
35 67 163.16545
35 68 103.2897
35 69 174.36635
35 70 174.38209
35 71 197.18693
35 72 170.24666
35 73 109.81224
35 74 100.08278
35 75 136.72588
35 76 102.21321
35 77 142.39233
35 78 120.28569
35 79 101.20363
35 80 113.90012
35 81 155.25002
35 82 177.12087
35 83 165.38733
35 84 107.3788
35 85 123.82074
35 86 156.4741
35 87 140.74978
35 88 164.32508
35 89 105.75942
35 90 101.82686
35 91 198.48085
35 92 101.79063
35 93 185.3613
35 94 178.32183
35 95 140.87452
35 96 104.24845
35 97 123.26702
35 98 147.09417
35 99 142.87902
36 37 144.67961
36 38 199.71714
36 39 160.40384
36 40 178.56057
36 41 110.51239
36 42 111.4729
36 43 110.22838
36 44 155.12782
36 45 131.93315
36 46 171.55065
36 47 112.05655
36 48 118.96213
36 49 157.43561
36 50 185.04436
36 51 177.59695
36 52 193.40314
36 53 162.51167
36 54 115.09022
36 55 166.86631
36 56 101.64148
36 57 114.84544
36 58 114.97073
36 59 100.63886
36 60 199.86318
36 61 180.52004
36 62 168.18687
36 63 147.90153
36 64 196.29356
36 65 113.12232
36 66 186.41792
36 67 187.35739
36 68 130.67603
36 69 150.83346
36 70 187.24595
36 71 196.62983
36 72 145.9719
36 73 163.00013
36 74 169.80891
36 75 110.90147
36 76 180.84571
36 77 140.80473
36 78 100.11987
36 79 141.54772
36 80 183.0961
36 81 122.48611
36 82 129.92614
36 83 150.77513
36 84 174.62131
36 85 106.25577
36 86 118.224
36 87 121.95135
36 88 183.63393
36 89 176.62881
36 90 159.49509
36 91 131.44215
36 92 117.86128
36 93 187.91723
36 94 157.635
36 95 196.10311
36 96 103.42293
36 97 169.54376
36 98 165.64388
36 99 194.97896
37 38 143.73036
37 39 177.33236
37 40 137.42733
37 41 154.82863
37 42 112.79199
37 43 104.43521
37 44 107.74853
37 45 181.01686
37 46 180.98968
37 47 135.29379
37 48 156.05472
37 49 100.0035
37 50 104.90396
37 51 130.56098
37 52 194.65498
37 53 105.47912
37 54 160.74043
37 55 150.72808
37 56 148.04854
37 57 130.03266
37 58 163.01819
37 59 121.30417
37 60 108.1458
37 61 124.08465
37 62 148.74459
37 63 199.69239
37 64 181.40482
37 65 159.93463
37 66 126.36492
37 67 176.43975
37 68 119.03172
37 69 199.13521
37 70 194.73048
37 71 175.07398
37 72 164.08406
37 73 147.96574
37 74 183.70014
37 75 138.14587
37 76 122.45585
37 77 175.68255
37 78 128.72668
37 79 183.61904
37 80 149.21653
37 81 126.12379
37 82 134.2242
37 83 184.16425
37 84 101.15738
37 85 192.7799
37 86 138.81374
37 87 115.47978
37 88 110.27021
37 89 122.02792
37 90 169.1905
37 91 158.91932
37 92 151.43973
37 93 152.73534
37 94 122.35883
37 95 182.07488
37 96 174.22495
37 97 192.44404
37 98 174.93395
37 99 181.47222
38 39 174.31265
38 40 109.23473
38 41 138.82042
38 42 170.29489
38 43 130.2692
38 44 136.3572
38 45 194.67347
38 46 151.97863
38 47 149.55166
38 48 110.42824
38 49 107.44772
38 50 182.51253
38 51 192.91255
38 52 140.2759
38 53 172.07311
38 54 179.88019
38 55 126.11903
38 56 152.35144
38 57 164.93032
38 58 136.31911
38 59 123.20135
38 60 183.52968
38 61 196.15075
38 62 129.38469
38 63 125.65998
38 64 141.35925
38 65 177.57602
38 66 102.07441
38 67 194.37582
38 68 186.23315
38 69 139.76859
38 70 164.93549
38 71 119.57574
38 72 193.34546
38 73 134.02658
38 74 135.13789
38 75 141.18997
38 76 158.66867
38 77 119.49612
38 78 142.42136
38 79 181.31915
38 80 131.09603
38 81 130.29371
38 82 155.56871
38 83 112.65258
38 84 187.13686
38 85 160.29354
38 86 105.73157
38 87 105.80851
38 88 137.81248
38 89 125.54934
38 90 182.22209
38 91 132.70952
38 92 118.17911
38 93 152.44597
38 94 142.88737
38 95 110.90115
38 96 180.44815
38 97 102.35396
38 98 173.07248
38 99 172.39208
39 40 198.09091
39 41 122.66435
39 42 149.29065
39 43 130.08742
39 44 155.44251
39 45 184.90176
39 46 120.19294
39 47 195.88091
39 48 184.07904
39 49 181.18086
39 50 183.00454
39 51 160.3789
39 52 167.56152
39 53 139.4285
39 54 135.55704
39 55 190.46667
39 56 119.30656
39 57 169.81829
39 58 125.04509
39 59 151.16141
39 60 135.35338
39 61 119.10412
39 62 177.65291
39 63 149.85242
39 64 184.81845
39 65 146.9573
39 66 126.52071
39 67 136.11529
39 68 138.35711
39 69 114.85174
39 70 185.04197
39 71 163.96759
39 72 145.03558
39 73 186.87663
39 74 174.80202
39 75 191.33762
39 76 182.45907
39 77 190.76653
39 78 142.68919
39 79 167.92441
39 80 170.34308
39 81 160.16304
39 82 137.90913
39 83 170.61013
39 84 166.27015
39 85 148.49972
39 86 136.06061
39 87 172.42498
39 88 164.61303
39 89 138.64141
39 90 111.18
39 91 127.33922
39 92 129.69406
39 93 161.91759
39 94 138.837
39 95 108.66568
39 96 107.2701
39 97 106.3788
39 98 137.41719
39 99 113.93772
40 41 130.48274
40 42 105.97425
40 43 120.61876
40 44 160.97515
40 45 150.79884
40 46 197.1334
40 47 142.35212
40 48 178.20321
40 49 187.84656
40 50 117.96967
40 51 118.46158
40 52 110.70312
40 53 164.26281
40 54 185.82692
40 55 107.78046
40 56 129.23236
40 57 122.1417
40 58 190.61633
40 59 157.41826
40 60 108.33754
40 61 186.9719
40 62 176.61015
40 63 114.01153
40 64 162.76474
40 65 120.95831
40 66 106.03777
40 67 141.25436
40 68 106.6835
40 69 152.87661
40 70 117.78801
40 71 139.79044
40 72 169.60484
40 73 139.59616
40 74 158.78381
40 75 161.9377
40 76 106.94045
40 77 142.43125
40 78 146.91279
40 79 117.43427
40 80 156.19382
40 81 127.63976
40 82 142.43795
40 83 100.36413
40 84 193.32234
40 85 162.01336
40 86 152.11918
40 87 164.45289
40 88 133.0531
40 89 125.87176
40 90 158.48681
40 91 198.91928
40 92 180.29753
40 93 194.3256
40 94 100.56371
40 95 159.98755
40 96 151.15157
40 97 141.92047
40 98 199.81772
40 99 149.6791
41 42 113.7707
41 43 158.7045
41 44 180.28546
41 45 169.57085
41 46 180.81942
41 47 158.20981
41 48 134.00426
41 49 195.26366
41 50 138.76867
41 51 188.32019
41 52 161.65436
41 53 187.77287
41 54 166.43719
41 55 175.56374
41 56 180.32052
41 57 197.97307
41 58 142.83215
41 59 187.57344
41 60 118.92606
41 61 180.41264
41 62 149.23645
41 63 171.78257
41 64 169.59616
41 65 189.26095
41 66 138.60429
41 67 132.18315
41 68 126.83777
41 69 150.58322
41 70 109.50114
41 71 139.11047
41 72 194.8941
41 73 183.14289
41 74 169.93489
41 75 191.56886
41 76 107.99436
41 77 104.62663
41 78 168.7113
41 79 183.75192
41 80 118.31223
41 81 131.91783
41 82 127.00846
41 83 112.27315
41 84 101.28107
41 85 132.88397
41 86 107.01301
41 87 179.89333
41 88 124.5164
41 89 197.4363
41 90 189.67777
41 91 125.8729
41 92 130.07492
41 93 134.16792
41 94 178.49913
41 95 102.7319
41 96 165.521
41 97 196.94252
41 98 143.38187
41 99 151.05112
42 43 129.08863
42 44 144.45089
42 45 155.19205
42 46 128.92858
42 47 142.34368
42 48 168.05784
42 49 104.82955
42 50 119.25735
42 51 155.69085
42 52 144.19733
42 53 107.75248
42 54 164.543
42 55 161.9841
42 56 158.77738
42 57 111.91343
42 58 117.27137
42 59 172.35842
42 60 149.90416
42 61 103.31383
42 62 167.76329
42 63 143.66107
42 64 184.47327
42 65 104.50091
42 66 170.58492
42 67 144.11899
42 68 166.38082
42 69 139.32273
42 70 150.80463
42 71 106.18705
42 72 194.67453
42 73 195.26076
42 74 193.89829
42 75 138.43027
42 76 191.12957
42 77 140.06341
42 78 141.27158
42 79 169.23545
42 80 132.00117
42 81 168.0501
42 82 124.86332
42 83 166.57514
42 84 171.90436
42 85 166.7785
42 86 142.66016
42 87 167.97203
42 88 108.56499
42 89 197.06051
42 90 199.42136
42 91 164.63986
42 92 155.11326
42 93 141.18614
42 94 168.91648
42 95 170.99048
42 96 100.93472
42 97 115.05512
42 98 131.05668
42 99 169.45881
43 44 148.15701
43 45 160.60477
43 46 191.61385
43 47 156.04953
43 48 146.56536
43 49 152.06601
43 50 162.2789
43 51 163.51772
43 52 191.04534
43 53 189.85765
43 54 193.38474
43 55 166.10645
43 56 149.49566
43 57 175.25995
43 58 152.74395
43 59 104.36396
43 60 131.8591
43 61 132.58426
43 62 168.60701
43 63 139.67078
43 64 146.13813
43 65 155.46767
43 66 102.94958
43 67 117.91375
43 68 177.65948
43 69 148.72853
43 70 126.20493
43 71 192.97634
43 72 144.66147
43 73 139.62827
43 74 197.81243
43 75 102.61397
43 76 167.93239
43 77 112.60948
43 78 181.17294
43 79 136.33906
43 80 172.41894
43 81 164.70296
43 82 162.40631
43 83 191.06022
43 84 172.03945
43 85 131.02831
43 86 181.97016
43 87 107.72112
43 88 188.82817
43 89 191.76937
43 90 149.07721
43 91 185.94624
43 92 161.34651
43 93 112.63699
43 94 197.9745
43 95 160.08383
43 96 149.31462
43 97 152.68788
43 98 191.36337
43 99 132.79724
44 45 168.53407
44 46 116.50496
44 47 148.57919
44 48 149.7256
44 49 130.36448
44 50 104.66112
44 51 190.05851
44 52 114.82277
44 53 188.25907
44 54 123.41679
44 55 157.07869
44 56 100.09929
44 57 139.23725
44 58 127.01563
44 59 189.0553
44 60 175.1698
44 61 140.66406
44 62 126.39753
44 63 194.87581
44 64 156.64399
44 65 148.89134
44 66 152.6808
44 67 126.53433
44 68 108.35048
44 69 180.95672
44 70 194.95137
44 71 109.38944
44 72 171.6156
44 73 105.38635
44 74 142.35339
44 75 160.27301
44 76 111.42548
44 77 121.22576
44 78 118.49999
44 79 129.14113
44 80 107.61149
44 81 182.86327
44 82 185.00432
44 83 197.69994
44 84 147.40913
44 85 142.07952
44 86 145.23453
44 87 194.98027
44 88 106.5916
44 89 188.82448
44 90 127.34976
44 91 120.73018
44 92 199.60617
44 93 170.81283
44 94 116.21463
44 95 199.23831
44 96 153.33661
44 97 150.67337
44 98 181.96259
44 99 122.97381
45 46 122.57772
45 47 128.25451
45 48 158.4163
45 49 197.17508
45 50 120.31763
45 51 127.11347
45 52 175.8331
45 53 102.70016
45 54 153.7632
45 55 195.14578
45 56 149.6039
45 57 198.14584
45 58 112.85719
45 59 124.4797
45 60 131.44721
45 61 127.74788
45 62 185.48845
45 63 163.59176
45 64 136.49524
45 65 117.46092
45 66 189.68692
45 67 176.57026
45 68 188.42305
45 69 187.25487
45 70 103.00429
45 71 193.58444
45 72 158.92237
45 73 138.04504
45 74 168.15784
45 75 139.25119
45 76 150.67069
45 77 128.26546
45 78 122.03636
45 79 172.61702
45 80 138.2816
45 81 100.65842
45 82 181.98292
45 83 173.7738
45 84 153.89317
45 85 192.9691
45 86 155.16171
45 87 105.72333
45 88 105.50267
45 89 179.21363
45 90 194.88777
45 91 163.64831
45 92 172.99893
45 93 193.76433
45 94 184.38609
45 95 179.91908
45 96 164.3748
45 97 171.20086
45 98 175.88203
45 99 119.77603
46 47 190.34877
46 48 182.88117
46 49 170.69271
46 50 131.01878
46 51 149.34154
46 52 150.27767
46 53 151.09146
46 54 175.98271
46 55 180.79661
46 56 193.65037
46 57 172.67465
46 58 181.36871
46 59 112.34268
46 60 167.27286
46 61 158.46071
46 62 126.52799
46 63 144.63503
46 64 112.9734
46 65 104.92567
46 66 155.88957
46 67 131.79149
46 68 112.87829
46 69 162.72602
46 70 140.41027
46 71 139.50196
46 72 137.42792
46 73 130.07097
46 74 155.54133
46 75 109.32453
46 76 140.40078
46 77 172.82283
46 78 153.88901
46 79 128.50883
46 80 162.21343
46 81 156.33311
46 82 156.51363
46 83 163.89551
46 84 133.6382
46 85 128.45277
46 86 103.47879
46 87 146.21755
46 88 158.68751
46 89 167.01922
46 90 140.99359
46 91 188.08563
46 92 175.81229
46 93 110.34277
46 94 152.82282
46 95 161.64625
46 96 112.29792
46 97 172.44853
46 98 137.66639
46 99 132.59785
47 48 152.40289
47 49 186.83037
47 50 189.89799
47 51 187.21113
47 52 122.56483
47 53 103.43988
47 54 121.23643
47 55 151.26586
47 56 177.35101
47 57 187.9347
47 58 175.3499
47 59 152.73543
47 60 194.61734
47 61 111.01837
47 62 150.7004
47 63 157.54872
47 64 153.53218
47 65 147.74106
47 66 199.99913
47 67 199.73043
47 68 130.82567
47 69 140.79409
47 70 171.80436
47 71 197.64137
47 72 155.86626
47 73 185.17141
47 74 150.39125
47 75 157.96581
47 76 152.44826
47 77 160.72603
47 78 142.56053
47 79 140.44558
47 80 145.4919
47 81 178.44443
47 82 141.7716
47 83 100.97768
47 84 153.77613
47 85 159.77668
47 86 126.58946
47 87 170.43528
47 88 139.51288
47 89 188.86787
47 90 117.41733
47 91 159.79177
47 92 158.34864
47 93 163.92086
47 94 167.33996
47 95 145.23348
47 96 195.15137
47 97 161.20519
47 98 181.91996
47 99 129.2649
48 49 107.35453
48 50 148.43389
48 51 187.62574
48 52 101.63607
48 53 113.02762
48 54 192.74218
48 55 188.94944
48 56 115.591
48 57 181.19345
48 58 170.95858
48 59 113.5066
48 60 113.55972
48 61 146.04108
48 62 113.58042
48 63 178.80488
48 64 102.50945
48 65 106.9578
48 66 113.52138
48 67 148.09975
48 68 167.94272
48 69 147.88437
48 70 147.19944
48 71 113.28847
48 72 108.2898
48 73 107.63003
48 74 144.9999
48 75 141.16785
48 76 182.58373
48 77 162.53912
48 78 182.28453
48 79 140.85869
48 80 135.36357
48 81 153.51378
48 82 146.05138
48 83 100.49284
48 84 162.49801
48 85 127.49991
48 86 185.54642
48 87 184.61832
48 88 173.39828
48 89 105.08846
48 90 169.80856
48 91 172.28372
48 92 147.06649
48 93 184.36093
48 94 137.52203
48 95 112.74956
48 96 112.15894
48 97 123.04337
48 98 166.29607
48 99 141.67999
49 50 158.17579
49 51 134.2191
49 52 138.72812
49 53 150.4766
49 54 148.73791
49 55 163.5904
49 56 106.80253
49 57 198.15587
49 58 136.0411
49 59 184.53323
49 60 182.85239
49 61 152.3347
49 62 124.37704
49 63 136.64827
49 64 138.52206
49 65 136.17053
49 66 163.29146
49 67 185.90704
49 68 193.44867
49 69 150.46457
49 70 138.23934
49 71 146.85655
49 72 119.55416
49 73 181.23763
49 74 108.64773
49 75 134.49749
49 76 164.43327
49 77 102.28101
49 78 126.89857
49 79 103.80915
49 80 131.6222
49 81 153.02919
49 82 183.81443
49 83 197.06725
49 84 127.05124
49 85 136.85037
49 86 129.82537
49 87 134.70788
49 88 196.52445
49 89 138.00791
49 90 158.49521
49 91 129.883
49 92 100.16793
49 93 177.45647
49 94 151.19252
49 95 143.31394
49 96 108.07109
49 97 162.98807
49 98 108.05871
49 99 144.8614
50 51 111.69093
50 52 112.47194
50 53 120.94728
50 54 172.02018
50 55 113.57932
50 56 113.91942
50 57 186.61583
50 58 144.49461
50 59 152.18949
50 60 129.51814
50 61 152.29539
50 62 189.1275
50 63 161.01679
50 64 148.44316
50 65 118.4497
50 66 117.92077
50 67 172.18724
50 68 185.80341
50 69 103.86835
50 70 178.90671
50 71 189.25441
50 72 179.6768
50 73 111.07106
50 74 165.64813
50 75 166.48048
50 76 108.19945
50 77 138.57167
50 78 122.29857
50 79 158.40479
50 80 187.20269
50 81 137.78581
50 82 169.54255
50 83 180.59767
50 84 199.03759
50 85 169.36798
50 86 131.86059
50 87 151.4269
50 88 134.05001
50 89 131.435
50 90 198.70479
50 91 124.74835
50 92 102.92022
50 93 164.97685
50 94 168.74857
50 95 185.84525
50 96 194.20946
50 97 130.12918
50 98 141.56321
50 99 114.83841
51 52 112.55812
51 53 154.40947
51 54 116.65542
51 55 160.1656
51 56 191.1704
51 57 194.86719
51 58 192.0282
51 59 149.71286
51 60 121.11636
51 61 193.24575
51 62 126.38566
51 63 193.11318
51 64 181.18594
51 65 124.29574
51 66 167.64504
51 67 198.43493
51 68 107.68852
51 69 137.76747
51 70 162.18034
51 71 129.79385
51 72 162.00123
51 73 106.49469
51 74 134.41722
51 75 110.40318
51 76 100.27506
51 77 119.5543
51 78 142.69912
51 79 126.72056
51 80 174.63821
51 81 162.52963
51 82 166.47513
51 83 177.15128
51 84 138.89436
51 85 198.27116
51 86 125.65769
51 87 153.87063
51 88 106.68986
51 89 118.95718
51 90 146.4605
51 91 197.8613
51 92 129.64479
51 93 173.23852
51 94 131.3484
51 95 195.41494
51 96 113.96457
51 97 152.44964
51 98 148.23961
51 99 104.59813
52 53 125.29359
52 54 151.93552
52 55 107.01909
52 56 125.23982
52 57 147.42286
52 58 122.57396
52 59 127.45474
52 60 147.51002
52 61 109.42064
52 62 162.92031
52 63 169.71233
52 64 107.00633
52 65 167.59772
52 66 125.50419
52 67 120.00807
52 68 135.60583
52 69 136.88054
52 70 150.32346
52 71 127.96505
52 72 186.7791
52 73 117.1766
52 74 195.14185
52 75 110.95937
52 76 108.43424
52 77 132.85145
52 78 188.1614
52 79 104.75152
52 80 121.05144
52 81 179.05666
52 82 180.18133
52 83 162.51777
52 84 153.95019
52 85 114.33615
52 86 158.02681
52 87 104.74314
52 88 111.15701
52 89 151.86572
52 90 198.06307
52 91 132.00789
52 92 129.8607
52 93 116.35247
52 94 105.47641
52 95 138.04125
52 96 148.00311
52 97 147.70302
52 98 138.30417
52 99 153.90921
53 54 135.18458
53 55 103.36353
53 56 165.69597
53 57 108.99231
53 58 144.22582
53 59 132.18618
53 60 193.75536
53 61 187.02113
53 62 118.63583
53 63 123.54384
53 64 196.3069
53 65 119.13151
53 66 133.01497
53 67 100.65757
53 68 151.79726
53 69 125.8668
53 70 160.75111
53 71 174.02392
53 72 102.88427
53 73 185.18929
53 74 179.4761
53 75 171.57705
53 76 186.76446
53 77 142.28245
53 78 183.04505
53 79 129.30879
53 80 133.81173
53 81 196.60149
53 82 169.83816
53 83 107.24844
53 84 193.62854
53 85 129.21214
53 86 119.78618
53 87 166.15728
53 88 160.42023
53 89 146.752
53 90 167.09362
53 91 161.73036
53 92 126.37879
53 93 125.95564
53 94 100.11737
53 95 133.41129
53 96 176.6005
53 97 167.10517
53 98 183.23634
53 99 176.55006
54 55 164.4274
54 56 199.94714
54 57 171.77667
54 58 145.73739
54 59 184.63239
54 60 144.05451
54 61 157.66633
54 62 191.25523
54 63 177.3787
54 64 199.4689
54 65 171.37939
54 66 114.03287
54 67 180.05217
54 68 137.41211
54 69 184.14128
54 70 177.38522
54 71 128.25687
54 72 178.11871
54 73 107.05469
54 74 197.46134
54 75 190.37982
54 76 191.91598
54 77 185.50947
54 78 152.35952
54 79 180.68019
54 80 129.617
54 81 120.26905
54 82 156.109
54 83 180.75423
54 84 145.06451
54 85 145.45467
54 86 100.23813
54 87 177.9763
54 88 105.30172
54 89 199.5535
54 90 199.61993
54 91 141.50332
54 92 152.54608
54 93 103.3022
54 94 142.40031
54 95 105.4781
54 96 122.96605
54 97 115.85751
54 98 130.23751
54 99 150.17517
55 56 110.34734
55 57 188.02258
55 58 140.46338
55 59 108.23409
55 60 153.86795
55 61 193.32169
55 62 148.93852
55 63 191.74286
55 64 142.16465
55 65 177.68141
55 66 143.63575
55 67 178.34866
55 68 115.38608
55 69 160.38564
55 70 164.19606
55 71 191.21419
55 72 144.9706
55 73 101.32922
55 74 105.53469
55 75 167.25488
55 76 193.15613
55 77 151.74926
55 78 102.72359
55 79 187.71628
55 80 122.95032
55 81 195.87143
55 82 123.71551
55 83 193.11364
55 84 124.5333
55 85 186.54279
55 86 187.97689
55 87 180.13096
55 88 132.39005
55 89 122.57504
55 90 146.02717
55 91 185.27694
55 92 183.64371
55 93 100.80626
55 94 138.85147
55 95 124.62436
55 96 151.67037
55 97 155.07628
55 98 158.86138
55 99 150.86228
56 57 114.37362
56 58 192.71838
56 59 147.74728
56 60 105.4904
56 61 116.56697
56 62 115.22691
56 63 184.78608
56 64 167.3133
56 65 151.04583
56 66 141.66212
56 67 178.87569
56 68 188.85152
56 69 137.0146
56 70 128.61377
56 71 108.07711
56 72 120.97817
56 73 183.92261
56 74 184.25902
56 75 177.04138
56 76 162.46421
56 77 190.84143
56 78 170.5909
56 79 179.44999
56 80 172.44123
56 81 134.5676
56 82 170.69817
56 83 199.14215
56 84 109.74311
56 85 177.98057
56 86 141.14279
56 87 135.25646
56 88 176.8434
56 89 161.89175
56 90 133.02113
56 91 172.68382
56 92 170.91388
56 93 106.24621
56 94 105.95176
56 95 125.9558
56 96 173.76689
56 97 190.58984
56 98 159.60519
56 99 123.14024
57 58 111.47696
57 59 133.83482
57 60 168.31199
57 61 154.11229
57 62 104.73003
57 63 194.03002
57 64 158.79547
57 65 154.94438
57 66 118.14119
57 67 195.20299
57 68 105.01033
57 69 107.13058
57 70 136.69066
57 71 160.98968
57 72 194.17063
57 73 114.34636
57 74 120.19311
57 75 191.8064
57 76 122.30527
57 77 142.07172
57 78 104.2051
57 79 138.79583
57 80 154.47681
57 81 153.66814
57 82 176.76753
57 83 120.04041
57 84 176.28249
57 85 172.48667
57 86 171.65228
57 87 160.97268
57 88 139.50367
57 89 163.90624
57 90 120.30743
57 91 149.18912
57 92 145.86207
57 93 192.74251
57 94 175.84723
57 95 184.16944
57 96 150.19716
57 97 148.83491
57 98 146.8402
57 99 124.4349
58 59 148.43314
58 60 160.30735
58 61 108.05438
58 62 194.33771
58 63 157.96211
58 64 115.25801
58 65 116.81364
58 66 150.10514
58 67 123.53961
58 68 135.68262
58 69 125.96255
58 70 139.60312
58 71 180.57134
58 72 158.8003
58 73 195.06503
58 74 163.33841
58 75 197.78748
58 76 175.15833
58 77 153.75976
58 78 118.17087
58 79 104.2445
58 80 115.49357
58 81 108.724
58 82 175.97258
58 83 198.97073
58 84 133.85695
58 85 185.54907
58 86 126.35521
58 87 189.32115
58 88 135.34457
58 89 163.54921
58 90 147.50967
58 91 126.08506
58 92 134.5814
58 93 115.33402
58 94 190.96547
58 95 109.93511
58 96 126.17778
58 97 147.97662
58 98 199.10629
58 99 170.36239
59 60 107.88897
59 61 146.3394
59 62 169.40012
59 63 121.9709
59 64 126.89123
59 65 144.98525
59 66 172.19894
59 67 199.74391
59 68 124.98577
59 69 191.97392
59 70 116.96148
59 71 189.27096
59 72 182.12528
59 73 167.27491
59 74 176.58469
59 75 167.74416
59 76 175.60067
59 77 135.98119
59 78 109.17977
59 79 192.27949
59 80 125.23262
59 81 197.35947
59 82 161.80228
59 83 110.68381
59 84 169.81671
59 85 156.55926
59 86 189.12229
59 87 176.78411
59 88 166.55861
59 89 128.03475
59 90 180.17409
59 91 103.63063
59 92 108.23751
59 93 175.06697
59 94 108.69537
59 95 160.59614
59 96 185.58704
59 97 115.84841
59 98 121.73816
59 99 117.92163
60 61 107.34642
60 62 130.40222
60 63 195.07036
60 64 164.73961
60 65 185.11615
60 66 194.35256
60 67 153.78825
60 68 165.37631
60 69 143.46349
60 70 187.48865
60 71 194.33848
60 72 156.20977
60 73 198.07553
60 74 133.28672
60 75 170.3487
60 76 121.55496
60 77 127.29582
60 78 108.12741
60 79 131.58419
60 80 122.42158
60 81 143.9709
60 82 145.0171
60 83 122.11386
60 84 141.62645
60 85 104.86208
60 86 180.21064
60 87 193.88635
60 88 196.85187
60 89 162.65331
60 90 188.01845
60 91 135.30157
60 92 152.41428
60 93 141.66063
60 94 130.12897
60 95 189.3468
60 96 199.07458
60 97 164.44753
60 98 142.15765
60 99 193.37166
61 62 103.12677
61 63 137.95748
61 64 136.68115
61 65 174.37732
61 66 178.19748
61 67 112.73021
61 68 192.55135
61 69 160.64122
61 70 183.30753
61 71 178.78899
61 72 133.99124
61 73 101.44677
61 74 114.98154
61 75 141.26043
61 76 176.34194
61 77 175.18585
61 78 195.46052
61 79 114.47224
61 80 179.36096
61 81 102.40783
61 82 131.57015
61 83 125.47237
61 84 159.23875
61 85 193.75823
61 86 140.43782
61 87 128.27098
61 88 134.98769
61 89 130.05871
61 90 132.48091
61 91 104.87801
61 92 187.56252
61 93 134.04143
61 94 126.07987
61 95 173.46224
61 96 164.47111
61 97 160.25765
61 98 156.69295
61 99 191.80824
62 63 166.81972
62 64 153.70374
62 65 143.91272
62 66 139.20894
62 67 162.55589
62 68 100.10476
62 69 139.61161
62 70 183.19225
62 71 169.11155
62 72 159.84308
62 73 113.09777
62 74 165.83445
62 75 113.41504
62 76 125.91985
62 77 172.7062
62 78 138.45718
62 79 173.61004
62 80 184.73015
62 81 142.88188
62 82 179.41773
62 83 196.46698
62 84 121.09179
62 85 181.17853
62 86 140.04036
62 87 103.08852
62 88 127.47495
62 89 170.75027
62 90 120.35606
62 91 194.04635
62 92 125.6709
62 93 197.34777
62 94 118.14325
62 95 100.02573
62 96 168.98406
62 97 154.4047
62 98 129.97538
62 99 144.18261
63 64 115.29649
63 65 103.03244
63 66 166.04385
63 67 113.76028
63 68 113.2868
63 69 178.71056
63 70 189.89557
63 71 166.65806
63 72 179.36712
63 73 121.12605
63 74 126.15929
63 75 168.29092
63 76 148.59161
63 77 185.53796
63 78 168.7334
63 79 158.02869
63 80 164.3429
63 81 121.05174
63 82 175.12575
63 83 108.9711
63 84 141.97183
63 85 181.94242
63 86 102.57688
63 87 125.13493
63 88 177.93863
63 89 187.27932
63 90 146.41754
63 91 117.25242
63 92 116.85703
63 93 100.68248
63 94 113.84775
63 95 113.94153
63 96 141.5265
63 97 172.33482
63 98 166.06151
63 99 186.77957
64 65 147.08054
64 66 132.39487
64 67 168.0245
64 68 124.60218
64 69 168.49782
64 70 165.38644
64 71 103.8785
64 72 191.60153
64 73 102.18762
64 74 194.89175
64 75 173.70528
64 76 157.83823
64 77 116.72803
64 78 152.80735
64 79 136.76617
64 80 125.46947
64 81 111.09035
64 82 149.67252
64 83 149.47907
64 84 139.52761
64 85 199.99831
64 86 175.05177
64 87 151.8526
64 88 133.90653
64 89 132.18955
64 90 188.40402
64 91 108.98739
64 92 187.36959
64 93 169.98536
64 94 157.79157
64 95 116.80917
64 96 185.76222
64 97 101.52101
64 98 187.54685
64 99 180.07199
65 66 157.56361
65 67 141.59959
65 68 101.73534
65 69 119.60214
65 70 137.78387
65 71 192.36489
65 72 122.84089
65 73 101.11506
65 74 183.62949
65 75 119.17859
65 76 126.38919
65 77 112.70369
65 78 193.36816
65 79 187.54153
65 80 198.20235
65 81 167.90763
65 82 153.06436
65 83 110.38756
65 84 155.41506
65 85 115.86949
65 86 112.32096
65 87 137.86532
65 88 141.02898
65 89 129.49367
65 90 109.39218
65 91 102.35314
65 92 124.69963
65 93 140.31296
65 94 100.10962
65 95 144.36885
65 96 141.80444
65 97 199.78972
65 98 153.87115
65 99 168.18985
66 67 110.8019
66 68 159.53021
66 69 171.80847
66 70 139.63676
66 71 112.42129
66 72 110.23824
66 73 140.63638
66 74 144.64657
66 75 197.66456
66 76 131.5103
66 77 169.4303
66 78 193.41557
66 79 108.99586
66 80 104.49351
66 81 135.65236
66 82 115.00451
66 83 109.85607
66 84 133.08499
66 85 156.69433
66 86 119.34303
66 87 164.71526
66 88 171.25036
66 89 153.25525
66 90 185.06002
66 91 191.59015
66 92 137.12488
66 93 117.44024
66 94 130.86831
66 95 136.35039
66 96 179.61207
66 97 121.05012
66 98 104.54052
66 99 151.02669
67 68 180.14277
67 69 197.49414
67 70 128.18998
67 71 169.47607
67 72 124.99844
67 73 184.72766
67 74 195.62765
67 75 127.98097
67 76 170.86795
67 77 150.33162
67 78 191.28217
67 79 145.10713
67 80 179.18543
67 81 195.62165
67 82 160.88844
67 83 190.25452
67 84 197.99394
67 85 116.47351
67 86 176.97237
67 87 184.84932
67 88 136.05205
67 89 123.06429
67 90 108.06357
67 91 133.01854
67 92 173.77347
67 93 102.14753
67 94 178.58411
67 95 174.89858
67 96 148.40284
67 97 177.91051
67 98 169.03196
67 99 110.93749
68 69 123.31605
68 70 162.07078
68 71 123.15206
68 72 110.88391
68 73 165.05965
68 74 111.05776
68 75 199.97799
68 76 112.99459
68 77 161.16677
68 78 160.72067
68 79 133.35472
68 80 190.57404
68 81 178.34278
68 82 190.38437
68 83 184.09046
68 84 113.29074
68 85 173.94453
68 86 133.48676
68 87 112.97444
68 88 125.1296
68 89 169.09157
68 90 132.05577
68 91 191.50383
68 92 162.19183
68 93 131.26495
68 94 155.45395
68 95 120.85443
68 96 121.76005
68 97 178.0054
68 98 197.10372
68 99 163.33318
69 70 160.92517
69 71 147.87439
69 72 149.49447
69 73 126.72162
69 74 182.76571
69 75 106.68433
69 76 153.37823
69 77 144.50716
69 78 106.52671
69 79 126.80683
69 80 161.7235
69 81 197.70585
69 82 151.82654
69 83 186.14402
69 84 152.08868
69 85 151.83025
69 86 144.77834
69 87 127.08011
69 88 196.11437
69 89 118.44196
69 90 195.38248
69 91 156.10787
69 92 183.87831
69 93 106.66795
69 94 115.5261
69 95 131.73385
69 96 151.68261
69 97 177.85448
69 98 167.883
69 99 143.99128
70 71 159.69169
70 72 119.45265
70 73 190.35082
70 74 173.9012
70 75 108.74535
70 76 199.2634
70 77 139.58747
70 78 193.47647
70 79 188.85461
70 80 197.26587
70 81 155.17943
70 82 165.15554
70 83 135.49526
70 84 154.65329
70 85 137.17595
70 86 191.66881
70 87 175.75309
70 88 116.92514
70 89 107.98381
70 90 136.34651
70 91 128.23135
70 92 112.40751
70 93 131.67779
70 94 142.55832
70 95 108.65767
70 96 101.32475
70 97 153.35419
70 98 124.2711
70 99 116.35004
71 72 108.38084
71 73 148.50565
71 74 171.94817
71 75 170.66342
71 76 196.6277
71 77 195.02545
71 78 135.72835
71 79 198.13903
71 80 137.04854
71 81 164.15816
71 82 130.60844
71 83 111.49793
71 84 163.57628
71 85 154.1305
71 86 100.16049
71 87 182.69047
71 88 104.14956
71 89 174.68287
71 90 189.10289
71 91 110.9472
71 92 156.66417
71 93 139.10399
71 94 128.18882
71 95 109.42612
71 96 127.53336
71 97 160.07093
71 98 168.44502
71 99 167.85154
72 73 143.73375
72 74 154.7507
72 75 119.34566
72 76 101.08491
72 77 180.73662
72 78 108.65111
72 79 136.97489
72 80 199.243
72 81 166.49347
72 82 126.22201
72 83 113.12326
72 84 132.57136
72 85 161.79268
72 86 194.94826
72 87 161.33601
72 88 199.8939
72 89 169.18015
72 90 113.83948
72 91 149.75575
72 92 126.04059
72 93 186.94115
72 94 154.69487
72 95 100.37961
72 96 199.75112
72 97 163.35939
72 98 116.56437
72 99 154.77909
73 74 121.51636
73 75 144.16032
73 76 108.04128
73 77 153.8564
73 78 157.54685
73 79 166.55316
73 80 192.45403
73 81 102.2486
73 82 134.64057
73 83 144.9176
73 84 156.19573
73 85 142.30803
73 86 116.01068
73 87 189.97877
73 88 172.38553
73 89 199.63344
73 90 181.00312
73 91 109.29088
73 92 112.84452
73 93 175.3833
73 94 159.96671
73 95 116.71091
73 96 176.11611
73 97 165.04051
73 98 103.15343
73 99 123.10712
74 75 115.59882
74 76 106.81746
74 77 103.27114
74 78 168.66244
74 79 168.6783
74 80 198.59023
74 81 134.22283
74 82 145.39306
74 83 149.2406
74 84 114.4437
74 85 114.41409
74 86 131.63694
74 87 150.29948
74 88 102.86486
74 89 122.28506
74 90 168.45142
74 91 110.22055
74 92 184.65516
74 93 133.63836
74 94 195.73456
74 95 129.45217
74 96 166.40189
74 97 124.6644
74 98 129.17242
74 99 197.75592
75 76 194.47759
75 77 135.56564
75 78 182.08039
75 79 188.52409
75 80 195.29808
75 81 182.48758
75 82 126.75019
75 83 157.43238
75 84 115.6776
75 85 170.64085
75 86 112.41349
75 87 177.91935
75 88 140.27008
75 89 107.23206
75 90 168.43952
75 91 125.02439
75 92 106.30789
75 93 182.93601
75 94 165.75032
75 95 179.46805
75 96 187.12537
75 97 135.79083
75 98 132.20626
75 99 198.97252
76 77 162.88485
76 78 174.25659
76 79 175.89129
76 80 199.73126
76 81 102.75209
76 82 126.78166
76 83 175.39808
76 84 187.29172
76 85 184.92488
76 86 130.51869
76 87 172.77524
76 88 194.95085
76 89 176.12502
76 90 142.82832
76 91 173.79757
76 92 162.01871
76 93 136.46504
76 94 129.297
76 95 153.51906
76 96 124.53105
76 97 183.20625
76 98 159.57977
76 99 120.75838
77 78 173.43365
77 79 100.31128
77 80 177.4262
77 81 102.07433
77 82 156.9545
77 83 113.10103
77 84 166.3704
77 85 177.82412
77 86 136.93
77 87 151.92613
77 88 109.75676
77 89 172.37511
77 90 181.05174
77 91 180.48509
77 92 167.54248
77 93 150.8299
77 94 143.46118
77 95 118.05121
77 96 120.29919
77 97 169.74926
77 98 195.08676
77 99 153.74531
78 79 124.5176
78 80 178.26233
78 81 154.7219
78 82 122.82
78 83 104.14649
78 84 142.51579
78 85 119.80431
78 86 155.75093
78 87 191.60267
78 88 147.85902
78 89 137.63747
78 90 113.82982
78 91 158.33997
78 92 192.9526
78 93 149.30769
78 94 150.77819
78 95 149.27939
78 96 171.1525
78 97 135.37529
78 98 138.98179
78 99 194.98808
79 80 160.91953
79 81 144.57024
79 82 110.77505
79 83 132.60395
79 84 168.86263
79 85 124.32258
79 86 134.1169
79 87 136.38608
79 88 188.13015
79 89 191.75881
79 90 182.82148
79 91 110.2314
79 92 188.33478
79 93 194.54356
79 94 183.08888
79 95 145.36202
79 96 140.20553
79 97 153.71103
79 98 151.88634
79 99 150.53702
80 81 152.31422
80 82 110.87325
80 83 107.68965
80 84 184.19441
80 85 175.90028
80 86 123.41343
80 87 149.23384
80 88 113.30042
80 89 167.68622
80 90 181.06164
80 91 132.42387
80 92 148.69871
80 93 137.94242
80 94 150.77045
80 95 145.83763
80 96 172.70867
80 97 164.3163
80 98 164.6284
80 99 101.03489
81 82 163.61847
81 83 114.3316
81 84 144.86873
81 85 148.10932
81 86 122.69755
81 87 157.38708
81 88 165.30646
81 89 107.17127
81 90 173.22182
81 91 141.33801
81 92 191.21205
81 93 136.95011
81 94 115.83489
81 95 142.37972
81 96 165.60915
81 97 197.4285
81 98 190.09775
81 99 134.64934
82 83 111.99247
82 84 148.55565
82 85 194.31049
82 86 197.89375
82 87 181.61756
82 88 179.78331
82 89 127.34725
82 90 143.63249
82 91 124.11797
82 92 192.15409
82 93 116.52562
82 94 117.43564
82 95 103.86394
82 96 110.00316
82 97 105.01988
82 98 134.75374
82 99 101.71274
83 84 147.90667
83 85 162.18262
83 86 162.82261
83 87 194.50228
83 88 124.31074
83 89 140.32665
83 90 138.0558
83 91 161.56496
83 92 151.83811
83 93 165.37002
83 94 191.8187
83 95 115.22336
83 96 182.00954
83 97 141.17376
83 98 162.10766
83 99 198.35976
84 85 164.13525
84 86 163.00932
84 87 196.88483
84 88 127.14123
84 89 127.71609
84 90 150.31011
84 91 148.33858
84 92 169.06502
84 93 198.30039
84 94 191.36861
84 95 189.40023
84 96 164.15344
84 97 185.63548
84 98 163.68932
84 99 158.68406
85 86 147.84356
85 87 146.8677
85 88 184.66899
85 89 112.5203
85 90 191.96703
85 91 119.58196
85 92 135.74528
85 93 197.55298
85 94 105.43451
85 95 124.31256
85 96 157.38338
85 97 192.54201
85 98 161.05069
85 99 133.24654
86 87 102.33973
86 88 133.20104
86 89 185.98953
86 90 161.81942
86 91 123.01615
86 92 119.9315
86 93 123.37623
86 94 109.08509
86 95 189.64852
86 96 145.44367
86 97 179.69895
86 98 109.94125
86 99 165.37987
87 88 196.34302
87 89 170.48582
87 90 126.03637
87 91 130.53322
87 92 184.98801
87 93 126.70456
87 94 134.94295
87 95 182.14768
87 96 158.36566
87 97 179.18639
87 98 118.31369
87 99 118.1823
88 89 132.70604
88 90 144.89577
88 91 121.90517
88 92 153.375
88 93 101.38033
88 94 156.57998
88 95 183.83644
88 96 136.77498
88 97 122.88353
88 98 117.73734
88 99 184.01983
89 90 103.34495
89 91 168.83585
89 92 158.65709
89 93 154.15428
89 94 193.01834
89 95 114.63351
89 96 165.99638
89 97 173.43552
89 98 180.4326
89 99 158.53463
90 91 165.59449
90 92 104.55374
90 93 125.41575
90 94 161.27858
90 95 113.1988
90 96 100.0722
90 97 113.15151
90 98 118.18002
90 99 132.22408
91 92 171.49021
91 93 107.06766
91 94 152.1084
91 95 143.293
91 96 114.26673
91 97 114.99895
91 98 169.28612
91 99 183.88222
92 93 138.12937
92 94 163.96362
92 95 197.04053
92 96 170.23091
92 97 104.0152
92 98 138.80934
92 99 103.98482
93 94 148.38106
93 95 185.94144
93 96 195.11702
93 97 144.3168
93 98 193.23657
93 99 182.25232
94 95 170.02413
94 96 174.98828
94 97 102.15348
94 98 176.32761
94 99 148.37454
95 96 115.58373
95 97 138.313
95 98 138.13278
95 99 115.62327
96 97 143.49236
96 98 143.9821
96 99 197.89143
97 98 165.3289
97 99 186.15628
98 99 118.45731
