50 12
0 1 157.46417
0 2 116.02755
0 3 139.99733
0 4 118.37552
0 5 193.89925
0 6 170.39986
0 7 105.40101
0 8 188.4255
0 9 144.14159
0 10 163.80255
0 11 189.75699
0 12 153.188
0 13 147.90094
0 14 136.4128
0 15 194.56986
0 16 127.46988
0 17 155.62793
0 18 139.92006
0 19 167.39535
0 20 152.16539
0 21 162.94278
0 22 144.26931
0 23 104.16038
0 24 111.2218
0 25 149.41629
0 26 164.65904
0 27 177.13909
0 28 198.48615
0 29 155.32261
0 30 171.55832
0 31 101.24384
0 32 149.17822
0 33 160.85823
0 34 133.14408
0 35 136.50485
0 36 178.92132
0 37 188.85968
0 38 143.70724
0 39 169.53988
0 40 151.44594
0 41 116.77585
0 42 119.35054
0 43 149.70155
0 44 138.27713
0 45 125.54006
0 46 129.38042
0 47 193.56859
0 48 140.99707
0 49 191.3907
1 2 193.46321
1 3 158.00856
1 4 101.76565
1 5 149.59006
1 6 160.59993
1 7 180.99095
1 8 175.55527
1 9 148.6083
1 10 176.57943
1 11 136.23814
1 12 149.50611
1 13 160.61024
1 14 134.20985
1 15 108.88228
1 16 191.33396
1 17 191.75885
1 18 129.16978
1 19 179.30576
1 20 189.31882
1 21 183.03861
1 22 185.84737
1 23 195.1786
1 24 198.84204
1 25 189.16261
1 26 172.1577
1 27 122.07594
1 28 149.49635
1 29 178.55842
1 30 108.12073
1 31 172.70883
1 32 150.21944
1 33 197.04416
1 34 191.45543
1 35 153.62527
1 36 198.66902
1 37 101.45982
1 38 195.6273
1 39 177.45568
1 40 175.68574
1 41 131.89868
1 42 111.57704
1 43 138.41479
1 44 173.39472
1 45 141.70305
1 46 198.88766
1 47 170.60639
1 48 183.1331
1 49 100.92027
2 3 157.67302
2 4 166.59957
2 5 119.63958
2 6 193.21896
2 7 191.14345
2 8 112.95977
2 9 122.82808
2 10 175.64166
2 11 168.6478
2 12 127.24201
2 13 149.22211
2 14 189.25204
2 15 176.96193
2 16 150.77374
2 17 145.06455
2 18 112.85995
2 19 151.80513
2 20 125.45415
2 21 143.86626
2 22 148.18582
2 23 102.84154
2 24 132.95751
2 25 167.65784
2 26 180.01669
2 27 127.52622
2 28 179.52585
2 29 192.92549
2 30 163.06839
2 31 186.152
2 32 108.14521
2 33 130.95768
2 34 114.79327
2 35 150.71225
2 36 165.13263
2 37 135.19715
2 38 108.3881
2 39 148.17823
2 40 125.82318
2 41 107.01906
2 42 193.04754
2 43 199.09399
2 44 106.4902
2 45 134.68278
2 46 129.69174
2 47 120.07599
2 48 194.3836
2 49 133.7359
3 4 139.81097
3 5 182.35794
3 6 164.35117
3 7 140.3216
3 8 174.5029
3 9 104.66404
3 10 171.59304
3 11 127.48391
3 12 118.78514
3 13 117.97629
3 14 166.45428
3 15 100.92957
3 16 169.09225
3 17 139.81426
3 18 188.65663
3 19 117.39139
3 20 150.93193
3 21 159.7019
3 22 110.71255
3 23 131.30335
3 24 175.33606
3 25 165.66565
3 26 145.23353
3 27 180.1218
3 28 197.32476
3 29 152.07525
3 30 125.8247
3 31 161.60153
3 32 162.58292
3 33 157.65402
3 34 136.70512
3 35 104.76163
3 36 174.48811
3 37 102.87316
3 38 100.08479
3 39 189.06127
3 40 188.74952
3 41 140.37747
3 42 158.03701
3 43 180.76803
3 44 163.5346
3 45 158.87849
3 46 188.49915
3 47 162.57369
3 48 185.73427
3 49 102.86898
4 5 112.4082
4 6 138.65743
4 7 162.02236
4 8 145.23653
4 9 107.40464
4 10 106.97353
4 11 166.16003
4 12 193.18343
4 13 150.05926
4 14 126.65525
4 15 108.25437
4 16 178.97157
4 17 139.55474
4 18 178.01142
4 19 114.83525
4 20 175.30166
4 21 194.55965
4 22 150.16632
4 23 173.46581
4 24 121.13154
4 25 105.16642
4 26 175.91221
4 27 108.14959
4 28 176.70274
4 29 176.07445
4 30 153.27953
4 31 158.3683
4 32 152.36384
4 33 164.09409
4 34 188.71147
4 35 188.84466
4 36 105.65108
4 37 119.32704
4 38 129.33623
4 39 108.3527
4 40 100.10863
4 41 131.3176
4 42 130.37245
4 43 120.81942
4 44 108.73033
4 45 163.73195
4 46 183.12445
4 47 103.83464
4 48 142.46718
4 49 104.55738
5 6 131.56759
5 7 164.33286
5 8 191.35987
5 9 166.62335
5 10 103.07023
5 11 114.91968
5 12 155.81188
5 13 198.82098
5 14 184.74012
5 15 141.99353
5 16 185.11008
5 17 172.23061
5 18 155.15881
5 19 109.42864
5 20 188.40619
5 21 123.27752
5 22 151.55835
5 23 183.25198
5 24 161.20899
5 25 175.41207
5 26 158.35228
5 27 107.68221
5 28 179.4529
5 29 164.36329
5 30 169.93113
5 31 132.14453
5 32 185.40759
5 33 108.72764
5 34 140.09875
5 35 135.1326
5 36 105.92277
5 37 161.24546
5 38 158.37122
5 39 176.30634
5 40 162.77617
5 41 130.8856
5 42 130.84467
5 43 186.77167
5 44 119.01516
5 45 125.18079
5 46 131.41069
5 47 117.66431
5 48 143.20255
5 49 156.2514
6 7 146.10583
6 8 158.97326
6 9 172.96071
6 10 163.69297
6 11 179.0039
6 12 124.25149
6 13 159.71069
6 14 163.51644
6 15 120.20437
6 16 124.16446
6 17 150.69615
6 18 178.72828
6 19 117.60714
6 20 143.82946
6 21 138.82612
6 22 130.5926
6 23 145.85574
6 24 117.48534
6 25 159.36627
6 26 158.88596
6 27 122.77701
6 28 189.4281
6 29 103.73522
6 30 125.75084
6 31 149.24147
6 32 144.66881
6 33 187.61323
6 34 155.53506
6 35 147.33219
6 36 111.49098
6 37 191.35759
6 38 170.92832
6 39 164.82508
6 40 103.79795
6 41 147.91657
6 42 166.73063
6 43 130.86538
6 44 179.95479
6 45 158.37852
6 46 160.14657
6 47 148.16641
6 48 183.78884
6 49 122.46231
7 8 183.38802
7 9 125.88275
7 10 119.02476
7 11 195.35447
7 12 186.37686
7 13 148.59925
7 14 153.31382
7 15 192.19828
7 16 181.39011
7 17 156.16278
7 18 141.26421
7 19 151.23809
7 20 129.18968
7 21 116.46338
7 22 155.11142
7 23 106.83164
7 24 125.21067
7 25 134.85227
7 26 173.44224
7 27 174.30838
7 28 132.08217
7 29 175.96259
7 30 103.46164
7 31 112.87006
7 32 185.60266
7 33 176.59902
7 34 103.97509
7 35 124.56638
7 36 144.72974
7 37 158.75201
7 38 157.52548
7 39 188.27265
7 40 143.59032
7 41 184.61835
7 42 146.91565
7 43 100.01987
7 44 107.03487
7 45 125.88393
7 46 107.07523
7 47 120.35766
7 48 198.96198
7 49 108.22836
8 9 143.80951
8 10 130.96314
8 11 105.32364
8 12 164.13092
8 13 116.39374
8 14 172.88035
8 15 166.30344
8 16 141.13665
8 17 147.87034
8 18 134.49042
8 19 141.10462
8 20 174.62441
8 21 191.95703
8 22 178.20035
8 23 143.20835
8 24 186.93414
8 25 119.11864
8 26 129.09817
8 27 184.11431
8 28 117.88322
8 29 114.08235
8 30 186.92907
8 31 134.58888
8 32 188.60505
8 33 149.11369
8 34 187.81537
8 35 198.23863
8 36 166.05806
8 37 186.91522
8 38 146.61326
8 39 165.33894
8 40 124.44024
8 41 199.24912
8 42 179.06744
8 43 196.68509
8 44 169.28812
8 45 193.9607
8 46 167.42105
8 47 170.02786
8 48 129.32033
8 49 140.64271
9 10 194.32139
9 11 122.4358
9 12 196.66269
9 13 177.95447
9 14 166.51154
9 15 105.87657
9 16 175.44274
9 17 181.51855
9 18 139.9748
9 19 158.7702
9 20 148.49625
9 21 170.52369
9 22 144.16046
9 23 143.77948
9 24 182.34961
9 25 117.30848
9 26 109.94216
9 27 194.56333
9 28 166.83342
9 29 181.18967
9 30 140.34038
9 31 170.77028
9 32 149.44085
9 33 125.90838
9 34 181.38648
9 35 102.41127
9 36 142.7736
9 37 145.79025
9 38 196.52117
9 39 144.67446
9 40 119.45733
9 41 182.76309
9 42 164.69055
9 43 119.68474
9 44 131.55587
9 45 186.77083
9 46 174.73766
9 47 122.17561
9 48 145.11103
9 49 142.94542
10 11 164.93332
10 12 104.47962
10 13 184.71253
10 14 175.38769
10 15 169.92896
10 16 183.60802
10 17 170.29337
10 18 163.6588
10 19 124.29148
10 20 162.67952
10 21 157.7724
10 22 117.49734
10 23 116.39866
10 24 135.2885
10 25 194.37399
10 26 137.06789
10 27 112.79987
10 28 150.51679
10 29 180.67638
10 30 115.50274
10 31 157.0736
10 32 121.57234
10 33 113.99755
10 34 136.69332
10 35 165.76866
10 36 193.56855
10 37 161.3671
10 38 118.54347
10 39 129.04856
10 40 116.15371
10 41 116.2237
10 42 193.22791
10 43 114.97
10 44 177.83066
10 45 127.99027
10 46 179.11748
10 47 190.5666
10 48 180.12771
10 49 145.38161
11 12 120.09048
11 13 101.66581
11 14 169.63969
11 15 174.2213
11 16 110.03762
11 17 130.19747
11 18 143.00483
11 19 183.39252
11 20 133.17206
11 21 122.1995
11 22 183.19242
11 23 140.0113
11 24 195.67641
11 25 169.96004
11 26 118.27695
11 27 100.80127
11 28 180.14802
11 29 118.50218
11 30 176.83607
11 31 197.38944
11 32 152.773
11 33 145.80451
11 34 118.52531
11 35 196.83966
11 36 186.84646
11 37 169.18556
11 38 103.05448
11 39 160.5694
11 40 113.14228
11 41 123.12931
11 42 124.51009
11 43 164.66912
11 44 127.60384
11 45 189.25721
11 46 103.8067
11 47 176.73602
11 48 108.26607
11 49 185.80162
12 13 184.84418
12 14 153.79334
12 15 181.96481
12 16 192.50955
12 17 165.96263
12 18 128.56966
12 19 117.71589
12 20 117.01694
12 21 192.0047
12 22 118.65314
12 23 185.41063
12 24 103.23397
12 25 107.64148
12 26 118.32059
12 27 132.92104
12 28 194.00514
12 29 140.70713
12 30 143.25208
12 31 100.79461
12 32 130.2183
12 33 120.26982
12 34 184.31522
12 35 129.48618
12 36 125.84626
12 37 113.44361
12 38 102.8866
12 39 128.61363
12 40 181.1463
12 41 159.14325
12 42 119.96608
12 43 197.32059
12 44 110.46348
12 45 151.91233
12 46 101.1851
12 47 104.83569
12 48 143.64897
12 49 172.9524
13 14 161.62294
13 15 118.34186
13 16 101.54268
13 17 144.62941
13 18 191.64265
13 19 148.65525
13 20 118.36539
13 21 172.75415
13 22 115.28597
13 23 188.28936
13 24 130.46241
13 25 187.00172
13 26 144.54904
13 27 168.19376
13 28 128.68519
13 29 129.97652
13 30 114.12066
13 31 132.32126
13 32 111.64154
13 33 193.60736
13 34 116.88669
13 35 141.86492
13 36 112.64432
13 37 130.35369
13 38 157.43128
13 39 113.34343
13 40 137.28927
13 41 172.77264
13 42 199.80264
13 43 148.08906
13 44 165.95296
13 45 164.10404
13 46 134.28598
13 47 198.62099
13 48 135.99133
13 49 176.63782
14 15 142.5181
14 16 182.32068
14 17 142.11093
14 18 168.21711
14 19 152.18226
14 20 103.11374
14 21 161.59808
14 22 145.64182
14 23 113.35409
14 24 127.1132
14 25 151.32624
14 26 177.4041
14 27 134.9519
14 28 195.9437
14 29 142.64124
14 30 115.86661
14 31 179.95486
14 32 175.30904
14 33 184.52537
14 34 126.54577
14 35 131.94459
14 36 120.1442
14 37 158.99498
14 38 123.75676
14 39 168.21201
14 40 146.68864
14 41 145.86542
14 42 113.00598
14 43 196.68359
14 44 134.30172
14 45 131.66697
14 46 152.27598
14 47 158.86344
14 48 138.95325
14 49 133.41048
15 16 130.12573
15 17 177.75394
15 18 168.0069
15 19 166.87194
15 20 148.39201
15 21 186.6576
15 22 135.11111
15 23 162.99278
15 24 194.24751
15 25 144.64274
15 26 169.04728
15 27 184.20051
15 28 160.17414
15 29 107.10614
15 30 188.12329
15 31 139.2523
15 32 151.34527
15 33 174.19583
15 34 155.38364
15 35 174.03825
15 36 183.53399
15 37 165.20576
15 38 104.64809
15 39 173.24198
15 40 135.17276
15 41 111.72004
15 42 164.53318
15 43 127.85359
15 44 170.49875
15 45 143.92031
15 46 188.04814
15 47 109.90782
15 48 159.50398
15 49 137.74864
16 17 143.77032
16 18 128.66302
16 19 144.7558
16 20 196.56
16 21 181.08862
16 22 184.33672
16 23 191.39623
16 24 163.22818
16 25 174.45669
16 26 137.65603
16 27 189.56787
16 28 163.38585
16 29 172.21492
16 30 198.5638
16 31 175.52191
16 32 127.25284
16 33 117.74092
16 34 106.27823
16 35 115.56833
16 36 174.08875
16 37 113.57871
16 38 187.70029
16 39 170.72607
16 40 158.95612
16 41 102.24674
16 42 102.62139
16 43 112.70074
16 44 169.78616
16 45 156.86525
16 46 137.4903
16 47 126.62415
16 48 127.41122
16 49 179.99953
17 18 127.59363
17 19 184.78048
17 20 191.79232
17 21 163.62974
17 22 100.87734
17 23 115.73278
17 24 111.50099
17 25 108.93615
17 26 194.08595
17 27 106.445
17 28 132.06355
17 29 184.81431
17 30 104.0165
17 31 118.04522
17 32 197.49238
17 33 122.83846
17 34 111.92212
17 35 176.03578
17 36 151.25328
17 37 136.23037
17 38 171.66047
17 39 161.93356
17 40 102.40816
17 41 158.75798
17 42 143.7492
17 43 180.22928
17 44 183.77399
17 45 172.30593
17 46 120.77101
17 47 165.92601
17 48 103.18308
17 49 172.70642
18 19 130.37519
18 20 128.23762
18 21 115.77092
18 22 182.92501
18 23 181.37221
18 24 104.88561
18 25 159.96374
18 26 165.93848
18 27 190.92336
18 28 165.84975
18 29 160.03016
18 30 181.74424
18 31 159.30112
18 32 124.96701
18 33 110.77632
18 34 138.76803
18 35 188.23342
18 36 183.45198
18 37 134.58285
18 38 139.25541
18 39 145.91906
18 40 197.79221
18 41 109.40348
18 42 134.8081
18 43 169.21888
18 44 112.23033
18 45 199.53759
18 46 103.1024
18 47 118.83143
18 48 152.48052
18 49 102.74657
19 20 133.54975
19 21 101.17263
19 22 138.03051
19 23 182.93452
19 24 154.21866
19 25 173.41002
19 26 159.33654
19 27 172.9501
19 28 136.65638
19 29 194.99531
19 30 193.14669
19 31 178.97942
19 32 102.59778
19 33 186.83703
19 34 159.66544
19 35 178.19838
19 36 114.28423
19 37 155.37391
19 38 148.60178
19 39 144.01778
19 40 165.9459
19 41 126.02346
19 42 180.08117
19 43 175.81497
19 44 139.76113
19 45 144.5764
19 46 192.79408
19 47 135.14496
19 48 151.76439
19 49 133.18687
20 21 105.10513
20 22 160.34228
20 23 146.22532
20 24 102.32243
20 25 135.24521
20 26 181.81382
20 27 164.51894
20 28 168.50461
20 29 149.41262
20 30 157.89264
20 31 123.74165
20 32 124.74339
20 33 121.28182
20 34 180.36006
20 35 130.39863
20 36 123.01749
20 37 182.13646
20 38 181.9454
20 39 191.28077
20 40 106.38008
20 41 171.36486
20 42 118.05727
20 43 139.22767
20 44 179.8579
20 45 137.42247
20 46 160.19363
20 47 165.21899
20 48 131.67366
20 49 189.46165
21 22 193.1762
21 23 150.79356
21 24 105.28117
21 25 180.21733
21 26 194.41767
21 27 173.1511
21 28 111.46584
21 29 198.59855
21 30 122.89432
21 31 147.16172
21 32 152.40062
21 33 118.15997
21 34 171.31601
21 35 135.30522
21 36 167.66193
21 37 151.76894
21 38 150.67917
21 39 171.81668
21 40 149.2623
21 41 164.34155
21 42 165.0498
21 43 179.26332
21 44 107.24362
21 45 144.03916
21 46 121.693
21 47 146.99975
21 48 119.13932
21 49 184.51012
22 23 176.08897
22 24 112.90567
22 25 165.20405
22 26 181.78999
22 27 128.28827
22 28 145.54695
22 29 153.4146
22 30 134.48612
22 31 154.36059
22 32 176.85063
22 33 125.56087
22 34 186.79245
22 35 115.98646
22 36 163.32564
22 37 114.0162
22 38 198.86958
22 39 175.90255
22 40 111.30557
22 41 138.99634
22 42 120.47581
22 43 185.8138
22 44 172.48539
22 45 131.60135
22 46 185.81209
22 47 107.55243
22 48 114.51123
22 49 106.05175
23 24 105.02754
23 25 158.28119
23 26 196.55954
23 27 160.508
23 28 119.04476
23 29 171.32606
23 30 156.49995
23 31 135.44247
23 32 135.34831
23 33 101.35193
23 34 139.47568
23 35 188.59934
23 36 194.26863
23 37 172.29505
23 38 158.55175
23 39 149.79341
23 40 161.98822
23 41 185.81687
23 42 141.38556
23 43 129.31052
23 44 128.48205
23 45 119.10498
23 46 136.91465
23 47 112.14419
23 48 139.04656
23 49 175.24106
24 25 129.35341
24 26 153.16278
24 27 197.47874
24 28 161.07863
24 29 104.07381
24 30 128.6588
24 31 155.1223
24 32 178.64011
24 33 133.81399
24 34 189.13492
24 35 127.21665
24 36 171.43454
24 37 127.97886
24 38 178.029
24 39 197.66751
24 40 159.67484
24 41 147.83278
24 42 134.29228
24 43 153.14341
24 44 189.61707
24 45 142.60513
24 46 156.88733
24 47 192.25321
24 48 104.87999
24 49 137.18706
25 26 151.94693
25 27 166.41423
25 28 149.13636
25 29 127.73691
25 30 117.6479
25 31 144.31671
25 32 170.38035
25 33 171.25198
25 34 156.03959
25 35 125.80302
25 36 179.72623
25 37 170.65744
25 38 147.76
25 39 113.78608
25 40 152.94197
25 41 118.94296
25 42 128.79755
25 43 165.59118
25 44 152.25931
25 45 102.35696
25 46 198.74513
25 47 193.55113
25 48 167.84089
25 49 122.21718
26 27 193.06676
26 28 174.94593
26 29 179.72572
26 30 123.79188
26 31 154.73705
26 32 112.52466
26 33 190.09685
26 34 142.20723
26 35 180.71531
26 36 147.56034
26 37 160.72774
26 38 156.95969
26 39 100.38046
26 40 119.62526
26 41 123.04537
26 42 116.98771
26 43 110.34274
26 44 137.01257
26 45 188.8414
26 46 135.84299
26 47 178.11797
26 48 126.57661
26 49 187.06573
27 28 171.18999
27 29 120.06551
27 30 144.70414
27 31 120.10097
27 32 149.87354
27 33 106.113
27 34 170.07831
27 35 171.33034
27 36 101.02226
27 37 199.95758
27 38 137.69927
27 39 118.92745
27 40 188.09128
27 41 150.44296
27 42 168.58809
27 43 103.78056
27 44 175.05003
27 45 158.91176
27 46 116.42756
27 47 118.69988
27 48 102.21998
27 49 107.32058
28 29 148.72537
28 30 184.08037
28 31 111.2048
28 32 122.52877
28 33 122.35135
28 34 197.22662
28 35 143.45956
28 36 115.84053
28 37 139.51982
28 38 164.22632
28 39 142.63967
28 40 126.90382
28 41 146.2803
28 42 108.62339
28 43 129.35493
28 44 163.51729
28 45 189.17777
28 46 128.29137
28 47 179.8749
28 48 194.24883
28 49 186.72496
29 30 191.83718
29 31 138.04628
29 32 118.5574
29 33 143.9771
29 34 103.5528
29 35 194.47257
29 36 196.56612
29 37 139.66764
29 38 130.39522
29 39 162.17032
29 40 142.06446
29 41 157.70925
29 42 139.1273
29 43 141.7093
29 44 148.04114
29 45 189.59522
29 46 135.14115
29 47 159.84194
29 48 163.63931
29 49 129.57046
30 31 157.25631
30 32 118.68447
30 33 141.51299
30 34 123.31536
30 35 189.52722
30 36 134.41743
30 37 169.15565
30 38 118.24452
30 39 143.20492
30 40 177.44084
30 41 195.79821
30 42 156.78915
30 43 110.53847
30 44 186.51312
30 45 196.18789
30 46 164.95653
30 47 151.79869
30 48 180.84282
30 49 139.19639
31 32 101.35479
31 33 149.13862
31 34 186.14159
31 35 158.63854
31 36 194.21015
31 37 104.21988
31 38 120.59319
31 39 112.03351
31 40 196.77058
31 41 161.776
31 42 152.96957
31 43 167.55785
31 44 101.25745
31 45 116.68865
31 46 126.17042
31 47 193.173
31 48 101.67334
31 49 147.9325
32 33 160.34122
32 34 155.20722
32 35 147.76134
32 36 146.37568
32 37 191.33035
32 38 155.5753
32 39 139.28953
32 40 188.57918
32 41 184.35717
32 42 167.92986
32 43 127.98394
32 44 167.24314
32 45 165.62251
32 46 122.21121
32 47 132.40961
32 48 124.53814
32 49 178.39723
33 34 172.77079
33 35 128.23161
33 36 123.14367
33 37 131.10073
33 38 197.37459
33 39 104.16743
33 40 136.14891
33 41 154.58407
33 42 154.02912
33 43 188.83312
33 44 116.02004
33 45 107.84894
33 46 195.94899
33 47 160.50505
33 48 185.50458
33 49 155.98559
34 35 186.02836
34 36 102.70007
34 37 104.6404
34 38 166.24918
34 39 111.10547
34 40 139.91273
34 41 109.64817
34 42 157.3089
34 43 122.21355
34 44 102.40129
34 45 129.29525
34 46 124.81749
34 47 126.52517
34 48 118.5648
34 49 151.85167
35 36 163.28253
35 37 125.78294
35 38 124.89276
35 39 189.48051
35 40 136.54619
35 41 162.63425
35 42 110.92876
35 43 172.57571
35 44 177.12942
35 45 185.25132
35 46 147.47504
35 47 189.09076
35 48 114.38722
35 49 166.47959
36 37 161.76755
36 38 129.7274
36 39 165.6096
36 40 197.57458
36 41 176.63219
36 42 193.48571
36 43 196.18745
36 44 102.09142
36 45 140.16704
36 46 162.71363
36 47 132.43439
36 48 137.12636
36 49 122.1978
37 38 115.86555
37 39 146.07444
37 40 179.37286
37 41 174.55267
37 42 174.22843
37 43 117.07473
37 44 179.38756
37 45 116.4329
37 46 194.78175
37 47 158.15216
37 48 103.0084
37 49 174.22084
38 39 130.16789
38 40 125.27068
38 41 170.92516
38 42 112.3595
38 43 195.75913
38 44 175.28299
38 45 194.81909
38 46 187.13754
38 47 133.67458
38 48 143.94673
38 49 112.36799
39 40 122.78883
39 41 128.21273
39 42 139.44421
39 43 114.42048
39 44 144.63407
39 45 147.59226
39 46 133.67629
39 47 189.75381
39 48 141.53384
39 49 159.38434
40 41 124.79046
40 42 129.46877
40 43 164.94182
40 44 168.96512
40 45 156.95894
40 46 170.07528
40 47 134.63868
40 48 100.55634
40 49 116.1994
41 42 144.79256
41 43 144.85777
41 44 149.24105
41 45 106.24359
41 46 129.61047
41 47 140.92041
41 48 180.75673
41 49 107.90295
42 43 176.24181
42 44 147.50116
42 45 103.37407
42 46 174.12224
42 47 152.4522
42 48 184.74622
42 49 176.86168
43 44 174.05113
43 45 188.45087
43 46 187.57834
43 47 102.5494
43 48 186.58267
43 49 140.42067
44 45 149.5444
44 46 179.02557
44 47 118.4591
44 48 183.92594
44 49 137.2701
45 46 138.18191
45 47 100.5356
45 48 175.86098
45 49 186.29452
46 47 153.2199
46 48 173.51244
46 49 114.14687
47 48 104.74856
47 49 121.66153
48 49 102.27215
