50 12
0 1 186.84982
0 2 133.72086
0 3 178.73484
0 4 149.4291
0 5 155.41742
0 6 115.51875
0 7 117.41221
0 8 184.87508
0 9 198.14596
0 10 164.18632
0 11 133.53054
0 12 192.91917
0 13 118.75716
0 14 184.0426
0 15 125.57114
0 16 136.76121
0 17 168.56734
0 18 185.87109
0 19 156.82379
0 20 188.65351
0 21 171.41945
0 22 157.30457
0 23 118.23397
0 24 136.98755
0 25 150.66315
0 26 179.29636
0 27 143.19915
0 28 104.19835
0 29 131.64819
0 30 196.26523
0 31 187.056
0 32 137.57808
0 33 183.96636
0 34 145.7015
0 35 156.54159
0 36 114.85419
0 37 179.272
0 38 185.12769
0 39 186.36261
0 40 114.93746
0 41 185.23403
0 42 118.48528
0 43 143.4872
0 44 128.39263
0 45 115.53641
0 46 188.04661
0 47 172.3774
0 48 142.94509
0 49 125.22277
1 2 185.43878
1 3 167.9154
1 4 107.10972
1 5 147.51569
1 6 149.63461
1 7 131.56592
1 8 136.8301
1 9 181.17589
1 10 175.32754
1 11 101.70645
1 12 137.64286
1 13 162.39061
1 14 138.33935
1 15 110.25478
1 16 116.37496
1 17 172.41772
1 18 120.12566
1 19 133.94949
1 20 167.75195
1 21 138.3549
1 22 102.20999
1 23 128.13042
1 24 129.51547
1 25 139.43713
1 26 142.81755
1 27 110.76522
1 28 139.83863
1 29 174.59129
1 30 138.07514
1 31 189.57129
1 32 142.50062
1 33 126.50152
1 34 148.6056
1 35 137.36717
1 36 181.65469
1 37 135.03993
1 38 150.6925
1 39 196.00366
1 40 131.94243
1 41 133.18561
1 42 165.25599
1 43 168.30357
1 44 191.867
1 45 150.86991
1 46 129.72298
1 47 148.60648
1 48 133.42496
1 49 162.50094
2 3 145.47286
2 4 114.46971
2 5 110.02267
2 6 132.09417
2 7 129.30352
2 8 126.41617
2 9 184.85174
2 10 141.55179
2 11 198.58329
2 12 187.97966
2 13 195.15445
2 14 162.84992
2 15 166.33095
2 16 148.9138
2 17 143.99972
2 18 184.03342
2 19 155.62186
2 20 116.0418
2 21 194.49139
2 22 193.14683
2 23 144.8525
2 24 187.51786
2 25 134.65667
2 26 100.74737
2 27 107.06398
2 28 121.56534
2 29 122.70207
2 30 153.07307
2 31 176.99731
2 32 152.51424
2 33 194.22579
2 34 189.03218
2 35 176.44741
2 36 111.06728
2 37 139.9122
2 38 155.40695
2 39 156.9453
2 40 106.16841
2 41 114.74724
2 42 132.42374
2 43 194.06425
2 44 191.51282
2 45 195.18676
2 46 123.95128
2 47 133.53935
2 48 136.66915
2 49 139.26419
3 4 111.44745
3 5 152.9181
3 6 192.64386
3 7 147.08996
3 8 174.15999
3 9 147.3314
3 10 152.35123
3 11 169.3529
3 12 188.82578
3 13 174.26159
3 14 165.19627
3 15 183.73152
3 16 187.53356
3 17 165.17778
3 18 173.89982
3 19 156.99581
3 20 177.32089
3 21 172.32189
3 22 173.20271
3 23 106.74278
3 24 175.53805
3 25 157.86443
3 26 161.95417
3 27 153.10957
3 28 111.35087
3 29 199.44395
3 30 131.48377
3 31 177.72059
3 32 148.1116
3 33 129.52001
3 34 129.33408
3 35 122.34808
3 36 142.70398
3 37 112.48018
3 38 129.14181
3 39 140.89437
3 40 189.09643
3 41 107.91272
3 42 161.2902
3 43 105.07918
3 44 153.32854
3 45 181.83666
3 46 127.72603
3 47 193.7068
3 48 169.36389
3 49 190.8296
4 5 182.99311
4 6 146.77983
4 7 175.46629
4 8 177.51833
4 9 140.68449
4 10 165.45467
4 11 157.54289
4 12 164.35168
4 13 157.9244
4 14 124.53818
4 15 140.50313
4 16 193.76935
4 17 104.06307
4 18 129.74474
4 19 133.9134
4 20 141.26739
4 21 131.26521
4 22 168.58615
4 23 183.78197
4 24 128.35422
4 25 151.14116
4 26 128.50393
4 27 169.20173
4 28 131.39225
4 29 167.24151
4 30 183.67339
4 31 163.71087
4 32 116.54798
4 33 148.76355
4 34 127.1642
4 35 165.7164
4 36 132.87109
4 37 129.46424
4 38 151.60999
4 39 175.46325
4 40 115.3781
4 41 189.05524
4 42 119.07136
4 43 119.5957
4 44 165.86518
4 45 138.79575
4 46 188.78273
4 47 104.29961
4 48 169.58498
4 49 149.20691
5 6 112.73269
5 7 129.62775
5 8 168.75259
5 9 105.58876
5 10 102.86679
5 11 164.76522
5 12 147.53409
5 13 134.767
5 14 116.27363
5 15 102.70151
5 16 116.31251
5 17 143.78314
5 18 183.11961
5 19 180.84125
5 20 149.59451
5 21 177.95655
5 22 174.04899
5 23 103.55834
5 24 193.75777
5 25 155.12373
5 26 130.75514
5 27 149.55592
5 28 100.50476
5 29 186.58052
5 30 105.24674
5 31 122.98895
5 32 187.06538
5 33 160.58083
5 34 181.4004
5 35 152.76335
5 36 186.05593
5 37 164.67981
5 38 151.0753
5 39 194.70028
5 40 142.31614
5 41 105.07208
5 42 152.20549
5 43 173.54371
5 44 102.07985
5 45 115.11929
5 46 163.16093
5 47 116.73954
5 48 188.41474
5 49 158.71819
6 7 177.31421
6 8 123.57931
6 9 112.79012
6 10 106.94213
6 11 159.40952
6 12 153.1961
6 13 126.28314
6 14 114.41811
6 15 122.04841
6 16 180.55169
6 17 123.70437
6 18 170.47234
6 19 166.71207
6 20 136.12755
6 21 116.63507
6 22 178.8549
6 23 194.42728
6 24 131.29934
6 25 187.69154
6 26 112.15378
6 27 188.11554
6 28 103.28187
6 29 170.0851
6 30 104.48056
6 31 145.1881
6 32 111.3768
6 33 107.99544
6 34 195.5455
6 35 152.0577
6 36 120.42352
6 37 156.93314
6 38 102.46058
6 39 177.01155
6 40 127.79835
6 41 185.84692
6 42 178.97709
6 43 187.40123
6 44 171.8024
6 45 109.13028
6 46 137.89309
6 47 122.84527
6 48 141.16987
6 49 125.78586
7 8 125.40487
7 9 171.37684
7 10 175.08518
7 11 124.21994
7 12 107.88689
7 13 107.91107
7 14 181.68089
7 15 112.4166
7 16 120.51002
7 17 117.13649
7 18 121.22247
7 19 163.27488
7 20 199.09417
7 21 151.64682
7 22 196.86103
7 23 186.44808
7 24 170.72862
7 25 167.8144
7 26 150.00499
7 27 142.49049
7 28 176.50021
7 29 171.83055
7 30 144.41554
7 31 112.61118
7 32 120.72557
7 33 199.49232
7 34 130.1129
7 35 178.12681
7 36 109.14011
7 37 105.86437
7 38 128.10862
7 39 196.91741
7 40 191.15501
7 41 159.81567
7 42 118.64648
7 43 111.79738
7 44 157.08835
7 45 142.15729
7 46 123.69977
7 47 189.54716
7 48 188.1796
7 49 136.59336
8 9 116.23204
8 10 183.18277
8 11 163.47469
8 12 172.21077
8 13 142.73212
8 14 172.55503
8 15 197.86385
8 16 179.36023
8 17 199.80401
8 18 170.70381
8 19 185.46965
8 20 108.41746
8 21 139.98795
8 22 146.86521
8 23 145.64174
8 24 110.86941
8 25 160.41118
8 26 175.6321
8 27 142.58642
8 28 102.08392
8 29 102.52056
8 30 123.2014
8 31 119.09403
8 32 173.99621
8 33 124.80982
8 34 161.96629
8 35 198.03628
8 36 143.21279
8 37 191.69012
8 38 134.4286
8 39 116.18143
8 40 164.71818
8 41 171.16092
8 42 193.92545
8 43 172.68337
8 44 160.37841
8 45 154.95315
8 46 172.78931
8 47 139.21626
8 48 123.34724
8 49 163.13246
9 10 156.78374
9 11 126.1535
9 12 142.34846
9 13 153.6931
9 14 110.59019
9 15 114.06265
9 16 106.93184
9 17 114.59366
9 18 193.8723
9 19 136.66084
9 20 109.22773
9 21 183.85262
9 22 195.42683
9 23 170.69946
9 24 160.15337
9 25 147.8187
9 26 101.87544
9 27 166.89679
9 28 174.97491
9 29 122.28507
9 30 159.83064
9 31 107.73348
9 32 164.92876
9 33 195.14521
9 34 125.80431
9 35 156.28186
9 36 164.44291
9 37 132.54892
9 38 120.4136
9 39 188.51001
9 40 136.44961
9 41 102.70004
9 42 171.25339
9 43 191.01279
9 44 139.16481
9 45 195.64756
9 46 114.69808
9 47 107.34789
9 48 150.56933
9 49 143.73228
10 11 171.09321
10 12 120.46186
10 13 157.08263
10 14 166.07336
10 15 129.57619
10 16 166.51788
10 17 188.91882
10 18 196.94615
10 19 101.55886
10 20 194.48985
10 21 196.98865
10 22 158.09413
10 23 123.63861
10 24 169.46887
10 25 131.49595
10 26 158.22485
10 27 169.07284
10 28 176.37367
10 29 122.72682
10 30 110.74911
10 31 188.47373
10 32 144.25008
10 33 141.64391
10 34 157.50258
10 35 170.45506
10 36 116.75028
10 37 196.47208
10 38 145.61021
10 39 143.16457
10 40 135.80217
10 41 158.92407
10 42 120.36722
10 43 147.15523
10 44 188.84298
10 45 112.13267
10 46 114.6351
10 47 150.26727
10 48 182.7808
10 49 145.30985
11 12 166.09462
11 13 180.40388
11 14 175.32917
11 15 117.48811
11 16 193.85343
11 17 128.21083
11 18 182.80718
11 19 118.29101
11 20 153.46649
11 21 112.99402
11 22 177.68195
11 23 190.07885
11 24 163.87937
11 25 107.84317
11 26 153.84349
11 27 114.24792
11 28 183.98343
11 29 163.56483
11 30 140.24579
11 31 112.3307
11 32 113.14227
11 33 152.34817
11 34 122.45774
11 35 133.09649
11 36 160.46239
11 37 199.68329
11 38 111.48505
11 39 103.90422
11 40 105.28825
11 41 144.46734
11 42 114.85179
11 43 131.19641
11 44 125.31743
11 45 152.16393
11 46 156.49561
11 47 123.03062
11 48 151.23346
11 49 137.15766
12 13 188.38647
12 14 120.84487
12 15 172.39725
12 16 182.17122
12 17 191.43539
12 18 165.90852
12 19 155.63259
12 20 167.21939
12 21 116.53231
12 22 162.16816
12 23 124.72042
12 24 146.38177
12 25 157.4953
12 26 109.32092
12 27 132.47841
12 28 183.35383
12 29 123.51407
12 30 111.35349
12 31 180.00465
12 32 162.88968
12 33 142.79159
12 34 123.85016
12 35 196.27704
12 36 148.46414
12 37 152.80037
12 38 136.74954
12 39 194.31194
12 40 100.31307
12 41 198.02778
12 42 160.73595
12 43 187.91995
12 44 152.2944
12 45 103.61359
12 46 167.31033
12 47 154.90602
12 48 181.08274
12 49 154.41884
13 14 125.33254
13 15 165.40358
13 16 196.61274
13 17 114.94932
13 18 189.15222
13 19 176.30102
13 20 187.69915
13 21 114.92195
13 22 103.43503
13 23 183.67256
13 24 101.66117
13 25 190.55179
13 26 113.68751
13 27 163.80809
13 28 123.7508
13 29 113.26188
13 30 134.45336
13 31 127.98293
13 32 199.07568
13 33 175.18339
13 34 167.13259
13 35 193.82383
13 36 121.23977
13 37 130.83899
13 38 118.94406
13 39 185.35148
13 40 167.01737
13 41 187.77971
13 42 125.20918
13 43 162.14643
13 44 111.03466
13 45 178.51893
13 46 100.40154
13 47 139.57043
13 48 135.79282
13 49 134.14219
14 15 142.91443
14 16 158.70146
14 17 118.35423
14 18 122.79855
14 19 159.3628
14 20 145.79608
14 21 181.42302
14 22 138.67962
14 23 131.61005
14 24 121.26257
14 25 118.2514
14 26 145.65571
14 27 151.87893
14 28 198.37609
14 29 132.32819
14 30 193.95558
14 31 146.08656
14 32 129.65753
14 33 124.36095
14 34 151.82949
14 35 192.87271
14 36 114.16856
14 37 175.44156
14 38 125.56571
14 39 130.46019
14 40 142.01005
14 41 118.92601
14 42 176.58082
14 43 163.74276
14 44 122.02196
14 45 182.24323
14 46 170.7884
14 47 182.2546
14 48 162.02569
14 49 104.93483
15 16 144.76051
15 17 189.31474
15 18 142.71274
15 19 180.54119
15 20 140.01008
15 21 165.50826
15 22 157.6794
15 23 178.31874
15 24 181.52697
15 25 196.99879
15 26 158.93017
15 27 110.44472
15 28 124.65335
15 29 152.03498
15 30 152.79258
15 31 122.69945
15 32 101.48413
15 33 138.84746
15 34 169.54205
15 35 151.68078
15 36 110.30526
15 37 195.68012
15 38 196.58215
15 39 128.54192
15 40 173.571
15 41 134.91778
15 42 184.62069
15 43 129.46512
15 44 159.09367
15 45 194.33181
15 46 178.1627
15 47 117.00317
15 48 145.02501
15 49 112.20522
16 17 142.04985
16 18 101.34505
16 19 154.87785
16 20 125.46048
16 21 158.72533
16 22 125.72679
16 23 173.67603
16 24 112.7072
16 25 121.97702
16 26 166.85793
16 27 192.80237
16 28 179.82254
16 29 110.71686
16 30 127.38279
16 31 162.38617
16 32 118.51174
16 33 106.97632
16 34 154.37669
16 35 158.86201
16 36 131.11673
16 37 182.09415
16 38 130.47451
16 39 196.8708
16 40 115.08433
16 41 102.79898
16 42 168.43331
16 43 167.12252
16 44 145.75465
16 45 146.43492
16 46 180.30051
16 47 188.20794
16 48 121.26002
16 49 137.85996
17 18 150.19035
17 19 186.65665
17 20 159.98365
17 21 173.75796
17 22 118.54607
17 23 169.88019
17 24 101.72631
17 25 187.21163
17 26 103.87403
17 27 164.35263
17 28 112.59372
17 29 117.52075
17 30 125.72842
17 31 103.14329
17 32 167.65508
17 33 176.34951
17 34 199.87938
17 35 118.06518
17 36 105.90421
17 37 156.50506
17 38 111.84395
17 39 178.80716
17 40 164.40384
17 41 183.8729
17 42 154.1771
17 43 131.34711
17 44 176.3343
17 45 126.55681
17 46 174.36503
17 47 183.29151
17 48 141.33395
17 49 153.08288
18 19 127.38569
18 20 135.75493
18 21 101.84425
18 22 169.04156
18 23 171.8762
18 24 141.21093
18 25 120.74296
18 26 188.87618
18 27 121.20338
18 28 123.68595
18 29 109.55975
18 30 199.5865
18 31 142.50051
18 32 176.96369
18 33 110.30904
18 34 160.10199
18 35 184.27505
18 36 198.40915
18 37 146.45615
18 38 172.98756
18 39 117.52042
18 40 149.54123
18 41 146.52655
18 42 106.02672
18 43 148.04175
18 44 123.75351
18 45 149.34072
18 46 116.9314
18 47 169.74844
18 48 176.52684
18 49 130.03825
19 20 188.49571
19 21 143.10807
19 22 173.52488
19 23 139.5361
19 24 103.69978
19 25 140.95937
19 26 153.10156
19 27 172.5281
19 28 136.33043
19 29 105.25418
19 30 192.51277
19 31 102.59584
19 32 192.59533
19 33 115.50024
19 34 157.84955
19 35 121.89956
19 36 153.4826
19 37 136.62198
19 38 107.57637
19 39 147.11552
19 40 190.49074
19 41 114.11709
19 42 190.69838
19 43 110.45078
19 44 137.01776
19 45 119.06333
19 46 146.4349
19 47 139.26115
19 48 157.74909
19 49 162.55952
20 21 181.47544
20 22 163.61823
20 23 150.32375
20 24 192.92682
20 25 110.89036
20 26 143.48451
20 27 146.14322
20 28 148.97525
20 29 128.4713
20 30 101.75915
20 31 157.47021
20 32 148.68549
20 33 120.97495
20 34 171.82245
20 35 136.79039
20 36 102.4258
20 37 139.57177
20 38 193.52068
20 39 153.71553
20 40 129.8334
20 41 176.81731
20 42 110.45804
20 43 117.1492
20 44 108.82485
20 45 199.48617
20 46 190.70877
20 47 123.72458
20 48 194.88048
20 49 117.88626
21 22 185.08962
21 23 119.54429
21 24 196.39298
21 25 115.18397
21 26 127.97413
21 27 164.00717
21 28 119.8925
21 29 181.77561
21 30 172.90918
21 31 101.22407
21 32 105.30532
21 33 197.37006
21 34 191.9285
21 35 137.79512
21 36 103.09806
21 37 156.04326
21 38 194.41738
21 39 169.60409
21 40 136.10313
21 41 183.22782
21 42 120.62021
21 43 157.01551
21 44 186.10535
21 45 186.14399
21 46 120.84798
21 47 112.19905
21 48 173.25243
21 49 191.78521
22 23 180.96456
22 24 159.89404
22 25 154.89864
22 26 116.31424
22 27 177.69923
22 28 154.46234
22 29 132.91321
22 30 108.7113
22 31 121.3679
22 32 179.71402
22 33 127.93728
22 34 115.081
22 35 139.32849
22 36 180.07061
22 37 156.00566
22 38 161.08742
22 39 182.84408
22 40 127.08578
22 41 163.1316
22 42 143.82444
22 43 106.78487
22 44 108.6386
22 45 122.5649
22 46 141.84769
22 47 140.08836
22 48 154.02818
22 49 156.54667
23 24 107.48775
23 25 121.78506
23 26 151.07399
23 27 146.52799
23 28 183.27954
23 29 184.96157
23 30 178.88971
23 31 108.31765
23 32 185.37554
23 33 104.327
23 34 185.74705
23 35 131.88532
23 36 107.46011
23 37 110.24235
23 38 157.26888
23 39 197.62134
23 40 190.54614
23 41 150.73358
23 42 159.5163
23 43 157.28138
23 44 132.83126
23 45 115.1591
23 46 117.259
23 47 182.6652
23 48 198.80129
23 49 191.78235
24 25 158.50809
24 26 194.49247
24 27 131.14461
24 28 134.7931
24 29 128.95061
24 30 188.10627
24 31 151.26194
24 32 156.91793
24 33 126.58094
24 34 144.36833
24 35 145.32778
24 36 141.33507
24 37 111.12892
24 38 127.06833
24 39 123.87642
24 40 155.24958
24 41 101.05346
24 42 105.89295
24 43 179.49874
24 44 115.62123
24 45 164.74156
24 46 163.88009
24 47 128.712
24 48 111.26575
24 49 174.10693
25 26 130.40567
25 27 195.61917
25 28 173.90197
25 29 194.87992
25 30 112.93664
25 31 150.60778
25 32 196.11342
25 33 179.85378
25 34 149.90867
25 35 187.32658
25 36 159.59811
25 37 161.24176
25 38 189.08999
25 39 187.85267
25 40 150.98417
25 41 151.04617
25 42 121.9381
25 43 161.73005
25 44 187.725
25 45 185.34452
25 46 122.35524
25 47 196.9976
25 48 126.24532
25 49 134.82746
26 27 144.38063
26 28 152.99815
26 29 117.74876
26 30 146.35501
26 31 186.56608
26 32 143.50731
26 33 115.73374
26 34 144.49318
26 35 130.32191
26 36 111.67558
26 37 161.2067
26 38 154.65077
26 39 141.12639
26 40 119.30451
26 41 120.86619
26 42 152.07757
26 43 189.00738
26 44 192.83611
26 45 151.94485
26 46 104.48992
26 47 192.34434
26 48 109.94254
26 49 184.9027
27 28 111.10349
27 29 126.35591
27 30 134.94761
27 31 120.18968
27 32 179.02526
27 33 196.02873
27 34 169.70277
27 35 130.94778
27 36 122.00052
27 37 176.89241
27 38 195.13407
27 39 179.56274
27 40 177.29214
27 41 184.30328
27 42 167.40432
27 43 136.37899
27 44 115.14238
27 45 135.3128
27 46 162.96249
27 47 173.45764
27 48 122.53126
27 49 153.21421
28 29 122.32074
28 30 104.04239
28 31 164.63755
28 32 153.60483
28 33 142.46863
28 34 125.16497
28 35 189.39885
28 36 199.88924
28 37 130.41735
28 38 179.10576
28 39 103.4848
28 40 105.33028
28 41 121.49981
28 42 173.43328
28 43 180.62243
28 44 106.58673
28 45 106.93592
28 46 110.54534
28 47 188.19274
28 48 114.47123
28 49 150.92352
29 30 159.60908
29 31 117.9115
29 32 154.72039
29 33 138.43858
29 34 152.16049
29 35 122.54118
29 36 144.53527
29 37 145.62376
29 38 119.3065
29 39 142.99506
29 40 161.46232
29 41 169.12907
29 42 109.56498
29 43 107.90088
29 44 119.81701
29 45 146.39803
29 46 118.08617
29 47 116.06689
29 48 108.66941
29 49 192.34787
30 31 197.93488
30 32 170.49896
30 33 145.76429
30 34 131.96161
30 35 193.37187
30 36 166.25059
30 37 174.14955
30 38 164.56089
30 39 115.46041
30 40 126.47694
30 41 116.724
30 42 169.06764
30 43 170.339
30 44 144.43634
30 45 113.65682
30 46 148.02859
30 47 113.15692
30 48 114.46985
30 49 182.50661
31 32 172.58774
31 33 133.21183
31 34 162.5284
31 35 188.20466
31 36 193.26161
31 37 107.73301
31 38 139.54502
31 39 115.56348
31 40 122.24985
31 41 103.53833
31 42 111.69495
31 43 151.55806
31 44 197.60401
31 45 138.92824
31 46 176.42439
31 47 127.21262
31 48 155.91533
31 49 180.44103
32 33 187.01465
32 34 144.08134
32 35 109.49849
32 36 150.68248
32 37 195.25984
32 38 143.2012
32 39 109.63488
32 40 102.24288
32 41 156.16626
32 42 175.42488
32 43 102.77659
32 44 118.10236
32 45 198.20361
32 46 165.62211
32 47 182.36838
32 48 128.78499
32 49 197.57312
33 34 131.85135
33 35 131.80869
33 36 199.14244
33 37 176.42617
33 38 185.28516
33 39 165.89738
33 40 108.51198
33 41 140.59791
33 42 116.91684
33 43 164.46754
33 44 152.64413
33 45 194.95743
33 46 174.08581
33 47 130.69085
33 48 167.99439
33 49 146.51918
34 35 182.60285
34 36 180.80976
34 37 185.85526
34 38 113.19357
34 39 196.89753
34 40 170.4488
34 41 156.99662
34 42 178.173
34 43 143.78619
34 44 175.0959
34 45 185.74801
34 46 192.71189
34 47 152.02016
34 48 131.61688
34 49 135.89749
35 36 193.10415
35 37 168.35612
35 38 113.89735
35 39 107.93542
35 40 109.47173
35 41 198.81431
35 42 160.20431
35 43 194.47654
35 44 155.45957
35 45 168.92317
35 46 154.51996
35 47 106.89581
35 48 104.59583
35 49 163.35515
36 37 149.81632
36 38 148.7205
36 39 143.3413
36 40 140.73423
36 41 195.3161
36 42 115.91371
36 43 104.8299
36 44 153.59749
36 45 164.09684
36 46 189.8893
36 47 108.69204
36 48 102.55933
36 49 150.89545
37 38 173.62366
37 39 105.16851
37 40 180.95101
37 41 182.94424
37 42 198.19253
37 43 104.05773
37 44 157.60504
37 45 137.3443
37 46 156.68894
37 47 189.99628
37 48 165.49158
37 49 141.92378
38 39 139.59512
38 40 160.02917
38 41 197.58352
38 42 124.75422
38 43 108.47693
38 44 158.11352
38 45 160.56992
38 46 128.92093
38 47 198.50738
38 48 150.0705
38 49 141.32776
39 40 131.9127
39 41 142.74722
39 42 161.22401
39 43 139.39585
39 44 141.2278
39 45 189.89288
39 46 172.47175
39 47 111.96132
39 48 102.31447
39 49 110.63802
40 41 199.73979
40 42 185.12642
40 43 162.40437
40 44 186.83982
40 45 131.10657
40 46 178.94686
40 47 145.3552
40 48 144.91827
40 49 163.58684
41 42 173.30563
41 43 140.3927
41 44 123.01882
41 45 153.23642
41 46 111.07629
41 47 180.10992
41 48 134.82178
41 49 111.86367
42 43 173.55618
42 44 141.82242
42 45 190.45719
42 46 178.70809
42 47 101.87037
42 48 118.32364
42 49 159.55947
43 44 170.91991
43 45 121.89826
43 46 179.89137
43 47 131.54478
43 48 167.26878
43 49 124.77328
44 45 167.1614
44 46 153.13324
44 47 157.74312
44 48 132.15695
44 49 126.16704
45 46 114.43424
45 47 127.48812
45 48 134.13532
45 49 123.41691
46 47 159.17514
46 48 184.58912
46 49 155.34689
47 48 188.0472
47 49 143.09545
48 49 131.4573
