100 40
0 1 157.30474
0 2 108.25479
0 3 162.94255
0 4 118.78481
0 5 189.44897
0 6 177.78576
0 7 182.02138
0 8 166.645
0 9 114.63124
0 10 145.126
0 11 111.97663
0 12 158.94281
0 13 140.6529
0 14 190.02033
0 15 119.52314
0 16 139.79691
0 17 178.58964
0 18 164.71415
0 19 166.53426
0 20 104.0385
0 21 161.19127
0 22 171.26612
0 23 199.19126
0 24 112.75753
0 25 158.98256
0 26 140.46286
0 27 148.23092
0 28 112.75324
0 29 135.96478
0 30 107.44935
0 31 154.04979
0 32 150.79636
0 33 102.32412
0 34 193.17879
0 35 180.46701
0 36 175.32625
0 37 151.01189
0 38 172.80895
0 39 115.75313
0 40 127.7267
0 41 184.27519
0 42 142.77445
0 43 127.33432
0 44 141.06372
0 45 152.49552
0 46 109.72575
0 47 115.84148
0 48 175.92688
0 49 151.10341
0 50 187.82515
0 51 157.38276
0 52 172.22821
0 53 160.70264
0 54 149.07099
0 55 164.08476
0 56 122.8113
0 57 156.06191
0 58 110.91377
0 59 188.58701
0 60 113.45211
0 61 153.50239
0 62 135.56015
0 63 131.41333
0 64 198.1557
0 65 180.63963
0 66 166.72363
0 67 171.89733
0 68 197.06657
0 69 179.37119
0 70 175.13725
0 71 192.95747
0 72 192.54114
0 73 173.21706
0 74 138.18194
0 75 101.32198
0 76 121.4791
0 77 109.49889
0 78 116.33116
0 79 172.1263
0 80 105.90632
0 81 135.4939
0 82 144.96351
0 83 176.07369
0 84 155.36074
0 85 151.45234
0 86 119.48109
0 87 179.63076
0 88 108.07788
0 89 187.58634
0 90 105.69005
0 91 149.50915
0 92 194.42876
0 93 197.38739
0 94 155.13816
0 95 195.84983
0 96 168.43755
0 97 186.30966
0 98 162.30168
0 99 109.12998
1 2 186.03396
1 3 191.32993
1 4 139.61958
1 5 144.02504
1 6 114.51211
1 7 150.76303
1 8 110.6517
1 9 110.14053
1 10 128.16428
1 11 138.31728
1 12 124.56195
1 13 114.37305
1 14 122.84412
1 15 154.2513
1 16 171.69748
1 17 165.90013
1 18 116.65766
1 19 155.35698
1 20 191.36575
1 21 137.69254
1 22 155.18691
1 23 169.98008
1 24 129.05421
1 25 157.40711
1 26 116.98789
1 27 123.45129
1 28 163.74716
1 29 172.23166
1 30 100.32139
1 31 125.36734
1 32 125.3274
1 33 140.61275
1 34 138.55321
1 35 189.51023
1 36 156.26447
1 37 124.40811
1 38 102.47716
1 39 192.40426
1 40 128.10651
1 41 141.15687
1 42 145.09501
1 43 134.85001
1 44 193.16108
1 45 133.49127
1 46 103.62819
1 47 109.9607
1 48 122.59185
1 49 164.03996
1 50 123.19401
1 51 165.46793
1 52 193.22878
1 53 145.69311
1 54 100.59601
1 55 145.34012
1 56 156.34217
1 57 150.20537
1 58 155.20362
1 59 162.32292
1 60 168.8837
1 61 192.70856
1 62 136.76513
1 63 103.49201
1 64 100.52823
1 65 168.20611
1 66 127.25753
1 67 114.7932
1 68 193.7777
1 69 161.10169
1 70 122.67941
1 71 181.07819
1 72 112.5879
1 73 164.53994
1 74 119.94909
1 75 189.46719
1 76 199.47444
1 77 117.20927
1 78 119.38386
1 79 104.18731
1 80 107.15058
1 81 161.5766
1 82 125.83808
1 83 116.99357
1 84 176.39841
1 85 181.42941
1 86 124.17947
1 87 146.41125
1 88 183.70202
1 89 156.62985
1 90 171.37679
1 91 150.25399
1 92 157.08088
1 93 165.59142
1 94 154.01227
1 95 160.25917
1 96 147.04129
1 97 152.72322
1 98 104.11597
1 99 103.34435
2 3 178.80072
2 4 133.77488
2 5 185.98346
2 6 188.47612
2 7 153.56997
2 8 110.04602
2 9 116.44927
2 10 172.72351
2 11 134.12082
2 12 150.35885
2 13 159.97862
2 14 163.66438
2 15 116.18379
2 16 108.78508
2 17 175.40049
2 18 136.66924
2 19 138.63177
2 20 167.2167
2 21 140.16821
2 22 119.17641
2 23 188.13722
2 24 148.56491
2 25 190.28624
2 26 110.67948
2 27 141.61495
2 28 116.743
2 29 157.0875
2 30 188.4849
2 31 108.39824
2 32 186.56573
2 33 159.97594
2 34 187.90229
2 35 192.4874
2 36 139.06055
2 37 121.0819
2 38 141.69863
2 39 132.26884
2 40 127.37847
2 41 195.91642
2 42 157.95929
2 43 128.96848
2 44 128.17443
2 45 115.75353
2 46 152.08413
2 47 125.43326
2 48 155.84408
2 49 195.78605
2 50 168.72218
2 51 110.22622
2 52 180.00881
2 53 142.71606
2 54 108.91399
2 55 148.68566
2 56 101.81414
2 57 143.97778
2 58 110.08925
2 59 161.88354
2 60 188.73135
2 61 150.43163
2 62 118.22003
2 63 168.28928
2 64 137.79198
2 65 183.63351
2 66 140.81476
2 67 190.21172
2 68 156.41964
2 69 133.16608
2 70 101.01106
2 71 189.76393
2 72 107.10574
2 73 123.25183
2 74 165.58415
2 75 100.09809
2 76 100.02819
2 77 128.73741
2 78 114.60553
2 79 174.25815
2 80 193.37318
2 81 115.96696
2 82 112.06795
2 83 100.2792
2 84 133.12521
2 85 115.12
2 86 148.81154
2 87 163.61751
2 88 171.28667
2 89 145.9621
2 90 161.96744
2 91 117.48215
2 92 114.23539
2 93 126.49974
2 94 140.45906
2 95 175.15197
2 96 135.87957
2 97 131.22264
2 98 166.65813
2 99 183.16615
3 4 182.38768
3 5 118.88567
3 6 110.47117
3 7 160.17117
3 8 185.29652
3 9 176.85388
3 10 139.18457
3 11 140.17548
3 12 147.79215
3 13 126.90412
3 14 112.37608
3 15 126.37898
3 16 119.95402
3 17 184.25642
3 18 154.58591
3 19 158.73685
3 20 172.50082
3 21 160.51559
3 22 185.13219
3 23 137.67538
3 24 193.73478
3 25 172.03126
3 26 157.52174
3 27 138.76101
3 28 175.19399
3 29 165.04873
3 30 106.08967
3 31 132.19651
3 32 123.34943
3 33 123.55796
3 34 107.61871
3 35 104.64357
3 36 165.17629
3 37 137.49922
3 38 193.45697
3 39 131.71959
3 40 161.36503
3 41 171.20515
3 42 127.99638
3 43 197.34964
3 44 157.08777
3 45 169.63216
3 46 137.54248
3 47 116.02166
3 48 119.58275
3 49 189.59742
3 50 121.40153
3 51 151.46146
3 52 169.26758
3 53 190.01094
3 54 198.10868
3 55 148.63327
3 56 165.33723
3 57 184.88294
3 58 119.59093
3 59 178.86467
3 60 141.42574
3 61 170.45448
3 62 108.8212
3 63 197.61978
3 64 116.99535
3 65 147.13042
3 66 142.72979
3 67 192.43043
3 68 165.44712
3 69 166.77271
3 70 198.50781
3 71 159.86345
3 72 171.02078
3 73 172.6092
3 74 187.3235
3 75 167.42616
3 76 193.19523
3 77 156.03443
3 78 149.05805
3 79 148.2735
3 80 114.70773
3 81 157.63788
3 82 124.00061
3 83 158.49285
3 84 101.55773
3 85 172.19947
3 86 160.39587
3 87 176.39501
3 88 167.3172
3 89 106.39168
3 90 104.99504
3 91 115.74599
3 92 174.79274
3 93 114.86994
3 94 152.02429
3 95 148.82336
3 96 120.68376
3 97 131.88182
3 98 155.69461
3 99 146.23761
4 5 151.02208
4 6 164.24306
4 7 159.41092
4 8 114.34094
4 9 175.28522
4 10 191.45346
4 11 111.35188
4 12 104.81277
4 13 140.81634
4 14 141.78226
4 15 138.62421
4 16 109.95365
4 17 180.17197
4 18 136.62383
4 19 113.18782
4 20 100.43982
4 21 124.58185
4 22 154.24833
4 23 182.62113
4 24 125.31357
4 25 116.13611
4 26 174.01499
4 27 182.26873
4 28 145.14661
4 29 178.31081
4 30 143.59967
4 31 106.23345
4 32 119.18745
4 33 150.06391
4 34 108.42459
4 35 117.194
4 36 164.85308
4 37 138.48826
4 38 148.60756
4 39 173.07137
4 40 182.5329
4 41 135.07032
4 42 103.02357
4 43 183.65801
4 44 131.38738
4 45 130.3114
4 46 126.98124
4 47 198.01542
4 48 140.79845
4 49 120.38593
4 50 125.90933
4 51 147.72573
4 52 136.69231
4 53 175.52679
4 54 162.32812
4 55 123.25152
4 56 184.39187
4 57 178.32588
4 58 115.64327
4 59 143.12509
4 60 196.47433
4 61 143.28787
4 62 199.0399
4 63 171.73025
4 64 188.61217
4 65 154.17123
4 66 149.25694
4 67 123.6783
4 68 171.61328
4 69 179.44082
4 70 165.61213
4 71 142.66539
4 72 115.51087
4 73 178.56003
4 74 149.44823
4 75 115.08991
4 76 164.66466
4 77 178.73184
4 78 109.18653
4 79 159.94917
4 80 177.1675
4 81 159.07669
4 82 158.70269
4 83 131.03742
4 84 143.29065
4 85 174.52136
4 86 114.22383
4 87 140.91612
4 88 109.57985
4 89 146.16216
4 90 117.11115
4 91 121.67922
4 92 105.13012
4 93 114.56026
4 94 142.92197
4 95 110.33802
4 96 117.14131
4 97 123.49233
4 98 151.70665
4 99 120.81838
5 6 167.15883
5 7 167.82495
5 8 130.00126
5 9 142.82952
5 10 155.7205
5 11 122.67528
5 12 163.38982
5 13 192.54146
5 14 176.19386
5 15 191.11623
5 16 182.4316
5 17 177.58036
5 18 155.26816
5 19 134.38208
5 20 129.37603
5 21 172.3719
5 22 164.28678
5 23 118.69896
5 24 164.56048
5 25 117.56216
5 26 160.37031
5 27 151.06998
5 28 137.96147
5 29 160.71174
5 30 188.491
5 31 128.53489
5 32 130.20107
5 33 149.24325
5 34 123.90599
5 35 145.47729
5 36 171.37542
5 37 191.21972
5 38 131.24175
5 39 112.10086
5 40 118.45011
5 41 171.83986
5 42 127.96397
5 43 121.34823
5 44 148.76653
5 45 175.71959
5 46 129.30538
5 47 118.55959
5 48 187.47811
5 49 179.85035
5 50 185.36294
5 51 177.18629
5 52 118.78068
5 53 179.61593
5 54 173.54564
5 55 124.56272
5 56 154.041
5 57 166.98334
5 58 153.72109
5 59 119.4949
5 60 189.65982
5 61 189.31824
5 62 128.14305
5 63 146.9753
5 64 155.30661
5 65 127.88835
5 66 161.12132
5 67 195.20855
5 68 182.54286
5 69 154.34185
5 70 108.87053
5 71 191.70816
5 72 139.99434
5 73 170.73527
5 74 115.31166
5 75 134.04664
5 76 134.07029
5 77 169.94002
5 78 161.27616
5 79 141.12376
5 80 109.20803
5 81 125.89092
5 82 133.35233
5 83 100.89531
5 84 127.34035
5 85 170.38601
5 86 136.93788
5 87 105.83518
5 88 176.95857
5 89 166.75306
5 90 110.14037
5 91 156.59706
5 92 130.68743
5 93 180.75739
5 94 102.32061
5 95 148.38571
5 96 106.33606
5 97 168.3279
5 98 163.35584
5 99 143.58199
6 7 174.31906
6 8 145.29263
6 9 164.19233
6 10 189.79821
6 11 119.26307
6 12 190.97181
6 13 133.47672
6 14 181.79345
6 15 174.88893
6 16 102.67081
6 17 107.98439
6 18 133.17332
6 19 140.10473
6 20 197.17031
6 21 146.07399
6 22 190.08885
6 23 138.41239
6 24 163.75562
6 25 179.26242
6 26 120.7899
6 27 170.03051
6 28 174.15374
6 29 195.98799
6 30 112.37238
6 31 120.41136
6 32 183.69832
6 33 104.59299
6 34 148.91645
6 35 124.04577
6 36 165.1523
6 37 197.26671
6 38 127.81164
6 39 142.76396
6 40 124.95817
6 41 196.36015
6 42 108.9866
6 43 132.70315
6 44 196.70338
6 45 192.26966
6 46 115.11219
6 47 108.27893
6 48 182.52021
6 49 108.7285
6 50 100.13408
6 51 144.5202
6 52 192.26845
6 53 132.88608
6 54 186.83874
6 55 111.0067
6 56 136.42133
6 57 143.76157
6 58 103.50882
6 59 154.59457
6 60 191.37599
6 61 192.89338
6 62 106.56838
6 63 141.99933
6 64 109.13042
6 65 151.66151
6 66 192.48614
6 67 113.21586
6 68 106.81133
6 69 179.59654
6 70 156.74955
6 71 111.08165
6 72 196.77956
6 73 182.56359
6 74 157.59161
6 75 154.88667
6 76 158.28992
6 77 133.92429
6 78 126.97678
6 79 122.73571
6 80 176.8288
6 81 125.4276
6 82 103.87111
6 83 168.53451
6 84 157.97243
6 85 116.29387
6 86 109.68482
6 87 185.8454
6 88 172.31827
6 89 153.7465
6 90 102.96567
6 91 184.47849
6 92 102.94011
6 93 128.72733
6 94 167.50755
6 95 159.77587
6 96 119.21971
6 97 182.4735
6 98 147.96813
6 99 146.42434
7 8 194.87598
7 9 164.85834
7 10 167.40878
7 11 167.52803
7 12 181.25349
7 13 122.78815
7 14 115.5071
7 15 176.52102
7 16 126.05643
7 17 130.13944
7 18 120.04171
7 19 177.06429
7 20 112.07698
7 21 112.51243
7 22 122.5787
7 23 108.26595
7 24 164.04122
7 25 137.66283
7 26 196.48387
7 27 104.52958
7 28 178.50381
7 29 182.42891
7 30 155.54092
7 31 198.89328
7 32 130.77934
7 33 172.38012
7 34 120.58192
7 35 197.11414
7 36 157.32925
7 37 135.36867
7 38 126.85099
7 39 150.76503
7 40 193.49885
7 41 115.59649
7 42 163.91248
7 43 130.46824
7 44 161.47159
7 45 118.61345
7 46 189.29382
7 47 173.49333
7 48 154.40711
7 49 139.65893
7 50 174.73147
7 51 156.7933
7 52 162.17755
7 53 193.04782
7 54 140.11393
7 55 194.66265
7 56 145.51865
7 57 123.83432
7 58 110.43428
7 59 193.53583
7 60 189.43988
7 61 111.36959
7 62 120.54403
7 63 151.49725
7 64 100.82306
7 65 189.99373
7 66 137.69623
7 67 174.90515
7 68 144.29404
7 69 194.24331
7 70 180.87433
7 71 193.26266
7 72 123.34934
7 73 174.55227
7 74 191.61121
7 75 135.97589
7 76 195.34178
7 77 127.62946
7 78 126.69662
7 79 186.27751
7 80 129.97151
7 81 168.9648
7 82 168.38054
7 83 105.32583
7 84 123.12839
7 85 195.9817
7 86 177.20023
7 87 160.12597
7 88 189.96672
7 89 166.77494
7 90 155.0304
7 91 136.35489
7 92 120.50336
7 93 183.55759
7 94 111.9721
7 95 109.02927
7 96 129.2177
7 97 188.14382
7 98 171.93351
7 99 158.21976
8 9 100.09928
8 10 175.00447
8 11 193.68785
8 12 139.01863
8 13 125.2491
8 14 138.08817
8 15 151.93205
8 16 178.10187
8 17 179.90475
8 18 156.54524
8 19 169.4399
8 20 137.77811
8 21 117.73629
8 22 160.71124
8 23 143.58929
8 24 107.88589
8 25 152.15565
8 26 131.16548
8 27 138.60134
8 28 102.29641
8 29 122.75014
8 30 173.17709
8 31 112.32306
8 32 137.58068
8 33 182.84895
8 34 194.39136
8 35 122.21225
8 36 162.52815
8 37 163.48165
8 38 157.56247
8 39 100.67521
8 40 133.39992
8 41 130.61815
8 42 163.02929
8 43 184.64806
8 44 191.05526
8 45 118.83744
8 46 180.59551
8 47 194.56406
8 48 176.32815
8 49 139.79418
8 50 134.0383
8 51 125.3144
8 52 173.9091
8 53 143.83478
8 54 144.84126
8 55 156.31265
8 56 186.53385
8 57 165.55794
8 58 121.18783
8 59 114.91667
8 60 165.12017
8 61 107.62028
8 62 158.99145
8 63 153.662
8 64 121.28842
8 65 116.95323
8 66 196.72904
8 67 143.42266
8 68 146.10806
8 69 117.49061
8 70 176.75099
8 71 115.16877
8 72 199.82449
8 73 163.60891
8 74 175.41922
8 75 139.56435
8 76 174.91611
8 77 110.92878
8 78 180.69887
8 79 135.9561
8 80 133.07645
8 81 105.83604
8 82 191.79089
8 83 167.006
8 84 184.29984
8 85 124.38329
8 86 152.81875
8 87 185.72139
8 88 122.78532
8 89 187.87641
8 90 190.92253
8 91 140.5603
8 92 139.28276
8 93 162.25595
8 94 196.81787
8 95 111.39742
8 96 180.03003
8 97 146.64591
8 98 103.88372
8 99 100.80233
9 10 138.08247
9 11 170.76113
9 12 149.54817
9 13 174.79964
9 14 196.4247
9 15 177.29364
9 16 147.62639
9 17 193.049
9 18 122.28624
9 19 199.65023
9 20 197.07393
9 21 108.74431
9 22 172.56751
9 23 157.16984
9 24 159.41435
9 25 193.18365
9 26 159.13474
9 27 113.08646
9 28 199.4398
9 29 106.85178
9 30 198.54376
9 31 126.15987
9 32 141.22387
9 33 160.05649
9 34 117.9868
9 35 154.34538
9 36 198.56889
9 37 126.08222
9 38 113.94445
9 39 185.90541
9 40 120.82572
9 41 121.46256
9 42 132.21325
9 43 168.21813
9 44 147.95676
9 45 178.44823
9 46 168.08111
9 47 114.52779
9 48 169.05891
9 49 145.01883
9 50 155.26215
9 51 137.42382
9 52 101.23441
9 53 152.36136
9 54 127.88884
9 55 159.33329
9 56 132.27929
9 57 151.7558
9 58 140.42687
9 59 123.97532
9 60 108.49975
9 61 161.97309
9 62 191.71493
9 63 148.41903
9 64 177.14385
9 65 145.26372
9 66 103.98616
9 67 160.72878
9 68 168.02803
9 69 109.84416
9 70 103.0394
9 71 163.88086
9 72 113.26023
9 73 107.44811
9 74 181.13838
9 75 134.6506
9 76 117.00796
9 77 152.91333
9 78 146.8297
9 79 140.10449
9 80 129.78185
9 81 143.6523
9 82 138.54153
9 83 109.02686
9 84 157.48845
9 85 168.07677
9 86 112.04459
9 87 176.34105
9 88 158.1119
9 89 113.33044
9 90 114.76884
9 91 177.79699
9 92 102.90434
9 93 129.97503
9 94 194.95767
9 95 112.77105
9 96 138.23615
9 97 198.63369
9 98 196.03272
9 99 182.63523
10 11 147.00627
10 12 115.70215
10 13 199.55073
10 14 162.16075
10 15 183.10425
10 16 103.75529
10 17 195.76934
10 18 147.44388
10 19 109.47527
10 20 152.15016
10 21 142.97609
10 22 132.79258
10 23 167.1264
10 24 166.96864
10 25 144.6594
10 26 193.22386
10 27 143.00353
10 28 159.89295
10 29 106.80168
10 30 198.6816
10 31 193.81797
10 32 141.66504
10 33 170.95695
10 34 157.38383
10 35 158.55003
10 36 104.63419
10 37 195.0188
10 38 184.74955
10 39 131.45111
10 40 124.68578
10 41 190.86763
10 42 101.95608
10 43 160.90695
10 44 187.10391
10 45 140.3498
10 46 169.85459
10 47 161.16328
10 48 191.91733
10 49 194.84584
10 50 169.20256
10 51 138.08722
10 52 175.59334
10 53 115.74025
10 54 110.51115
10 55 160.24295
10 56 102.2551
10 57 111.82316
10 58 178.77514
10 59 179.05537
10 60 180.99766
10 61 130.7708
10 62 158.61455
10 63 167.14758
10 64 165.67059
10 65 143.3637
10 66 188.96732
10 67 171.755
10 68 117.50246
10 69 109.11031
10 70 198.81271
10 71 196.75756
10 72 185.72995
10 73 122.94598
10 74 167.17609
10 75 151.53677
10 76 132.33217
10 77 154.91087
10 78 139.53693
10 79 162.08231
10 80 149.05579
10 81 173.93695
10 82 189.48177
10 83 168.45029
10 84 102.8873
10 85 135.47455
10 86 136.29878
10 87 135.43147
10 88 150.77825
10 89 118.45286
10 90 169.36747
10 91 138.88532
10 92 150.15884
10 93 114.65704
10 94 169.29024
10 95 189.60911
10 96 136.01203
10 97 158.14255
10 98 143.38439
10 99 179.69896
11 12 111.53253
11 13 148.45959
11 14 178.27236
11 15 122.06994
11 16 175.94758
11 17 112.92679
11 18 193.64009
11 19 196.95298
11 20 131.38471
11 21 191.17112
11 22 121.032
11 23 121.92873
11 24 136.16033
11 25 180.55614
11 26 161.41731
11 27 100.51773
11 28 187.75734
11 29 121.04325
11 30 134.06702
11 31 108.57122
11 32 107.10575
11 33 148.47566
11 34 149.29872
11 35 153.58361
11 36 179.11138
11 37 123.9765
11 38 127.31415
11 39 175.2411
11 40 158.4591
11 41 189.49557
11 42 133.4014
11 43 104.78951
11 44 116.41222
11 45 158.60392
11 46 104.85953
11 47 101.99038
11 48 120.70228
11 49 153.39497
11 50 137.23595
11 51 115.92814
11 52 103.25588
11 53 178.0906
11 54 192.90509
11 55 133.13046
11 56 167.28022
11 57 161.3304
11 58 197.28333
11 59 164.22028
11 60 172.16083
11 61 194.61795
11 62 162.26421
11 63 196.63975
11 64 104.98326
11 65 102.48268
11 66 175.23543
11 67 117.51198
11 68 158.29426
11 69 147.98094
11 70 164.6022
11 71 159.12057
11 72 145.04133
11 73 148.26981
11 74 168.20306
11 75 172.60422
11 76 126.31768
11 77 107.41494
11 78 184.13586
11 79 139.87297
11 80 189.5088
11 81 142.88579
11 82 179.53186
11 83 196.72684
11 84 160.85316
11 85 182.849
11 86 123.54046
11 87 170.44966
11 88 133.30058
11 89 162.14185
11 90 167.93002
11 91 150.21823
11 92 177.99971
11 93 150.89318
11 94 110.1287
11 95 116.32928
11 96 167.14703
11 97 166.6086
11 98 143.50149
11 99 125.28373
12 13 136.30581
12 14 135.19287
12 15 115.64143
12 16 150.04538
12 17 114.67881
12 18 114.6308
12 19 199.01161
12 20 124.76772
12 21 137.9146
12 22 150.1394
12 23 190.32444
12 24 154.46482
12 25 100.97014
12 26 142.93582
12 27 142.77237
12 28 195.39993
12 29 181.39324
12 30 141.84833
12 31 108.33488
12 32 171.25743
12 33 151.06483
12 34 119.82343
12 35 100.75911
12 36 157.82311
12 37 103.97892
12 38 177.30921
12 39 184.83212
12 40 161.08031
12 41 191.69475
12 42 130.15562
12 43 130.83843
12 44 178.71044
12 45 118.06765
12 46 182.70944
12 47 174.52942
12 48 141.19551
12 49 120.7528
12 50 175.80987
12 51 197.49085
12 52 106.06331
12 53 148.99816
12 54 104.73751
12 55 198.24162
12 56 141.13045
12 57 157.70083
12 58 144.06821
12 59 185.58506
12 60 109.45101
12 61 101.75572
12 62 131.07931
12 63 157.92687
12 64 175.46442
12 65 122.28169
12 66 155.26105
12 67 105.4499
12 68 168.11335
12 69 135.48293
12 70 104.54622
12 71 137.64424
12 72 142.64106
12 73 191.90845
12 74 138.60144
12 75 154.91694
12 76 153.50989
12 77 174.47998
12 78 168.64575
12 79 128.99999
12 80 140.95362
12 81 149.98312
12 82 105.12892
12 83 194.73111
12 84 188.47116
12 85 110.92664
12 86 143.75835
12 87 174.45893
12 88 115.08653
12 89 152.42781
12 90 118.89324
12 91 196.60995
12 92 194.6114
12 93 141.18206
12 94 147.80401
12 95 117.96243
12 96 167.89153
12 97 181.06126
12 98 139.46545
12 99 137.24032
13 14 136.19432
13 15 153.76569
13 16 172.5419
13 17 157.73621
13 18 129.57027
13 19 172.8396
13 20 157.37351
13 21 174.92529
13 22 140.78142
13 23 115.79783
13 24 142.16471
13 25 124.92426
13 26 166.31684
13 27 110.33245
13 28 136.05855
13 29 178.15851
13 30 133.22542
13 31 143.77165
13 32 172.30957
13 33 144.33313
13 34 138.28555
13 35 119.87862
13 36 141.65622
13 37 191.33671
13 38 125.49774
13 39 161.98028
13 40 186.62285
13 41 119.66118
13 42 199.59794
13 43 123.48377
13 44 141.10582
13 45 176.66927
13 46 159.48938
13 47 149.33249
13 48 162.53566
13 49 158.95212
13 50 145.06917
13 51 199.61592
13 52 175.49581
13 53 140.00256
13 54 134.73596
13 55 108.74491
13 56 198.21539
13 57 102.52701
13 58 176.38319
13 59 149.99944
13 60 170.64557
13 61 144.75474
13 62 135.49728
13 63 198.87689
13 64 193.54362
13 65 153.11382
13 66 164.02952
13 67 111.12464
13 68 178.62014
13 69 155.84445
13 70 125.70686
13 71 111.49502
13 72 163.89989
13 73 157.91119
13 74 179.88954
13 75 132.12499
13 76 179.02265
13 77 106.77077
13 78 190.1513
13 79 195.1436
13 80 174.39172
13 81 116.11991
13 82 180.84342
13 83 122.53506
13 84 138.22488
13 85 179.5819
13 86 126.45003
13 87 168.13971
13 88 139.25364
13 89 115.36589
13 90 171.41801
13 91 187.12157
13 92 100.84712
13 93 162.1746
13 94 138.90242
13 95 175.51638
13 96 170.89717
13 97 151.55153
13 98 184.03986
13 99 185.7473
14 15 193.84341
14 16 126.46808
14 17 111.59808
14 18 130.8629
14 19 184.80164
14 20 165.4325
14 21 115.47199
14 22 199.55369
14 23 128.04131
14 24 123.21275
14 25 100.18741
14 26 190.17265
14 27 184.72278
14 28 193.12278
14 29 182.27005
14 30 156.21417
14 31 184.56556
14 32 129.27214
14 33 126.23962
14 34 146.47813
14 35 159.12026
14 36 119.8788
14 37 120.19626
14 38 142.21033
14 39 163.87953
14 40 134.60446
14 41 199.17345
14 42 121.46597
14 43 166.77717
14 44 129.53498
14 45 136.77449
14 46 130.97904
14 47 171.08158
14 48 110.14668
14 49 177.51822
14 50 189.59078
14 51 164.81358
14 52 138.6733
14 53 182.54142
14 54 108.49743
14 55 120.30167
14 56 176.51489
14 57 180.59616
14 58 128.85267
14 59 188.66763
14 60 107.39944
14 61 126.29484
14 62 100.7239
14 63 151.38946
14 64 191.43333
14 65 165.51163
14 66 117.8659
14 67 126.11846
14 68 100.86325
14 69 155.14423
14 70 110.59379
14 71 186.43789
14 72 182.9688
14 73 188.53368
14 74 116.33774
14 75 155.47453
14 76 135.2018
14 77 104.47627
14 78 106.04867
14 79 155.36013
14 80 113.9791
14 81 170.18425
14 82 187.25681
14 83 133.1014
14 84 134.63843
14 85 173.48742
14 86 193.13108
14 87 131.87541
14 88 184.68157
14 89 133.41876
14 90 148.10824
14 91 134.20356
14 92 173.24422
14 93 168.37658
14 94 129.37545
14 95 105.25185
14 96 106.29477
14 97 175.99936
14 98 172.69559
14 99 109.58947
15 16 102.34382
15 17 194.03099
15 18 153.19363
15 19 192.1602
15 20 109.27623
15 21 162.63729
15 22 115.11693
15 23 160.29788
15 24 178.33012
15 25 116.58049
15 26 124.5412
15 27 177.69737
15 28 124.3444
15 29 170.82676
15 30 118.32756
15 31 185.05413
15 32 181.00379
15 33 132.13345
15 34 183.05369
15 35 140.52108
15 36 181.02339
15 37 185.54578
15 38 117.66741
15 39 156.95114
15 40 126.04225
15 41 148.35959
15 42 141.32767
15 43 124.10194
15 44 131.6905
15 45 177.81144
15 46 154.92107
15 47 158.75659
15 48 116.06612
15 49 146.09987
15 50 104.70854
15 51 103.53383
15 52 143.24801
15 53 186.74494
15 54 113.18317
15 55 166.45106
15 56 166.73028
15 57 132.83056
15 58 102.0925
15 59 108.39023
15 60 112.06188
15 61 180.45035
15 62 148.50557
15 63 162.10859
15 64 178.12273
15 65 127.82141
15 66 125.00001
15 67 134.63389
15 68 191.59841
15 69 103.18753
15 70 117.46279
15 71 142.05377
15 72 199.06554
15 73 120.8042
15 74 169.57559
15 75 115.76572
15 76 159.9441
15 77 131.78738
15 78 112.06286
15 79 189.32534
15 80 147.11726
15 81 110.93879
15 82 190.51771
15 83 163.82984
15 84 109.31766
15 85 116.16854
15 86 112.14211
15 87 177.084
15 88 186.31293
15 89 197.86451
15 90 177.13632
15 91 133.08287
15 92 178.68892
15 93 111.74571
15 94 188.31913
15 95 146.39232
15 96 130.96608
15 97 141.43566
15 98 144.02536
15 99 155.07583
16 17 169.43823
16 18 149.89524
16 19 158.33832
16 20 121.77298
16 21 147.54626
16 22 165.58805
16 23 116.82618
16 24 186.30986
16 25 102.80972
16 26 141.47398
16 27 129.7784
16 28 105.13866
16 29 141.32552
16 30 160.25013
16 31 119.34884
16 32 108.26836
16 33 115.77485
16 34 182.69799
16 35 100.2938
16 36 162.06149
16 37 118.61063
16 38 117.45096
16 39 114.04669
16 40 197.15896
16 41 194.76047
16 42 128.30902
16 43 145.85439
16 44 176.27998
16 45 125.16384
16 46 188.88229
16 47 135.21863
16 48 160.89924
16 49 169.1564
16 50 108.77251
16 51 136.2782
16 52 187.32251
16 53 102.03046
16 54 119.96237
16 55 179.40023
16 56 150.53679
16 57 150.71772
16 58 193.74042
16 59 191.14696
16 60 188.68088
16 61 101.13337
16 62 153.9675
16 63 121.94072
16 64 151.1919
16 65 161.65762
16 66 120.29189
16 67 151.25716
16 68 187.70027
16 69 105.02064
16 70 155.80371
16 71 104.12598
16 72 183.14516
16 73 122.10592
16 74 160.17476
16 75 149.5782
16 76 120.17095
16 77 143.25299
16 78 129.75227
16 79 147.28189
16 80 188.02465
16 81 140.52035
16 82 194.64602
16 83 116.40848
16 84 119.35313
16 85 196.38332
16 86 165.80289
16 87 170.87995
16 88 149.95585
16 89 105.20522
16 90 151.35842
16 91 196.3457
16 92 157.73516
16 93 142.34333
16 94 186.34613
16 95 138.79786
16 96 198.37312
16 97 196.77945
16 98 128.6841
16 99 138.26749
17 18 130.91368
17 19 163.81339
17 20 102.88432
17 21 122.4194
17 22 124.12053
17 23 175.36672
17 24 156.7028
17 25 145.19822
17 26 106.14977
17 27 161.63106
17 28 122.94351
17 29 185.07656
17 30 110.96598
17 31 114.56678
17 32 186.45567
17 33 166.34381
17 34 102.8116
17 35 179.85292
17 36 121.26593
17 37 102.36749
17 38 170.14484
17 39 124.49239
17 40 109.18007
17 41 172.27356
17 42 199.21699
17 43 132.02526
17 44 178.44796
17 45 177.16563
17 46 193.91389
17 47 125.81686
17 48 146.95842
17 49 184.98929
17 50 151.22543
17 51 173.98658
17 52 161.39527
17 53 123.71486
17 54 103.81635
17 55 157.35895
17 56 171.78639
17 57 171.53459
17 58 188.45382
17 59 153.96392
17 60 161.56683
17 61 153.26422
17 62 151.65652
17 63 175.17961
17 64 133.08183
17 65 109.6145
17 66 137.41622
17 67 107.3309
17 68 175.79746
17 69 154.45612
17 70 167.49568
17 71 126.41301
17 72 139.06697
17 73 127.18642
17 74 164.01489
17 75 197.6057
17 76 166.37871
17 77 191.69331
17 78 190.12544
17 79 150.25912
17 80 164.40058
17 81 169.40875
17 82 142.79236
17 83 176.26735
17 84 184.17867
17 85 149.41009
17 86 148.59293
17 87 158.20412
17 88 105.40335
17 89 153.14955
17 90 141.06212
17 91 137.33713
17 92 103.80452
17 93 109.77177
17 94 167.54086
17 95 102.97012
17 96 107.58495
17 97 187.69378
17 98 115.35561
17 99 165.91886
18 19 145.62833
18 20 195.84559
18 21 145.89027
18 22 110.50174
18 23 173.59008
18 24 146.20994
18 25 159.73881
18 26 190.25883
18 27 186.39344
18 28 193.07079
18 29 104.58929
18 30 153.17705
18 31 153.66325
18 32 149.51558
18 33 127.10836
18 34 137.28156
18 35 180.66609
18 36 180.17656
18 37 121.71872
18 38 110.54945
18 39 173.45417
18 40 185.33751
18 41 173.36448
18 42 167.88355
18 43 180.7675
18 44 129.97557
18 45 134.59806
18 46 186.28198
18 47 134.9605
18 48 103.49832
18 49 166.77301
18 50 107.52373
18 51 115.71526
18 52 102.73931
18 53 149.33986
18 54 122.72053
18 55 196.21904
18 56 168.33332
18 57 118.02313
18 58 171.85098
18 59 163.85449
18 60 123.67768
18 61 150.35504
18 62 139.00885
18 63 169.93997
18 64 119.41199
18 65 164.14233
18 66 135.10767
18 67 178.70586
18 68 197.79106
18 69 167.60227
18 70 154.40295
18 71 199.97305
18 72 194.00789
18 73 137.43987
18 74 197.8009
18 75 139.28302
18 76 148.31256
18 77 141.76082
18 78 129.38646
18 79 188.44444
18 80 162.65877
18 81 103.6008
18 82 118.35717
18 83 107.64083
18 84 165.45742
18 85 139.84962
18 86 134.35069
18 87 182.72383
18 88 160.78426
18 89 154.27288
18 90 191.84958
18 91 183.00675
18 92 133.57414
18 93 185.78693
18 94 165.37058
18 95 165.8769
18 96 122.56759
18 97 104.88685
18 98 155.59197
18 99 150.93006
19 20 123.58998
19 21 100.27451
19 22 199.70623
19 23 178.57359
19 24 129.26381
19 25 163.14587
19 26 177.44313
19 27 127.09942
19 28 114.25733
19 29 195.01085
19 30 166.1286
19 31 119.94869
19 32 145.15004
19 33 186.46405
19 34 149.01345
19 35 185.07222
19 36 139.45836
19 37 145.04713
19 38 166.64818
19 39 162.41572
19 40 157.94253
19 41 127.46187
19 42 183.09038
19 43 192.2191
19 44 155.05893
19 45 128.10313
19 46 143.84705
19 47 145.01821
19 48 145.46077
19 49 122.46085
19 50 141.59259
19 51 158.20797
19 52 192.59181
19 53 130.49091
19 54 185.79048
19 55 169.46501
19 56 124.61256
19 57 180.53437
19 58 145.54365
19 59 172.97906
19 60 183.04675
19 61 175.38868
19 62 115.86618
19 63 147.34499
19 64 156.06275
19 65 151.72441
19 66 120.9973
19 67 142.78273
19 68 199.61348
19 69 134.80176
19 70 135.22672
19 71 104.55355
19 72 172.64796
19 73 163.33226
19 74 105.10897
19 75 108.60679
19 76 189.63934
19 77 161.77561
19 78 102.58333
19 79 105.18139
19 80 144.45339
19 81 169.54736
19 82 193.5764
19 83 123.23372
19 84 150.90758
19 85 174.08253
19 86 106.99679
19 87 128.75325
19 88 116.96885
19 89 102.24855
19 90 137.64443
19 91 193.30027
19 92 172.88789
19 93 169.8345
19 94 127.59764
19 95 100.11898
19 96 135.77243
19 97 152.08995
19 98 187.82021
19 99 137.84343
20 21 183.27114
20 22 132.36093
20 23 106.76916
20 24 136.42373
20 25 187.16247
20 26 135.14927
20 27 100.93808
20 28 195.96719
20 29 106.31535
20 30 188.41111
20 31 111.13913
20 32 125.60462
20 33 128.45158
20 34 127.49541
20 35 123.88725
20 36 182.11711
20 37 140.92838
20 38 190.60712
20 39 149.9717
20 40 180.90972
20 41 198.41617
20 42 166.41241
20 43 184.91737
20 44 185.98711
20 45 129.34987
20 46 184.13157
20 47 152.81736
20 48 101.18818
20 49 113.45007
20 50 142.75602
20 51 147.80129
20 52 156.40844
20 53 106.50737
20 54 194.07596
20 55 167.59935
20 56 127.22042
20 57 135.23325
20 58 175.93581
20 59 169.91817
20 60 105.77345
20 61 105.58187
20 62 162.6968
20 63 122.31989
20 64 143.43452
20 65 159.69405
20 66 183.50763
20 67 146.3675
20 68 108.48216
20 69 102.92236
20 70 192.21241
20 71 133.3604
20 72 186.30339
20 73 190.24271
20 74 158.42589
20 75 114.3535
20 76 197.44996
20 77 198.51609
20 78 131.40449
20 79 169.1511
20 80 119.15183
20 81 196.05441
20 82 103.9833
20 83 120.54986
20 84 186.802
20 85 179.69609
20 86 138.98108
20 87 139.41255
20 88 173.0511
20 89 110.46659
20 90 144.74711
20 91 187.13625
20 92 193.61203
20 93 136.21882
20 94 156.52731
20 95 107.90423
20 96 174.40052
20 97 131.91667
20 98 179.5948
20 99 151.48286
21 22 137.34441
21 23 170.42114
21 24 117.83376
21 25 187.59178
21 26 132.02359
21 27 191.89284
21 28 142.19005
21 29 158.59027
21 30 153.22556
21 31 188.16211
21 32 197.59622
21 33 192.30246
21 34 123.30157
21 35 106.87846
21 36 181.39447
21 37 135.42199
21 38 159.25128
21 39 179.23601
21 40 113.19292
21 41 153.34604
21 42 185.13994
21 43 179.43333
21 44 121.72585
21 45 194.04226
21 46 107.49938
21 47 189.50128
21 48 104.80026
21 49 105.46149
21 50 156.73109
21 51 108.10103
21 52 174.3076
21 53 132.48983
21 54 183.59609
21 55 177.54452
21 56 156.27631
21 57 158.6665
21 58 172.03001
21 59 154.48775
21 60 123.71201
21 61 175.01017
21 62 199.36438
21 63 127.01378
21 64 129.42322
21 65 123.18198
21 66 121.89728
21 67 105.05922
21 68 109.90068
21 69 165.24959
21 70 154.14623
21 71 177.87396
21 72 129.32371
21 73 188.28388
21 74 167.53424
21 75 189.18041
21 76 136.46007
21 77 144.90501
21 78 156.86517
21 79 176.04271
21 80 190.76218
21 81 158.86336
21 82 182.72273
21 83 103.16631
21 84 156.7089
21 85 184.22723
21 86 150.77928
21 87 145.39575
21 88 145.52007
21 89 197.15583
21 90 179.71952
21 91 158.23458
21 92 126.88013
21 93 172.40769
21 94 113.18691
21 95 115.6153
21 96 103.68729
21 97 171.90713
21 98 178.30374
21 99 118.6797
22 23 121.9474
22 24 194.02294
22 25 142.72998
22 26 196.70916
22 27 164.16154
22 28 167.2007
22 29 121.71284
22 30 178.59182
22 31 177.97113
22 32 117.44099
22 33 136.88575
22 34 157.64567
22 35 108.93062
22 36 166.68607
22 37 198.91521
22 38 130.59614
22 39 148.64543
22 40 109.5852
22 41 104.71631
22 42 164.07911
22 43 191.31594
22 44 161.67544
22 45 128.36522
22 46 177.92632
22 47 167.75067
22 48 156.82648
22 49 148.21079
22 50 173.98554
22 51 136.42727
22 52 194.22092
22 53 199.34139
22 54 146.23708
22 55 138.09388
22 56 125.16853
22 57 164.7748
22 58 112.43794
22 59 148.59475
22 60 163.10207
22 61 119.46665
22 62 160.3879
22 63 110.66477
22 64 128.55532
22 65 131.9224
22 66 131.75695
22 67 129.23061
22 68 106.79174
22 69 186.17532
22 70 150.61414
22 71 132.78179
22 72 103.74814
22 73 117.36941
22 74 151.62007
22 75 170.78
22 76 105.32114
22 77 145.99816
22 78 106.28889
22 79 169.68811
22 80 177.62278
22 81 133.71284
22 82 182.56246
22 83 145.31123
22 84 122.02189
22 85 145.58563
22 86 146.40603
22 87 142.45629
22 88 184.68414
22 89 123.99418
22 90 190.93863
22 91 103.46216
22 92 199.33723
22 93 193.13407
22 94 137.97725
22 95 191.76853
22 96 153.0818
22 97 111.24031
22 98 101.21784
22 99 193.86962
23 24 115.67101
23 25 191.81764
23 26 118.31321
23 27 165.26468
23 28 158.71913
23 29 174.23251
23 30 198.14881
23 31 179.75382
23 32 110.65339
23 33 149.33332
23 34 174.51962
23 35 139.45834
23 36 176.22357
23 37 178.83335
23 38 180.32943
23 39 195.22081
23 40 148.11421
23 41 130.59884
23 42 132.83999
23 43 192.46508
23 44 128.04115
23 45 152.10918
23 46 113.04888
23 47 118.05911
23 48 166.48734
23 49 142.49551
23 50 113.65992
23 51 197.2897
23 52 123.67168
23 53 165.30465
23 54 159.46189
23 55 158.01336
23 56 155.73561
23 57 110.96673
23 58 144.5772
23 59 141.45492
23 60 194.77323
23 61 117.38501
23 62 179.6052
23 63 176.12023
23 64 140.92686
23 65 130.56767
23 66 175.86179
23 67 162.06146
23 68 108.7766
23 69 113.81639
23 70 199.55446
23 71 175.19395
23 72 157.46843
23 73 142.95154
23 74 128.64123
23 75 164.80567
23 76 144.77122
23 77 132.63147
23 78 116.63805
23 79 132.12118
23 80 111.89284
23 81 102.75866
23 82 196.51517
23 83 132.4299
23 84 165.15703
23 85 178.95241
23 86 166.20232
23 87 126.75689
23 88 143.19343
23 89 134.14369
23 90 138.35035
23 91 190.95807
23 92 192.59605
23 93 168.06006
23 94 186.14576
23 95 107.53172
23 96 161.58624
23 97 194.0918
23 98 192.93994
23 99 145.08873
24 25 172.72934
24 26 136.77871
24 27 164.986
24 28 133.75785
24 29 100.18597
24 30 143.78046
24 31 169.78161
24 32 134.29079
24 33 134.64929
24 34 173.96442
24 35 118.29388
24 36 127.7431
24 37 107.83462
24 38 199.5756
24 39 123.37259
24 40 155.40054
24 41 116.31143
24 42 126.52878
24 43 111.76791
24 44 142.65926
24 45 198.49644
24 46 189.43026
24 47 112.21508
24 48 145.32145
24 49 162.05011
24 50 174.7198
24 51 152.5593
24 52 152.98151
24 53 126.93077
24 54 187.63429
24 55 152.74087
24 56 106.93808
24 57 119.11808
24 58 107.4526
24 59 153.30165
24 60 111.36085
24 61 171.42517
24 62 112.34154
24 63 194.41634
24 64 117.28033
24 65 194.62446
24 66 160.87421
24 67 146.63176
24 68 137.87012
24 69 144.54793
24 70 118.29371
24 71 144.26323
24 72 168.92383
24 73 139.24639
24 74 176.59902
24 75 130.03435
24 76 133.46199
24 77 199.79309
24 78 103.76195
24 79 129.02342
24 80 124.30145
24 81 152.77797
24 82 113.52182
24 83 127.57116
24 84 150.13683
24 85 165.77554
24 86 145.03567
24 87 131.69803
24 88 125.3269
24 89 129.53222
24 90 117.77094
24 91 111.85464
24 92 152.76731
24 93 156.60711
24 94 192.81153
24 95 172.54031
24 96 190.61913
24 97 138.92185
24 98 189.88377
24 99 146.95098
25 26 131.82979
25 27 133.18356
25 28 159.41549
25 29 146.44093
25 30 167.2857
25 31 101.3809
25 32 198.17749
25 33 138.41239
25 34 111.56111
25 35 182.40492
25 36 189.08685
25 37 189.38617
25 38 165.72026
25 39 114.04201
25 40 133.74955
25 41 136.65132
25 42 166.01125
25 43 180.21508
25 44 192.94315
25 45 102.60777
25 46 171.21748
25 47 145.47062
25 48 132.65524
25 49 103.49031
25 50 136.10707
25 51 137.14689
25 52 136.09004
25 53 140.22512
25 54 140.24204
25 55 182.77593
25 56 176.56846
25 57 127.6077
25 58 194.24543
25 59 153.39496
25 60 116.86891
25 61 139.71265
25 62 138.73673
25 63 153.44095
25 64 195.02416
25 65 106.28915
25 66 193.95868
25 67 181.62061
25 68 123.12784
25 69 160.38084
25 70 179.58405
25 71 136.91218
25 72 194.08708
25 73 149.6745
25 74 179.83019
25 75 192.01383
25 76 182.2301
25 77 175.20847
25 78 139.74109
25 79 181.07507
25 80 109.99357
25 81 103.71443
25 82 198.74403
25 83 129.68898
25 84 138.63778
25 85 198.92013
25 86 140.23382
25 87 195.83599
25 88 113.66215
25 89 192.69178
25 90 166.42977
25 91 192.77795
25 92 123.50533
25 93 191.81215
25 94 142.74231
25 95 163.96223
25 96 190.69467
25 97 197.50634
25 98 122.14638
25 99 158.67103
26 27 140.94386
26 28 158.14929
26 29 173.20552
26 30 116.78664
26 31 181.2681
26 32 116.24654
26 33 156.86295
26 34 132.78216
26 35 185.28683
26 36 189.19598
26 37 116.92774
26 38 109.39056
26 39 135.91609
26 40 193.64694
26 41 199.24993
26 42 199.59037
26 43 194.59154
26 44 177.15951
26 45 120.59486
26 46 102.26294
26 47 184.73794
26 48 159.58499
26 49 196.69128
26 50 156.44378
26 51 146.05335
26 52 149.19239
26 53 132.31514
26 54 120.20442
26 55 100.33037
26 56 177.27856
26 57 177.89137
26 58 191.14986
26 59 179.51867
26 60 154.30212
26 61 112.1127
26 62 175.77142
26 63 167.78131
26 64 109.96506
26 65 169.4917
26 66 166.59524
26 67 195.52755
26 68 136.50996
26 69 169.69945
26 70 128.45338
26 71 169.10784
26 72 143.89351
26 73 177.4641
26 74 166.0479
26 75 169.06837
26 76 110.97639
26 77 147.26743
26 78 160.44343
26 79 187.82115
26 80 198.6907
26 81 154.41362
26 82 114.97129
26 83 182.8096
26 84 127.08146
26 85 106.91705
26 86 174.26824
26 87 175.74956
26 88 159.0743
26 89 126.81663
26 90 103.67788
26 91 108.13217
26 92 117.04677
26 93 148.88429
26 94 127.36726
26 95 170.82861
26 96 153.58381
26 97 130.33424
26 98 124.07045
26 99 148.79326
27 28 189.12177
27 29 137.57237
27 30 107.97983
27 31 181.5694
27 32 150.49049
27 33 164.94625
27 34 187.49421
27 35 130.6445
27 36 156.46715
27 37 148.02099
27 38 140.26535
27 39 121.62071
27 40 192.99555
27 41 125.82795
27 42 173.87346
27 43 125.69011
27 44 138.86706
27 45 110.08449
27 46 145.14818
27 47 169.41016
27 48 125.81058
27 49 166.73807
27 50 168.65835
27 51 106.98286
27 52 196.9633
27 53 135.58621
27 54 175.08803
27 55 174.60733
27 56 132.59519
27 57 119.47019
27 58 124.03889
27 59 180.56618
27 60 122.69215
27 61 148.10008
27 62 196.31264
27 63 189.75275
27 64 194.21297
27 65 122.50112
27 66 163.82683
27 67 168.93861
27 68 145.8001
27 69 176.14474
27 70 152.21723
27 71 105.80596
27 72 123.85938
27 73 150.90555
27 74 192.65088
27 75 123.6509
27 76 160.13064
27 77 121.99272
27 78 193.35964
27 79 126.10051
27 80 130.96916
27 81 141.44567
27 82 143.45634
27 83 116.94915
27 84 121.29539
27 85 142.30712
27 86 193.73979
27 87 169.93409
27 88 176.77492
27 89 194.43147
27 90 194.52908
27 91 178.1663
27 92 187.0964
27 93 140.61409
27 94 108.85835
27 95 102.77918
27 96 123.6018
27 97 145.80985
27 98 182.33762
27 99 182.30493
28 29 164.27214
28 30 127.18606
28 31 196.03114
28 32 111.80007
28 33 177.89057
28 34 167.56618
28 35 188.02455
28 36 124.4186
28 37 128.38708
28 38 111.30923
28 39 136.86629
28 40 125.81855
28 41 155.36797
28 42 146.90468
28 43 164.52292
28 44 126.59931
28 45 115.40316
28 46 173.51547
28 47 160.75019
28 48 199.42268
28 49 195.80715
28 50 186.54577
28 51 161.50252
28 52 112.29589
28 53 145.91109
28 54 101.47605
28 55 106.32221
28 56 101.17827
28 57 181.25271
28 58 190.85044
28 59 153.43629
28 60 197.48007
28 61 163.9604
28 62 102.22849
28 63 180.23423
28 64 108.79791
28 65 174.33301
28 66 122.41923
28 67 166.15794
28 68 145.69734
28 69 171.51552
28 70 191.34552
28 71 119.96699
28 72 105.01205
28 73 187.09563
28 74 163.74862
28 75 169.00632
28 76 106.55991
28 77 103.9269
28 78 125.65627
28 79 165.70567
28 80 141.93976
28 81 128.53734
28 82 114.20465
28 83 149.82344
28 84 132.36122
28 85 152.11614
28 86 140.69897
28 87 112.44546
28 88 174.60181
28 89 127.9328
28 90 125.73701
28 91 114.2504
28 92 117.062
28 93 112.53619
28 94 118.81747
28 95 154.13081
28 96 137.81578
28 97 136.56408
28 98 142.49256
28 99 157.8083
29 30 142.27762
29 31 114.20325
29 32 114.71009
29 33 188.82245
29 34 182.2302
29 35 117.62887
29 36 146.38877
29 37 189.23173
29 38 164.53407
29 39 158.98816
29 40 143.84789
29 41 198.7175
29 42 108.78715
29 43 136.31734
29 44 195.60274
29 45 129.61238
29 46 128.45499
29 47 190.74886
29 48 112.84545
29 49 105.61616
29 50 195.09731
29 51 117.52114
29 52 142.34985
29 53 152.33957
29 54 108.44868
29 55 179.81296
29 56 120.27131
29 57 196.24118
29 58 152.42707
29 59 166.69436
29 60 112.77015
29 61 167.44107
29 62 106.08918
29 63 175.22846
29 64 188.11385
29 65 165.74753
29 66 129.78067
29 67 192.9028
29 68 140.3342
29 69 192.46262
29 70 125.24242
29 71 151.91931
29 72 184.9368
29 73 137.49098
29 74 100.56349
29 75 104.58782
29 76 152.18525
29 77 183.44107
29 78 134.57408
29 79 135.22414
29 80 124.04676
29 81 157.23017
29 82 182.11096
29 83 117.03363
29 84 193.5799
29 85 120.61761
29 86 139.63905
29 87 192.77781
29 88 145.96248
29 89 159.0661
29 90 166.44129
29 91 190.5107
29 92 120.23604
29 93 100.1959
29 94 173.25117
29 95 177.24632
29 96 118.97679
29 97 172.98133
29 98 115.21069
29 99 174.66501
30 31 190.71211
30 32 144.75236
30 33 138.96322
30 34 145.96617
30 35 163.484
30 36 131.01601
30 37 110.27541
30 38 191.22669
30 39 155.78253
30 40 107.03512
30 41 107.73597
30 42 150.14487
30 43 133.00271
30 44 159.48382
30 45 134.80359
30 46 131.29015
30 47 188.15916
30 48 191.75123
30 49 191.8932
30 50 139.03613
30 51 164.86189
30 52 188.64054
30 53 187.21413
30 54 106.14901
30 55 115.86841
30 56 114.62689
30 57 138.33591
30 58 146.37193
30 59 183.04975
30 60 169.37623
30 61 116.25181
30 62 170.42109
30 63 101.61866
30 64 158.98422
30 65 173.23684
30 66 142.74346
30 67 176.62711
30 68 189.54867
30 69 176.51183
30 70 145.01647
30 71 150.15653
30 72 148.06423
30 73 159.2111
30 74 101.00659
30 75 167.31131
30 76 197.97784
30 77 179.96254
30 78 159.12912
30 79 185.31786
30 80 156.28063
30 81 130.88619
30 82 159.22463
30 83 183.40206
30 84 129.40835
30 85 198.72707
30 86 113.5696
30 87 162.2364
30 88 163.58725
30 89 158.84809
30 90 144.53473
30 91 143.70721
30 92 122.88822
30 93 168.04387
30 94 132.80315
30 95 175.84739
30 96 148.86075
30 97 175.02358
30 98 157.35316
30 99 162.00511
31 32 112.34461
31 33 109.51222
31 34 117.01765
31 35 113.80856
31 36 172.38032
31 37 106.03509
31 38 104.69304
31 39 144.38014
31 40 190.76077
31 41 189.5244
31 42 184.64166
31 43 122.97421
31 44 116.12927
31 45 166.50409
31 46 109.95384
31 47 108.90866
31 48 114.55762
31 49 142.36287
31 50 129.62338
31 51 101.68778
31 52 159.93036
31 53 154.22458
31 54 101.05655
31 55 192.48839
31 56 111.08813
31 57 160.94497
31 58 142.33834
31 59 114.96497
31 60 181.17851
31 61 169.86329
31 62 145.78934
31 63 167.26701
31 64 164.1705
31 65 120.34214
31 66 149.24445
31 67 113.42947
31 68 178.17337
31 69 130.93139
31 70 108.31533
31 71 186.46529
31 72 139.32629
31 73 158.25558
31 74 159.36201
31 75 182.12531
31 76 111.67454
31 77 139.52643
31 78 132.07621
31 79 123.78332
31 80 156.55298
31 81 168.59778
31 82 115.282
31 83 125.28468
31 84 144.07246
31 85 117.21807
31 86 194.212
31 87 190.94808
31 88 197.17992
31 89 141.91233
31 90 136.92268
31 91 126.04955
31 92 174.94259
31 93 102.44958
31 94 131.93676
31 95 148.96636
31 96 153.85244
31 97 153.39481
31 98 134.93433
31 99 198.20179
32 33 101.93604
32 34 183.59537
32 35 144.78204
32 36 117.32032
32 37 170.82101
32 38 141.69891
32 39 170.66301
32 40 152.51122
32 41 107.96774
32 42 178.57577
32 43 101.9805
32 44 131.95474
32 45 170.52708
32 46 163.52087
32 47 130.49997
32 48 136.19912
32 49 149.68303
32 50 126.71636
32 51 138.50266
32 52 153.7805
32 53 180.67565
32 54 109.40246
32 55 161.64903
32 56 123.67236
32 57 176.73417
32 58 172.48068
32 59 132.51244
32 60 114.44138
32 61 177.33196
32 62 170.87421
32 63 111.84581
32 64 160.72302
32 65 199.86114
32 66 155.0984
32 67 117.52976
32 68 180.20809
32 69 188.88303
32 70 135.8525
32 71 148.46211
32 72 125.6482
32 73 194.95987
32 74 178.68281
32 75 126.28135
32 76 172.21294
32 77 137.88503
32 78 108.55527
32 79 142.85734
32 80 141.83262
32 81 195.99704
32 82 112.08364
32 83 198.86923
32 84 110.63906
32 85 135.91551
32 86 181.66268
32 87 152.14838
32 88 135.28796
32 89 192.39474
32 90 151.51263
32 91 132.91971
32 92 104.08834
32 93 191.20624
32 94 104.85483
32 95 110.23503
32 96 190.86062
32 97 188.13684
32 98 146.03496
32 99 125.08933
33 34 180.00959
33 35 150.57092
33 36 172.37521
33 37 146.24598
33 38 182.11935
33 39 147.59293
33 40 197.8437
33 41 144.3838
33 42 162.38337
33 43 101.17612
33 44 133.96149
33 45 132.43388
33 46 153.61991
33 47 196.07881
33 48 104.50391
33 49 183.79819
33 50 161.05846
33 51 115.12414
33 52 101.42284
33 53 101.36168
33 54 126.83969
33 55 174.86427
33 56 154.42022
33 57 170.30103
33 58 130.4069
33 59 192.79581
33 60 110.80982
33 61 170.43782
33 62 144.38554
33 63 195.26379
33 64 161.80957
33 65 178.03544
33 66 166.6078
33 67 173.03014
33 68 152.22428
33 69 184.68234
33 70 107.33978
33 71 130.98411
33 72 195.8878
33 73 150.71746
33 74 114.98608
33 75 127.37076
33 76 182.71997
33 77 118.84802
33 78 106.28501
33 79 160.97124
33 80 127.84558
33 81 104.91192
33 82 180.0931
33 83 105.56722
33 84 147.33255
33 85 179.60402
33 86 176.85125
33 87 117.57847
33 88 155.71385
33 89 165.22366
33 90 138.69468
33 91 179.83572
33 92 181.40261
33 93 110.68574
33 94 137.67967
33 95 123.06842
33 96 129.04214
33 97 150.08053
33 98 132.44904
33 99 157.92758
34 35 144.97279
34 36 107.33362
34 37 159.55499
34 38 189.04789
34 39 168.45633
34 40 134.51242
34 41 167.86068
34 42 172.00147
34 43 183.19221
34 44 144.06862
34 45 107.30016
34 46 130.24214
34 47 111.04412
34 48 135.65344
34 49 171.04398
34 50 162.5641
34 51 150.00325
34 52 151.50198
34 53 122.50888
34 54 172.0528
34 55 150.70274
34 56 185.66299
34 57 121.54112
34 58 177.25005
34 59 180.68704
34 60 177.3396
34 61 122.84327
34 62 179.84697
34 63 143.97226
34 64 109.14799
34 65 115.88756
34 66 176.94297
34 67 169.27023
34 68 114.31827
34 69 104.72524
34 70 197.81987
34 71 164.44908
34 72 129.63676
34 73 186.5779
34 74 145.36417
34 75 147.24026
34 76 183.74061
34 77 193.51624
34 78 179.13637
34 79 166.73686
34 80 198.87061
34 81 101.79295
34 82 162.30217
34 83 110.95428
34 84 152.85204
34 85 103.02484
34 86 175.55698
34 87 199.87821
34 88 132.66191
34 89 131.78532
34 90 111.30602
34 91 149.14801
34 92 195.49915
34 93 189.78373
34 94 102.15861
34 95 192.59406
34 96 138.99859
34 97 150.57287
34 98 142.65179
34 99 162.11435
35 36 107.51642
35 37 162.39586
35 38 179.2669
35 39 141.06545
35 40 133.163
35 41 193.19838
35 42 159.5918
35 43 186.80079
35 44 130.73541
35 45 133.56208
35 46 174.45423
35 47 142.91947
35 48 159.34601
35 49 105.83385
35 50 167.71701
35 51 146.56927
35 52 181.8808
35 53 189.65187
35 54 156.90601
35 55 167.68694
35 56 182.74787
35 57 144.73796
35 58 198.92542
35 59 158.70409
35 60 169.42072
35 61 107.49391
35 62 159.38288
35 63 119.63383
35 64 121.31766
35 65 115.25086
35 66 147.01518
35 67 158.21061
35 68 123.38281
35 69 104.61017
35 70 167.46509
35 71 181.25945
35 72 194.74235
35 73 115.33511
35 74 103.41387
35 75 107.66338
35 76 113.01893
35 77 189.50016
35 78 175.40575
35 79 151.12774
35 80 108.84084
35 81 190.7196
35 82 129.50852
35 83 120.12752
35 84 167.16144
35 85 175.04976
35 86 155.10019
35 87 126.51931
35 88 111.28461
35 89 118.47253
35 90 109.32973
35 91 147.4024
35 92 182.568
35 93 166.72422
35 94 140.83398
35 95 159.75478
35 96 131.99738
35 97 137.05112
35 98 141.18409
35 99 118.32107
36 37 190.14365
36 38 130.68859
36 39 145.09402
36 40 190.57187
36 41 120.39939
36 42 124.96998
36 43 167.3607
36 44 175.6542
36 45 191.57794
36 46 138.83889
36 47 120.83488
36 48 119.89863
36 49 140.27168
36 50 180.26424
36 51 100.47402
36 52 197.70344
36 53 170.84817
36 54 192.12551
36 55 167.90732
36 56 130.72181
36 57 139.78768
36 58 110.09133
36 59 107.88493
36 60 151.7065
36 61 134.13501
36 62 151.70297
36 63 182.46515
36 64 159.77668
36 65 132.71746
36 66 139.39767
36 67 143.30844
36 68 111.87753
36 69 128.11879
36 70 106.50772
36 71 145.8438
36 72 151.83837
36 73 120.10295
36 74 174.59537
36 75 154.61386
36 76 147.11983
36 77 148.83583
36 78 195.58334
36 79 111.63537
36 80 121.65908
36 81 138.67351
36 82 140.24055
36 83 145.28343
36 84 128.80878
36 85 135.96861
36 86 156.79675
36 87 156.0291
36 88 185.81691
36 89 101.21797
36 90 190.02279
36 91 148.03857
36 92 128.25635
36 93 116.59771
36 94 101.82493
36 95 108.02954
36 96 132.36774
36 97 173.15555
36 98 177.33703
36 99 112.70848
37 38 112.33186
37 39 146.30749
37 40 183.48639
37 41 153.36695
37 42 117.31724
37 43 170.69401
37 44 126.46138
37 45 198.18894
37 46 124.04292
37 47 122.77906
37 48 142.32725
37 49 164.0305
37 50 108.88772
37 51 113.23549
37 52 116.54532
37 53 181.94018
37 54 173.00046
37 55 178.35419
37 56 196.12445
37 57 114.09507
37 58 192.86211
37 59 181.57745
37 60 127.30068
37 61 126.55845
37 62 152.322
37 63 115.51815
37 64 172.01093
37 65 118.08069
37 66 122.84538
37 67 198.93912
37 68 193.02949
37 69 106.59958
37 70 123.83287
37 71 169.63528
37 72 129.79528
37 73 153.25428
37 74 148.35901
37 75 164.29166
37 76 158.58149
37 77 192.5827
37 78 149.22422
37 79 151.58286
37 80 188.00233
37 81 108.13636
37 82 110.82164
37 83 112.17337
37 84 197.97032
37 85 189.35062
37 86 147.81475
37 87 122.74503
37 88 137.44959
37 89 139.62996
37 90 114.0719
37 91 164.62344
37 92 116.00602
37 93 151.04053
37 94 172.19759
37 95 105.19761
37 96 163.61817
37 97 153.21975
37 98 149.78168
37 99 118.26791
38 39 161.99746
38 40 164.24434
38 41 125.65808
38 42 127.79323
38 43 119.14952
38 44 158.73628
38 45 167.86509
38 46 115.90758
38 47 143.73646
38 48 124.94854
38 49 145.91824
38 50 183.55549
38 51 148.1992
38 52 148.45032
38 53 136.46572
38 54 109.0892
38 55 105.50415
38 56 127.07871
38 57 176.43514
38 58 192.15383
38 59 153.22428
38 60 147.80247
38 61 140.23418
38 62 120.22838
38 63 128.65164
38 64 144.80927
38 65 100.66448
38 66 185.37915
38 67 135.97579
38 68 193.77901
38 69 174.78532
38 70 138.93589
38 71 126.84786
38 72 117.19522
38 73 102.60597
38 74 155.80431
38 75 142.4552
38 76 189.40629
38 77 112.23102
38 78 125.0413
38 79 125.84636
38 80 161.72169
38 81 194.15167
38 82 113.99284
38 83 178.37597
38 84 177.34609
38 85 163.0984
38 86 170.20579
38 87 106.41115
38 88 122.81048
38 89 177.28678
38 90 184.84143
38 91 138.58599
38 92 180.97065
38 93 143.28313
38 94 195.72864
38 95 104.5081
38 96 127.9118
38 97 199.7983
38 98 186.09408
38 99 102.14337
39 40 151.80814
39 41 143.93431
39 42 177.81268
39 43 185.77717
39 44 164.51887
39 45 132.08963
39 46 182.70291
39 47 130.37346
39 48 166.18742
39 49 193.04791
39 50 188.16662
39 51 121.16357
39 52 153.55145
39 53 199.73475
39 54 173.22148
39 55 150.83736
39 56 129.88899
39 57 151.3172
39 58 102.88654
39 59 137.49522
39 60 197.79642
39 61 185.02886
39 62 170.25802
39 63 144.79144
39 64 147.70801
39 65 132.28794
39 66 129.06087
39 67 149.27312
39 68 111.4365
39 69 137.60853
39 70 131.24516
39 71 121.50515
39 72 139.6805
39 73 124.80874
39 74 172.82043
39 75 198.2698
39 76 126.84875
39 77 135.96046
39 78 108.33591
39 79 195.28223
39 80 143.86148
39 81 112.03066
39 82 138.17279
39 83 182.17546
39 84 192.58828
39 85 137.74558
39 86 154.16572
39 87 104.97791
39 88 141.09517
39 89 151.19575
39 90 197.7916
39 91 189.15886
39 92 143.88693
39 93 116.33138
39 94 188.45647
39 95 138.33418
39 96 156.4926
39 97 184.1903
39 98 112.58576
39 99 117.8891
40 41 134.52557
40 42 171.28609
40 43 122.77308
40 44 120.77985
40 45 191.40199
40 46 129.94293
40 47 119.26826
40 48 104.78053
40 49 160.98263
40 50 125.08187
40 51 158.28581
40 52 144.25001
40 53 129.72185
40 54 118.30546
40 55 103.50987
40 56 135.62475
40 57 129.34878
40 58 173.8116
40 59 155.16814
40 60 198.66278
40 61 177.2251
40 62 104.69311
40 63 100.65347
40 64 129.04763
40 65 123.89406
40 66 174.20846
40 67 152.15317
40 68 123.95776
40 69 137.40418
40 70 161.06044
40 71 135.38167
40 72 143.07758
40 73 178.97303
40 74 104.76691
40 75 170.04679
40 76 108.83368
40 77 191.29161
40 78 128.01961
40 79 151.78518
40 80 153.5814
40 81 173.80898
40 82 198.99575
40 83 119.37179
40 84 168.57424
40 85 199.21104
40 86 191.82708
40 87 168.36253
40 88 181.66058
40 89 158.7048
40 90 140.3043
40 91 101.67059
40 92 184.86563
40 93 167.20797
40 94 177.99248
40 95 179.19926
40 96 140.55377
40 97 114.47918
40 98 187.89422
40 99 159.20837
41 42 157.31549
41 43 158.90545
41 44 111.17793
41 45 139.06194
41 46 177.2663
41 47 142.88423
41 48 137.69278
41 49 162.79324
41 50 195.9764
41 51 150.76872
41 52 129.21857
41 53 149.71184
41 54 199.8185
41 55 156.69584
41 56 195.18942
41 57 148.31841
41 58 121.0584
41 59 174.29855
41 60 185.31209
41 61 110.19238
41 62 139.4808
41 63 181.95633
41 64 136.37426
41 65 126.18235
41 66 125.72086
41 67 179.24843
41 68 186.85754
41 69 154.14247
41 70 147.11739
41 71 186.95209
41 72 167.40619
41 73 147.33633
41 74 152.27703
41 75 122.06907
41 76 166.48373
41 77 128.1469
41 78 181.17437
41 79 140.3296
41 80 136.20473
41 81 178.55375
41 82 110.91124
41 83 196.87916
41 84 148.13061
41 85 195.13318
41 86 100.41924
41 87 192.88672
41 88 194.5256
41 89 125.64716
41 90 181.71112
41 91 180.21202
41 92 100.41017
41 93 152.7299
41 94 124.81765
41 95 138.18797
41 96 104.33885
41 97 106.86346
41 98 176.57439
41 99 132.34664
42 43 136.79128
42 44 193.01175
42 45 117.66501
42 46 194.76225
42 47 127.91521
42 48 105.60232
42 49 119.51178
42 50 192.18153
42 51 105.9692
42 52 102.43504
42 53 129.16013
42 54 171.25883
42 55 168.74234
42 56 105.25472
42 57 169.45628
42 58 165.6973
42 59 125.8223
42 60 146.353
42 61 109.81691
42 62 126.33719
42 63 170.43137
42 64 153.20175
42 65 102.86851
42 66 113.99602
42 67 133.65212
42 68 199.29523
42 69 186.90013
42 70 146.79966
42 71 175.92234
42 72 146.5865
42 73 112.34847
42 74 127.64021
42 75 138.28328
42 76 173.74592
42 77 122.36509
42 78 110.58323
42 79 111.89716
42 80 126.1378
42 81 100.70634
42 82 139.62844
42 83 100.88219
42 84 183.7243
42 85 132.08093
42 86 112.12984
42 87 176.07475
42 88 168.30766
42 89 116.49506
42 90 159.51806
42 91 186.12392
42 92 173.20183
42 93 182.95984
42 94 195.5547
42 95 122.96995
42 96 126.34165
42 97 126.50235
42 98 155.51527
42 99 156.34307
43 44 138.71578
43 45 141.90601
43 46 171.54699
43 47 121.57655
43 48 185.02842
43 49 199.41431
43 50 108.92794
43 51 139.60746
43 52 193.14627
43 53 114.33871
43 54 194.67936
43 55 118.60713
43 56 148.24125
43 57 136.79131
43 58 115.23443
43 59 176.43668
43 60 100.60691
43 61 137.37683
43 62 109.2329
43 63 137.82521
43 64 186.53916
43 65 177.98488
43 66 150.99976
43 67 182.53878
43 68 143.73134
43 69 159.10315
43 70 166.16832
43 71 111.38255
43 72 198.04108
43 73 111.4144
43 74 103.91565
43 75 157.68609
43 76 152.10911
43 77 104.06947
43 78 101.22021
43 79 128.90614
43 80 192.62008
43 81 184.83957
43 82 149.60562
43 83 185.45992
43 84 102.33622
43 85 186.08517
43 86 168.44157
43 87 110.34703
43 88 194.31565
43 89 170.70029
43 90 125.31695
43 91 157.75568
43 92 173.45248
43 93 145.6877
43 94 102.0196
43 95 125.51076
43 96 123.29777
43 97 167.05596
43 98 144.5134
43 99 157.85623
44 45 167.83004
44 46 195.08219
44 47 109.27902
44 48 191.6181
44 49 176.68247
44 50 100.32678
44 51 155.33924
44 52 157.52834
44 53 161.0934
44 54 105.99379
44 55 174.15971
44 56 147.89688
44 57 166.26146
44 58 122.6456
44 59 114.55731
44 60 179.96561
44 61 120.41352
44 62 183.14507
44 63 120.31887
44 64 111.70285
44 65 191.64196
44 66 174.73337
44 67 163.57075
44 68 107.68841
44 69 160.70645
44 70 105.40561
44 71 191.15202
44 72 180.08723
44 73 169.26452
44 74 114.33621
44 75 180.83916
44 76 165.51588
44 77 149.20266
44 78 119.57462
44 79 173.24305
44 80 131.53464
44 81 136.26011
44 82 140.97812
44 83 127.92293
44 84 170.97526
44 85 142.67407
44 86 123.46946
44 87 199.6461
44 88 145.63466
44 89 162.22108
44 90 178.5498
44 91 119.16801
44 92 133.89512
44 93 134.7511
44 94 192.78515
44 95 166.99413
44 96 159.99051
44 97 195.10041
44 98 102.64259
44 99 146.1321
45 46 192.87326
45 47 184.22009
45 48 199.9728
45 49 102.23889
45 50 148.60598
45 51 122.19111
45 52 106.28838
45 53 131.9521
45 54 184.92099
45 55 133.67792
45 56 103.06836
45 57 191.18496
45 58 128.19624
45 59 186.24011
45 60 197.58949
45 61 109.21427
45 62 163.97147
45 63 151.04916
45 64 176.77876
45 65 120.31857
45 66 152.12751
45 67 161.79653
45 68 106.84609
45 69 115.46777
45 70 146.12827
45 71 187.02828
45 72 187.03875
45 73 173.81968
45 74 127.49799
45 75 138.53562
45 76 116.74424
45 77 105.75073
45 78 177.33851
45 79 173.56773
45 80 134.452
45 81 120.4755
45 82 144.04247
45 83 184.92193
45 84 123.12695
45 85 199.09969
45 86 153.78937
45 87 178.11032
45 88 186.45268
45 89 126.29599
45 90 172.84953
45 91 170.23527
45 92 124.66426
45 93 105.61174
45 94 154.62413
45 95 194.61049
45 96 116.66939
45 97 153.75322
45 98 144.35773
45 99 198.40433
46 47 164.03607
46 48 113.7646
46 49 112.30262
46 50 166.74985
46 51 145.48839
46 52 177.8078
46 53 109.93474
46 54 161.65026
46 55 124.82934
46 56 182.84903
46 57 106.52735
46 58 148.72349
46 59 173.75874
46 60 143.87426
46 61 135.8857
46 62 186.91354
46 63 186.31033
46 64 159.75526
46 65 126.81935
46 66 147.91843
46 67 192.98174
46 68 198.32173
46 69 180.03497
46 70 187.91929
46 71 179.56647
46 72 169.39057
46 73 116.24598
46 74 135.13673
46 75 118.57182
46 76 137.7231
46 77 104.76779
46 78 156.62433
46 79 189.14221
46 80 164.92443
46 81 157.15214
46 82 142.47289
46 83 131.16647
46 84 105.19245
46 85 122.82979
46 86 170.78981
46 87 109.16018
46 88 109.07654
46 89 117.05415
46 90 139.78525
46 91 127.41629
46 92 112.89751
46 93 133.79212
46 94 143.98924
46 95 191.63068
46 96 105.34456
46 97 196.99034
46 98 189.55341
46 99 126.43054
47 48 131.07827
47 49 160.5839
47 50 176.30245
47 51 147.94566
47 52 184.35564
47 53 173.39094
47 54 137.46199
47 55 186.84801
47 56 151.49405
47 57 182.88812
47 58 124.6335
47 59 129.78048
47 60 156.07503
47 61 140.52039
47 62 157.34756
47 63 141.15094
47 64 164.18115
47 65 182.62626
47 66 103.66963
47 67 192.54894
47 68 178.24075
47 69 115.45797
47 70 105.7884
47 71 179.72044
47 72 139.78648
47 73 114.58624
47 74 156.09114
47 75 176.67373
47 76 139.57129
47 77 188.73451
47 78 148.79539
47 79 137.54462
47 80 161.96039
47 81 148.28533
47 82 183.69803
47 83 182.36781
47 84 128.73238
47 85 191.74567
47 86 153.53581
47 87 147.15708
47 88 152.63781
47 89 148.73238
47 90 151.26254
47 91 168.07408
47 92 181.70316
47 93 161.05905
47 94 188.15325
47 95 179.46099
47 96 143.17478
47 97 107.32806
47 98 172.41964
47 99 193.05531
48 49 108.62357
48 50 142.28142
48 51 102.4822
48 52 170.58374
48 53 190.85492
48 54 148.97231
48 55 196.04641
48 56 159.52871
48 57 133.40964
48 58 112.14446
48 59 187.44395
48 60 172.37343
48 61 137.74599
48 62 133.18889
48 63 155.98078
48 64 148.19923
48 65 165.09713
48 66 154.76524
48 67 184.08164
48 68 103.92728
48 69 135.09684
48 70 188.63957
48 71 190.5165
48 72 122.86169
48 73 113.02574
48 74 126.82387
48 75 114.44962
48 76 167.60362
48 77 166.27509
48 78 143.97262
48 79 168.07534
48 80 157.76888
48 81 176.79296
48 82 113.46148
48 83 102.25145
48 84 164.31432
48 85 170.79733
48 86 135.26572
48 87 192.92219
48 88 176.82564
48 89 152.68316
48 90 131.96638
48 91 129.39355
48 92 196.57536
48 93 141.05864
48 94 106.76497
48 95 120.06544
48 96 144.44508
48 97 108.74727
48 98 155.87445
48 99 143.34188
49 50 172.96542
49 51 125.54277
49 52 101.96342
49 53 138.80327
49 54 160.9677
49 55 128.25285
49 56 161.89862
49 57 119.19729
49 58 130.11495
49 59 153.60439
49 60 196.26045
49 61 129.97003
49 62 127.87967
49 63 125.12552
49 64 199.41153
49 65 194.86113
49 66 170.47209
49 67 107.28249
49 68 176.30513
49 69 105.12311
49 70 106.60716
49 71 119.37021
49 72 139.93306
49 73 183.92036
49 74 155.4966
49 75 140.11883
49 76 144.15068
49 77 170.78571
49 78 176.8715
49 79 195.4691
49 80 149.93759
49 81 125.74899
49 82 111.56574
49 83 148.96346
49 84 168.80051
49 85 109.04694
49 86 192.73804
49 87 126.43847
49 88 134.48998
49 89 134.5062
49 90 123.92107
49 91 122.13963
49 92 129.83858
49 93 118.72156
49 94 138.16951
49 95 134.05254
49 96 183.93944
49 97 185.53707
49 98 142.16716
49 99 178.93107
50 51 157.80581
50 52 113.64133
50 53 133.95607
50 54 198.22121
50 55 104.68376
50 56 184.65678
50 57 149.37594
50 58 160.52912
50 59 140.678
50 60 117.74091
50 61 128.06158
50 62 134.39498
50 63 154.94889
50 64 155.10103
50 65 120.70913
50 66 190.91798
50 67 193.1394
50 68 158.52991
50 69 196.68018
50 70 175.3667
50 71 159.44254
50 72 161.21714
50 73 144.24292
50 74 167.1686
50 75 107.56579
50 76 135.31944
50 77 173.33822
50 78 161.94734
50 79 169.08177
50 80 114.78732
50 81 127.73146
50 82 130.11327
50 83 140.77626
50 84 115.81347
50 85 100.0385
50 86 179.37771
50 87 198.07715
50 88 107.13807
50 89 105.33283
50 90 134.99026
50 91 163.87016
50 92 109.56243
50 93 196.67709
50 94 134.16153
50 95 104.61294
50 96 146.2341
50 97 194.64968
50 98 161.18903
50 99 139.80646
51 52 140.58088
51 53 130.16233
51 54 125.91994
51 55 102.7916
51 56 186.6564
51 57 111.9665
51 58 139.0332
51 59 143.24429
51 60 134.47087
51 61 107.77494
51 62 158.60117
51 63 103.3177
51 64 134.02308
51 65 178.25234
51 66 194.60229
51 67 169.18452
51 68 153.79239
51 69 173.30626
51 70 149.5948
51 71 132.20209
51 72 164.68392
51 73 183.11283
51 74 190.95712
51 75 180.864
51 76 127.00117
51 77 188.70085
51 78 195.94955
51 79 158.99446
51 80 160.54835
51 81 113.06627
51 82 154.7134
51 83 124.01916
51 84 122.38368
51 85 155.46751
51 86 150.52268
51 87 181.13034
51 88 187.70099
51 89 196.02729
51 90 186.63776
51 91 171.1083
51 92 142.87889
51 93 138.5881
51 94 179.90275
51 95 110.81535
51 96 109.48395
51 97 170.05312
51 98 184.18574
51 99 158.85347
52 53 160.65774
52 54 172.32186
52 55 150.34172
52 56 148.86453
52 57 163.87272
52 58 102.29102
52 59 143.56989
52 60 161.13582
52 61 108.75478
52 62 112.43286
52 63 118.8586
52 64 132.48683
52 65 179.47088
52 66 179.707
52 67 167.55784
52 68 170.71589
52 69 143.68752
52 70 186.7199
52 71 160.10945
52 72 176.10071
52 73 195.34312
52 74 158.33358
52 75 154.09593
52 76 192.79336
52 77 188.98271
52 78 136.75215
52 79 196.61005
52 80 144.55344
52 81 189.168
52 82 118.61213
52 83 173.39024
52 84 143.9442
52 85 146.16855
52 86 137.93341
52 87 181.76205
52 88 188.62602
52 89 143.64249
52 90 127.71614
52 91 196.28734
52 92 132.14728
52 93 141.22104
52 94 156.1338
52 95 154.31054
52 96 168.4828
52 97 192.93009
52 98 183.23357
52 99 181.53912
53 54 110.77094
53 55 170.38448
53 56 130.939
53 57 192.04088
53 58 179.38791
53 59 189.81567
53 60 185.74888
53 61 105.53484
53 62 116.53256
53 63 194.03694
53 64 187.33597
53 65 127.17497
53 66 180.52398
53 67 117.58891
53 68 118.82592
53 69 125.38048
53 70 146.96644
53 71 143.30772
53 72 106.42929
53 73 172.22195
53 74 189.49703
53 75 181.33602
53 76 188.15968
53 77 164.52074
53 78 169.89895
53 79 196.72537
53 80 108.09706
53 81 168.99557
53 82 172.62137
53 83 153.31418
53 84 154.10643
53 85 160.07912
53 86 138.78233
53 87 121.33079
53 88 106.62245
53 89 150.03568
53 90 141.98274
53 91 176.48115
53 92 163.46007
53 93 104.26267
53 94 168.95569
53 95 144.48922
53 96 165.95616
53 97 155.21128
53 98 140.20684
53 99 155.79431
54 55 108.26476
54 56 103.98418
54 57 172.26621
54 58 168.44885
54 59 190.77109
54 60 141.47388
54 61 125.669
54 62 136.67282
54 63 171.34263
54 64 173.48641
54 65 102.75996
54 66 141.12272
54 67 155.59764
54 68 108.99574
54 69 159.48709
54 70 117.36017
54 71 109.43618
54 72 166.0398
54 73 168.30119
54 74 152.47372
54 75 197.91451
54 76 144.55003
54 77 183.5878
54 78 188.1781
54 79 110.82488
54 80 118.44059
54 81 144.98441
54 82 119.8926
54 83 177.60555
54 84 181.589
54 85 158.51887
54 86 115.28087
54 87 116.32741
54 88 142.70273
54 89 161.00951
54 90 137.56876
54 91 174.26498
54 92 164.84986
54 93 132.36759
54 94 183.8159
54 95 165.70238
54 96 108.21213
54 97 172.88218
54 98 171.32614
54 99 156.62519
55 56 188.65793
55 57 194.08934
55 58 108.00106
55 59 125.56896
55 60 174.12682
55 61 183.25706
55 62 145.39133
55 63 132.56036
55 64 135.70366
55 65 163.8211
55 66 124.55721
55 67 172.59505
55 68 135.77623
55 69 130.49993
55 70 130.25882
55 71 187.24606
55 72 128.48727
55 73 152.41608
55 74 133.3358
55 75 104.30509
55 76 107.91331
55 77 126.1101
55 78 110.22956
55 79 160.10048
55 80 177.54299
55 81 124.72272
55 82 131.76136
55 83 174.41968
55 84 164.98452
55 85 106.15617
55 86 162.26566
55 87 174.76173
55 88 145.02856
55 89 125.99087
55 90 107.75788
55 91 180.24638
55 92 177.16617
55 93 159.62504
55 94 129.81679
55 95 160.12884
55 96 119.73592
55 97 163.13151
55 98 174.10081
55 99 135.14623
56 57 129.67715
56 58 118.52651
56 59 120.94609
56 60 104.77924
56 61 169.98619
56 62 152.88459
56 63 106.83727
56 64 134.59475
56 65 100.55339
56 66 107.00155
56 67 147.58384
56 68 148.20911
56 69 155.76989
56 70 156.55169
56 71 149.81254
56 72 158.10391
56 73 183.94707
56 74 147.09475
56 75 129.89903
56 76 134.3265
56 77 123.39454
56 78 122.73615
56 79 149.20272
56 80 177.83943
56 81 173.71166
56 82 136.64799
56 83 159.19389
56 84 101.55152
56 85 135.2502
56 86 168.04722
56 87 196.88781
56 88 102.97734
56 89 184.62782
56 90 162.49657
56 91 140.12888
56 92 113.11967
56 93 147.40456
56 94 151.41243
56 95 196.19695
56 96 124.11793
56 97 175.49092
56 98 107.82127
56 99 129.8118
57 58 188.76825
57 59 146.31243
57 60 129.34462
57 61 123.84074
57 62 100.31524
57 63 132.00025
57 64 197.23634
57 65 144.14705
57 66 178.65636
57 67 128.61884
57 68 180.80067
57 69 177.88117
57 70 188.42522
57 71 152.69829
57 72 116.99978
57 73 140.19807
57 74 122.83704
57 75 172.86765
57 76 180.32519
57 77 106.86022
57 78 185.3313
57 79 143.70503
57 80 161.04368
57 81 198.96386
57 82 109.99195
57 83 116.54417
57 84 188.01998
57 85 143.41704
57 86 109.99142
57 87 121.98995
57 88 159.50995
57 89 139.92191
57 90 157.09799
57 91 191.47191
57 92 109.63526
57 93 144.24729
57 94 193.42289
57 95 196.29173
57 96 174.63338
57 97 175.87868
57 98 151.28212
57 99 164.72645
58 59 146.27354
58 60 151.833
58 61 163.41626
58 62 125.32481
58 63 190.85378
58 64 109.96722
58 65 193.37377
58 66 165.49314
58 67 164.89638
58 68 142.13076
58 69 181.81738
58 70 146.35845
58 71 102.011
58 72 125.84972
58 73 127.19111
58 74 146.60696
58 75 191.18345
58 76 140.94964
58 77 135.7244
58 78 161.62185
58 79 161.23473
58 80 182.07186
58 81 189.65721
58 82 149.82083
58 83 182.09724
58 84 191.51312
58 85 150.20596
58 86 159.83367
58 87 105.4483
58 88 164.08117
58 89 140.16
58 90 161.53795
58 91 191.73005
58 92 180.03056
58 93 112.62268
58 94 150.88404
58 95 101.62561
58 96 152.39978
58 97 131.05221
58 98 106.94753
58 99 161.23273
59 60 146.9413
59 61 126.8857
59 62 135.01119
59 63 129.01004
59 64 140.298
59 65 101.89122
59 66 123.91529
59 67 107.75009
59 68 123.11972
59 69 131.24392
59 70 196.21943
59 71 119.07031
59 72 175.77086
59 73 150.95648
59 74 176.44235
59 75 154.01252
59 76 134.62187
59 77 139.63052
59 78 147.86348
59 79 135.07753
59 80 199.09257
59 81 150.29106
59 82 161.27944
59 83 118.30129
59 84 107.12834
59 85 198.92819
59 86 125.22777
59 87 196.60443
59 88 145.10964
59 89 198.73355
59 90 179.29319
59 91 194.40094
59 92 143.04293
59 93 123.46047
59 94 162.82608
59 95 138.68047
59 96 146.24186
59 97 147.76473
59 98 191.22577
59 99 188.9655
60 61 100.48708
60 62 178.80126
60 63 156.31263
60 64 106.39598
60 65 145.41139
60 66 139.50158
60 67 191.94663
60 68 176.46017
60 69 186.75431
60 70 199.78329
60 71 196.31032
60 72 161.79916
60 73 177.11366
60 74 199.65099
60 75 150.1898
60 76 147.11691
60 77 121.7754
60 78 120.50837
60 79 198.06242
60 80 128.20227
60 81 142.71054
60 82 103.43594
60 83 146.55764
60 84 190.8668
60 85 181.34619
60 86 198.34876
60 87 107.62935
60 88 129.42918
60 89 167.39088
60 90 183.99999
60 91 161.62765
60 92 156.08368
60 93 167.32367
60 94 182.31857
60 95 132.2291
60 96 174.7019
60 97 114.88241
60 98 127.74673
60 99 132.34184
61 62 194.68376
61 63 146.92419
61 64 151.15378
61 65 144.51775
61 66 137.84523
61 67 117.55744
61 68 130.23226
61 69 143.9636
61 70 176.73482
61 71 159.87886
61 72 150.09435
61 73 160.46574
61 74 112.45209
61 75 113.47165
61 76 165.64349
61 77 113.53862
61 78 177.96552
61 79 103.21724
61 80 122.1099
61 81 167.9147
61 82 136.26608
61 83 135.13762
61 84 168.00923
61 85 115.71739
61 86 176.14914
61 87 164.20725
61 88 195.28625
61 89 134.43571
61 90 122.25042
61 91 136.34621
61 92 116.7309
61 93 152.25564
61 94 164.97647
61 95 151.00339
61 96 164.95643
61 97 144.83411
61 98 186.81557
61 99 176.90633
62 63 138.98821
62 64 176.06181
62 65 146.61447
62 66 198.25621
62 67 133.3091
62 68 146.82325
62 69 148.24767
62 70 166.62857
62 71 131.83647
62 72 121.05136
62 73 192.11783
62 74 122.24791
62 75 121.41587
62 76 139.94965
62 77 125.67356
62 78 165.80717
62 79 179.43564
62 80 167.32548
62 81 150.61498
62 82 186.73752
62 83 192.182
62 84 193.53045
62 85 171.61489
62 86 199.33999
62 87 176.7423
62 88 187.89757
62 89 127.81031
62 90 134.941
62 91 138.07086
62 92 125.24328
62 93 148.52446
62 94 123.6584
62 95 175.068
62 96 154.85994
62 97 141.39299
62 98 142.52984
62 99 182.72322
63 64 137.09161
63 65 109.63027
63 66 193.03863
63 67 151.38759
63 68 136.29302
63 69 104.19501
63 70 190.22086
63 71 129.67018
63 72 115.31576
63 73 184.87711
63 74 192.79029
63 75 101.74627
63 76 114.00919
63 77 137.07493
63 78 167.00032
63 79 126.92736
63 80 144.48097
63 81 158.45407
63 82 133.84708
63 83 142.6822
63 84 178.70839
63 85 189.95831
63 86 150.45772
63 87 176.84219
63 88 113.24467
63 89 102.21438
63 90 139.14255
63 91 133.65793
63 92 138.89133
63 93 192.47823
63 94 142.29699
63 95 169.0763
63 96 123.50097
63 97 135.75627
63 98 199.08966
63 99 138.10161
64 65 132.27194
64 66 184.73386
64 67 126.02137
64 68 152.6247
64 69 131.21856
64 70 141.07441
64 71 147.53125
64 72 186.04147
64 73 178.3295
64 74 150.41434
64 75 137.45738
64 76 180.74046
64 77 119.74001
64 78 127.21182
64 79 123.26339
64 80 168.28049
64 81 138.94522
64 82 139.64633
64 83 104.02121
64 84 133.66399
64 85 164.3257
64 86 104.4745
64 87 115.73359
64 88 143.97939
64 89 156.50068
64 90 112.6674
64 91 195.44543
64 92 166.03672
64 93 147.92893
64 94 147.26235
64 95 167.83412
64 96 182.22322
64 97 183.65532
64 98 123.33206
64 99 185.2746
65 66 132.28833
65 67 118.90704
65 68 162.19442
65 69 131.6854
65 70 179.75214
65 71 193.78006
65 72 167.56221
65 73 172.65622
65 74 111.09686
65 75 195.38209
65 76 137.1638
65 77 156.93192
65 78 112.42015
65 79 120.54557
65 80 159.62067
65 81 131.50207
65 82 164.91692
65 83 187.93931
65 84 116.72124
65 85 156.36076
65 86 141.40918
65 87 131.23801
65 88 168.40784
65 89 164.82336
65 90 163.40799
65 91 189.97669
65 92 150.07088
65 93 135.69748
65 94 135.8902
65 95 137.18069
65 96 143.13518
65 97 103.66416
65 98 176.43985
65 99 185.45601
66 67 189.95101
66 68 176.47731
66 69 113.9958
66 70 196.64513
66 71 168.37819
66 72 125.11901
66 73 149.17407
66 74 123.89171
66 75 193.33613
66 76 129.81915
66 77 112.34292
66 78 103.5733
66 79 184.85065
66 80 117.58926
66 81 111.80186
66 82 146.40693
66 83 117.23112
66 84 125.55811
66 85 125.70602
66 86 107.52311
66 87 179.14198
66 88 185.10486
66 89 152.94052
66 90 138.06631
66 91 103.57195
66 92 142.89538
66 93 144.92962
66 94 153.90238
66 95 191.60712
66 96 123.63916
66 97 110.38893
66 98 101.32958
66 99 154.88935
67 68 172.58678
67 69 179.89165
67 70 120.31751
67 71 198.05247
67 72 171.37628
67 73 191.13486
67 74 122.48143
67 75 152.66416
67 76 107.11462
67 77 187.10813
67 78 166.3488
67 79 120.56374
67 80 182.15429
67 81 103.73643
67 82 136.38762
67 83 134.56075
67 84 151.95382
67 85 128.51782
67 86 115.48529
67 87 199.64375
67 88 101.1841
67 89 125.01107
67 90 171.23638
67 91 131.346
67 92 105.70533
67 93 151.8332
67 94 179.61582
67 95 137.05514
67 96 112.22448
67 97 133.67845
67 98 143.5142
67 99 128.41341
68 69 158.40935
68 70 151.94943
68 71 150.74579
68 72 151.38115
68 73 181.99523
68 74 155.7721
68 75 145.46852
68 76 111.36884
68 77 162.24439
68 78 144.86789
68 79 195.77207
68 80 138.20278
68 81 161.16483
68 82 170.95274
68 83 179.44012
68 84 180.81053
68 85 113.34118
68 86 108.05264
68 87 187.25827
68 88 157.40023
68 89 163.12918
68 90 121.80099
68 91 149.10401
68 92 160.57568
68 93 196.71483
68 94 157.93505
68 95 126.23747
68 96 175.86832
68 97 159.50389
68 98 124.13152
68 99 134.99022
69 70 175.91399
69 71 103.56888
69 72 109.29146
69 73 156.89954
69 74 182.16645
69 75 130.37054
69 76 173.66552
69 77 189.04252
69 78 116.73386
69 79 131.08406
69 80 169.03068
69 81 168.57438
69 82 162.80711
69 83 156.82617
69 84 188.30074
69 85 120.42806
69 86 165.55865
69 87 163.21998
69 88 161.19239
69 89 121.95203
69 90 182.76197
69 91 120.65212
69 92 191.977
69 93 177.17557
69 94 139.08475
69 95 155.16631
69 96 112.42304
69 97 135.49384
69 98 141.33217
69 99 196.14119
70 71 161.17828
70 72 166.50609
70 73 113.79154
70 74 172.11459
70 75 110.5918
70 76 115.19122
70 77 103.07356
70 78 114.43324
70 79 103.47374
70 80 117.86443
70 81 140.71878
70 82 148.85727
70 83 188.25787
70 84 166.86135
70 85 125.64117
70 86 181.65446
70 87 115.0044
70 88 153.82637
70 89 191.06656
70 90 124.88512
70 91 134.84537
70 92 129.70485
70 93 155.91397
70 94 143.75615
70 95 189.96495
70 96 156.47245
70 97 110.20384
70 98 166.1986
70 99 109.93741
71 72 182.25871
71 73 116.91011
71 74 119.50917
71 75 178.74419
71 76 180.62682
71 77 152.21998
71 78 144.23506
71 79 136.73462
71 80 157.71435
71 81 124.19826
71 82 141.35861
71 83 177.88908
71 84 135.3658
71 85 143.51931
71 86 116.02087
71 87 134.16958
71 88 104.48119
71 89 166.14814
71 90 131.15345
71 91 164.07216
71 92 133.01531
71 93 177.35107
71 94 100.35435
71 95 141.60128
71 96 111.99207
71 97 106.08291
71 98 113.53278
71 99 166.45683
72 73 116.8399
72 74 107.77694
72 75 190.10322
72 76 122.12701
72 77 165.34411
72 78 177.9105
72 79 156.9026
72 80 155.56019
72 81 145.79805
72 82 167.74986
72 83 191.20025
72 84 199.23129
72 85 162.96637
72 86 126.805
72 87 107.36862
72 88 132.71771
72 89 160.29326
72 90 109.73117
72 91 189.91911
72 92 193.53436
72 93 101.18411
72 94 179.34427
72 95 134.93746
72 96 106.82508
72 97 131.22498
72 98 144.93432
72 99 157.28009
73 74 104.11768
73 75 136.8858
73 76 171.63885
73 77 116.13155
73 78 141.54844
73 79 176.43195
73 80 104.63872
73 81 115.73365
73 82 108.77996
73 83 188.2243
73 84 195.82749
73 85 114.65914
73 86 102.3609
73 87 184.67372
73 88 161.57832
73 89 151.2175
73 90 193.74786
73 91 109.46868
73 92 105.11066
73 93 125.08286
73 94 170.08167
73 95 131.92151
73 96 195.18237
73 97 156.34312
73 98 160.13955
73 99 149.56635
74 75 139.57816
74 76 193.24445
74 77 192.1588
74 78 171.93573
74 79 162.70362
74 80 140.72072
74 81 176.00256
74 82 130.15329
74 83 136.17235
74 84 134.13566
74 85 130.60593
74 86 149.34303
74 87 148.45789
74 88 151.54995
74 89 104.07143
74 90 168.37647
74 91 108.10994
74 92 129.73201
74 93 165.23608
74 94 187.60942
74 95 138.80241
74 96 121.36228
74 97 110.32142
74 98 192.85029
74 99 110.75063
75 76 135.85511
75 77 166.41784
75 78 169.31813
75 79 138.2775
75 80 144.81112
75 81 114.93357
75 82 166.88138
75 83 127.05303
75 84 166.96959
75 85 135.53638
75 86 155.07647
75 87 135.87416
75 88 100.90742
75 89 174.34134
75 90 128.79377
75 91 179.60676
75 92 188.63473
75 93 163.13701
75 94 169.1501
75 95 111.21188
75 96 181.11114
75 97 125.99762
75 98 166.46054
75 99 118.37939
76 77 174.82887
76 78 130.65115
76 79 144.80795
76 80 100.5607
76 81 179.99642
76 82 143.78552
76 83 174.16198
76 84 194.04663
76 85 163.24056
76 86 150.83857
76 87 144.66653
76 88 128.07406
76 89 124.74656
76 90 193.7824
76 91 175.49955
76 92 116.72663
76 93 180.61953
76 94 178.05219
76 95 119.33897
76 96 140.16324
76 97 132.44581
76 98 167.63567
76 99 158.22839
77 78 169.89875
77 79 140.12155
77 80 162.28947
77 81 148.84745
77 82 115.23817
77 83 143.95909
77 84 154.41053
77 85 188.733
77 86 156.35829
77 87 108.89055
77 88 124.38204
77 89 187.28291
77 90 138.82012
77 91 170.64998
77 92 125.51839
77 93 160.5378
77 94 162.84119
77 95 167.06309
77 96 133.80122
77 97 156.25293
77 98 188.58884
77 99 156.47049
78 79 122.15945
78 80 138.37652
78 81 178.52496
78 82 187.72208
78 83 110.98219
78 84 113.20743
78 85 118.8791
78 86 151.62413
78 87 142.59255
78 88 139.37244
78 89 166.59886
78 90 170.34427
78 91 149.83962
78 92 125.58425
78 93 108.97317
78 94 139.86868
78 95 107.96869
78 96 194.39689
78 97 104.55436
78 98 117.9222
78 99 177.11933
79 80 188.37278
79 81 195.51638
79 82 181.8707
79 83 180.29192
79 84 162.35748
79 85 147.54615
79 86 188.51587
79 87 156.56329
79 88 183.28934
79 89 131.77466
79 90 128.76411
79 91 168.48757
79 92 188.82577
79 93 166.84604
79 94 182.20343
79 95 119.46769
79 96 168.06502
79 97 154.45248
79 98 118.20392
79 99 179.09232
80 81 172.02299
80 82 144.72507
80 83 180.34954
80 84 115.40316
80 85 150.31495
80 86 119.94416
80 87 163.5392
80 88 157.45711
80 89 192.80467
80 90 116.62788
80 91 185.26947
80 92 192.60889
80 93 137.83247
80 94 137.33308
80 95 149.21849
80 96 146.93166
80 97 108.37424
80 98 150.14606
80 99 151.63251
81 82 190.98891
81 83 170.49727
81 84 191.20015
81 85 133.73812
81 86 183.10176
81 87 110.63384
81 88 141.20563
81 89 196.1063
81 90 161.98101
81 91 179.3052
81 92 112.43887
81 93 198.43992
81 94 120.10586
81 95 159.48032
81 96 186.32057
81 97 194.58913
81 98 122.25347
81 99 136.85774
82 83 139.19929
82 84 103.25504
82 85 127.14567
82 86 160.78562
82 87 136.36275
82 88 106.64651
82 89 170.39764
82 90 143.36186
82 91 118.19084
82 92 115.22347
82 93 133.2945
82 94 162.31526
82 95 143.47297
82 96 120.23257
82 97 132.20157
82 98 100.56655
82 99 105.21314
83 84 125.15387
83 85 199.53385
83 86 128.80544
83 87 100.82971
83 88 181.82732
83 89 176.91782
83 90 167.65315
83 91 100.17567
83 92 167.40355
83 93 126.79992
83 94 175.46288
83 95 128.63496
83 96 142.44925
83 97 110.98834
83 98 195.79292
83 99 132.24516
84 85 164.67107
84 86 124.00993
84 87 116.87911
84 88 140.33386
84 89 113.50561
84 90 188.15034
84 91 106.39789
84 92 181.97133
84 93 125.70405
84 94 103.78925
84 95 163.40837
84 96 130.33454
84 97 180.93968
84 98 139.07558
84 99 150.54298
85 86 140.1443
85 87 123.94075
85 88 150.59977
85 89 109.14318
85 90 138.30974
85 91 120.60027
85 92 134.0945
85 93 145.05645
85 94 169.9342
85 95 144.58121
85 96 156.00085
85 97 189.80596
85 98 134.49075
85 99 193.24593
86 87 136.31668
86 88 156.77048
86 89 181.69582
86 90 148.9263
86 91 111.76482
86 92 198.86415
86 93 152.72239
86 94 184.56364
86 95 158.66317
86 96 189.36249
86 97 195.81569
86 98 172.6743
86 99 109.19371
87 88 144.30559
87 89 151.84219
87 90 159.97135
87 91 144.70899
87 92 167.94521
87 93 154.38472
87 94 103.32903
87 95 109.85328
87 96 152.88236
87 97 107.1456
87 98 139.12021
87 99 198.7999
88 89 126.8725
88 90 118.5589
88 91 182.48453
88 92 192.59564
88 93 133.40215
88 94 146.04332
88 95 122.57723
88 96 150.13192
88 97 128.56196
88 98 121.99678
88 99 115.77062
89 90 146.37489
89 91 103.16462
89 92 103.67773
89 93 135.95129
89 94 155.67641
89 95 122.44749
89 96 146.49622
89 97 136.17235
89 98 186.53522
89 99 162.53256
90 91 123.67869
90 92 139.77554
90 93 157.73509
90 94 143.10505
90 95 183.48309
90 96 124.78124
90 97 144.45889
90 98 108.37757
90 99 139.48429
91 92 194.76373
91 93 174.86145
91 94 186.5625
91 95 119.88824
91 96 104.83774
91 97 122.0447
91 98 149.91406
91 99 151.50953
92 93 137.72716
92 94 172.59834
92 95 108.63494
92 96 137.76987
92 97 159.77221
92 98 143.17166
92 99 190.93213
93 94 156.50416
93 95 179.20532
93 96 179.69561
93 97 197.89957
93 98 116.55427
93 99 193.51988
94 95 164.19794
94 96 155.73416
94 97 176.75939
94 98 139.50744
94 99 152.72977
95 96 177.95987
95 97 134.90352
95 98 192.88942
95 99 105.01697
96 97 175.78406
96 98 146.33038
96 99 118.19479
97 98 168.38277
97 99 180.50343
98 99 171.55498
