50 5
0 1 135.56129
0 2 156.50354
0 3 183.24334
0 4 137.96402
0 5 189.81672
0 6 156.12351
0 7 176.25099
0 8 106.27757
0 9 183.26541
0 10 111.61122
0 11 191.71232
0 12 149.92783
0 13 132.33718
0 14 146.0664
0 15 182.07537
0 16 123.33289
0 17 149.52623
0 18 160.12187
0 19 192.41629
0 20 125.50066
0 21 168.94885
0 22 163.9903
0 23 181.376
0 24 146.26787
0 25 121.87214
0 26 129.04134
0 27 199.10201
0 28 111.95461
0 29 104.82645
0 30 192.98898
0 31 184.67029
0 32 135.77991
0 33 177.75081
0 34 191.65025
0 35 184.23996
0 36 142.94319
0 37 148.54039
0 38 160.19262
0 39 112.54826
0 40 179.85303
0 41 185.40508
0 42 137.49947
0 43 102.75158
0 44 195.83157
0 45 185.42722
0 46 125.8633
0 47 190.5649
0 48 135.00768
0 49 105.40137
1 2 161.931
1 3 143.99658
1 4 116.42873
1 5 148.6535
1 6 162.34709
1 7 161.63975
1 8 114.44002
1 9 120.3704
1 10 166.30162
1 11 100.13679
1 12 187.14443
1 13 106.48627
1 14 175.27889
1 15 149.25769
1 16 125.18759
1 17 140.82199
1 18 149.30941
1 19 195.03081
1 20 140.02976
1 21 162.4173
1 22 132.27886
1 23 102.80283
1 24 192.27099
1 25 133.45435
1 26 192.36099
1 27 182.52267
1 28 197.64181
1 29 184.56451
1 30 102.78525
1 31 165.31992
1 32 102.16894
1 33 159.23154
1 34 180.8476
1 35 125.47767
1 36 194.96492
1 37 132.03144
1 38 187.64638
1 39 180.18474
1 40 172.65865
1 41 174.52659
1 42 196.54609
1 43 145.28855
1 44 134.68473
1 45 186.62132
1 46 149.35095
1 47 189.76663
1 48 171.42332
1 49 170.23656
2 3 152.5105
2 4 102.90336
2 5 140.78253
2 6 176.73343
2 7 120.88704
2 8 193.64433
2 9 151.7383
2 10 154.69159
2 11 125.95762
2 12 176.36981
2 13 194.93555
2 14 155.61342
2 15 171.97893
2 16 178.14598
2 17 178.63913
2 18 140.62735
2 19 116.33089
2 20 164.57958
2 21 142.39529
2 22 138.02756
2 23 186.6918
2 24 180.15511
2 25 137.58765
2 26 136.96952
2 27 129.55476
2 28 188.10144
2 29 190.39367
2 30 155.74502
2 31 165.04269
2 32 163.23592
2 33 116.36881
2 34 181.96785
2 35 119.27058
2 36 153.59971
2 37 177.29232
2 38 190.92185
2 39 120.45893
2 40 145.01174
2 41 129.56481
2 42 181.00137
2 43 105.16092
2 44 179.35532
2 45 171.426
2 46 130.61499
2 47 141.79403
2 48 111.10704
2 49 177.02005
3 4 107.60988
3 5 171.37563
3 6 197.09813
3 7 107.92772
3 8 150.33181
3 9 183.46293
3 10 144.26884
3 11 183.41423
3 12 160.99824
3 13 131.4324
3 14 124.61182
3 15 171.79879
3 16 104.91717
3 17 108.33797
3 18 116.15847
3 19 155.40373
3 20 130.08916
3 21 156.22413
3 22 161.81899
3 23 125.65936
3 24 137.61362
3 25 192.9926
3 26 113.51487
3 27 112.28473
3 28 174.76572
3 29 187.10689
3 30 132.20696
3 31 107.54134
3 32 125.69218
3 33 124.20351
3 34 102.28812
3 35 125.81315
3 36 170.23025
3 37 130.56645
3 38 193.84205
3 39 104.02168
3 40 177.74263
3 41 120.25545
3 42 141.61186
3 43 160.86016
3 44 184.45898
3 45 160.54463
3 46 109.08796
3 47 182.64036
3 48 118.5914
3 49 117.61573
4 5 130.11366
4 6 156.48634
4 7 142.8362
4 8 149.1363
4 9 131.11866
4 10 112.099
4 11 140.24298
4 12 104.27142
4 13 167.52511
4 14 152.39586
4 15 104.44753
4 16 112.25465
4 17 140.79173
4 18 170.75227
4 19 140.09803
4 20 154.61722
4 21 101.5809
4 22 138.55889
4 23 107.45361
4 24 120.45665
4 25 163.07017
4 26 131.55407
4 27 188.36785
4 28 127.15795
4 29 104.757
4 30 140.4262
4 31 182.47382
4 32 156.99765
4 33 108.47636
4 34 138.83387
4 35 160.90825
4 36 121.86158
4 37 135.21604
4 38 197.86167
4 39 109.96774
4 40 154.19023
4 41 129.36609
4 42 136.60615
4 43 129.56168
4 44 146.63197
4 45 135.20669
4 46 182.70996
4 47 114.5489
4 48 158.24238
4 49 115.3988
5 6 130.45096
5 7 180.82813
5 8 199.50071
5 9 110.0093
5 10 199.90207
5 11 161.61298
5 12 121.07776
5 13 175.50369
5 14 135.24648
5 15 119.02411
5 16 172.46526
5 17 189.33416
5 18 133.49727
5 19 190.31158
5 20 160.65562
5 21 103.51564
5 22 123.13542
5 23 172.58566
5 24 125.34849
5 25 155.43294
5 26 169.35649
5 27 150.12715
5 28 101.12088
5 29 131.30115
5 30 104.72753
5 31 108.23102
5 32 118.64981
5 33 123.60274
5 34 101.63514
5 35 131.46223
5 36 125.2013
5 37 173.1617
5 38 108.17964
5 39 143.00516
5 40 190.05772
5 41 185.9057
5 42 105.46521
5 43 114.92977
5 44 134.13895
5 45 195.4378
5 46 110.07985
5 47 144.2671
5 48 106.23893
5 49 132.55074
6 7 109.93698
6 8 139.33945
6 9 132.3799
6 10 134.83175
6 11 155.22653
6 12 116.4302
6 13 151.58262
6 14 132.24301
6 15 137.09818
6 16 126.70806
6 17 185.18726
6 18 178.44817
6 19 164.57334
6 20 103.75982
6 21 112.46941
6 22 130.49115
6 23 158.79924
6 24 106.58288
6 25 130.11865
6 26 154.67692
6 27 163.03664
6 28 148.37923
6 29 166.60425
6 30 111.8849
6 31 157.36897
6 32 195.51993
6 33 141.86486
6 34 166.59566
6 35 112.23714
6 36 177.17553
6 37 118.18118
6 38 139.67909
6 39 133.86204
6 40 144.69347
6 41 147.33895
6 42 104.44148
6 43 116.4717
6 44 117.08099
6 45 145.16169
6 46 172.01719
6 47 132.12463
6 48 199.24662
6 49 133.44404
7 8 126.77046
7 9 101.27295
7 10 149.17277
7 11 127.7245
7 12 183.33551
7 13 163.85278
7 14 131.65317
7 15 188.59797
7 16 115.63389
7 17 162.09283
7 18 183.73647
7 19 189.64938
7 20 163.50207
7 21 126.62865
7 22 155.34626
7 23 187.49982
7 24 141.64379
7 25 148.06261
7 26 103.95826
7 27 113.43277
7 28 125.62291
7 29 193.94036
7 30 140.17463
7 31 156.28674
7 32 189.44656
7 33 133.72552
7 34 115.62293
7 35 128.96662
7 36 139.22454
7 37 159.30307
7 38 187.7717
7 39 170.80467
7 40 139.39723
7 41 194.17096
7 42 188.08879
7 43 154.37478
7 44 116.35757
7 45 117.86918
7 46 170.60007
7 47 133.45412
7 48 168.12895
7 49 174.57631
8 9 190.3206
8 10 132.52864
8 11 164.80236
8 12 121.19687
8 13 110.78603
8 14 134.58938
8 15 163.40732
8 16 189.69594
8 17 151.44474
8 18 160.49294
8 19 142.39956
8 20 194.06628
8 21 107.30651
8 22 170.53192
8 23 100.46743
8 24 104.55667
8 25 153.73854
8 26 127.14032
8 27 128.83534
8 28 114.30817
8 29 182.68964
8 30 104.66509
8 31 105.00198
8 32 134.51889
8 33 121.25411
8 34 153.35553
8 35 199.59765
8 36 163.76789
8 37 166.19929
8 38 112.37098
8 39 136.59949
8 40 152.13696
8 41 141.74047
8 42 185.32272
8 43 124.48588
8 44 193.68557
8 45 149.89401
8 46 114.4315
8 47 119.62805
8 48 177.23916
8 49 153.64865
9 10 176.6983
9 11 131.61834
9 12 179.09718
9 13 175.99344
9 14 110.84094
9 15 180.72559
9 16 116.73575
9 17 185.09121
9 18 125.68884
9 19 105.50939
9 20 156.41497
9 21 178.59704
9 22 118.97369
9 23 191.94344
9 24 177.18186
9 25 108.64871
9 26 180.02326
9 27 123.56153
9 28 186.21615
9 29 175.47653
9 30 118.72636
9 31 135.00713
9 32 167.79041
9 33 183.89054
9 34 165.08945
9 35 123.15392
9 36 106.51315
9 37 165.53727
9 38 122.00886
9 39 125.59373
9 40 152.10776
9 41 167.03823
9 42 170.9119
9 43 193.73474
9 44 114.86623
9 45 196.34942
9 46 178.51066
9 47 164.11828
9 48 178.69935
9 49 151.77791
10 11 111.55209
10 12 146.29007
10 13 160.03664
10 14 136.81882
10 15 103.7957
10 16 101.43967
10 17 185.98091
10 18 174.86469
10 19 135.83175
10 20 198.23732
10 21 144.16473
10 22 126.69842
10 23 151.04475
10 24 133.67515
10 25 116.79092
10 26 102.04609
10 27 166.12534
10 28 147.15157
10 29 108.7933
10 30 146.87944
10 31 198.14507
10 32 173.96614
10 33 137.44277
10 34 176.1481
10 35 128.91511
10 36 159.96651
10 37 116.61969
10 38 170.57992
10 39 116.31192
10 40 100.52908
10 41 118.31205
10 42 147.49273
10 43 135.28631
10 44 192.28114
10 45 110.46824
10 46 112.26651
10 47 135.59415
10 48 117.95174
10 49 102.66438
11 12 132.47397
11 13 150.53318
11 14 169.45045
11 15 179.80646
11 16 138.29401
11 17 104.66887
11 18 168.21999
11 19 139.28732
11 20 108.29043
11 21 142.56052
11 22 108.62677
11 23 113.34582
11 24 191.75431
11 25 160.00058
11 26 140.54569
11 27 165.53539
11 28 177.91836
11 29 110.56599
11 30 152.75149
11 31 125.00694
11 32 163.62534
11 33 145.85275
11 34 117.57425
11 35 189.89935
11 36 166.73748
11 37 109.77567
11 38 101.90006
11 39 121.81765
11 40 197.35209
11 41 142.895
11 42 153.91867
11 43 183.77511
11 44 104.90586
11 45 136.01134
11 46 173.81913
11 47 171.0636
11 48 110.23705
11 49 118.02133
12 13 146.74304
12 14 162.94442
12 15 166.32641
12 16 104.30362
12 17 198.8298
12 18 163.71205
12 19 184.35069
12 20 186.06181
12 21 134.10325
12 22 142.65936
12 23 163.17299
12 24 161.26578
12 25 171.97703
12 26 142.38025
12 27 117.65488
12 28 139.48605
12 29 179.50846
12 30 111.91948
12 31 199.2543
12 32 160.56013
12 33 132.39963
12 34 142.06423
12 35 196.49206
12 36 111.63885
12 37 122.57443
12 38 151.36877
12 39 166.24976
12 40 184.89115
12 41 152.17609
12 42 190.67447
12 43 109.02383
12 44 130.28029
12 45 116.31042
12 46 156.22884
12 47 138.06764
12 48 147.25857
12 49 172.52171
13 14 107.01611
13 15 191.82676
13 16 158.49046
13 17 145.34274
13 18 180.32423
13 19 194.9027
13 20 128.09195
13 21 138.16776
13 22 185.953
13 23 112.1821
13 24 158.19941
13 25 116.9262
13 26 117.46793
13 27 176.27567
13 28 191.36506
13 29 131.77356
13 30 199.42181
13 31 140.06592
13 32 127.87312
13 33 111.60384
13 34 187.23488
13 35 184.67935
13 36 193.07031
13 37 137.31268
13 38 189.81066
13 39 199.05108
13 40 146.28842
13 41 122.26721
13 42 191.74558
13 43 188.89613
13 44 125.28632
13 45 189.50166
13 46 163.21143
13 47 117.98811
13 48 115.83041
13 49 128.58117
14 15 159.55071
14 16 127.46703
14 17 140.10202
14 18 115.76876
14 19 124.24466
14 20 108.54436
14 21 102.07264
14 22 138.11784
14 23 108.78497
14 24 109.01011
14 25 180.42473
14 26 119.92756
14 27 186.22255
14 28 175.32646
14 29 196.14839
14 30 167.34517
14 31 173.61835
14 32 153.91793
14 33 113.35431
14 34 190.66349
14 35 181.68953
14 36 143.58698
14 37 184.5466
14 38 136.15679
14 39 196.9241
14 40 180.31751
14 41 114.05409
14 42 166.47289
14 43 145.16693
14 44 139.79337
14 45 139.10756
14 46 112.53462
14 47 159.83729
14 48 146.56645
14 49 165.02935
15 16 140.22156
15 17 153.36622
15 18 175.61893
15 19 116.79541
15 20 197.51064
15 21 103.69287
15 22 105.10749
15 23 160.84213
15 24 124.13619
15 25 140.6089
15 26 121.64594
15 27 132.93883
15 28 164.36545
15 29 122.82438
15 30 169.25058
15 31 173.59988
15 32 155.69599
15 33 117.78231
15 34 167.282
15 35 121.62642
15 36 195.43182
15 37 193.07908
15 38 167.25805
15 39 186.66704
15 40 172.51845
15 41 117.40888
15 42 149.90519
15 43 185.21588
15 44 147.33498
15 45 163.13228
15 46 186.84569
15 47 132.75708
15 48 173.95266
15 49 191.98017
16 17 114.40508
16 18 153.7418
16 19 140.61605
16 20 125.11539
16 21 118.76813
16 22 182.06708
16 23 149.60098
16 24 126.96977
16 25 175.45076
16 26 167.1089
16 27 171.16795
16 28 182.38695
16 29 118.90393
16 30 135.68134
16 31 113.65785
16 32 191.25971
16 33 164.43531
16 34 117.4729
16 35 199.16362
16 36 138.66489
16 37 111.95588
16 38 105.51025
16 39 134.05672
16 40 152.61201
16 41 161.76283
16 42 103.68205
16 43 175.33883
16 44 123.92625
16 45 168.03818
16 46 151.61907
16 47 179.85491
16 48 127.47648
16 49 185.43979
17 18 179.55918
17 19 128.79755
17 20 110.78933
17 21 171.22852
17 22 169.6905
17 23 192.38643
17 24 194.93645
17 25 158.25974
17 26 144.34387
17 27 175.80385
17 28 127.37347
17 29 104.74816
17 30 160.58324
17 31 111.07035
17 32 108.78466
17 33 164.31002
17 34 106.77359
17 35 101.83702
17 36 198.28102
17 37 114.48932
17 38 125.95184
17 39 149.20564
17 40 120.95792
17 41 136.15986
17 42 180.77049
17 43 111.98236
17 44 103.42129
17 45 105.05129
17 46 146.70903
17 47 141.98417
17 48 161.34831
17 49 121.08181
18 19 165.15697
18 20 186.67848
18 21 137.19333
18 22 199.76711
18 23 156.40551
18 24 189.77027
18 25 175.43482
18 26 138.5261
18 27 145.08134
18 28 123.3657
18 29 146.02573
18 30 151.89645
18 31 136.62956
18 32 113.15331
18 33 100.28193
18 34 138.52683
18 35 117.15119
18 36 110.30744
18 37 159.25106
18 38 142.0371
18 39 184.49155
18 40 114.19058
18 41 192.04815
18 42 114.71658
18 43 160.16098
18 44 167.93717
18 45 125.89392
18 46 184.16339
18 47 185.84133
18 48 164.865
18 49 197.41677
19 20 174.44909
19 21 166.95154
19 22 113.56606
19 23 187.49552
19 24 132.66757
19 25 124.92199
19 26 194.22569
19 27 173.4373
19 28 163.43967
19 29 147.34831
19 30 155.23091
19 31 120.6157
19 32 117.09288
19 33 136.90488
19 34 133.11603
19 35 118.96015
19 36 128.93756
19 37 188.10948
19 38 140.9441
19 39 126.44914
19 40 139.2905
19 41 130.36244
19 42 116.7444
19 43 128.46878
19 44 167.96314
19 45 193.51116
19 46 115.82575
19 47 174.56514
19 48 158.6123
19 49 121.44626
20 21 159.53086
20 22 130.54429
20 23 142.57786
20 24 161.1456
20 25 135.12612
20 26 102.37785
20 27 173.82676
20 28 114.81664
20 29 162.7186
20 30 155.28387
20 31 145.77665
20 32 192.66586
20 33 191.0208
20 34 164.69529
20 35 165.45165
20 36 161.43787
20 37 186.21083
20 38 130.32473
20 39 137.54091
20 40 114.10111
20 41 109.24488
20 42 146.94197
20 43 158.64351
20 44 140.35929
20 45 169.24327
20 46 150.15675
20 47 136.42093
20 48 134.68067
20 49 120.04829
21 22 188.09352
21 23 129.90115
21 24 123.63007
21 25 157.00247
21 26 115.13548
21 27 103.84766
21 28 163.64915
21 29 176.69843
21 30 158.41091
21 31 192.52719
21 32 137.92366
21 33 121.99766
21 34 163.06702
21 35 109.23285
21 36 133.18154
21 37 188.33674
21 38 107.72039
21 39 187.15066
21 40 106.2231
21 41 109.57647
21 42 126.41298
21 43 199.49871
21 44 100.73325
21 45 118.22234
21 46 110.88832
21 47 130.38375
21 48 105.43653
21 49 143.58853
22 23 156.15115
22 24 115.82703
22 25 127.51775
22 26 157.63156
22 27 112.25602
22 28 190.34463
22 29 107.40837
22 30 121.57772
22 31 128.79099
22 32 129.7405
22 33 182.18402
22 34 142.03861
22 35 102.92245
22 36 109.27565
22 37 150.42133
22 38 127.18202
22 39 107.13324
22 40 150.54451
22 41 192.13952
22 42 113.45699
22 43 100.63365
22 44 115.90308
22 45 168.3645
22 46 197.52755
22 47 165.06689
22 48 114.53339
22 49 107.08546
23 24 102.40565
23 25 176.93912
23 26 198.93597
23 27 103.85653
23 28 162.65453
23 29 109.81524
23 30 105.11017
23 31 116.56608
23 32 115.34322
23 33 158.81687
23 34 177.16223
23 35 157.24682
23 36 116.26931
23 37 112.48795
23 38 114.489
23 39 187.26673
23 40 125.2116
23 41 179.59941
23 42 174.37001
23 43 108.67262
23 44 181.99779
23 45 114.58228
23 46 103.4818
23 47 156.81317
23 48 194.73785
23 49 131.44019
24 25 153.86365
24 26 138.84622
24 27 164.42609
24 28 163.06181
24 29 105.61382
24 30 125.23021
24 31 104.7773
24 32 178.94096
24 33 152.73731
24 34 195.89869
24 35 102.86868
24 36 152.29585
24 37 117.1732
24 38 143.54034
24 39 149.1369
24 40 195.02748
24 41 137.69261
24 42 147.47483
24 43 122.77523
24 44 189.25378
24 45 133.45925
24 46 146.41953
24 47 132.13317
24 48 126.00918
24 49 162.74955
25 26 110.32895
25 27 147.25973
25 28 137.04682
25 29 145.10844
25 30 124.74136
25 31 130.89155
25 32 181.27019
25 33 179.65933
25 34 119.95695
25 35 145.00942
25 36 121.04549
25 37 117.33614
25 38 153.65567
25 39 185.19798
25 40 109.68985
25 41 135.92017
25 42 195.23089
25 43 144.38935
25 44 139.80477
25 45 156.55727
25 46 125.06705
25 47 175.05962
25 48 189.05332
25 49 137.26107
26 27 111.491
26 28 139.4048
26 29 173.50816
26 30 196.64908
26 31 124.77117
26 32 138.66741
26 33 135.13117
26 34 133.05325
26 35 191.50116
26 36 134.51235
26 37 105.95926
26 38 173.48304
26 39 100.68094
26 40 166.01172
26 41 168.40605
26 42 195.29252
26 43 191.68603
26 44 114.12054
26 45 132.33452
26 46 168.16617
26 47 117.92498
26 48 114.67487
26 49 127.67199
27 28 161.0092
27 29 133.65874
27 30 176.97671
27 31 180.88168
27 32 124.46236
27 33 108.75196
27 34 184.09462
27 35 111.14199
27 36 132.79135
27 37 106.74502
27 38 154.36789
27 39 138.83057
27 40 101.99182
27 41 114.93868
27 42 153.74185
27 43 134.12043
27 44 101.44246
27 45 161.76319
27 46 151.69784
27 47 176.46842
27 48 177.00078
27 49 152.31589
28 29 182.84394
28 30 155.89052
28 31 139.31745
28 32 128.80769
28 33 104.3574
28 34 123.838
28 35 131.01898
28 36 194.83046
28 37 197.30771
28 38 170.33216
28 39 115.80146
28 40 176.67357
28 41 159.89355
28 42 127.96703
28 43 151.2741
28 44 167.85758
28 45 102.23057
28 46 125.42065
28 47 186.18654
28 48 193.00873
28 49 185.59097
29 30 191.4077
29 31 181.30719
29 32 116.56832
29 33 184.84561
29 34 187.72915
29 35 151.8553
29 36 135.8362
29 37 102.99515
29 38 191.96701
29 39 116.47767
29 40 102.53862
29 41 179.05816
29 42 138.17392
29 43 182.81946
29 44 117.9734
29 45 136.47962
29 46 110.83682
29 47 115.31786
29 48 144.59424
29 49 190.1894
30 31 135.76486
30 32 139.38336
30 33 115.19678
30 34 138.56239
30 35 111.2269
30 36 121.8269
30 37 152.18129
30 38 180.51394
30 39 172.04615
30 40 153.41861
30 41 109.64594
30 42 115.7671
30 43 162.53999
30 44 158.68671
30 45 180.02432
30 46 136.0603
30 47 191.49146
30 48 199.84416
30 49 198.715
31 32 116.20922
31 33 180.37933
31 34 157.53614
31 35 133.07058
31 36 157.56624
31 37 103.12748
31 38 177.55788
31 39 104.80439
31 40 160.61773
31 41 153.57304
31 42 164.45137
31 43 109.19184
31 44 160.80013
31 45 123.14196
31 46 183.11209
31 47 177.26929
31 48 101.71759
31 49 113.96438
32 33 136.8889
32 34 130.40244
32 35 120.82386
32 36 177.64755
32 37 199.67206
32 38 172.03757
32 39 122.88535
32 40 134.08962
32 41 167.59983
32 42 103.7223
32 43 149.9244
32 44 194.71843
32 45 143.70588
32 46 104.8022
32 47 165.50561
32 48 176.04407
32 49 193.6958
33 34 194.83898
33 35 102.30081
33 36 182.04956
33 37 114.44331
33 38 190.03211
33 39 168.44529
33 40 103.3328
33 41 126.91682
33 42 150.13581
33 43 149.85312
33 44 188.49419
33 45 112.91245
33 46 171.43311
33 47 197.92228
33 48 183.68813
33 49 197.59629
34 35 188.28083
34 36 137.45132
34 37 165.14845
34 38 123.59338
34 39 178.92378
34 40 194.03851
34 41 145.40624
34 42 110.28799
34 43 138.83197
34 44 131.96565
34 45 164.6288
34 46 188.44459
34 47 155.89289
34 48 189.52186
34 49 154.03739
35 36 109.26988
35 37 102.63319
35 38 103.35224
35 39 126.89968
35 40 138.52284
35 41 134.05729
35 42 173.93629
35 43 119.55433
35 44 103.04201
35 45 165.50949
35 46 178.56124
35 47 149.14369
35 48 115.92324
35 49 197.59176
36 37 157.27028
36 38 158.30006
36 39 128.4388
36 40 126.5545
36 41 179.62331
36 42 166.14001
36 43 180.4466
36 44 110.97379
36 45 117.00342
36 46 152.85788
36 47 116.04428
36 48 135.03424
36 49 127.84142
37 38 182.46766
37 39 107.17439
37 40 103.86823
37 41 190.34867
37 42 186.12224
37 43 118.48671
37 44 183.94985
37 45 122.41672
37 46 101.71025
37 47 137.51434
37 48 128.63418
37 49 184.62588
38 39 156.10019
38 40 138.69403
38 41 123.09785
38 42 183.11282
38 43 186.75731
38 44 146.91672
38 45 143.48639
38 46 177.07289
38 47 175.03817
38 48 112.14771
38 49 115.03805
39 40 107.83306
39 41 167.04188
39 42 115.201
39 43 198.33304
39 44 185.09215
39 45 134.57645
39 46 114.2044
39 47 181.53991
39 48 106.87674
39 49 161.67367
40 41 137.79421
40 42 149.21523
40 43 184.524
40 44 105.60679
40 45 174.93888
40 46 139.43925
40 47 138.65836
40 48 174.97421
40 49 199.1382
41 42 111.23415
41 43 191.40055
41 44 133.19003
41 45 107.86945
41 46 180.72561
41 47 197.22488
41 48 116.33278
41 49 198.03764
42 43 120.39238
42 44 104.47664
42 45 186.7044
42 46 194.50646
42 47 117.2682
42 48 128.27521
42 49 194.68355
43 44 197.72448
43 45 138.63551
43 46 155.10976
43 47 176.71396
43 48 189.88908
43 49 192.81168
44 45 174.38792
44 46 125.93558
44 47 146.32508
44 48 122.67582
44 49 126.81909
45 46 136.86405
45 47 146.46828
45 48 148.35119
45 49 153.70451
46 47 126.34882
46 48 106.34169
46 49 127.64572
47 48 125.42678
47 49 195.67384
48 49 196.55044
