50 5
0 1 143.09049
0 2 146.70113
0 3 103.51159
0 4 156.38703
0 5 125.99369
0 6 160.16279
0 7 110.339
0 8 128.8053
0 9 177.23715
0 10 167.36155
0 11 143.56914
0 12 157.48336
0 13 154.71419
0 14 107.31469
0 15 131.24394
0 16 163.57226
0 17 100.6684
0 18 165.5423
0 19 182.32091
0 20 145.87505
0 21 190.32959
0 22 168.69005
0 23 103.76064
0 24 161.4417
0 25 162.86705
0 26 127.31609
0 27 167.36994
0 28 104.5021
0 29 156.77681
0 30 192.95558
0 31 171.27282
0 32 163.04537
0 33 184.29812
0 34 102.81779
0 35 130.96087
0 36 117.02845
0 37 197.26109
0 38 188.66368
0 39 147.02285
0 40 165.40782
0 41 169.40792
0 42 172.67019
0 43 195.3719
0 44 154.26776
0 45 116.20238
0 46 115.76108
0 47 127.71081
0 48 127.2385
0 49 198.11038
1 2 130.32621
1 3 186.13985
1 4 136.15081
1 5 107.80256
1 6 169.45848
1 7 132.01281
1 8 194.28014
1 9 168.21339
1 10 175.75306
1 11 127.71424
1 12 140.65198
1 13 136.99539
1 14 134.62024
1 15 128.74127
1 16 118.1809
1 17 116.98937
1 18 176.23155
1 19 120.71716
1 20 194.63891
1 21 173.80981
1 22 119.16689
1 23 156.18213
1 24 193.78311
1 25 146.17785
1 26 102.87128
1 27 164.96999
1 28 107.11219
1 29 186.43135
1 30 135.51323
1 31 199.70966
1 32 187.73948
1 33 181.41618
1 34 147.9547
1 35 176.49745
1 36 155.84415
1 37 109.63848
1 38 103.09302
1 39 170.27027
1 40 130.91248
1 41 139.87404
1 42 142.08761
1 43 174.5883
1 44 104.30599
1 45 131.7386
1 46 137.95694
1 47 155.71003
1 48 160.80906
1 49 199.17962
2 3 117.45663
2 4 137.00545
2 5 179.77253
2 6 157.72135
2 7 196.3675
2 8 112.18392
2 9 191.49621
2 10 100.87284
2 11 141.41467
2 12 183.6019
2 13 149.42042
2 14 161.80488
2 15 136.35288
2 16 107.82013
2 17 136.10714
2 18 190.83321
2 19 107.93251
2 20 111.92216
2 21 161.11233
2 22 114.6802
2 23 163.98274
2 24 190.40384
2 25 152.85532
2 26 168.86398
2 27 173.91459
2 28 170.52905
2 29 115.78566
2 30 143.04818
2 31 197.23616
2 32 147.89711
2 33 195.12476
2 34 164.93886
2 35 120.21925
2 36 117.86257
2 37 105.51149
2 38 141.57442
2 39 152.71714
2 40 195.93561
2 41 168.78594
2 42 138.93726
2 43 178.11243
2 44 164.83139
2 45 130.72614
2 46 112.659
2 47 135.58745
2 48 118.82168
2 49 110.48057
3 4 181.75233
3 5 160.57363
3 6 101.77677
3 7 159.19703
3 8 119.06723
3 9 128.99592
3 10 141.1808
3 11 141.47952
3 12 111.1887
3 13 124.1215
3 14 169.75991
3 15 168.05347
3 16 108.85229
3 17 155.15324
3 18 123.55443
3 19 120.45412
3 20 110.11743
3 21 198.21737
3 22 157.77541
3 23 141.77699
3 24 186.28685
3 25 188.10402
3 26 177.68188
3 27 140.12251
3 28 160.39351
3 29 116.01888
3 30 140.67458
3 31 137.75762
3 32 108.38014
3 33 188.41916
3 34 164.82485
3 35 113.33573
3 36 157.63585
3 37 156.70788
3 38 127.84282
3 39 107.9276
3 40 112.53584
3 41 189.93202
3 42 166.20141
3 43 149.73892
3 44 177.63794
3 45 199.31285
3 46 177.70814
3 47 174.88933
3 48 138.54037
3 49 134.47921
4 5 161.68968
4 6 174.97329
4 7 198.27989
4 8 198.86817
4 9 103.4267
4 10 121.42712
4 11 118.23426
4 12 195.17157
4 13 162.80267
4 14 117.9044
4 15 174.51445
4 16 123.09972
4 17 135.5705
4 18 132.87263
4 19 106.12165
4 20 183.94794
4 21 127.4596
4 22 165.65133
4 23 181.59675
4 24 111.70166
4 25 129.4427
4 26 167.85543
4 27 146.73287
4 28 122.94063
4 29 163.34576
4 30 129.47386
4 31 163.16805
4 32 125.68934
4 33 177.67007
4 34 189.6709
4 35 161.27676
4 36 142.24465
4 37 189.50704
4 38 116.0821
4 39 141.61089
4 40 115.30708
4 41 145.58739
4 42 115.57775
4 43 120.01986
4 44 158.82309
4 45 165.87123
4 46 160.94133
4 47 102.51893
4 48 123.42783
4 49 154.80336
5 6 146.01083
5 7 154.92275
5 8 190.02549
5 9 122.0032
5 10 164.70072
5 11 105.70095
5 12 154.36957
5 13 108.60872
5 14 136.46361
5 15 159.53627
5 16 167.78123
5 17 127.95284
5 18 121.27677
5 19 167.9329
5 20 114.56836
5 21 177.90233
5 22 124.88479
5 23 125.13113
5 24 141.38033
5 25 103.4284
5 26 113.696
5 27 161.29389
5 28 188.72685
5 29 169.50314
5 30 199.93548
5 31 124.93367
5 32 101.87145
5 33 140.47219
5 34 169.04748
5 35 125.71564
5 36 167.1436
5 37 148.36121
5 38 133.88305
5 39 107.03328
5 40 155.20716
5 41 173.97815
5 42 155.56652
5 43 189.74967
5 44 125.03406
5 45 153.12995
5 46 108.4634
5 47 126.64123
5 48 187.41264
5 49 159.53955
6 7 137.13606
6 8 137.93225
6 9 189.1705
6 10 187.93526
6 11 146.77081
6 12 170.42249
6 13 154.4583
6 14 192.07276
6 15 100.26307
6 16 128.62899
6 17 164.33487
6 18 117.69073
6 19 146.79292
6 20 146.64074
6 21 134.24888
6 22 164.91967
6 23 155.13938
6 24 186.64491
6 25 119.33695
6 26 162.87448
6 27 197.42956
6 28 180.29557
6 29 152.6611
6 30 161.88061
6 31 188.12056
6 32 172.89573
6 33 115.83337
6 34 103.85107
6 35 156.93888
6 36 194.56912
6 37 100.54623
6 38 157.77783
6 39 108.54668
6 40 142.50284
6 41 182.87134
6 42 127.57197
6 43 172.98334
6 44 104.85238
6 45 147.75587
6 46 157.93722
6 47 105.86207
6 48 131.22733
6 49 151.03504
7 8 157.98351
7 9 173.53072
7 10 104.22817
7 11 133.99272
7 12 193.07011
7 13 100.65128
7 14 144.14384
7 15 159.35075
7 16 135.88429
7 17 111.35481
7 18 122.2663
7 19 199.33427
7 20 104.31787
7 21 196.53742
7 22 141.46495
7 23 168.52373
7 24 147.63159
7 25 178.72883
7 26 187.43423
7 27 153.89749
7 28 100.07971
7 29 148.97295
7 30 144.7576
7 31 165.95691
7 32 150.82481
7 33 104.25901
7 34 184.20065
7 35 111.57815
7 36 130.93903
7 37 169.13425
7 38 181.41897
7 39 114.88843
7 40 172.02468
7 41 112.19846
7 42 153.70398
7 43 150.28379
7 44 128.49208
7 45 125.6057
7 46 189.61706
7 47 115.27782
7 48 116.84943
7 49 162.01503
8 9 164.79145
8 10 140.24307
8 11 180.37897
8 12 138.14907
8 13 191.71272
8 14 188.58298
8 15 123.61898
8 16 146.20245
8 17 112.98525
8 18 103.57932
8 19 143.72272
8 20 195.95968
8 21 178.44601
8 22 155.98831
8 23 187.90432
8 24 137.83119
8 25 192.24864
8 26 195.86046
8 27 165.65363
8 28 193.92133
8 29 116.82144
8 30 155.07115
8 31 119.22567
8 32 101.74662
8 33 193.57261
8 34 186.75239
8 35 146.67332
8 36 112.62677
8 37 191.10294
8 38 124.64481
8 39 140.11406
8 40 127.45528
8 41 115.40498
8 42 145.87613
8 43 123.51086
8 44 176.47772
8 45 146.57807
8 46 165.73033
8 47 106.43819
8 48 148.84352
8 49 121.76002
9 10 114.83962
9 11 116.53934
9 12 164.26753
9 13 162.26482
9 14 149.53626
9 15 134.58164
9 16 171.49685
9 17 159.26604
9 18 136.58458
9 19 187.28236
9 20 181.001
9 21 163.59866
9 22 156.26562
9 23 199.5421
9 24 133.16855
9 25 101.35073
9 26 198.9681
9 27 183.9759
9 28 126.10536
9 29 121.12318
9 30 165.55437
9 31 140.64267
9 32 180.91955
9 33 161.58087
9 34 163.16524
9 35 182.94772
9 36 172.01811
9 37 131.12508
9 38 153.90687
9 39 175.86813
9 40 159.58545
9 41 102.33509
9 42 102.4278
9 43 182.24777
9 44 147.91167
9 45 158.99462
9 46 133.73633
9 47 115.08077
9 48 175.47087
9 49 163.56576
10 11 183.81888
10 12 164.86763
10 13 134.14428
10 14 150.95116
10 15 193.33905
10 16 189.15903
10 17 198.8062
10 18 141.74906
10 19 183.38534
10 20 170.74931
10 21 199.47612
10 22 129.35843
10 23 155.75855
10 24 109.71607
10 25 168.80196
10 26 109.36046
10 27 144.8445
10 28 156.74578
10 29 140.37271
10 30 127.98595
10 31 113.12569
10 32 113.56672
10 33 120.90628
10 34 156.52097
10 35 145.40287
10 36 163.21431
10 37 176.38127
10 38 197.82814
10 39 166.27305
10 40 127.45666
10 41 158.62548
10 42 152.7231
10 43 103.74011
10 44 128.03905
10 45 127.5504
10 46 199.03559
10 47 187.89995
10 48 153.46245
10 49 128.11712
11 12 145.54238
11 13 184.4699
11 14 127.44482
11 15 185.18894
11 16 186.74644
11 17 169.4949
11 18 192.0848
11 19 130.89062
11 20 189.90004
11 21 138.79471
11 22 104.01692
11 23 124.0671
11 24 105.2078
11 25 115.49588
11 26 162.08248
11 27 149.44072
11 28 176.52208
11 29 178.71402
11 30 178.29038
11 31 155.39434
11 32 128.99601
11 33 162.98605
11 34 197.90694
11 35 103.40588
11 36 186.7956
11 37 100.24254
11 38 117.74734
11 39 114.66119
11 40 118.5944
11 41 112.45784
11 42 123.73976
11 43 127.95819
11 44 108.98698
11 45 136.69535
11 46 103.03536
11 47 179.52544
11 48 165.31341
11 49 187.15627
12 13 115.73649
12 14 151.82256
12 15 129.73818
12 16 184.98689
12 17 127.26084
12 18 110.12113
12 19 199.31892
12 20 107.85576
12 21 175.34553
12 22 146.25862
12 23 152.36126
12 24 149.29364
12 25 199.07986
12 26 111.06046
12 27 184.95243
12 28 155.04359
12 29 192.2175
12 30 126.41762
12 31 131.17848
12 32 101.01094
12 33 186.76944
12 34 147.90442
12 35 100.01608
12 36 115.20324
12 37 164.35469
12 38 193.91263
12 39 174.66052
12 40 150.94964
12 41 171.53646
12 42 185.97274
12 43 149.12114
12 44 181.15953
12 45 145.37946
12 46 139.73172
12 47 121.62369
12 48 140.18212
12 49 111.83629
13 14 182.24097
13 15 188.47489
13 16 118.37193
13 17 174.06364
13 18 173.75919
13 19 141.86416
13 20 150.0972
13 21 101.08025
13 22 132.58971
13 23 163.92762
13 24 138.65692
13 25 171.03214
13 26 185.38313
13 27 118.40849
13 28 148.19852
13 29 144.00899
13 30 146.93384
13 31 124.30835
13 32 164.54546
13 33 160.58284
13 34 181.9246
13 35 158.81017
13 36 192.90593
13 37 190.83007
13 38 187.16241
13 39 134.33113
13 40 190.32022
13 41 128.6968
13 42 148.96719
13 43 121.89955
13 44 148.4541
13 45 174.31619
13 46 167.29455
13 47 197.57075
13 48 132.49694
13 49 147.94939
14 15 161.14326
14 16 108.37985
14 17 132.84396
14 18 168.46863
14 19 173.48785
14 20 107.37127
14 21 116.13229
14 22 179.36792
14 23 108.75813
14 24 112.92492
14 25 189.13417
14 26 178.62264
14 27 153.98841
14 28 164.73679
14 29 133.94205
14 30 197.54783
14 31 174.71385
14 32 195.19897
14 33 166.77542
14 34 194.30551
14 35 164.52686
14 36 143.66798
14 37 177.623
14 38 177.65263
14 39 147.36994
14 40 129.03306
14 41 108.30159
14 42 171.55498
14 43 126.64866
14 44 131.84537
14 45 197.14839
14 46 121.65334
14 47 141.86889
14 48 108.086
14 49 165.63994
15 16 193.32364
15 17 154.11774
15 18 189.5709
15 19 145.69085
15 20 109.13985
15 21 173.99039
15 22 183.45885
15 23 102.48865
15 24 194.80374
15 25 195.72922
15 26 193.86613
15 27 133.55769
15 28 177.82312
15 29 178.50617
15 30 192.05218
15 31 117.03714
15 32 160.87751
15 33 152.25868
15 34 134.76319
15 35 105.05524
15 36 156.34158
15 37 122.1326
15 38 137.18806
15 39 114.26132
15 40 171.69758
15 41 128.24042
15 42 136.33115
15 43 142.58576
15 44 176.10121
15 45 164.81338
15 46 105.44698
15 47 120.52716
15 48 134.34243
15 49 122.29922
16 17 183.41404
16 18 159.30216
16 19 170.78437
16 20 143.45939
16 21 146.10239
16 22 137.98291
16 23 158.34661
16 24 157.14839
16 25 121.51317
16 26 198.62877
16 27 102.50457
16 28 196.09917
16 29 159.12116
16 30 159.52901
16 31 198.05402
16 32 138.14119
16 33 135.54827
16 34 146.61637
16 35 154.92257
16 36 166.82035
16 37 115.05199
16 38 155.32206
16 39 113.75337
16 40 100.05742
16 41 185.68712
16 42 127.00168
16 43 157.00257
16 44 175.6657
16 45 159.69487
16 46 159.63787
16 47 165.6413
16 48 161.356
16 49 194.86722
17 18 110.7215
17 19 132.57947
17 20 106.46014
17 21 106.02187
17 22 194.04245
17 23 111.21752
17 24 165.98726
17 25 191.81574
17 26 122.84837
17 27 119.69104
17 28 168.47882
17 29 196.31209
17 30 115.67541
17 31 100.43283
17 32 146.69151
17 33 150.67078
17 34 172.51783
17 35 143.7664
17 36 112.19311
17 37 182.70246
17 38 161.22509
17 39 138.35349
17 40 193.70183
17 41 104.27918
17 42 139.62888
17 43 142.32089
17 44 138.86941
17 45 145.35733
17 46 107.45132
17 47 106.02811
17 48 133.85611
17 49 186.90603
18 19 171.42626
18 20 178.50902
18 21 118.33857
18 22 128.11306
18 23 147.47406
18 24 165.54403
18 25 171.28488
18 26 106.87804
18 27 172.96226
18 28 194.4067
18 29 158.71823
18 30 133.36509
18 31 123.12859
18 32 155.97477
18 33 129.64953
18 34 187.46451
18 35 134.37256
18 36 158.87658
18 37 180.65383
18 38 140.62601
18 39 160.78531
18 40 132.10524
18 41 159.49719
18 42 103.76829
18 43 183.97155
18 44 104.20602
18 45 123.99996
18 46 136.6386
18 47 100.18509
18 48 109.02011
18 49 101.83169
19 20 119.34926
19 21 126.42249
19 22 191.8919
19 23 136.67948
19 24 153.72985
19 25 108.96604
19 26 124.79239
19 27 136.70526
19 28 174.68148
19 29 126.92882
19 30 188.2783
19 31 117.68529
19 32 191.19472
19 33 175.54764
19 34 112.57653
19 35 180.24018
19 36 154.75927
19 37 185.21506
19 38 177.1251
19 39 173.01741
19 40 188.84654
19 41 171.89515
19 42 164.65052
19 43 130.47141
19 44 149.78437
19 45 135.07459
19 46 137.82227
19 47 170.33845
19 48 155.3154
19 49 109.13522
20 21 127.85888
20 22 107.05611
20 23 144.06324
20 24 115.60581
20 25 196.98822
20 26 130.1657
20 27 186.61619
20 28 116.65008
20 29 134.49394
20 30 175.63224
20 31 110.95715
20 32 135.28504
20 33 174.4693
20 34 110.21037
20 35 155.0608
20 36 185.461
20 37 136.41131
20 38 162.24085
20 39 132.74241
20 40 191.36622
20 41 197.39582
20 42 101.59655
20 43 172.80587
20 44 134.56692
20 45 145.82707
20 46 159.837
20 47 139.85735
20 48 107.91516
20 49 118.28628
21 22 143.19806
21 23 158.85771
21 24 106.59417
21 25 115.19785
21 26 182.88396
21 27 163.20042
21 28 123.19781
21 29 159.47639
21 30 153.24144
21 31 130.43387
21 32 128.43913
21 33 122.02225
21 34 122.37496
21 35 143.85221
21 36 123.64729
21 37 179.31551
21 38 192.3334
21 39 170.15947
21 40 199.03365
21 41 125.51651
21 42 183.94494
21 43 141.77731
21 44 168.2018
21 45 178.66127
21 46 129.34961
21 47 191.82515
21 48 187.22369
21 49 132.48506
22 23 110.22507
22 24 186.53085
22 25 183.57474
22 26 150.50511
22 27 142.2572
22 28 170.07391
22 29 173.21483
22 30 167.83171
22 31 136.83909
22 32 116.19049
22 33 134.8241
22 34 103.64724
22 35 127.88173
22 36 169.74654
22 37 100.7728
22 38 132.54299
22 39 133.69279
22 40 146.8915
22 41 199.09082
22 42 134.20913
22 43 116.73785
22 44 143.82447
22 45 152.67057
22 46 152.4841
22 47 136.70705
22 48 142.89367
22 49 160.13589
23 24 177.08121
23 25 190.20762
23 26 192.87848
23 27 155.57199
23 28 106.14124
23 29 115.00083
23 30 136.42902
23 31 131.37838
23 32 109.08602
23 33 136.17134
23 34 106.8184
23 35 182.28771
23 36 174.87053
23 37 101.28997
23 38 127.41726
23 39 188.55135
23 40 183.95479
23 41 152.99633
23 42 150.43128
23 43 170.12288
23 44 195.05991
23 45 174.57506
23 46 189.39517
23 47 123.98019
23 48 106.54883
23 49 156.81929
24 25 178.03644
24 26 186.55803
24 27 163.40003
24 28 163.98608
24 29 135.15301
24 30 187.25046
24 31 135.99909
24 32 120.07049
24 33 110.84241
24 34 135.17658
24 35 139.39212
24 36 176.77545
24 37 140.79553
24 38 162.38767
24 39 110.51389
24 40 141.41176
24 41 161.68779
24 42 139.73907
24 43 125.17953
24 44 129.03823
24 45 108.39966
24 46 124.40645
24 47 143.97949
24 48 184.06505
24 49 101.46487
25 26 137.66795
25 27 102.19694
25 28 166.38941
25 29 117.66692
25 30 141.53161
25 31 111.34383
25 32 127.8473
25 33 188.93541
25 34 191.20154
25 35 170.78943
25 36 150.37978
25 37 189.67331
25 38 158.96065
25 39 144.32188
25 40 127.62134
25 41 191.24263
25 42 154.81559
25 43 193.20774
25 44 125.28476
25 45 109.28089
25 46 186.07479
25 47 160.1451
25 48 123.62648
25 49 166.23401
26 27 100.13229
26 28 108.31423
26 29 111.45497
26 30 139.62571
26 31 110.94067
26 32 119.0559
26 33 156.8648
26 34 193.69975
26 35 114.71166
26 36 143.99259
26 37 129.78048
26 38 162.70846
26 39 195.75162
26 40 111.19586
26 41 109.30998
26 42 199.56071
26 43 198.86707
26 44 166.14793
26 45 110.80473
26 46 143.82968
26 47 107.20828
26 48 111.58984
26 49 151.1643
27 28 190.16905
27 29 128.95608
27 30 128.77783
27 31 167.49761
27 32 199.4337
27 33 128.41557
27 34 154.56621
27 35 191.85018
27 36 169.32367
27 37 118.87484
27 38 182.78324
27 39 104.86904
27 40 197.16602
27 41 184.46939
27 42 110.79172
27 43 151.60355
27 44 169.72375
27 45 170.80091
27 46 156.8099
27 47 188.33979
27 48 117.51903
27 49 124.57365
28 29 164.93843
28 30 100.21772
28 31 120.94373
28 32 143.55456
28 33 165.67271
28 34 164.61946
28 35 112.56551
28 36 126.67593
28 37 147.36071
28 38 169.5836
28 39 187.1937
28 40 157.43989
28 41 128.35402
28 42 189.36489
28 43 194.07911
28 44 116.07861
28 45 165.78703
28 46 121.62446
28 47 168.71887
28 48 150.07128
28 49 180.64079
29 30 125.13475
29 31 132.66223
29 32 148.66639
29 33 167.87598
29 34 107.41458
29 35 186.07451
29 36 115.9639
29 37 108.79738
29 38 159.47582
29 39 189.96984
29 40 134.57176
29 41 101.12788
29 42 140.80048
29 43 131.29147
29 44 152.69881
29 45 108.21678
29 46 161.16229
29 47 101.14722
29 48 126.48219
29 49 148.00802
30 31 103.48311
30 32 145.73127
30 33 184.1451
30 34 155.90821
30 35 151.3718
30 36 182.09371
30 37 132.88044
30 38 167.23711
30 39 176.96585
30 40 112.5846
30 41 163.20678
30 42 144.60227
30 43 106.68457
30 44 126.59676
30 45 160.41421
30 46 161.3705
30 47 112.19069
30 48 158.35603
30 49 160.07169
31 32 114.45847
31 33 145.87465
31 34 139.15989
31 35 136.44222
31 36 110.61099
31 37 163.3976
31 38 120.0636
31 39 100.62852
31 40 197.08225
31 41 167.54038
31 42 152.09943
31 43 185.47868
31 44 189.21334
31 45 192.44324
31 46 107.39582
31 47 168.72501
31 48 106.83323
31 49 131.99598
32 33 150.94581
32 34 166.28162
32 35 178.40504
32 36 111.36521
32 37 139.96956
32 38 192.15518
32 39 186.90223
32 40 173.95697
32 41 199.12552
32 42 171.4193
32 43 172.04967
32 44 148.38267
32 45 193.06143
32 46 109.51379
32 47 148.60444
32 48 151.51735
32 49 154.14781
33 34 107.95162
33 35 112.77375
33 36 192.68274
33 37 170.1789
33 38 146.84995
33 39 190.09585
33 40 124.59711
33 41 104.78274
33 42 137.01318
33 43 195.66012
33 44 102.52952
33 45 162.29055
33 46 128.17839
33 47 189.32709
33 48 192.89696
33 49 140.30281
34 35 174.89293
34 36 134.40187
34 37 194.79791
34 38 180.38332
34 39 139.16668
34 40 184.99788
34 41 172.90454
34 42 106.96253
34 43 118.53558
34 44 140.71145
34 45 143.86459
34 46 137.5179
34 47 188.74054
34 48 136.25209
34 49 151.21239
35 36 164.98512
35 37 124.76777
35 38 174.94013
35 39 136.49538
35 40 127.63477
35 41 136.12879
35 42 197.43211
35 43 151.56532
35 44 173.31103
35 45 174.61174
35 46 173.5209
35 47 157.24109
35 48 115.58974
35 49 105.85547
36 37 124.33459
36 38 191.77716
36 39 168.2361
36 40 172.34378
36 41 111.12991
36 42 143.78765
36 43 137.39889
36 44 134.66863
36 45 190.36042
36 46 197.83529
36 47 134.92596
36 48 118.15326
36 49 127.58935
37 38 198.53122
37 39 176.18286
37 40 128.73195
37 41 156.77138
37 42 146.52629
37 43 175.26723
37 44 124.63128
37 45 130.87085
37 46 120.97074
37 47 130.97256
37 48 181.45793
37 49 103.39543
38 39 187.55296
38 40 169.43554
38 41 107.3392
38 42 124.19142
38 43 141.72047
38 44 195.29512
38 45 132.64671
38 46 176.34075
38 47 157.73309
38 48 117.93656
38 49 174.77538
39 40 191.69208
39 41 103.01354
39 42 135.49696
39 43 144.94838
39 44 199.06346
39 45 172.73984
39 46 199.03484
39 47 140.74049
39 48 170.9269
39 49 154.42039
40 41 187.42797
40 42 171.25412
40 43 179.78549
40 44 129.49562
40 45 171.12049
40 46 176.32336
40 47 104.16312
40 48 146.48237
40 49 112.52794
41 42 125.96349
41 43 170.97281
41 44 189.56794
41 45 147.27855
41 46 109.58271
41 47 141.99906
41 48 136.6973
41 49 171.20689
42 43 193.35003
42 44 121.91392
42 45 140.54931
42 46 130.64591
42 47 145.09641
42 48 144.96005
42 49 180.92298
43 44 103.81183
43 45 174.95854
43 46 148.8334
43 47 143.61934
43 48 144.40353
43 49 180.6896
44 45 100.57557
44 46 173.75369
44 47 142.06481
44 48 180.12687
44 49 105.56467
45 46 186.89474
45 47 151.80797
45 48 116.85067
45 49 136.26989
46 47 179.91603
46 48 130.18785
46 49 168.91818
47 48 101.16325
47 49 147.22524
48 49 116.90018
