100 10
0 1 117.75933
0 2 185.5955
0 3 116.06788
0 4 117.65715
0 5 141.679
0 6 124.34775
0 7 171.61113
0 8 195.58658
0 9 168.38659
0 10 172.36165
0 11 148.34313
0 12 192.25294
0 13 165.80656
0 14 131.59885
0 15 152.11901
0 16 145.09485
0 17 127.71583
0 18 199.16849
0 19 100.18055
0 20 129.18017
0 21 173.18767
0 22 171.92036
0 23 150.86696
0 24 120.32416
0 25 135.28565
0 26 186.18479
0 27 174.55846
0 28 182.60311
0 29 122.79132
0 30 148.80857
0 31 124.68968
0 32 146.19685
0 33 178.25723
0 34 109.68436
0 35 152.51669
0 36 188.4408
0 37 108.39072
0 38 142.22079
0 39 135.1561
0 40 185.65959
0 41 196.80894
0 42 109.82428
0 43 163.15807
0 44 171.74305
0 45 183.31963
0 46 131.1004
0 47 108.44216
0 48 191.58269
0 49 123.25408
0 50 164.89838
0 51 124.17436
0 52 190.3764
0 53 158.98601
0 54 153.33995
0 55 123.37788
0 56 120.8722
0 57 142.69617
0 58 139.57208
0 59 142.04769
0 60 172.9675
0 61 134.14117
0 62 177.64292
0 63 130.89083
0 64 149.60082
0 65 167.84419
0 66 194.16723
0 67 141.71939
0 68 133.77946
0 69 113.89302
0 70 151.31932
0 71 104.13055
0 72 180.30277
0 73 182.54714
0 74 169.1494
0 75 171.95767
0 76 116.74036
0 77 150.83299
0 78 191.64123
0 79 136.94957
0 80 179.5658
0 81 112.94118
0 82 138.32538
0 83 176.75726
0 84 103.33749
0 85 116.31567
0 86 120.14158
0 87 180.56126
0 88 178.68304
0 89 177.72873
0 90 151.59117
0 91 162.03756
0 92 148.73107
0 93 141.11288
0 94 126.06007
0 95 160.80877
0 96 130.59463
0 97 153.52347
0 98 119.13918
0 99 126.32431
1 2 171.32964
1 3 190.95804
1 4 166.45355
1 5 138.79794
1 6 137.5931
1 7 184.011
1 8 122.95944
1 9 116.07188
1 10 187.64044
1 11 198.22335
1 12 195.8879
1 13 188.63943
1 14 188.45707
1 15 122.06401
1 16 172.59527
1 17 109.23604
1 18 121.26175
1 19 104.59164
1 20 141.253
1 21 105.31591
1 22 118.92544
1 23 146.24415
1 24 114.25349
1 25 118.38636
1 26 136.83373
1 27 100.16812
1 28 193.70903
1 29 157.62629
1 30 135.3221
1 31 177.21268
1 32 197.68075
1 33 138.68074
1 34 141.75236
1 35 164.0587
1 36 105.82023
1 37 118.96915
1 38 109.30743
1 39 155.84
1 40 138.09267
1 41 120.51945
1 42 108.48649
1 43 120.60174
1 44 138.65365
1 45 142.44522
1 46 164.07408
1 47 176.2416
1 48 135.91018
1 49 182.29201
1 50 128.87461
1 51 117.9523
1 52 112.8559
1 53 106.71375
1 54 115.16526
1 55 100.70431
1 56 185.1212
1 57 107.01319
1 58 117.22198
1 59 142.13155
1 60 136.90138
1 61 125.31442
1 62 104.78417
1 63 162.62945
1 64 193.39021
1 65 124.56118
1 66 127.39736
1 67 160.68255
1 68 188.73807
1 69 198.29618
1 70 129.64373
1 71 189.94601
1 72 170.92028
1 73 167.70254
1 74 182.76665
1 75 142.1142
1 76 156.7674
1 77 131.99792
1 78 128.04577
1 79 107.4656
1 80 154.28002
1 81 132.73775
1 82 134.46369
1 83 144.6089
1 84 124.51344
1 85 182.48368
1 86 118.84955
1 87 139.30707
1 88 168.68236
1 89 183.27535
1 90 167.42935
1 91 130.93922
1 92 150.192
1 93 178.50307
1 94 115.20224
1 95 154.18755
1 96 154.28675
1 97 190.35578
1 98 131.27258
1 99 135.9971
2 3 162.84666
2 4 180.38229
2 5 149.25943
2 6 101.99707
2 7 196.87676
2 8 175.11961
2 9 116.91553
2 10 187.15812
2 11 184.3004
2 12 117.46758
2 13 114.95025
2 14 151.56092
2 15 172.87942
2 16 114.12642
2 17 148.46988
2 18 143.92352
2 19 166.51804
2 20 120.2046
2 21 171.4233
2 22 126.45696
2 23 113.56669
2 24 199.5023
2 25 196.55518
2 26 181.28597
2 27 154.43076
2 28 132.76796
2 29 100.3303
2 30 137.85138
2 31 145.54965
2 32 179.85873
2 33 136.87756
2 34 142.034
2 35 133.40338
2 36 159.9024
2 37 189.32264
2 38 110.08596
2 39 103.99755
2 40 135.54309
2 41 156.94035
2 42 135.82028
2 43 101.54273
2 44 105.92469
2 45 197.0914
2 46 139.68775
2 47 195.00351
2 48 113.57176
2 49 180.19829
2 50 103.00423
2 51 159.18018
2 52 190.61117
2 53 140.05622
2 54 133.24165
2 55 112.48376
2 56 183.22175
2 57 170.02622
2 58 137.48324
2 59 130.68578
2 60 140.80486
2 61 163.35041
2 62 168.34622
2 63 169.45848
2 64 173.40516
2 65 106.60323
2 66 143.67525
2 67 192.6153
2 68 106.33066
2 69 127.20403
2 70 110.96926
2 71 129.19321
2 72 165.84121
2 73 181.70345
2 74 190.71206
2 75 124.93608
2 76 130.42862
2 77 160.46622
2 78 112.33453
2 79 170.29536
2 80 199.82987
2 81 185.66652
2 82 133.28043
2 83 103.20989
2 84 173.80587
2 85 136.85518
2 86 117.71698
2 87 197.49204
2 88 113.09808
2 89 111.40969
2 90 134.80716
2 91 140.57359
2 92 136.60153
2 93 176.88824
2 94 187.89955
2 95 144.19398
2 96 100.28289
2 97 171.03468
2 98 123.40867
2 99 165.63546
3 4 150.57566
3 5 188.97093
3 6 165.40183
3 7 107.31461
3 8 176.18769
3 9 166.62336
3 10 171.19237
3 11 125.68068
3 12 135.324
3 13 126.96611
3 14 181.78206
3 15 113.13954
3 16 186.73962
3 17 126.39863
3 18 159.00934
3 19 148.82741
3 20 122.10756
3 21 149.88277
3 22 181.46335
3 23 142.69337
3 24 154.22927
3 25 191.14806
3 26 182.79275
3 27 118.46679
3 28 167.9377
3 29 177.0796
3 30 185.97961
3 31 126.44908
3 32 156.58441
3 33 104.6745
3 34 111.76757
3 35 198.69009
3 36 132.58331
3 37 153.32533
3 38 145.74576
3 39 142.793
3 40 139.30869
3 41 100.82894
3 42 159.37131
3 43 176.40492
3 44 111.94723
3 45 135.30322
3 46 154.04085
3 47 155.24847
3 48 117.55371
3 49 128.74168
3 50 157.02022
3 51 116.84137
3 52 121.48059
3 53 149.07671
3 54 195.96446
3 55 120.22761
3 56 166.3122
3 57 175.45613
3 58 186.01427
3 59 170.75845
3 60 125.24552
3 61 159.51909
3 62 113.14587
3 63 146.70168
3 64 104.01429
3 65 127.73275
3 66 180.05243
3 67 160.28553
3 68 164.57493
3 69 156.18215
3 70 109.19569
3 71 180.08553
3 72 183.98467
3 73 177.15257
3 74 148.8871
3 75 122.28635
3 76 149.8309
3 77 166.01662
3 78 106.25642
3 79 134.37287
3 80 190.7754
3 81 179.32117
3 82 109.73198
3 83 144.82692
3 84 150.73821
3 85 198.46535
3 86 131.10492
3 87 187.9141
3 88 141.85614
3 89 166.35658
3 90 102.43676
3 91 155.81786
3 92 177.32365
3 93 154.07217
3 94 181.9909
3 95 196.10636
3 96 124.27681
3 97 190.49418
3 98 144.21654
3 99 111.28682
4 5 193.45226
4 6 138.64041
4 7 140.60152
4 8 140.46761
4 9 122.40588
4 10 129.65473
4 11 122.45781
4 12 190.13099
4 13 139.56865
4 14 161.41919
4 15 197.08144
4 16 198.76238
4 17 146.82394
4 18 183.76354
4 19 172.62775
4 20 199.56804
4 21 144.45303
4 22 133.67795
4 23 113.88633
4 24 187.56426
4 25 187.4419
4 26 115.15029
4 27 143.24754
4 28 196.02429
4 29 157.85927
4 30 151.22241
4 31 144.4194
4 32 143.78679
4 33 106.19952
4 34 104.30591
4 35 173.47575
4 36 190.46235
4 37 148.81801
4 38 117.46988
4 39 189.08357
4 40 158.42658
4 41 166.62033
4 42 197.42048
4 43 189.97878
4 44 181.02706
4 45 140.28849
4 46 150.48425
4 47 157.01984
4 48 115.21343
4 49 149.86123
4 50 134.00625
4 51 158.24213
4 52 139.33405
4 53 117.18638
4 54 102.02861
4 55 170.73681
4 56 123.83117
4 57 125.94538
4 58 144.61746
4 59 193.55937
4 60 117.11341
4 61 196.02589
4 62 105.12553
4 63 143.82805
4 64 159.42272
4 65 132.36141
4 66 182.2055
4 67 113.28987
4 68 143.55195
4 69 172.60444
4 70 132.07086
4 71 123.34286
4 72 152.38386
4 73 182.81724
4 74 186.08098
4 75 121.0744
4 76 192.30593
4 77 144.27969
4 78 112.63186
4 79 173.96767
4 80 122.6829
4 81 134.28757
4 82 181.81527
4 83 154.3171
4 84 153.32613
4 85 130.01607
4 86 156.43152
4 87 142.94945
4 88 142.14998
4 89 114.87576
4 90 123.63542
4 91 180.86664
4 92 185.32933
4 93 197.14969
4 94 167.57404
4 95 114.98943
4 96 131.16431
4 97 139.02935
4 98 178.49515
4 99 122.94968
5 6 187.45826
5 7 157.39152
5 8 164.19462
5 9 141.68963
5 10 192.2656
5 11 140.93254
5 12 167.71412
5 13 161.42128
5 14 132.40385
5 15 155.63512
5 16 102.79809
5 17 183.37265
5 18 109.32647
5 19 166.981
5 20 128.16091
5 21 174.435
5 22 147.87348
5 23 187.33293
5 24 149.5825
5 25 105.468
5 26 163.54705
5 27 183.28083
5 28 158.70186
5 29 169.40699
5 30 160.56426
5 31 136.17508
5 32 162.92571
5 33 152.71795
5 34 177.07848
5 35 177.04874
5 36 131.15891
5 37 103.36992
5 38 170.47393
5 39 194.13956
5 40 167.17998
5 41 107.64873
5 42 130.18396
5 43 140.994
5 44 155.11325
5 45 183.53566
5 46 163.04026
5 47 137.82431
5 48 140.12044
5 49 157.07208
5 50 132.90963
5 51 142.16953
5 52 115.92483
5 53 101.50787
5 54 194.14969
5 55 159.0065
5 56 162.37132
5 57 122.14997
5 58 199.21607
5 59 189.46823
5 60 134.60011
5 61 116.67088
5 62 146.8116
5 63 199.1357
5 64 138.78027
5 65 161.04082
5 66 109.4132
5 67 118.45801
5 68 182.58215
5 69 173.45341
5 70 189.80164
5 71 144.61438
5 72 115.95523
5 73 183.05991
5 74 167.56939
5 75 168.34976
5 76 130.45725
5 77 152.70847
5 78 184.74194
5 79 142.43109
5 80 190.27865
5 81 144.67434
5 82 150.537
5 83 152.47382
5 84 197.61564
5 85 198.94775
5 86 102.53889
5 87 198.64992
5 88 191.51852
5 89 186.91119
5 90 149.03666
5 91 165.18444
5 92 158.92964
5 93 181.84243
5 94 135.86367
5 95 188.48484
5 96 129.79483
5 97 115.44823
5 98 130.10802
5 99 126.80183
6 7 170.15639
6 8 191.66337
6 9 111.9239
6 10 173.10469
6 11 105.73197
6 12 187.22175
6 13 174.29597
6 14 188.38115
6 15 114.69814
6 16 110.33679
6 17 144.16439
6 18 156.54926
6 19 127.43079
6 20 197.7559
6 21 113.61763
6 22 150.29519
6 23 123.71272
6 24 173.86262
6 25 122.15172
6 26 149.93495
6 27 193.02781
6 28 100.68439
6 29 172.22656
6 30 142.20232
6 31 178.5393
6 32 157.91554
6 33 121.46352
6 34 167.46489
6 35 149.53711
6 36 172.29807
6 37 158.95546
6 38 149.7885
6 39 109.35035
6 40 150.49874
6 41 178.78671
6 42 184.724
6 43 158.07548
6 44 192.56378
6 45 181.26653
6 46 122.22387
6 47 173.21653
6 48 172.43209
6 49 191.97229
6 50 106.54106
6 51 156.2804
6 52 125.23976
6 53 188.50228
6 54 156.92805
6 55 138.78948
6 56 167.73952
6 57 117.57551
6 58 180.22639
6 59 152.17191
6 60 164.27782
6 61 118.16544
6 62 197.99407
6 63 103.12415
6 64 199.31438
6 65 180.12545
6 66 170.50524
6 67 186.37077
6 68 169.35637
6 69 188.76294
6 70 147.9948
6 71 102.83543
6 72 183.41076
6 73 147.20906
6 74 106.27301
6 75 172.11784
6 76 164.79171
6 77 159.3732
6 78 122.29992
6 79 196.2795
6 80 195.43403
6 81 132.28686
6 82 153.45782
6 83 132.30433
6 84 146.61322
6 85 170.94934
6 86 187.56319
6 87 101.7419
6 88 198.66996
6 89 145.1461
6 90 123.92114
6 91 134.09213
6 92 118.2346
6 93 126.06677
6 94 109.08446
6 95 110.79624
6 96 113.8173
6 97 163.63492
6 98 179.56817
6 99 132.15157
7 8 196.0997
7 9 107.96935
7 10 160.99883
7 11 123.7537
7 12 122.26314
7 13 196.39524
7 14 130.70717
7 15 158.81585
7 16 152.96243
7 17 173.35784
7 18 120.67452
7 19 190.68636
7 20 121.8855
7 21 195.66219
7 22 194.80182
7 23 133.98942
7 24 105.68953
7 25 103.84961
7 26 108.09341
7 27 123.94481
7 28 119.24821
7 29 127.60364
7 30 151.31443
7 31 111.73117
7 32 196.15731
7 33 183.23961
7 34 183.21281
7 35 157.59201
7 36 163.47795
7 37 108.13859
7 38 103.97137
7 39 176.58328
7 40 121.33521
7 41 139.61494
7 42 198.51128
7 43 121.79885
7 44 171.0626
7 45 139.65485
7 46 188.496
7 47 144.26895
7 48 195.311
7 49 150.26304
7 50 143.00138
7 51 189.4507
7 52 199.53881
7 53 123.60221
7 54 137.44016
7 55 150.40302
7 56 136.07205
7 57 142.7849
7 58 139.20474
7 59 137.12487
7 60 149.27638
7 61 116.22764
7 62 159.91815
7 63 154.05757
7 64 143.81743
7 65 135.7567
7 66 143.59968
7 67 125.92008
7 68 184.38247
7 69 155.02372
7 70 157.26446
7 71 162.1813
7 72 190.33725
7 73 140.86003
7 74 191.28715
7 75 141.57157
7 76 187.85791
7 77 107.75971
7 78 169.84635
7 79 183.93974
7 80 142.67598
7 81 192.46899
7 82 193.5841
7 83 101.58913
7 84 195.75956
7 85 186.60517
7 86 125.6539
7 87 190.87936
7 88 108.25144
7 89 144.79741
7 90 188.83978
7 91 179.77179
7 92 105.39233
7 93 105.33605
7 94 195.25106
7 95 168.32009
7 96 108.63764
7 97 146.17535
7 98 144.71197
7 99 188.75195
8 9 120.79638
8 10 196.82469
8 11 122.9113
8 12 109.69174
8 13 141.65592
8 14 102.51935
8 15 147.54654
8 16 192.16872
8 17 167.98995
8 18 140.42714
8 19 114.3017
8 20 183.81366
8 21 102.11085
8 22 105.22836
8 23 108.4745
8 24 132.4543
8 25 107.61732
8 26 142.60681
8 27 153.30969
8 28 123.49332
8 29 146.61312
8 30 165.21924
8 31 144.75319
8 32 193.18058
8 33 156.49527
8 34 137.20333
8 35 190.35752
8 36 156.46621
8 37 184.14969
8 38 118.96047
8 39 171.88145
8 40 149.57291
8 41 119.12876
8 42 194.81663
8 43 189.4385
8 44 150.65637
8 45 132.7449
8 46 167.66689
8 47 111.39043
8 48 152.03729
8 49 130.10146
8 50 100.52933
8 51 169.34076
8 52 111.76445
8 53 103.79197
8 54 170.40206
8 55 169.94303
8 56 118.65279
8 57 145.03138
8 58 187.71868
8 59 198.43981
8 60 194.4483
8 61 128.31284
8 62 176.73757
8 63 145.6455
8 64 150.97328
8 65 157.32933
8 66 150.1579
8 67 199.7712
8 68 174.34531
8 69 160.7116
8 70 111.74893
8 71 101.07446
8 72 181.70449
8 73 183.48573
8 74 116.05343
8 75 118.91372
8 76 175.40766
8 77 187.79444
8 78 166.80778
8 79 185.61418
8 80 180.52091
8 81 162.83419
8 82 101.84201
8 83 150.90679
8 84 130.69246
8 85 120.25914
8 86 159.34756
8 87 195.01688
8 88 122.64296
8 89 155.25803
8 90 143.45979
8 91 191.96426
8 92 165.74908
8 93 197.36737
8 94 189.49868
8 95 129.15879
8 96 133.37131
8 97 109.83373
8 98 184.72622
8 99 150.09646
9 10 119.26627
9 11 155.84999
9 12 181.06729
9 13 133.50695
9 14 146.30616
9 15 125.71548
9 16 187.28039
9 17 177.02162
9 18 158.62703
9 19 177.82522
9 20 178.21236
9 21 123.37138
9 22 138.48862
9 23 163.52154
9 24 153.22311
9 25 143.08345
9 26 100.51114
9 27 108.50407
9 28 194.64261
9 29 196.32022
9 30 120.69247
9 31 103.82331
9 32 152.61497
9 33 154.56772
9 34 175.63359
9 35 123.99714
9 36 118.71576
9 37 173.16752
9 38 130.75402
9 39 186.86949
9 40 130.50112
9 41 160.21637
9 42 172.06564
9 43 164.49134
9 44 131.28986
9 45 124.63915
9 46 144.10433
9 47 156.99765
9 48 114.74791
9 49 192.87496
9 50 170.24052
9 51 182.7438
9 52 140.0865
9 53 195.77011
9 54 168.85163
9 55 164.51009
9 56 129.63448
9 57 170.89595
9 58 101.64976
9 59 167.19682
9 60 153.17557
9 61 186.97815
9 62 189.91966
9 63 104.52193
9 64 138.15614
9 65 102.41755
9 66 187.61548
9 67 178.66442
9 68 163.52508
9 69 166.12727
9 70 162.3209
9 71 182.16348
9 72 149.96643
9 73 179.19103
9 74 124.92625
9 75 169.15627
9 76 191.61142
9 77 138.01078
9 78 151.16632
9 79 136.04449
9 80 176.76495
9 81 194.09895
9 82 147.83394
9 83 139.06805
9 84 113.0693
9 85 140.35161
9 86 154.16262
9 87 125.92264
9 88 140.47496
9 89 143.51578
9 90 198.23938
9 91 165.77251
9 92 160.14371
9 93 132.86929
9 94 181.52966
9 95 128.01747
9 96 152.62363
9 97 114.99018
9 98 100.49605
9 99 105.5882
10 11 136.41249
10 12 179.22786
10 13 104.29159
10 14 109.61379
10 15 153.6253
10 16 167.58584
10 17 157.52912
10 18 139.99869
10 19 153.26787
10 20 146.03328
10 21 196.30417
10 22 181.83381
10 23 152.30178
10 24 196.67864
10 25 124.09136
10 26 161.99875
10 27 119.73227
10 28 165.72984
10 29 133.27202
10 30 140.87343
10 31 165.37337
10 32 188.69412
10 33 169.07848
10 34 103.90049
10 35 192.545
10 36 157.67501
10 37 180.04618
10 38 104.2096
10 39 108.22268
10 40 145.94444
10 41 112.82006
10 42 118.23691
10 43 186.89287
10 44 186.93163
10 45 101.50519
10 46 189.31828
10 47 167.68562
10 48 197.80059
10 49 179.84637
10 50 157.36554
10 51 132.85103
10 52 197.26825
10 53 160.18487
10 54 106.18408
10 55 117.45718
10 56 154.82674
10 57 171.5679
10 58 122.22681
10 59 194.94005
10 60 151.21083
10 61 163.45923
10 62 152.99507
10 63 103.00203
10 64 177.58239
10 65 149.51244
10 66 154.86827
10 67 160.58658
10 68 196.59326
10 69 193.48351
10 70 155.91119
10 71 123.45428
10 72 192.68003
10 73 128.74165
10 74 142.62823
10 75 155.39377
10 76 156.09696
10 77 184.41368
10 78 110.61561
10 79 159.79835
10 80 110.28047
10 81 109.26435
10 82 101.59982
10 83 179.63753
10 84 170.56396
10 85 151.40608
10 86 191.33275
10 87 153.99024
10 88 109.73995
10 89 190.89817
10 90 161.64625
10 91 187.90566
10 92 116.49716
10 93 101.76388
10 94 164.38188
10 95 192.27807
10 96 173.83561
10 97 107.5408
10 98 110.82724
10 99 191.73206
11 12 189.0018
11 13 186.29245
11 14 153.68977
11 15 113.98558
11 16 180.7228
11 17 127.88077
11 18 101.73362
11 19 177.5661
11 20 154.3272
11 21 158.97474
11 22 164.99553
11 23 167.38182
11 24 147.73467
11 25 124.76701
11 26 125.6448
11 27 196.50309
11 28 116.80195
11 29 152.80597
11 30 197.63301
11 31 107.74679
11 32 126.18632
11 33 128.92858
11 34 147.75406
11 35 104.70246
11 36 163.58751
11 37 125.25808
11 38 150.68597
11 39 168.49524
11 40 100.03779
11 41 168.28889
11 42 122.29625
11 43 151.8024
11 44 196.81781
11 45 101.82046
11 46 169.03844
11 47 124.98899
11 48 107.63977
11 49 112.59583
11 50 129.99464
11 51 184.8254
11 52 189.26901
11 53 157.37959
11 54 180.36971
11 55 136.81196
11 56 173.7067
11 57 114.67074
11 58 176.94496
11 59 123.05392
11 60 183.58983
11 61 124.18844
11 62 119.63211
11 63 140.96995
11 64 100.18912
11 65 131.76034
11 66 134.5751
11 67 172.38898
11 68 175.81753
11 69 144.90692
11 70 139.0241
11 71 196.04969
11 72 158.93666
11 73 180.01097
11 74 159.24848
11 75 160.23482
11 76 127.29193
11 77 151.66048
11 78 113.44696
11 79 116.10682
11 80 101.53176
11 81 149.69825
11 82 164.42966
11 83 165.50901
11 84 116.4103
11 85 171.54455
11 86 126.64939
11 87 136.83837
11 88 181.73788
11 89 150.20391
11 90 131.77662
11 91 129.68517
11 92 148.34069
11 93 131.44439
11 94 151.29951
11 95 162.49685
11 96 193.80248
11 97 115.65075
11 98 184.79515
11 99 107.48636
12 13 198.29468
12 14 197.93513
12 15 182.28759
12 16 128.94731
12 17 143.32071
12 18 148.18505
12 19 124.91457
12 20 150.85676
12 21 169.31875
12 22 100.00424
12 23 165.35718
12 24 136.57359
12 25 108.20645
12 26 183.85749
12 27 118.75157
12 28 182.61238
12 29 156.0909
12 30 117.35122
12 31 196.31307
12 32 152.20819
12 33 144.54222
12 34 163.2603
12 35 192.25949
12 36 151.10933
12 37 101.07224
12 38 123.27089
12 39 165.25712
12 40 140.92764
12 41 152.54992
12 42 172.82618
12 43 110.00592
12 44 124.37115
12 45 152.17983
12 46 167.07158
12 47 174.26392
12 48 166.93603
12 49 141.37283
12 50 177.15993
12 51 189.70721
12 52 178.45279
12 53 173.37206
12 54 118.54981
12 55 125.33712
12 56 129.31291
12 57 117.76795
12 58 108.23819
12 59 176.83818
12 60 165.71615
12 61 142.2624
12 62 196.21382
12 63 147.72494
12 64 167.73647
12 65 145.24926
12 66 189.55653
12 67 185.5364
12 68 193.4894
12 69 150.92895
12 70 173.14065
12 71 122.68803
12 72 165.01437
12 73 192.19277
12 74 194.53949
12 75 129.5784
12 76 166.71422
12 77 168.0133
12 78 122.17256
12 79 151.09862
12 80 179.92688
12 81 161.15562
12 82 185.16311
12 83 116.93588
12 84 158.96722
12 85 168.06657
12 86 177.35992
12 87 184.82157
12 88 155.43158
12 89 172.04258
12 90 145.48162
12 91 177.7352
12 92 194.85009
12 93 157.38722
12 94 116.44901
12 95 199.00556
12 96 194.84285
12 97 135.01375
12 98 126.61702
12 99 122.30221
13 14 106.72594
13 15 174.20143
13 16 140.51513
13 17 157.96673
13 18 167.11268
13 19 119.35414
13 20 148.63447
13 21 136.53174
13 22 198.67063
13 23 177.73737
13 24 164.5727
13 25 165.82549
13 26 199.30883
13 27 137.95997
13 28 100.46051
13 29 112.52466
13 30 175.78864
13 31 144.21704
13 32 166.63667
13 33 115.52117
13 34 147.03191
13 35 116.76691
13 36 187.99015
13 37 183.52675
13 38 113.73817
13 39 152.55037
13 40 137.82945
13 41 102.77718
13 42 124.0177
13 43 158.42031
13 44 146.95235
13 45 120.43135
13 46 154.64277
13 47 104.02935
13 48 156.04148
13 49 190.57308
13 50 106.61445
13 51 123.84219
13 52 188.75581
13 53 111.37703
13 54 178.43825
13 55 138.01497
13 56 158.59272
13 57 180.05272
13 58 133.51409
13 59 172.54694
13 60 108.02105
13 61 165.96741
13 62 186.61909
13 63 148.75555
13 64 198.73918
13 65 165.66024
13 66 199.06457
13 67 183.92774
13 68 104.64367
13 69 177.61234
13 70 147.68597
13 71 178.05842
13 72 179.78914
13 73 162.70037
13 74 114.89402
13 75 184.40391
13 76 117.24723
13 77 150.35168
13 78 190.07816
13 79 100.74942
13 80 190.47253
13 81 160.53161
13 82 100.92252
13 83 199.60764
13 84 109.88565
13 85 185.88578
13 86 139.23561
13 87 197.32347
13 88 122.87985
13 89 162.10757
13 90 165.02844
13 91 170.37605
13 92 121.43244
13 93 162.5638
13 94 111.29896
13 95 125.4466
13 96 103.67828
13 97 153.34634
13 98 114.88618
13 99 163.09861
14 15 123.43336
14 16 196.40317
14 17 190.20538
14 18 102.443
14 19 158.16676
14 20 166.54977
14 21 102.17017
14 22 119.2464
14 23 197.30543
14 24 114.86892
14 25 107.94043
14 26 170.30202
14 27 107.32871
14 28 104.07881
14 29 171.49195
14 30 133.08782
14 31 183.45947
14 32 198.88468
14 33 100.87007
14 34 122.3686
14 35 167.65542
14 36 137.29773
14 37 117.54713
14 38 177.96533
14 39 190.18071
14 40 118.40251
14 41 167.61662
14 42 172.48776
14 43 102.62758
14 44 117.9621
14 45 146.37866
14 46 158.99365
14 47 190.62105
14 48 181.9126
14 49 190.61528
14 50 195.05617
14 51 116.55086
14 52 174.6558
14 53 154.81397
14 54 181.86594
14 55 167.47252
14 56 198.06194
14 57 156.18245
14 58 127.19128
14 59 118.77079
14 60 167.49749
14 61 166.06637
14 62 161.68496
14 63 153.68103
14 64 188.52389
14 65 155.82263
14 66 190.39747
14 67 124.33289
14 68 107.70593
14 69 115.26094
14 70 196.45209
14 71 113.02013
14 72 189.99202
14 73 114.70059
14 74 198.29079
14 75 154.73723
14 76 149.71904
14 77 133.38535
14 78 131.60861
14 79 187.9424
14 80 176.56693
14 81 130.15108
14 82 154.98051
14 83 179.99352
14 84 133.5777
14 85 102.56753
14 86 128.29005
14 87 116.22623
14 88 125.07945
14 89 158.09632
14 90 147.97091
14 91 122.54593
14 92 181.57721
14 93 170.05004
14 94 135.31439
14 95 180.7431
14 96 191.00406
14 97 147.13054
14 98 123.49463
14 99 163.68211
15 16 192.94
15 17 138.15426
15 18 123.40268
15 19 160.24082
15 20 190.87316
15 21 144.8811
15 22 101.63979
15 23 171.87921
15 24 158.22811
15 25 104.8904
15 26 110.92292
15 27 169.64666
15 28 130.38653
15 29 164.97542
15 30 131.99392
15 31 194.44252
15 32 159.92803
15 33 174.95204
15 34 123.71985
15 35 188.85414
15 36 197.97067
15 37 178.42911
15 38 142.7546
15 39 114.16219
15 40 168.50859
15 41 173.08247
15 42 171.57253
15 43 146.77714
15 44 176.02473
15 45 127.02571
15 46 184.73595
15 47 109.09246
15 48 100.51963
15 49 183.62633
15 50 122.47757
15 51 124.59881
15 52 140.5123
15 53 129.97635
15 54 111.52315
15 55 178.51856
15 56 193.85042
15 57 106.25288
15 58 137.70102
15 59 161.42787
15 60 156.55121
15 61 125.65931
15 62 144.64736
15 63 179.37094
15 64 128.8271
15 65 128.33506
15 66 153.15073
15 67 108.32055
15 68 159.93048
15 69 163.88942
15 70 125.82427
15 71 124.71978
15 72 136.26171
15 73 144.91217
15 74 168.95902
15 75 158.3161
15 76 182.2691
15 77 109.43014
15 78 189.7863
15 79 122.13967
15 80 197.45996
15 81 160.11614
15 82 173.68463
15 83 187.64276
15 84 178.54916
15 85 195.71743
15 86 134.59698
15 87 100.03995
15 88 182.54994
15 89 185.88431
15 90 105.7506
15 91 182.42758
15 92 117.65602
15 93 123.80039
15 94 189.47359
15 95 124.55023
15 96 123.41376
15 97 190.09855
15 98 104.36786
15 99 151.27674
16 17 171.30968
16 18 189.74192
16 19 100.3704
16 20 149.40275
16 21 130.49389
16 22 180.73494
16 23 151.15222
16 24 154.61967
16 25 160.30326
16 26 183.53607
16 27 135.0627
16 28 166.46086
16 29 193.12175
16 30 171.41274
16 31 146.73652
16 32 189.35193
16 33 189.9954
16 34 189.7134
16 35 174.86015
16 36 138.56416
16 37 102.00852
16 38 147.39816
16 39 129.36308
16 40 127.41052
16 41 117.81085
16 42 174.19832
16 43 131.55361
16 44 195.26988
16 45 191.77443
16 46 177.39299
16 47 150.76515
16 48 154.73451
16 49 116.46653
16 50 147.3642
16 51 168.76006
16 52 190.58311
16 53 157.1139
16 54 147.80043
16 55 143.26322
16 56 165.92881
16 57 110.64376
16 58 139.87485
16 59 102.53464
16 60 158.89431
16 61 194.87086
16 62 141.17671
16 63 131.1678
16 64 119.76088
16 65 147.65649
16 66 128.77218
16 67 115.33467
16 68 138.43438
16 69 147.01914
16 70 194.36627
16 71 175.29542
16 72 118.34269
16 73 163.45019
16 74 145.29702
16 75 188.32822
16 76 107.55495
16 77 150.84221
16 78 141.41924
16 79 101.81472
16 80 110.6188
16 81 125.98947
16 82 140.38403
16 83 123.34078
16 84 103.02112
16 85 147.15392
16 86 177.86049
16 87 162.64222
16 88 143.68008
16 89 176.79716
16 90 100.50038
16 91 153.84625
16 92 160.69441
16 93 114.96385
16 94 192.53416
16 95 122.51853
16 96 155.17933
16 97 157.91783
16 98 156.90028
16 99 176.99017
17 18 191.5836
17 19 166.54559
17 20 177.29372
17 21 142.71286
17 22 108.83608
17 23 183.54721
17 24 102.66167
17 25 189.35033
17 26 141.76583
17 27 156.75361
17 28 110.49244
17 29 190.01495
17 30 136.87817
17 31 178.54391
17 32 121.38412
17 33 161.56782
17 34 195.60315
17 35 188.24263
17 36 106.73894
17 37 140.3978
17 38 132.7489
17 39 153.97845
17 40 128.13884
17 41 129.31134
17 42 153.01418
17 43 156.82529
17 44 182.9886
17 45 116.13087
17 46 106.89828
17 47 126.45422
17 48 156.78005
17 49 154.374
17 50 100.80555
17 51 103.03139
17 52 181.42635
17 53 164.08233
17 54 169.3633
17 55 104.77111
17 56 159.30377
17 57 197.782
17 58 117.33817
17 59 104.87076
17 60 155.84598
17 61 167.80219
17 62 123.49575
17 63 193.4559
17 64 191.32676
17 65 151.5579
17 66 125.23909
17 67 152.82362
17 68 166.34644
17 69 130.08318
17 70 175.41054
17 71 185.36447
17 72 150.61513
17 73 195.77182
17 74 196.76213
17 75 198.52029
17 76 133.90058
17 77 119.09829
17 78 119.70378
17 79 119.35735
17 80 170.32804
17 81 148.37598
17 82 114.97258
17 83 177.07645
17 84 159.43124
17 85 179.91326
17 86 159.60224
17 87 143.68135
17 88 141.06183
17 89 195.65053
17 90 122.56582
17 91 147.61116
17 92 112.09998
17 93 125.72347
17 94 140.21731
17 95 118.02506
17 96 178.86538
17 97 111.26914
17 98 198.74568
17 99 133.81016
18 19 172.57214
18 20 105.21322
18 21 165.2377
18 22 103.17002
18 23 128.82892
18 24 119.42803
18 25 130.2333
18 26 145.21656
18 27 198.83326
18 28 128.08043
18 29 197.41234
18 30 149.67302
18 31 104.53968
18 32 106.09073
18 33 135.08306
18 34 123.48482
18 35 155.26302
18 36 197.84031
18 37 189.0195
18 38 106.28855
18 39 134.36563
18 40 108.6278
18 41 155.77007
18 42 108.12202
18 43 134.26151
18 44 130.70573
18 45 195.20557
18 46 124.98253
18 47 178.5379
18 48 159.65066
18 49 185.90292
18 50 100.31903
18 51 152.56732
18 52 131.78236
18 53 185.34095
18 54 197.18914
18 55 147.39678
18 56 170.27509
18 57 121.7494
18 58 149.01428
18 59 120.55808
18 60 144.29723
18 61 159.9436
18 62 149.29355
18 63 157.92601
18 64 190.88133
18 65 189.88762
18 66 111.40797
18 67 135.19047
18 68 140.88714
18 69 166.97144
18 70 159.46327
18 71 150.5793
18 72 101.66256
18 73 167.99327
18 74 108.95466
18 75 151.17393
18 76 160.91073
18 77 191.67229
18 78 148.66259
18 79 123.52066
18 80 107.83054
18 81 177.3259
18 82 145.28595
18 83 181.21591
18 84 109.72999
18 85 135.33806
18 86 175.92451
18 87 162.23184
18 88 177.30727
18 89 163.84967
18 90 112.21551
18 91 113.58973
18 92 106.56637
18 93 170.25754
18 94 187.9959
18 95 104.13701
18 96 126.43326
18 97 188.99153
18 98 134.0132
18 99 135.50121
19 20 153.32989
19 21 188.14691
19 22 164.11105
19 23 104.16389
19 24 111.23241
19 25 172.86342
19 26 168.60966
19 27 162.33326
19 28 151.37008
19 29 108.60043
19 30 129.82558
19 31 108.93522
19 32 168.0486
19 33 148.87604
19 34 154.7143
19 35 156.41585
19 36 168.8421
19 37 101.13705
19 38 181.86971
19 39 171.01232
19 40 138.69006
19 41 129.33023
19 42 131.58523
19 43 193.36785
19 44 110.43911
19 45 125.23294
19 46 150.09296
19 47 198.81274
19 48 185.45698
19 49 108.96992
19 50 131.54268
19 51 181.67208
19 52 180.67859
19 53 141.87569
19 54 158.62374
19 55 107.30229
19 56 147.38757
19 57 125.49665
19 58 179.17376
19 59 191.77847
19 60 108.0746
19 61 163.95067
19 62 185.22061
19 63 114.10396
19 64 126.12095
19 65 174.17506
19 66 193.7733
19 67 191.37829
19 68 151.50821
19 69 188.6047
19 70 185.27801
19 71 117.48955
19 72 171.98072
19 73 174.69808
19 74 107.6239
19 75 132.45015
19 76 164.46822
19 77 141.18649
19 78 105.42226
19 79 194.99624
19 80 198.42555
19 81 179.29982
19 82 138.02385
19 83 190.64233
19 84 146.57907
19 85 110.04175
19 86 144.83104
19 87 154.10133
19 88 177.29703
19 89 164.88455
19 90 169.2923
19 91 119.69236
19 92 108.38448
19 93 122.23486
19 94 177.3598
19 95 135.88187
19 96 167.71604
19 97 192.42281
19 98 150.87596
19 99 176.90011
20 21 175.85989
20 22 196.49516
20 23 102.43569
20 24 140.55941
20 25 131.03058
20 26 177.30068
20 27 118.05368
20 28 180.0205
20 29 151.27164
20 30 125.57402
20 31 193.25559
20 32 148.49731
20 33 147.8119
20 34 168.81951
20 35 132.18463
20 36 140.73409
20 37 129.79224
20 38 192.42908
20 39 126.92621
20 40 154.41536
20 41 188.88699
20 42 167.22076
20 43 148.21666
20 44 108.45741
20 45 192.48668
20 46 120.54449
20 47 128.25653
20 48 116.65295
20 49 145.98592
20 50 103.20682
20 51 160.07501
20 52 166.18886
20 53 156.50737
20 54 142.55012
20 55 152.49018
20 56 134.47808
20 57 150.58063
20 58 162.44718
20 59 108.61173
20 60 135.14938
20 61 177.90624
20 62 148.92773
20 63 151.67047
20 64 189.39942
20 65 186.89769
20 66 123.6279
20 67 118.7197
20 68 181.48986
20 69 147.10485
20 70 196.98458
20 71 120.48081
20 72 181.00444
20 73 108.33219
20 74 145.49416
20 75 124.66975
20 76 194.39321
20 77 101.201
20 78 159.94539
20 79 190.66103
20 80 100.44401
20 81 195.32267
20 82 103.69959
20 83 106.55783
20 84 118.31818
20 85 107.92887
20 86 139.75916
20 87 110.14457
20 88 132.33948
20 89 154.51171
20 90 170.57478
20 91 175.00189
20 92 192.68524
20 93 151.137
20 94 131.12779
20 95 124.87417
20 96 152.69896
20 97 167.93622
20 98 103.44926
20 99 117.12948
21 22 105.97881
21 23 127.38664
21 24 107.86188
21 25 105.88653
21 26 172.1251
21 27 104.62185
21 28 165.72743
21 29 158.2997
21 30 151.22521
21 31 193.41055
21 32 186.91593
21 33 196.12609
21 34 191.70208
21 35 172.49736
21 36 127.87746
21 37 173.23184
21 38 163.5972
21 39 139.40269
21 40 171.89559
21 41 110.49673
21 42 186.78871
21 43 101.77281
21 44 174.63985
21 45 126.02049
21 46 195.08683
21 47 169.57754
21 48 102.60106
21 49 156.34178
21 50 102.4458
21 51 111.77001
21 52 183.51029
21 53 133.20373
21 54 116.39894
21 55 105.90915
21 56 194.05843
21 57 115.63597
21 58 159.04391
21 59 152.33856
21 60 159.64774
21 61 183.08061
21 62 149.53228
21 63 186.48063
21 64 144.42396
21 65 131.41906
21 66 129.80558
21 67 136.76776
21 68 131.83727
21 69 161.59198
21 70 162.36992
21 71 161.95162
21 72 153.13201
21 73 117.99693
21 74 110.12113
21 75 127.84482
21 76 198.08234
21 77 122.54936
21 78 120.59097
21 79 148.41953
21 80 117.6729
21 81 152.26206
21 82 111.00595
21 83 136.29486
21 84 160.81954
21 85 164.4023
21 86 171.14356
21 87 184.35959
21 88 199.54232
21 89 169.91259
21 90 164.91366
21 91 133.23842
21 92 108.375
21 93 149.55847
21 94 139.68022
21 95 196.40028
21 96 103.59222
21 97 106.66777
21 98 114.29281
21 99 125.8453
22 23 196.03977
22 24 162.05033
22 25 128.30304
22 26 150.131
22 27 176.87537
22 28 172.08759
22 29 194.19262
22 30 109.4754
22 31 172.97766
22 32 120.67711
22 33 195.13801
22 34 118.47138
22 35 185.59524
22 36 180.76575
22 37 144.39795
22 38 114.37277
22 39 174.3914
22 40 132.26716
22 41 128.91785
22 42 175.42554
22 43 129.03027
22 44 100.52116
22 45 120.0814
22 46 162.78647
22 47 192.20797
22 48 112.10354
22 49 109.28385
22 50 198.29635
22 51 189.56191
22 52 198.63503
22 53 110.56624
22 54 176.89363
22 55 184.79707
22 56 152.71039
22 57 105.14774
22 58 132.92323
22 59 128.21863
22 60 122.75611
22 61 196.55944
22 62 111.93655
22 63 170.11391
22 64 151.64335
22 65 117.93015
22 66 106.86428
22 67 111.26402
22 68 158.68556
22 69 139.62528
22 70 152.58847
22 71 101.54192
22 72 131.65474
22 73 185.53596
22 74 163.30843
22 75 143.24957
22 76 193.82101
22 77 197.45279
22 78 105.72182
22 79 103.24244
22 80 161.83689
22 81 135.84684
22 82 122.13763
22 83 190.02122
22 84 102.46666
22 85 114.01008
22 86 184.99276
22 87 167.81312
22 88 160.54578
22 89 169.44829
22 90 170.58144
22 91 169.65604
22 92 174.93761
22 93 157.54987
22 94 192.30481
22 95 187.53616
22 96 114.81895
22 97 138.41933
22 98 187.68588
22 99 156.77997
23 24 135.34741
23 25 102.43595
23 26 110.57658
23 27 131.81717
23 28 142.3678
23 29 156.4129
23 30 195.74261
23 31 186.5064
23 32 148.53645
23 33 126.00866
23 34 121.60625
23 35 172.31115
23 36 134.59368
23 37 108.18733
23 38 154.35644
23 39 125.15986
23 40 170.38512
23 41 194.04014
23 42 152.12521
23 43 118.26746
23 44 109.17359
23 45 182.28113
23 46 167.85581
23 47 189.87238
23 48 165.70034
23 49 155.6751
23 50 134.57608
23 51 144.90901
23 52 107.17607
23 53 100.6166
23 54 157.77376
23 55 184.76053
23 56 113.57154
23 57 119.76548
23 58 130.81021
23 59 185.33683
23 60 170.33649
23 61 161.42834
23 62 152.21364
23 63 157.07306
23 64 139.98345
23 65 102.19522
23 66 146.99895
23 67 192.8755
23 68 159.04378
23 69 192.57212
23 70 161.11573
23 71 100.07574
23 72 199.4164
23 73 102.47887
23 74 166.29313
23 75 150.69336
23 76 172.15736
23 77 136.07058
23 78 142.95837
23 79 134.20597
23 80 120.7564
23 81 108.04455
23 82 102.96261
23 83 166.62089
23 84 127.18259
23 85 114.00158
23 86 196.29608
23 87 187.72447
23 88 152.98985
23 89 129.03398
23 90 117.22112
23 91 179.61038
23 92 174.55789
23 93 129.15079
23 94 141.87835
23 95 109.03762
23 96 146.98578
23 97 123.85058
23 98 179.60292
23 99 159.32005
24 25 171.20839
24 26 160.7644
24 27 102.59693
24 28 101.46861
24 29 172.13252
24 30 150.4907
24 31 177.4589
24 32 155.13831
24 33 119.93712
24 34 139.07149
24 35 113.86554
24 36 107.66212
24 37 176.97897
24 38 131.15852
24 39 143.49146
24 40 155.962
24 41 195.44146
24 42 107.04501
24 43 137.20661
24 44 196.38912
24 45 197.22592
24 46 123.33275
24 47 157.60451
24 48 170.06793
24 49 117.88505
24 50 130.94205
24 51 117.8939
24 52 171.73775
24 53 112.93854
24 54 113.47278
24 55 124.8313
24 56 108.76249
24 57 182.36346
24 58 193.2218
24 59 123.29527
24 60 183.28733
24 61 192.74718
24 62 135.78974
24 63 100.69196
24 64 146.14078
24 65 199.98761
24 66 132.05752
24 67 163.22385
24 68 114.11688
24 69 107.58282
24 70 103.91092
24 71 107.02083
24 72 197.16447
24 73 144.38561
24 74 117.4217
24 75 163.29259
24 76 129.5294
24 77 138.03926
24 78 102.47854
24 79 141.68352
24 80 165.07152
24 81 135.85009
24 82 178.79962
24 83 199.61913
24 84 155.71751
24 85 103.65024
24 86 113.16598
24 87 120.21684
24 88 165.00779
24 89 116.33062
24 90 185.00883
24 91 188.02573
24 92 106.80883
24 93 144.32804
24 94 109.24995
24 95 134.87968
24 96 138.10508
24 97 107.12033
24 98 163.90738
24 99 186.20083
25 26 104.92177
25 27 109.41869
25 28 117.17652
25 29 193.2372
25 30 160.84422
25 31 195.51294
25 32 196.58802
25 33 125.84166
25 34 144.30284
25 35 136.53544
25 36 161.19358
25 37 143.62083
25 38 157.62108
25 39 182.37819
25 40 129.98169
25 41 150.84795
25 42 193.37678
25 43 114.73824
25 44 168.40854
25 45 193.58199
25 46 158.58567
25 47 174.55625
25 48 105.49801
25 49 178.00804
25 50 125.21132
25 51 187.75862
25 52 114.93321
25 53 119.59846
25 54 197.02354
25 55 192.10764
25 56 175.00294
25 57 105.29106
25 58 115.56757
25 59 104.78868
25 60 156.6821
25 61 146.75978
25 62 130.4377
25 63 174.17214
25 64 164.85508
25 65 101.47926
25 66 148.26746
25 67 171.73599
25 68 174.61257
25 69 121.74837
25 70 150.28364
25 71 158.02582
25 72 114.36502
25 73 166.91512
25 74 107.61894
25 75 143.74195
25 76 137.42824
25 77 128.33527
25 78 142.49446
25 79 195.6679
25 80 114.76988
25 81 171.83497
25 82 197.63968
25 83 108.64428
25 84 143.55418
25 85 128.45024
25 86 118.4581
25 87 165.45972
25 88 192.0321
25 89 106.46381
25 90 176.30707
25 91 153.95536
25 92 187.04217
25 93 138.04633
25 94 124.27355
25 95 129.25969
25 96 184.3787
25 97 124.45057
25 98 108.47286
25 99 107.21959
26 27 157.41172
26 28 107.03712
26 29 166.34655
26 30 113.19593
26 31 169.88097
26 32 162.1827
26 33 184.41756
26 34 196.14494
26 35 131.94743
26 36 102.73714
26 37 108.65034
26 38 166.68928
26 39 134.13912
26 40 137.81953
26 41 133.66506
26 42 150.95793
26 43 177.68462
26 44 197.39565
26 45 127.18353
26 46 178.617
26 47 188.15532
26 48 114.99364
26 49 117.19135
26 50 164.08457
26 51 107.91863
26 52 121.93866
26 53 159.75937
26 54 189.30639
26 55 127.09397
26 56 109.14293
26 57 176.19437
26 58 124.3277
26 59 135.52946
26 60 157.18405
26 61 110.60445
26 62 163.46719
26 63 140.24543
26 64 192.66366
26 65 193.42004
26 66 173.91298
26 67 131.47927
26 68 172.65296
26 69 111.46796
26 70 120.31647
26 71 165.32238
26 72 104.64167
26 73 112.72169
26 74 193.05581
26 75 111.67341
26 76 173.38784
26 77 121.85513
26 78 191.75515
26 79 182.42104
26 80 154.35469
26 81 100.59223
26 82 150.60267
26 83 113.98289
26 84 144.73495
26 85 158.50737
26 86 109.53565
26 87 114.13587
26 88 113.9687
26 89 171.74061
26 90 163.97312
26 91 148.805
26 92 156.12159
26 93 163.41915
26 94 101.95899
26 95 147.54933
26 96 174.12711
26 97 134.18634
26 98 192.58789
26 99 199.93946
27 28 122.38734
27 29 182.839
27 30 135.28123
27 31 117.63411
27 32 193.24966
27 33 116.7079
27 34 157.83742
27 35 123.99924
27 36 192.10405
27 37 177.71604
27 38 111.64778
27 39 110.42989
27 40 155.06607
27 41 193.51766
27 42 179.28237
27 43 128.00897
27 44 115.20431
27 45 156.50427
27 46 191.80809
27 47 135.98236
27 48 123.54985
27 49 190.77418
27 50 174.68687
27 51 197.70936
27 52 144.26708
27 53 189.19004
27 54 157.731
27 55 197.88799
27 56 173.26416
27 57 164.96826
27 58 105.43029
27 59 175.75602
27 60 182.73186
27 61 100.22708
27 62 121.48664
27 63 127.45927
27 64 164.69734
27 65 147.03198
27 66 104.05173
27 67 156.20533
27 68 177.72032
27 69 176.1504
27 70 170.11941
27 71 103.79044
27 72 155.20981
27 73 149.44871
27 74 153.4423
27 75 131.79696
27 76 180.78933
27 77 108.35134
27 78 167.91437
27 79 180.92992
27 80 135.99843
27 81 137.6123
27 82 144.07871
27 83 117.91027
27 84 168.31443
27 85 158.33938
27 86 142.51243
27 87 103.78761
27 88 199.20155
27 89 195.35594
27 90 198.64026
27 91 169.20384
27 92 189.76065
27 93 153.61076
27 94 117.69795
27 95 119.61272
27 96 179.70068
27 97 117.49116
27 98 172.42098
27 99 152.11081
28 29 136.17491
28 30 161.36502
28 31 157.94321
28 32 190.44127
28 33 154.58298
28 34 122.15407
28 35 122.22481
28 36 161.53306
28 37 120.39674
28 38 171.22965
28 39 192.59919
28 40 164.24953
28 41 106.03677
28 42 174.8855
28 43 134.85325
28 44 174.52999
28 45 116.65053
28 46 143.0756
28 47 123.98326
28 48 123.35695
28 49 176.685
28 50 122.93583
28 51 133.07382
28 52 127.94046
28 53 140.2796
28 54 119.94511
28 55 136.82498
28 56 158.22701
28 57 179.94291
28 58 189.1531
28 59 118.55871
28 60 182.03972
28 61 107.75313
28 62 139.11816
28 63 163.72541
28 64 137.23665
28 65 172.64716
28 66 138.22793
28 67 195.27056
28 68 135.73325
28 69 173.38157
28 70 149.83272
28 71 145.0141
28 72 113.24255
28 73 176.09194
28 74 196.93556
28 75 168.84194
28 76 107.21346
28 77 164.90137
28 78 120.66176
28 79 117.18003
28 80 172.31417
28 81 107.58691
28 82 174.51158
28 83 171.35253
28 84 108.42777
28 85 106.23385
28 86 183.99261
28 87 114.85215
28 88 140.93656
28 89 111.80326
28 90 135.15569
28 91 181.15665
28 92 175.75542
28 93 100.37713
28 94 169.65432
28 95 165.91697
28 96 183.28961
28 97 171.79166
28 98 178.49837
28 99 117.45646
29 30 103.75281
29 31 173.85727
29 32 147.2476
29 33 165.42528
29 34 171.69248
29 35 159.17623
29 36 156.78931
29 37 139.83826
29 38 108.78197
29 39 199.22766
29 40 133.58402
29 41 115.23655
29 42 175.00063
29 43 171.66855
29 44 114.07015
29 45 117.77323
29 46 167.1275
29 47 140.52613
29 48 128.25419
29 49 107.21819
29 50 137.90339
29 51 169.87853
29 52 150.43458
29 53 128.25281
29 54 152.22128
29 55 176.52319
29 56 182.68696
29 57 128.46954
29 58 104.32517
29 59 119.52395
29 60 131.67495
29 61 166.46743
29 62 182.77089
29 63 163.04576
29 64 172.49054
29 65 134.28649
29 66 136.61171
29 67 144.67905
29 68 130.40917
29 69 178.41046
29 70 144.57793
29 71 122.88777
29 72 171.24406
29 73 152.62365
29 74 138.41349
29 75 197.7356
29 76 145.89754
29 77 139.90293
29 78 170.48182
29 79 167.07671
29 80 185.64254
29 81 177.15292
29 82 123.35616
29 83 119.8899
29 84 116.29384
29 85 180.14541
29 86 101.46007
29 87 136.69172
29 88 117.11789
29 89 144.11244
29 90 136.02665
29 91 158.25884
29 92 196.64526
29 93 102.18141
29 94 128.86757
29 95 121.54027
29 96 166.58717
29 97 129.35604
29 98 171.10353
29 99 122.95532
30 31 169.23194
30 32 180.27787
30 33 179.73504
30 34 140.66757
30 35 148.29086
30 36 145.13662
30 37 163.65226
30 38 146.12586
30 39 188.61952
30 40 108.90891
30 41 157.50947
30 42 108.53085
30 43 132.97609
30 44 132.302
30 45 106.18103
30 46 177.49758
30 47 148.95893
30 48 160.56662
30 49 115.34605
30 50 177.53173
30 51 118.44219
30 52 124.47713
30 53 105.22556
30 54 121.69087
30 55 158.4448
30 56 129.35089
30 57 175.61008
30 58 162.7729
30 59 150.0398
30 60 100.11682
30 61 167.64423
30 62 163.14159
30 63 183.98082
30 64 182.31733
30 65 181.90977
30 66 131.12914
30 67 173.04236
30 68 107.05949
30 69 162.67417
30 70 167.01472
30 71 199.96509
30 72 170.2091
30 73 105.34282
30 74 183.54559
30 75 156.64869
30 76 113.1167
30 77 125.31982
30 78 115.02908
30 79 116.39687
30 80 177.81773
30 81 101.15227
30 82 169.10025
30 83 178.44894
30 84 171.67678
30 85 106.8749
30 86 193.94436
30 87 103.45365
30 88 132.01168
30 89 178.23939
30 90 119.37858
30 91 161.0008
30 92 103.94134
30 93 164.88123
30 94 179.70321
30 95 170.94592
30 96 145.64383
30 97 106.07142
30 98 176.90775
30 99 155.48946
31 32 149.98644
31 33 113.99966
31 34 121.02424
31 35 117.83859
31 36 179.74396
31 37 168.62984
31 38 186.89017
31 39 124.92447
31 40 120.69505
31 41 131.49922
31 42 142.85486
31 43 182.99174
31 44 173.41571
31 45 145.10164
31 46 152.23163
31 47 179.41678
31 48 177.78845
31 49 124.03793
31 50 165.13167
31 51 164.61303
31 52 174.19
31 53 163.09647
31 54 154.97662
31 55 144.91021
31 56 148.78007
31 57 150.39494
31 58 170.04017
31 59 159.58327
31 60 199.06675
31 61 152.21227
31 62 157.88991
31 63 134.84563
31 64 194.09884
31 65 145.95224
31 66 192.02281
31 67 173.51932
31 68 150.32494
31 69 112.65697
31 70 173.94826
31 71 163.75889
31 72 138.52048
31 73 175.24979
31 74 112.81454
31 75 196.51052
31 76 106.90505
31 77 188.1286
31 78 123.84809
31 79 102.06406
31 80 155.55111
31 81 110.30192
31 82 116.3365
31 83 150.77617
31 84 123.86317
31 85 143.51404
31 86 101.2728
31 87 105.75254
31 88 129.29476
31 89 100.74561
31 90 115.861
31 91 111.81225
31 92 163.17264
31 93 149.89796
31 94 112.19746
31 95 190.92079
31 96 112.36198
31 97 130.13383
31 98 148.24267
31 99 116.07411
32 33 147.44067
32 34 136.42058
32 35 177.18629
32 36 135.25246
32 37 168.31219
32 38 126.02891
32 39 110.92935
32 40 184.7358
32 41 132.03408
32 42 169.28927
32 43 182.38573
32 44 145.51361
32 45 195.70916
32 46 122.28904
32 47 170.49556
32 48 179.94835
32 49 129.61384
32 50 192.14056
32 51 109.02548
32 52 100.54954
32 53 107.84338
32 54 130.83502
32 55 111.81621
32 56 166.44781
32 57 192.51799
32 58 148.46865
32 59 113.09708
32 60 148.5614
32 61 121.22804
32 62 120.8717
32 63 110.16025
32 64 173.29202
32 65 151.04849
32 66 177.52167
32 67 176.40725
32 68 148.91679
32 69 171.94202
32 70 100.40714
32 71 118.01779
32 72 107.25795
32 73 140.0951
32 74 117.78525
32 75 179.51516
32 76 151.70389
32 77 144.39102
32 78 186.58133
32 79 146.55678
32 80 128.15052
32 81 145.88719
32 82 135.40387
32 83 146.46774
32 84 190.15166
32 85 184.33192
32 86 123.77925
32 87 131.41343
32 88 178.76927
32 89 114.55524
32 90 177.75785
32 91 129.28681
32 92 146.57184
32 93 157.42918
32 94 129.26833
32 95 198.31749
32 96 154.34581
32 97 123.50407
32 98 149.82279
32 99 185.56839
33 34 186.78645
33 35 118.64757
33 36 136.27457
33 37 151.50616
33 38 119.72385
33 39 191.29184
33 40 142.56535
33 41 183.28876
33 42 162.085
33 43 112.77092
33 44 146.397
33 45 189.49827
33 46 164.38597
33 47 151.40454
33 48 138.41012
33 49 164.95862
33 50 192.19067
33 51 137.76819
33 52 114.72828
33 53 176.92118
33 54 183.36758
33 55 194.29914
33 56 153.62017
33 57 190.34759
33 58 133.81039
33 59 156.2464
33 60 156.52127
33 61 126.55984
33 62 170.46412
33 63 132.46047
33 64 184.82195
33 65 186.89693
33 66 127.63478
33 67 185.81885
33 68 101.86244
33 69 119.63881
33 70 185.05136
33 71 162.90312
33 72 133.62279
33 73 158.13148
33 74 138.13056
33 75 179.76504
33 76 132.42316
33 77 123.07681
33 78 152.19495
33 79 172.09952
33 80 164.72238
33 81 162.43594
33 82 167.61264
33 83 114.5224
33 84 129.28552
33 85 105.29134
33 86 195.01573
33 87 102.96238
33 88 115.96054
33 89 108.7635
33 90 173.84857
33 91 181.18055
33 92 194.10298
33 93 195.87359
33 94 159.39539
33 95 183.21392
33 96 192.42054
33 97 115.40543
33 98 189.03301
33 99 174.26064
34 35 178.79157
34 36 157.26668
34 37 149.27343
34 38 113.36846
34 39 165.24782
34 40 108.30712
34 41 111.28823
34 42 157.75906
34 43 190.19803
34 44 121.52897
34 45 190.39988
34 46 151.07833
34 47 139.16612
34 48 149.60862
34 49 170.56244
34 50 124.46837
34 51 190.92262
34 52 114.19459
34 53 142.9729
34 54 147.2463
34 55 193.80191
34 56 182.63415
34 57 139.7012
34 58 190.22746
34 59 138.1853
34 60 198.03976
34 61 103.45508
34 62 116.90448
34 63 113.62412
34 64 156.06759
34 65 129.97952
34 66 179.50637
34 67 152.14927
34 68 156.70149
34 69 142.61861
34 70 114.24075
34 71 124.1212
34 72 189.82332
34 73 149.75267
34 74 122.55649
34 75 176.28442
34 76 133.9632
34 77 166.62232
34 78 146.56067
34 79 113.02245
34 80 145.89293
34 81 171.34563
34 82 119.27185
34 83 142.10043
34 84 153.59452
34 85 186.37919
34 86 146.36816
34 87 186.96148
34 88 133.01157
34 89 138.50669
34 90 128.28021
34 91 123.94456
34 92 108.46421
34 93 140.0881
34 94 151.28647
34 95 122.27238
34 96 193.98673
34 97 100.09147
34 98 100.24847
34 99 176.57512
35 36 121.02666
35 37 119.67742
35 38 107.87825
35 39 155.22345
35 40 124.00761
35 41 181.34116
35 42 160.23175
35 43 114.38334
35 44 142.31343
35 45 184.59332
35 46 100.69604
35 47 110.1973
35 48 161.03815
35 49 129.85748
35 50 158.38076
35 51 103.3382
35 52 177.44366
35 53 115.25256
35 54 100.10894
35 55 197.17792
35 56 139.75584
35 57 162.82395
35 58 109.20837
35 59 125.14485
35 60 185.92328
35 61 169.05158
35 62 190.41523
35 63 162.80643
35 64 155.52486
35 65 171.71209
35 66 103.70538
35 67 194.18089
35 68 179.43464
35 69 189.11667
35 70 150.06991
35 71 148.72246
35 72 141.8555
35 73 147.82253
35 74 193.47454
35 75 190.50608
35 76 126.31225
35 77 154.21651
35 78 107.75089
35 79 114.32034
35 80 169.26807
35 81 108.44974
35 82 198.95874
35 83 114.34366
35 84 119.91803
35 85 163.33591
35 86 182.62284
35 87 124.65875
35 88 130.38808
35 89 146.42113
35 90 155.31244
35 91 193.34004
35 92 118.73808
35 93 141.60634
35 94 117.4027
35 95 199.05272
35 96 118.83363
35 97 138.28966
35 98 104.04889
35 99 117.76708
36 37 191.96602
36 38 171.551
36 39 117.82524
36 40 143.83974
36 41 194.93137
36 42 197.34611
36 43 196.48586
36 44 193.53583
36 45 126.64152
36 46 171.42715
36 47 141.62876
36 48 154.10223
36 49 119.10545
36 50 152.36924
36 51 156.74912
36 52 148.52794
36 53 179.45327
36 54 192.55609
36 55 129.35399
36 56 162.59447
36 57 154.26408
36 58 104.67329
36 59 190.00701
36 60 116.54574
36 61 193.7707
36 62 160.83771
36 63 111.28944
36 64 144.2179
36 65 167.58073
36 66 134.2815
36 67 109.63752
36 68 116.20148
36 69 186.2772
36 70 178.23231
36 71 146.81026
36 72 162.24895
36 73 194.24917
36 74 185.884
36 75 148.70312
36 76 196.73236
36 77 114.92359
36 78 156.77189
36 79 181.41909
36 80 128.29382
36 81 180.71301
36 82 133.36871
36 83 177.51688
36 84 126.98056
36 85 162.71622
36 86 186.85559
36 87 122.09225
36 88 131.15055
36 89 104.9203
36 90 171.86385
36 91 163.6963
36 92 104.48995
36 93 140.12584
36 94 103.08609
36 95 188.3603
36 96 167.14998
36 97 193.49226
36 98 101.27312
36 99 154.36018
37 38 103.30322
37 39 122.35305
37 40 148.98802
37 41 127.18912
37 42 173.74332
37 43 142.86228
37 44 111.76858
37 45 180.34535
37 46 196.30276
37 47 120.41849
37 48 147.66012
37 49 144.80751
37 50 194.86213
37 51 101.61061
37 52 121.71933
37 53 116.7325
37 54 172.31128
37 55 189.83994
37 56 145.40727
37 57 106.30233
37 58 127.58082
37 59 151.35006
37 60 130.67561
37 61 124.22337
37 62 175.50991
37 63 193.55068
37 64 127.83055
37 65 178.56224
37 66 127.33475
37 67 184.03974
37 68 197.04118
37 69 133.77744
37 70 133.57735
37 71 171.27122
37 72 164.76095
37 73 190.50852
37 74 154.14218
37 75 102.66053
37 76 182.97143
37 77 173.54867
37 78 159.56854
37 79 185.73638
37 80 189.00287
37 81 123.95031
37 82 102.79856
37 83 124.3844
37 84 154.32247
37 85 140.69948
37 86 185.57992
37 87 177.76265
37 88 111.79945
37 89 106.71654
37 90 176.2958
37 91 174.83917
37 92 148.69576
37 93 111.89717
37 94 196.33424
37 95 133.19289
37 96 168.67771
37 97 188.72945
37 98 183.1517
37 99 133.76772
38 39 120.60907
38 40 187.58771
38 41 179.66089
38 42 134.63676
38 43 173.19084
38 44 162.19911
38 45 139.58764
38 46 181.43924
38 47 166.38859
38 48 126.18238
38 49 146.75812
38 50 111.28285
38 51 135.66435
38 52 123.71775
38 53 115.7264
38 54 128.48683
38 55 131.9918
38 56 194.84615
38 57 167.18876
38 58 124.99699
38 59 198.94253
38 60 176.15522
38 61 120.07342
38 62 161.35985
38 63 104.23592
38 64 103.02863
38 65 181.57062
38 66 122.36917
38 67 117.56583
38 68 171.23131
38 69 151.26379
38 70 119.56235
38 71 171.33305
38 72 130.70254
38 73 151.55655
38 74 165.22271
38 75 133.68433
38 76 154.28087
38 77 183.46102
38 78 175.04401
38 79 150.53131
38 80 176.28887
38 81 119.77313
38 82 186.70067
38 83 108.61926
38 84 125.6033
38 85 114.69127
38 86 172.27193
38 87 139.03675
38 88 198.26253
38 89 166.09091
38 90 121.37147
38 91 177.82292
38 92 157.75669
38 93 125.10995
38 94 181.51189
38 95 150.68916
38 96 118.92866
38 97 185.64874
38 98 185.50846
38 99 104.37018
39 40 119.03774
39 41 128.51891
39 42 177.27419
39 43 184.87189
39 44 131.46341
39 45 174.02333
39 46 148.58534
39 47 184.05181
39 48 167.01669
39 49 122.87256
39 50 181.57729
39 51 111.1098
39 52 135.21973
39 53 195.18739
39 54 183.55722
39 55 101.08675
39 56 145.13898
39 57 162.20209
39 58 174.04164
39 59 161.47707
39 60 165.84279
39 61 163.88177
39 62 145.94008
39 63 130.40878
39 64 155.4379
39 65 111.38649
39 66 174.71855
39 67 148.00642
39 68 155.73488
39 69 111.08668
39 70 118.04588
39 71 139.11567
39 72 172.82902
39 73 126.70643
39 74 194.26178
39 75 194.3127
39 76 139.25251
39 77 116.43975
39 78 157.05694
39 79 139.86756
39 80 181.08519
39 81 147.3142
39 82 153.06665
39 83 188.43445
39 84 114.45323
39 85 186.13771
39 86 195.6399
39 87 108.00814
39 88 182.42672
39 89 172.08834
39 90 110.01021
39 91 180.40524
39 92 120.24906
39 93 142.21668
39 94 126.48461
39 95 138.08726
39 96 140.27766
39 97 116.60205
39 98 185.66263
39 99 100.63507
40 41 185.60496
40 42 163.82144
40 43 132.04076
40 44 136.08254
40 45 142.36192
40 46 183.62692
40 47 194.99399
40 48 138.80471
40 49 110.87133
40 50 131.35188
40 51 150.21273
40 52 100.71158
40 53 147.49199
40 54 107.62659
40 55 126.95715
40 56 128.22837
40 57 139.67836
40 58 160.80477
40 59 180.56742
40 60 107.28538
40 61 183.45342
40 62 105.09647
40 63 186.91956
40 64 131.63865
40 65 196.32334
40 66 133.70588
40 67 145.7285
40 68 121.26651
40 69 156.37938
40 70 149.26931
40 71 165.14387
40 72 106.75913
40 73 163.67893
40 74 108.92655
40 75 174.08712
40 76 140.22967
40 77 158.85587
40 78 173.0427
40 79 183.49766
40 80 106.87158
40 81 146.74873
40 82 102.84217
40 83 117.54894
40 84 132.56885
40 85 115.43385
40 86 119.49892
40 87 192.15944
40 88 166.4545
40 89 149.79692
40 90 121.72195
40 91 106.80483
40 92 127.7295
40 93 164.63185
40 94 187.60429
40 95 159.28862
40 96 116.57902
40 97 192.34812
40 98 183.25254
40 99 102.13798
41 42 106.77787
41 43 183.67043
41 44 177.67964
41 45 119.77194
41 46 122.01087
41 47 142.08264
41 48 131.00184
41 49 127.9319
41 50 101.31968
41 51 137.93707
41 52 109.18416
41 53 140.57815
41 54 199.61508
41 55 185.55577
41 56 126.26315
41 57 122.9505
41 58 112.85271
41 59 166.12664
41 60 128.07084
41 61 181.27248
41 62 131.61427
41 63 103.38134
41 64 103.76948
41 65 159.2228
41 66 129.59682
41 67 180.39045
41 68 105.76547
41 69 132.82137
41 70 143.56028
41 71 195.42278
41 72 137.9011
41 73 188.46138
41 74 196.01707
41 75 143.92197
41 76 127.99015
41 77 144.40232
41 78 134.48828
41 79 182.79184
41 80 113.95901
41 81 141.0163
41 82 198.31229
41 83 115.05384
41 84 151.54438
41 85 120.52738
41 86 181.45006
41 87 122.21774
41 88 198.46542
41 89 135.76968
41 90 132.68992
41 91 109.64383
41 92 138.47082
41 93 139.35211
41 94 180.26678
41 95 108.14254
41 96 185.0969
41 97 125.76645
41 98 182.36842
41 99 158.15226
42 43 129.6473
42 44 181.28028
42 45 138.6615
42 46 184.97903
42 47 172.2259
42 48 140.20878
42 49 181.31281
42 50 166.78018
42 51 129.04224
42 52 135.97183
42 53 111.08287
42 54 177.67515
42 55 197.81722
42 56 168.44063
42 57 168.76041
42 58 180.02785
42 59 136.33795
42 60 165.71479
42 61 105.43673
42 62 150.23455
42 63 106.78263
42 64 111.80837
42 65 116.71262
42 66 105.49454
42 67 102.60808
42 68 155.01318
42 69 155.63097
42 70 101.98964
42 71 179.7367
42 72 117.13697
42 73 110.42939
42 74 140.23126
42 75 134.85803
42 76 157.82585
42 77 192.40373
42 78 113.37191
42 79 142.36499
42 80 142.91912
42 81 152.06941
42 82 185.32142
42 83 114.69351
42 84 126.51259
42 85 165.99801
42 86 116.89018
42 87 115.82644
42 88 117.31858
42 89 159.13821
42 90 190.87526
42 91 128.16079
42 92 176.01321
42 93 168.17569
42 94 101.58393
42 95 106.68111
42 96 129.79972
42 97 129.8534
42 98 178.74282
42 99 153.91817
43 44 191.35927
43 45 137.4497
43 46 179.4094
43 47 199.94679
43 48 147.39328
43 49 118.00291
43 50 187.2085
43 51 140.29565
43 52 154.72501
43 53 103.12227
43 54 108.40461
43 55 169.11687
43 56 148.90998
43 57 153.03984
43 58 141.22166
43 59 116.30952
43 60 100.11392
43 61 178.45372
43 62 162.39314
43 63 112.09223
43 64 136.36604
43 65 110.56722
43 66 123.47199
43 67 191.51329
43 68 111.74292
43 69 144.97032
43 70 145.5225
43 71 120.70443
43 72 126.69075
43 73 190.13956
43 74 129.91541
43 75 110.33472
43 76 148.9051
43 77 187.45042
43 78 132.23099
43 79 128.19619
43 80 134.91646
43 81 147.35773
43 82 182.22367
43 83 184.81978
43 84 121.43793
43 85 114.91323
43 86 191.55573
43 87 175.94789
43 88 168.53514
43 89 186.75586
43 90 191.30506
43 91 154.81999
43 92 143.5067
43 93 131.53672
43 94 128.66352
43 95 111.70633
43 96 108.61797
43 97 102.07396
43 98 129.20263
43 99 119.78407
44 45 163.03195
44 46 133.1903
44 47 180.72603
44 48 117.18377
44 49 178.55885
44 50 129.18278
44 51 196.07628
44 52 140.04943
44 53 176.43198
44 54 183.07935
44 55 138.06974
44 56 121.89655
44 57 129.88389
44 58 138.36633
44 59 188.24375
44 60 190.43643
44 61 181.72583
44 62 142.54561
44 63 191.26985
44 64 176.64569
44 65 189.62006
44 66 199.55813
44 67 157.41988
44 68 149.9243
44 69 165.52504
44 70 119.0777
44 71 117.51007
44 72 195.48825
44 73 164.39679
44 74 151.91153
44 75 131.83918
44 76 123.81651
44 77 194.79129
44 78 142.78842
44 79 135.47003
44 80 176.95265
44 81 155.31273
44 82 178.58251
44 83 153.58203
44 84 172.82355
44 85 170.3015
44 86 178.10291
44 87 166.08877
44 88 185.09675
44 89 194.89191
44 90 144.26733
44 91 137.39247
44 92 155.4626
44 93 112.7405
44 94 170.00601
44 95 198.02267
44 96 152.06453
44 97 157.25739
44 98 112.60954
44 99 116.65423
45 46 126.32084
45 47 111.26149
45 48 142.6195
45 49 163.26148
45 50 162.7694
45 51 142.43812
45 52 114.33646
45 53 186.67432
45 54 170.26348
45 55 168.6102
45 56 194.48697
45 57 197.46157
45 58 129.95861
45 59 182.83867
45 60 154.39056
45 61 176.26645
45 62 152.2323
45 63 170.50728
45 64 191.96012
45 65 171.49693
45 66 124.10282
45 67 140.6135
45 68 100.8129
45 69 164.06895
45 70 187.86598
45 71 195.643
45 72 170.34459
45 73 172.62659
45 74 148.19429
45 75 139.37546
45 76 127.7866
45 77 153.59861
45 78 128.74428
45 79 189.5047
45 80 105.52477
45 81 176.29626
45 82 167.23867
45 83 114.20249
45 84 142.40207
45 85 185.90342
45 86 184.86976
45 87 158.78598
45 88 163.44611
45 89 130.72998
45 90 109.23823
45 91 118.22522
45 92 151.73746
45 93 105.76405
45 94 136.63757
45 95 190.77649
45 96 172.54086
45 97 159.92149
45 98 106.47653
45 99 112.981
46 47 152.50933
46 48 125.41773
46 49 130.23663
46 50 179.49162
46 51 139.43215
46 52 197.6044
46 53 120.09811
46 54 160.8833
46 55 187.37557
46 56 141.10443
46 57 119.91768
46 58 108.87509
46 59 154.16389
46 60 113.17602
46 61 156.19995
46 62 116.13862
46 63 104.44553
46 64 168.04479
46 65 119.61419
46 66 139.47654
46 67 173.60823
46 68 176.96503
46 69 176.10034
46 70 191.69777
46 71 185.71333
46 72 181.50616
46 73 190.39324
46 74 128.25275
46 75 189.60898
46 76 108.98437
46 77 140.47366
46 78 143.69802
46 79 147.10005
46 80 169.39236
46 81 147.43441
46 82 170.48508
46 83 136.96349
46 84 193.16497
46 85 147.47551
46 86 109.40429
46 87 106.32096
46 88 161.49261
46 89 159.54075
46 90 199.27295
46 91 181.09442
46 92 114.96007
46 93 103.32789
46 94 189.0525
46 95 170.4975
46 96 160.747
46 97 150.46454
46 98 170.12131
46 99 144.67429
47 48 116.07115
47 49 118.66414
47 50 112.50005
47 51 123.66036
47 52 176.62247
47 53 119.60776
47 54 105.29408
47 55 130.83172
47 56 168.04943
47 57 191.94156
47 58 181.13458
47 59 164.20415
47 60 109.9769
47 61 189.77318
47 62 167.57201
47 63 194.71193
47 64 132.99677
47 65 110.82473
47 66 114.33715
47 67 124.67481
47 68 144.43103
47 69 177.04061
47 70 188.24203
47 71 117.07357
47 72 101.90491
47 73 174.47826
47 74 164.91569
47 75 141.04186
47 76 111.81471
47 77 114.65187
47 78 121.46474
47 79 181.66388
47 80 127.03736
47 81 123.90318
47 82 123.59241
47 83 161.09111
47 84 181.59758
47 85 192.73112
47 86 173.88146
47 87 173.54278
47 88 173.14094
47 89 132.89417
47 90 145.60695
47 91 163.32728
47 92 103.1002
47 93 147.25663
47 94 149.31376
47 95 157.36895
47 96 125.04492
47 97 173.94516
47 98 136.82163
47 99 101.88175
48 49 107.36522
48 50 137.63012
48 51 168.10367
48 52 198.41722
48 53 124.2764
48 54 120.03611
48 55 132.81417
48 56 135.05512
48 57 118.06933
48 58 138.88441
48 59 123.34534
48 60 133.60875
48 61 171.9264
48 62 157.53516
48 63 188.04546
48 64 125.62786
48 65 183.7623
48 66 191.44702
48 67 196.19503
48 68 123.12493
48 69 192.07828
48 70 196.2206
48 71 153.84254
48 72 150.67514
48 73 172.57524
48 74 161.14826
48 75 162.75257
48 76 181.12893
48 77 179.28448
48 78 137.7479
48 79 185.93243
48 80 183.26526
48 81 107.22133
48 82 188.54263
48 83 142.21806
48 84 182.04319
48 85 125.4152
48 86 191.65758
48 87 117.75359
48 88 189.15258
48 89 179.02135
48 90 144.58405
48 91 135.29191
48 92 133.13838
48 93 198.717
48 94 162.60846
48 95 130.32515
48 96 192.44384
48 97 152.87053
48 98 122.12692
48 99 166.08938
49 50 167.55246
49 51 109.95138
49 52 152.48163
49 53 168.86845
49 54 184.33535
49 55 193.89778
49 56 169.82693
49 57 103.5126
49 58 181.5814
49 59 163.53244
49 60 116.57635
49 61 165.30096
49 62 190.3439
49 63 128.8138
49 64 188.22308
49 65 119.95284
49 66 182.41097
49 67 161.18879
49 68 182.04604
49 69 125.26471
49 70 137.24949
49 71 101.77792
49 72 159.05814
49 73 174.37657
49 74 105.30447
49 75 157.44628
49 76 116.7923
49 77 111.24976
49 78 162.59152
49 79 132.59919
49 80 147.85786
49 81 141.33918
49 82 106.66912
49 83 139.58823
49 84 194.48936
49 85 144.14814
49 86 118.32745
49 87 166.30431
49 88 100.30431
49 89 113.3469
49 90 150.24435
49 91 106.6944
49 92 104.32188
49 93 132.61063
49 94 115.37372
49 95 129.31651
49 96 157.28854
49 97 152.80304
49 98 115.99188
49 99 199.0358
50 51 102.25822
50 52 165.47621
50 53 188.0186
50 54 161.70668
50 55 164.56844
50 56 152.75523
50 57 112.621
50 58 173.58381
50 59 192.91023
50 60 188.48663
50 61 181.43315
50 62 119.43569
50 63 170.14778
50 64 104.39566
50 65 192.51386
50 66 169.75332
50 67 180.52363
50 68 143.54479
50 69 187.00225
50 70 156.86348
50 71 152.37201
50 72 148.36816
50 73 156.17041
50 74 115.76891
50 75 185.65686
50 76 154.4547
50 77 147.57069
50 78 166.87355
50 79 167.51732
50 80 175.52238
50 81 170.43219
50 82 108.94872
50 83 162.77055
50 84 185.35691
50 85 102.64678
50 86 133.8928
50 87 167.25215
50 88 162.47473
50 89 128.33791
50 90 181.94101
50 91 101.41082
50 92 181.44389
50 93 126.78201
50 94 128.14093
50 95 183.88289
50 96 113.14188
50 97 143.80086
50 98 112.55014
50 99 196.38615
51 52 147.47267
51 53 136.45538
51 54 105.82213
51 55 174.41992
51 56 118.77917
51 57 145.11022
51 58 134.80102
51 59 121.85878
51 60 144.09499
51 61 159.47758
51 62 154.4805
51 63 175.89478
51 64 139.69508
51 65 120.57175
51 66 158.13796
51 67 163.48338
51 68 164.16788
51 69 104.53371
51 70 180.30886
51 71 142.38335
51 72 151.85112
51 73 160.34646
51 74 183.07074
51 75 142.28507
51 76 122.43925
51 77 165.49918
51 78 101.42166
51 79 156.36424
51 80 196.65474
51 81 115.81981
51 82 151.90974
51 83 149.90671
51 84 105.77381
51 85 179.30081
51 86 101.82538
51 87 150.57465
51 88 160.48436
51 89 178.38584
51 90 133.81949
51 91 180.50533
51 92 160.70887
51 93 107.53143
51 94 154.96426
51 95 199.32315
51 96 131.78569
51 97 125.34629
51 98 113.66195
51 99 156.00497
52 53 181.84948
52 54 187.09421
52 55 174.95402
52 56 179.18779
52 57 152.1636
52 58 153.58251
52 59 166.20122
52 60 124.50638
52 61 191.80373
52 62 113.37174
52 63 124.03406
52 64 120.99746
52 65 112.68953
52 66 189.05014
52 67 103.72493
52 68 131.25763
52 69 174.24355
52 70 165.40375
52 71 106.18266
52 72 101.85616
52 73 101.74917
52 74 150.132
52 75 106.23495
52 76 195.58721
52 77 168.88293
52 78 110.08803
52 79 135.73145
52 80 111.40303
52 81 183.36508
52 82 168.77178
52 83 140.15032
52 84 103.55823
52 85 198.85917
52 86 150.00182
52 87 120.63303
52 88 100.64208
52 89 104.11105
52 90 170.90918
52 91 128.35543
52 92 109.71847
52 93 155.36821
52 94 100.87414
52 95 115.81772
52 96 185.64622
52 97 147.24988
52 98 109.96938
52 99 152.68695
53 54 158.61418
53 55 138.08605
53 56 175.61605
53 57 120.21242
53 58 148.00927
53 59 104.12897
53 60 170.1638
53 61 152.1408
53 62 165.46279
53 63 182.31951
53 64 175.72686
53 65 139.11608
53 66 138.87386
53 67 106.66005
53 68 175.18425
53 69 189.52118
53 70 161.75342
53 71 150.99899
53 72 140.98189
53 73 125.774
53 74 185.78474
53 75 105.98163
53 76 145.22914
53 77 155.97815
53 78 131.48681
53 79 198.58247
53 80 108.18816
53 81 167.8198
53 82 122.16508
53 83 160.17104
53 84 171.65558
53 85 124.7441
53 86 148.50992
53 87 176.13315
53 88 175.13219
53 89 190.18408
53 90 110.5681
53 91 149.54143
53 92 164.33356
53 93 164.14304
53 94 195.62321
53 95 123.41034
53 96 132.53542
53 97 131.55551
53 98 182.6494
53 99 147.64531
54 55 118.92954
54 56 124.81733
54 57 161.58442
54 58 122.17834
54 59 101.20537
54 60 122.25479
54 61 189.42451
54 62 163.16551
54 63 112.09761
54 64 170.17768
54 65 176.43835
54 66 105.21059
54 67 138.11649
54 68 121.15
54 69 149.22476
54 70 121.56069
54 71 194.26919
54 72 147.84911
54 73 192.10992
54 74 196.73332
54 75 108.18458
54 76 143.95828
54 77 154.85299
54 78 151.98437
54 79 114.76004
54 80 130.83644
54 81 102.25552
54 82 170.19672
54 83 166.78071
54 84 174.25729
54 85 138.47644
54 86 124.42338
54 87 127.09754
54 88 177.39872
54 89 190.87405
54 90 115.38236
54 91 122.40338
54 92 179.71633
54 93 173.88242
54 94 165.91587
54 95 184.38769
54 96 105.2363
54 97 177.13655
54 98 194.25185
54 99 152.40855
55 56 167.00262
55 57 196.5401
55 58 129.28717
55 59 110.31962
55 60 107.24015
55 61 100.05312
55 62 149.44681
55 63 197.70203
55 64 105.2754
55 65 191.15705
55 66 179.83776
55 67 184.87529
55 68 192.69545
55 69 148.38485
55 70 189.64079
55 71 178.31347
55 72 122.3741
55 73 163.15483
55 74 119.80961
55 75 140.89961
55 76 164.43134
55 77 149.38972
55 78 101.35123
55 79 113.10671
55 80 176.62623
55 81 161.87171
55 82 170.60606
55 83 175.40941
55 84 117.55582
55 85 199.54151
55 86 136.52659
55 87 134.83455
55 88 114.01705
55 89 115.51368
55 90 171.20193
55 91 164.04062
55 92 149.58494
55 93 199.8438
55 94 119.43798
55 95 171.98642
55 96 181.792
55 97 134.47991
55 98 145.99386
55 99 164.06376
56 57 135.62066
56 58 145.34281
56 59 185.77575
56 60 128.20304
56 61 134.53779
56 62 176.24952
56 63 133.6299
56 64 111.22184
56 65 166.92141
56 66 130.08864
56 67 109.4753
56 68 156.53389
56 69 195.96512
56 70 172.80994
56 71 166.4131
56 72 129.64423
56 73 180.28595
56 74 182.82001
56 75 158.83814
56 76 130.03615
56 77 162.39853
56 78 139.00982
56 79 189.74785
56 80 192.81682
56 81 140.16038
56 82 177.05248
56 83 179.19813
56 84 110.10043
56 85 176.66976
56 86 132.83629
56 87 146.12132
56 88 179.08298
56 89 151.43007
56 90 105.31419
56 91 133.22887
56 92 136.51356
56 93 148.70061
56 94 126.83792
56 95 152.45479
56 96 166.56565
56 97 148.87054
56 98 148.10167
56 99 196.55786
57 58 160.23462
57 59 191.28213
57 60 135.8732
57 61 155.58262
57 62 126.9589
57 63 157.95958
57 64 120.19593
57 65 140.5349
57 66 179.72651
57 67 149.47449
57 68 105.45203
57 69 133.74509
57 70 195.77463
57 71 195.50326
57 72 170.65822
57 73 149.03862
57 74 166.13172
57 75 117.58367
57 76 176.99512
57 77 169.31604
57 78 111.85336
57 79 188.96973
57 80 118.52748
57 81 197.52418
57 82 179.67257
57 83 122.39389
57 84 170.18036
57 85 138.47995
57 86 122.82538
57 87 178.26718
57 88 121.37921
57 89 192.38779
57 90 199.99877
57 91 113.83096
57 92 136.35192
57 93 149.43475
57 94 147.68839
57 95 108.9482
57 96 171.7664
57 97 156.63247
57 98 165.97455
57 99 108.92556
58 59 191.72556
58 60 103.68663
58 61 196.93411
58 62 136.07336
58 63 179.98407
58 64 155.07746
58 65 129.96015
58 66 154.84786
58 67 101.26726
58 68 137.28658
58 69 173.62217
58 70 152.82257
58 71 122.40051
58 72 148.5466
58 73 102.5649
58 74 170.01929
58 75 123.07647
58 76 121.35479
58 77 180.86304
58 78 118.23259
58 79 104.55549
58 80 150.58198
58 81 137.87306
58 82 132.3611
58 83 180.9286
58 84 170.67157
58 85 176.37796
58 86 161.33931
58 87 178.47745
58 88 109.45513
58 89 102.81523
58 90 131.38787
58 91 179.36958
58 92 108.43859
58 93 196.95137
58 94 105.14209
58 95 141.04266
58 96 194.8739
58 97 146.73416
58 98 183.62369
58 99 198.96645
59 60 136.07877
59 61 193.93162
59 62 109.57634
59 63 192.50374
59 64 155.27993
59 65 146.65988
59 66 160.87693
59 67 127.80476
59 68 162.77702
59 69 124.34185
59 70 112.35756
59 71 137.6336
59 72 169.96411
59 73 150.27586
59 74 168.37023
59 75 162.27385
59 76 181.36035
59 77 104.83573
59 78 112.77241
59 79 103.1152
59 80 166.69423
59 81 135.26282
59 82 160.66235
59 83 119.77543
59 84 139.67388
59 85 108.39013
59 86 183.96433
59 87 133.98895
59 88 114.77224
59 89 151.11298
59 90 106.14184
59 91 198.3108
59 92 160.13682
59 93 129.53188
59 94 149.76517
59 95 186.15948
59 96 117.47093
59 97 131.357
59 98 118.47568
59 99 146.04039
60 61 171.9279
60 62 162.00238
60 63 121.74239
60 64 120.90827
60 65 179.14363
60 66 184.72133
60 67 100.55792
60 68 183.62827
60 69 159.56382
60 70 132.99239
60 71 111.59752
60 72 157.04264
60 73 135.45536
60 74 114.09042
60 75 131.91749
60 76 198.19725
60 77 132.09657
60 78 161.9882
60 79 117.4207
60 80 198.3113
60 81 117.31455
60 82 185.54587
60 83 112.7977
60 84 156.21829
60 85 116.37234
60 86 112.60504
60 87 194.328
60 88 188.73214
60 89 170.71423
60 90 159.37576
60 91 110.22412
60 92 106.17102
60 93 167.13047
60 94 126.58379
60 95 118.31466
60 96 164.4407
60 97 188.66492
60 98 160.85688
60 99 136.74113
61 62 167.28492
61 63 135.01436
61 64 154.66979
61 65 143.1641
61 66 191.86063
61 67 101.68543
61 68 186.72231
61 69 176.70909
61 70 186.21473
61 71 166.24431
61 72 108.30677
61 73 187.29007
61 74 175.33944
61 75 121.28985
61 76 186.24747
61 77 187.41604
61 78 158.62296
61 79 125.82996
61 80 139.50314
61 81 169.05695
61 82 119.83396
61 83 101.73125
61 84 151.29325
61 85 143.43774
61 86 174.0422
61 87 100.81788
61 88 155.21123
61 89 173.07024
61 90 161.84307
61 91 155.73142
61 92 122.06818
61 93 164.3152
61 94 161.32437
61 95 180.6734
61 96 136.08069
61 97 108.01348
61 98 142.3997
61 99 100.96004
62 63 113.06374
62 64 122.0784
62 65 101.60609
62 66 158.86039
62 67 185.46148
62 68 189.31409
62 69 101.3875
62 70 186.6551
62 71 152.13561
62 72 197.24086
62 73 102.37892
62 74 138.98131
62 75 193.21552
62 76 157.91569
62 77 107.13098
62 78 166.25945
62 79 166.13791
62 80 171.561
62 81 183.31329
62 82 180.73448
62 83 169.10601
62 84 124.05141
62 85 106.37009
62 86 112.07139
62 87 183.24549
62 88 117.20077
62 89 169.09349
62 90 184.40322
62 91 133.53946
62 92 121.18702
62 93 198.43912
62 94 180.51226
62 95 145.42953
62 96 105.30704
62 97 171.17519
62 98 147.84824
62 99 131.92184
63 64 173.05568
63 65 187.77609
63 66 195.82638
63 67 115.93119
63 68 150.95278
63 69 175.76314
63 70 113.12295
63 71 159.66765
63 72 117.46018
63 73 119.47312
63 74 137.82972
63 75 180.60023
63 76 152.53951
63 77 108.20588
63 78 179.74348
63 79 167.36722
63 80 108.84035
63 81 165.41739
63 82 150.04599
63 83 189.06065
63 84 162.01023
63 85 144.86724
63 86 155.25733
63 87 116.02537
63 88 131.85131
63 89 172.39735
63 90 153.47217
63 91 166.62859
63 92 191.54418
63 93 159.24222
63 94 165.1183
63 95 122.22194
63 96 184.27763
63 97 159.28593
63 98 128.06468
63 99 139.46159
64 65 156.73005
64 66 121.99118
64 67 144.58715
64 68 168.6759
64 69 161.85797
64 70 143.10847
64 71 115.21616
64 72 184.54565
64 73 105.33476
64 74 116.67745
64 75 149.08295
64 76 146.92245
64 77 118.36675
64 78 189.6825
64 79 123.62788
64 80 101.42898
64 81 101.84318
64 82 145.18487
64 83 156.16885
64 84 130.58912
64 85 149.27818
64 86 160.54217
64 87 184.92129
64 88 124.71357
64 89 121.23947
64 90 146.10385
64 91 120.86638
64 92 172.39454
64 93 144.80505
64 94 155.05475
64 95 152.96583
64 96 186.57881
64 97 138.31268
64 98 138.48807
64 99 178.81561
65 66 114.70355
65 67 147.16869
65 68 153.11473
65 69 172.67394
65 70 176.56566
65 71 176.62139
65 72 105.93232
65 73 181.83949
65 74 177.08194
65 75 121.05531
65 76 167.12553
65 77 199.3044
65 78 161.67267
65 79 185.17768
65 80 147.9858
65 81 111.24781
65 82 118.19177
65 83 138.90902
65 84 110.33278
65 85 132.92901
65 86 118.64252
65 87 105.20822
65 88 136.36669
65 89 183.51774
65 90 129.79468
65 91 106.61744
65 92 197.03207
65 93 164.44209
65 94 110.85942
65 95 180.37586
65 96 175.92597
65 97 112.83942
65 98 158.95897
65 99 146.37856
66 67 176.24437
66 68 149.59548
66 69 149.27077
66 70 157.73159
66 71 134.38274
66 72 146.26703
66 73 111.89934
66 74 140.44939
66 75 116.97526
66 76 108.9104
66 77 148.81581
66 78 146.09113
66 79 170.50182
66 80 181.18803
66 81 120.81056
66 82 143.91575
66 83 172.27968
66 84 180.87787
66 85 110.53333
66 86 141.7322
66 87 109.03569
66 88 170.71998
66 89 105.8779
66 90 137.85732
66 91 177.63314
66 92 172.78567
66 93 143.0524
66 94 111.20831
66 95 145.2165
66 96 139.95249
66 97 137.80256
66 98 128.36829
66 99 130.60756
67 68 144.21832
67 69 162.73299
67 70 173.51471
67 71 190.42493
67 72 175.24452
67 73 103.27495
67 74 138.20165
67 75 115.89873
67 76 184.18143
67 77 133.42429
67 78 107.27047
67 79 102.91154
67 80 197.12159
67 81 149.27839
67 82 190.34264
67 83 140.22726
67 84 115.74769
67 85 122.85615
67 86 178.44862
67 87 116.41175
67 88 144.82326
67 89 120.15482
67 90 177.10226
67 91 185.64141
67 92 101.72993
67 93 187.30587
67 94 103.87144
67 95 128.84138
67 96 125.08691
67 97 183.07083
67 98 185.13351
67 99 129.72282
68 69 112.07587
68 70 189.87466
68 71 187.17711
68 72 184.58807
68 73 162.4629
68 74 151.91874
68 75 196.66017
68 76 105.98846
68 77 178.02074
68 78 127.71344
68 79 104.08174
68 80 100.1855
68 81 143.2102
68 82 190.67132
68 83 184.06228
68 84 130.70359
68 85 128.55646
68 86 156.49752
68 87 135.51874
68 88 197.08672
68 89 133.36704
68 90 156.60477
68 91 189.43601
68 92 101.69385
68 93 102.86175
68 94 166.89481
68 95 155.5124
68 96 137.62206
68 97 199.40263
68 98 129.00906
68 99 140.28131
69 70 185.34457
69 71 115.87319
69 72 181.11559
69 73 195.23682
69 74 193.87429
69 75 132.09762
69 76 184.1196
69 77 135.1517
69 78 158.61346
69 79 185.54182
69 80 129.69517
69 81 151.45457
69 82 185.16512
69 83 170.50917
69 84 117.74449
69 85 149.63236
69 86 125.16959
69 87 194.61839
69 88 146.77824
69 89 102.69163
69 90 127.70353
69 91 107.03788
69 92 188.13451
69 93 146.13997
69 94 135.34187
69 95 112.09677
69 96 194.0374
69 97 108.23423
69 98 105.37627
69 99 151.77853
70 71 171.37726
70 72 100.0936
70 73 101.17729
70 74 123.12574
70 75 164.43292
70 76 166.49138
70 77 108.88661
70 78 157.35081
70 79 173.44705
70 80 197.66836
70 81 191.99579
70 82 161.70841
70 83 115.41524
70 84 114.04061
70 85 106.85124
70 86 170.82021
70 87 108.3433
70 88 124.89589
70 89 117.44058
70 90 186.44753
70 91 160.4805
70 92 101.66798
70 93 177.26478
70 94 100.2395
70 95 168.45919
70 96 102.99071
70 97 193.62846
70 98 119.67311
70 99 126.74087
71 72 135.50231
71 73 197.06703
71 74 199.0009
71 75 168.76398
71 76 168.97146
71 77 174.94606
71 78 100.48907
71 79 163.80162
71 80 129.36659
71 81 177.99182
71 82 160.69199
71 83 190.54771
71 84 188.32375
71 85 155.20091
71 86 155.41233
71 87 111.74699
71 88 150.04055
71 89 157.18419
71 90 112.92755
71 91 126.79102
71 92 197.16262
71 93 143.1575
71 94 170.91485
71 95 151.922
71 96 192.38903
71 97 192.03119
71 98 170.01315
71 99 125.481
72 73 139.15955
72 74 164.59235
72 75 182.94062
72 76 116.38084
72 77 180.7759
72 78 184.65778
72 79 189.35024
72 80 198.94799
72 81 156.05199
72 82 189.26338
72 83 154.2438
72 84 186.36585
72 85 160.14172
72 86 150.37526
72 87 197.48967
72 88 107.66767
72 89 144.82216
72 90 108.81607
72 91 167.12138
72 92 189.57061
72 93 125.38821
72 94 122.16239
72 95 149.91006
72 96 187.39534
72 97 188.12457
72 98 108.60012
72 99 102.83788
73 74 184.99071
73 75 173.55017
73 76 144.57518
73 77 113.94796
73 78 162.22435
73 79 102.62108
73 80 132.39092
73 81 170.6553
73 82 104.31501
73 83 131.88291
73 84 131.00047
73 85 121.14235
73 86 107.276
73 87 165.57904
73 88 197.90666
73 89 189.7576
73 90 104.56875
73 91 194.26817
73 92 183.23813
73 93 155.16635
73 94 104.21779
73 95 159.51709
73 96 115.4918
73 97 109.44181
73 98 170.12675
73 99 108.35536
74 75 129.71142
74 76 147.96771
74 77 161.34854
74 78 148.09085
74 79 193.96754
74 80 109.76484
74 81 194.45225
74 82 140.37541
74 83 155.57282
74 84 128.45547
74 85 144.71621
74 86 141.28586
74 87 129.52768
74 88 182.64549
74 89 123.25371
74 90 197.74819
74 91 147.71825
74 92 157.42736
74 93 157.29944
74 94 118.05261
74 95 137.33038
74 96 174.70092
74 97 115.44519
74 98 124.07798
74 99 127.02558
75 76 188.67284
75 77 196.82141
75 78 129.554
75 79 147.3983
75 80 171.93214
75 81 104.2435
75 82 117.80092
75 83 179.3685
75 84 106.38773
75 85 193.32526
75 86 188.45305
75 87 103.0095
75 88 117.29996
75 89 154.89565
75 90 185.79451
75 91 124.14907
75 92 162.44423
75 93 167.04247
75 94 131.04315
75 95 111.55168
75 96 169.95172
75 97 125.72276
75 98 154.08755
75 99 134.50981
76 77 131.66926
76 78 164.43068
76 79 101.00103
76 80 195.17969
76 81 194.73249
76 82 159.73166
76 83 100.49924
76 84 129.95342
76 85 190.91519
76 86 183.25528
76 87 139.42295
76 88 185.77315
76 89 109.37626
76 90 131.3022
76 91 110.39312
76 92 133.83895
76 93 191.07274
76 94 124.91541
76 95 117.47492
76 96 146.56396
76 97 195.38347
76 98 101.66429
76 99 107.69267
77 78 142.25389
77 79 124.6222
77 80 182.17002
77 81 124.78518
77 82 189.87827
77 83 135.80244
77 84 163.74095
77 85 164.57869
77 86 147.54158
77 87 126.63422
77 88 156.85594
77 89 154.40235
77 90 193.89913
77 91 198.57676
77 92 120.20319
77 93 137.26973
77 94 105.67779
77 95 166.97023
77 96 118.0612
77 97 173.841
77 98 167.77267
77 99 189.29277
78 79 128.07622
78 80 142.65813
78 81 181.05045
78 82 198.43324
78 83 104.35192
78 84 160.42994
78 85 106.3791
78 86 164.05952
78 87 151.81515
78 88 187.02742
78 89 169.73886
78 90 118.82145
78 91 163.45289
78 92 116.33768
78 93 165.2472
78 94 117.52764
78 95 160.61202
78 96 145.27584
78 97 140.46653
78 98 103.22901
78 99 187.11829
79 80 197.95752
79 81 125.68679
79 82 128.12705
79 83 115.46831
79 84 111.5481
79 85 107.47947
79 86 147.39628
79 87 190.4323
79 88 114.27896
79 89 148.09261
79 90 119.79259
79 91 107.80174
79 92 128.153
79 93 156.37057
79 94 185.08601
79 95 193.70291
79 96 153.86992
79 97 188.78695
79 98 141.53957
79 99 146.11219
80 81 141.84963
80 82 193.91129
80 83 184.77795
80 84 106.95344
80 85 163.46169
80 86 113.28753
80 87 147.47719
80 88 137.97027
80 89 154.49174
80 90 183.76899
80 91 112.2665
80 92 174.98936
80 93 191.67768
80 94 146.46136
80 95 184.60782
80 96 189.53873
80 97 113.79944
80 98 124.04395
80 99 139.78509
81 82 124.42058
81 83 154.91718
81 84 125.81889
81 85 112.13566
81 86 191.50661
81 87 145.93907
81 88 115.29689
81 89 144.09228
81 90 183.60331
81 91 137.64917
81 92 180.66168
81 93 187.01731
81 94 159.88158
81 95 138.55816
81 96 152.7286
81 97 187.04558
81 98 185.67022
81 99 162.20794
82 83 175.67316
82 84 180.28869
82 85 162.52762
82 86 159.1221
82 87 163.18216
82 88 114.88938
82 89 131.21458
82 90 131.5975
82 91 152.19157
82 92 101.47663
82 93 180.44884
82 94 182.44837
82 95 133.46172
82 96 158.55105
82 97 173.21598
82 98 170.6298
82 99 149.37541
83 84 135.685
83 85 197.88895
83 86 155.04271
83 87 136.58431
83 88 172.82453
83 89 124.69951
83 90 122.21685
83 91 187.99475
83 92 117.45925
83 93 149.57378
83 94 127.83453
83 95 169.46806
83 96 185.91722
83 97 187.91449
83 98 173.31858
83 99 176.32681
84 85 143.94209
84 86 108.42692
84 87 114.74116
84 88 148.66984
84 89 160.64728
84 90 175.39542
84 91 146.22043
84 92 136.29174
84 93 159.27899
84 94 133.12874
84 95 153.11988
84 96 187.40682
84 97 182.91424
84 98 182.90488
84 99 159.15747
85 86 123.9763
85 87 130.33852
85 88 199.99188
85 89 166.87664
85 90 110.26339
85 91 196.88176
85 92 140.1616
85 93 138.19504
85 94 108.58105
85 95 175.80573
85 96 101.74419
85 97 193.56551
85 98 100.95084
85 99 152.56147
86 87 130.50029
86 88 169.08515
86 89 174.15501
86 90 187.04105
86 91 198.8515
86 92 145.86816
86 93 101.45133
86 94 114.15281
86 95 154.43564
86 96 104.76326
86 97 193.9999
86 98 107.45803
86 99 150.8198
87 88 149.05377
87 89 196.35554
87 90 184.64968
87 91 120.52548
87 92 194.39508
87 93 151.36908
87 94 167.15788
87 95 154.72687
87 96 189.31047
87 97 132.92259
87 98 157.01653
87 99 144.89513
88 89 199.62265
88 90 154.43618
88 91 189.0647
88 92 134.55222
88 93 189.58088
88 94 166.06995
88 95 104.96687
88 96 172.19782
88 97 123.55978
88 98 176.43503
88 99 127.33599
89 90 150.67286
89 91 173.41104
89 92 109.72247
89 93 119.46053
89 94 135.51854
89 95 152.4757
89 96 159.31677
89 97 118.81503
89 98 119.08238
89 99 197.51693
90 91 159.44103
90 92 104.41182
90 93 189.48155
90 94 100.45153
90 95 108.76802
90 96 121.98516
90 97 108.07554
90 98 127.15707
90 99 122.26008
91 92 141.8775
91 93 150.52371
91 94 175.29177
91 95 142.74955
91 96 135.45461
91 97 102.46446
91 98 167.53687
91 99 110.39088
92 93 183.18783
92 94 119.33342
92 95 143.29517
92 96 194.96435
92 97 169.20288
92 98 133.26027
92 99 140.25481
93 94 109.9708
93 95 186.72379
93 96 121.04443
93 97 115.63617
93 98 138.1484
93 99 193.18192
94 95 168.40157
94 96 160.03809
94 97 166.3634
94 98 131.26423
94 99 153.81538
95 96 178.37025
95 97 189.16029
95 98 190.7399
95 99 147.41514
96 97 181.9712
96 98 194.49043
96 99 196.33126
97 98 159.23706
97 99 128.96711
98 99 197.81947
