100 20
0 1 100.19666
0 2 108.91453
0 3 147.39097
0 4 112.9789
0 5 165.83805
0 6 123.4817
0 7 128.01534
0 8 161.79533
0 9 147.89563
0 10 150.79937
0 11 174.84539
0 12 146.91275
0 13 123.05064
0 14 143.10855
0 15 125.54603
0 16 124.7982
0 17 115.03006
0 18 167.49732
0 19 199.54351
0 20 155.25061
0 21 152.4878
0 22 136.90087
0 23 154.82995
0 24 183.63626
0 25 199.79347
0 26 110.05663
0 27 166.18768
0 28 142.56436
0 29 187.15935
0 30 138.87067
0 31 187.83559
0 32 158.51162
0 33 104.55748
0 34 129.02233
0 35 187.21145
0 36 101.80372
0 37 127.78399
0 38 151.77096
0 39 165.12172
0 40 171.55218
0 41 162.84608
0 42 103.78823
0 43 152.95237
0 44 102.88404
0 45 121.95842
0 46 121.67325
0 47 146.42107
0 48 181.80732
0 49 147.03465
0 50 179.98657
0 51 182.79026
0 52 118.01104
0 53 153.75286
0 54 187.39215
0 55 157.01292
0 56 153.45851
0 57 101.11326
0 58 160.42394
0 59 123.6512
0 60 124.61009
0 61 165.6776
0 62 187.10863
0 63 127.92452
0 64 106.88803
0 65 163.38983
0 66 110.80377
0 67 181.62374
0 68 145.07949
0 69 190.86592
0 70 107.33759
0 71 124.62239
0 72 150.66287
0 73 136.59452
0 74 106.48899
0 75 179.38037
0 76 181.41865
0 77 124.02102
0 78 150.46151
0 79 109.73185
0 80 113.57741
0 81 141.14096
0 82 157.94634
0 83 138.40748
0 84 198.54366
0 85 196.53806
0 86 136.40065
0 87 148.17198
0 88 140.96458
0 89 120.40657
0 90 134.68227
0 91 154.72481
0 92 129.87629
0 93 155.95699
0 94 185.10792
0 95 103.67219
0 96 133.13049
0 97 119.91932
0 98 189.62147
0 99 182.85096
1 2 140.64878
1 3 100.70212
1 4 152.89407
1 5 149.18984
1 6 152.13392
1 7 163.754
1 8 154.99193
1 9 107.48801
1 10 134.85836
1 11 175.89069
1 12 111.964
1 13 118.3536
1 14 181.69185
1 15 197.95727
1 16 110.23296
1 17 132.00629
1 18 102.17456
1 19 128.87821
1 20 126.64783
1 21 123.75283
1 22 181.75549
1 23 195.10367
1 24 166.47971
1 25 152.27307
1 26 196.79202
1 27 122.59324
1 28 162.56328
1 29 101.33149
1 30 106.74975
1 31 153.15729
1 32 140.04008
1 33 118.67858
1 34 102.48071
1 35 107.42381
1 36 149.84206
1 37 185.62233
1 38 111.72314
1 39 137.69667
1 40 176.69817
1 41 106.09681
1 42 174.34503
1 43 187.70441
1 44 151.36877
1 45 171.5382
1 46 170.18454
1 47 194.73715
1 48 179.47992
1 49 112.21153
1 50 177.52939
1 51 103.45202
1 52 178.87653
1 53 172.90622
1 54 122.36608
1 55 127.42465
1 56 116.67757
1 57 174.03542
1 58 195.72119
1 59 177.43171
1 60 152.14629
1 61 174.83494
1 62 104.20825
1 63 102.87661
1 64 125.5412
1 65 141.34601
1 66 174.76293
1 67 130.17262
1 68 184.84289
1 69 197.80286
1 70 191.89875
1 71 122.3904
1 72 195.70169
1 73 192.85533
1 74 127.47045
1 75 196.86589
1 76 128.8259
1 77 120.25272
1 78 119.67752
1 79 145.74963
1 80 150.94523
1 81 129.35357
1 82 137.39363
1 83 179.55982
1 84 146.79344
1 85 143.05676
1 86 124.58778
1 87 187.33041
1 88 130.99321
1 89 108.50666
1 90 170.27542
1 91 197.72682
1 92 181.21713
1 93 197.14804
1 94 110.18757
1 95 115.87744
1 96 117.26174
1 97 195.06042
1 98 132.28654
1 99 141.53146
2 3 160.83153
2 4 105.94997
2 5 194.73241
2 6 133.65604
2 7 159.92336
2 8 159.45018
2 9 151.14486
2 10 173.74159
2 11 157.46187
2 12 147.26097
2 13 129.57258
2 14 112.54196
2 15 192.04723
2 16 148.93702
2 17 141.83844
2 18 104.12953
2 19 141.36263
2 20 132.24957
2 21 193.25607
2 22 171.90772
2 23 105.02395
2 24 122.78558
2 25 143.35956
2 26 150.70019
2 27 123.20629
2 28 180.59357
2 29 165.84336
2 30 147.20356
2 31 159.63182
2 32 145.58498
2 33 130.32554
2 34 103.59059
2 35 128.1457
2 36 136.05058
2 37 105.00409
2 38 197.06452
2 39 105.70376
2 40 173.79325
2 41 106.74179
2 42 183.88602
2 43 151.33271
2 44 188.85346
2 45 164.19933
2 46 180.74255
2 47 146.7163
2 48 141.08896
2 49 134.71585
2 50 165.5604
2 51 168.15119
2 52 163.11937
2 53 152.01414
2 54 108.25714
2 55 177.11227
2 56 174.37403
2 57 123.8616
2 58 171.61466
2 59 142.37897
2 60 134.674
2 61 175.42239
2 62 144.20653
2 63 152.39349
2 64 168.24594
2 65 196.05432
2 66 189.0198
2 67 170.77082
2 68 167.64487
2 69 114.66171
2 70 105.54615
2 71 191.31316
2 72 146.77598
2 73 187.16084
2 74 152.00004
2 75 123.03863
2 76 186.22605
2 77 102.10187
2 78 120.61796
2 79 168.24763
2 80 121.76624
2 81 141.84954
2 82 189.10849
2 83 140.35802
2 84 124.13694
2 85 170.92668
2 86 143.16248
2 87 111.70514
2 88 173.51013
2 89 138.54452
2 90 169.01901
2 91 111.68184
2 92 140.69046
2 93 156.95051
2 94 154.90119
2 95 175.6202
2 96 196.35183
2 97 185.149
2 98 150.26876
2 99 136.59811
3 4 170.45095
3 5 116.81277
3 6 133.0607
3 7 181.41176
3 8 118.94813
3 9 141.86753
3 10 121.2308
3 11 196.86109
3 12 196.84839
3 13 197.8212
3 14 169.0903
3 15 142.56784
3 16 139.57703
3 17 116.13048
3 18 124.09462
3 19 161.49562
3 20 139.1371
3 21 184.63599
3 22 142.15591
3 23 160.21511
3 24 187.44872
3 25 121.70973
3 26 119.64301
3 27 173.1368
3 28 146.66937
3 29 199.38086
3 30 155.7579
3 31 184.66909
3 32 166.74469
3 33 160.66542
3 34 188.55597
3 35 174.11227
3 36 111.9116
3 37 188.59184
3 38 179.71288
3 39 146.93546
3 40 156.721
3 41 100.71615
3 42 189.21905
3 43 128.04723
3 44 192.02038
3 45 193.78435
3 46 114.79794
3 47 160.64535
3 48 169.50601
3 49 192.23463
3 50 174.59991
3 51 188.83848
3 52 176.34624
3 53 158.29041
3 54 140.63577
3 55 115.16286
3 56 144.93849
3 57 106.83358
3 58 181.88106
3 59 107.27204
3 60 174.32293
3 61 195.48387
3 62 141.43213
3 63 122.82912
3 64 172.89533
3 65 189.03287
3 66 100.43894
3 67 102.7934
3 68 194.47281
3 69 178.62466
3 70 144.16459
3 71 103.99398
3 72 104.3071
3 73 107.40691
3 74 166.46587
3 75 187.71157
3 76 118.89411
3 77 118.20188
3 78 127.97034
3 79 188.97169
3 80 136.72346
3 81 157.67623
3 82 119.90374
3 83 154.57479
3 84 116.46278
3 85 132.228
3 86 173.0444
3 87 168.75273
3 88 156.46673
3 89 177.77541
3 90 149.78342
3 91 170.73379
3 92 140.63869
3 93 192.79322
3 94 154.58582
3 95 112.09183
3 96 103.21436
3 97 111.94156
3 98 161.20375
3 99 158.02479
4 5 101.95634
4 6 151.69062
4 7 102.4764
4 8 169.30601
4 9 148.26227
4 10 103.87339
4 11 130.07559
4 12 163.54305
4 13 124.11659
4 14 105.18003
4 15 106.17829
4 16 158.03729
4 17 199.53772
4 18 154.77633
4 19 115.44658
4 20 145.92685
4 21 198.81857
4 22 191.23852
4 23 119.02552
4 24 181.44057
4 25 157.05494
4 26 124.82818
4 27 150.4381
4 28 125.04544
4 29 110.00865
4 30 170.84965
4 31 172.06225
4 32 121.35377
4 33 140.08744
4 34 185.47859
4 35 157.17242
4 36 184.23038
4 37 168.49479
4 38 107.3412
4 39 192.98972
4 40 126.9464
4 41 191.62862
4 42 105.20654
4 43 120.05971
4 44 131.65075
4 45 173.19489
4 46 100.85484
4 47 128.66508
4 48 103.56983
4 49 132.84789
4 50 147.74348
4 51 168.07899
4 52 111.69521
4 53 108.79742
4 54 110.80843
4 55 144.70705
4 56 158.5903
4 57 139.97997
4 58 117.79254
4 59 190.70803
4 60 164.95865
4 61 119.69485
4 62 104.8659
4 63 144.85783
4 64 133.49548
4 65 177.91346
4 66 171.10312
4 67 114.83085
4 68 135.34295
4 69 172.04858
4 70 144.4558
4 71 128.89399
4 72 102.53514
4 73 141.34287
4 74 139.47805
4 75 179.09859
4 76 109.8292
4 77 110.95407
4 78 102.27945
4 79 154.4124
4 80 148.28263
4 81 193.07858
4 82 165.86049
4 83 127.60261
4 84 165.15554
4 85 130.65946
4 86 118.27633
4 87 189.80673
4 88 188.52827
4 89 156.34147
4 90 198.34304
4 91 188.46404
4 92 153.36119
4 93 145.23604
4 94 163.59043
4 95 199.62963
4 96 140.10791
4 97 176.61454
4 98 173.62406
4 99 111.77955
5 6 133.55276
5 7 174.15319
5 8 102.45007
5 9 135.71289
5 10 155.08943
5 11 151.80737
5 12 115.83982
5 13 169.45964
5 14 114.35804
5 15 195.66843
5 16 179.85242
5 17 154.7698
5 18 102.96943
5 19 112.7627
5 20 179.18767
5 21 183.63394
5 22 156.84708
5 23 164.59957
5 24 156.30384
5 25 129.36952
5 26 187.13617
5 27 190.61697
5 28 131.99473
5 29 160.61695
5 30 101.60923
5 31 183.20797
5 32 160.21923
5 33 132.15462
5 34 159.00569
5 35 191.97493
5 36 138.34319
5 37 112.48699
5 38 138.03589
5 39 155.48401
5 40 189.08299
5 41 126.90216
5 42 127.27984
5 43 150.15586
5 44 105.76633
5 45 118.74677
5 46 180.74099
5 47 172.9189
5 48 183.41563
5 49 196.51751
5 50 111.69998
5 51 173.46891
5 52 112.35117
5 53 161.36817
5 54 132.45827
5 55 161.94407
5 56 140.81123
5 57 168.32322
5 58 173.11609
5 59 138.88741
5 60 160.94158
5 61 146.92003
5 62 120.1533
5 63 199.14108
5 64 153.62892
5 65 137.78763
5 66 147.09529
5 67 104.25862
5 68 162.48669
5 69 107.71959
5 70 108.5835
5 71 160.1867
5 72 106.54666
5 73 165.48209
5 74 170.1678
5 75 152.97
5 76 129.74261
5 77 181.19242
5 78 163.30635
5 79 143.50226
5 80 118.34318
5 81 142.45819
5 82 160.73942
5 83 126.31864
5 84 167.77679
5 85 192.73901
5 86 151.45665
5 87 164.77561
5 88 130.11193
5 89 157.20337
5 90 173.21167
5 91 117.50721
5 92 184.66762
5 93 152.40454
5 94 176.96
5 95 123.17784
5 96 169.26295
5 97 154.99259
5 98 104.1806
5 99 187.03794
6 7 145.42802
6 8 143.58432
6 9 113.26362
6 10 147.34449
6 11 117.11336
6 12 148.15233
6 13 151.11235
6 14 128.39071
6 15 178.76003
6 16 148.75459
6 17 168.75017
6 18 101.9573
6 19 137.70402
6 20 109.79124
6 21 197.70848
6 22 107.16973
6 23 169.54071
6 24 151.78396
6 25 119.61256
6 26 173.05596
6 27 148.26
6 28 189.10138
6 29 168.98575
6 30 114.15141
6 31 161.89012
6 32 126.91975
6 33 119.1075
6 34 116.24463
6 35 164.99653
6 36 139.80885
6 37 156.76151
6 38 173.29688
6 39 174.14887
6 40 142.41061
6 41 138.23732
6 42 160.1773
6 43 121.92234
6 44 148.20376
6 45 178.08596
6 46 167.96124
6 47 125.43896
6 48 116.44902
6 49 104.38773
6 50 199.13781
6 51 161.70402
6 52 125.3592
6 53 180.29003
6 54 132.91433
6 55 177.17677
6 56 160.52725
6 57 162.81521
6 58 174.20754
6 59 174.28175
6 60 185.89106
6 61 110.45978
6 62 196.80848
6 63 120.90278
6 64 149.85145
6 65 141.87823
6 66 138.78636
6 67 194.30243
6 68 136.7581
6 69 187.37007
6 70 150.21378
6 71 100.6882
6 72 148.17352
6 73 165.46251
6 74 152.0631
6 75 169.65054
6 76 125.65038
6 77 109.44099
6 78 126.11708
6 79 130.82465
6 80 170.13269
6 81 152.61745
6 82 157.4426
6 83 161.82
6 84 123.02777
6 85 143.52736
6 86 149.6211
6 87 141.65241
6 88 129.98577
6 89 121.40605
6 90 128.9199
6 91 163.05625
6 92 163.53011
6 93 191.29972
6 94 103.43726
6 95 174.58682
6 96 189.26104
6 97 124.20266
6 98 135.57062
6 99 179.16269
7 8 195.57181
7 9 112.61847
7 10 102.24461
7 11 181.3369
7 12 135.60456
7 13 132.11456
7 14 162.45094
7 15 135.32358
7 16 129.33251
7 17 135.9035
7 18 139.78654
7 19 108.1474
7 20 123.9956
7 21 158.07785
7 22 134.37925
7 23 130.3455
7 24 159.16385
7 25 183.42451
7 26 185.48533
7 27 160.48701
7 28 191.20293
7 29 187.48589
7 30 184.14666
7 31 130.88619
7 32 131.70409
7 33 119.00037
7 34 155.76261
7 35 138.21773
7 36 136.22216
7 37 145.69961
7 38 122.49928
7 39 127.55077
7 40 181.2426
7 41 160.65863
7 42 194.42486
7 43 120.80497
7 44 135.88085
7 45 198.59188
7 46 105.43528
7 47 148.62847
7 48 191.00728
7 49 130.51179
7 50 198.82688
7 51 111.19099
7 52 169.80422
7 53 102.45855
7 54 141.11873
7 55 111.30825
7 56 191.37463
7 57 186.74709
7 58 147.50832
7 59 105.69733
7 60 107.4645
7 61 159.35532
7 62 192.13088
7 63 109.84422
7 64 136.2764
7 65 119.96653
7 66 157.68348
7 67 136.29449
7 68 180.12032
7 69 135.53432
7 70 186.13206
7 71 113.53347
7 72 152.52307
7 73 154.43551
7 74 121.38594
7 75 143.33439
7 76 177.79128
7 77 174.18908
7 78 171.0589
7 79 170.88597
7 80 192.47255
7 81 159.16124
7 82 124.27123
7 83 139.31999
7 84 176.38931
7 85 186.81464
7 86 118.27495
7 87 107.035
7 88 188.35764
7 89 192.12096
7 90 194.8345
7 91 160.75042
7 92 155.68558
7 93 164.30704
7 94 158.22175
7 95 109.97678
7 96 120.35669
7 97 128.49307
7 98 101.7398
7 99 142.4164
8 9 126.14809
8 10 175.57486
8 11 186.12008
8 12 139.68762
8 13 196.03766
8 14 145.34847
8 15 179.50391
8 16 180.03769
8 17 103.6997
8 18 146.25412
8 19 122.2702
8 20 120.95305
8 21 136.21473
8 22 135.21871
8 23 147.02268
8 24 181.03065
8 25 196.09582
8 26 163.6774
8 27 117.09084
8 28 120.26733
8 29 119.95489
8 30 171.43464
8 31 189.13751
8 32 195.95298
8 33 175.0527
8 34 190.93216
8 35 190.40416
8 36 157.82166
8 37 163.0947
8 38 175.79956
8 39 171.83322
8 40 124.41253
8 41 111.43397
8 42 146.52542
8 43 152.92128
8 44 153.13729
8 45 182.14663
8 46 134.46023
8 47 181.48115
8 48 153.37737
8 49 163.71934
8 50 105.43959
8 51 147.02278
8 52 143.33959
8 53 105.27966
8 54 141.33689
8 55 167.4204
8 56 178.08633
8 57 172.31862
8 58 137.15302
8 59 165.22217
8 60 151.1813
8 61 154.40895
8 62 127.04394
8 63 155.79351
8 64 130.09583
8 65 123.10903
8 66 136.738
8 67 141.17762
8 68 136.57592
8 69 120.58229
8 70 117.00559
8 71 195.25808
8 72 186.80796
8 73 139.3326
8 74 156.61284
8 75 171.64255
8 76 153.10378
8 77 138.3672
8 78 160.37284
8 79 118.52346
8 80 100.48987
8 81 146.46076
8 82 190.82528
8 83 110.70223
8 84 171.76323
8 85 195.61319
8 86 130.21051
8 87 102.76915
8 88 182.30258
8 89 114.39451
8 90 155.15552
8 91 188.4339
8 92 160.84851
8 93 132.33915
8 94 100.01677
8 95 185.13233
8 96 120.65994
8 97 105.7822
8 98 150.06655
8 99 139.384
9 10 182.35046
9 11 190.54155
9 12 118.93971
9 13 107.4176
9 14 124.53352
9 15 147.8262
9 16 160.47547
9 17 104.06984
9 18 117.71498
9 19 175.71411
9 20 127.92327
9 21 193.40074
9 22 161.19386
9 23 137.05911
9 24 102.37814
9 25 127.15016
9 26 116.7956
9 27 160.11089
9 28 175.37029
9 29 122.46242
9 30 150.90389
9 31 168.9187
9 32 188.65477
9 33 136.67694
9 34 138.18261
9 35 183.4929
9 36 199.07299
9 37 114.22295
9 38 196.07554
9 39 152.44393
9 40 126.67482
9 41 182.0458
9 42 181.82703
9 43 110.52058
9 44 167.45768
9 45 178.15322
9 46 160.93404
9 47 199.43519
9 48 130.24239
9 49 164.95317
9 50 101.44763
9 51 175.0487
9 52 161.52125
9 53 127.21945
9 54 154.30708
9 55 108.96061
9 56 173.62007
9 57 155.98689
9 58 114.41038
9 59 196.62774
9 60 133.63311
9 61 144.25213
9 62 134.7826
9 63 148.15647
9 64 105.25275
9 65 141.85905
9 66 156.57686
9 67 117.55689
9 68 129.92488
9 69 111.24295
9 70 112.5815
9 71 170.99293
9 72 175.29155
9 73 180.05261
9 74 143.44445
9 75 161.21032
9 76 162.7281
9 77 149.95174
9 78 121.6724
9 79 190.79401
9 80 144.58241
9 81 147.633
9 82 167.68444
9 83 132.66699
9 84 180.4925
9 85 113.4082
9 86 130.87598
9 87 145.60151
9 88 195.28195
9 89 128.46142
9 90 107.76316
9 91 100.53659
9 92 168.28061
9 93 116.22596
9 94 133.64067
9 95 166.22684
9 96 164.40162
9 97 159.6032
9 98 147.37366
9 99 120.22365
10 11 194.5398
10 12 119.3573
10 13 106.35816
10 14 178.81055
10 15 147.94236
10 16 144.47471
10 17 110.1708
10 18 142.55375
10 19 118.74501
10 20 113.4378
10 21 175.32815
10 22 186.49434
10 23 130.62643
10 24 167.6127
10 25 151.21121
10 26 182.10159
10 27 159.4807
10 28 190.08383
10 29 163.67253
10 30 156.67732
10 31 158.0487
10 32 112.87716
10 33 149.48687
10 34 142.76924
10 35 144.02984
10 36 199.9746
10 37 113.82265
10 38 146.87879
10 39 114.91384
10 40 118.26813
10 41 174.72459
10 42 108.8329
10 43 159.03813
10 44 180.08651
10 45 186.28417
10 46 147.01558
10 47 134.48818
10 48 174.80537
10 49 183.6666
10 50 137.39727
10 51 127.64807
10 52 192.63551
10 53 103.75745
10 54 103.71492
10 55 167.91317
10 56 189.6733
10 57 185.08282
10 58 106.80862
10 59 149.30771
10 60 184.48318
10 61 105.85217
10 62 155.91719
10 63 101.47063
10 64 140.42341
10 65 151.4448
10 66 122.75568
10 67 156.20448
10 68 179.97259
10 69 175.90388
10 70 134.19335
10 71 125.24669
10 72 171.07779
10 73 185.34592
10 74 162.47757
10 75 183.72764
10 76 136.02629
10 77 160.8533
10 78 187.01654
10 79 195.20148
10 80 163.89139
10 81 189.85555
10 82 178.00257
10 83 158.76961
10 84 173.92311
10 85 165.40471
10 86 160.61328
10 87 177.42121
10 88 161.17997
10 89 142.54129
10 90 137.82842
10 91 192.26898
10 92 178.27263
10 93 195.84582
10 94 136.8774
10 95 110.03942
10 96 157.92152
10 97 117.26855
10 98 110.50077
10 99 183.10143
11 12 184.27229
11 13 179.79733
11 14 160.57779
11 15 149.55335
11 16 132.60242
11 17 186.32564
11 18 129.45904
11 19 132.47125
11 20 153.69602
11 21 199.91538
11 22 165.35822
11 23 149.18495
11 24 135.11817
11 25 183.0627
11 26 150.28927
11 27 159.61103
11 28 111.04759
11 29 123.41399
11 30 164.00418
11 31 153.69545
11 32 194.60296
11 33 115.0241
11 34 184.71668
11 35 161.69992
11 36 123.27836
11 37 153.50748
11 38 145.99554
11 39 126.29785
11 40 104.57813
11 41 133.3672
11 42 189.77915
11 43 133.74486
11 44 161.51116
11 45 109.91995
11 46 108.00717
11 47 167.65157
11 48 156.92625
11 49 174.06461
11 50 115.05041
11 51 100.84519
11 52 181.93733
11 53 192.011
11 54 128.16298
11 55 184.87884
11 56 152.66833
11 57 123.73669
11 58 178.54323
11 59 120.08654
11 60 164.13483
11 61 182.38272
11 62 134.54503
11 63 136.59448
11 64 121.52054
11 65 144.03538
11 66 163.01277
11 67 139.95602
11 68 190.61781
11 69 182.95656
11 70 131.79364
11 71 112.8099
11 72 158.26097
11 73 156.9192
11 74 123.85902
11 75 187.23895
11 76 110.20757
11 77 174.99147
11 78 179.99242
11 79 133.36618
11 80 118.44915
11 81 107.51949
11 82 165.19294
11 83 152.32491
11 84 113.0399
11 85 152.38768
11 86 138.32721
11 87 116.7227
11 88 135.52225
11 89 109.66449
11 90 134.91137
11 91 185.00261
11 92 162.69886
11 93 153.60249
11 94 186.92577
11 95 195.48901
11 96 151.02958
11 97 137.87616
11 98 104.78764
11 99 180.04333
12 13 156.91838
12 14 134.42993
12 15 149.54527
12 16 134.6404
12 17 167.05419
12 18 138.71882
12 19 118.87078
12 20 109.67911
12 21 161.69901
12 22 187.40463
12 23 144.37858
12 24 191.3909
12 25 106.43365
12 26 142.53067
12 27 190.09392
12 28 166.05525
12 29 146.45497
12 30 118.58487
12 31 160.37478
12 32 141.46878
12 33 122.33946
12 34 165.1273
12 35 138.01988
12 36 163.7997
12 37 155.80743
12 38 161.73501
12 39 163.90381
12 40 154.37959
12 41 119.66209
12 42 161.90681
12 43 149.68783
12 44 128.4739
12 45 176.05362
12 46 155.31253
12 47 191.37568
12 48 129.7047
12 49 177.7901
12 50 133.30251
12 51 165.51132
12 52 199.72546
12 53 186.00079
12 54 178.88945
12 55 184.59518
12 56 112.65417
12 57 170.87825
12 58 140.81027
12 59 125.46056
12 60 162.19782
12 61 100.38959
12 62 123.72941
12 63 150.8947
12 64 137.04396
12 65 114.03272
12 66 131.54892
12 67 183.9213
12 68 120.99327
12 69 168.31771
12 70 189.41938
12 71 118.65878
12 72 197.07655
12 73 108.64482
12 74 179.7355
12 75 159.0675
12 76 146.59479
12 77 148.27218
12 78 148.20696
12 79 159.38255
12 80 179.28246
12 81 177.17007
12 82 166.41271
12 83 195.12808
12 84 102.53955
12 85 190.72873
12 86 142.66587
12 87 166.36986
12 88 181.69544
12 89 149.38745
12 90 137.93619
12 91 122.63878
12 92 142.29723
12 93 114.74762
12 94 192.32836
12 95 117.24521
12 96 123.47668
12 97 127.25427
12 98 180.9205
12 99 165.16288
13 14 163.5619
13 15 115.45383
13 16 120.58999
13 17 194.96549
13 18 187.3076
13 19 186.05942
13 20 168.98654
13 21 170.34242
13 22 124.67396
13 23 134.84401
13 24 139.81254
13 25 135.37537
13 26 126.34157
13 27 195.89819
13 28 117.16702
13 29 114.19499
13 30 104.08653
13 31 115.40706
13 32 157.25225
13 33 194.79484
13 34 142.01497
13 35 116.29096
13 36 123.35346
13 37 101.07604
13 38 178.16985
13 39 147.76608
13 40 160.83987
13 41 170.77404
13 42 112.90871
13 43 187.20247
13 44 127.30559
13 45 131.05563
13 46 194.31658
13 47 132.19212
13 48 122.53328
13 49 190.64323
13 50 150.57018
13 51 156.98951
13 52 141.86056
13 53 147.70937
13 54 134.13493
13 55 102.03269
13 56 187.72358
13 57 101.79817
13 58 155.40801
13 59 197.29124
13 60 109.16264
13 61 129.03992
13 62 133.23594
13 63 169.12277
13 64 103.60598
13 65 167.22349
13 66 126.03498
13 67 165.65508
13 68 144.34486
13 69 196.16475
13 70 189.8432
13 71 129.49098
13 72 116.98288
13 73 180.58449
13 74 146.92121
13 75 191.18806
13 76 149.04152
13 77 179.16294
13 78 176.15266
13 79 109.75007
13 80 117.38277
13 81 138.93522
13 82 197.72437
13 83 152.16091
13 84 112.15089
13 85 135.66011
13 86 146.72202
13 87 129.78017
13 88 103.7034
13 89 130.72772
13 90 186.304
13 91 193.0856
13 92 160.29946
13 93 115.9451
13 94 199.34398
13 95 104.99353
13 96 196.69137
13 97 176.64444
13 98 140.10302
13 99 101.44793
14 15 116.33864
14 16 150.82182
14 17 182.25516
14 18 185.47373
14 19 190.40523
14 20 122.83725
14 21 108.84691
14 22 116.11417
14 23 198.86056
14 24 116.89896
14 25 198.80532
14 26 135.11024
14 27 199.72609
14 28 101.03959
14 29 194.09686
14 30 174.16172
14 31 111.33808
14 32 140.57395
14 33 149.63168
14 34 176.40155
14 35 160.49526
14 36 169.00342
14 37 195.6022
14 38 196.32086
14 39 105.46218
14 40 157.30208
14 41 124.00356
14 42 137.76847
14 43 176.61309
14 44 164.29957
14 45 101.32244
14 46 112.33165
14 47 188.61479
14 48 187.50935
14 49 113.12262
14 50 197.94382
14 51 191.09569
14 52 109.89234
14 53 181.74689
14 54 152.02381
14 55 100.6439
14 56 156.22407
14 57 193.54199
14 58 145.37223
14 59 181.87065
14 60 152.12223
14 61 188.17663
14 62 195.28276
14 63 172.36209
14 64 123.20325
14 65 133.8735
14 66 168.073
14 67 115.92197
14 68 161.05728
14 69 149.20966
14 70 154.02351
14 71 122.35853
14 72 100.69655
14 73 177.243
14 74 103.22952
14 75 100.78973
14 76 172.27256
14 77 130.49524
14 78 136.50244
14 79 177.61797
14 80 138.438
14 81 103.26361
14 82 101.19068
14 83 139.13195
14 84 137.5926
14 85 193.79781
14 86 163.12118
14 87 152.74365
14 88 183.9316
14 89 133.48988
14 90 112.10794
14 91 143.26582
14 92 149.56327
14 93 181.49152
14 94 177.52864
14 95 165.79772
14 96 135.80146
14 97 114.18313
14 98 159.34483
14 99 143.34292
15 16 106.54588
15 17 186.68466
15 18 190.4984
15 19 116.29324
15 20 114.002
15 21 116.35462
15 22 181.88304
15 23 189.47783
15 24 137.36998
15 25 184.6268
15 26 175.17628
15 27 145.64309
15 28 145.54811
15 29 117.60149
15 30 106.31285
15 31 124.30713
15 32 166.23452
15 33 142.01666
15 34 100.12238
15 35 199.74694
15 36 132.43458
15 37 105.18092
15 38 126.42396
15 39 131.228
15 40 106.94748
15 41 193.85541
15 42 198.8871
15 43 133.90672
15 44 114.7682
15 45 196.92847
15 46 195.40329
15 47 120.01571
15 48 113.13446
15 49 120.09543
15 50 189.35328
15 51 190.53363
15 52 124.74914
15 53 131.49208
15 54 173.96859
15 55 197.73291
15 56 180.28391
15 57 111.54216
15 58 151.3404
15 59 166.17597
15 60 167.57205
15 61 111.08478
15 62 115.74522
15 63 158.04809
15 64 100.32023
15 65 180.38601
15 66 174.0334
15 67 124.95657
15 68 165.36746
15 69 103.82758
15 70 191.21889
15 71 182.57186
15 72 159.30292
15 73 155.23744
15 74 167.00278
15 75 167.49089
15 76 107.8086
15 77 158.32797
15 78 164.68839
15 79 182.57244
15 80 135.44995
15 81 167.38658
15 82 183.64369
15 83 103.805
15 84 133.3748
15 85 191.92249
15 86 126.76632
15 87 108.89971
15 88 134.79657
15 89 135.30247
15 90 159.30684
15 91 151.80498
15 92 198.50159
15 93 175.87421
15 94 148.6529
15 95 182.42176
15 96 149.02573
15 97 121.09223
15 98 124.55332
15 99 173.65139
16 17 132.03835
16 18 100.6914
16 19 148.61759
16 20 140.80874
16 21 111.58308
16 22 102.56756
16 23 198.83641
16 24 140.97351
16 25 157.69289
16 26 104.38093
16 27 189.17067
16 28 164.82603
16 29 107.24191
16 30 154.81449
16 31 186.00468
16 32 113.05579
16 33 117.63511
16 34 119.24574
16 35 138.30083
16 36 174.72562
16 37 115.07163
16 38 142.23668
16 39 152.66714
16 40 154.67158
16 41 135.14744
16 42 149.43216
16 43 180.84335
16 44 147.94102
16 45 110.26249
16 46 141.73417
16 47 185.4714
16 48 117.48998
16 49 169.30091
16 50 127.92939
16 51 161.20516
16 52 183.16246
16 53 120.77133
16 54 101.07942
16 55 160.70575
16 56 131.04742
16 57 108.4092
16 58 149.42562
16 59 153.72444
16 60 139.30557
16 61 156.73434
16 62 169.54688
16 63 165.09586
16 64 163.66219
16 65 147.95766
16 66 108.09162
16 67 162.79587
16 68 101.50097
16 69 121.69778
16 70 191.93742
16 71 128.00102
16 72 198.15836
16 73 111.56434
16 74 187.72678
16 75 172.88772
16 76 124.52347
16 77 117.51207
16 78 188.7862
16 79 177.58534
16 80 131.21451
16 81 117.08887
16 82 117.85707
16 83 133.86223
16 84 166.00374
16 85 169.10668
16 86 186.40345
16 87 156.34418
16 88 169.18626
16 89 121.44751
16 90 193.00895
16 91 126.09258
16 92 143.344
16 93 178.37329
16 94 101.02295
16 95 149.28955
16 96 138.42786
16 97 122.11028
16 98 132.00063
16 99 134.35083
17 18 159.69789
17 19 110.89022
17 20 144.37295
17 21 167.97871
17 22 150.23954
17 23 100.01414
17 24 185.46413
17 25 191.96014
17 26 120.35044
17 27 111.65079
17 28 117.06864
17 29 152.46478
17 30 103.83941
17 31 166.22619
17 32 178.62837
17 33 103.04001
17 34 199.92831
17 35 175.23381
17 36 193.00827
17 37 102.78931
17 38 154.10836
17 39 176.22505
17 40 156.16779
17 41 191.20003
17 42 146.28674
17 43 182.43725
17 44 115.81965
17 45 149.66647
17 46 167.75692
17 47 176.26576
17 48 147.73879
17 49 160.72429
17 50 180.07267
17 51 109.16181
17 52 104.52963
17 53 169.72895
17 54 136.92655
17 55 127.20188
17 56 104.54202
17 57 149.34316
17 58 126.86788
17 59 167.86886
17 60 146.82319
17 61 104.80193
17 62 104.2823
17 63 190.59532
17 64 104.29604
17 65 156.22277
17 66 194.1477
17 67 196.78943
17 68 150.18843
17 69 119.78456
17 70 120.53904
17 71 143.47218
17 72 103.71106
17 73 108.76355
17 74 187.05518
17 75 179.95828
17 76 165.69097
17 77 136.8036
17 78 151.42545
17 79 130.48343
17 80 184.67479
17 81 189.70529
17 82 177.97519
17 83 141.22175
17 84 144.15548
17 85 159.17817
17 86 189.72888
17 87 127.74641
17 88 191.02278
17 89 199.91655
17 90 186.44371
17 91 177.04392
17 92 194.91909
17 93 122.98908
17 94 137.38724
17 95 167.89623
17 96 125.96863
17 97 156.3216
17 98 159.08409
17 99 182.11109
18 19 166.27906
18 20 185.19166
18 21 191.59876
18 22 101.58084
18 23 182.90558
18 24 199.63929
18 25 130.41792
18 26 112.3973
18 27 161.90974
18 28 192.6722
18 29 175.91302
18 30 171.33148
18 31 109.90556
18 32 161.28758
18 33 114.70942
18 34 135.06139
18 35 173.91317
18 36 160.50417
18 37 132.91762
18 38 152.79805
18 39 178.51427
18 40 196.53844
18 41 153.14976
18 42 139.59824
18 43 178.665
18 44 118.20336
18 45 154.84025
18 46 155.33731
18 47 108.81698
18 48 179.64026
18 49 114.692
18 50 152.88821
18 51 142.87997
18 52 147.05648
18 53 137.26335
18 54 140.77545
18 55 190.63059
18 56 118.58802
18 57 122.68328
18 58 151.43241
18 59 180.9745
18 60 164.45554
18 61 170.98994
18 62 156.66822
18 63 130.50592
18 64 123.10715
18 65 116.2059
18 66 131.79941
18 67 137.92825
18 68 172.81871
18 69 168.55179
18 70 123.09061
18 71 127.07078
18 72 192.04616
18 73 173.43574
18 74 164.98414
18 75 149.96783
18 76 127.57258
18 77 179.83249
18 78 199.76802
18 79 176.27536
18 80 177.81201
18 81 195.57334
18 82 113.12307
18 83 199.39879
18 84 124.95617
18 85 163.93839
18 86 156.72034
18 87 128.27307
18 88 178.49923
18 89 144.76549
18 90 178.65166
18 91 186.51482
18 92 189.40883
18 93 121.97
18 94 111.20208
18 95 139.2687
18 96 141.6979
18 97 152.822
18 98 177.29792
18 99 161.67377
19 20 155.54377
19 21 105.3647
19 22 169.53579
19 23 121.59698
19 24 144.87527
19 25 152.50867
19 26 114.21335
19 27 117.18743
19 28 191.93763
19 29 198.1786
19 30 192.47919
19 31 130.28774
19 32 135.48451
19 33 199.10197
19 34 120.04757
19 35 176.96048
19 36 161.50394
19 37 161.05407
19 38 177.00864
19 39 167.31784
19 40 136.16272
19 41 189.78805
19 42 122.44774
19 43 150.56899
19 44 184.07708
19 45 115.55475
19 46 134.33383
19 47 159.17617
19 48 140.52238
19 49 116.38019
19 50 112.70153
19 51 192.55955
19 52 118.25232
19 53 191.01413
19 54 106.23733
19 55 123.02474
19 56 132.10478
19 57 173.84571
19 58 155.09807
19 59 170.77685
19 60 119.26119
19 61 191.18127
19 62 104.63766
19 63 131.32503
19 64 182.4188
19 65 122.43215
19 66 185.95483
19 67 189.41661
19 68 145.79493
19 69 165.06596
19 70 167.58073
19 71 172.09855
19 72 156.41715
19 73 199.58986
19 74 177.28983
19 75 121.7275
19 76 112.59158
19 77 193.48374
19 78 112.94831
19 79 112.275
19 80 146.97218
19 81 143.77915
19 82 146.19897
19 83 100.50516
19 84 112.28667
19 85 113.35302
19 86 111.68423
19 87 140.36055
19 88 167.50162
19 89 193.78663
19 90 196.13164
19 91 114.45263
19 92 195.59552
19 93 193.83977
19 94 185.55981
19 95 190.70817
19 96 126.56757
19 97 192.38726
19 98 161.47264
19 99 113.27818
20 21 191.76536
20 22 153.52136
20 23 143.64801
20 24 156.59286
20 25 192.0738
20 26 105.06892
20 27 190.47667
20 28 173.25001
20 29 188.75562
20 30 100.79625
20 31 149.67589
20 32 173.82148
20 33 199.27408
20 34 183.69944
20 35 157.85242
20 36 109.18994
20 37 178.99543
20 38 157.98636
20 39 118.28277
20 40 128.11664
20 41 186.30587
20 42 136.70423
20 43 168.88565
20 44 116.6391
20 45 174.47945
20 46 120.05027
20 47 145.88133
20 48 162.76499
20 49 116.41903
20 50 171.07088
20 51 167.6203
20 52 157.34678
20 53 106.87408
20 54 143.71064
20 55 159.29125
20 56 126.93149
20 57 142.62465
20 58 173.03182
20 59 196.49632
20 60 116.39757
20 61 198.08603
20 62 190.12359
20 63 147.25977
20 64 191.86149
20 65 167.78762
20 66 104.28687
20 67 164.79204
20 68 107.33463
20 69 161.6578
20 70 185.77432
20 71 127.71401
20 72 121.02841
20 73 184.40135
20 74 148.33886
20 75 130.81223
20 76 173.61892
20 77 189.02056
20 78 143.45631
20 79 140.87881
20 80 139.57596
20 81 163.15171
20 82 171.19036
20 83 108.94156
20 84 111.04555
20 85 136.09438
20 86 104.99304
20 87 195.53474
20 88 137.06723
20 89 164.86763
20 90 172.56532
20 91 120.0415
20 92 138.28646
20 93 175.20251
20 94 139.6699
20 95 160.98662
20 96 108.90279
20 97 182.28276
20 98 137.28608
20 99 162.71429
21 22 183.6907
21 23 115.0728
21 24 193.69634
21 25 187.65848
21 26 110.07035
21 27 157.06707
21 28 131.09476
21 29 176.66093
21 30 125.83006
21 31 156.46555
21 32 144.62611
21 33 123.74826
21 34 106.77994
21 35 136.53484
21 36 139.70611
21 37 137.07853
21 38 165.6664
21 39 156.36112
21 40 102.6833
21 41 156.70185
21 42 124.73546
21 43 120.09015
21 44 154.95537
21 45 119.97431
21 46 126.75073
21 47 105.18767
21 48 162.48583
21 49 196.27975
21 50 142.85057
21 51 172.10513
21 52 164.12008
21 53 136.29605
21 54 186.09079
21 55 163.72534
21 56 155.93444
21 57 183.22699
21 58 126.84854
21 59 154.92647
21 60 166.97188
21 61 122.94783
21 62 193.20507
21 63 190.38835
21 64 119.72779
21 65 108.01501
21 66 107.69666
21 67 147.66161
21 68 175.27632
21 69 174.67065
21 70 164.38981
21 71 106.72668
21 72 157.88957
21 73 188.18795
21 74 184.25701
21 75 181.54112
21 76 150.94004
21 77 125.90737
21 78 113.6091
21 79 152.69414
21 80 179.20957
21 81 155.92702
21 82 192.37497
21 83 170.48782
21 84 119.89961
21 85 138.65995
21 86 102.91451
21 87 110.12483
21 88 188.46452
21 89 173.81382
21 90 125.63891
21 91 110.23769
21 92 193.60602
21 93 131.63439
21 94 120.64251
21 95 116.43377
21 96 100.15574
21 97 168.08496
21 98 122.81825
21 99 156.49623
22 23 138.36983
22 24 195.11231
22 25 172.06748
22 26 197.90515
22 27 170.55861
22 28 136.49365
22 29 128.9063
22 30 171.69939
22 31 187.99655
22 32 141.39097
22 33 147.06395
22 34 157.60546
22 35 176.85925
22 36 114.60906
22 37 167.38093
22 38 120.98169
22 39 102.78501
22 40 127.2523
22 41 192.322
22 42 172.60489
22 43 129.8546
22 44 178.25678
22 45 118.48123
22 46 162.06587
22 47 140.8499
22 48 113.60115
22 49 142.43509
22 50 115.66368
22 51 162.31859
22 52 180.53739
22 53 167.01758
22 54 181.77739
22 55 178.43144
22 56 184.81919
22 57 172.43041
22 58 196.89369
22 59 122.44235
22 60 188.30133
22 61 157.81219
22 62 105.70368
22 63 132.78069
22 64 134.54546
22 65 164.93918
22 66 101.12589
22 67 165.56076
22 68 134.22301
22 69 164.88294
22 70 151.94536
22 71 189.43462
22 72 198.8406
22 73 138.15025
22 74 131.51448
22 75 123.51808
22 76 128.90677
22 77 112.09215
22 78 146.92461
22 79 141.57687
22 80 171.18143
22 81 141.19793
22 82 174.65079
22 83 172.39657
22 84 167.89569
22 85 167.19071
22 86 158.12111
22 87 143.28606
22 88 175.64398
22 89 175.05428
22 90 133.02955
22 91 180.73029
22 92 182.58413
22 93 114.58536
22 94 121.21392
22 95 160.65764
22 96 196.71537
22 97 120.85056
22 98 160.55153
22 99 182.85346
23 24 147.2746
23 25 107.02095
23 26 123.71204
23 27 175.12842
23 28 151.70728
23 29 103.09381
23 30 183.00943
23 31 140.01126
23 32 163.06664
23 33 184.964
23 34 107.37966
23 35 164.46817
23 36 165.16041
23 37 147.18017
23 38 126.75164
23 39 163.3996
23 40 131.75383
23 41 172.11879
23 42 156.84829
23 43 124.81953
23 44 165.66763
23 45 150.14142
23 46 165.33747
23 47 175.71135
23 48 105.01183
23 49 157.93301
23 50 172.67321
23 51 148.48606
23 52 190.17833
23 53 136.88089
23 54 149.9565
23 55 121.18176
23 56 143.81534
23 57 189.33477
23 58 123.83477
23 59 133.7475
23 60 177.00135
23 61 114.80228
23 62 150.81808
23 63 184.77146
23 64 135.5418
23 65 141.08847
23 66 187.56127
23 67 104.4054
23 68 199.4897
23 69 192.61695
23 70 164.12556
23 71 109.8826
23 72 160.37175
23 73 110.77427
23 74 175.20295
23 75 131.73303
23 76 194.26663
23 77 167.28373
23 78 183.34347
23 79 143.13669
23 80 148.48893
23 81 178.5518
23 82 183.33236
23 83 121.60632
23 84 167.80705
23 85 124.32757
23 86 158.88851
23 87 107.39648
23 88 156.71237
23 89 146.51995
23 90 125.22011
23 91 114.6882
23 92 126.03589
23 93 104.00424
23 94 131.62925
23 95 127.45853
23 96 159.01699
23 97 167.47532
23 98 199.2391
23 99 128.04586
24 25 148.9406
24 26 165.18129
24 27 116.80731
24 28 140.78971
24 29 134.50172
24 30 109.59218
24 31 126.23627
24 32 147.6051
24 33 154.58217
24 34 189.15506
24 35 141.39692
24 36 113.51702
24 37 143.08926
24 38 170.08265
24 39 182.59219
24 40 102.83634
24 41 163.99519
24 42 166.20651
24 43 171.58365
24 44 199.32616
24 45 129.61378
24 46 189.25046
24 47 138.97486
24 48 121.59344
24 49 171.54415
24 50 123.03872
24 51 120.71393
24 52 165.46985
24 53 118.96077
24 54 179.67489
24 55 127.08214
24 56 149.45984
24 57 144.9824
24 58 127.48411
24 59 166.3327
24 60 168.56158
24 61 129.23072
24 62 168.61272
24 63 172.30533
24 64 110.99908
24 65 132.83541
24 66 120.78657
24 67 190.96338
24 68 111.39739
24 69 149.64454
24 70 137.28503
24 71 118.85349
24 72 142.92386
24 73 114.85352
24 74 122.14125
24 75 113.57616
24 76 185.83612
24 77 176.29097
24 78 169.92845
24 79 112.89475
24 80 170.7763
24 81 147.21394
24 82 175.277
24 83 159.56414
24 84 182.09371
24 85 104.96523
24 86 109.21651
24 87 172.38907
24 88 191.78437
24 89 162.94724
24 90 139.93922
24 91 159.81203
24 92 140.1016
24 93 124.82595
24 94 153.8566
24 95 199.01635
24 96 153.17898
24 97 155.54788
24 98 170.35172
24 99 123.49308
25 26 169.03053
25 27 160.13607
25 28 178.45517
25 29 139.92964
25 30 104.5069
25 31 110.64088
25 32 188.4418
25 33 112.05912
25 34 152.43331
25 35 186.27437
25 36 136.39984
25 37 199.63367
25 38 166.05077
25 39 162.57998
25 40 105.43649
25 41 147.31047
25 42 192.50909
25 43 159.69754
25 44 160.08096
25 45 134.60166
25 46 198.77715
25 47 192.12729
25 48 142.38056
25 49 107.69109
25 50 122.96716
25 51 186.12011
25 52 119.44025
25 53 140.55438
25 54 174.95635
25 55 123.85546
25 56 132.57217
25 57 101.06227
25 58 169.18888
25 59 178.17539
25 60 197.79824
25 61 185.96672
25 62 163.2107
25 63 154.29614
25 64 148.90984
25 65 102.35394
25 66 134.9569
25 67 143.38173
25 68 140.4439
25 69 126.76576
25 70 139.89489
25 71 193.71932
25 72 163.4006
25 73 177.0727
25 74 158.93866
25 75 121.20279
25 76 116.82557
25 77 180.74102
25 78 172.96391
25 79 129.70466
25 80 116.61436
25 81 162.37443
25 82 139.59309
25 83 118.05365
25 84 104.44807
25 85 170.04004
25 86 112.68221
25 87 183.60616
25 88 150.48981
25 89 127.56206
25 90 172.45089
25 91 196.33099
25 92 101.34958
25 93 187.8331
25 94 178.90279
25 95 173.72416
25 96 178.76733
25 97 162.82172
25 98 184.99366
25 99 196.70297
26 27 108.82915
26 28 169.27303
26 29 179.31456
26 30 111.5085
26 31 167.91274
26 32 110.62935
26 33 196.31488
26 34 171.53744
26 35 129.30801
26 36 179.88251
26 37 127.23135
26 38 156.52057
26 39 103.76392
26 40 167.76552
26 41 128.42221
26 42 144.62016
26 43 145.7302
26 44 187.06696
26 45 161.26579
26 46 165.61305
26 47 185.86542
26 48 154.6393
26 49 177.25956
26 50 180.13372
26 51 179.46208
26 52 140.46489
26 53 161.34985
26 54 172.44649
26 55 154.19027
26 56 106.42062
26 57 113.06392
26 58 183.08401
26 59 158.08874
26 60 132.14128
26 61 116.35075
26 62 120.91444
26 63 135.2046
26 64 118.09681
26 65 116.09395
26 66 109.16096
26 67 127.26084
26 68 186.8922
26 69 173.46378
26 70 189.49066
26 71 125.61488
26 72 134.28854
26 73 115.50253
26 74 197.44262
26 75 112.64155
26 76 122.05856
26 77 198.01696
26 78 182.03011
26 79 133.63368
26 80 131.27153
26 81 117.67055
26 82 168.8073
26 83 181.71114
26 84 196.7301
26 85 143.50355
26 86 116.8616
26 87 131.63018
26 88 167.6648
26 89 175.2718
26 90 139.92944
26 91 177.49483
26 92 123.99549
26 93 157.61425
26 94 162.60544
26 95 124.8975
26 96 107.91531
26 97 132.29174
26 98 171.18738
26 99 148.2476
27 28 147.23249
27 29 142.45059
27 30 171.60353
27 31 102.26449
27 32 138.80231
27 33 135.75629
27 34 198.58242
27 35 146.00656
27 36 196.2389
27 37 186.45557
27 38 120.53891
27 39 137.76196
27 40 181.23041
27 41 166.94659
27 42 122.55281
27 43 189.49281
27 44 185.37129
27 45 144.79571
27 46 154.70678
27 47 178.97583
27 48 174.61838
27 49 102.9878
27 50 196.73924
27 51 114.76242
27 52 158.60509
27 53 159.19966
27 54 112.63845
27 55 182.57199
27 56 104.68394
27 57 168.96889
27 58 165.26227
27 59 120.86632
27 60 161.84365
27 61 188.601
27 62 120.36699
27 63 144.85038
27 64 103.33362
27 65 128.98784
27 66 179.16324
27 67 128.59543
27 68 141.30447
27 69 143.56714
27 70 199.30138
27 71 124.5686
27 72 142.13452
27 73 164.22893
27 74 128.15508
27 75 148.42332
27 76 154.57411
27 77 132.39098
27 78 103.51881
27 79 138.35955
27 80 159.55288
27 81 128.88474
27 82 117.68223
27 83 121.58811
27 84 145.99222
27 85 148.71364
27 86 128.53692
27 87 197.92227
27 88 152.43494
27 89 196.08336
27 90 120.53036
27 91 196.82968
27 92 121.80336
27 93 197.84738
27 94 136.30851
27 95 155.7242
27 96 139.30252
27 97 151.34381
27 98 132.17379
27 99 147.56719
28 29 167.58398
28 30 181.51586
28 31 164.75201
28 32 177.79817
28 33 177.75267
28 34 112.08562
28 35 189.377
28 36 162.7151
28 37 135.28927
28 38 111.14316
28 39 192.73772
28 40 169.04553
28 41 143.23741
28 42 146.53553
28 43 125.02925
28 44 160.77231
28 45 192.91272
28 46 170.31994
28 47 117.95089
28 48 199.2175
28 49 142.86516
28 50 166.6888
28 51 112.17035
28 52 186.39491
28 53 130.76135
28 54 151.60912
28 55 192.23247
28 56 127.37791
28 57 188.09119
28 58 166.0793
28 59 120.50119
28 60 172.35719
28 61 140.41564
28 62 159.30122
28 63 179.97029
28 64 171.32883
28 65 139.3908
28 66 110.904
28 67 166.39518
28 68 151.65226
28 69 188.72013
28 70 153.20845
28 71 148.8892
28 72 116.99737
28 73 179.42975
28 74 178.38232
28 75 193.41791
28 76 199.17948
28 77 119.66331
28 78 146.60622
28 79 115.54053
28 80 184.33259
28 81 118.7245
28 82 188.99753
28 83 112.33428
28 84 160.99097
28 85 115.25978
28 86 163.86557
28 87 141.46741
28 88 192.8304
28 89 127.64339
28 90 186.96229
28 91 173.76308
28 92 199.55669
28 93 171.86168
28 94 113.01682
28 95 172.46719
28 96 190.99598
28 97 153.06261
28 98 170.27589
28 99 184.93048
29 30 160.1904
29 31 183.52505
29 32 147.42853
29 33 199.69593
29 34 155.20475
29 35 168.02878
29 36 182.32087
29 37 179.62271
29 38 182.68786
29 39 115.45765
29 40 180.74715
29 41 122.71377
29 42 182.89487
29 43 119.21523
29 44 165.28
29 45 181.98527
29 46 192.09376
29 47 150.80558
29 48 107.31883
29 49 190.43195
29 50 107.34724
29 51 139.79645
29 52 148.9752
29 53 180.83343
29 54 127.95081
29 55 125.76057
29 56 189.17464
29 57 129.73677
29 58 123.8584
29 59 121.66043
29 60 105.51297
29 61 196.39232
29 62 138.03103
29 63 177.01495
29 64 196.42182
29 65 161.72712
29 66 195.25556
29 67 156.55081
29 68 136.0906
29 69 170.67754
29 70 108.94514
29 71 129.96161
29 72 147.0812
29 73 152.75245
29 74 164.61571
29 75 155.17105
29 76 116.05328
29 77 112.452
29 78 172.31611
29 79 112.20308
29 80 189.27821
29 81 101.82035
29 82 135.09541
29 83 178.56369
29 84 125.98514
29 85 192.60746
29 86 176.01556
29 87 153.22518
29 88 156.26036
29 89 169.4136
29 90 153.01917
29 91 101.98142
29 92 130.7229
29 93 106.81875
29 94 145.28075
29 95 189.47797
29 96 122.36391
29 97 116.89521
29 98 188.50704
29 99 157.95247
30 31 131.37977
30 32 164.63628
30 33 172.51493
30 34 143.94237
30 35 107.97596
30 36 149.22076
30 37 156.10468
30 38 139.2487
30 39 167.09355
30 40 168.89888
30 41 117.7029
30 42 185.69032
30 43 125.57806
30 44 184.65551
30 45 105.00255
30 46 198.74343
30 47 111.84719
30 48 178.05259
30 49 110.88538
30 50 143.28942
30 51 176.15186
30 52 185.87255
30 53 142.58175
30 54 152.33316
30 55 175.69999
30 56 111.01687
30 57 192.8165
30 58 123.56076
30 59 121.92196
30 60 186.8925
30 61 165.95138
30 62 116.77644
30 63 148.60926
30 64 179.34268
30 65 131.17221
30 66 125.66085
30 67 110.06637
30 68 171.12658
30 69 150.92539
30 70 148.60264
30 71 139.93638
30 72 182.39737
30 73 182.11467
30 74 197.53252
30 75 114.6641
30 76 137.92578
30 77 166.39257
30 78 173.93077
30 79 137.41831
30 80 171.55294
30 81 136.41448
30 82 172.45752
30 83 171.93336
30 84 110.8582
30 85 174.5265
30 86 117.34446
30 87 108.207
30 88 125.83158
30 89 153.31446
30 90 130.03152
30 91 143.36485
30 92 136.18958
30 93 175.14492
30 94 104.02955
30 95 167.69868
30 96 100.65076
30 97 108.84064
30 98 144.74384
30 99 133.52695
31 32 107.10921
31 33 183.93978
31 34 101.88227
31 35 146.21225
31 36 124.56599
31 37 155.77264
31 38 190.51617
31 39 146.44355
31 40 138.27555
31 41 101.40371
31 42 169.47285
31 43 181.13878
31 44 139.56286
31 45 131.96487
31 46 107.48403
31 47 142.23194
31 48 196.09543
31 49 171.67176
31 50 143.94031
31 51 132.87637
31 52 189.52521
31 53 193.77525
31 54 140.72624
31 55 188.07908
31 56 166.9978
31 57 108.54249
31 58 192.80443
31 59 106.40943
31 60 176.36259
31 61 119.34329
31 62 106.61849
31 63 180.57491
31 64 129.18049
31 65 103.84397
31 66 113.00319
31 67 149.39008
31 68 146.8058
31 69 121.37749
31 70 135.23783
31 71 120.71906
31 72 114.81112
31 73 162.9985
31 74 150.58577
31 75 196.89531
31 76 101.39954
31 77 147.1423
31 78 145.93562
31 79 101.44209
31 80 123.67226
31 81 101.12078
31 82 103.76989
31 83 158.92491
31 84 182.61343
31 85 121.42631
31 86 184.46586
31 87 118.70343
31 88 136.26523
31 89 181.07068
31 90 177.48695
31 91 118.2237
31 92 149.65564
31 93 162.34945
31 94 145.08777
31 95 118.29495
31 96 101.60111
31 97 170.57391
31 98 120.43011
31 99 105.84837
32 33 178.00067
32 34 127.35491
32 35 157.58075
32 36 170.50595
32 37 149.46478
32 38 151.24436
32 39 192.32761
32 40 168.75856
32 41 198.41542
32 42 150.92195
32 43 160.53375
32 44 122.36114
32 45 164.8423
32 46 170.43666
32 47 103.77662
32 48 116.46211
32 49 156.29503
32 50 114.75203
32 51 183.55832
32 52 187.60446
32 53 177.12961
32 54 168.77197
32 55 156.76402
32 56 198.80432
32 57 116.64928
32 58 153.12168
32 59 148.05693
32 60 191.0216
32 61 117.06259
32 62 176.06405
32 63 162.21381
32 64 162.25433
32 65 112.17766
32 66 138.47319
32 67 110.00771
32 68 115.68749
32 69 135.18471
32 70 129.12728
32 71 100.57132
32 72 134.85914
32 73 143.97297
32 74 153.64782
32 75 134.49783
32 76 104.29864
32 77 123.42189
32 78 153.01802
32 79 182.77125
32 80 193.45931
32 81 161.23549
32 82 158.11355
32 83 110.09445
32 84 103.1494
32 85 153.39997
32 86 109.02614
32 87 170.16928
32 88 195.3471
32 89 160.70626
32 90 148.63257
32 91 142.21702
32 92 192.95025
32 93 161.68412
32 94 106.73074
32 95 122.83106
32 96 176.63827
32 97 119.08331
32 98 119.73375
32 99 100.31554
33 34 197.16608
33 35 137.1436
33 36 160.40321
33 37 168.0227
33 38 141.63976
33 39 133.87909
33 40 147.62544
33 41 175.73122
33 42 196.77455
33 43 144.78388
33 44 152.01055
33 45 104.3647
33 46 145.33199
33 47 179.26302
33 48 113.32152
33 49 167.84881
33 50 108.50081
33 51 149.9815
33 52 162.76318
33 53 167.8145
33 54 155.9665
33 55 125.25217
33 56 150.35013
33 57 153.82381
33 58 103.43055
33 59 129.39104
33 60 188.14626
33 61 131.49718
33 62 145.71091
33 63 110.66841
33 64 153.21281
33 65 150.25805
33 66 167.53515
33 67 115.03374
33 68 144.87171
33 69 192.73841
33 70 165.1013
33 71 134.84988
33 72 167.65803
33 73 172.07907
33 74 148.81666
33 75 115.39677
33 76 169.33624
33 77 116.75213
33 78 151.43874
33 79 105.33509
33 80 195.267
33 81 154.05445
33 82 138.89165
33 83 121.61402
33 84 124.78449
33 85 140.61682
33 86 121.0297
33 87 139.89457
33 88 147.22367
33 89 132.03742
33 90 198.87486
33 91 173.8039
33 92 102.16756
33 93 163.59606
33 94 163.13277
33 95 154.46226
33 96 113.24
33 97 133.68151
33 98 164.62038
33 99 176.38689
34 35 125.32862
34 36 125.05906
34 37 173.35715
34 38 104.14583
34 39 168.30895
34 40 178.94799
34 41 172.23892
34 42 160.88388
34 43 175.13582
34 44 131.19231
34 45 156.28879
34 46 184.078
34 47 192.54424
34 48 129.15379
34 49 111.91407
34 50 113.47492
34 51 109.39746
34 52 115.04284
34 53 189.78254
34 54 177.7365
34 55 169.33338
34 56 170.46089
34 57 130.82712
34 58 105.20634
34 59 193.90965
34 60 182.19747
34 61 130.24572
34 62 120.0587
34 63 197.26936
34 64 168.23641
34 65 167.25583
34 66 185.9292
34 67 183.77082
34 68 125.80014
34 69 121.59879
34 70 165.8085
34 71 176.36624
34 72 166.28373
34 73 100.23547
34 74 158.94107
34 75 131.80562
34 76 146.55095
34 77 173.55081
34 78 199.0047
34 79 113.11552
34 80 169.67369
34 81 195.48057
34 82 147.2015
34 83 199.82453
34 84 133.40504
34 85 121.50266
34 86 143.51603
34 87 154.80388
34 88 130.34132
34 89 178.78254
34 90 167.90579
34 91 199.75669
34 92 117.42315
34 93 106.16596
34 94 186.1176
34 95 144.52568
34 96 122.54895
34 97 140.00834
34 98 120.15164
34 99 117.53476
35 36 197.87615
35 37 129.85588
35 38 129.48571
35 39 103.15468
35 40 192.68634
35 41 134.62279
35 42 151.6339
35 43 143.40834
35 44 141.88226
35 45 118.27609
35 46 136.1874
35 47 178.57318
35 48 120.29487
35 49 121.93216
35 50 134.06264
35 51 170.98151
35 52 164.23673
35 53 155.82115
35 54 113.45199
35 55 198.20711
35 56 101.73535
35 57 176.93212
35 58 198.70971
35 59 152.98616
35 60 128.00291
35 61 108.19479
35 62 149.19726
35 63 110.99022
35 64 158.4994
35 65 187.45982
35 66 197.00991
35 67 157.63657
35 68 149.16198
35 69 183.32925
35 70 115.38385
35 71 144.68596
35 72 112.7824
35 73 194.95622
35 74 128.92298
35 75 194.9158
35 76 198.11388
35 77 176.07342
35 78 177.76014
35 79 188.18215
35 80 196.24393
35 81 177.75749
35 82 131.15173
35 83 171.35017
35 84 198.35708
35 85 143.15436
35 86 176.1655
35 87 138.64325
35 88 151.21569
35 89 180.79365
35 90 135.46943
35 91 124.70721
35 92 150.25649
35 93 144.87843
35 94 124.0908
35 95 180.00524
35 96 129.21955
35 97 177.49791
35 98 143.92943
35 99 105.58028
36 37 175.77759
36 38 139.34896
36 39 100.02143
36 40 138.18367
36 41 147.25764
36 42 192.26101
36 43 159.47428
36 44 131.98455
36 45 163.52105
36 46 169.9027
36 47 157.37654
36 48 122.965
36 49 175.93216
36 50 191.49145
36 51 124.25678
36 52 180.82209
36 53 157.76145
36 54 197.28751
36 55 146.05962
36 56 123.11059
36 57 181.73223
36 58 132.47997
36 59 152.52577
36 60 173.67697
36 61 186.8181
36 62 112.86004
36 63 175.3111
36 64 113.73286
36 65 120.26644
36 66 109.72868
36 67 197.10649
36 68 116.12701
36 69 197.20286
36 70 144.81003
36 71 123.58294
36 72 144.70366
36 73 141.59856
36 74 136.90723
36 75 129.59368
36 76 194.28373
36 77 131.44929
36 78 135.75263
36 79 185.51526
36 80 160.55934
36 81 146.22069
36 82 111.70388
36 83 110.82103
36 84 143.40398
36 85 113.05085
36 86 145.82297
36 87 129.19617
36 88 134.68911
36 89 195.57533
36 90 131.56831
36 91 139.48566
36 92 140.05448
36 93 139.11386
36 94 156.27365
36 95 142.82265
36 96 171.64981
36 97 183.75898
36 98 174.58285
36 99 154.98436
37 38 101.68429
37 39 133.68546
37 40 100.60214
37 41 112.80231
37 42 165.65526
37 43 173.4592
37 44 149.98675
37 45 164.67368
37 46 190.22532
37 47 165.12958
37 48 135.41489
37 49 160.12481
37 50 123.02803
37 51 121.23463
37 52 138.7053
37 53 175.35621
37 54 197.74208
37 55 182.84538
37 56 163.95073
37 57 174.28948
37 58 168.39637
37 59 110.49882
37 60 109.20659
37 61 159.35146
37 62 196.50655
37 63 195.03015
37 64 154.40798
37 65 142.54367
37 66 118.19151
37 67 153.48628
37 68 103.26834
37 69 105.58364
37 70 195.09196
37 71 182.01354
37 72 165.38797
37 73 144.7086
37 74 127.08427
37 75 166.05252
37 76 113.08258
37 77 175.9131
37 78 180.5368
37 79 141.88883
37 80 118.54173
37 81 196.27978
37 82 170.9689
37 83 113.85452
37 84 156.31537
37 85 117.49483
37 86 157.9663
37 87 178.50085
37 88 104.24061
37 89 125.20057
37 90 144.91705
37 91 126.94618
37 92 132.43869
37 93 120.084
37 94 121.76656
37 95 113.26637
37 96 198.59699
37 97 168.19315
37 98 155.24647
37 99 113.60078
38 39 173.91136
38 40 164.66896
38 41 158.87407
38 42 170.74035
38 43 132.89478
38 44 137.19007
38 45 176.60251
38 46 128.81409
38 47 146.86176
38 48 144.67138
38 49 170.02064
38 50 177.11736
38 51 160.53524
38 52 130.16264
38 53 126.64036
38 54 157.78044
38 55 140.17719
38 56 171.64973
38 57 150.71341
38 58 189.36817
38 59 159.57646
38 60 109.23986
38 61 173.4867
38 62 107.79887
38 63 138.77554
38 64 177.01347
38 65 157.32082
38 66 112.55969
38 67 119.49578
38 68 106.87822
38 69 150.94326
38 70 108.70139
38 71 111.13893
38 72 158.83729
38 73 124.04517
38 74 137.70964
38 75 112.46291
38 76 143.45791
38 77 183.29407
38 78 171.3274
38 79 100.27961
38 80 167.60823
38 81 190.252
38 82 132.38422
38 83 197.20568
38 84 152.06966
38 85 122.02089
38 86 179.69484
38 87 161.603
38 88 141.32707
38 89 181.59676
38 90 100.94055
38 91 118.78124
38 92 184.53713
38 93 188.66843
38 94 182.72813
38 95 167.43023
38 96 125.88632
38 97 157.58013
38 98 109.62214
38 99 185.36915
39 40 152.92788
39 41 107.08368
39 42 134.955
39 43 191.20993
39 44 104.72394
39 45 178.35044
39 46 105.18735
39 47 184.63233
39 48 148.1331
39 49 129.09774
39 50 117.61553
39 51 120.46487
39 52 147.38353
39 53 164.69538
39 54 114.66915
39 55 169.52468
39 56 197.49649
39 57 167.04278
39 58 133.25474
39 59 150.51857
39 60 150.24049
39 61 178.35823
39 62 196.49969
39 63 199.17509
39 64 109.33855
39 65 131.3843
39 66 190.90678
39 67 111.50105
39 68 126.38985
39 69 125.29052
39 70 117.62459
39 71 165.45697
39 72 149.60269
39 73 128.43927
39 74 112.82203
39 75 106.13241
39 76 114.87837
39 77 129.31438
39 78 197.24135
39 79 170.66488
39 80 179.97659
39 81 180.64347
39 82 115.42463
39 83 184.37489
39 84 122.50622
39 85 159.8311
39 86 163.42081
39 87 131.2661
39 88 106.96505
39 89 187.92479
39 90 106.73287
39 91 166.33593
39 92 108.97193
39 93 187.07809
39 94 152.15046
39 95 153.70893
39 96 111.18512
39 97 115.7135
39 98 103.67639
39 99 120.75596
40 41 101.23691
40 42 120.74807
40 43 135.68026
40 44 118.92197
40 45 198.20584
40 46 132.18698
40 47 132.75955
40 48 185.97773
40 49 117.00229
40 50 183.39439
40 51 184.74214
40 52 185.1847
40 53 159.30985
40 54 196.44626
40 55 107.35798
40 56 148.49318
40 57 105.95776
40 58 180.47662
40 59 123.25689
40 60 119.1322
40 61 147.66893
40 62 189.58181
40 63 103.5561
40 64 177.25643
40 65 145.28556
40 66 117.90122
40 67 176.72789
40 68 106.34278
40 69 128.3089
40 70 151.89939
40 71 136.98177
40 72 127.64524
40 73 177.24653
40 74 156.72115
40 75 141.13193
40 76 178.91472
40 77 179.92096
40 78 157.82625
40 79 171.37236
40 80 138.60714
40 81 172.89587
40 82 184.41804
40 83 170.8577
40 84 150.85758
40 85 170.09127
40 86 124.63996
40 87 169.05244
40 88 172.73696
40 89 103.04841
40 90 120.05424
40 91 183.38738
40 92 180.54762
40 93 148.60719
40 94 199.05796
40 95 170.32226
40 96 171.00138
40 97 163.43069
40 98 123.9543
40 99 166.71084
41 42 110.17141
41 43 178.85025
41 44 109.06656
41 45 111.36999
41 46 116.73119
41 47 195.29843
41 48 198.08123
41 49 119.7735
41 50 193.10655
41 51 133.04681
41 52 190.3091
41 53 156.60475
41 54 187.39393
41 55 142.41861
41 56 183.51451
41 57 111.79603
41 58 125.04031
41 59 197.80822
41 60 183.62575
41 61 139.37368
41 62 160.89049
41 63 180.19602
41 64 109.27466
41 65 191.20016
41 66 109.8948
41 67 156.90294
41 68 157.57863
41 69 113.47064
41 70 137.19176
41 71 115.17139
41 72 192.63144
41 73 172.12532
41 74 103.17478
41 75 112.5422
41 76 124.51882
41 77 169.94321
41 78 175.90395
41 79 143.56789
41 80 103.01867
41 81 135.82383
41 82 193.00223
41 83 123.03866
41 84 119.4812
41 85 106.99915
41 86 181.09626
41 87 126.68838
41 88 113.35651
41 89 132.93723
41 90 124.43587
41 91 139.50006
41 92 107.47747
41 93 135.96921
41 94 190.96415
41 95 182.1307
41 96 133.11097
41 97 136.28196
41 98 195.403
41 99 176.66684
42 43 117.75374
42 44 163.81377
42 45 118.08917
42 46 129.74842
42 47 136.19061
42 48 123.17605
42 49 163.86559
42 50 119.70921
42 51 142.23286
42 52 129.44122
42 53 100.38832
42 54 156.55121
42 55 143.89005
42 56 140.12582
42 57 104.83173
42 58 104.82039
42 59 122.78543
42 60 157.1647
42 61 179.98682
42 62 127.17491
42 63 192.56335
42 64 190.29655
42 65 130.65705
42 66 178.33277
42 67 198.97715
42 68 170.36279
42 69 199.54974
42 70 190.36873
42 71 141.65809
42 72 124.17644
42 73 110.37822
42 74 143.88904
42 75 176.90479
42 76 137.21157
42 77 147.59267
42 78 180.25756
42 79 146.56101
42 80 141.87791
42 81 150.31581
42 82 111.03102
42 83 132.92808
42 84 196.56754
42 85 187.39775
42 86 169.46427
42 87 160.39251
42 88 152.08667
42 89 160.8351
42 90 128.0954
42 91 116.90705
42 92 182.0181
42 93 182.17698
42 94 163.28765
42 95 163.12776
42 96 198.29662
42 97 152.93477
42 98 110.2271
42 99 156.45826
43 44 124.84575
43 45 106.50078
43 46 148.16917
43 47 160.37449
43 48 168.15887
43 49 196.68693
43 50 119.09687
43 51 158.60292
43 52 187.89382
43 53 165.53429
43 54 182.79583
43 55 178.32525
43 56 180.98489
43 57 111.83795
43 58 172.96897
43 59 145.47912
43 60 161.37534
43 61 145.63891
43 62 129.51193
43 63 144.59387
43 64 189.9686
43 65 159.14845
43 66 180.71025
43 67 184.21641
43 68 114.34293
43 69 145.87972
43 70 115.70646
43 71 135.73027
43 72 197.65099
43 73 108.88475
43 74 120.54404
43 75 103.31731
43 76 172.60011
43 77 194.6484
43 78 125.08141
43 79 162.97264
43 80 123.23773
43 81 131.69638
43 82 115.52197
43 83 116.42534
43 84 144.1264
43 85 164.03127
43 86 116.589
43 87 184.54976
43 88 178.41884
43 89 102.4395
43 90 195.86051
43 91 175.18531
43 92 138.56789
43 93 158.80916
43 94 127.24209
43 95 165.33871
43 96 177.59954
43 97 161.65106
43 98 172.8464
43 99 157.78596
44 45 156.04568
44 46 150.31255
44 47 148.68413
44 48 135.15584
44 49 163.91236
44 50 198.91691
44 51 118.11373
44 52 149.99868
44 53 146.41979
44 54 158.55039
44 55 132.34644
44 56 195.7738
44 57 110.53673
44 58 132.12424
44 59 128.84313
44 60 126.6954
44 61 128.75219
44 62 128.00439
44 63 120.30555
44 64 175.2663
44 65 105.57166
44 66 136.03061
44 67 165.62218
44 68 113.47859
44 69 132.04928
44 70 133.70958
44 71 111.15221
44 72 139.35102
44 73 175.69082
44 74 185.33414
44 75 193.5492
44 76 180.05349
44 77 146.189
44 78 104.44825
44 79 121.3551
44 80 139.85747
44 81 130.26456
44 82 145.62781
44 83 161.04235
44 84 198.36051
44 85 115.23295
44 86 149.29229
44 87 166.47498
44 88 111.26924
44 89 175.60742
44 90 109.20443
44 91 157.18009
44 92 134.84596
44 93 123.39119
44 94 158.52506
44 95 190.81573
44 96 155.79106
44 97 185.35236
44 98 126.55
44 99 132.08754
45 46 120.17107
45 47 156.6858
45 48 195.37495
45 49 105.03749
45 50 161.67661
45 51 115.11799
45 52 115.5457
45 53 133.38311
45 54 100.65428
45 55 120.44211
45 56 168.68405
45 57 125.01417
45 58 198.82153
45 59 127.67509
45 60 119.81782
45 61 152.45059
45 62 197.1085
45 63 198.6927
45 64 152.00223
45 65 173.67562
45 66 115.57496
45 67 111.79008
45 68 125.2818
45 69 163.03713
45 70 191.62454
45 71 196.23637
45 72 142.58674
45 73 131.3464
45 74 174.49752
45 75 102.84109
45 76 194.61155
45 77 103.81978
45 78 129.13479
45 79 117.68911
45 80 160.89577
45 81 105.31717
45 82 166.81561
45 83 139.16208
45 84 188.76876
45 85 121.02264
45 86 199.43676
45 87 125.56653
45 88 136.26143
45 89 111.17842
45 90 107.55261
45 91 167.02502
45 92 175.50568
45 93 127.29802
45 94 143.66741
45 95 173.00324
45 96 118.43458
45 97 171.2586
45 98 193.21079
45 99 132.69015
46 47 137.4129
46 48 173.57992
46 49 105.87027
46 50 150.62428
46 51 181.62104
46 52 141.79147
46 53 125.02173
46 54 184.27046
46 55 156.66107
46 56 133.07646
46 57 140.57042
46 58 162.10443
46 59 198.69105
46 60 157.07174
46 61 165.64607
46 62 183.3844
46 63 116.05783
46 64 128.88721
46 65 143.76581
46 66 149.78421
46 67 101.48528
46 68 187.92346
46 69 121.39748
46 70 126.62338
46 71 159.06265
46 72 119.8032
46 73 164.08392
46 74 125.40592
46 75 169.07869
46 76 167.65164
46 77 193.44555
46 78 182.89763
46 79 111.07006
46 80 112.37537
46 81 144.67372
46 82 167.80327
46 83 142.52618
46 84 162.60148
46 85 119.70904
46 86 113.08554
46 87 161.21538
46 88 153.50273
46 89 197.2372
46 90 117.64122
46 91 160.72691
46 92 133.66274
46 93 151.86048
46 94 139.19692
46 95 125.0885
46 96 184.96485
46 97 120.89633
46 98 164.49587
46 99 143.51913
47 48 134.73071
47 49 117.43924
47 50 108.65502
47 51 191.22063
47 52 130.93409
47 53 165.23015
47 54 100.53859
47 55 117.98963
47 56 112.31229
47 57 145.47945
47 58 176.26422
47 59 121.59477
47 60 199.0634
47 61 122.08447
47 62 175.98013
47 63 173.9781
47 64 122.4214
47 65 173.01403
47 66 101.0675
47 67 140.65322
47 68 187.55776
47 69 181.93067
47 70 110.70476
47 71 188.02812
47 72 121.93685
47 73 136.81214
47 74 133.97375
47 75 102.57483
47 76 171.68301
47 77 175.45364
47 78 107.67472
47 79 166.00134
47 80 156.84513
47 81 167.96104
47 82 117.27725
47 83 117.8965
47 84 118.58413
47 85 185.02711
47 86 170.8805
47 87 168.67952
47 88 101.49312
47 89 171.48414
47 90 197.16777
47 91 139.32049
47 92 153.03412
47 93 181.46589
47 94 105.28779
47 95 147.42817
47 96 168.65286
47 97 151.34975
47 98 161.71406
47 99 163.99494
48 49 159.08148
48 50 173.18546
48 51 134.34276
48 52 162.68781
48 53 156.40507
48 54 161.86322
48 55 115.6603
48 56 137.83259
48 57 134.73476
48 58 152.57027
48 59 188.60512
48 60 101.57003
48 61 114.04862
48 62 164.56947
48 63 119.51231
48 64 136.21747
48 65 148.04898
48 66 137.4188
48 67 163.19696
48 68 161.80547
48 69 140.51983
48 70 151.62225
48 71 100.21265
48 72 154.20258
48 73 166.38012
48 74 172.15663
48 75 129.00855
48 76 130.71009
48 77 167.21869
48 78 165.48905
48 79 176.37057
48 80 174.68269
48 81 181.71229
48 82 122.24456
48 83 124.86525
48 84 107.99617
48 85 128.40041
48 86 175.95975
48 87 165.67761
48 88 182.71967
48 89 187.60861
48 90 160.79371
48 91 103.20559
48 92 116.80299
48 93 190.22749
48 94 128.96344
48 95 152.82521
48 96 133.84862
48 97 109.67108
48 98 167.75932
48 99 173.42455
49 50 149.35273
49 51 180.22039
49 52 157.86166
49 53 168.51119
49 54 160.97049
49 55 112.51819
49 56 140.07642
49 57 180.30305
49 58 180.87437
49 59 198.71429
49 60 146.91465
49 61 109.39591
49 62 168.63918
49 63 177.9518
49 64 142.40004
49 65 116.69013
49 66 179.68851
49 67 164.4514
49 68 180.43624
49 69 150.98173
49 70 130.2735
49 71 133.47222
49 72 177.33633
49 73 114.25089
49 74 144.89583
49 75 114.75753
49 76 191.24506
49 77 120.80489
49 78 103.3491
49 79 115.37571
49 80 100.71359
49 81 192.41613
49 82 179.68403
49 83 101.3283
49 84 153.99462
49 85 184.39265
49 86 193.6015
49 87 113.12138
49 88 105.24877
49 89 101.20682
49 90 128.98803
49 91 103.09284
49 92 171.02045
49 93 184.12435
49 94 187.9939
49 95 173.77258
49 96 185.4165
49 97 147.96372
49 98 144.84173
49 99 167.11204
50 51 145.4573
50 52 148.23721
50 53 128.80018
50 54 148.61618
50 55 124.54863
50 56 106.06327
50 57 118.63743
50 58 134.67804
50 59 122.56966
50 60 162.87826
50 61 167.6214
50 62 199.94871
50 63 157.10359
50 64 114.87316
50 65 160.10324
50 66 134.43913
50 67 186.67755
50 68 106.76109
50 69 161.32796
50 70 181.46679
50 71 103.68696
50 72 184.65275
50 73 104.91884
50 74 104.61062
50 75 120.55128
50 76 166.375
50 77 103.32775
50 78 138.96504
50 79 196.59628
50 80 134.78871
50 81 134.01403
50 82 152.00688
50 83 118.94151
50 84 112.5556
50 85 136.71332
50 86 147.1568
50 87 148.73214
50 88 102.65446
50 89 160.29451
50 90 160.19869
50 91 119.57367
50 92 139.23639
50 93 178.37232
50 94 157.83535
50 95 196.98056
50 96 186.24996
50 97 150.77772
50 98 181.36447
50 99 155.47813
51 52 145.27236
51 53 198.88817
51 54 102.00979
51 55 100.20205
51 56 199.05392
51 57 174.79442
51 58 179.66064
51 59 119.50718
51 60 102.09889
51 61 146.96565
51 62 104.54444
51 63 131.50179
51 64 146.05982
51 65 121.41231
51 66 187.16621
51 67 191.62634
51 68 140.43792
51 69 189.12046
51 70 172.36643
51 71 122.08065
51 72 110.42564
51 73 184.26932
51 74 167.98768
51 75 143.13755
51 76 112.96401
51 77 158.44637
51 78 153.60669
51 79 192.11555
51 80 195.27265
51 81 151.76952
51 82 135.0393
51 83 153.99673
51 84 107.52641
51 85 104.66528
51 86 101.23327
51 87 199.56976
51 88 178.90459
51 89 174.0785
51 90 156.77907
51 91 159.93674
51 92 105.91634
51 93 162.98774
51 94 140.86159
51 95 115.37599
51 96 135.81002
51 97 170.37586
51 98 146.66593
51 99 121.39597
52 53 128.8477
52 54 160.97294
52 55 117.92938
52 56 167.68227
52 57 154.39977
52 58 192.93938
52 59 140.83035
52 60 106.65196
52 61 168.55131
52 62 139.31025
52 63 130.45678
52 64 122.68617
52 65 122.16546
52 66 198.57167
52 67 158.37689
52 68 125.50981
52 69 171.09942
52 70 163.08028
52 71 169.17812
52 72 132.30667
52 73 181.97944
52 74 142.20136
52 75 181.35016
52 76 140.95535
52 77 118.36717
52 78 127.05414
52 79 125.24594
52 80 174.47957
52 81 167.50812
52 82 120.68969
52 83 104.3066
52 84 177.36709
52 85 185.56705
52 86 177.33791
52 87 177.24468
52 88 149.77596
52 89 187.33827
52 90 181.60223
52 91 104.83195
52 92 107.33111
52 93 159.50723
52 94 134.63058
52 95 182.18358
52 96 156.6767
52 97 122.56603
52 98 104.17946
52 99 148.42448
53 54 156.29683
53 55 181.42327
53 56 183.38601
53 57 141.5579
53 58 199.55807
53 59 187.54567
53 60 135.74114
53 61 194.54159
53 62 186.34346
53 63 179.13781
53 64 178.1884
53 65 141.98099
53 66 111.25102
53 67 156.94581
53 68 197.16022
53 69 171.4384
53 70 135.72658
53 71 157.80489
53 72 189.61547
53 73 135.84958
53 74 106.69674
53 75 182.10307
53 76 139.59611
53 77 118.59219
53 78 111.09854
53 79 198.60348
53 80 142.85731
53 81 146.24339
53 82 189.99886
53 83 183.21259
53 84 128.95418
53 85 196.45402
53 86 187.4504
53 87 115.12061
53 88 198.40623
53 89 116.47429
53 90 183.5786
53 91 105.799
53 92 124.85343
53 93 162.57227
53 94 193.0044
53 95 166.4032
53 96 156.06317
53 97 117.03322
53 98 166.76315
53 99 175.9533
54 55 174.24544
54 56 164.47947
54 57 104.19578
54 58 144.10946
54 59 194.46949
54 60 148.1698
54 61 138.1709
54 62 193.34809
54 63 176.26802
54 64 136.30174
54 65 155.17299
54 66 171.1245
54 67 158.93323
54 68 133.63776
54 69 176.91105
54 70 125.06908
54 71 191.66946
54 72 191.94183
54 73 115.83573
54 74 127.98519
54 75 154.95711
54 76 170.15509
54 77 132.73962
54 78 169.93628
54 79 165.32566
54 80 124.06936
54 81 190.58363
54 82 160.63065
54 83 166.49565
54 84 148.15442
54 85 183.85512
54 86 188.30694
54 87 145.79035
54 88 176.23498
54 89 171.97109
54 90 187.85031
54 91 113.14154
54 92 181.81586
54 93 105.11299
54 94 176.45927
54 95 177.5117
54 96 179.30723
54 97 161.25973
54 98 166.38981
54 99 148.25568
55 56 174.41425
55 57 152.26835
55 58 148.77054
55 59 178.62355
55 60 191.79008
55 61 161.19614
55 62 115.81233
55 63 146.97756
55 64 143.50416
55 65 132.49158
55 66 160.77468
55 67 185.80285
55 68 181.43827
55 69 197.33045
55 70 116.79384
55 71 115.97685
55 72 106.22164
55 73 159.99896
55 74 136.87068
55 75 174.86611
55 76 177.49867
55 77 143.6502
55 78 115.00405
55 79 171.07182
55 80 178.58456
55 81 127.6324
55 82 107.35478
55 83 181.41939
55 84 128.56917
55 85 129.43922
55 86 158.51837
55 87 176.01851
55 88 165.86031
55 89 145.69859
55 90 117.41618
55 91 190.58169
55 92 159.5553
55 93 112.23424
55 94 182.86103
55 95 100.09946
55 96 112.54214
55 97 186.73666
55 98 111.80964
55 99 194.13571
56 57 138.87813
56 58 163.66586
56 59 152.05878
56 60 140.76267
56 61 114.93707
56 62 145.22639
56 63 141.8008
56 64 179.88935
56 65 187.36386
56 66 129.51373
56 67 188.07351
56 68 162.95418
56 69 150.92173
56 70 117.54227
56 71 163.5068
56 72 167.85377
56 73 121.4733
56 74 183.90581
56 75 129.20684
56 76 121.15561
56 77 167.77551
56 78 131.98618
56 79 175.53366
56 80 139.08519
56 81 105.81687
56 82 179.73421
56 83 142.38118
56 84 182.94196
56 85 197.31207
56 86 122.40722
56 87 179.44243
56 88 151.26022
56 89 103.33982
56 90 136.78852
56 91 170.31378
56 92 148.07675
56 93 171.48197
56 94 188.87146
56 95 183.2013
56 96 127.02557
56 97 173.03645
56 98 102.90825
56 99 163.18811
57 58 129.83674
57 59 170.6088
57 60 114.86732
57 61 125.80365
57 62 147.87923
57 63 106.06695
57 64 196.17954
57 65 151.2618
57 66 134.74287
57 67 121.61125
57 68 184.4584
57 69 145.03089
57 70 149.41105
57 71 164.38009
57 72 194.01634
57 73 191.29373
57 74 114.28148
57 75 135.39105
57 76 184.62059
57 77 106.42302
57 78 164.50595
57 79 186.75347
57 80 117.34145
57 81 141.79409
57 82 164.08206
57 83 135.01097
57 84 195.67214
57 85 111.39062
57 86 156.02845
57 87 153.43922
57 88 124.16678
57 89 125.2242
57 90 148.50602
57 91 139.61616
57 92 111.66136
57 93 169.06904
57 94 126.62202
57 95 189.18742
57 96 130.51241
57 97 172.39526
57 98 160.43395
57 99 173.69111
58 59 102.29779
58 60 143.00351
58 61 181.76195
58 62 149.67969
58 63 173.95647
58 64 188.50964
58 65 144.00991
58 66 121.16837
58 67 146.11412
58 68 181.45733
58 69 144.32815
58 70 140.74354
58 71 155.22908
58 72 149.58481
58 73 105.41328
58 74 162.94457
58 75 138.42109
58 76 129.01645
58 77 132.41381
58 78 159.08777
58 79 181.46578
58 80 131.08471
58 81 158.39817
58 82 120.05467
58 83 162.70273
58 84 173.69967
58 85 104.15681
58 86 156.77339
58 87 113.82187
58 88 122.50606
58 89 138.97862
58 90 172.6709
58 91 123.67452
58 92 181.54935
58 93 145.12555
58 94 102.95613
58 95 179.59321
58 96 176.11174
58 97 112.92446
58 98 109.38983
58 99 182.60621
59 60 106.43993
59 61 103.97933
59 62 196.3706
59 63 100.274
59 64 151.2303
59 65 182.97619
59 66 188.02371
59 67 195.54455
59 68 182.86379
59 69 138.99266
59 70 178.85324
59 71 189.73265
59 72 184.50942
59 73 119.88286
59 74 188.39457
59 75 157.83139
59 76 131.22052
59 77 193.12999
59 78 116.23223
59 79 111.22579
59 80 194.80836
59 81 116.90539
59 82 121.37076
59 83 156.58112
59 84 171.29995
59 85 136.59017
59 86 174.38403
59 87 131.76223
59 88 101.32932
59 89 152.61156
59 90 157.88459
59 91 184.5275
59 92 110.88005
59 93 164.23287
59 94 181.18606
59 95 197.53962
59 96 158.32767
59 97 170.10641
59 98 120.44385
59 99 104.41989
60 61 165.11889
60 62 139.99747
60 63 192.01439
60 64 176.06077
60 65 176.36481
60 66 187.05218
60 67 197.28726
60 68 159.83388
60 69 170.33876
60 70 112.67054
60 71 108.76679
60 72 102.15739
60 73 112.9924
60 74 153.91036
60 75 180.92901
60 76 135.46989
60 77 164.35486
60 78 136.88004
60 79 194.20972
60 80 113.07603
60 81 132.25158
60 82 183.55287
60 83 173.52291
60 84 184.83643
60 85 146.69208
60 86 122.89526
60 87 139.29409
60 88 192.62662
60 89 166.35226
60 90 132.15397
60 91 127.90005
60 92 175.05617
60 93 101.23781
60 94 177.33611
60 95 149.47106
60 96 173.14693
60 97 106.78855
60 98 159.68744
60 99 100.18657
61 62 136.89887
61 63 107.5196
61 64 172.19998
61 65 119.29279
61 66 159.22289
61 67 190.3679
61 68 103.78938
61 69 129.82309
61 70 174.06174
61 71 109.23666
61 72 142.93238
61 73 101.49173
61 74 164.94519
61 75 138.63749
61 76 182.11053
61 77 140.74822
61 78 129.15161
61 79 156.97085
61 80 118.17909
61 81 110.34084
61 82 160.07048
61 83 137.18273
61 84 162.98105
61 85 176.80257
61 86 105.05265
61 87 156.72031
61 88 190.1202
61 89 129.59628
61 90 189.23306
61 91 166.0467
61 92 153.47606
61 93 165.03895
61 94 142.2015
61 95 158.19566
61 96 194.59322
61 97 139.29206
61 98 142.83426
61 99 112.58382
62 63 173.54911
62 64 125.14279
62 65 147.18756
62 66 165.8218
62 67 187.37284
62 68 195.85327
62 69 142.0785
62 70 148.2649
62 71 117.62964
62 72 112.90969
62 73 150.82556
62 74 140.77277
62 75 158.87422
62 76 188.84883
62 77 169.04197
62 78 187.31829
62 79 103.30049
62 80 149.48545
62 81 182.07989
62 82 161.94387
62 83 118.59516
62 84 190.84488
62 85 177.86261
62 86 105.61327
62 87 152.475
62 88 120.66554
62 89 100.31484
62 90 163.36773
62 91 123.59163
62 92 149.81016
62 93 124.54636
62 94 129.66218
62 95 177.87787
62 96 142.42342
62 97 192.9594
62 98 179.13612
62 99 182.26717
63 64 193.68604
63 65 120.83011
63 66 157.78804
63 67 121.41089
63 68 110.43592
63 69 142.02516
63 70 127.1829
63 71 123.15925
63 72 103.72784
63 73 139.19238
63 74 164.7966
63 75 167.17616
63 76 128.65601
63 77 133.77772
63 78 166.46487
63 79 143.87756
63 80 106.50185
63 81 142.42082
63 82 161.62287
63 83 106.6928
63 84 133.91864
63 85 155.04847
63 86 113.11129
63 87 174.56844
63 88 111.1013
63 89 119.65843
63 90 132.89163
63 91 135.948
63 92 115.21839
63 93 163.80219
63 94 165.3379
63 95 195.58075
63 96 117.11589
63 97 172.35028
63 98 182.29907
63 99 140.72434
64 65 190.66253
64 66 147.00484
64 67 168.22326
64 68 182.62369
64 69 158.77147
64 70 103.13031
64 71 121.86598
64 72 183.9424
64 73 159.98276
64 74 177.54426
64 75 135.23753
64 76 171.54724
64 77 174.52503
64 78 184.8823
64 79 104.72914
64 80 183.82459
64 81 192.22262
64 82 137.60189
64 83 151.73601
64 84 180.63638
64 85 189.48895
64 86 158.48683
64 87 189.60227
64 88 194.73912
64 89 192.5584
64 90 121.7223
64 91 130.72023
64 92 159.33603
64 93 170.73482
64 94 190.88178
64 95 166.40093
64 96 133.46677
64 97 108.75748
64 98 192.68224
64 99 112.9501
65 66 120.2428
65 67 114.18187
65 68 122.45302
65 69 121.25386
65 70 142.60419
65 71 171.97756
65 72 165.87683
65 73 166.04974
65 74 174.82402
65 75 118.87303
65 76 182.42635
65 77 161.79002
65 78 103.04975
65 79 127.90809
65 80 119.00434
65 81 198.32264
65 82 199.41015
65 83 164.53245
65 84 106.74755
65 85 156.1044
65 86 113.93693
65 87 157.07627
65 88 196.5115
65 89 162.40728
65 90 153.33398
65 91 194.84174
65 92 109.81677
65 93 134.36614
65 94 155.21353
65 95 111.78051
65 96 182.92227
65 97 107.57186
65 98 122.43753
65 99 161.41452
66 67 156.87499
66 68 114.91294
66 69 165.40445
66 70 164.7931
66 71 199.46767
66 72 140.11598
66 73 151.68522
66 74 157.87388
66 75 137.01099
66 76 105.56932
66 77 183.19301
66 78 157.2714
66 79 188.62887
66 80 180.09505
66 81 131.97902
66 82 185.04931
66 83 131.81264
66 84 160.26992
66 85 113.51114
66 86 192.26337
66 87 159.0136
66 88 108.25308
66 89 165.16599
66 90 105.22051
66 91 112.85537
66 92 186.71752
66 93 112.77068
66 94 129.4795
66 95 102.13168
66 96 154.63181
66 97 183.58305
66 98 181.13417
66 99 187.73483
67 68 117.3305
67 69 190.82684
67 70 176.10352
67 71 170.78698
67 72 156.16628
67 73 168.05686
67 74 118.48869
67 75 118.30767
67 76 190.62757
67 77 146.75534
67 78 135.58035
67 79 121.59516
67 80 166.06
67 81 158.82892
67 82 196.58657
67 83 182.51988
67 84 143.60799
67 85 193.65276
67 86 195.04081
67 87 166.66873
67 88 112.41459
67 89 173.74845
67 90 199.62848
67 91 174.04956
67 92 147.81174
67 93 129.88031
67 94 197.82481
67 95 144.92907
67 96 195.01959
67 97 137.12839
67 98 155.78098
67 99 113.82971
68 69 137.43795
68 70 167.61788
68 71 134.05691
68 72 120.60062
68 73 142.77133
68 74 140.32376
68 75 181.1576
68 76 144.01459
68 77 120.8574
68 78 189.42519
68 79 127.01037
68 80 107.3265
68 81 140.662
68 82 138.76211
68 83 117.11761
68 84 119.83292
68 85 104.67479
68 86 110.84512
68 87 146.91046
68 88 115.10494
68 89 183.79046
68 90 163.01683
68 91 137.96434
68 92 163.9639
68 93 110.12653
68 94 113.23555
68 95 163.90529
68 96 123.79485
68 97 152.03982
68 98 132.92318
68 99 197.4834
69 70 167.63775
69 71 122.82517
69 72 102.51567
69 73 191.74838
69 74 105.01084
69 75 153.46127
69 76 149.5969
69 77 111.48752
69 78 164.66815
69 79 194.45006
69 80 164.98692
69 81 139.30737
69 82 190.51013
69 83 179.94931
69 84 124.77101
69 85 110.44201
69 86 183.32651
69 87 118.02508
69 88 109.65112
69 89 127.15941
69 90 191.01689
69 91 174.60195
69 92 139.52786
69 93 159.946
69 94 112.96094
69 95 101.03363
69 96 114.96456
69 97 162.93699
69 98 193.74384
69 99 139.8806
70 71 168.57545
70 72 171.06064
70 73 173.95554
70 74 190.00116
70 75 134.14355
70 76 168.44218
70 77 145.95975
70 78 113.33951
70 79 150.61932
70 80 107.01732
70 81 105.89228
70 82 170.23675
70 83 167.89257
70 84 193.99958
70 85 120.1062
70 86 169.46143
70 87 171.44441
70 88 132.96149
70 89 189.90431
70 90 135.06607
70 91 128.65551
70 92 132.67577
70 93 140.35974
70 94 167.13336
70 95 111.89251
70 96 152.12835
70 97 166.11355
70 98 143.9908
70 99 102.24139
71 72 175.39029
71 73 157.12241
71 74 134.87748
71 75 159.04798
71 76 192.89652
71 77 114.94254
71 78 197.64675
71 79 111.19676
71 80 113.12294
71 81 125.52006
71 82 191.07305
71 83 163.00265
71 84 150.85893
71 85 188.34184
71 86 102.73915
71 87 165.48781
71 88 197.71799
71 89 197.28682
71 90 122.73881
71 91 160.80828
71 92 116.33015
71 93 190.07616
71 94 147.98393
71 95 173.47944
71 96 159.73731
71 97 199.08269
71 98 165.21404
71 99 111.55581
72 73 139.25822
72 74 149.59475
72 75 143.56435
72 76 167.05205
72 77 149.67513
72 78 151.28529
72 79 173.71962
72 80 145.90941
72 81 180.14175
72 82 144.0375
72 83 142.31251
72 84 145.2461
72 85 162.33867
72 86 116.12154
72 87 105.36267
72 88 115.5852
72 89 106.01012
72 90 195.97802
72 91 139.76297
72 92 100.50551
72 93 110.83099
72 94 178.29203
72 95 179.57524
72 96 179.7385
72 97 182.02563
72 98 122.96916
72 99 178.06522
73 74 116.52606
73 75 134.61061
73 76 112.53792
73 77 187.46189
73 78 154.65118
73 79 192.02151
73 80 114.41426
73 81 115.34231
73 82 114.71107
73 83 159.27379
73 84 128.83067
73 85 102.25041
73 86 119.1878
73 87 179.47797
73 88 101.86646
73 89 128.93127
73 90 130.00211
73 91 183.89482
73 92 135.03061
73 93 109.44632
73 94 164.4944
73 95 132.89099
73 96 171.2333
73 97 108.66904
73 98 119.52703
73 99 187.96201
74 75 153.61958
74 76 198.33665
74 77 109.29155
74 78 190.16312
74 79 117.60246
74 80 120.33128
74 81 134.52238
74 82 175.30846
74 83 171.59477
74 84 117.58566
74 85 168.865
74 86 107.98688
74 87 186.87695
74 88 171.10796
74 89 152.35251
74 90 192.28856
74 91 136.14994
74 92 136.11505
74 93 117.289
74 94 118.79829
74 95 194.64943
74 96 106.0366
74 97 169.57283
74 98 115.68001
74 99 110.52285
75 76 184.40571
75 77 157.80624
75 78 183.48964
75 79 146.0067
75 80 187.94682
75 81 181.63874
75 82 194.51149
75 83 124.37288
75 84 118.56193
75 85 170.38534
75 86 149.84239
75 87 159.32185
75 88 126.43559
75 89 192.82445
75 90 117.89007
75 91 117.00797
75 92 115.07291
75 93 107.41202
75 94 120.68065
75 95 114.8567
75 96 190.91819
75 97 165.49008
75 98 113.95371
75 99 118.8817
76 77 104.70089
76 78 115.32417
76 79 168.31449
76 80 153.8967
76 81 108.48038
76 82 192.32965
76 83 147.06053
76 84 163.51687
76 85 183.82087
76 86 165.60955
76 87 154.6719
76 88 137.77709
76 89 136.81431
76 90 133.34945
76 91 160.82983
76 92 189.50383
76 93 178.37188
76 94 162.44926
76 95 133.62162
76 96 147.8121
76 97 166.48745
76 98 112.84463
76 99 182.40803
77 78 178.90242
77 79 190.21018
77 80 166.7246
77 81 173.73311
77 82 122.19763
77 83 123.72723
77 84 101.71838
77 85 186.44816
77 86 187.28734
77 87 100.88323
77 88 130.79061
77 89 146.71529
77 90 112.01142
77 91 139.07649
77 92 141.38921
77 93 196.67002
77 94 166.59084
77 95 158.62081
77 96 194.4392
77 97 121.76537
77 98 104.26962
77 99 104.11685
78 79 163.68519
78 80 177.7789
78 81 187.23164
78 82 101.08003
78 83 149.72922
78 84 140.82208
78 85 133.45948
78 86 114.45097
78 87 122.67582
78 88 101.02746
78 89 188.81358
78 90 198.38179
78 91 193.15447
78 92 114.98561
78 93 194.6451
78 94 117.19895
78 95 128.05611
78 96 163.26381
78 97 163.31161
78 98 106.13478
78 99 140.21927
79 80 130.14376
79 81 192.47622
79 82 106.51548
79 83 130.13045
79 84 178.51873
79 85 100.65346
79 86 158.92927
79 87 109.85678
79 88 188.33128
79 89 160.8706
79 90 143.57959
79 91 182.98693
79 92 169.59467
79 93 117.27853
79 94 107.5548
79 95 123.54417
79 96 142.05577
79 97 130.96321
79 98 151.86015
79 99 127.42763
80 81 157.99278
80 82 129.45003
80 83 117.28617
80 84 136.71259
80 85 112.74436
80 86 182.24347
80 87 186.97581
80 88 192.51988
80 89 175.1915
80 90 117.787
80 91 184.8392
80 92 161.06665
80 93 116.603
80 94 192.16357
80 95 113.76616
80 96 112.77875
80 97 191.92821
80 98 123.16815
80 99 179.89598
81 82 110.58115
81 83 154.94468
81 84 132.27206
81 85 131.81036
81 86 179.50133
81 87 148.23254
81 88 196.20525
81 89 174.63293
81 90 179.10602
81 91 171.24036
81 92 138.09034
81 93 154.3231
81 94 124.98837
81 95 105.32229
81 96 104.90623
81 97 114.97709
81 98 108.2595
81 99 109.8269
82 83 192.29917
82 84 115.82007
82 85 166.28034
82 86 161.41231
82 87 116.98311
82 88 111.27192
82 89 149.48709
82 90 147.2001
82 91 144.80883
82 92 187.18451
82 93 178.10449
82 94 150.28952
82 95 101.06393
82 96 147.7547
82 97 165.56597
82 98 166.89216
82 99 116.19947
83 84 174.9761
83 85 172.59272
83 86 134.86455
83 87 148.24642
83 88 129.84076
83 89 110.21052
83 90 129.68025
83 91 149.56236
83 92 172.12354
83 93 137.06989
83 94 126.60391
83 95 146.2836
83 96 126.31169
83 97 182.85764
83 98 121.49073
83 99 103.57744
84 85 114.28816
84 86 107.33224
84 87 156.36401
84 88 184.00667
84 89 104.98804
84 90 193.04811
84 91 117.60061
84 92 135.93811
84 93 173.78818
84 94 183.25432
84 95 156.82452
84 96 150.88211
84 97 197.11114
84 98 115.34769
84 99 198.27006
85 86 115.10237
85 87 121.94641
85 88 104.13759
85 89 168.08406
85 90 138.32754
85 91 189.5717
85 92 197.69348
85 93 156.93293
85 94 192.7664
85 95 109.11408
85 96 158.39086
85 97 122.03055
85 98 135.57825
85 99 199.68297
86 87 178.504
86 88 153.83248
86 89 179.00026
86 90 144.24237
86 91 157.96333
86 92 186.99178
86 93 145.46345
86 94 155.32418
86 95 194.82902
86 96 184.99525
86 97 108.58254
86 98 192.95384
86 99 100.22166
87 88 175.66918
87 89 186.9342
87 90 169.37813
87 91 175.69294
87 92 160.60945
87 93 142.82912
87 94 148.72234
87 95 188.77731
87 96 123.8146
87 97 184.9688
87 98 145.58696
87 99 113.6376
88 89 139.46621
88 90 107.61571
88 91 166.20712
88 92 170.79149
88 93 171.52102
88 94 179.00025
88 95 107.76975
88 96 186.25504
88 97 129.41069
88 98 168.52666
88 99 145.40764
89 90 164.85769
89 91 191.88118
89 92 184.55027
89 93 103.73493
89 94 192.47777
89 95 146.90499
89 96 103.63211
89 97 183.32777
89 98 150.44243
89 99 170.78061
90 91 180.58614
90 92 109.75487
90 93 169.22144
90 94 154.76215
90 95 100.0772
90 96 145.65806
90 97 175.31133
90 98 171.78208
90 99 184.98874
91 92 187.80664
91 93 111.40262
91 94 185.26719
91 95 199.97711
91 96 129.64785
91 97 117.97157
91 98 195.88796
91 99 124.13102
92 93 103.92183
92 94 114.53531
92 95 143.46771
92 96 159.06824
92 97 178.24971
92 98 128.00328
92 99 139.01718
93 94 162.41751
93 95 107.85553
93 96 115.83643
93 97 182.80394
93 98 128.4438
93 99 143.30343
94 95 143.38974
94 96 177.41951
94 97 100.63447
94 98 184.68568
94 99 107.28272
95 96 165.071
95 97 145.44333
95 98 109.63406
95 99 119.9449
96 97 118.5016
96 98 108.66649
96 99 156.08438
97 98 156.05721
97 99 147.1959
98 99 137.92239
