50 5
0 1 131.49295
0 2 149.68198
0 3 183.296
0 4 197.01621
0 5 158.64184
0 6 185.56172
0 7 170.94248
0 8 105.01524
0 9 182.44685
0 10 128.51804
0 11 145.38456
0 12 105.83181
0 13 190.36804
0 14 131.81983
0 15 137.55838
0 16 134.15309
0 17 169.54384
0 18 167.07338
0 19 111.42199
0 20 189.04796
0 21 111.93009
0 22 182.6336
0 23 126.39165
0 24 113.30895
0 25 152.16137
0 26 197.74353
0 27 147.76608
0 28 127.41163
0 29 119.44511
0 30 115.41346
0 31 100.96426
0 32 176.41035
0 33 176.56624
0 34 168.07591
0 35 167.06515
0 36 153.32187
0 37 143.7056
0 38 141.36987
0 39 105.37285
0 40 171.35887
0 41 148.32663
0 42 145.2601
0 43 186.64425
0 44 194.58806
0 45 121.96721
0 46 193.80779
0 47 173.14598
0 48 146.70798
0 49 107.10389
1 2 155.56184
1 3 103.57033
1 4 135.36415
1 5 140.57685
1 6 161.57559
1 7 171.79475
1 8 136.87308
1 9 111.22721
1 10 112.31608
1 11 146.61212
1 12 160.42071
1 13 147.9865
1 14 184.17479
1 15 136.07606
1 16 133.85993
1 17 182.36978
1 18 128.24828
1 19 120.38902
1 20 189.34444
1 21 131.32867
1 22 185.84328
1 23 121.02213
1 24 150.75111
1 25 131.6396
1 26 161.02297
1 27 116.31619
1 28 181.83586
1 29 137.01672
1 30 174.96333
1 31 189.68522
1 32 124.53149
1 33 185.58722
1 34 111.68595
1 35 100.1314
1 36 133.42058
1 37 114.09439
1 38 139.9042
1 39 165.22998
1 40 162.16569
1 41 184.2409
1 42 147.63579
1 43 117.19636
1 44 179.54753
1 45 150.70661
1 46 198.40551
1 47 146.59302
1 48 136.76258
1 49 166.58693
2 3 117.19474
2 4 101.00627
2 5 186.6584
2 6 170.17978
2 7 195.75896
2 8 129.32942
2 9 186.40377
2 10 188.46944
2 11 175.43409
2 12 145.14202
2 13 149.99937
2 14 181.64528
2 15 104.47452
2 16 172.3537
2 17 135.37506
2 18 169.51949
2 19 123.64689
2 20 125.34837
2 21 183.08341
2 22 106.19461
2 23 178.1137
2 24 101.98106
2 25 161.20083
2 26 158.49165
2 27 138.19654
2 28 183.0297
2 29 154.95717
2 30 179.12743
2 31 123.2573
2 32 161.06465
2 33 185.76355
2 34 103.78208
2 35 140.51437
2 36 124.14393
2 37 152.39301
2 38 125.3085
2 39 181.2191
2 40 188.2741
2 41 171.80063
2 42 187.282
2 43 161.15854
2 44 123.64954
2 45 176.30539
2 46 129.16399
2 47 149.20196
2 48 102.09611
2 49 152.97537
3 4 130.48377
3 5 160.18698
3 6 116.21231
3 7 145.62046
3 8 194.16555
3 9 175.36498
3 10 156.26536
3 11 162.14161
3 12 164.51526
3 13 173.97694
3 14 177.985
3 15 159.81176
3 16 141.354
3 17 140.37423
3 18 189.43957
3 19 106.36871
3 20 177.02437
3 21 123.47971
3 22 178.61006
3 23 193.65488
3 24 185.29824
3 25 157.05971
3 26 146.867
3 27 118.89226
3 28 191.38968
3 29 115.17234
3 30 125.80968
3 31 134.40447
3 32 168.28714
3 33 167.87449
3 34 128.83942
3 35 185.35028
3 36 105.60358
3 37 133.985
3 38 110.39629
3 39 174.27454
3 40 110.76852
3 41 189.06735
3 42 167.67081
3 43 122.87582
3 44 121.83191
3 45 106.13743
3 46 161.01885
3 47 153.71242
3 48 150.05881
3 49 113.32158
4 5 145.65115
4 6 127.64432
4 7 157.78113
4 8 198.55074
4 9 178.05973
4 10 199.36054
4 11 151.12262
4 12 147.18415
4 13 115.3423
4 14 117.37062
4 15 169.45665
4 16 182.87479
4 17 112.00654
4 18 107.60936
4 19 177.88835
4 20 123.20424
4 21 140.77611
4 22 109.65791
4 23 156.28942
4 24 126.96166
4 25 125.68036
4 26 199.65258
4 27 121.46434
4 28 108.54953
4 29 125.08756
4 30 134.50491
4 31 155.17282
4 32 191.64323
4 33 102.56842
4 34 160.17145
4 35 123.59839
4 36 101.15849
4 37 130.37191
4 38 182.6839
4 39 134.69306
4 40 141.61122
4 41 133.91386
4 42 174.37467
4 43 142.9773
4 44 156.82129
4 45 108.8691
4 46 131.92222
4 47 144.16114
4 48 119.25922
4 49 180.14176
5 6 118.98138
5 7 173.62476
5 8 100.92878
5 9 187.38722
5 10 192.95195
5 11 166.59415
5 12 187.82029
5 13 183.84263
5 14 181.85922
5 15 158.40029
5 16 194.81817
5 17 157.94649
5 18 156.86735
5 19 158.21357
5 20 118.32351
5 21 143.79819
5 22 134.80516
5 23 161.47123
5 24 176.94851
5 25 177.88625
5 26 149.09237
5 27 179.6841
5 28 187.17315
5 29 101.13711
5 30 104.43527
5 31 105.27551
5 32 109.20644
5 33 106.09106
5 34 197.09851
5 35 187.34752
5 36 141.73609
5 37 195.54736
5 38 161.52799
5 39 167.03648
5 40 153.68493
5 41 175.35994
5 42 199.97816
5 43 165.62527
5 44 158.70219
5 45 127.07046
5 46 146.13924
5 47 176.12968
5 48 173.79613
5 49 193.65481
6 7 126.2882
6 8 168.13222
6 9 117.95452
6 10 193.79073
6 11 103.63868
6 12 172.51992
6 13 176.58589
6 14 150.55039
6 15 150.31167
6 16 154.32892
6 17 102.24063
6 18 121.51322
6 19 155.40866
6 20 120.36278
6 21 177.73308
6 22 123.9497
6 23 145.4639
6 24 172.70524
6 25 160.72479
6 26 116.98268
6 27 176.69731
6 28 181.67271
6 29 192.75684
6 30 185.82673
6 31 153.07153
6 32 107.66594
6 33 123.25489
6 34 185.79074
6 35 122.96997
6 36 114.44848
6 37 192.65213
6 38 167.81019
6 39 186.94702
6 40 118.13889
6 41 135.65792
6 42 163.12017
6 43 164.52807
6 44 142.5509
6 45 163.39437
6 46 155.97257
6 47 182.32759
6 48 195.00809
6 49 149.49994
7 8 158.96849
7 9 162.3589
7 10 121.88584
7 11 190.11158
7 12 162.06152
7 13 104.28683
7 14 146.68944
7 15 131.72247
7 16 194.81328
7 17 139.57873
7 18 171.70685
7 19 186.40439
7 20 146.68609
7 21 121.66802
7 22 159.08302
7 23 156.72056
7 24 173.70897
7 25 114.50337
7 26 188.00269
7 27 113.72724
7 28 183.57149
7 29 168.24515
7 30 180.18712
7 31 111.34727
7 32 134.79897
7 33 146.43965
7 34 139.73397
7 35 131.01747
7 36 114.73378
7 37 137.91804
7 38 106.59623
7 39 176.62423
7 40 115.93977
7 41 186.58871
7 42 192.76725
7 43 164.60326
7 44 141.47117
7 45 158.59166
7 46 177.11929
7 47 157.09565
7 48 175.08071
7 49 137.33569
8 9 102.63524
8 10 188.55309
8 11 136.2961
8 12 145.2108
8 13 164.39414
8 14 137.59391
8 15 104.53879
8 16 195.17789
8 17 189.50583
8 18 129.17071
8 19 124.54771
8 20 184.15134
8 21 157.27768
8 22 148.7554
8 23 137.69648
8 24 102.65024
8 25 141.02811
8 26 124.84826
8 27 113.09105
8 28 105.73281
8 29 168.12331
8 30 146.98913
8 31 134.24988
8 32 145.06017
8 33 197.78466
8 34 106.20141
8 35 132.62937
8 36 186.54438
8 37 191.20549
8 38 143.42027
8 39 190.82879
8 40 121.21789
8 41 125.52706
8 42 144.36558
8 43 120.74339
8 44 112.14515
8 45 107.00199
8 46 102.04445
8 47 153.07951
8 48 193.7824
8 49 137.43256
9 10 196.11945
9 11 101.38621
9 12 180.20579
9 13 104.08584
9 14 193.82479
9 15 114.44994
9 16 161.68847
9 17 192.27458
9 18 121.25337
9 19 102.26892
9 20 146.57827
9 21 183.50359
9 22 153.80279
9 23 130.04923
9 24 174.39164
9 25 135.14492
9 26 177.44829
9 27 194.96064
9 28 133.61425
9 29 100.34716
9 30 191.82685
9 31 169.30777
9 32 135.43747
9 33 112.82732
9 34 125.58087
9 35 167.46994
9 36 150.94871
9 37 149.87797
9 38 181.62952
9 39 125.30984
9 40 105.9866
9 41 194.96979
9 42 171.05112
9 43 189.66758
9 44 139.10714
9 45 176.47283
9 46 136.05095
9 47 177.70284
9 48 158.59126
9 49 143.35686
10 11 136.12791
10 12 138.51106
10 13 179.9669
10 14 170.21525
10 15 186.75814
10 16 109.50869
10 17 172.01871
10 18 186.05337
10 19 115.91357
10 20 178.50805
10 21 192.31761
10 22 169.95964
10 23 160.02048
10 24 140.24305
10 25 145.27814
10 26 111.07556
10 27 156.48053
10 28 106.11385
10 29 117.43468
10 30 182.65442
10 31 133.49647
10 32 112.94781
10 33 150.25577
10 34 185.68857
10 35 112.09294
10 36 199.10637
10 37 141.47926
10 38 118.87517
10 39 183.91773
10 40 133.3151
10 41 124.30973
10 42 194.49871
10 43 179.80133
10 44 116.63088
10 45 108.70364
10 46 184.93755
10 47 172.70987
10 48 190.38463
10 49 154.53984
11 12 166.42471
11 13 133.93649
11 14 155.86217
11 15 195.00075
11 16 176.60607
11 17 188.87676
11 18 195.10085
11 19 189.50749
11 20 120.97192
11 21 178.0313
11 22 127.50572
11 23 119.44376
11 24 164.66212
11 25 126.63861
11 26 157.1587
11 27 179.95751
11 28 109.11721
11 29 154.30631
11 30 187.34015
11 31 191.4975
11 32 107.39964
11 33 110.03464
11 34 102.69073
11 35 106.19235
11 36 184.3677
11 37 130.0191
11 38 180.03411
11 39 177.98703
11 40 123.57986
11 41 120.86293
11 42 193.52583
11 43 106.86217
11 44 168.99022
11 45 133.70411
11 46 196.79466
11 47 180.95804
11 48 105.25921
11 49 157.25305
12 13 101.50503
12 14 139.10471
12 15 112.85509
12 16 159.74916
12 17 194.54204
12 18 163.90658
12 19 162.88431
12 20 180.25134
12 21 156.61446
12 22 109.0677
12 23 192.39117
12 24 167.16037
12 25 122.53252
12 26 144.08599
12 27 137.55226
12 28 199.69515
12 29 169.97255
12 30 166.23016
12 31 139.66582
12 32 130.73519
12 33 107.65337
12 34 133.42693
12 35 198.27669
12 36 115.61702
12 37 179.2762
12 38 185.29584
12 39 177.1527
12 40 169.43993
12 41 145.7701
12 42 182.36615
12 43 195.55889
12 44 135.23213
12 45 159.61383
12 46 197.80709
12 47 135.42134
12 48 165.08705
12 49 149.79018
13 14 192.64882
13 15 146.63914
13 16 167.07683
13 17 191.36739
13 18 146.83558
13 19 137.44759
13 20 120.04937
13 21 109.84026
13 22 122.47223
13 23 160.33197
13 24 132.6493
13 25 172.03571
13 26 168.06785
13 27 102.58437
13 28 139.60114
13 29 150.99305
13 30 194.83891
13 31 107.28643
13 32 149.2055
13 33 113.64895
13 34 125.58539
13 35 149.73546
13 36 118.28612
13 37 135.14151
13 38 138.48784
13 39 122.61095
13 40 165.02653
13 41 170.72469
13 42 182.29931
13 43 125.68754
13 44 181.8312
13 45 187.79945
13 46 175.58481
13 47 166.6046
13 48 103.28866
13 49 148.56962
14 15 103.06546
14 16 182.71164
14 17 131.71957
14 18 121.8853
14 19 196.57806
14 20 104.66004
14 21 181.30271
14 22 178.78338
14 23 142.38718
14 24 129.45529
14 25 110.40277
14 26 193.92554
14 27 143.20139
14 28 103.44048
14 29 195.15391
14 30 196.94736
14 31 132.86327
14 32 165.14542
14 33 188.04758
14 34 107.7156
14 35 165.9997
14 36 145.34772
14 37 134.92747
14 38 163.88871
14 39 181.96183
14 40 141.3417
14 41 178.28407
14 42 128.85597
14 43 124.523
14 44 129.18182
14 45 193.41267
14 46 104.75592
14 47 105.1665
14 48 113.25743
14 49 173.19382
15 16 103.67421
15 17 137.66482
15 18 109.4949
15 19 166.46164
15 20 109.33822
15 21 172.81185
15 22 192.59349
15 23 101.37898
15 24 181.42331
15 25 108.4796
15 26 178.76613
15 27 115.58767
15 28 144.77968
15 29 162.05674
15 30 170.0723
15 31 118.71579
15 32 113.61339
15 33 117.41272
15 34 173.26549
15 35 172.06353
15 36 141.05982
15 37 137.59726
15 38 182.16469
15 39 136.17034
15 40 144.59274
15 41 184.16669
15 42 179.24739
15 43 137.92917
15 44 172.89532
15 45 179.6425
15 46 198.47633
15 47 173.32631
15 48 182.46751
15 49 116.78658
16 17 150.71777
16 18 172.53507
16 19 185.19551
16 20 171.85436
16 21 188.28889
16 22 165.13624
16 23 115.58808
16 24 181.09673
16 25 156.88996
16 26 169.81137
16 27 127.50542
16 28 103.47961
16 29 109.79688
16 30 195.49326
16 31 166.15438
16 32 154.318
16 33 134.08246
16 34 108.66865
16 35 162.39757
16 36 132.88129
16 37 101.31129
16 38 136.50947
16 39 121.40381
16 40 172.35322
16 41 157.27033
16 42 183.8897
16 43 132.14587
16 44 172.33598
16 45 189.02831
16 46 135.4618
16 47 191.10108
16 48 166.96985
16 49 123.07226
17 18 122.85398
17 19 152.82978
17 20 111.10811
17 21 128.7542
17 22 123.01171
17 23 161.97071
17 24 100.59181
17 25 136.09397
17 26 108.56894
17 27 157.6294
17 28 137.73181
17 29 123.14375
17 30 148.15451
17 31 173.27276
17 32 154.68796
17 33 141.07383
17 34 115.29861
17 35 158.43538
17 36 150.2381
17 37 157.49565
17 38 180.45211
17 39 136.962
17 40 189.23277
17 41 159.77544
17 42 167.50528
17 43 157.37437
17 44 184.49651
17 45 105.17173
17 46 159.83163
17 47 142.71805
17 48 174.84504
17 49 129.16453
18 19 102.52157
18 20 180.8193
18 21 166.45673
18 22 194.84822
18 23 181.37851
18 24 131.40746
18 25 198.70819
18 26 184.43937
18 27 153.61997
18 28 171.63378
18 29 176.96229
18 30 162.2993
18 31 103.37408
18 32 193.55489
18 33 141.46661
18 34 100.31902
18 35 146.79905
18 36 167.09411
18 37 170.80681
18 38 146.82893
18 39 103.6253
18 40 115.52499
18 41 182.7247
18 42 160.61598
18 43 143.16715
18 44 108.81919
18 45 101.26903
18 46 179.76601
18 47 124.61044
18 48 104.34474
18 49 159.63537
19 20 105.33978
19 21 106.84367
19 22 184.22306
19 23 120.17432
19 24 165.31908
19 25 170.41626
19 26 103.22462
19 27 168.16392
19 28 110.47101
19 29 111.453
19 30 113.1947
19 31 135.70615
19 32 141.36254
19 33 137.86408
19 34 159.85703
19 35 189.97375
19 36 110.22071
19 37 181.23936
19 38 179.44484
19 39 115.98087
19 40 164.53004
19 41 184.57844
19 42 100.96864
19 43 132.59864
19 44 172.78523
19 45 165.20841
19 46 117.80099
19 47 107.3875
19 48 192.31192
19 49 171.40223
20 21 191.2838
20 22 124.32019
20 23 129.58156
20 24 104.67545
20 25 150.34105
20 26 166.3754
20 27 121.838
20 28 133.71914
20 29 194.62492
20 30 156.64032
20 31 158.95146
20 32 107.76733
20 33 106.15614
20 34 133.65424
20 35 158.68246
20 36 162.43769
20 37 100.39193
20 38 102.81494
20 39 189.28575
20 40 146.74582
20 41 103.99668
20 42 103.12794
20 43 150.29831
20 44 130.38203
20 45 144.45331
20 46 163.14046
20 47 166.40048
20 48 113.82878
20 49 165.94613
21 22 109.36085
21 23 130.30418
21 24 101.65862
21 25 141.79075
21 26 125.10276
21 27 101.58968
21 28 115.96684
21 29 104.16586
21 30 182.55427
21 31 160.61559
21 32 165.49438
21 33 140.30807
21 34 162.52907
21 35 182.94116
21 36 143.2271
21 37 150.58076
21 38 100.58882
21 39 119.86156
21 40 126.99828
21 41 114.40668
21 42 195.71568
21 43 157.73974
21 44 131.41995
21 45 178.258
21 46 184.70645
21 47 184.16351
21 48 140.71173
21 49 180.0959
22 23 143.89758
22 24 119.99141
22 25 100.31393
22 26 110.92525
22 27 186.63982
22 28 180.1288
22 29 187.72492
22 30 102.95271
22 31 101.18963
22 32 121.40594
22 33 150.22946
22 34 136.54352
22 35 157.42268
22 36 151.15617
22 37 101.76924
22 38 198.04246
22 39 179.91487
22 40 130.91785
22 41 113.94495
22 42 106.92547
22 43 116.12713
22 44 180.52774
22 45 111.37191
22 46 181.23617
22 47 159.46076
22 48 154.48179
22 49 158.89157
23 24 150.45365
23 25 138.32217
23 26 165.05504
23 27 122.26499
23 28 134.24857
23 29 132.54999
23 30 182.103
23 31 199.29997
23 32 116.50497
23 33 141.06134
23 34 150.33963
23 35 141.69683
23 36 193.99807
23 37 117.2849
23 38 103.85788
23 39 165.89448
23 40 181.25202
23 41 150.50769
23 42 115.79901
23 43 191.48843
23 44 166.0424
23 45 174.27345
23 46 160.94128
23 47 174.1955
23 48 199.92368
23 49 125.44445
24 25 132.58011
24 26 146.89111
24 27 178.18035
24 28 117.88862
24 29 167.11786
24 30 115.69465
24 31 177.97581
24 32 161.73821
24 33 133.43129
24 34 103.03119
24 35 164.65027
24 36 151.14854
24 37 105.17312
24 38 109.67651
24 39 143.8967
24 40 196.15904
24 41 166.39356
24 42 183.13229
24 43 133.64356
24 44 155.04838
24 45 120.53775
24 46 182.80626
24 47 104.17707
24 48 138.34834
24 49 198.13268
25 26 128.1172
25 27 144.99775
25 28 166.49708
25 29 183.56035
25 30 185.86343
25 31 169.26959
25 32 177.16908
25 33 150.58334
25 34 162.78276
25 35 175.66973
25 36 111.24811
25 37 197.57747
25 38 131.28186
25 39 159.70084
25 40 124.36469
25 41 127.92475
25 42 133.22912
25 43 127.67247
25 44 146.97046
25 45 108.32997
25 46 100.21215
25 47 151.04926
25 48 117.2299
25 49 131.92412
26 27 156.18772
26 28 103.62823
26 29 197.5668
26 30 176.6921
26 31 192.05965
26 32 139.1488
26 33 182.0042
26 34 125.71205
26 35 159.45613
26 36 170.42582
26 37 180.11376
26 38 162.4187
26 39 169.07713
26 40 135.90032
26 41 197.21097
26 42 176.52199
26 43 199.50428
26 44 149.86111
26 45 147.1456
26 46 141.56816
26 47 159.31709
26 48 107.82998
26 49 129.68715
27 28 195.31308
27 29 107.39073
27 30 182.03066
27 31 150.74465
27 32 191.66104
27 33 192.57444
27 34 187.90491
27 35 197.93355
27 36 191.63469
27 37 136.84925
27 38 121.02602
27 39 187.04498
27 40 154.36645
27 41 127.02047
27 42 118.51094
27 43 103.62315
27 44 123.99035
27 45 189.44495
27 46 168.46129
27 47 118.53433
27 48 171.07036
27 49 119.57803
28 29 112.81846
28 30 125.00595
28 31 176.81389
28 32 158.18833
28 33 132.56481
28 34 102.13495
28 35 116.51931
28 36 180.67786
28 37 160.51675
28 38 133.84889
28 39 109.52166
28 40 122.06821
28 41 146.47245
28 42 125.94996
28 43 184.55231
28 44 154.27124
28 45 170.52396
28 46 110.22248
28 47 104.38282
28 48 105.20652
28 49 106.60325
29 30 177.95603
29 31 184.67345
29 32 155.00638
29 33 106.13169
29 34 196.78868
29 35 154.84604
29 36 177.73977
29 37 197.81006
29 38 195.27911
29 39 130.52037
29 40 153.13792
29 41 158.94897
29 42 109.60191
29 43 155.66782
29 44 131.58284
29 45 177.31807
29 46 149.02898
29 47 169.36482
29 48 128.11303
29 49 126.40197
30 31 159.51653
30 32 163.84548
30 33 191.39645
30 34 189.26185
30 35 196.8409
30 36 136.59083
30 37 123.80855
30 38 182.01941
30 39 123.90354
30 40 119.74409
30 41 155.3417
30 42 178.86241
30 43 174.79167
30 44 155.59113
30 45 140.62245
30 46 128.74236
30 47 112.80355
30 48 145.14196
30 49 172.98675
31 32 167.93589
31 33 164.81103
31 34 126.48838
31 35 190.07334
31 36 112.93476
31 37 172.45033
31 38 129.33778
31 39 145.86383
31 40 125.52935
31 41 114.2524
31 42 150.9219
31 43 171.50268
31 44 140.58724
31 45 117.85961
31 46 157.53128
31 47 134.68777
31 48 153.26568
31 49 138.79025
32 33 167.26191
32 34 156.43819
32 35 167.18941
32 36 156.79028
32 37 113.02478
32 38 151.23143
32 39 139.45912
32 40 147.05955
32 41 100.8695
32 42 139.7857
32 43 166.33165
32 44 123.60851
32 45 160.7535
32 46 110.2727
32 47 120.79892
32 48 145.00019
32 49 178.85493
33 34 180.91932
33 35 154.76707
33 36 149.90256
33 37 169.02629
33 38 190.70136
33 39 117.85307
33 40 196.01808
33 41 176.66408
33 42 185.73788
33 43 171.37845
33 44 194.57297
33 45 101.09095
33 46 118.02634
33 47 163.50843
33 48 132.47777
33 49 165.87791
34 35 114.87228
34 36 184.36786
34 37 114.20549
34 38 151.62593
34 39 169.51967
34 40 130.38642
34 41 111.28552
34 42 178.77359
34 43 151.45269
34 44 185.45699
34 45 164.95356
34 46 123.56351
34 47 135.29994
34 48 172.09294
34 49 126.55708
35 36 181.79231
35 37 195.26552
35 38 114.14085
35 39 186.88266
35 40 154.7333
35 41 146.92543
35 42 138.46457
35 43 149.10047
35 44 177.13004
35 45 167.0117
35 46 182.55364
35 47 142.56853
35 48 120.43677
35 49 178.48609
36 37 152.17879
36 38 129.38696
36 39 117.38619
36 40 163.21864
36 41 162.57883
36 42 128.47037
36 43 141.89659
36 44 173.89379
36 45 126.19446
36 46 198.96552
36 47 150.76796
36 48 167.26241
36 49 121.34706
37 38 169.40128
37 39 107.01338
37 40 151.25628
37 41 138.32948
37 42 136.78418
37 43 144.18195
37 44 134.16609
37 45 110.04837
37 46 107.59925
37 47 128.19875
37 48 136.94552
37 49 190.27804
38 39 196.95092
38 40 189.51228
38 41 175.84797
38 42 135.88015
38 43 155.02284
38 44 143.26529
38 45 175.55961
38 46 189.76615
38 47 133.65892
38 48 160.9701
38 49 136.83354
39 40 165.14267
39 41 150.42172
39 42 122.07316
39 43 163.03271
39 44 165.14354
39 45 156.19795
39 46 106.65617
39 47 181.22116
39 48 152.45265
39 49 139.63491
40 41 123.65883
40 42 188.28274
40 43 147.9625
40 44 160.28419
40 45 128.11394
40 46 185.07422
40 47 156.62552
40 48 178.11637
40 49 147.49107
41 42 140.40694
41 43 190.60771
41 44 182.28445
41 45 157.6205
41 46 156.89664
41 47 192.28565
41 48 197.87156
41 49 190.85008
42 43 128.66189
42 44 108.04082
42 45 196.33924
42 46 124.27796
42 47 145.42394
42 48 163.78918
42 49 194.64045
43 44 166.81576
43 45 101.32252
43 46 189.92879
43 47 181.52532
43 48 196.33613
43 49 161.518
44 45 133.06964
44 46 137.40929
44 47 167.71236
44 48 175.74461
44 49 172.4324
45 46 163.92343
45 47 135.36417
45 48 134.61571
45 49 110.83577
46 47 100.87233
46 48 176.06303
46 49 120.71011
47 48 199.92336
47 49 190.59861
48 49 175.17118
