50 12
0 1 130.38853
0 2 199.1204
0 3 102.35965
0 4 137.41234
0 5 157.59557
0 6 153.76588
0 7 147.60164
0 8 115.21478
0 9 168.70858
0 10 157.02194
0 11 199.27276
0 12 185.38439
0 13 186.31556
0 14 143.31775
0 15 144.50948
0 16 182.53079
0 17 128.14048
0 18 110.82015
0 19 161.44325
0 20 159.15988
0 21 175.44886
0 22 131.62617
0 23 174.23512
0 24 147.44379
0 25 110.64503
0 26 110.13708
0 27 104.0473
0 28 180.50724
0 29 123.87243
0 30 158.52189
0 31 199.36079
0 32 196.5148
0 33 113.65086
0 34 196.65148
0 35 180.42566
0 36 182.64893
0 37 172.60997
0 38 131.10949
0 39 111.39719
0 40 198.77161
0 41 117.50787
0 42 195.83596
0 43 132.05047
0 44 114.87848
0 45 118.49213
0 46 142.86906
0 47 119.80004
0 48 183.46732
0 49 197.91838
1 2 182.54349
1 3 153.01387
1 4 159.72187
1 5 145.01159
1 6 141.11277
1 7 161.56159
1 8 194.32909
1 9 107.13861
1 10 111.77998
1 11 158.38653
1 12 151.92961
1 13 130.29161
1 14 179.8751
1 15 121.54023
1 16 125.90789
1 17 113.05318
1 18 125.03565
1 19 156.9486
1 20 182.89542
1 21 112.22598
1 22 165.92573
1 23 155.04074
1 24 185.44942
1 25 112.0403
1 26 193.51365
1 27 138.86229
1 28 178.23165
1 29 195.86222
1 30 172.06371
1 31 109.07583
1 32 167.75003
1 33 139.3485
1 34 156.443
1 35 121.98891
1 36 116.13375
1 37 172.15745
1 38 105.5201
1 39 163.61153
1 40 181.26162
1 41 193.73505
1 42 168.36323
1 43 184.41769
1 44 109.47061
1 45 195.20252
1 46 118.59395
1 47 120.68736
1 48 173.42655
1 49 199.21047
2 3 164.17309
2 4 146.07224
2 5 112.09721
2 6 189.15864
2 7 169.77708
2 8 179.94623
2 9 102.22285
2 10 105.57681
2 11 135.25987
2 12 144.78576
2 13 158.57253
2 14 196.69512
2 15 164.31099
2 16 195.72167
2 17 196.00518
2 18 192.91579
2 19 110.69103
2 20 109.34003
2 21 155.63629
2 22 188.90349
2 23 120.32859
2 24 190.04265
2 25 112.23859
2 26 116.46844
2 27 109.25724
2 28 151.02725
2 29 163.55154
2 30 168.31682
2 31 105.35533
2 32 178.55153
2 33 149.26349
2 34 154.58755
2 35 131.86714
2 36 177.80799
2 37 149.36404
2 38 123.05432
2 39 140.97282
2 40 130.15598
2 41 112.33437
2 42 186.6947
2 43 167.2791
2 44 106.39606
2 45 136.51903
2 46 110.3283
2 47 186.76186
2 48 113.53736
2 49 135.53391
3 4 192.95817
3 5 194.01463
3 6 159.54403
3 7 130.86559
3 8 120.15295
3 9 185.21146
3 10 108.65598
3 11 189.30471
3 12 138.77142
3 13 186.34012
3 14 142.08539
3 15 131.89456
3 16 172.38983
3 17 171.87207
3 18 186.33973
3 19 157.79923
3 20 177.37848
3 21 126.90442
3 22 163.55265
3 23 124.02902
3 24 140.39848
3 25 156.46218
3 26 181.14536
3 27 174.37329
3 28 198.33026
3 29 151.1117
3 30 143.42623
3 31 176.47205
3 32 126.73497
3 33 151.41698
3 34 149.10342
3 35 167.64479
3 36 130.18196
3 37 168.78183
3 38 134.74332
3 39 188.52223
3 40 102.56583
3 41 184.08282
3 42 148.27456
3 43 147.70241
3 44 125.59626
3 45 107.29774
3 46 186.77888
3 47 138.46777
3 48 132.94756
3 49 194.98583
4 5 173.51303
4 6 161.70611
4 7 151.13017
4 8 132.39037
4 9 181.30315
4 10 181.67123
4 11 110.49653
4 12 113.69971
4 13 148.65838
4 14 105.10651
4 15 181.07082
4 16 126.90791
4 17 147.64653
4 18 135.68875
4 19 140.0046
4 20 169.22966
4 21 128.59068
4 22 199.24008
4 23 157.31993
4 24 103.25585
4 25 166.77154
4 26 166.22091
4 27 112.60492
4 28 153.16631
4 29 110.69019
4 30 140.43512
4 31 188.23397
4 32 140.02955
4 33 187.18453
4 34 166.17177
4 35 141.51076
4 36 189.092
4 37 175.34483
4 38 169.07174
4 39 139.0753
4 40 175.82104
4 41 124.68812
4 42 119.89765
4 43 129.75576
4 44 106.57767
4 45 105.25403
4 46 130.09068
4 47 123.06528
4 48 120.53786
4 49 122.79666
5 6 191.61182
5 7 172.04551
5 8 103.2103
5 9 115.09984
5 10 195.12638
5 11 131.17598
5 12 118.44763
5 13 106.04704
5 14 105.51116
5 15 141.41431
5 16 128.91567
5 17 107.64198
5 18 130.12009
5 19 109.79068
5 20 101.55967
5 21 196.63461
5 22 198.01507
5 23 127.55462
5 24 181.20573
5 25 146.49865
5 26 118.91199
5 27 143.6974
5 28 149.71197
5 29 151.11464
5 30 122.03077
5 31 122.60276
5 32 134.68976
5 33 131.73108
5 34 155.21181
5 35 153.70207
5 36 114.00218
5 37 136.30682
5 38 122.17664
5 39 187.34599
5 40 171.38515
5 41 170.73945
5 42 117.80225
5 43 191.68524
5 44 175.29419
5 45 158.45723
5 46 173.48233
5 47 114.08657
5 48 187.45213
5 49 159.77792
6 7 194.61585
6 8 149.84869
6 9 146.26275
6 10 127.57975
6 11 172.40211
6 12 154.59567
6 13 113.51172
6 14 171.38427
6 15 110.73716
6 16 106.58879
6 17 147.89612
6 18 175.18995
6 19 114.96036
6 20 196.18827
6 21 103.12822
6 22 121.05111
6 23 138.85255
6 24 136.21545
6 25 131.40091
6 26 117.44183
6 27 159.93294
6 28 126.01332
6 29 123.78477
6 30 142.21047
6 31 194.61489
6 32 107.58716
6 33 195.45581
6 34 122.35307
6 35 102.20366
6 36 105.59624
6 37 112.44193
6 38 101.85545
6 39 182.28027
6 40 190.09164
6 41 152.42076
6 42 150.45833
6 43 188.83355
6 44 108.29038
6 45 186.19164
6 46 110.37503
6 47 184.71242
6 48 128.16205
6 49 103.47843
7 8 197.2693
7 9 138.86732
7 10 101.83368
7 11 166.15182
7 12 103.97141
7 13 102.45082
7 14 106.69426
7 15 124.49963
7 16 117.58334
7 17 150.88451
7 18 149.32386
7 19 117.32761
7 20 126.0585
7 21 178.90749
7 22 124.42086
7 23 173.81706
7 24 197.40577
7 25 133.63487
7 26 122.10079
7 27 107.07255
7 28 111.14192
7 29 182.7819
7 30 199.75687
7 31 178.45615
7 32 184.9581
7 33 115.34311
7 34 162.3124
7 35 152.82633
7 36 181.74473
7 37 186.38877
7 38 178.3717
7 39 173.48842
7 40 109.37361
7 41 189.99067
7 42 120.01283
7 43 178.05628
7 44 152.84451
7 45 143.5415
7 46 192.02275
7 47 165.03542
7 48 199.21301
7 49 186.20432
8 9 180.375
8 10 123.74616
8 11 106.70958
8 12 164.40249
8 13 193.67892
8 14 109.24864
8 15 104.24071
8 16 149.29207
8 17 129.3812
8 18 169.0555
8 19 122.3284
8 20 104.17655
8 21 125.68605
8 22 181.32299
8 23 164.06402
8 24 102.07137
8 25 158.40151
8 26 170.17888
8 27 101.66615
8 28 159.03819
8 29 186.45381
8 30 151.75677
8 31 154.34403
8 32 145.87869
8 33 189.62504
8 34 192.95206
8 35 150.49185
8 36 187.47969
8 37 149.09423
8 38 142.76598
8 39 127.3588
8 40 112.90679
8 41 180.89188
8 42 157.32221
8 43 122.26878
8 44 156.4205
8 45 194.20607
8 46 122.01586
8 47 168.41242
8 48 168.83845
8 49 148.46406
9 10 180.91516
9 11 132.27112
9 12 121.38248
9 13 192.35975
9 14 169.64703
9 15 171.93153
9 16 194.50817
9 17 179.72191
9 18 198.9844
9 19 160.58101
9 20 134.2192
9 21 160.07788
9 22 129.76736
9 23 123.58725
9 24 186.8798
9 25 127.61787
9 26 128.67565
9 27 156.50949
9 28 145.80557
9 29 150.89766
9 30 186.06274
9 31 172.78303
9 32 115.80693
9 33 186.42753
9 34 190.8431
9 35 116.77178
9 36 122.69339
9 37 166.18653
9 38 115.97979
9 39 197.9388
9 40 184.74573
9 41 140.39046
9 42 161.7064
9 43 176.72727
9 44 132.25165
9 45 162.636
9 46 138.36701
9 47 133.61091
9 48 101.09998
9 49 190.77144
10 11 112.22097
10 12 119.45743
10 13 143.73571
10 14 124.31479
10 15 108.43497
10 16 176.0333
10 17 155.16736
10 18 108.74704
10 19 172.49086
10 20 169.72675
10 21 155.85387
10 22 178.04023
10 23 148.61254
10 24 163.926
10 25 124.39069
10 26 109.8958
10 27 182.92483
10 28 182.36535
10 29 122.61737
10 30 173.40734
10 31 120.48356
10 32 119.14699
10 33 176.12114
10 34 114.21957
10 35 102.06493
10 36 130.70752
10 37 161.5653
10 38 120.09518
10 39 148.64754
10 40 117.54168
10 41 168.27297
10 42 189.48908
10 43 132.2341
10 44 199.09552
10 45 170.71971
10 46 116.91242
10 47 170.19247
10 48 150.97351
10 49 133.39581
11 12 186.39791
11 13 198.44906
11 14 165.15277
11 15 104.43259
11 16 192.01607
11 17 143.10636
11 18 151.08789
11 19 176.09387
11 20 151.92258
11 21 144.87471
11 22 193.53108
11 23 119.72468
11 24 159.29818
11 25 148.36095
11 26 190.46029
11 27 129.74143
11 28 120.61895
11 29 129.01705
11 30 140.16147
11 31 145.08206
11 32 197.72413
11 33 112.31078
11 34 133.0676
11 35 159.62912
11 36 136.69214
11 37 102.61708
11 38 161.1693
11 39 164.66738
11 40 112.87485
11 41 183.87308
11 42 192.25063
11 43 121.60712
11 44 106.08173
11 45 154.9928
11 46 111.62199
11 47 129.12694
11 48 143.73995
11 49 183.75557
12 13 112.01203
12 14 161.19142
12 15 175.45637
12 16 101.96524
12 17 149.03824
12 18 132.17975
12 19 185.40062
12 20 167.24846
12 21 185.16038
12 22 155.52552
12 23 146.16493
12 24 101.75744
12 25 104.99265
12 26 132.83877
12 27 194.13356
12 28 131.98723
12 29 189.21683
12 30 146.59759
12 31 147.64393
12 32 164.14296
12 33 174.74324
12 34 197.51757
12 35 193.97237
12 36 198.17134
12 37 132.13403
12 38 162.00927
12 39 171.72288
12 40 141.05458
12 41 110.53322
12 42 153.34399
12 43 190.76033
12 44 140.2662
12 45 185.50599
12 46 168.50728
12 47 191.81047
12 48 106.45058
12 49 168.59028
13 14 124.79121
13 15 101.16377
13 16 121.28332
13 17 111.38483
13 18 134.21816
13 19 174.00735
13 20 169.99582
13 21 119.6197
13 22 144.23007
13 23 175.18985
13 24 171.96805
13 25 175.35875
13 26 115.90314
13 27 191.62183
13 28 186.5473
13 29 173.43965
13 30 159.21084
13 31 136.39265
13 32 190.91088
13 33 106.50081
13 34 146.8667
13 35 188.46755
13 36 156.91633
13 37 110.03487
13 38 176.01095
13 39 159.71199
13 40 185.25635
13 41 195.93227
13 42 173.92752
13 43 121.34674
13 44 192.83148
13 45 143.51384
13 46 132.98615
13 47 148.34164
13 48 113.54189
13 49 154.99839
14 15 141.85204
14 16 172.97129
14 17 184.42431
14 18 133.11586
14 19 180.40164
14 20 165.1288
14 21 184.44399
14 22 158.04331
14 23 176.1031
14 24 152.65228
14 25 199.36327
14 26 171.56276
14 27 100.0857
14 28 120.30894
14 29 148.42792
14 30 162.57116
14 31 101.53263
14 32 184.72082
14 33 181.37825
14 34 168.16651
14 35 143.2182
14 36 108.43099
14 37 126.77608
14 38 191.63464
14 39 107.78952
14 40 122.96629
14 41 102.67531
14 42 136.8971
14 43 185.49158
14 44 182.47687
14 45 109.68897
14 46 137.90919
14 47 188.58124
14 48 136.46707
14 49 146.48765
15 16 161.61557
15 17 132.80697
15 18 166.0282
15 19 111.46041
15 20 144.18113
15 21 123.72766
15 22 155.58673
15 23 136.66469
15 24 160.54843
15 25 153.70922
15 26 162.1809
15 27 135.15506
15 28 188.69867
15 29 144.86169
15 30 134.40853
15 31 162.40077
15 32 185.57419
15 33 199.42105
15 34 116.56579
15 35 158.07239
15 36 187.25208
15 37 183.93038
15 38 125.45863
15 39 138.13399
15 40 144.76664
15 41 163.73743
15 42 163.68526
15 43 140.62494
15 44 152.55481
15 45 129.16123
15 46 165.26126
15 47 196.92035
15 48 167.63612
15 49 170.87951
16 17 104.41438
16 18 154.33288
16 19 150.9006
16 20 179.5819
16 21 133.17033
16 22 156.17117
16 23 198.59136
16 24 140.27136
16 25 110.0171
16 26 113.14744
16 27 115.24029
16 28 119.27431
16 29 183.50633
16 30 187.61693
16 31 128.27445
16 32 169.82472
16 33 122.29535
16 34 135.53575
16 35 112.65487
16 36 161.81457
16 37 105.88812
16 38 112.41547
16 39 190.13852
16 40 189.48221
16 41 162.15418
16 42 117.11147
16 43 152.80829
16 44 181.1217
16 45 138.67318
16 46 133.10561
16 47 168.01884
16 48 126.13115
16 49 126.34511
17 18 191.23061
17 19 156.61025
17 20 133.79146
17 21 120.91613
17 22 185.81239
17 23 154.08471
17 24 151.9674
17 25 158.93976
17 26 115.39862
17 27 145.01871
17 28 166.97056
17 29 196.42064
17 30 184.80414
17 31 187.0205
17 32 108.80394
17 33 160.38587
17 34 102.98365
17 35 153.65323
17 36 197.73675
17 37 128.17934
17 38 136.81677
17 39 175.86345
17 40 156.38632
17 41 109.82983
17 42 188.47303
17 43 167.06312
17 44 123.49908
17 45 116.68104
17 46 169.522
17 47 137.46708
17 48 194.44888
17 49 103.95812
18 19 166.29396
18 20 185.58967
18 21 173.82653
18 22 155.21991
18 23 170.16468
18 24 168.11086
18 25 107.81341
18 26 133.29657
18 27 153.32024
18 28 137.81041
18 29 175.00363
18 30 149.55077
18 31 170.70955
18 32 114.92162
18 33 186.0481
18 34 181.63014
18 35 160.41374
18 36 172.58051
18 37 104.84657
18 38 118.20275
18 39 126.11054
18 40 147.00713
18 41 181.74174
18 42 169.19641
18 43 146.41978
18 44 155.42867
18 45 167.57394
18 46 191.3846
18 47 137.86784
18 48 151.25878
18 49 119.77606
19 20 152.59995
19 21 139.15536
19 22 135.31141
19 23 105.49167
19 24 154.14636
19 25 188.16044
19 26 115.20248
19 27 140.72744
19 28 115.66441
19 29 148.03694
19 30 104.83501
19 31 147.02046
19 32 136.66633
19 33 175.21669
19 34 129.31631
19 35 137.09016
19 36 101.42883
19 37 133.6262
19 38 164.69581
19 39 189.15691
19 40 119.09295
19 41 138.71291
19 42 115.72432
19 43 114.59677
19 44 189.31439
19 45 176.15377
19 46 120.58449
19 47 175.55036
19 48 157.50354
19 49 110.75807
20 21 196.10722
20 22 129.64539
20 23 128.77675
20 24 167.27505
20 25 133.42312
20 26 155.17679
20 27 192.57325
20 28 160.32313
20 29 147.52064
20 30 181.07158
20 31 172.5556
20 32 104.71039
20 33 199.54883
20 34 125.7713
20 35 189.30811
20 36 157.16993
20 37 111.32704
20 38 164.30153
20 39 185.45015
20 40 161.01348
20 41 128.4538
20 42 155.80579
20 43 126.61494
20 44 102.69385
20 45 127.83004
20 46 135.38316
20 47 161.93357
20 48 113.6048
20 49 107.07332
21 22 183.76812
21 23 113.76773
21 24 125.07191
21 25 145.09433
21 26 127.14672
21 27 167.77348
21 28 188.47175
21 29 136.55283
21 30 169.35632
21 31 106.50952
21 32 142.48226
21 33 143.54741
21 34 106.78868
21 35 171.6924
21 36 182.09611
21 37 111.46213
21 38 185.19955
21 39 170.22633
21 40 185.00713
21 41 119.36923
21 42 194.69439
21 43 178.45413
21 44 149.47577
21 45 121.45332
21 46 134.75505
21 47 139.64538
21 48 150.94455
21 49 158.0203
22 23 172.68646
22 24 113.45753
22 25 197.46434
22 26 118.37414
22 27 147.19478
22 28 131.20405
22 29 156.65212
22 30 170.41362
22 31 187.41404
22 32 180.49004
22 33 127.78108
22 34 180.30182
22 35 119.2431
22 36 115.81349
22 37 150.68681
22 38 162.40502
22 39 177.22969
22 40 127.38223
22 41 133.03545
22 42 159.9013
22 43 142.0843
22 44 112.81547
22 45 110.36821
22 46 172.61747
22 47 124.02173
22 48 187.03991
22 49 121.52875
23 24 180.60731
23 25 158.57301
23 26 123.13773
23 27 154.94545
23 28 106.78894
23 29 148.00179
23 30 162.4787
23 31 133.32801
23 32 126.39635
23 33 190.40971
23 34 169.75671
23 35 169.24755
23 36 133.34197
23 37 154.83399
23 38 133.78538
23 39 182.35481
23 40 103.03623
23 41 128.66829
23 42 171.1234
23 43 140.74054
23 44 143.79088
23 45 144.46666
23 46 117.39968
23 47 156.52579
23 48 186.27213
23 49 181.59532
24 25 155.79734
24 26 178.65115
24 27 157.0349
24 28 109.52786
24 29 109.497
24 30 161.59514
24 31 161.91611
24 32 113.73407
24 33 194.89752
24 34 168.52426
24 35 136.42049
24 36 150.24823
24 37 168.74998
24 38 198.57822
24 39 185.04045
24 40 191.56517
24 41 168.62087
24 42 180.64748
24 43 111.66054
24 44 174.83502
24 45 183.93688
24 46 162.71512
24 47 156.04145
24 48 151.02497
24 49 186.74407
25 26 168.56326
25 27 174.18257
25 28 168.23985
25 29 100.19738
25 30 111.3378
25 31 175.40057
25 32 127.98469
25 33 101.31886
25 34 179.20558
25 35 146.54576
25 36 190.39491
25 37 113.63004
25 38 194.81782
25 39 194.07253
25 40 140.67163
25 41 120.53146
25 42 112.65385
25 43 102.64623
25 44 186.30246
25 45 195.78841
25 46 141.10944
25 47 182.13091
25 48 161.72945
25 49 160.23661
26 27 168.17912
26 28 175.91114
26 29 143.28661
26 30 112.29294
26 31 161.55437
26 32 180.70144
26 33 154.33688
26 34 136.19877
26 35 171.2039
26 36 105.17077
26 37 145.93294
26 38 172.16022
26 39 154.25808
26 40 188.14402
26 41 151.87793
26 42 189.01629
26 43 151.42927
26 44 193.73563
26 45 115.77326
26 46 189.12686
26 47 181.52344
26 48 188.19104
26 49 190.0206
27 28 185.94883
27 29 123.84209
27 30 175.90435
27 31 183.54622
27 32 153.93786
27 33 184.24372
27 34 181.51946
27 35 123.7885
27 36 169.03219
27 37 168.93643
27 38 103.02729
27 39 138.85492
27 40 177.50907
27 41 137.33231
27 42 199.10645
27 43 123.86689
27 44 173.52932
27 45 123.40604
27 46 119.53732
27 47 143.82552
27 48 129.59212
27 49 141.89127
28 29 141.495
28 30 138.73562
28 31 120.38787
28 32 109.52105
28 33 137.51315
28 34 127.79134
28 35 127.26708
28 36 123.72285
28 37 165.49267
28 38 143.09873
28 39 123.29034
28 40 117.05135
28 41 145.20197
28 42 104.87417
28 43 170.68227
28 44 138.86296
28 45 142.85835
28 46 132.50543
28 47 142.85363
28 48 150.12694
28 49 165.55142
29 30 197.74106
29 31 164.90749
29 32 182.38131
29 33 187.90839
29 34 161.00094
29 35 104.8098
29 36 158.54768
29 37 135.20654
29 38 154.06597
29 39 187.81526
29 40 158.45561
29 41 188.68963
29 42 141.90281
29 43 162.68742
29 44 143.80741
29 45 144.82939
29 46 195.54714
29 47 156.65377
29 48 139.69161
29 49 193.84936
30 31 172.61119
30 32 124.47383
30 33 179.19131
30 34 131.69088
30 35 130.75966
30 36 115.59478
30 37 164.75577
30 38 127.84663
30 39 195.30593
30 40 189.53602
30 41 164.18858
30 42 188.44545
30 43 101.48941
30 44 197.11626
30 45 162.96303
30 46 185.8797
30 47 192.34585
30 48 116.06296
30 49 139.88413
31 32 179.80772
31 33 103.19329
31 34 194.58877
31 35 171.62214
31 36 171.6398
31 37 129.7568
31 38 143.68877
31 39 141.00288
31 40 137.0973
31 41 101.65626
31 42 171.9358
31 43 190.77214
31 44 157.14611
31 45 166.22048
31 46 150.76756
31 47 150.46573
31 48 175.57945
31 49 148.26937
32 33 199.10507
32 34 190.86522
32 35 111.56612
32 36 105.47339
32 37 127.35509
32 38 122.40134
32 39 126.76558
32 40 107.99814
32 41 117.8762
32 42 139.53554
32 43 195.85765
32 44 126.17152
32 45 112.41515
32 46 193.74004
32 47 124.29053
32 48 138.56898
32 49 132.02346
33 34 107.88496
33 35 164.72726
33 36 114.51204
33 37 151.78334
33 38 142.66867
33 39 186.26665
33 40 164.34353
33 41 148.90537
33 42 161.94458
33 43 166.96297
33 44 163.07042
33 45 149.53153
33 46 108.24834
33 47 144.15799
33 48 154.51588
33 49 132.58079
34 35 162.98927
34 36 177.62108
34 37 183.61162
34 38 175.99501
34 39 176.78148
34 40 126.20199
34 41 120.52057
34 42 169.22854
34 43 185.18066
34 44 100.85503
34 45 167.45574
34 46 166.40414
34 47 179.27145
34 48 133.11605
34 49 133.93319
35 36 188.20152
35 37 123.71804
35 38 121.61242
35 39 114.41495
35 40 147.23916
35 41 188.46904
35 42 196.43428
35 43 161.78337
35 44 118.84845
35 45 176.82181
35 46 151.85116
35 47 169.50785
35 48 132.15641
35 49 150.28942
36 37 196.87792
36 38 117.42185
36 39 193.42399
36 40 184.01475
36 41 131.29241
36 42 112.94937
36 43 188.44062
36 44 108.22031
36 45 192.00259
36 46 100.75173
36 47 178.93628
36 48 126.57102
36 49 149.46184
37 38 126.24498
37 39 138.59595
37 40 108.04028
37 41 140.68493
37 42 125.83524
37 43 158.42284
37 44 165.9786
37 45 194.59299
37 46 159.58563
37 47 134.59317
37 48 135.87841
37 49 199.26284
38 39 141.23468
38 40 152.19228
38 41 158.92008
38 42 156.29877
38 43 112.06535
38 44 172.19921
38 45 104.519
38 46 169.42901
38 47 140.1231
38 48 153.12588
38 49 100.9326
39 40 173.54811
39 41 195.17898
39 42 120.4442
39 43 112.39607
39 44 186.54399
39 45 131.63256
39 46 179.04697
39 47 177.09218
39 48 121.80655
39 49 185.01898
40 41 142.37059
40 42 148.36014
40 43 146.42487
40 44 101.29489
40 45 130.08502
40 46 106.0408
40 47 102.56816
40 48 138.79565
40 49 155.74041
41 42 189.4415
41 43 168.32583
41 44 123.12715
41 45 126.45557
41 46 149.24961
41 47 128.36452
41 48 193.45804
41 49 174.80896
42 43 184.35158
42 44 164.15199
42 45 182.89828
42 46 112.69591
42 47 113.61048
42 48 124.27597
42 49 112.67752
43 44 146.10435
43 45 123.7349
43 46 150.77144
43 47 185.45661
43 48 149.36856
43 49 175.21365
44 45 156.65371
44 46 140.99047
44 47 118.08857
44 48 125.57044
44 49 169.97405
45 46 163.89602
45 47 192.70472
45 48 178.64758
45 49 150.74731
46 47 175.21483
46 48 108.79868
46 49 123.32356
47 48 154.08771
47 49 108.31619
48 49 174.54509
