100 30
0 1 117.14135
0 2 168.79944
0 3 145.35432
0 4 181.45206
0 5 198.30352
0 6 179.22636
0 7 111.25624
0 8 189.59412
0 9 163.1076
0 10 167.70936
0 11 160.75833
0 12 151.75861
0 13 148.69587
0 14 161.42689
0 15 119.39453
0 16 187.28111
0 17 154.29426
0 18 163.93058
0 19 148.75222
0 20 130.27503
0 21 125.07632
0 22 149.15017
0 23 130.91031
0 24 185.00206
0 25 100.77025
0 26 107.28582
0 27 156.37331
0 28 119.73466
0 29 195.38958
0 30 152.86957
0 31 125.99382
0 32 136.50463
0 33 195.35061
0 34 105.3362
0 35 150.30405
0 36 166.5181
0 37 112.2242
0 38 116.38493
0 39 185.33251
0 40 133.48538
0 41 117.13031
0 42 159.19847
0 43 173.09669
0 44 107.4668
0 45 195.99543
0 46 114.04794
0 47 104.50331
0 48 161.08537
0 49 159.29389
0 50 109.11685
0 51 107.06359
0 52 195.23585
0 53 169.57374
0 54 129.10888
0 55 154.73863
0 56 100.46947
0 57 136.98277
0 58 198.70128
0 59 174.61939
0 60 108.43177
0 61 159.81084
0 62 191.64276
0 63 197.80066
0 64 192.97421
0 65 143.81904
0 66 174.94993
0 67 144.70291
0 68 189.43325
0 69 198.45425
0 70 196.68604
0 71 133.01737
0 72 162.83476
0 73 114.13463
0 74 164.422
0 75 113.66815
0 76 176.06288
0 77 174.67547
0 78 155.6441
0 79 180.74185
0 80 135.65406
0 81 148.73196
0 82 111.05908
0 83 190.67014
0 84 121.65867
0 85 113.06163
0 86 178.06523
0 87 169.7171
0 88 166.37257
0 89 122.79888
0 90 127.39447
0 91 167.73298
0 92 159.43515
0 93 106.25897
0 94 104.06354
0 95 165.87239
0 96 133.41434
0 97 113.15463
0 98 182.81615
0 99 130.68078
1 2 141.05519
1 3 174.52083
1 4 185.85999
1 5 135.45918
1 6 194.25351
1 7 189.62764
1 8 182.53256
1 9 108.18675
1 10 183.81306
1 11 144.99128
1 12 180.96373
1 13 136.03142
1 14 182.2463
1 15 160.13581
1 16 107.59999
1 17 147.57011
1 18 111.6292
1 19 121.60266
1 20 101.55291
1 21 125.09299
1 22 182.38526
1 23 134.84315
1 24 174.23897
1 25 165.8403
1 26 138.08572
1 27 112.99662
1 28 125.51155
1 29 125.23531
1 30 183.75176
1 31 185.28346
1 32 140.60424
1 33 151.4853
1 34 138.23118
1 35 112.20535
1 36 147.96444
1 37 161.23117
1 38 168.98407
1 39 132.33378
1 40 157.00388
1 41 111.38421
1 42 183.5403
1 43 135.49806
1 44 186.19291
1 45 151.04997
1 46 175.33115
1 47 195.60479
1 48 102.04835
1 49 190.21755
1 50 185.33042
1 51 114.09419
1 52 155.41898
1 53 146.10354
1 54 177.28071
1 55 120.56745
1 56 114.27452
1 57 105.20324
1 58 191.28163
1 59 178.89829
1 60 112.24127
1 61 121.24207
1 62 114.28646
1 63 140.10069
1 64 157.68789
1 65 157.80319
1 66 171.54645
1 67 127.55595
1 68 168.35963
1 69 149.90899
1 70 167.80029
1 71 141.23921
1 72 168.95817
1 73 112.43196
1 74 161.14836
1 75 121.28284
1 76 157.67979
1 77 186.01056
1 78 100.54594
1 79 164.83084
1 80 142.02846
1 81 192.04455
1 82 183.16339
1 83 151.13125
1 84 153.91293
1 85 174.40064
1 86 159.02228
1 87 139.29597
1 88 105.06119
1 89 172.17651
1 90 168.58041
1 91 167.16239
1 92 121.83319
1 93 100.79577
1 94 148.1922
1 95 161.8835
1 96 168.30916
1 97 130.04437
1 98 113.73673
1 99 132.32772
2 3 123.80912
2 4 158.88992
2 5 174.79078
2 6 165.64644
2 7 167.21004
2 8 184.24269
2 9 106.76675
2 10 191.79473
2 11 156.56982
2 12 115.30164
2 13 179.4407
2 14 116.08175
2 15 136.31046
2 16 114.59919
2 17 192.72134
2 18 129.02478
2 19 160.94255
2 20 174.71889
2 21 146.12334
2 22 157.348
2 23 132.35649
2 24 182.59341
2 25 104.62845
2 26 136.75459
2 27 171.32523
2 28 114.07717
2 29 105.70249
2 30 126.28549
2 31 193.31999
2 32 118.11359
2 33 154.77891
2 34 169.35089
2 35 146.00454
2 36 139.7993
2 37 156.44812
2 38 127.86002
2 39 185.94958
2 40 122.08476
2 41 130.29287
2 42 130.72562
2 43 121.86521
2 44 154.1486
2 45 173.51594
2 46 189.1724
2 47 195.82219
2 48 181.98694
2 49 159.04626
2 50 161.38021
2 51 165.88655
2 52 184.62077
2 53 194.6123
2 54 195.09933
2 55 108.06653
2 56 173.22524
2 57 164.87665
2 58 114.84547
2 59 100.5113
2 60 173.58672
2 61 146.56533
2 62 108.05685
2 63 189.58668
2 64 174.52192
2 65 116.91998
2 66 170.03078
2 67 168.90277
2 68 123.21035
2 69 139.44029
2 70 109.72925
2 71 159.47244
2 72 153.07776
2 73 187.64569
2 74 179.80448
2 75 163.9944
2 76 183.90605
2 77 180.98708
2 78 100.18379
2 79 142.55923
2 80 176.7624
2 81 109.40379
2 82 140.18982
2 83 145.57157
2 84 129.18885
2 85 178.73073
2 86 111.50132
2 87 132.38074
2 88 171.30017
2 89 189.57661
2 90 173.26173
2 91 106.63378
2 92 132.14282
2 93 170.38239
2 94 149.25552
2 95 180.16587
2 96 183.93936
2 97 111.85708
2 98 121.46894
2 99 118.01061
3 4 191.7588
3 5 101.43425
3 6 106.00898
3 7 130.15065
3 8 172.9689
3 9 113.11643
3 10 154.85385
3 11 163.86257
3 12 138.70149
3 13 188.60536
3 14 158.67904
3 15 134.17924
3 16 107.10984
3 17 132.38438
3 18 140.11952
3 19 152.99387
3 20 175.33457
3 21 178.13581
3 22 157.92017
3 23 192.96485
3 24 146.93293
3 25 179.50329
3 26 194.36066
3 27 172.15729
3 28 136.1855
3 29 187.70427
3 30 159.39433
3 31 121.46622
3 32 113.86695
3 33 163.82047
3 34 195.0219
3 35 177.21512
3 36 131.3826
3 37 185.8664
3 38 182.76024
3 39 124.59858
3 40 106.55684
3 41 141.47145
3 42 178.33717
3 43 180.92696
3 44 165.99571
3 45 121.10731
3 46 126.3423
3 47 191.23069
3 48 134.17593
3 49 185.55527
3 50 196.16857
3 51 198.4487
3 52 140.08624
3 53 195.17259
3 54 130.01348
3 55 158.60236
3 56 120.61133
3 57 131.31903
3 58 104.31757
3 59 152.09685
3 60 126.08824
3 61 102.35989
3 62 181.22218
3 63 195.63832
3 64 139.73305
3 65 123.36044
3 66 168.19787
3 67 165.37183
3 68 177.84458
3 69 153.36176
3 70 115.55877
3 71 178.75906
3 72 171.02652
3 73 186.53127
3 74 196.23621
3 75 161.42805
3 76 192.20184
3 77 114.35672
3 78 173.83036
3 79 163.90914
3 80 119.2732
3 81 167.21528
3 82 111.81388
3 83 103.36485
3 84 159.06029
3 85 170.9032
3 86 110.13907
3 87 100.50912
3 88 145.28944
3 89 103.94709
3 90 113.63591
3 91 109.43225
3 92 107.15283
3 93 149.70666
3 94 190.58095
3 95 169.26542
3 96 133.63781
3 97 109.57837
3 98 184.24921
3 99 148.49764
4 5 157.01935
4 6 105.72873
4 7 116.90678
4 8 169.83853
4 9 136.90153
4 10 197.34729
4 11 155.22772
4 12 112.46015
4 13 150.27947
4 14 167.37494
4 15 195.51221
4 16 174.82705
4 17 171.41147
4 18 196.96965
4 19 163.36905
4 20 197.74695
4 21 186.61131
4 22 158.85731
4 23 103.11574
4 24 183.36342
4 25 187.63026
4 26 171.45437
4 27 127.67998
4 28 135.21861
4 29 167.77049
4 30 183.35084
4 31 151.92805
4 32 199.29138
4 33 118.16739
4 34 195.67101
4 35 173.00583
4 36 173.27028
4 37 117.61528
4 38 118.2826
4 39 155.35713
4 40 191.69899
4 41 180.49568
4 42 165.5469
4 43 126.383
4 44 163.60075
4 45 106.35476
4 46 104.08617
4 47 165.85242
4 48 103.45197
4 49 170.33095
4 50 124.03958
4 51 192.89811
4 52 107.42528
4 53 165.23182
4 54 157.70726
4 55 142.32826
4 56 119.50706
4 57 185.69532
4 58 132.75923
4 59 177.64596
4 60 190.50842
4 61 190.72701
4 62 192.41646
4 63 124.75358
4 64 199.68671
4 65 193.77693
4 66 171.97107
4 67 172.28247
4 68 144.04221
4 69 107.19609
4 70 121.46169
4 71 146.99921
4 72 137.37631
4 73 186.72371
4 74 182.57625
4 75 108.61516
4 76 142.72852
4 77 159.52365
4 78 134.67997
4 79 195.64139
4 80 177.64713
4 81 178.31214
4 82 186.55391
4 83 178.51887
4 84 155.46344
4 85 189.81248
4 86 183.2169
4 87 198.36187
4 88 155.25895
4 89 148.68349
4 90 102.53765
4 91 130.48364
4 92 162.6377
4 93 146.506
4 94 125.46206
4 95 153.69841
4 96 180.33944
4 97 165.37557
4 98 125.25483
4 99 147.49236
5 6 134.42729
5 7 105.34168
5 8 111.05198
5 9 193.31925
5 10 190.30521
5 11 146.86667
5 12 148.63967
5 13 100.33242
5 14 186.71953
5 15 119.41289
5 16 101.71952
5 17 163.07104
5 18 142.67123
5 19 116.74203
5 20 171.06178
5 21 114.74308
5 22 162.72565
5 23 172.64047
5 24 193.76574
5 25 193.32398
5 26 192.1642
5 27 167.51192
5 28 165.92057
5 29 176.40767
5 30 180.38224
5 31 129.71039
5 32 164.53239
5 33 149.47881
5 34 188.40829
5 35 106.95295
5 36 126.8929
5 37 129.36736
5 38 172.4688
5 39 176.6397
5 40 159.75108
5 41 159.7724
5 42 140.35532
5 43 104.8475
5 44 191.44498
5 45 177.47581
5 46 114.59682
5 47 120.86066
5 48 171.99536
5 49 191.1978
5 50 174.01866
5 51 144.26341
5 52 167.06787
5 53 178.907
5 54 130.56171
5 55 169.52537
5 56 184.43557
5 57 137.86525
5 58 102.11266
5 59 138.13633
5 60 171.70794
5 61 120.01362
5 62 160.66687
5 63 195.95209
5 64 125.19377
5 65 193.49304
5 66 121.67988
5 67 168.11048
5 68 148.64648
5 69 102.62388
5 70 108.90844
5 71 185.25188
5 72 143.23688
5 73 165.87031
5 74 169.4242
5 75 173.25009
5 76 171.37806
5 77 123.66051
5 78 189.00227
5 79 110.44722
5 80 149.93121
5 81 125.84516
5 82 190.87508
5 83 109.09009
5 84 190.30982
5 85 165.23571
5 86 192.36225
5 87 174.8357
5 88 180.56433
5 89 148.52897
5 90 100.48271
5 91 188.73828
5 92 194.58555
5 93 112.07889
5 94 163.14367
5 95 160.33433
5 96 175.09252
5 97 133.52163
5 98 150.64609
5 99 180.88854
6 7 191.63703
6 8 172.29707
6 9 134.77425
6 10 167.65048
6 11 132.11916
6 12 153.96293
6 13 149.80376
6 14 182.51258
6 15 176.04255
6 16 199.34731
6 17 141.64575
6 18 184.36419
6 19 131.56139
6 20 131.66428
6 21 169.97438
6 22 103.36525
6 23 126.13041
6 24 160.83059
6 25 148.08436
6 26 189.36359
6 27 133.12879
6 28 137.86093
6 29 169.17217
6 30 124.69556
6 31 152.14838
6 32 126.59534
6 33 156.64966
6 34 191.19721
6 35 182.25759
6 36 169.0191
6 37 141.65794
6 38 180.86181
6 39 121.03381
6 40 195.16597
6 41 107.68237
6 42 106.8979
6 43 161.88545
6 44 172.13975
6 45 106.24911
6 46 122.58741
6 47 165.34951
6 48 131.94167
6 49 191.10174
6 50 111.58987
6 51 106.09323
6 52 132.05143
6 53 166.67969
6 54 171.35246
6 55 154.12063
6 56 118.07127
6 57 133.62067
6 58 123.11548
6 59 190.90396
6 60 140.63884
6 61 106.37097
6 62 138.04609
6 63 144.74629
6 64 106.08067
6 65 105.16265
6 66 197.7008
6 67 167.68297
6 68 132.97955
6 69 178.18
6 70 108.31555
6 71 186.5659
6 72 141.992
6 73 158.09305
6 74 113.43633
6 75 133.87568
6 76 100.88797
6 77 115.10031
6 78 119.64527
6 79 171.72201
6 80 108.59775
6 81 191.73619
6 82 106.60328
6 83 136.34863
6 84 122.61632
6 85 127.8076
6 86 104.15633
6 87 180.36813
6 88 196.58009
6 89 170.71095
6 90 106.72447
6 91 191.38083
6 92 134.81024
6 93 167.76986
6 94 173.00343
6 95 131.76626
6 96 116.19936
6 97 187.72135
6 98 181.21426
6 99 180.1203
7 8 105.56999
7 9 150.68018
7 10 104.88522
7 11 165.63265
7 12 161.50399
7 13 153.7817
7 14 101.37969
7 15 121.12339
7 16 183.90204
7 17 104.54504
7 18 125.32278
7 19 132.72288
7 20 113.19419
7 21 158.01358
7 22 131.21439
7 23 176.01383
7 24 152.93754
7 25 128.35247
7 26 198.9175
7 27 127.95304
7 28 101.49307
7 29 124.44856
7 30 157.26453
7 31 147.73375
7 32 127.71353
7 33 125.08357
7 34 187.4904
7 35 143.14746
7 36 150.44009
7 37 153.32829
7 38 156.10912
7 39 183.84144
7 40 158.87391
7 41 145.65287
7 42 127.43433
7 43 118.77469
7 44 104.5087
7 45 154.86699
7 46 195.98548
7 47 188.16369
7 48 145.31141
7 49 159.60368
7 50 196.67538
7 51 140.55589
7 52 166.44089
7 53 100.50137
7 54 151.58824
7 55 168.48548
7 56 127.32223
7 57 139.44907
7 58 144.67251
7 59 101.92822
7 60 179.2457
7 61 118.29667
7 62 134.27706
7 63 168.06281
7 64 187.97001
7 65 103.56104
7 66 108.17686
7 67 147.39646
7 68 151.57769
7 69 126.90508
7 70 182.83999
7 71 110.55011
7 72 137.36629
7 73 150.79871
7 74 187.54576
7 75 151.18553
7 76 128.22652
7 77 179.49009
7 78 167.98194
7 79 176.0691
7 80 115.19854
7 81 191.87587
7 82 161.49607
7 83 137.0103
7 84 125.69744
7 85 104.27177
7 86 172.25541
7 87 107.61208
7 88 197.59987
7 89 123.4245
7 90 123.169
7 91 110.97297
7 92 113.36558
7 93 106.57916
7 94 182.06636
7 95 122.2696
7 96 144.55477
7 97 132.07424
7 98 115.92133
7 99 106.98362
8 9 103.89722
8 10 188.24981
8 11 189.74436
8 12 152.89182
8 13 128.1442
8 14 122.85682
8 15 193.6712
8 16 127.32622
8 17 121.89995
8 18 129.20168
8 19 108.83682
8 20 174.34104
8 21 197.07517
8 22 180.45046
8 23 124.78367
8 24 191.91015
8 25 138.50552
8 26 197.7946
8 27 131.68984
8 28 139.68267
8 29 112.68576
8 30 110.18804
8 31 134.57197
8 32 183.12001
8 33 150.40881
8 34 142.25321
8 35 104.32738
8 36 151.06213
8 37 162.26557
8 38 176.2895
8 39 173.22798
8 40 137.82579
8 41 162.12063
8 42 121.84378
8 43 133.84407
8 44 183.59457
8 45 170.3097
8 46 110.85777
8 47 131.39256
8 48 111.03655
8 49 162.29957
8 50 180.43683
8 51 133.41778
8 52 127.83146
8 53 154.31236
8 54 125.21007
8 55 155.35866
8 56 106.44671
8 57 197.85214
8 58 195.15839
8 59 167.54437
8 60 193.59336
8 61 143.17876
8 62 145.98754
8 63 194.36952
8 64 164.42596
8 65 144.60827
8 66 147.06556
8 67 137.1292
8 68 196.41559
8 69 150.07751
8 70 175.94349
8 71 196.75185
8 72 161.97783
8 73 140.47346
8 74 133.67867
8 75 167.8713
8 76 139.16329
8 77 109.29034
8 78 119.6171
8 79 192.57501
8 80 104.61083
8 81 181.53041
8 82 128.05062
8 83 121.44919
8 84 198.55437
8 85 173.32514
8 86 100.99538
8 87 161.52441
8 88 104.34744
8 89 131.53193
8 90 129.85779
8 91 111.56367
8 92 155.65673
8 93 127.08287
8 94 181.56015
8 95 107.73611
8 96 141.76988
8 97 133.62725
8 98 199.09347
8 99 105.61825
9 10 172.18899
9 11 192.74771
9 12 100.21019
9 13 173.4298
9 14 145.6349
9 15 158.62276
9 16 162.86463
9 17 174.18635
9 18 169.75731
9 19 184.73872
9 20 122.0549
9 21 175.07443
9 22 157.72487
9 23 184.33475
9 24 186.7997
9 25 110.22486
9 26 176.8987
9 27 157.61498
9 28 106.58231
9 29 165.76701
9 30 124.7649
9 31 102.05784
9 32 145.15626
9 33 101.53063
9 34 140.59303
9 35 190.31655
9 36 118.65381
9 37 118.49447
9 38 178.64407
9 39 121.09028
9 40 190.20577
9 41 168.65343
9 42 110.74237
9 43 133.56742
9 44 145.30253
9 45 121.78679
9 46 179.58105
9 47 127.76002
9 48 147.36789
9 49 189.97092
9 50 195.72191
9 51 152.80606
9 52 112.01313
9 53 110.27971
9 54 127.94951
9 55 109.04863
9 56 159.78034
9 57 178.18831
9 58 167.56433
9 59 118.89146
9 60 145.99553
9 61 162.95774
9 62 113.11349
9 63 140.02318
9 64 177.12852
9 65 158.96961
9 66 161.03914
9 67 116.97093
9 68 113.90135
9 69 172.56787
9 70 179.16389
9 71 194.48074
9 72 178.06597
9 73 135.72267
9 74 142.63228
9 75 104.34418
9 76 135.79019
9 77 101.34621
9 78 147.18177
9 79 140.09
9 80 187.59153
9 81 121.13501
9 82 126.0306
9 83 175.41821
9 84 160.16087
9 85 186.80467
9 86 168.74986
9 87 144.16712
9 88 192.73019
9 89 146.87764
9 90 188.6616
9 91 115.77964
9 92 134.04237
9 93 134.57724
9 94 155.45801
9 95 187.37226
9 96 122.07472
9 97 125.30719
9 98 166.01458
9 99 150.86733
10 11 192.80965
10 12 117.83349
10 13 169.53603
10 14 183.47337
10 15 107.50676
10 16 134.75413
10 17 123.13651
10 18 152.67934
10 19 110.95015
10 20 125.5225
10 21 180.66421
10 22 147.79473
10 23 120.83543
10 24 169.21571
10 25 185.19825
10 26 195.79932
10 27 163.71154
10 28 146.03491
10 29 166.62847
10 30 130.48376
10 31 178.70158
10 32 105.13421
10 33 174.63319
10 34 111.55659
10 35 137.38353
10 36 113.80204
10 37 133.51207
10 38 168.75357
10 39 167.13944
10 40 182.72185
10 41 102.11821
10 42 116.15896
10 43 137.408
10 44 110.18748
10 45 189.72556
10 46 181.68386
10 47 124.55418
10 48 131.00305
10 49 143.81056
10 50 139.7755
10 51 134.35021
10 52 167.54794
10 53 134.13003
10 54 164.11097
10 55 113.38561
10 56 157.75919
10 57 151.11028
10 58 149.71551
10 59 169.82827
10 60 133.43708
10 61 154.79461
10 62 193.51779
10 63 117.34092
10 64 116.24884
10 65 137.71038
10 66 170.01464
10 67 122.11605
10 68 161.90089
10 69 101.87808
10 70 172.89732
10 71 107.24871
10 72 153.1609
10 73 131.55236
10 74 109.87878
10 75 183.50722
10 76 187.79117
10 77 117.06431
10 78 133.43331
10 79 178.14695
10 80 182.52497
10 81 114.00262
10 82 122.25737
10 83 114.86336
10 84 186.65006
10 85 173.59256
10 86 194.14861
10 87 111.76687
10 88 113.39909
10 89 116.25012
10 90 150.03795
10 91 101.50652
10 92 105.62922
10 93 194.87551
10 94 127.98656
10 95 165.06761
10 96 138.17145
10 97 149.11445
10 98 109.16974
10 99 174.0957
11 12 112.09593
11 13 192.23814
11 14 165.89846
11 15 112.69378
11 16 180.84934
11 17 179.69755
11 18 159.94368
11 19 184.13648
11 20 182.50031
11 21 154.80965
11 22 171.40438
11 23 138.18995
11 24 114.10131
11 25 196.86774
11 26 125.23659
11 27 149.28867
11 28 159.20041
11 29 157.16905
11 30 129.89142
11 31 138.24508
11 32 114.58369
11 33 106.59779
11 34 187.62487
11 35 169.53963
11 36 105.3295
11 37 111.73857
11 38 101.30655
11 39 148.00809
11 40 110.22545
11 41 145.02817
11 42 182.74915
11 43 158.81054
11 44 128.12558
11 45 192.57095
11 46 153.73502
11 47 164.2206
11 48 135.44194
11 49 137.04747
11 50 166.34425
11 51 130.9089
11 52 140.68819
11 53 167.0841
11 54 149.31654
11 55 156.64483
11 56 104.14174
11 57 104.58637
11 58 166.96142
11 59 148.99557
11 60 176.05946
11 61 105.97314
11 62 132.10951
11 63 182.37827
11 64 191.94646
11 65 179.57103
11 66 102.88606
11 67 133.04181
11 68 172.86652
11 69 114.74139
11 70 199.16
11 71 170.03384
11 72 105.80158
11 73 101.55176
11 74 113.50021
11 75 142.22662
11 76 160.90449
11 77 185.16486
11 78 122.80086
11 79 151.73581
11 80 153.87214
11 81 105.61347
11 82 179.5013
11 83 186.44195
11 84 175.25393
11 85 166.6358
11 86 187.27882
11 87 154.58565
11 88 117.66412
11 89 190.94616
11 90 198.20644
11 91 104.81031
11 92 158.75002
11 93 168.40586
11 94 165.64586
11 95 119.71626
11 96 136.94683
11 97 163.24297
11 98 133.10667
11 99 107.58577
12 13 156.63661
12 14 110.54773
12 15 168.30658
12 16 153.29533
12 17 183.28604
12 18 160.5676
12 19 143.48515
12 20 192.81478
12 21 196.71215
12 22 164.33745
12 23 135.90998
12 24 131.27321
12 25 188.09665
12 26 148.28163
12 27 174.0084
12 28 183.3426
12 29 170.84731
12 30 104.23755
12 31 146.55324
12 32 173.98477
12 33 143.4092
12 34 109.38723
12 35 109.34287
12 36 124.7937
12 37 122.55006
12 38 123.23239
12 39 193.83516
12 40 141.1486
12 41 162.39588
12 42 163.84319
12 43 150.20005
12 44 121.06219
12 45 157.5976
12 46 128.91273
12 47 196.28101
12 48 116.66473
12 49 105.31331
12 50 184.47036
12 51 168.07684
12 52 125.88867
12 53 104.28316
12 54 132.82891
12 55 186.57152
12 56 169.29921
12 57 158.06674
12 58 149.63652
12 59 136.9628
12 60 150.62986
12 61 147.07995
12 62 108.34489
12 63 158.95786
12 64 142.63523
12 65 167.97144
12 66 125.2545
12 67 115.29812
12 68 196.18685
12 69 159.36244
12 70 143.59493
12 71 108.27362
12 72 188.99802
12 73 199.21249
12 74 132.63005
12 75 129.08558
12 76 126.15445
12 77 176.65568
12 78 140.58621
12 79 117.62121
12 80 125.35193
12 81 151.43979
12 82 142.6642
12 83 170.51407
12 84 111.95982
12 85 137.291
12 86 191.14199
12 87 198.7056
12 88 138.40849
12 89 193.14338
12 90 150.30923
12 91 132.01085
12 92 179.05161
12 93 199.27078
12 94 117.87317
12 95 171.63081
12 96 190.64575
12 97 177.66439
12 98 116.38106
12 99 183.91793
13 14 197.75327
13 15 162.20593
13 16 156.30018
13 17 100.87808
13 18 100.67276
13 19 137.82915
13 20 108.6805
13 21 193.28427
13 22 187.1304
13 23 196.03745
13 24 127.86776
13 25 112.30605
13 26 155.35506
13 27 187.46298
13 28 180.01009
13 29 136.21557
13 30 162.11081
13 31 125.16371
13 32 151.68683
13 33 146.68555
13 34 163.95306
13 35 112.25556
13 36 152.66682
13 37 148.04714
13 38 143.43275
13 39 187.46898
13 40 169.44756
13 41 160.83827
13 42 161.93542
13 43 187.73528
13 44 101.03592
13 45 149.91889
13 46 160.0829
13 47 157.68528
13 48 168.39167
13 49 193.41467
13 50 168.84851
13 51 119.52126
13 52 199.21252
13 53 101.60373
13 54 120.73061
13 55 185.08999
13 56 151.76281
13 57 150.72331
13 58 169.50679
13 59 145.44078
13 60 194.90125
13 61 152.27353
13 62 177.06164
13 63 100.61573
13 64 133.13813
13 65 189.24726
13 66 176.00787
13 67 108.22317
13 68 124.3565
13 69 147.03128
13 70 148.22953
13 71 104.7426
13 72 185.57026
13 73 116.33403
13 74 154.17939
13 75 194.39149
13 76 155.88757
13 77 197.07469
13 78 162.99243
13 79 113.38065
13 80 127.81777
13 81 113.72799
13 82 130.1103
13 83 113.70801
13 84 199.06263
13 85 102.85057
13 86 176.02093
13 87 106.59976
13 88 113.52634
13 89 105.04269
13 90 133.28072
13 91 130.26877
13 92 115.60951
13 93 149.98696
13 94 139.51601
13 95 109.10599
13 96 197.97503
13 97 127.17658
13 98 144.37267
13 99 147.19477
14 15 114.7918
14 16 156.89617
14 17 193.15856
14 18 183.82121
14 19 197.44955
14 20 158.77807
14 21 127.516
14 22 106.923
14 23 162.11964
14 24 161.3131
14 25 157.08699
14 26 121.26003
14 27 119.25331
14 28 157.90595
14 29 161.201
14 30 131.43132
14 31 106.73684
14 32 148.90947
14 33 167.28507
14 34 121.79684
14 35 173.08629
14 36 169.09919
14 37 105.71635
14 38 129.7346
14 39 107.88437
14 40 165.74751
14 41 152.66071
14 42 164.91602
14 43 178.98474
14 44 197.98279
14 45 121.85722
14 46 190.87434
14 47 142.91214
14 48 111.80598
14 49 120.09699
14 50 172.27541
14 51 132.89977
14 52 160.84618
14 53 121.08238
14 54 129.54892
14 55 192.77274
14 56 115.89638
14 57 163.03241
14 58 101.21942
14 59 178.25498
14 60 111.16235
14 61 171.72896
14 62 145.77707
14 63 160.367
14 64 164.03024
14 65 148.30439
14 66 103.20917
14 67 186.26539
14 68 102.12493
14 69 181.15826
14 70 108.56422
14 71 183.24921
14 72 124.77863
14 73 106.38555
14 74 149.93227
14 75 100.54449
14 76 198.47127
14 77 105.78533
14 78 111.93328
14 79 178.68348
14 80 167.17078
14 81 183.73677
14 82 122.54171
14 83 104.58367
14 84 123.92841
14 85 132.52944
14 86 125.05903
14 87 169.81227
14 88 150.8367
14 89 161.76989
14 90 160.07637
14 91 109.24522
14 92 126.96105
14 93 139.54645
14 94 120.6732
14 95 154.57846
14 96 119.65849
14 97 196.08472
14 98 105.08146
14 99 172.92194
15 16 181.80471
15 17 141.21491
15 18 152.20286
15 19 140.90818
15 20 160.21697
15 21 184.71844
15 22 173.18093
15 23 141.60749
15 24 191.22137
15 25 123.89707
15 26 174.8515
15 27 103.56295
15 28 176.44986
15 29 191.85043
15 30 151.63317
15 31 130.56674
15 32 193.56485
15 33 124.5236
15 34 121.15893
15 35 133.98148
15 36 151.93636
15 37 113.92434
15 38 116.79699
15 39 194.33031
15 40 138.29387
15 41 184.26453
15 42 142.83066
15 43 156.01941
15 44 179.55476
15 45 166.0507
15 46 176.92139
15 47 175.26758
15 48 199.65317
15 49 173.1009
15 50 173.56974
15 51 191.18922
15 52 196.74692
15 53 163.3274
15 54 103.73513
15 55 120.95053
15 56 183.57617
15 57 172.10003
15 58 177.01483
15 59 154.32497
15 60 112.58599
15 61 183.16532
15 62 166.93544
15 63 165.62752
15 64 148.86398
15 65 188.12178
15 66 122.66914
15 67 117.20664
15 68 116.02304
15 69 125.66973
15 70 130.22654
15 71 156.65232
15 72 138.60809
15 73 120.29582
15 74 188.02781
15 75 120.03939
15 76 190.91735
15 77 128.09974
15 78 104.47999
15 79 173.17202
15 80 170.17934
15 81 168.27497
15 82 180.49651
15 83 154.78897
15 84 145.76318
15 85 112.05945
15 86 147.16407
15 87 156.21679
15 88 109.86657
15 89 149.52052
15 90 175.93937
15 91 190.24821
15 92 136.50467
15 93 167.30251
15 94 189.43945
15 95 148.09817
15 96 178.34663
15 97 186.89087
15 98 152.81601
15 99 174.67831
16 17 163.27159
16 18 164.93189
16 19 129.28988
16 20 193.60774
16 21 134.39471
16 22 151.71227
16 23 167.46466
16 24 199.38151
16 25 123.43354
16 26 120.20075
16 27 107.21568
16 28 161.1398
16 29 193.34008
16 30 176.91406
16 31 113.66509
16 32 174.36155
16 33 110.64101
16 34 158.2552
16 35 144.53334
16 36 190.06988
16 37 147.32034
16 38 161.02876
16 39 190.96203
16 40 133.34611
16 41 110.34399
16 42 139.50776
16 43 100.55305
16 44 119.85185
16 45 186.18088
16 46 134.37188
16 47 170.49952
16 48 185.93008
16 49 160.91672
16 50 127.82254
16 51 118.97272
16 52 148.742
16 53 134.11124
16 54 160.64348
16 55 186.26142
16 56 185.65688
16 57 121.67881
16 58 125.06807
16 59 148.57875
16 60 100.53029
16 61 192.18577
16 62 194.47238
16 63 168.11132
16 64 198.05811
16 65 148.76573
16 66 162.96925
16 67 122.42824
16 68 124.74979
16 69 171.8584
16 70 139.38701
16 71 139.24031
16 72 111.19658
16 73 129.55664
16 74 199.29891
16 75 173.77954
16 76 112.4295
16 77 159.24614
16 78 145.79382
16 79 118.26686
16 80 153.34698
16 81 172.94538
16 82 199.73577
16 83 102.9027
16 84 175.38698
16 85 129.56823
16 86 163.15818
16 87 134.2891
16 88 160.57613
16 89 114.46654
16 90 143.96519
16 91 152.81225
16 92 175.72724
16 93 117.47403
16 94 197.9
16 95 188.07616
16 96 166.92309
16 97 135.85821
16 98 133.80631
16 99 169.17364
17 18 162.57714
17 19 160.16046
17 20 159.36755
17 21 123.81291
17 22 165.66981
17 23 134.26722
17 24 166.55349
17 25 147.76233
17 26 123.88869
17 27 132.52097
17 28 125.93177
17 29 112.35069
17 30 108.01322
17 31 171.85821
17 32 199.82898
17 33 165.71917
17 34 182.62959
17 35 147.5444
17 36 181.82259
17 37 192.93592
17 38 124.1052
17 39 112.91518
17 40 122.02148
17 41 169.68932
17 42 175.29501
17 43 188.85974
17 44 157.43066
17 45 153.52264
17 46 134.72467
17 47 114.78355
17 48 183.02044
17 49 128.06029
17 50 153.68674
17 51 152.06425
17 52 163.6057
17 53 130.46372
17 54 121.32662
17 55 190.70004
17 56 198.03646
17 57 182.52398
17 58 131.49798
17 59 150.5749
17 60 163.64693
17 61 130.57879
17 62 189.4289
17 63 114.13093
17 64 128.6353
17 65 127.67195
17 66 163.70103
17 67 151.47129
17 68 138.02859
17 69 155.50858
17 70 112.58055
17 71 190.03635
17 72 194.69568
17 73 156.92785
17 74 161.05162
17 75 131.60407
17 76 193.70397
17 77 157.6267
17 78 184.96558
17 79 159.52422
17 80 128.7251
17 81 147.3969
17 82 131.2738
17 83 185.23141
17 84 112.70247
17 85 139.96972
17 86 114.51691
17 87 168.77202
17 88 141.82986
17 89 187.98859
17 90 182.67993
17 91 132.472
17 92 152.09564
17 93 158.9057
17 94 141.49742
17 95 145.77628
17 96 165.99198
17 97 124.62267
17 98 172.84687
17 99 179.87133
18 19 133.1485
18 20 110.40412
18 21 183.81113
18 22 100.51649
18 23 150.53833
18 24 131.26507
18 25 149.96306
18 26 152.24718
18 27 181.7406
18 28 109.35268
18 29 146.43313
18 30 174.14874
18 31 110.24651
18 32 159.81542
18 33 176.16772
18 34 114.88266
18 35 185.83864
18 36 130.39257
18 37 196.3376
18 38 151.52317
18 39 177.89726
18 40 188.21419
18 41 135.37196
18 42 169.72368
18 43 156.91202
18 44 128.60747
18 45 174.70638
18 46 103.15142
18 47 119.18474
18 48 150.09868
18 49 161.11668
18 50 107.47491
18 51 184.43593
18 52 181.69255
18 53 129.4443
18 54 179.11235
18 55 122.27526
18 56 105.9942
18 57 188.89341
18 58 102.19557
18 59 190.25943
18 60 166.17052
18 61 194.87593
18 62 169.43948
18 63 175.99733
18 64 125.9736
18 65 143.96321
18 66 176.07032
18 67 121.61617
18 68 118.4669
18 69 191.60039
18 70 134.75813
18 71 196.10456
18 72 186.03245
18 73 117.08321
18 74 148.81251
18 75 189.87063
18 76 191.78289
18 77 170.08272
18 78 126.03987
18 79 136.54281
18 80 162.49234
18 81 147.70812
18 82 124.94093
18 83 182.37779
18 84 117.05575
18 85 177.12333
18 86 199.11335
18 87 134.48304
18 88 121.19143
18 89 107.12316
18 90 136.28268
18 91 192.74503
18 92 180.23174
18 93 164.68418
18 94 165.63852
18 95 120.83556
18 96 104.77526
18 97 162.34753
18 98 107.67195
18 99 106.81922
19 20 102.22799
19 21 101.50766
19 22 102.31582
19 23 100.07444
19 24 106.8063
19 25 185.74859
19 26 127.18862
19 27 150.63568
19 28 148.0696
19 29 190.50619
19 30 157.294
19 31 145.49668
19 32 186.5179
19 33 188.47361
19 34 187.58166
19 35 198.99321
19 36 162.13202
19 37 188.0747
19 38 103.65046
19 39 136.84985
19 40 102.68891
19 41 121.13451
19 42 188.72488
19 43 166.99433
19 44 107.18886
19 45 121.37159
19 46 101.11483
19 47 156.60666
19 48 172.68197
19 49 138.32952
19 50 161.51548
19 51 163.40504
19 52 149.32517
19 53 111.38198
19 54 154.80815
19 55 120.05133
19 56 140.21408
19 57 159.70048
19 58 177.01675
19 59 148.93539
19 60 166.97163
19 61 176.07158
19 62 110.23473
19 63 108.61144
19 64 125.70955
19 65 173.19114
19 66 118.90789
19 67 172.51533
19 68 134.74165
19 69 103.29024
19 70 116.25858
19 71 116.35817
19 72 154.18122
19 73 105.97382
19 74 137.02159
19 75 186.25517
19 76 160.12307
19 77 159.2991
19 78 174.61743
19 79 110.68831
19 80 144.03902
19 81 177.02452
19 82 139.01229
19 83 166.90109
19 84 171.65343
19 85 144.77376
19 86 174.36486
19 87 133.26993
19 88 155.95453
19 89 152.16681
19 90 179.92819
19 91 129.95004
19 92 131.11603
19 93 145.48878
19 94 117.8676
19 95 175.19626
19 96 149.63441
19 97 122.7664
19 98 143.91698
19 99 106.22963
20 21 104.05919
20 22 152.02632
20 23 149.4176
20 24 159.99509
20 25 108.70156
20 26 183.54114
20 27 149.14512
20 28 105.4239
20 29 156.46962
20 30 124.31185
20 31 194.52982
20 32 104.65981
20 33 147.09846
20 34 147.65666
20 35 114.68251
20 36 100.34286
20 37 168.2945
20 38 181.75145
20 39 185.20785
20 40 136.21814
20 41 182.82896
20 42 143.83677
20 43 135.64136
20 44 121.25609
20 45 134.9611
20 46 163.58044
20 47 164.4738
20 48 182.98523
20 49 196.0203
20 50 144.47896
20 51 133.1661
20 52 101.61798
20 53 169.95734
20 54 157.27672
20 55 188.37319
20 56 110.89498
20 57 110.72779
20 58 198.56497
20 59 175.61263
20 60 168.97542
20 61 143.25667
20 62 159.95787
20 63 161.95408
20 64 174.0665
20 65 136.77801
20 66 162.59092
20 67 199.71331
20 68 193.46052
20 69 150.98968
20 70 139.73281
20 71 169.10438
20 72 160.42703
20 73 189.94901
20 74 196.82659
20 75 124.92771
20 76 187.34492
20 77 158.46952
20 78 118.63679
20 79 193.5567
20 80 188.83091
20 81 149.99676
20 82 121.81413
20 83 185.36191
20 84 134.58033
20 85 139.41635
20 86 149.43581
20 87 122.15906
20 88 132.01616
20 89 192.79664
20 90 125.22889
20 91 191.94028
20 92 105.72483
20 93 189.10944
20 94 119.03862
20 95 135.09002
20 96 137.36146
20 97 102.5111
20 98 146.47627
20 99 167.30265
21 22 105.93735
21 23 121.39256
21 24 100.97537
21 25 180.772
21 26 114.24671
21 27 127.34021
21 28 132.47959
21 29 145.44054
21 30 159.49992
21 31 143.86843
21 32 176.5383
21 33 198.14774
21 34 153.02922
21 35 181.64797
21 36 197.90227
21 37 106.43441
21 38 197.05071
21 39 189.83531
21 40 188.45816
21 41 119.97819
21 42 125.79406
21 43 190.87476
21 44 183.32053
21 45 178.37906
21 46 106.48918
21 47 183.42497
21 48 188.86854
21 49 192.52909
21 50 159.807
21 51 184.88825
21 52 182.16195
21 53 111.31957
21 54 126.77192
21 55 196.42206
21 56 187.03193
21 57 156.76956
21 58 167.34404
21 59 129.69396
21 60 163.29117
21 61 157.08032
21 62 121.3908
21 63 166.56875
21 64 166.07048
21 65 133.98497
21 66 104.67226
21 67 177.03297
21 68 109.18753
21 69 111.51799
21 70 105.91772
21 71 121.50806
21 72 123.12068
21 73 181.11046
21 74 198.00988
21 75 123.73064
21 76 152.44303
21 77 106.07337
21 78 173.32255
21 79 168.06891
21 80 184.49105
21 81 111.18615
21 82 103.69107
21 83 126.87246
21 84 166.11753
21 85 122.22614
21 86 129.71835
21 87 132.97329
21 88 178.43329
21 89 120.89987
21 90 199.74171
21 91 126.48145
21 92 111.8307
21 93 172.51302
21 94 195.17454
21 95 175.14265
21 96 121.50843
21 97 168.15029
21 98 185.92998
21 99 148.35141
22 23 142.9754
22 24 117.4643
22 25 183.20125
22 26 149.45386
22 27 106.6379
22 28 111.76486
22 29 153.70752
22 30 180.72682
22 31 104.08139
22 32 199.17318
22 33 170.66278
22 34 191.68123
22 35 194.96238
22 36 117.67573
22 37 130.01374
22 38 149.56741
22 39 117.93068
22 40 185.70821
22 41 185.55573
22 42 119.08323
22 43 145.98516
22 44 183.5126
22 45 160.75454
22 46 167.016
22 47 133.54386
22 48 136.39486
22 49 114.44071
22 50 175.39915
22 51 154.70823
22 52 172.90274
22 53 169.0719
22 54 194.32823
22 55 149.37426
22 56 134.56739
22 57 185.61684
22 58 172.78109
22 59 124.46732
22 60 185.76449
22 61 145.44372
22 62 121.7174
22 63 170.98921
22 64 190.50523
22 65 118.64543
22 66 119.89098
22 67 121.85732
22 68 184.80848
22 69 195.68856
22 70 171.34889
22 71 106.63444
22 72 119.89881
22 73 100.54735
22 74 121.20061
22 75 188.77979
22 76 186.36035
22 77 135.97395
22 78 156.74644
22 79 155.74604
22 80 155.72512
22 81 147.80123
22 82 184.43626
22 83 135.68607
22 84 113.32896
22 85 145.6613
22 86 107.27878
22 87 136.49029
22 88 133.25004
22 89 125.14159
22 90 118.46614
22 91 135.05243
22 92 133.28038
22 93 165.88746
22 94 126.47752
22 95 160.96733
22 96 121.32298
22 97 163.89678
22 98 111.84033
22 99 131.77707
23 24 118.74062
23 25 150.97494
23 26 167.87781
23 27 106.00426
23 28 177.76993
23 29 144.91017
23 30 153.53972
23 31 122.57049
23 32 165.55462
23 33 191.7808
23 34 120.21683
23 35 105.74511
23 36 111.44165
23 37 159.73277
23 38 174.05712
23 39 144.08479
23 40 161.24736
23 41 145.92349
23 42 195.79277
23 43 164.26513
23 44 179.92969
23 45 158.90889
23 46 177.9244
23 47 101.78484
23 48 110.4302
23 49 153.03237
23 50 119.95889
23 51 101.91792
23 52 167.72289
23 53 161.34371
23 54 161.76825
23 55 179.91656
23 56 155.42796
23 57 177.11114
23 58 131.69239
23 59 169.75354
23 60 139.77931
23 61 182.67034
23 62 181.35806
23 63 196.15015
23 64 187.46013
23 65 153.50503
23 66 125.60091
23 67 121.76769
23 68 116.82079
23 69 137.09496
23 70 186.31456
23 71 166.62551
23 72 157.33875
23 73 183.37879
23 74 161.27303
23 75 164.00075
23 76 160.85324
23 77 177.26021
23 78 192.18237
23 79 150.26998
23 80 139.31935
23 81 170.16048
23 82 188.23412
23 83 155.05656
23 84 126.63878
23 85 126.15231
23 86 115.25804
23 87 127.66227
23 88 198.42491
23 89 184.5822
23 90 103.58889
23 91 194.88348
23 92 103.91255
23 93 106.20544
23 94 101.87658
23 95 113.01053
23 96 135.40258
23 97 147.93089
23 98 175.81203
23 99 104.34315
24 25 116.65456
24 26 147.14751
24 27 198.24494
24 28 163.37202
24 29 141.52981
24 30 101.99591
24 31 163.53977
24 32 106.68994
24 33 101.66271
24 34 113.94695
24 35 144.12257
24 36 112.73353
24 37 171.72364
24 38 115.06426
24 39 123.47163
24 40 123.13211
24 41 132.53873
24 42 122.9865
24 43 115.0484
24 44 122.8249
24 45 189.39098
24 46 110.03568
24 47 154.34925
24 48 152.5075
24 49 116.99177
24 50 103.16004
24 51 158.49569
24 52 103.23399
24 53 135.09789
24 54 184.9099
24 55 112.57498
24 56 192.57486
24 57 171.40697
24 58 165.59008
24 59 165.78142
24 60 123.84276
24 61 105.63739
24 62 125.01433
24 63 172.73351
24 64 167.24974
24 65 188.27414
24 66 148.51805
24 67 148.66036
24 68 106.04651
24 69 127.50512
24 70 108.34206
24 71 183.79755
24 72 187.07425
24 73 186.50982
24 74 110.58749
24 75 123.13988
24 76 167.51417
24 77 112.88511
24 78 187.59644
24 79 120.55249
24 80 147.21911
24 81 149.76153
24 82 130.36046
24 83 119.70631
24 84 124.53632
24 85 194.82052
24 86 199.41079
24 87 113.75581
24 88 197.31553
24 89 197.80976
24 90 139.7255
24 91 137.96379
24 92 135.65996
24 93 106.8408
24 94 181.09493
24 95 153.71516
24 96 111.12011
24 97 187.90022
24 98 144.20283
24 99 164.65856
25 26 155.50313
25 27 180.64966
25 28 140.41769
25 29 173.07612
25 30 165.9155
25 31 145.70971
25 32 118.61812
25 33 159.98962
25 34 110.34235
25 35 111.82911
25 36 169.51037
25 37 199.57357
25 38 149.23367
25 39 160.43228
25 40 116.69051
25 41 181.3699
25 42 129.13221
25 43 190.66493
25 44 115.4835
25 45 143.6684
25 46 185.7998
25 47 128.92991
25 48 146.76185
25 49 177.0915
25 50 159.24446
25 51 163.70075
25 52 197.01608
25 53 179.68905
25 54 165.36356
25 55 160.87308
25 56 101.88927
25 57 139.6718
25 58 143.36902
25 59 117.96563
25 60 127.26259
25 61 144.46186
25 62 151.30539
25 63 101.28836
25 64 164.00546
25 65 151.48762
25 66 169.39726
25 67 157.18504
25 68 153.31262
25 69 123.28134
25 70 102.24684
25 71 130.99649
25 72 140.44389
25 73 151.27563
25 74 167.21973
25 75 111.57693
25 76 100.83437
25 77 172.15279
25 78 148.32152
25 79 106.47714
25 80 191.10108
25 81 151.4175
25 82 172.37655
25 83 159.76518
25 84 193.68549
25 85 154.76566
25 86 152.12731
25 87 111.2528
25 88 156.91145
25 89 109.34359
25 90 184.61694
25 91 146.64412
25 92 128.40444
25 93 195.03518
25 94 106.72646
25 95 156.96342
25 96 107.71497
25 97 108.98405
25 98 124.74573
25 99 198.32497
26 27 131.88565
26 28 136.86189
26 29 103.99338
26 30 104.58989
26 31 165.03011
26 32 149.59663
26 33 163.32743
26 34 164.25489
26 35 120.55335
26 36 171.5559
26 37 175.0764
26 38 188.53341
26 39 160.49407
26 40 148.93267
26 41 112.59916
26 42 191.47359
26 43 186.65924
26 44 178.11177
26 45 122.98963
26 46 165.17721
26 47 167.38665
26 48 170.06446
26 49 174.09878
26 50 137.24264
26 51 144.77867
26 52 118.08957
26 53 115.62479
26 54 135.25322
26 55 155.96489
26 56 120.3412
26 57 191.74239
26 58 140.3071
26 59 121.51676
26 60 164.50971
26 61 114.19351
26 62 136.17635
26 63 155.20562
26 64 162.88421
26 65 183.63988
26 66 196.07663
26 67 163.19123
26 68 123.34303
26 69 171.97761
26 70 168.06918
26 71 116.9077
26 72 150.26431
26 73 115.4359
26 74 197.59714
26 75 164.01367
26 76 140.74859
26 77 170.5221
26 78 109.04727
26 79 162.26064
26 80 165.28339
26 81 195.98775
26 82 158.81379
26 83 112.13841
26 84 158.17047
26 85 187.21824
26 86 123.72907
26 87 131.20232
26 88 109.59007
26 89 188.9435
26 90 115.78349
26 91 128.60663
26 92 149.93786
26 93 100.82964
26 94 109.49126
26 95 161.62188
26 96 172.7355
26 97 106.90822
26 98 135.22296
26 99 115.52092
27 28 154.91142
27 29 179.84142
27 30 120.44508
27 31 122.53067
27 32 137.92994
27 33 132.08479
27 34 172.77311
27 35 120.59829
27 36 171.31457
27 37 109.89958
27 38 102.82408
27 39 180.75018
27 40 180.80773
27 41 101.71258
27 42 125.72887
27 43 177.57524
27 44 158.7833
27 45 150.87207
27 46 135.60816
27 47 183.44435
27 48 199.57313
27 49 195.81369
27 50 155.47828
27 51 119.00954
27 52 111.70631
27 53 157.64117
27 54 152.13175
27 55 184.16247
27 56 132.93573
27 57 146.68269
27 58 132.77671
27 59 163.75911
27 60 174.64855
27 61 130.62426
27 62 123.50221
27 63 161.96872
27 64 186.97517
27 65 135.69154
27 66 132.42421
27 67 147.75052
27 68 120.18429
27 69 195.69825
27 70 154.06772
27 71 189.53991
27 72 161.73256
27 73 161.97894
27 74 197.8146
27 75 106.61952
27 76 136.21771
27 77 117.51817
27 78 103.20556
27 79 142.84342
27 80 185.8523
27 81 179.34433
27 82 167.65763
27 83 175.26752
27 84 187.2764
27 85 144.54726
27 86 120.22916
27 87 189.05409
27 88 136.34114
27 89 114.69937
27 90 148.83435
27 91 133.5898
27 92 130.44716
27 93 193.84547
27 94 131.34956
27 95 198.9337
27 96 185.90304
27 97 125.8505
27 98 187.98727
27 99 180.22581
28 29 167.89442
28 30 111.18541
28 31 172.52595
28 32 150.30613
28 33 196.97798
28 34 118.36481
28 35 137.9111
28 36 123.66182
28 37 137.96217
28 38 160.49788
28 39 110.65205
28 40 130.17352
28 41 144.41183
28 42 106.68739
28 43 198.45162
28 44 107.90168
28 45 128.11961
28 46 122.1471
28 47 115.26267
28 48 120.70268
28 49 147.51229
28 50 169.90457
28 51 169.2084
28 52 115.59957
28 53 135.93736
28 54 146.36344
28 55 169.98488
28 56 115.68556
28 57 108.95411
28 58 167.03145
28 59 104.66068
28 60 157.58845
28 61 184.26953
28 62 101.33098
28 63 111.20893
28 64 116.10285
28 65 130.53692
28 66 172.21172
28 67 161.44904
28 68 110.78018
28 69 191.63789
28 70 186.07052
28 71 166.75794
28 72 188.21399
28 73 171.06276
28 74 114.28944
28 75 159.4472
28 76 158.34446
28 77 178.97775
28 78 148.63023
28 79 134.28512
28 80 155.56688
28 81 105.4596
28 82 171.27406
28 83 143.8179
28 84 117.60733
28 85 172.38764
28 86 184.53352
28 87 180.63786
28 88 152.96004
28 89 117.85247
28 90 137.46775
28 91 157.41663
28 92 150.3449
28 93 190.9521
28 94 113.96457
28 95 113.8578
28 96 168.73479
28 97 154.03429
28 98 122.25146
28 99 181.28583
29 30 197.80904
29 31 119.7708
29 32 114.11031
29 33 169.54661
29 34 137.446
29 35 112.3802
29 36 171.14983
29 37 144.66948
29 38 162.80336
29 39 164.98478
29 40 161.21849
29 41 189.89986
29 42 137.12335
29 43 128.17425
29 44 129.34542
29 45 171.21954
29 46 179.39532
29 47 182.88767
29 48 150.94067
29 49 186.49414
29 50 165.42809
29 51 199.79071
29 52 174.44452
29 53 194.69052
29 54 180.28007
29 55 141.02715
29 56 159.19645
29 57 170.85171
29 58 142.46677
29 59 130.56409
29 60 103.91969
29 61 104.33597
29 62 123.6824
29 63 123.5213
29 64 183.17915
29 65 153.5083
29 66 198.0846
29 67 119.47025
29 68 145.05043
29 69 181.71675
29 70 192.57829
29 71 186.23561
29 72 126.38451
29 73 169.74963
29 74 126.64705
29 75 195.21731
29 76 175.43844
29 77 119.89352
29 78 132.03475
29 79 188.02158
29 80 191.85389
29 81 110.0373
29 82 181.92807
29 83 191.14346
29 84 130.05542
29 85 157.70355
29 86 198.08261
29 87 127.98865
29 88 127.01525
29 89 138.78842
29 90 133.54359
29 91 155.06954
29 92 114.65552
29 93 198.13119
29 94 168.14882
29 95 157.32988
29 96 198.16274
29 97 185.01559
29 98 142.64053
29 99 124.54086
30 31 176.77449
30 32 161.09258
30 33 186.77688
30 34 129.25755
30 35 104.83598
30 36 123.18528
30 37 148.04863
30 38 125.94744
30 39 168.87394
30 40 153.98618
30 41 177.08308
30 42 162.84331
30 43 196.88114
30 44 134.15065
30 45 166.52732
30 46 111.3475
30 47 161.48144
30 48 130.13164
30 49 105.19
30 50 181.5347
30 51 105.11804
30 52 110.79805
30 53 153.48917
30 54 164.99472
30 55 136.20898
30 56 138.66955
30 57 108.07171
30 58 140.58998
30 59 108.89035
30 60 130.06317
30 61 136.72226
30 62 108.50085
30 63 196.04969
30 64 119.3306
30 65 138.15532
30 66 190.03636
30 67 169.0029
30 68 148.71211
30 69 182.46255
30 70 189.27458
30 71 186.33544
30 72 138.71747
30 73 171.99623
30 74 196.74172
30 75 104.99155
30 76 152.70354
30 77 130.04993
30 78 107.66797
30 79 173.48469
30 80 120.11427
30 81 118.39122
30 82 199.13366
30 83 149.40091
30 84 155.25631
30 85 146.99579
30 86 174.25988
30 87 195.54478
30 88 113.4151
30 89 196.92073
30 90 146.6696
30 91 116.5143
30 92 123.03633
30 93 199.83929
30 94 120.27835
30 95 163.76273
30 96 192.77285
30 97 163.87301
30 98 197.6805
30 99 154.57538
31 32 158.70536
31 33 121.548
31 34 108.24932
31 35 145.36286
31 36 167.75826
31 37 136.65038
31 38 136.639
31 39 111.26971
31 40 197.69717
31 41 118.79609
31 42 160.43253
31 43 167.18654
31 44 120.87364
31 45 188.34479
31 46 155.69264
31 47 141.83205
31 48 186.09182
31 49 105.50908
31 50 145.37012
31 51 138.70188
31 52 193.74854
31 53 120.40263
31 54 169.66299
31 55 183.41957
31 56 121.88265
31 57 191.5987
31 58 179.09315
31 59 180.78655
31 60 162.67718
31 61 122.6244
31 62 156.52407
31 63 181.87893
31 64 141.46158
31 65 193.10337
31 66 154.0795
31 67 106.67448
31 68 184.80351
31 69 195.74291
31 70 117.39146
31 71 121.46534
31 72 100.17216
31 73 136.60584
31 74 190.03649
31 75 155.32744
31 76 143.6093
31 77 101.35676
31 78 124.94489
31 79 172.61011
31 80 185.07715
31 81 163.35993
31 82 156.42669
31 83 119.96766
31 84 133.62567
31 85 177.01688
31 86 148.62151
31 87 190.03558
31 88 112.34663
31 89 133.22866
31 90 127.86569
31 91 111.97217
31 92 149.40805
31 93 193.97285
31 94 112.08779
31 95 183.08469
31 96 189.05256
31 97 120.73218
31 98 139.03082
31 99 105.45941
32 33 152.53117
32 34 166.61397
32 35 195.65247
32 36 157.21905
32 37 150.75166
32 38 116.4677
32 39 197.28261
32 40 105.52547
32 41 125.47448
32 42 196.68364
32 43 100.45502
32 44 164.75284
32 45 197.25603
32 46 176.82184
32 47 134.28115
32 48 144.07529
32 49 192.52908
32 50 197.78942
32 51 142.973
32 52 130.98669
32 53 187.73202
32 54 198.20154
32 55 151.2796
32 56 131.34925
32 57 146.35167
32 58 111.65635
32 59 173.15902
32 60 114.72302
32 61 175.1039
32 62 144.78836
32 63 135.58717
32 64 174.38508
32 65 134.79264
32 66 152.01568
32 67 108.89759
32 68 135.79443
32 69 184.30648
32 70 182.03497
32 71 125.73415
32 72 176.96216
32 73 126.80545
32 74 159.66378
32 75 101.3445
32 76 117.22851
32 77 149.96966
32 78 138.11642
32 79 156.02382
32 80 162.25306
32 81 176.80411
32 82 178.44675
32 83 138.76092
32 84 190.18536
32 85 195.95517
32 86 124.76128
32 87 134.61791
32 88 178.00918
32 89 117.56258
32 90 144.59235
32 91 150.62826
32 92 101.25186
32 93 107.38288
32 94 139.22105
32 95 189.98741
32 96 128.0725
32 97 173.28861
32 98 161.96294
32 99 161.59815
33 34 126.17848
33 35 196.93859
33 36 183.65111
33 37 173.63115
33 38 166.90938
33 39 197.02767
33 40 130.90012
33 41 195.70573
33 42 165.90107
33 43 156.83876
33 44 118.34728
33 45 108.22209
33 46 142.12007
33 47 100.66698
33 48 148.05443
33 49 102.92758
33 50 181.33969
33 51 195.30731
33 52 175.52
33 53 100.59803
33 54 181.27517
33 55 199.7201
33 56 199.3653
33 57 134.37219
33 58 140.04177
33 59 162.8485
33 60 177.63689
33 61 145.58904
33 62 134.29341
33 63 167.10148
33 64 109.09353
33 65 172.09208
33 66 180.02728
33 67 191.42389
33 68 173.92634
33 69 111.85682
33 70 113.16705
33 71 154.05246
33 72 141.39238
33 73 195.4797
33 74 126.66887
33 75 172.38599
33 76 120.51552
33 77 167.73013
33 78 124.94499
33 79 163.59305
33 80 186.64317
33 81 165.21443
33 82 163.35019
33 83 145.06497
33 84 151.49775
33 85 180.93493
33 86 167.3195
33 87 199.28434
33 88 118.30698
33 89 171.29716
33 90 172.24824
33 91 166.70977
33 92 105.60743
33 93 161.80425
33 94 104.47016
33 95 181.45972
33 96 116.60439
33 97 179.04479
33 98 157.33154
33 99 182.32812
34 35 186.86006
34 36 163.76497
34 37 128.04905
34 38 130.69537
34 39 173.93739
34 40 163.32492
34 41 121.22214
34 42 145.14276
34 43 130.7704
34 44 130.6506
34 45 199.86851
34 46 186.71085
34 47 149.08978
34 48 156.37442
34 49 133.0072
34 50 136.64126
34 51 117.69076
34 52 103.63406
34 53 134.26921
34 54 125.08702
34 55 194.49406
34 56 183.36137
34 57 197.19563
34 58 121.50752
34 59 125.94582
34 60 196.04465
34 61 142.98935
34 62 183.40403
34 63 142.03627
34 64 120.38319
34 65 164.31785
34 66 149.53393
34 67 130.66753
34 68 126.31068
34 69 125.21406
34 70 155.76994
34 71 120.73825
34 72 177.24655
34 73 103.88526
34 74 125.31934
34 75 166.63821
34 76 117.69757
34 77 197.91786
34 78 151.28922
34 79 194.5086
34 80 162.89208
34 81 164.60948
34 82 139.94236
34 83 138.61935
34 84 102.28276
34 85 173.15683
34 86 157.21876
34 87 195.0702
34 88 174.58815
34 89 194.75857
34 90 192.35085
34 91 181.87728
34 92 194.55836
34 93 189.7141
34 94 182.81431
34 95 165.17962
34 96 140.33048
34 97 106.03569
34 98 180.53183
34 99 174.71831
35 36 179.90757
35 37 176.57468
35 38 158.55152
35 39 198.45766
35 40 116.1206
35 41 173.87718
35 42 165.43591
35 43 119.76979
35 44 110.63453
35 45 178.99761
35 46 145.12347
35 47 142.79872
35 48 147.287
35 49 151.13564
35 50 112.19694
35 51 193.97132
35 52 180.11742
35 53 189.98305
35 54 101.94185
35 55 140.18146
35 56 145.82217
35 57 103.06499
35 58 161.84216
35 59 159.82623
35 60 134.1997
35 61 176.11082
35 62 119.49275
35 63 175.82751
35 64 164.29927
35 65 110.31125
35 66 147.71578
35 67 118.95576
35 68 123.31656
35 69 180.78145
35 70 165.06218
35 71 194.78474
35 72 103.3182
35 73 181.63328
35 74 189.51258
35 75 175.46839
35 76 188.6824
35 77 110.89851
35 78 104.34966
35 79 147.67416
35 80 190.19674
35 81 181.96597
35 82 125.9599
35 83 134.26797
35 84 162.20784
35 85 174.55379
35 86 197.25357
35 87 176.50405
35 88 174.5159
35 89 102.5509
35 90 131.93683
35 91 137.43863
35 92 141.97939
35 93 154.29131
35 94 161.55553
35 95 106.75209
35 96 190.83146
35 97 197.17447
35 98 156.69189
35 99 186.54893
36 37 107.39283
36 38 109.22857
36 39 131.19121
36 40 191.94843
36 41 173.22597
36 42 139.53803
36 43 197.89077
36 44 116.10272
36 45 188.09681
36 46 194.42261
36 47 187.59942
36 48 113.36374
36 49 155.1217
36 50 143.91989
36 51 110.71665
36 52 105.21121
36 53 124.17359
36 54 114.25357
36 55 163.96511
36 56 152.28147
36 57 173.29503
36 58 103.89958
36 59 198.81047
36 60 127.77118
36 61 164.96856
36 62 128.41193
36 63 193.34555
36 64 108.96693
36 65 129.06711
36 66 156.6012
36 67 167.67934
36 68 119.96898
36 69 137.96845
36 70 157.75362
36 71 189.64316
36 72 119.19059
36 73 128.38164
36 74 131.38907
36 75 133.64655
36 76 138.48684
36 77 180.38567
36 78 121.90603
36 79 137.22549
36 80 143.72385
36 81 177.69179
36 82 195.32578
36 83 101.7922
36 84 185.30603
36 85 183.72405
36 86 132.02438
36 87 133.1707
36 88 137.22126
36 89 175.24801
36 90 120.16079
36 91 173.85594
36 92 134.11511
36 93 113.69197
36 94 129.56234
36 95 175.3919
36 96 166.21471
36 97 146.70941
36 98 141.07486
36 99 134.35349
37 38 165.42568
37 39 142.56186
37 40 137.89513
37 41 172.3862
37 42 123.81859
37 43 115.19493
37 44 152.71345
37 45 155.90949
37 46 188.34941
37 47 170.04795
37 48 102.3568
37 49 103.55268
37 50 177.13994
37 51 178.68141
37 52 156.74213
37 53 173.86573
37 54 106.49198
37 55 152.54231
37 56 183.06379
37 57 103.86701
37 58 182.90423
37 59 161.45519
37 60 164.70835
37 61 133.01368
37 62 134.86771
37 63 115.37531
37 64 188.35256
37 65 159.47768
37 66 186.88072
37 67 140.9461
37 68 169.34208
37 69 125.61441
37 70 131.4812
37 71 155.5953
37 72 161.04814
37 73 128.75859
37 74 136.3323
37 75 128.63599
37 76 159.4888
37 77 166.05782
37 78 110.34095
37 79 179.37955
37 80 142.36467
37 81 115.66386
37 82 181.75107
37 83 161.26134
37 84 175.38957
37 85 111.40213
37 86 153.02054
37 87 184.23663
37 88 169.65879
37 89 188.21636
37 90 119.51853
37 91 147.12219
37 92 145.01022
37 93 125.71581
37 94 109.08309
37 95 120.54431
37 96 169.64088
37 97 177.49383
37 98 110.23956
37 99 128.06236
38 39 153.7802
38 40 135.07823
38 41 128.96956
38 42 153.77948
38 43 195.68472
38 44 134.97762
38 45 130.5832
38 46 168.83923
38 47 185.50563
38 48 171.86988
38 49 119.74891
38 50 193.43227
38 51 140.85029
38 52 196.7279
38 53 177.02121
38 54 159.77991
38 55 106.85025
38 56 130.98138
38 57 149.77491
38 58 150.58838
38 59 108.46015
38 60 103.86364
38 61 125.7814
38 62 100.8049
38 63 136.02851
38 64 185.31489
38 65 192.42285
38 66 160.29219
38 67 168.11723
38 68 132.73454
38 69 167.27556
38 70 116.45887
38 71 179.44818
38 72 105.96098
38 73 143.83037
38 74 173.10233
38 75 116.15576
38 76 180.85496
38 77 149.66893
38 78 132.62641
38 79 195.44094
38 80 126.25708
38 81 131.47515
38 82 101.00927
38 83 148.85129
38 84 154.11836
38 85 101.42973
38 86 115.29779
38 87 138.62749
38 88 158.88215
38 89 119.94193
38 90 143.94205
38 91 185.31474
38 92 129.12252
38 93 115.13231
38 94 112.35711
38 95 110.24212
38 96 133.7404
38 97 124.39537
38 98 120.64905
38 99 193.14324
39 40 194.24691
39 41 131.05832
39 42 131.8262
39 43 180.3965
39 44 171.69298
39 45 127.88284
39 46 103.85301
39 47 137.53611
39 48 122.92223
39 49 135.68217
39 50 127.57663
39 51 140.63804
39 52 147.44853
39 53 119.04104
39 54 191.32151
39 55 194.46022
39 56 106.49347
39 57 199.92268
39 58 105.50213
39 59 143.57354
39 60 102.43971
39 61 132.10948
39 62 126.15177
39 63 118.56794
39 64 185.48846
39 65 161.4971
39 66 198.85926
39 67 194.26999
39 68 151.15161
39 69 140.41264
39 70 115.07755
39 71 110.65425
39 72 140.72473
39 73 112.34038
39 74 161.9719
39 75 102.51167
39 76 153.2261
39 77 123.5626
39 78 124.91384
39 79 173.17263
39 80 111.31556
39 81 169.9228
39 82 138.54033
39 83 141.7509
39 84 141.09991
39 85 159.14943
39 86 123.90325
39 87 182.42289
39 88 169.43472
39 89 103.49072
39 90 185.78878
39 91 117.22326
39 92 181.04422
39 93 133.45415
39 94 132.34036
39 95 198.40766
39 96 128.95114
39 97 186.78277
39 98 102.53061
39 99 116.39353
40 41 168.13395
40 42 145.03958
40 43 118.38928
40 44 188.42073
40 45 100.03202
40 46 164.26243
40 47 122.64684
40 48 176.83051
40 49 182.95854
40 50 195.93177
40 51 126.74944
40 52 120.21594
40 53 120.62078
40 54 134.13629
40 55 196.33875
40 56 182.96469
40 57 148.48574
40 58 113.77458
40 59 177.71147
40 60 193.21406
40 61 184.68364
40 62 179.88158
40 63 151.66496
40 64 170.88403
40 65 190.22684
40 66 181.23417
40 67 160.70531
40 68 134.5971
40 69 148.61203
40 70 156.13236
40 71 138.04555
40 72 159.23937
40 73 172.44339
40 74 114.5802
40 75 169.65012
40 76 141.56323
40 77 134.05512
40 78 196.46424
40 79 175.26543
40 80 148.89052
40 81 156.8585
40 82 145.52013
40 83 139.36527
40 84 134.40743
40 85 103.03164
40 86 120.83112
40 87 119.83796
40 88 193.02409
40 89 183.52539
40 90 119.75096
40 91 132.48389
40 92 183.56028
40 93 109.13167
40 94 127.61553
40 95 146.05666
40 96 112.26842
40 97 193.16127
40 98 150.82543
40 99 141.02271
41 42 174.03768
41 43 174.3955
41 44 128.74547
41 45 136.62197
41 46 155.77615
41 47 191.61305
41 48 108.83221
41 49 153.87377
41 50 120.6903
41 51 185.62167
41 52 132.19882
41 53 188.23711
41 54 171.4451
41 55 103.36503
41 56 103.04061
41 57 104.41929
41 58 174.79302
41 59 163.6859
41 60 193.58611
41 61 106.8656
41 62 159.0748
41 63 103.17369
41 64 123.64053
41 65 166.07262
41 66 136.65006
41 67 138.07811
41 68 170.88281
41 69 185.27274
41 70 191.00684
41 71 113.92296
41 72 176.90426
41 73 179.54905
41 74 102.53594
41 75 111.54097
41 76 171.55907
41 77 147.21544
41 78 129.02345
41 79 136.15957
41 80 132.12213
41 81 178.35584
41 82 173.98044
41 83 138.83864
41 84 175.16854
41 85 100.38271
41 86 142.22508
41 87 145.62484
41 88 198.83857
41 89 190.56073
41 90 173.51552
41 91 106.99562
41 92 141.4599
41 93 113.56365
41 94 111.85406
41 95 185.77104
41 96 150.40853
41 97 164.82661
41 98 188.57346
41 99 105.38093
42 43 130.17398
42 44 192.51841
42 45 135.64571
42 46 101.02218
42 47 130.35795
42 48 142.52391
42 49 112.31277
42 50 191.92
42 51 172.48689
42 52 143.17503
42 53 143.84797
42 54 157.87474
42 55 173.43586
42 56 124.72865
42 57 114.33105
42 58 157.65941
42 59 101.14982
42 60 103.77649
42 61 168.02605
42 62 107.26357
42 63 102.47059
42 64 195.16239
42 65 150.68741
42 66 198.92969
42 67 136.40393
42 68 187.53058
42 69 118.72894
42 70 102.85164
42 71 120.1261
42 72 170.75994
42 73 194.65872
42 74 124.57341
42 75 111.28458
42 76 192.69035
42 77 104.25109
42 78 153.85096
42 79 133.90635
42 80 166.00453
42 81 136.33596
42 82 137.00431
42 83 194.921
42 84 141.53116
42 85 149.40209
42 86 160.15211
42 87 187.74088
42 88 134.90257
42 89 183.26985
42 90 155.50551
42 91 175.05556
42 92 134.47316
42 93 179.07505
42 94 172.3587
42 95 182.03082
42 96 143.95492
42 97 134.15893
42 98 127.42398
42 99 168.80128
43 44 133.18398
43 45 141.51245
43 46 172.22006
43 47 113.93631
43 48 179.90657
43 49 132.34988
43 50 102.27157
43 51 171.02751
43 52 160.27593
43 53 193.73025
43 54 168.9314
43 55 185.85991
43 56 139.36958
43 57 184.34575
43 58 132.46873
43 59 145.27815
43 60 144.00501
43 61 129.58516
43 62 189.01588
43 63 120.90385
43 64 142.56639
43 65 119.95433
43 66 191.35183
43 67 138.99019
43 68 137.538
43 69 190.14369
43 70 114.85331
43 71 185.55045
43 72 147.50802
43 73 191.39885
43 74 117.92165
43 75 153.42128
43 76 175.63028
43 77 142.2582
43 78 159.55634
43 79 128.37951
43 80 164.64161
43 81 199.51205
43 82 156.30115
43 83 144.41336
43 84 111.21737
43 85 103.17983
43 86 156.18788
43 87 186.66206
43 88 159.25839
43 89 170.8249
43 90 179.40076
43 91 145.05296
43 92 178.13722
43 93 148.11899
43 94 151.28209
43 95 164.61592
43 96 104.31562
43 97 124.06683
43 98 173.57616
43 99 169.4661
44 45 164.1631
44 46 116.24575
44 47 189.35653
44 48 164.01798
44 49 143.72511
44 50 106.00116
44 51 133.69271
44 52 100.73825
44 53 198.79326
44 54 162.58741
44 55 127.74721
44 56 131.94728
44 57 193.19016
44 58 138.68273
44 59 198.1144
44 60 178.67593
44 61 192.97942
44 62 131.58269
44 63 149.54487
44 64 109.1592
44 65 174.91269
44 66 196.62199
44 67 199.67562
44 68 127.6043
44 69 104.0578
44 70 199.77564
44 71 142.99658
44 72 193.75631
44 73 112.91628
44 74 139.11805
44 75 192.56359
44 76 146.40417
44 77 150.17492
44 78 160.08376
44 79 134.90644
44 80 132.53891
44 81 146.87938
44 82 198.02902
44 83 100.47561
44 84 118.25534
44 85 178.48813
44 86 120.75058
44 87 166.66967
44 88 190.98753
44 89 107.82795
44 90 101.11111
44 91 109.78054
44 92 199.41678
44 93 104.12474
44 94 166.31745
44 95 117.28945
44 96 147.11359
44 97 183.63474
44 98 162.33742
44 99 116.88319
45 46 165.32864
45 47 146.46453
45 48 193.44865
45 49 142.4419
45 50 175.34282
45 51 131.89632
45 52 127.82611
45 53 191.49695
45 54 166.43681
45 55 151.53767
45 56 164.72728
45 57 109.36807
45 58 128.55939
45 59 189.58223
45 60 171.10491
45 61 159.1783
45 62 153.27226
45 63 135.59627
45 64 163.99567
45 65 115.44285
45 66 115.15465
45 67 117.80003
45 68 177.45143
45 69 196.30653
45 70 187.14904
45 71 182.72852
45 72 112.67869
45 73 184.76503
45 74 107.95546
45 75 164.79801
45 76 155.54235
45 77 127.21491
45 78 189.52317
45 79 127.39629
45 80 123.86127
45 81 164.23261
45 82 162.60676
45 83 172.13222
45 84 109.37843
45 85 192.17775
45 86 149.37207
45 87 198.25105
45 88 121.74229
45 89 127.36932
45 90 115.11257
45 91 131.28227
45 92 197.09721
45 93 157.29147
45 94 197.30558
45 95 148.96197
45 96 108.36877
45 97 178.18435
45 98 121.82362
45 99 167.96098
46 47 132.6942
46 48 104.67228
46 49 116.24284
46 50 169.42431
46 51 193.48496
46 52 197.28367
46 53 144.90319
46 54 153.75979
46 55 171.19338
46 56 196.67553
46 57 114.0714
46 58 107.50406
46 59 183.92194
46 60 134.28199
46 61 119.89489
46 62 192.57052
46 63 145.32867
46 64 123.88342
46 65 190.54888
46 66 111.61139
46 67 124.96312
46 68 154.65326
46 69 121.367
46 70 107.776
46 71 113.67345
46 72 159.2252
46 73 125.29665
46 74 185.39169
46 75 161.96305
46 76 165.53222
46 77 136.6087
46 78 153.63895
46 79 106.36994
46 80 112.47653
46 81 185.65466
46 82 100.20206
46 83 194.82299
46 84 147.2287
46 85 141.41201
46 86 186.83783
46 87 179.00103
46 88 162.35983
46 89 143.55827
46 90 145.27591
46 91 180.6162
46 92 101.2719
46 93 116.74854
46 94 121.9361
46 95 136.43365
46 96 198.75875
46 97 195.77295
46 98 171.56294
46 99 169.89382
47 48 132.66914
47 49 176.03786
47 50 180.79894
47 51 162.88854
47 52 145.65363
47 53 165.98022
47 54 169.45973
47 55 182.24334
47 56 133.95191
47 57 199.89758
47 58 178.23393
47 59 166.77515
47 60 105.15476
47 61 163.46177
47 62 191.79901
47 63 174.79899
47 64 109.34188
47 65 109.65281
47 66 166.39073
47 67 107.82081
47 68 139.16688
47 69 179.7215
47 70 132.6854
47 71 144.72393
47 72 136.63299
47 73 148.82339
47 74 179.05442
47 75 122.92868
47 76 110.54757
47 77 136.75097
47 78 134.13794
47 79 186.22159
47 80 185.56824
47 81 182.40564
47 82 113.63035
47 83 143.63325
47 84 147.28382
47 85 102.05719
47 86 150.85908
47 87 173.5756
47 88 144.13975
47 89 184.84893
47 90 192.63474
47 91 166.1562
47 92 152.29551
47 93 150.93702
47 94 142.46846
47 95 112.84958
47 96 164.07396
47 97 120.3528
47 98 119.15298
47 99 162.69042
48 49 168.6171
48 50 188.18481
48 51 163.77836
48 52 110.42411
48 53 162.23711
48 54 165.38271
48 55 197.86721
48 56 177.53979
48 57 144.79496
48 58 147.12364
48 59 162.23701
48 60 129.69591
48 61 108.19177
48 62 148.51737
48 63 108.27596
48 64 100.21681
48 65 188.87105
48 66 185.89673
48 67 148.48972
48 68 123.61982
48 69 169.15902
48 70 126.95399
48 71 101.73302
48 72 155.07585
48 73 139.61549
48 74 196.89454
48 75 140.27991
48 76 164.49275
48 77 146.8252
48 78 153.7645
48 79 158.76934
48 80 183.30511
48 81 174.62657
48 82 117.00634
48 83 175.6677
48 84 110.28772
48 85 104.76268
48 86 169.41523
48 87 164.03333
48 88 140.63982
48 89 157.7757
48 90 158.47775
48 91 143.0949
48 92 173.02286
48 93 133.36303
48 94 176.49803
48 95 181.3436
48 96 165.50621
48 97 158.04582
48 98 182.44451
48 99 191.4118
49 50 100.57907
49 51 127.19872
49 52 150.99189
49 53 150.34299
49 54 158.82405
49 55 198.54725
49 56 178.74639
49 57 198.21485
49 58 149.28164
49 59 121.99429
49 60 147.12158
49 61 195.51492
49 62 114.10695
49 63 133.69265
49 64 109.49742
49 65 129.47118
49 66 101.39917
49 67 147.68791
49 68 179.8621
49 69 197.07678
49 70 132.4387
49 71 124.5894
49 72 111.25803
49 73 109.69166
49 74 181.84604
49 75 111.93121
49 76 159.56044
49 77 187.82615
49 78 175.09632
49 79 178.04201
49 80 185.03334
49 81 159.56035
49 82 123.01461
49 83 119.84173
49 84 185.74555
49 85 108.56494
49 86 151.6666
49 87 116.4206
49 88 158.72425
49 89 175.14695
49 90 164.89423
49 91 128.63186
49 92 168.36149
49 93 115.14468
49 94 131.90645
49 95 144.11274
49 96 174.01242
49 97 198.35849
49 98 155.7424
49 99 107.14135
50 51 119.88853
50 52 119.77457
50 53 133.6946
50 54 140.8981
50 55 193.2879
50 56 154.44193
50 57 123.76976
50 58 141.13944
50 59 141.54638
50 60 119.11415
50 61 130.5725
50 62 187.23948
50 63 141.80587
50 64 185.13204
50 65 195.62777
50 66 182.89499
50 67 166.85676
50 68 113.80775
50 69 138.33769
50 70 195.5833
50 71 109.29793
50 72 135.69544
50 73 112.11433
50 74 129.51761
50 75 128.53133
50 76 148.50139
50 77 177.59977
50 78 190.42103
50 79 145.5335
50 80 165.37169
50 81 116.91986
50 82 178.33418
50 83 197.89693
50 84 163.23982
50 85 173.62982
50 86 162.78871
50 87 114.21821
50 88 156.06913
50 89 176.80349
50 90 192.22532
50 91 134.99193
50 92 104.33525
50 93 118.84698
50 94 116.75986
50 95 101.35158
50 96 120.40061
50 97 113.9951
50 98 191.26838
50 99 191.7711
51 52 109.20939
51 53 182.40958
51 54 143.30958
51 55 188.38917
51 56 169.44114
51 57 145.13326
51 58 115.71795
51 59 162.92333
51 60 176.42626
51 61 108.04518
51 62 133.86114
51 63 108.22618
51 64 195.20672
51 65 120.09011
51 66 152.91517
51 67 185.40685
51 68 188.36489
51 69 148.3138
51 70 133.44252
51 71 152.83068
51 72 139.90195
51 73 116.23784
51 74 176.48795
51 75 146.77342
51 76 172.43208
51 77 128.88375
51 78 190.50259
51 79 144.69089
51 80 143.54358
51 81 147.06287
51 82 143.90896
51 83 174.74218
51 84 144.80146
51 85 172.49792
51 86 178.57081
51 87 140.80298
51 88 109.94763
51 89 169.20429
51 90 168.10031
51 91 198.59547
51 92 153.02298
51 93 180.43658
51 94 147.38988
51 95 157.84221
51 96 147.97573
51 97 196.70773
51 98 109.68044
51 99 119.88957
52 53 152.61089
52 54 179.3616
52 55 138.10636
52 56 195.0486
52 57 130.18327
52 58 172.19974
52 59 190.28435
52 60 133.4221
52 61 188.67312
52 62 173.22461
52 63 198.55867
52 64 147.03211
52 65 111.80982
52 66 185.6274
52 67 122.36805
52 68 161.7957
52 69 103.4306
52 70 181.63536
52 71 197.12277
52 72 134.0131
52 73 186.92643
52 74 103.3106
52 75 177.56467
52 76 111.33761
52 77 159.81123
52 78 188.97583
52 79 163.72637
52 80 123.44973
52 81 101.4315
52 82 109.73636
52 83 121.85716
52 84 153.20812
52 85 184.39444
52 86 115.19071
52 87 150.45151
52 88 194.83063
52 89 165.2361
52 90 183.18583
52 91 115.12881
52 92 154.17214
52 93 188.08843
52 94 119.72799
52 95 154.18756
52 96 145.18471
52 97 153.35383
52 98 180.48166
52 99 186.09022
53 54 153.43279
53 55 104.89555
53 56 193.75849
53 57 155.35557
53 58 196.51524
53 59 174.91928
53 60 154.23814
53 61 120.60252
53 62 117.35133
53 63 192.65507
53 64 149.65554
53 65 184.951
53 66 128.77843
53 67 137.00359
53 68 134.87135
53 69 109.23594
53 70 145.99945
53 71 147.64461
53 72 168.83745
53 73 181.03453
53 74 128.55988
53 75 177.31647
53 76 105.44383
53 77 168.22475
53 78 159.25141
53 79 135.68355
53 80 180.95656
53 81 122.10688
53 82 181.98826
53 83 146.4801
53 84 144.27861
53 85 103.74989
53 86 137.16099
53 87 127.7497
53 88 148.25881
53 89 158.71371
53 90 194.55337
53 91 163.15768
53 92 186.11119
53 93 127.62561
53 94 140.58845
53 95 155.70843
53 96 182.21809
53 97 172.68637
53 98 161.67444
53 99 142.73925
54 55 176.18194
54 56 121.19653
54 57 142.104
54 58 141.689
54 59 181.89725
54 60 179.29126
54 61 142.12411
54 62 138.14658
54 63 129.53264
54 64 171.91185
54 65 162.5571
54 66 103.64412
54 67 161.90208
54 68 166.85189
54 69 116.39111
54 70 105.75249
54 71 133.17576
54 72 100.31614
54 73 124.56185
54 74 137.60414
54 75 150.15405
54 76 157.79127
54 77 132.87186
54 78 120.10534
54 79 102.2448
54 80 102.92541
54 81 115.8243
54 82 125.94335
54 83 134.64933
54 84 168.32474
54 85 144.02309
54 86 139.62925
54 87 192.71117
54 88 126.58966
54 89 146.30018
54 90 118.1776
54 91 175.61161
54 92 146.00854
54 93 175.69489
54 94 115.20687
54 95 106.61395
54 96 180.30452
54 97 126.45088
54 98 187.56912
54 99 176.57245
55 56 169.28051
55 57 129.35604
55 58 121.55679
55 59 107.08528
55 60 143.05737
55 61 133.20497
55 62 170.52568
55 63 129.1671
55 64 188.66673
55 65 191.91548
55 66 172.7793
55 67 110.58231
55 68 122.48888
55 69 180.26524
55 70 189.49985
55 71 165.25763
55 72 167.66972
55 73 162.97515
55 74 100.81227
55 75 152.07416
55 76 164.27985
55 77 182.06562
55 78 150.45334
55 79 118.42462
55 80 157.65359
55 81 119.39351
55 82 148.21087
55 83 196.39822
55 84 110.57131
55 85 118.73748
55 86 180.18316
55 87 137.76792
55 88 126.54649
55 89 175.47379
55 90 167.34132
55 91 155.41316
55 92 153.44364
55 93 153.85454
55 94 181.27098
55 95 118.20298
55 96 159.00256
55 97 155.59572
55 98 131.03278
55 99 116.75725
56 57 162.38122
56 58 150.18663
56 59 165.64131
56 60 169.57912
56 61 172.0886
56 62 156.36853
56 63 155.36593
56 64 141.14891
56 65 107.14673
56 66 123.36904
56 67 132.90826
56 68 155.97883
56 69 174.94028
56 70 191.01617
56 71 172.4758
56 72 183.6373
56 73 130.87854
56 74 175.01217
56 75 145.50104
56 76 173.08807
56 77 172.24346
56 78 186.53002
56 79 151.68678
56 80 144.15727
56 81 160.84902
56 82 155.02666
56 83 143.71692
56 84 195.93459
56 85 150.90953
56 86 194.40886
56 87 137.07999
56 88 134.40122
56 89 135.90981
56 90 125.47715
56 91 114.42818
56 92 166.39957
56 93 122.07429
56 94 168.80675
56 95 120.16648
56 96 105.05822
56 97 112.42657
56 98 123.16136
56 99 148.2857
57 58 111.90597
57 59 157.81697
57 60 199.19113
57 61 167.35487
57 62 173.4896
57 63 174.14494
57 64 135.34281
57 65 145.45431
57 66 139.93221
57 67 188.43626
57 68 113.6337
57 69 160.47109
57 70 189.02542
57 71 119.88139
57 72 191.12395
57 73 178.43137
57 74 160.96878
57 75 198.98702
57 76 154.88331
57 77 156.32751
57 78 107.40486
57 79 130.96755
57 80 124.50642
57 81 164.54056
57 82 175.19027
57 83 122.64383
57 84 123.27709
57 85 134.49646
57 86 149.67985
57 87 138.00383
57 88 150.39308
57 89 174.97398
57 90 185.4707
57 91 154.98853
57 92 100.09358
57 93 198.20743
57 94 156.33904
57 95 118.17258
57 96 167.11744
57 97 146.80572
57 98 106.18095
57 99 159.85551
58 59 143.26549
58 60 129.74788
58 61 140.22675
58 62 126.7185
58 63 166.49753
58 64 107.60472
58 65 134.33214
58 66 127.54022
58 67 192.98408
58 68 165.63101
58 69 122.55657
58 70 115.63754
58 71 160.77685
58 72 114.74453
58 73 122.72
58 74 148.0499
58 75 165.53868
58 76 101.3089
58 77 170.16412
58 78 168.25675
58 79 197.96237
58 80 117.43888
58 81 183.2297
58 82 158.22355
58 83 133.42169
58 84 108.10727
58 85 144.53139
58 86 127.89148
58 87 128.71921
58 88 128.68461
58 89 136.9263
58 90 167.5441
58 91 132.24195
58 92 195.87748
58 93 170.6331
58 94 186.3441
58 95 132.97013
58 96 128.14087
58 97 175.53028
58 98 199.63596
58 99 121.12753
59 60 100.94243
59 61 150.85431
59 62 103.11283
59 63 144.24929
59 64 188.06609
59 65 117.30883
59 66 136.29769
59 67 129.59491
59 68 157.51091
59 69 139.65438
59 70 167.75318
59 71 131.99828
59 72 135.86946
59 73 145.41821
59 74 117.02036
59 75 133.93555
59 76 113.25844
59 77 169.27632
59 78 107.90638
59 79 163.2066
59 80 185.60928
59 81 109.8871
59 82 183.24738
59 83 130.25403
59 84 187.3832
59 85 129.06866
59 86 164.4522
59 87 109.97995
59 88 102.3197
59 89 115.03286
59 90 123.27053
59 91 197.30897
59 92 155.3254
59 93 171.75746
59 94 126.07369
59 95 131.20232
59 96 151.38135
59 97 127.90996
59 98 195.88079
59 99 181.74261
60 61 101.09416
60 62 197.50335
60 63 155.29239
60 64 148.74695
60 65 133.22749
60 66 140.1347
60 67 158.12582
60 68 122.07081
60 69 186.76232
60 70 184.07396
60 71 185.9468
60 72 184.18979
60 73 123.81571
60 74 141.78494
60 75 157.63232
60 76 154.64555
60 77 153.40636
60 78 177.62811
60 79 118.59911
60 80 155.96175
60 81 119.64566
60 82 105.77657
60 83 104.89939
60 84 116.75241
60 85 114.9071
60 86 161.24408
60 87 171.28554
60 88 130.06037
60 89 188.60537
60 90 150.76345
60 91 168.67333
60 92 195.92069
60 93 155.98414
60 94 184.14939
60 95 118.34677
60 96 199.61801
60 97 117.60216
60 98 110.93423
60 99 108.3652
61 62 162.11479
61 63 194.0952
61 64 148.8384
61 65 132.49384
61 66 110.59117
61 67 175.00851
61 68 146.85177
61 69 152.36546
61 70 169.02142
61 71 112.45172
61 72 113.35521
61 73 143.96335
61 74 158.0502
61 75 119.91888
61 76 130.94619
61 77 148.73029
61 78 110.24432
61 79 183.85412
61 80 177.29771
61 81 155.41295
61 82 106.43471
61 83 178.21489
61 84 162.22511
61 85 116.12196
61 86 131.15543
61 87 193.05149
61 88 107.48225
61 89 181.54347
61 90 161.789
61 91 137.40237
61 92 106.46124
61 93 164.16454
61 94 156.08282
61 95 128.64023
61 96 127.29243
61 97 124.51052
61 98 178.44848
61 99 122.44117
62 63 134.34971
62 64 199.92122
62 65 137.29813
62 66 116.15812
62 67 155.95325
62 68 179.88142
62 69 146.29908
62 70 140.72097
62 71 164.75474
62 72 126.60563
62 73 186.87518
62 74 158.34023
62 75 149.26964
62 76 145.34261
62 77 113.52357
62 78 115.09357
62 79 171.25253
62 80 136.73428
62 81 136.15365
62 82 108.43882
62 83 193.48784
62 84 191.0519
62 85 135.2951
62 86 198.12153
62 87 122.36247
62 88 160.33748
62 89 124.53225
62 90 173.84448
62 91 152.77768
62 92 105.0892
62 93 166.80929
62 94 145.78084
62 95 130.99978
62 96 170.58288
62 97 125.81761
62 98 184.73478
62 99 142.99834
63 64 136.25385
63 65 116.29924
63 66 137.73534
63 67 152.75636
63 68 140.52535
63 69 148.81866
63 70 103.81645
63 71 144.17599
63 72 191.96231
63 73 199.22114
63 74 103.93573
63 75 193.21701
63 76 103.41591
63 77 131.70754
63 78 167.94263
63 79 160.48827
63 80 178.20641
63 81 193.84199
63 82 155.53883
63 83 121.14192
63 84 178.95472
63 85 198.80593
63 86 169.19838
63 87 128.83452
63 88 169.70154
63 89 168.91442
63 90 164.45433
63 91 149.48532
63 92 182.9659
63 93 125.03558
63 94 137.32965
63 95 193.70514
63 96 107.74146
63 97 163.43758
63 98 157.21722
63 99 145.15703
64 65 183.15868
64 66 134.27378
64 67 131.55186
64 68 172.31093
64 69 137.81898
64 70 169.9323
64 71 132.63038
64 72 181.62761
64 73 135.73343
64 74 160.37154
64 75 176.42671
64 76 181.66252
64 77 190.48872
64 78 103.23427
64 79 170.83976
64 80 159.3898
64 81 125.72098
64 82 134.02468
64 83 163.9747
64 84 131.44844
64 85 142.8771
64 86 163.46832
64 87 147.19625
64 88 160.9493
64 89 147.41112
64 90 125.11588
64 91 114.09689
64 92 184.87532
64 93 176.93513
64 94 172.58685
64 95 165.72589
64 96 178.54975
64 97 117.63734
64 98 194.02902
64 99 175.35811
65 66 167.68018
65 67 183.17129
65 68 120.73908
65 69 179.82985
65 70 198.05511
65 71 199.46466
65 72 160.22708
65 73 199.11972
65 74 148.98966
65 75 145.1745
65 76 177.45644
65 77 115.52292
65 78 177.72209
65 79 163.00448
65 80 111.89955
65 81 147.00525
65 82 133.60232
65 83 178.00348
65 84 196.11026
65 85 190.97994
65 86 188.9166
65 87 122.52546
65 88 110.43538
65 89 106.46001
65 90 171.5169
65 91 127.05038
65 92 153.37537
65 93 126.28042
65 94 176.09441
65 95 138.44018
65 96 157.85309
65 97 133.25082
65 98 192.94218
65 99 138.74366
66 67 128.32293
66 68 162.56833
66 69 109.86104
66 70 187.86644
66 71 148.36013
66 72 142.12108
66 73 123.12033
66 74 181.53958
66 75 142.80595
66 76 176.08827
66 77 123.72484
66 78 120.23039
66 79 136.78819
66 80 124.15972
66 81 142.05936
66 82 179.17767
66 83 105.50232
66 84 147.21719
66 85 171.09156
66 86 135.72688
66 87 160.41652
66 88 132.61247
66 89 165.28587
66 90 156.47448
66 91 129.80879
66 92 114.26468
66 93 132.5862
66 94 142.43946
66 95 174.71895
66 96 110.78916
66 97 160.36821
66 98 171.60021
66 99 112.92883
67 68 185.7975
67 69 108.50474
67 70 100.08688
67 71 102.50838
67 72 163.73454
67 73 148.47521
67 74 109.91805
67 75 116.33138
67 76 189.64611
67 77 187.90099
67 78 177.26877
67 79 131.92038
67 80 160.32463
67 81 112.9196
67 82 129.58112
67 83 145.43049
67 84 150.19145
67 85 111.44668
67 86 167.13592
67 87 135.93862
67 88 175.64201
67 89 127.44607
67 90 173.23725
67 91 138.16873
67 92 104.06028
67 93 180.56979
67 94 150.01504
67 95 155.86638
67 96 132.40261
67 97 171.85575
67 98 177.94378
67 99 185.46259
68 69 163.02835
68 70 149.56059
68 71 126.7177
68 72 179.87061
68 73 106.76848
68 74 193.64287
68 75 180.71394
68 76 131.8033
68 77 105.00561
68 78 165.07815
68 79 190.17435
68 80 191.65679
68 81 133.55228
68 82 199.99498
68 83 103.04688
68 84 127.5533
68 85 164.9512
68 86 106.91693
68 87 159.66834
68 88 133.31414
68 89 158.31514
68 90 118.19906
68 91 108.99228
68 92 184.90588
68 93 138.03699
68 94 130.76139
68 95 101.29707
68 96 179.59138
68 97 158.64602
68 98 111.07853
68 99 130.73375
69 70 153.25657
69 71 140.28344
69 72 150.13925
69 73 151.38461
69 74 198.3347
69 75 125.30246
69 76 189.88269
69 77 144.47903
69 78 122.81296
69 79 125.87082
69 80 175.5912
69 81 135.90958
69 82 189.01129
69 83 164.12991
69 84 118.12168
69 85 179.67496
69 86 110.57528
69 87 128.39971
69 88 125.28663
69 89 187.84085
69 90 165.21893
69 91 159.70762
69 92 173.39603
69 93 176.47347
69 94 145.91055
69 95 118.46235
69 96 127.72086
69 97 168.45353
69 98 100.33027
69 99 144.60174
70 71 163.23429
70 72 101.03657
70 73 140.88192
70 74 123.73357
70 75 142.81216
70 76 178.1143
70 77 108.18728
70 78 180.99542
70 79 170.26405
70 80 162.33728
70 81 191.02166
70 82 124.72954
70 83 153.64784
70 84 115.57791
70 85 169.11338
70 86 181.9124
70 87 144.83465
70 88 106.47592
70 89 199.41035
70 90 103.90236
70 91 171.87194
70 92 196.58988
70 93 175.72806
70 94 144.71566
70 95 195.79056
70 96 131.99852
70 97 128.28982
70 98 172.37377
70 99 104.84424
71 72 149.3677
71 73 109.5076
71 74 148.35431
71 75 158.54124
71 76 181.12888
71 77 148.42304
71 78 121.11225
71 79 135.09691
71 80 167.59415
71 81 151.7252
71 82 176.75056
71 83 162.15664
71 84 135.43489
71 85 176.12082
71 86 105.50511
71 87 101.1399
71 88 107.40534
71 89 167.13425
71 90 100.27739
71 91 165.21066
71 92 142.2792
71 93 113.72928
71 94 171.44628
71 95 166.50243
71 96 143.34316
71 97 130.48364
71 98 138.0581
71 99 190.04178
72 73 184.81905
72 74 177.45227
72 75 147.56012
72 76 177.75834
72 77 187.85251
72 78 124.58768
72 79 143.43505
72 80 173.84403
72 81 127.42633
72 82 135.74794
72 83 115.97132
72 84 182.27441
72 85 162.78467
72 86 182.3994
72 87 148.99759
72 88 129.42028
72 89 119.31232
72 90 105.72638
72 91 153.78044
72 92 163.08139
72 93 186.77889
72 94 122.48826
72 95 179.0728
72 96 187.97381
72 97 181.05309
72 98 121.46299
72 99 125.42392
73 74 182.39143
73 75 113.61005
73 76 171.22745
73 77 126.38183
73 78 123.8081
73 79 192.46962
73 80 143.25354
73 81 199.11643
73 82 137.27816
73 83 174.09925
73 84 189.77901
73 85 179.02536
73 86 148.02356
73 87 119.73504
73 88 189.15154
73 89 106.75899
73 90 156.89518
73 91 197.52918
73 92 173.85129
73 93 181.78842
73 94 165.97949
73 95 111.23518
73 96 189.22725
73 97 101.20552
73 98 130.19503
73 99 143.40152
74 75 183.60155
74 76 124.8097
74 77 153.304
74 78 176.75499
74 79 124.9713
74 80 180.40572
74 81 108.73251
74 82 123.12954
74 83 159.82255
74 84 198.6207
74 85 157.96079
74 86 166.55244
74 87 176.88747
74 88 143.80498
74 89 111.74826
74 90 170.57581
74 91 125.67241
74 92 116.06142
74 93 155.47125
74 94 125.76651
74 95 181.73159
74 96 138.63522
74 97 132.1152
74 98 118.87759
74 99 108.2966
75 76 196.81646
75 77 122.21907
75 78 119.49369
75 79 162.16013
75 80 142.16276
75 81 197.36789
75 82 144.24785
75 83 114.15624
75 84 155.31101
75 85 118.05548
75 86 123.88636
75 87 152.64772
75 88 107.04772
75 89 157.66411
75 90 123.98836
75 91 148.127
75 92 153.85888
75 93 193.20501
75 94 115.35132
75 95 174.87118
75 96 188.72764
75 97 185.09545
75 98 110.28624
75 99 193.29909
76 77 117.36654
76 78 137.6882
76 79 193.60482
76 80 152.26031
76 81 155.51606
76 82 157.74004
76 83 154.095
76 84 137.01359
76 85 146.49719
76 86 193.83281
76 87 136.38536
76 88 118.78501
76 89 180.56633
76 90 185.53335
76 91 131.19739
76 92 165.40284
76 93 159.30927
76 94 111.33415
76 95 129.03591
76 96 163.46964
76 97 106.8038
76 98 127.39054
76 99 109.54235
77 78 159.89688
77 79 181.25633
77 80 162.66309
77 81 152.36672
77 82 174.7262
77 83 185.00762
77 84 127.98304
77 85 157.62818
77 86 134.03458
77 87 180.75291
77 88 119.43434
77 89 103.74137
77 90 108.05146
77 91 139.1209
77 92 190.08059
77 93 165.67902
77 94 122.70434
77 95 120.27346
77 96 182.93224
77 97 130.87113
77 98 103.21624
77 99 142.74457
78 79 112.46986
78 80 164.74992
78 81 195.41803
78 82 117.87449
78 83 125.40204
78 84 185.64736
78 85 138.56045
78 86 141.48573
78 87 105.51962
78 88 168.93336
78 89 113.73236
78 90 109.64465
78 91 119.59252
78 92 144.30794
78 93 117.35408
78 94 152.03066
78 95 141.33688
78 96 191.43796
78 97 184.47381
78 98 127.9968
78 99 152.55794
79 80 195.63334
79 81 190.35485
79 82 156.64582
79 83 106.22288
79 84 124.70758
79 85 139.5508
79 86 138.0312
79 87 114.7332
79 88 129.78611
79 89 141.20387
79 90 198.07366
79 91 178.7782
79 92 123.02443
79 93 117.19015
79 94 153.26017
79 95 186.89466
79 96 158.57337
79 97 173.33827
79 98 176.11741
79 99 132.93924
80 81 192.22835
80 82 175.70044
80 83 109.59839
80 84 144.52886
80 85 107.55921
80 86 122.76925
80 87 165.05244
80 88 105.76254
80 89 132.16726
80 90 166.44988
80 91 168.3035
80 92 129.01037
80 93 148.73529
80 94 101.69608
80 95 121.93306
80 96 101.47585
80 97 194.34569
80 98 171.15739
80 99 184.84102
81 82 181.18144
81 83 178.04026
81 84 104.64746
81 85 195.94097
81 86 154.6582
81 87 152.25503
81 88 154.27423
81 89 155.4929
81 90 122.31573
81 91 131.20006
81 92 144.13994
81 93 172.56728
81 94 127.77333
81 95 116.77346
81 96 138.63712
81 97 149.37296
81 98 169.58149
81 99 141.67504
82 83 168.25883
82 84 152.77434
82 85 179.80157
82 86 176.55887
82 87 126.56108
82 88 113.1431
82 89 180.94576
82 90 196.91013
82 91 167.9726
82 92 131.5472
82 93 139.52699
82 94 166.16636
82 95 188.5048
82 96 129.68772
82 97 108.2541
82 98 138.99603
82 99 179.14595
83 84 147.30591
83 85 187.42148
83 86 164.50283
83 87 155.01932
83 88 135.30317
83 89 169.82882
83 90 172.73879
83 91 126.62321
83 92 153.28529
83 93 197.52288
83 94 171.34049
83 95 110.70013
83 96 188.23896
83 97 165.00614
83 98 151.87448
83 99 152.13403
84 85 109.85547
84 86 188.10188
84 87 152.98305
84 88 185.01074
84 89 107.24861
84 90 162.08558
84 91 129.11862
84 92 131.53432
84 93 138.21416
84 94 103.55693
84 95 191.63276
84 96 104.96873
84 97 159.02495
84 98 155.8374
84 99 132.69379
85 86 161.13834
85 87 101.15857
85 88 188.83171
85 89 143.69726
85 90 147.70998
85 91 162.67719
85 92 151.08326
85 93 196.59462
85 94 143.28146
85 95 165.34689
85 96 144.60218
85 97 141.66668
85 98 186.24986
85 99 188.65237
86 87 115.85984
86 88 112.01781
86 89 169.8923
86 90 183.65964
86 91 186.13683
86 92 126.49045
86 93 157.13741
86 94 179.9083
86 95 182.94427
86 96 123.34529
86 97 148.83246
86 98 119.55881
86 99 124.5061
87 88 113.71555
87 89 175.71339
87 90 192.68426
87 91 185.90274
87 92 154.18369
87 93 180.89606
87 94 178.64629
87 95 105.95089
87 96 127.33881
87 97 179.8418
87 98 164.06301
87 99 195.04447
88 89 166.16089
88 90 132.75692
88 91 172.41468
88 92 106.96623
88 93 191.73367
88 94 186.26694
88 95 184.13173
88 96 166.68486
88 97 159.51054
88 98 166.59661
88 99 111.54782
89 90 109.44903
89 91 165.47855
89 92 135.02197
89 93 175.00594
89 94 196.6855
89 95 114.25147
89 96 152.77878
89 97 191.22954
89 98 178.60498
89 99 129.03143
90 91 112.39555
90 92 147.19302
90 93 113.88796
90 94 118.74973
90 95 167.99138
90 96 139.50187
90 97 154.82531
90 98 142.71898
90 99 179.76133
91 92 190.02259
91 93 128.67785
91 94 162.26008
91 95 158.9691
91 96 131.85433
91 97 198.32177
91 98 129.99489
91 99 161.88416
92 93 123.92662
92 94 166.41821
92 95 146.22417
92 96 119.10129
92 97 136.97873
92 98 186.60994
92 99 119.82879
93 94 123.30557
93 95 174.40286
93 96 171.81368
93 97 192.78335
93 98 193.41404
93 99 103.86901
94 95 179.47842
94 96 119.32462
94 97 101.87883
94 98 119.39226
94 99 180.17682
95 96 180.92449
95 97 103.73815
95 98 192.30877
95 99 133.83155
96 97 126.66049
96 98 116.84628
96 99 118.53875
97 98 105.96914
97 99 175.91261
98 99 177.6846
