100 30
0 1 106.0024
0 2 173.24495
0 3 139.45035
0 4 186.70293
0 5 113.7173
0 6 104.33947
0 7 115.90084
0 8 194.03212
0 9 103.6416
0 10 188.34532
0 11 174.67547
0 12 167.02056
0 13 168.20933
0 14 105.73656
0 15 189.55563
0 16 114.34831
0 17 162.76614
0 18 177.84127
0 19 134.7522
0 20 158.14068
0 21 176.29767
0 22 120.70064
0 23 163.17764
0 24 169.30059
0 25 115.51439
0 26 184.00846
0 27 131.82792
0 28 144.5947
0 29 142.99707
0 30 180.50681
0 31 157.81806
0 32 184.2309
0 33 171.3254
0 34 103.84069
0 35 172.20649
0 36 134.4192
0 37 126.72909
0 38 141.31105
0 39 115.23761
0 40 120.98754
0 41 127.77944
0 42 176.90935
0 43 164.28853
0 44 185.47262
0 45 115.07793
0 46 179.06385
0 47 143.01839
0 48 130.77353
0 49 178.58966
0 50 181.64461
0 51 133.44635
0 52 135.90881
0 53 126.35989
0 54 102.80443
0 55 103.03895
0 56 137.76637
0 57 127.49239
0 58 121.89833
0 59 140.01982
0 60 197.9714
0 61 196.0056
0 62 139.44892
0 63 194.30598
0 64 192.16988
0 65 144.32372
0 66 132.11223
0 67 150.41224
0 68 181.90604
0 69 133.89714
0 70 165.44907
0 71 185.37026
0 72 111.72875
0 73 100.7261
0 74 174.76965
0 75 191.73607
0 76 133.3185
0 77 152.88899
0 78 142.58087
0 79 179.75235
0 80 157.79236
0 81 129.98936
0 82 166.43127
0 83 197.51724
0 84 100.48978
0 85 118.18893
0 86 111.97572
0 87 176.59884
0 88 144.05791
0 89 163.30025
0 90 152.34839
0 91 152.4852
0 92 107.8336
0 93 154.11207
0 94 122.77418
0 95 197.9026
0 96 199.42464
0 97 162.245
0 98 182.93414
0 99 184.80925
1 2 137.4426
1 3 178.36875
1 4 107.24784
1 5 191.10292
1 6 166.71416
1 7 121.66433
1 8 182.76724
1 9 155.3845
1 10 101.85693
1 11 159.88711
1 12 103.21136
1 13 159.80489
1 14 103.0765
1 15 167.60602
1 16 129.23914
1 17 164.30024
1 18 165.13145
1 19 139.65195
1 20 165.6057
1 21 150.47483
1 22 179.66295
1 23 172.11656
1 24 105.6252
1 25 120.29968
1 26 145.60184
1 27 100.42825
1 28 117.89771
1 29 114.15446
1 30 102.16176
1 31 157.26567
1 32 158.16191
1 33 103.3858
1 34 196.11214
1 35 128.05837
1 36 176.01389
1 37 191.4678
1 38 180.96234
1 39 135.40471
1 40 194.68873
1 41 111.19907
1 42 194.88423
1 43 167.71015
1 44 140.56611
1 45 172.97636
1 46 148.19605
1 47 141.86618
1 48 178.6376
1 49 161.43929
1 50 168.12305
1 51 179.75404
1 52 167.44535
1 53 109.43888
1 54 128.41695
1 55 170.19166
1 56 177.26722
1 57 142.61122
1 58 184.9533
1 59 140.5489
1 60 141.95365
1 61 141.60789
1 62 136.04148
1 63 185.55041
1 64 151.02981
1 65 106.84266
1 66 101.2083
1 67 152.44165
1 68 190.51542
1 69 134.37295
1 70 154.52101
1 71 125.06972
1 72 151.67078
1 73 110.55208
1 74 170.70591
1 75 174.62879
1 76 130.45895
1 77 156.57058
1 78 149.55254
1 79 116.6386
1 80 106.05436
1 81 103.70914
1 82 105.00181
1 83 165.22665
1 84 106.14509
1 85 108.77827
1 86 139.1581
1 87 168.2608
1 88 104.46357
1 89 111.67207
1 90 145.36233
1 91 123.19974
1 92 146.21056
1 93 137.68967
1 94 151.18482
1 95 150.0109
1 96 110.51271
1 97 126.88244
1 98 185.28388
1 99 181.53558
2 3 139.87112
2 4 180.79237
2 5 140.81077
2 6 194.76223
2 7 122.44748
2 8 105.19632
2 9 111.19329
2 10 120.04803
2 11 116.83301
2 12 131.80798
2 13 157.47931
2 14 121.84421
2 15 187.80095
2 16 112.37754
2 17 121.20654
2 18 131.34591
2 19 142.72688
2 20 164.62048
2 21 189.24283
2 22 144.91265
2 23 106.5952
2 24 168.94914
2 25 129.91261
2 26 185.8136
2 27 140.59
2 28 186.40355
2 29 188.89218
2 30 154.15281
2 31 103.60574
2 32 123.89247
2 33 169.35624
2 34 166.42035
2 35 109.82443
2 36 165.90694
2 37 101.02039
2 38 170.80962
2 39 176.1462
2 40 163.97731
2 41 170.76549
2 42 139.24719
2 43 171.99763
2 44 125.61461
2 45 198.80314
2 46 191.16211
2 47 145.20278
2 48 182.45753
2 49 100.97028
2 50 111.48312
2 51 101.14089
2 52 168.21304
2 53 120.23526
2 54 180.24522
2 55 111.20969
2 56 162.73518
2 57 187.14757
2 58 141.75755
2 59 127.9669
2 60 101.97205
2 61 188.12948
2 62 196.73793
2 63 145.74797
2 64 176.82582
2 65 128.94094
2 66 133.41592
2 67 191.02711
2 68 146.64464
2 69 168.59802
2 70 158.551
2 71 145.75709
2 72 168.336
2 73 142.13993
2 74 117.96915
2 75 180.52537
2 76 189.32632
2 77 182.90356
2 78 170.89056
2 79 195.18049
2 80 102.20543
2 81 105.41776
2 82 111.68686
2 83 157.96161
2 84 157.34781
2 85 116.6386
2 86 157.7869
2 87 115.63184
2 88 143.33021
2 89 123.57237
2 90 107.97837
2 91 106.46069
2 92 115.05571
2 93 117.17704
2 94 108.13373
2 95 137.11747
2 96 196.5254
2 97 132.30135
2 98 147.2527
2 99 191.10867
3 4 172.02912
3 5 120.80427
3 6 107.97421
3 7 128.30326
3 8 172.97087
3 9 116.40443
3 10 129.98657
3 11 140.94444
3 12 131.56971
3 13 113.98282
3 14 107.31612
3 15 174.05344
3 16 194.47679
3 17 164.661
3 18 122.45991
3 19 130.70448
3 20 145.16768
3 21 187.16455
3 22 180.2881
3 23 122.69292
3 24 187.84302
3 25 186.44867
3 26 144.78088
3 27 116.70016
3 28 165.38778
3 29 185.38599
3 30 185.89575
3 31 171.25288
3 32 199.86831
3 33 176.83646
3 34 158.04853
3 35 157.12672
3 36 111.45431
3 37 114.44014
3 38 170.53579
3 39 160.85612
3 40 126.27447
3 41 187.64478
3 42 189.87726
3 43 104.44052
3 44 135.97281
3 45 199.85501
3 46 168.19616
3 47 160.36587
3 48 172.67225
3 49 112.51263
3 50 183.78482
3 51 144.53371
3 52 149.50334
3 53 122.1328
3 54 163.13144
3 55 129.41797
3 56 153.7394
3 57 136.7248
3 58 184.18377
3 59 149.58648
3 60 160.20956
3 61 120.54738
3 62 164.47438
3 63 153.24376
3 64 147.11072
3 65 131.4569
3 66 101.39483
3 67 189.34576
3 68 132.76222
3 69 136.83683
3 70 103.10799
3 71 190.06912
3 72 191.20057
3 73 141.79801
3 74 198.33455
3 75 133.42341
3 76 133.68262
3 77 121.53825
3 78 120.68231
3 79 105.76096
3 80 176.05858
3 81 193.89095
3 82 149.12028
3 83 177.72532
3 84 194.01568
3 85 164.92295
3 86 168.87326
3 87 172.72018
3 88 163.53815
3 89 138.62019
3 90 145.9407
3 91 163.48981
3 92 174.05672
3 93 152.96414
3 94 150.85226
3 95 116.57778
3 96 109.28781
3 97 104.87206
3 98 138.34508
3 99 107.24922
4 5 100.02805
4 6 106.37906
4 7 183.97518
4 8 130.27121
4 9 128.71872
4 10 165.93981
4 11 158.88938
4 12 111.2012
4 13 172.12257
4 14 170.37539
4 15 128.15178
4 16 146.30842
4 17 117.39109
4 18 131.56048
4 19 132.7615
4 20 139.87489
4 21 113.62722
4 22 136.97241
4 23 139.52949
4 24 197.69623
4 25 174.33498
4 26 184.41824
4 27 106.7298
4 28 194.09613
4 29 166.94865
4 30 154.65938
4 31 109.89242
4 32 191.20097
4 33 155.33515
4 34 173.98979
4 35 179.04934
4 36 159.71713
4 37 192.54563
4 38 137.85728
4 39 187.17729
4 40 187.63215
4 41 148.24232
4 42 136.72866
4 43 176.42571
4 44 138.46405
4 45 166.011
4 46 174.58247
4 47 118.01515
4 48 120.54606
4 49 168.79986
4 50 119.5344
4 51 136.87677
4 52 196.89845
4 53 172.42862
4 54 123.77239
4 55 150.17347
4 56 162.95307
4 57 145.38062
4 58 184.18474
4 59 127.93884
4 60 178.87974
4 61 175.15078
4 62 120.46235
4 63 123.72109
4 64 140.31885
4 65 164.95947
4 66 136.1887
4 67 142.47684
4 68 142.44489
4 69 173.02765
4 70 106.94949
4 71 187.17248
4 72 167.72405
4 73 165.56707
4 74 153.70401
4 75 119.60742
4 76 119.34288
4 77 153.19135
4 78 199.01942
4 79 167.31141
4 80 145.96055
4 81 177.54924
4 82 147.72243
4 83 118.15025
4 84 183.85173
4 85 172.34778
4 86 143.06647
4 87 127.79017
4 88 108.43129
4 89 112.08723
4 90 129.53522
4 91 181.46153
4 92 172.92923
4 93 126.69036
4 94 141.26931
4 95 142.23317
4 96 184.39049
4 97 153.99117
4 98 179.38828
4 99 102.62824
5 6 174.32069
5 7 173.9698
5 8 109.01975
5 9 172.13431
5 10 189.97934
5 11 127.9019
5 12 198.96276
5 13 143.62277
5 14 185.89423
5 15 102.47192
5 16 115.64494
5 17 173.87035
5 18 195.4973
5 19 152.23534
5 20 170.61773
5 21 186.48592
5 22 136.30486
5 23 100.83884
5 24 167.83035
5 25 143.07938
5 26 185.71903
5 27 142.80806
5 28 151.78137
5 29 198.55006
5 30 151.88074
5 31 149.94121
5 32 142.53982
5 33 193.10553
5 34 168.93432
5 35 121.36064
5 36 169.31275
5 37 140.17176
5 38 161.5821
5 39 157.85717
5 40 118.48733
5 41 150.57811
5 42 130.80167
5 43 109.83027
5 44 100.18982
5 45 134.75187
5 46 152.06825
5 47 123.59069
5 48 159.14593
5 49 152.53099
5 50 128.41321
5 51 174.16818
5 52 163.13556
5 53 152.47466
5 54 174.71486
5 55 108.28458
5 56 175.69608
5 57 191.67885
5 58 122.53829
5 59 147.81637
5 60 188.42618
5 61 196.16499
5 62 145.55399
5 63 181.30395
5 64 107.50588
5 65 152.29981
5 66 140.68683
5 67 154.42119
5 68 189.26024
5 69 183.02161
5 70 119.85688
5 71 171.47078
5 72 169.57487
5 73 149.66482
5 74 167.85644
5 75 130.19863
5 76 121.58569
5 77 166.67506
5 78 192.04112
5 79 189.88319
5 80 175.11232
5 81 103.56046
5 82 190.68014
5 83 140.68971
5 84 133.39851
5 85 142.0352
5 86 163.5641
5 87 160.94219
5 88 141.9574
5 89 110.05616
5 90 168.98297
5 91 135.85612
5 92 118.72183
5 93 137.43882
5 94 110.75697
5 95 183.05512
5 96 133.32762
5 97 199.21264
5 98 111.48509
5 99 171.56179
6 7 179.99334
6 8 133.21206
6 9 182.80289
6 10 100.22619
6 11 145.76397
6 12 196.08023
6 13 171.15234
6 14 105.1475
6 15 121.58218
6 16 155.28738
6 17 124.70166
6 18 118.46251
6 19 111.60686
6 20 114.55424
6 21 181.17531
6 22 192.16995
6 23 112.49495
6 24 133.28239
6 25 108.98494
6 26 119.79403
6 27 196.54095
6 28 191.85712
6 29 177.48447
6 30 143.74616
6 31 116.64552
6 32 105.95533
6 33 149.38463
6 34 165.4013
6 35 199.13976
6 36 127.25093
6 37 148.79507
6 38 115.72567
6 39 116.75494
6 40 132.15234
6 41 127.25898
6 42 195.48093
6 43 198.25352
6 44 160.73117
6 45 105.2829
6 46 175.60299
6 47 102.69083
6 48 146.242
6 49 165.83252
6 50 118.16506
6 51 152.46475
6 52 121.40501
6 53 174.6463
6 54 133.7448
6 55 112.97753
6 56 191.78574
6 57 176.00093
6 58 158.29378
6 59 107.85552
6 60 134.51745
6 61 150.48763
6 62 115.66177
6 63 118.96892
6 64 114.12376
6 65 119.63926
6 66 174.87354
6 67 103.59077
6 68 129.03577
6 69 130.23802
6 70 105.7326
6 71 157.91395
6 72 154.21621
6 73 155.70969
6 74 170.32288
6 75 138.95471
6 76 148.36347
6 77 184.48314
6 78 117.77737
6 79 198.86052
6 80 115.82048
6 81 165.87305
6 82 171.77571
6 83 133.34733
6 84 194.03443
6 85 174.1924
6 86 191.70754
6 87 135.91607
6 88 137.86574
6 89 187.72048
6 90 168.89254
6 91 180.87773
6 92 113.75232
6 93 101.33461
6 94 161.50951
6 95 118.34657
6 96 109.50291
6 97 193.93262
6 98 151.14463
6 99 113.88747
7 8 199.12601
7 9 199.1498
7 10 115.30172
7 11 159.00442
7 12 148.84707
7 13 160.09776
7 14 183.8477
7 15 116.00239
7 16 176.72234
7 17 178.8195
7 18 125.66547
7 19 106.8438
7 20 161.5748
7 21 169.49311
7 22 143.16989
7 23 140.35388
7 24 170.75726
7 25 121.3289
7 26 181.69325
7 27 156.4042
7 28 123.20609
7 29 170.99634
7 30 113.91296
7 31 195.46687
7 32 129.30171
7 33 114.97479
7 34 167.77467
7 35 165.65358
7 36 168.10091
7 37 149.29372
7 38 184.69609
7 39 123.48364
7 40 176.64374
7 41 163.04294
7 42 186.83895
7 43 113.96062
7 44 115.32022
7 45 181.89931
7 46 175.13981
7 47 184.66115
7 48 196.94649
7 49 107.23733
7 50 128.63519
7 51 125.36918
7 52 125.88533
7 53 137.16666
7 54 117.49525
7 55 192.10442
7 56 165.78267
7 57 104.90318
7 58 194.8077
7 59 139.42588
7 60 187.41263
7 61 195.2261
7 62 132.07784
7 63 116.82959
7 64 184.69424
7 65 176.95955
7 66 153.33171
7 67 127.2457
7 68 121.43987
7 69 100.43995
7 70 199.73741
7 71 169.45387
7 72 138.51727
7 73 147.38504
7 74 187.19044
7 75 138.26999
7 76 149.0203
7 77 117.55474
7 78 195.98464
7 79 117.61925
7 80 195.63336
7 81 130.25491
7 82 190.56873
7 83 155.08038
7 84 183.39578
7 85 185.97207
7 86 163.46621
7 87 181.49712
7 88 144.93594
7 89 192.70018
7 90 134.8775
7 91 115.50805
7 92 182.4899
7 93 181.21417
7 94 198.76411
7 95 170.58902
7 96 106.35762
7 97 120.29979
7 98 127.19091
7 99 152.42813
8 9 178.27344
8 10 117.5756
8 11 141.5846
8 12 161.64504
8 13 161.98088
8 14 186.55612
8 15 130.29976
8 16 109.50916
8 17 189.96325
8 18 119.00579
8 19 159.60473
8 20 157.61013
8 21 177.33949
8 22 107.08165
8 23 119.02285
8 24 177.94293
8 25 148.2616
8 26 103.5979
8 27 183.45462
8 28 139.41856
8 29 128.72279
8 30 138.13275
8 31 134.84842
8 32 140.76801
8 33 109.13596
8 34 151.39263
8 35 140.90871
8 36 157.49244
8 37 135.11367
8 38 113.37279
8 39 142.9094
8 40 113.36023
8 41 189.97359
8 42 136.18811
8 43 145.86562
8 44 120.1095
8 45 163.84574
8 46 157.74643
8 47 185.84982
8 48 168.41183
8 49 168.98801
8 50 167.44618
8 51 195.3722
8 52 113.7665
8 53 195.73357
8 54 183.96918
8 55 106.15824
8 56 131.79979
8 57 165.36946
8 58 144.74968
8 59 144.34178
8 60 170.06741
8 61 116.4472
8 62 199.51669
8 63 140.0467
8 64 137.09582
8 65 122.11539
8 66 147.30075
8 67 191.41751
8 68 137.52197
8 69 143.89015
8 70 174.34811
8 71 100.44611
8 72 121.43809
8 73 170.71625
8 74 151.38158
8 75 166.09741
8 76 197.90526
8 77 127.65614
8 78 156.41306
8 79 105.36803
8 80 103.95017
8 81 189.61103
8 82 100.26517
8 83 192.06831
8 84 134.06588
8 85 178.60836
8 86 125.42074
8 87 144.56207
8 88 187.65791
8 89 116.0446
8 90 196.21221
8 91 184.3934
8 92 129.66549
8 93 189.23635
8 94 186.22752
8 95 128.11875
8 96 186.91531
8 97 198.77221
8 98 129.21883
8 99 157.59764
9 10 103.81722
9 11 156.56272
9 12 147.046
9 13 126.07702
9 14 147.18719
9 15 159.6112
9 16 181.84209
9 17 139.79076
9 18 156.52921
9 19 119.67563
9 20 192.25737
9 21 152.95332
9 22 197.05416
9 23 152.91038
9 24 112.89514
9 25 163.79912
9 26 150.13975
9 27 120.32818
9 28 131.47008
9 29 110.22272
9 30 188.29096
9 31 140.72553
9 32 142.69237
9 33 153.91322
9 34 178.24935
9 35 169.88037
9 36 129.74309
9 37 175.77332
9 38 172.28387
9 39 175.34297
9 40 143.01008
9 41 148.29243
9 42 160.189
9 43 119.65302
9 44 196.06186
9 45 124.50451
9 46 176.52872
9 47 130.29808
9 48 139.74197
9 49 179.13635
9 50 125.37831
9 51 111.12979
9 52 171.92065
9 53 169.84603
9 54 101.36086
9 55 107.96019
9 56 117.32824
9 57 111.33976
9 58 109.77468
9 59 169.61578
9 60 184.98083
9 61 146.22165
9 62 155.70517
9 63 194.99875
9 64 187.8106
9 65 151.46349
9 66 125.72313
9 67 162.33829
9 68 175.15348
9 69 149.07043
9 70 142.09364
9 71 183.42188
9 72 163.2164
9 73 199.52404
9 74 116.37685
9 75 170.43168
9 76 125.64391
9 77 144.27296
9 78 184.02515
9 79 110.03829
9 80 137.83996
9 81 131.47802
9 82 157.2951
9 83 194.90414
9 84 190.17637
9 85 192.60076
9 86 160.76724
9 87 113.72985
9 88 116.34815
9 89 185.50844
9 90 183.92411
9 91 131.10692
9 92 162.61555
9 93 164.45717
9 94 125.88768
9 95 167.74273
9 96 166.6315
9 97 155.0456
9 98 125.30491
9 99 182.57515
10 11 165.59324
10 12 100.53331
10 13 192.84278
10 14 118.36609
10 15 104.30131
10 16 148.39972
10 17 115.05972
10 18 159.46061
10 19 152.3837
10 20 140.26722
10 21 157.25824
10 22 142.43101
10 23 164.83559
10 24 145.32441
10 25 165.13097
10 26 166.14859
10 27 108.53543
10 28 197.47436
10 29 106.28955
10 30 116.59222
10 31 199.95812
10 32 118.69805
10 33 143.11687
10 34 114.07495
10 35 195.20575
10 36 109.75772
10 37 165.11647
10 38 191.67104
10 39 169.95881
10 40 119.24016
10 41 187.99742
10 42 151.56721
10 43 101.5763
10 44 162.56226
10 45 126.08135
10 46 131.03172
10 47 130.32512
10 48 129.98889
10 49 113.30497
10 50 199.79156
10 51 164.84048
10 52 175.83252
10 53 195.7391
10 54 198.0974
10 55 193.36652
10 56 110.34275
10 57 118.86236
10 58 145.90588
10 59 119.54309
10 60 138.24464
10 61 182.34498
10 62 106.35227
10 63 136.39119
10 64 163.47
10 65 196.26767
10 66 167.19091
10 67 101.51312
10 68 183.41369
10 69 191.15807
10 70 117.9278
10 71 198.57293
10 72 127.36506
10 73 158.15429
10 74 147.91446
10 75 154.14719
10 76 157.92238
10 77 198.07447
10 78 189.69366
10 79 153.20545
10 80 164.30952
10 81 121.10815
10 82 154.75137
10 83 139.52123
10 84 173.16016
10 85 178.96623
10 86 134.17489
10 87 162.59228
10 88 128.6103
10 89 176.74974
10 90 111.85508
10 91 111.44362
10 92 120.9879
10 93 170.34239
10 94 113.48695
10 95 147.88412
10 96 110.51363
10 97 139.40943
10 98 103.93124
10 99 103.02159
11 12 153.56734
11 13 145.19358
11 14 104.41898
11 15 111.02385
11 16 173.32932
11 17 158.34886
11 18 193.8932
11 19 176.82786
11 20 151.81138
11 21 199.4019
11 22 101.44228
11 23 145.1102
11 24 162.77829
11 25 189.55691
11 26 118.27032
11 27 189.61089
11 28 150.94266
11 29 181.82703
11 30 189.14869
11 31 137.88249
11 32 104.12554
11 33 198.44944
11 34 109.0635
11 35 191.01816
11 36 141.5475
11 37 179.10075
11 38 117.8356
11 39 170.21244
11 40 176.59979
11 41 149.99145
11 42 104.21671
11 43 141.02208
11 44 113.66341
11 45 163.84154
11 46 113.41523
11 47 173.24748
11 48 141.75663
11 49 118.22107
11 50 155.42629
11 51 111.52168
11 52 172.87683
11 53 161.0326
11 54 102.57574
11 55 198.46886
11 56 198.59633
11 57 194.24791
11 58 183.17654
11 59 116.78048
11 60 162.07809
11 61 156.63012
11 62 148.395
11 63 130.159
11 64 196.06854
11 65 171.07739
11 66 148.00999
11 67 176.89863
11 68 133.508
11 69 142.27582
11 70 135.85188
11 71 186.59568
11 72 169.75974
11 73 142.92611
11 74 139.89771
11 75 178.71775
11 76 120.35171
11 77 125.16937
11 78 128.25593
11 79 155.77672
11 80 197.6213
11 81 149.9955
11 82 193.92764
11 83 130.66636
11 84 104.4681
11 85 199.06213
11 86 180.12349
11 87 185.77175
11 88 197.12201
11 89 154.20795
11 90 140.63787
11 91 180.52706
11 92 126.11124
11 93 189.9282
11 94 186.25522
11 95 182.32587
11 96 197.04413
11 97 131.61926
11 98 155.83801
11 99 146.50247
12 13 132.82491
12 14 131.14185
12 15 172.65019
12 16 157.24476
12 17 107.33005
12 18 129.26922
12 19 167.8474
12 20 115.43682
12 21 101.90198
12 22 161.66356
12 23 121.87287
12 24 185.54302
12 25 126.55473
12 26 181.46326
12 27 149.67086
12 28 180.35527
12 29 157.86163
12 30 137.3594
12 31 158.89944
12 32 118.10307
12 33 195.17734
12 34 106.24397
12 35 153.19058
12 36 102.6153
12 37 154.12494
12 38 108.7105
12 39 170.81421
12 40 162.5589
12 41 174.33444
12 42 110.63661
12 43 192.92874
12 44 161.66759
12 45 179.60747
12 46 166.12595
12 47 143.16342
12 48 175.66
12 49 187.9519
12 50 164.44544
12 51 129.75746
12 52 137.00198
12 53 162.19437
12 54 156.35894
12 55 127.82186
12 56 173.7228
12 57 196.34931
12 58 148.10085
12 59 159.78345
12 60 154.70538
12 61 103.82376
12 62 174.54872
12 63 155.39283
12 64 125.9785
12 65 194.82804
12 66 181.00259
12 67 196.19228
12 68 122.52973
12 69 166.4096
12 70 189.91977
12 71 143.1409
12 72 153.64436
12 73 135.81176
12 74 178.31711
12 75 143.18896
12 76 146.66188
12 77 195.89675
12 78 135.55733
12 79 183.16101
12 80 161.34801
12 81 125.54204
12 82 135.52321
12 83 109.2775
12 84 182.24709
12 85 122.09839
12 86 163.88112
12 87 195.29254
12 88 120.96802
12 89 131.20797
12 90 177.1216
12 91 129.69779
12 92 144.37843
12 93 137.80571
12 94 198.33707
12 95 164.25947
12 96 159.70993
12 97 182.70708
12 98 136.88759
12 99 115.49431
13 14 135.56498
13 15 129.00481
13 16 192.61395
13 17 189.16063
13 18 139.10684
13 19 121.32051
13 20 192.16777
13 21 104.36067
13 22 141.50799
13 23 148.52996
13 24 138.52848
13 25 181.93379
13 26 157.46192
13 27 141.80283
13 28 187.63311
13 29 167.93083
13 30 111.03374
13 31 140.53147
13 32 147.85343
13 33 172.80151
13 34 194.80692
13 35 130.48427
13 36 192.45047
13 37 163.31372
13 38 149.97336
13 39 134.50506
13 40 156.87679
13 41 123.27473
13 42 103.22944
13 43 122.18199
13 44 159.03288
13 45 187.99322
13 46 112.71113
13 47 112.76227
13 48 196.92352
13 49 105.43024
13 50 137.85321
13 51 173.25907
13 52 121.55074
13 53 183.99379
13 54 139.17677
13 55 101.13279
13 56 197.81659
13 57 186.15176
13 58 128.532
13 59 150.76272
13 60 134.08372
13 61 180.46582
13 62 140.70964
13 63 142.48697
13 64 184.37327
13 65 184.18908
13 66 137.47654
13 67 123.88664
13 68 115.85578
13 69 156.70137
13 70 137.75647
13 71 141.27681
13 72 115.17323
13 73 111.89989
13 74 176.05994
13 75 151.74494
13 76 114.33053
13 77 110.6068
13 78 149.75
13 79 172.61439
13 80 171.40706
13 81 158.91464
13 82 153.2371
13 83 130.68569
13 84 170.21621
13 85 161.71835
13 86 115.39608
13 87 173.40615
13 88 159.27744
13 89 161.36385
13 90 116.76388
13 91 181.93801
13 92 144.2105
13 93 162.77055
13 94 144.38154
13 95 136.09852
13 96 173.09673
13 97 188.24492
13 98 160.07778
13 99 197.03288
14 15 186.25818
14 16 156.60988
14 17 181.61152
14 18 172.954
14 19 100.34374
14 20 133.6657
14 21 173.22403
14 22 130.9729
14 23 165.23213
14 24 127.11359
14 25 106.47261
14 26 106.98966
14 27 135.23341
14 28 130.91132
14 29 163.7435
14 30 155.00613
14 31 100.21511
14 32 124.67386
14 33 141.49705
14 34 176.12233
14 35 125.49444
14 36 117.61391
14 37 151.59008
14 38 188.32713
14 39 149.08102
14 40 179.87853
14 41 131.56684
14 42 178.04689
14 43 125.43939
14 44 115.30392
14 45 184.48834
14 46 159.83484
14 47 139.66796
14 48 112.9537
14 49 160.37547
14 50 177.28838
14 51 113.39845
14 52 185.5576
14 53 148.5161
14 54 133.05873
14 55 192.97606
14 56 168.4906
14 57 162.73452
14 58 151.02476
14 59 113.32837
14 60 181.77652
14 61 115.94269
14 62 185.88812
14 63 169.57687
14 64 124.74202
14 65 100.30079
14 66 190.89758
14 67 188.59682
14 68 132.80275
14 69 170.28641
14 70 180.33668
14 71 118.76028
14 72 186.85286
14 73 124.88671
14 74 135.84535
14 75 110.79509
14 76 173.75837
14 77 129.61584
14 78 197.72852
14 79 169.50049
14 80 162.4076
14 81 164.96781
14 82 147.37858
14 83 188.30385
14 84 167.83072
14 85 119.12172
14 86 151.4165
14 87 117.93403
14 88 169.48246
14 89 174.23574
14 90 145.62358
14 91 172.6294
14 92 191.32385
14 93 183.60107
14 94 101.56706
14 95 154.90047
14 96 180.78453
14 97 122.52308
14 98 130.00007
14 99 116.26558
15 16 144.68798
15 17 157.48757
15 18 147.79433
15 19 194.44162
15 20 115.70676
15 21 179.24365
15 22 160.26111
15 23 109.7359
15 24 172.51204
15 25 140.72414
15 26 106.4033
15 27 199.23333
15 28 173.4133
15 29 156.93914
15 30 113.99964
15 31 155.69075
15 32 196.00272
15 33 171.98594
15 34 192.18013
15 35 160.26746
15 36 193.05752
15 37 171.51022
15 38 135.10217
15 39 137.63775
15 40 104.35556
15 41 156.06157
15 42 108.3068
15 43 151.42562
15 44 183.38839
15 45 125.47536
15 46 136.30358
15 47 164.18097
15 48 137.37783
15 49 117.37468
15 50 104.74169
15 51 187.74513
15 52 118.50091
15 53 117.15421
15 54 109.98005
15 55 194.96827
15 56 138.54335
15 57 101.6444
15 58 143.78191
15 59 158.44805
15 60 193.15
15 61 189.72693
15 62 106.06745
15 63 132.62876
15 64 122.93849
15 65 135.9566
15 66 106.91809
15 67 189.58111
15 68 127.10484
15 69 199.8697
15 70 144.95541
15 71 174.02734
15 72 187.48042
15 73 141.99094
15 74 171.43477
15 75 106.7841
15 76 154.33261
15 77 175.64609
15 78 143.95786
15 79 163.7758
15 80 172.74609
15 81 186.98258
15 82 167.54187
15 83 173.84814
15 84 104.58141
15 85 147.17123
15 86 132.77237
15 87 134.30081
15 88 189.08639
15 89 198.80363
15 90 108.70083
15 91 187.00234
15 92 101.84541
15 93 149.08345
15 94 149.08602
15 95 125.79448
15 96 103.23397
15 97 197.66188
15 98 115.27433
15 99 129.91699
16 17 118.364
16 18 190.89982
16 19 154.93018
16 20 138.07663
16 21 156.10636
16 22 114.42868
16 23 183.27391
16 24 144.82528
16 25 189.65541
16 26 165.6951
16 27 132.44444
16 28 185.06389
16 29 179.12977
16 30 150.29835
16 31 101.21582
16 32 185.80295
16 33 164.4043
16 34 191.66398
16 35 174.52363
16 36 141.88892
16 37 120.86507
16 38 147.84176
16 39 175.57363
16 40 172.2181
16 41 195.05047
16 42 112.5455
16 43 199.18306
16 44 181.36795
16 45 166.52044
16 46 123.57633
16 47 191.66817
16 48 153.82393
16 49 158.67075
16 50 152.19099
16 51 149.42816
16 52 137.95532
16 53 126.65152
16 54 170.20325
16 55 133.60863
16 56 179.27586
16 57 113.71438
16 58 138.0163
16 59 190.41869
16 60 107.34476
16 61 152.13487
16 62 136.9429
16 63 192.32152
16 64 166.67001
16 65 182.87009
16 66 149.19261
16 67 196.21143
16 68 181.83039
16 69 118.69962
16 70 191.13249
16 71 104.46617
16 72 183.75994
16 73 172.74931
16 74 165.84581
16 75 183.01211
16 76 168.55036
16 77 148.98802
16 78 176.6945
16 79 140.05659
16 80 156.37896
16 81 106.49605
16 82 130.30977
16 83 173.05325
16 84 165.32153
16 85 176.90908
16 86 137.90356
16 87 194.77664
16 88 197.46876
16 89 169.89178
16 90 138.81045
16 91 111.83
16 92 108.52893
16 93 125.13522
16 94 146.74638
16 95 182.60131
16 96 124.62566
16 97 127.68524
16 98 158.36091
16 99 172.53361
17 18 195.32056
17 19 124.13982
17 20 158.84788
17 21 122.48169
17 22 139.1522
17 23 159.79797
17 24 121.45432
17 25 182.57061
17 26 194.28004
17 27 175.1134
17 28 195.89125
17 29 171.50547
17 30 116.76737
17 31 100.09709
17 32 101.49038
17 33 170.69969
17 34 122.33871
17 35 181.25283
17 36 195.35815
17 37 148.84802
17 38 156.93101
17 39 166.4564
17 40 156.36188
17 41 182.29175
17 42 150.86873
17 43 109.88932
17 44 148.50708
17 45 170.64888
17 46 165.42048
17 47 178.21867
17 48 131.24723
17 49 144.06701
17 50 137.96995
17 51 116.21779
17 52 114.033
17 53 154.52005
17 54 195.00097
17 55 190.49342
17 56 104.18134
17 57 145.43311
17 58 169.64151
17 59 183.17718
17 60 180.9385
17 61 156.62701
17 62 127.98037
17 63 189.71888
17 64 194.40721
17 65 107.43646
17 66 149.28399
17 67 184.86275
17 68 134.06423
17 69 197.59793
17 70 115.45653
17 71 160.59497
17 72 199.4769
17 73 113.12688
17 74 177.92368
17 75 193.08266
17 76 165.27758
17 77 124.39673
17 78 197.03911
17 79 143.57796
17 80 174.24773
17 81 133.78411
17 82 113.02228
17 83 195.14449
17 84 157.36345
17 85 135.82449
17 86 192.03659
17 87 143.29838
17 88 140.74397
17 89 160.15763
17 90 168.73192
17 91 120.07141
17 92 114.02358
17 93 163.69869
17 94 139.78406
17 95 113.65544
17 96 137.20579
17 97 183.55216
17 98 194.07726
17 99 107.82954
18 19 118.63822
18 20 146.86463
18 21 172.30731
18 22 146.27541
18 23 188.63225
18 24 196.47541
18 25 133.01833
18 26 166.18539
18 27 183.71151
18 28 192.25833
18 29 146.26746
18 30 111.8753
18 31 129.52467
18 32 165.86227
18 33 105.21465
18 34 139.76622
18 35 188.91403
18 36 116.71623
18 37 119.2063
18 38 106.33519
18 39 113.87992
18 40 193.77766
18 41 150.71019
18 42 112.79684
18 43 176.88542
18 44 108.822
18 45 116.0121
18 46 102.32288
18 47 110.06957
18 48 111.41554
18 49 135.14969
18 50 161.93337
18 51 174.58766
18 52 156.71498
18 53 158.88113
18 54 182.77163
18 55 147.66175
18 56 108.47137
18 57 191.38678
18 58 101.21097
18 59 115.33125
18 60 166.91672
18 61 118.41625
18 62 114.03632
18 63 171.56385
18 64 132.94481
18 65 162.58103
18 66 172.06713
18 67 156.95182
18 68 112.62249
18 69 185.92052
18 70 194.05763
18 71 139.10069
18 72 185.68774
18 73 159.56824
18 74 199.68703
18 75 128.23798
18 76 185.89104
18 77 190.92957
18 78 128.98636
18 79 185.8873
18 80 128.76225
18 81 140.66341
18 82 121.17114
18 83 147.31827
18 84 177.60966
18 85 142.64892
18 86 163.09497
18 87 140.97084
18 88 102.31855
18 89 113.92972
18 90 160.62358
18 91 160.52055
18 92 132.92826
18 93 177.30907
18 94 199.12229
18 95 105.62699
18 96 136.24037
18 97 131.49093
18 98 171.89136
18 99 172.15314
19 20 112.4138
19 21 199.38275
19 22 188.88968
19 23 152.5297
19 24 174.01235
19 25 152.62404
19 26 128.3369
19 27 171.24276
19 28 110.89779
19 29 170.50909
19 30 122.97737
19 31 171.75032
19 32 181.11908
19 33 174.66174
19 34 186.91797
19 35 123.41414
19 36 131.33692
19 37 118.01315
19 38 170.19894
19 39 114.55456
19 40 112.17203
19 41 167.44513
19 42 132.16106
19 43 197.59351
19 44 154.03996
19 45 148.61098
19 46 185.29902
19 47 159.54939
19 48 170.71003
19 49 159.94029
19 50 142.30433
19 51 128.39134
19 52 151.99296
19 53 157.10356
19 54 186.98768
19 55 169.27228
19 56 134.89473
19 57 112.36742
19 58 132.27876
19 59 173.92104
19 60 126.38913
19 61 126.81546
19 62 152.34442
19 63 100.75056
19 64 183.29917
19 65 161.08846
19 66 149.40433
19 67 189.10045
19 68 130.98083
19 69 141.81383
19 70 153.35235
19 71 194.30518
19 72 127.28225
19 73 124.30264
19 74 167.33158
19 75 185.86884
19 76 138.95619
19 77 172.85781
19 78 176.67755
19 79 143.47114
19 80 149.61361
19 81 125.70172
19 82 129.84085
19 83 129.97355
19 84 152.51152
19 85 112.49344
19 86 195.46668
19 87 120.14683
19 88 156.18582
19 89 158.57516
19 90 191.54373
19 91 136.82384
19 92 166.05253
19 93 166.87427
19 94 138.61214
19 95 176.71074
19 96 188.27724
19 97 197.48155
19 98 121.25528
19 99 164.02778
20 21 181.26769
20 22 168.58138
20 23 183.63728
20 24 183.67541
20 25 107.58995
20 26 176.90103
20 27 158.01662
20 28 121.32372
20 29 162.08369
20 30 196.61225
20 31 150.83792
20 32 187.39122
20 33 158.9868
20 34 116.90901
20 35 139.94999
20 36 120.67375
20 37 185.55367
20 38 141.99133
20 39 191.61267
20 40 183.67834
20 41 175.62433
20 42 151.47407
20 43 110.97697
20 44 105.36402
20 45 195.12303
20 46 116.97018
20 47 139.95854
20 48 134.13691
20 49 150.96454
20 50 175.19355
20 51 118.37565
20 52 162.71092
20 53 115.11728
20 54 142.22286
20 55 182.53295
20 56 123.24516
20 57 183.75047
20 58 134.16821
20 59 169.94638
20 60 143.56147
20 61 154.05409
20 62 142.81063
20 63 116.94725
20 64 101.72093
20 65 147.30972
20 66 171.1001
20 67 113.60898
20 68 107.62897
20 69 119.24533
20 70 174.53469
20 71 191.19189
20 72 106.92757
20 73 192.68539
20 74 180.07264
20 75 186.58192
20 76 142.84896
20 77 156.34567
20 78 128.23909
20 79 161.85615
20 80 130.94078
20 81 178.5592
20 82 147.8019
20 83 155.92034
20 84 141.58001
20 85 199.94235
20 86 122.27009
20 87 191.41234
20 88 183.72811
20 89 103.8888
20 90 152.00336
20 91 160.10633
20 92 115.99297
20 93 164.71239
20 94 139.46138
20 95 112.88877
20 96 136.07443
20 97 160.98422
20 98 103.23099
20 99 115.22914
21 22 124.66821
21 23 102.17474
21 24 190.71554
21 25 137.39262
21 26 177.23552
21 27 120.63916
21 28 138.51702
21 29 139.85349
21 30 184.39499
21 31 149.17843
21 32 192.71571
21 33 143.64436
21 34 189.17005
21 35 196.50267
21 36 194.91599
21 37 189.63765
21 38 175.24285
21 39 125.02615
21 40 134.47475
21 41 153.58813
21 42 127.99851
21 43 125.56116
21 44 169.79958
21 45 182.93623
21 46 101.85651
21 47 192.74039
21 48 116.22636
21 49 143.40802
21 50 191.74787
21 51 120.23854
21 52 192.75778
21 53 158.03419
21 54 192.58057
21 55 118.74216
21 56 131.31974
21 57 137.08293
21 58 125.26171
21 59 127.30085
21 60 108.89268
21 61 100.99074
21 62 196.30916
21 63 185.167
21 64 175.03763
21 65 147.74838
21 66 154.90631
21 67 121.45741
21 68 149.66935
21 69 102.55518
21 70 149.26757
21 71 151.73162
21 72 149.57287
21 73 187.82246
21 74 138.55093
21 75 194.5306
21 76 136.81041
21 77 111.01942
21 78 145.23415
21 79 132.49552
21 80 154.51783
21 81 159.07256
21 82 161.69778
21 83 164.62019
21 84 176.64388
21 85 144.54118
21 86 187.35989
21 87 155.4374
21 88 147.79488
21 89 124.57902
21 90 170.55569
21 91 175.72997
21 92 134.78966
21 93 109.88459
21 94 146.85763
21 95 136.93958
21 96 161.96463
21 97 171.05915
21 98 121.70537
21 99 163.20099
22 23 198.1581
22 24 146.44194
22 25 103.83013
22 26 112.24264
22 27 100.1654
22 28 126.96274
22 29 138.26155
22 30 160.45611
22 31 180.19374
22 32 156.12217
22 33 188.85304
22 34 136.16959
22 35 123.70707
22 36 107.05603
22 37 178.31958
22 38 182.15771
22 39 131.46628
22 40 185.07393
22 41 179.19871
22 42 184.02032
22 43 165.52972
22 44 133.28976
22 45 178.1638
22 46 104.21142
22 47 117.70817
22 48 144.7488
22 49 168.58165
22 50 136.30747
22 51 183.46055
22 52 173.01995
22 53 190.70994
22 54 170.31371
22 55 191.06556
22 56 163.91793
22 57 107.48382
22 58 178.74532
22 59 153.25993
22 60 190.57965
22 61 120.70733
22 62 105.25082
22 63 149.28957
22 64 169.72341
22 65 127.27117
22 66 105.32757
22 67 122.62078
22 68 150.18356
22 69 162.05866
22 70 104.14198
22 71 189.72865
22 72 162.64457
22 73 194.80073
22 74 112.0012
22 75 162.8719
22 76 194.22376
22 77 132.83112
22 78 144.03208
22 79 193.07658
22 80 159.92242
22 81 124.7185
22 82 197.92687
22 83 197.4315
22 84 186.57972
22 85 114.46172
22 86 115.94578
22 87 195.02814
22 88 157.45778
22 89 126.79854
22 90 182.68227
22 91 129.74408
22 92 172.01247
22 93 102.91067
22 94 181.25758
22 95 183.75683
22 96 108.46486
22 97 163.18145
22 98 184.25363
22 99 126.26211
23 24 109.89658
23 25 116.66789
23 26 174.90162
23 27 145.56977
23 28 118.95813
23 29 121.59348
23 30 166.9167
23 31 179.56701
23 32 134.40293
23 33 104.05338
23 34 163.12022
23 35 131.77695
23 36 120.03745
23 37 198.97466
23 38 171.75847
23 39 196.37429
23 40 169.7073
23 41 147.15588
23 42 166.13525
23 43 172.96178
23 44 194.68303
23 45 135.04723
23 46 115.50807
23 47 198.1754
23 48 127.12825
23 49 109.39765
23 50 175.54801
23 51 196.13212
23 52 197.71035
23 53 158.44814
23 54 131.40233
23 55 182.20721
23 56 193.5317
23 57 169.34481
23 58 155.32875
23 59 126.4035
23 60 197.18346
23 61 134.92846
23 62 108.26965
23 63 132.79017
23 64 133.51356
23 65 196.46783
23 66 182.54219
23 67 163.17665
23 68 132.46376
23 69 146.25574
23 70 167.67653
23 71 135.94355
23 72 120.16067
23 73 176.89451
23 74 141.6067
23 75 139.52981
23 76 145.88609
23 77 114.86122
23 78 135.96662
23 79 143.61574
23 80 135.11063
23 81 132.3143
23 82 132.94388
23 83 149.67511
23 84 118.76954
23 85 147.26874
23 86 152.26472
23 87 106.86186
23 88 191.31793
23 89 146.74583
23 90 177.76322
23 91 102.42918
23 92 122.91841
23 93 112.1456
23 94 150.35118
23 95 129.09108
23 96 153.25369
23 97 183.92167
23 98 174.09823
23 99 158.50761
24 25 199.57485
24 26 138.32428
24 27 105.39053
24 28 138.51992
24 29 119.6862
24 30 106.79358
24 31 141.50552
24 32 129.11549
24 33 102.87314
24 34 169.11102
24 35 139.28016
24 36 198.36758
24 37 116.74755
24 38 172.53452
24 39 188.25695
24 40 148.75575
24 41 111.87849
24 42 119.75157
24 43 195.52361
24 44 187.11053
24 45 130.98915
24 46 169.45309
24 47 154.57672
24 48 104.32319
24 49 119.80749
24 50 196.8317
24 51 151.33239
24 52 143.63215
24 53 125.59046
24 54 173.987
24 55 188.48581
24 56 100.56373
24 57 150.70239
24 58 162.53415
24 59 136.23591
24 60 155.31253
24 61 112.21911
24 62 127.84994
24 63 112.46585
24 64 127.13107
24 65 124.29907
24 66 160.59501
24 67 187.91935
24 68 115.83885
24 69 195.97658
24 70 191.58969
24 71 107.93
24 72 166.05983
24 73 134.22137
24 74 175.25349
24 75 132.34018
24 76 120.71939
24 77 188.54206
24 78 123.36701
24 79 179.0716
24 80 141.67315
24 81 192.10255
24 82 145.05614
24 83 177.36784
24 84 111.77919
24 85 117.11873
24 86 119.9554
24 87 146.34465
24 88 111.29371
24 89 177.94365
24 90 168.17827
24 91 105.40992
24 92 146.46279
24 93 151.99608
24 94 133.04154
24 95 157.58626
24 96 129.4657
24 97 167.78159
24 98 198.29152
24 99 170.48165
25 26 153.31425
25 27 171.05122
25 28 171.19434
25 29 107.31717
25 30 180.4687
25 31 185.64223
25 32 165.39987
25 33 177.80027
25 34 156.67126
25 35 178.87424
25 36 176.68464
25 37 153.13979
25 38 199.82667
25 39 184.39733
25 40 133.65642
25 41 167.07055
25 42 130.07738
25 43 121.99801
25 44 186.44964
25 45 101.07448
25 46 191.95004
25 47 171.8137
25 48 124.40822
25 49 129.54149
25 50 198.3242
25 51 152.97879
25 52 106.01785
25 53 164.38641
25 54 193.68495
25 55 196.6603
25 56 132.24625
25 57 195.32902
25 58 165.57501
25 59 149.64833
25 60 149.68015
25 61 128.38687
25 62 167.37659
25 63 143.82045
25 64 156.51098
25 65 199.43368
25 66 191.78047
25 67 199.99761
25 68 144.76477
25 69 199.87796
25 70 149.12232
25 71 130.74714
25 72 141.27095
25 73 198.1402
25 74 105.58882
25 75 112.23593
25 76 194.07705
25 77 122.241
25 78 102.8053
25 79 127.81362
25 80 153.24756
25 81 142.95944
25 82 190.2581
25 83 197.5583
25 84 165.89528
25 85 117.61988
25 86 169.5359
25 87 174.75049
25 88 119.35429
25 89 109.76731
25 90 111.45894
25 91 103.29831
25 92 191.59369
25 93 145.14058
25 94 116.7105
25 95 101.67773
25 96 199.14142
25 97 127.08591
25 98 172.70654
25 99 187.77466
26 27 107.32255
26 28 108.36281
26 29 109.04363
26 30 148.67148
26 31 124.38412
26 32 161.92276
26 33 112.82073
26 34 160.71457
26 35 128.54489
26 36 170.02855
26 37 127.07653
26 38 199.61218
26 39 164.99159
26 40 142.32773
26 41 186.55277
26 42 130.72608
26 43 100.89113
26 44 128.48876
26 45 193.33901
26 46 194.91436
26 47 198.51711
26 48 129.53494
26 49 157.88053
26 50 120.68597
26 51 126.33528
26 52 183.51285
26 53 190.54108
26 54 157.65614
26 55 166.54817
26 56 152.79706
26 57 158.98239
26 58 105.46181
26 59 142.1293
26 60 179.80562
26 61 146.09831
26 62 113.90232
26 63 156.11228
26 64 161.78921
26 65 169.42205
26 66 149.99203
26 67 123.52772
26 68 133.89248
26 69 189.45721
26 70 189.95995
26 71 123.11101
26 72 130.85024
26 73 157.22952
26 74 107.69149
26 75 134.87547
26 76 189.22844
26 77 177.8361
26 78 176.24887
26 79 113.39619
26 80 167.78994
26 81 163.57754
26 82 108.48919
26 83 126.85591
26 84 119.13945
26 85 155.26963
26 86 114.67667
26 87 101.93665
26 88 122.06225
26 89 102.64541
26 90 115.21698
26 91 152.51137
26 92 104.27394
26 93 126.48774
26 94 142.15802
26 95 115.07203
26 96 106.41158
26 97 145.13887
26 98 147.76385
26 99 133.94205
27 28 152.0876
27 29 171.84457
27 30 198.44378
27 31 120.8703
27 32 143.4454
27 33 107.97255
27 34 108.57813
27 35 125.72691
27 36 193.72136
27 37 109.43791
27 38 188.18133
27 39 175.95989
27 40 122.74111
27 41 166.40309
27 42 188.84227
27 43 135.5104
27 44 139.26195
27 45 102.60129
27 46 131.00654
27 47 147.51224
27 48 123.49623
27 49 136.81372
27 50 100.49383
27 51 195.13474
27 52 108.07718
27 53 149.79958
27 54 136.00703
27 55 155.25645
27 56 103.18865
27 57 138.86756
27 58 115.93281
27 59 164.11916
27 60 130.03147
27 61 167.37648
27 62 175.69842
27 63 151.08439
27 64 186.45356
27 65 104.90838
27 66 158.57957
27 67 102.8976
27 68 118.43715
27 69 148.65771
27 70 153.50754
27 71 155.22641
27 72 131.3882
27 73 140.75415
27 74 146.28827
27 75 160.30293
27 76 151.26616
27 77 187.16681
27 78 128.27523
27 79 130.8987
27 80 158.93796
27 81 178.43505
27 82 114.46803
27 83 117.06786
27 84 145.90166
27 85 123.75133
27 86 149.67147
27 87 117.5858
27 88 195.71274
27 89 185.70738
27 90 167.67448
27 91 103.5523
27 92 155.35021
27 93 113.22548
27 94 174.28902
27 95 116.52831
27 96 199.84873
27 97 109.10128
27 98 199.40736
27 99 172.71753
28 29 100.58397
28 30 158.77781
28 31 105.72601
28 32 119.50097
28 33 161.58206
28 34 192.72085
28 35 185.49163
28 36 144.7896
28 37 110.04912
28 38 124.2769
28 39 106.54596
28 40 100.69377
28 41 107.11276
28 42 198.05882
28 43 185.7364
28 44 178.66243
28 45 133.16615
28 46 196.25804
28 47 121.95653
28 48 191.51586
28 49 140.35086
28 50 108.82567
28 51 188.24856
28 52 165.75435
28 53 175.49453
28 54 178.40325
28 55 143.30693
28 56 161.89403
28 57 179.53889
28 58 152.91829
28 59 187.61474
28 60 199.86852
28 61 131.87299
28 62 162.54697
28 63 150.83626
28 64 172.28374
28 65 148.10964
28 66 179.78021
28 67 164.36018
28 68 152.74822
28 69 150.82891
28 70 163.97869
28 71 118.55579
28 72 169.78392
28 73 167.63238
28 74 158.76629
28 75 196.59408
28 76 171.71331
28 77 103.29969
28 78 137.27184
28 79 190.19761
28 80 159.38005
28 81 174.16641
28 82 157.33982
28 83 179.67378
28 84 150.63554
28 85 183.93489
28 86 152.58222
28 87 152.11185
28 88 178.38838
28 89 148.68961
28 90 128.3956
28 91 101.57093
28 92 177.6142
28 93 146.26951
28 94 117.44541
28 95 191.23919
28 96 116.9051
28 97 170.0192
28 98 107.6908
28 99 170.82163
29 30 127.79357
29 31 182.78363
29 32 106.25018
29 33 136.97505
29 34 108.94798
29 35 171.71231
29 36 186.22511
29 37 176.15359
29 38 110.8584
29 39 137.80911
29 40 189.00479
29 41 106.04298
29 42 178.28875
29 43 154.30736
29 44 198.88846
29 45 139.69708
29 46 133.87473
29 47 106.92305
29 48 152.71984
29 49 186.91986
29 50 151.46269
29 51 196.82751
29 52 182.58801
29 53 121.43697
29 54 158.0756
29 55 174.31258
29 56 144.29939
29 57 167.09193
29 58 118.33445
29 59 129.40759
29 60 110.30521
29 61 189.71475
29 62 130.14694
29 63 113.65856
29 64 120.97058
29 65 162.49237
29 66 151.5915
29 67 197.96068
29 68 178.80541
29 69 150.91859
29 70 139.40363
29 71 177.83274
29 72 192.69437
29 73 186.36349
29 74 164.59648
29 75 108.95374
29 76 112.01281
29 77 183.68714
29 78 120.49813
29 79 130.74796
29 80 130.2147
29 81 177.00571
29 82 130.18701
29 83 139.20293
29 84 177.47467
29 85 147.39598
29 86 140.68435
29 87 171.31708
29 88 129.46311
29 89 101.91779
29 90 171.82153
29 91 170.36406
29 92 122.0455
29 93 128.36681
29 94 160.71695
29 95 116.52901
29 96 163.6643
29 97 140.50913
29 98 162.31464
29 99 159.29508
30 31 169.10305
30 32 136.72777
30 33 134.54587
30 34 106.49067
30 35 151.25891
30 36 146.57154
30 37 107.62497
30 38 159.68851
30 39 117.99766
30 40 175.88772
30 41 197.38461
30 42 103.20128
30 43 146.98238
30 44 181.43045
30 45 144.5257
30 46 126.4783
30 47 124.48052
30 48 156.41669
30 49 112.82451
30 50 177.05234
30 51 160.08701
30 52 186.15044
30 53 128.67563
30 54 194.98405
30 55 115.58297
30 56 194.4935
30 57 147.5422
30 58 130.85056
30 59 101.47702
30 60 147.83554
30 61 175.74529
30 62 132.73892
30 63 171.79686
30 64 192.07963
30 65 178.45809
30 66 121.89451
30 67 131.54166
30 68 174.40531
30 69 195.17106
30 70 175.88436
30 71 196.08872
30 72 150.38882
30 73 191.71776
30 74 183.16073
30 75 177.97321
30 76 105.03372
30 77 152.33196
30 78 165.42839
30 79 178.44728
30 80 177.80165
30 81 187.39448
30 82 138.14804
30 83 179.35894
30 84 152.2651
30 85 105.60778
30 86 131.42724
30 87 186.12636
30 88 128.48365
30 89 193.66585
30 90 101.01034
30 91 103.7923
30 92 144.63787
30 93 192.39201
30 94 126.36108
30 95 147.99369
30 96 104.85648
30 97 132.61493
30 98 173.03398
30 99 181.20752
31 32 123.76005
31 33 113.89075
31 34 185.7133
31 35 137.39814
31 36 172.58503
31 37 182.00119
31 38 135.49271
31 39 125.77574
31 40 147.21493
31 41 166.59852
31 42 156.79507
31 43 172.46445
31 44 169.87095
31 45 183.70215
31 46 159.97288
31 47 140.16616
31 48 197.64187
31 49 124.578
31 50 112.44079
31 51 187.04133
31 52 120.36549
31 53 129.09845
31 54 162.12375
31 55 177.4931
31 56 144.37052
31 57 168.65684
31 58 190.34848
31 59 128.4124
31 60 108.0423
31 61 114.84553
31 62 159.2307
31 63 175.26286
31 64 126.21291
31 65 126.37393
31 66 169.50338
31 67 124.90725
31 68 169.28021
31 69 163.73414
31 70 123.39377
31 71 158.11375
31 72 118.23507
31 73 184.00117
31 74 155.16097
31 75 136.47127
31 76 113.0824
31 77 120.88014
31 78 194.01235
31 79 163.51197
31 80 198.0453
31 81 183.7616
31 82 111.43301
31 83 104.63101
31 84 107.75822
31 85 127.99406
31 86 177.59868
31 87 182.45192
31 88 191.55546
31 89 196.5474
31 90 162.30952
31 91 127.15898
31 92 115.5162
31 93 111.47039
31 94 147.5432
31 95 174.14157
31 96 196.87569
31 97 184.06582
31 98 181.23721
31 99 106.69704
32 33 166.71555
32 34 116.20381
32 35 190.92442
32 36 161.96454
32 37 104.08494
32 38 123.29614
32 39 172.62819
32 40 179.5028
32 41 149.05899
32 42 139.15931
32 43 154.52396
32 44 113.51252
32 45 125.82151
32 46 116.52659
32 47 134.44575
32 48 120.48023
32 49 138.40059
32 50 138.56371
32 51 185.05824
32 52 142.90439
32 53 172.08316
32 54 111.78699
32 55 177.60817
32 56 105.95192
32 57 125.9858
32 58 177.51027
32 59 183.14766
32 60 184.34175
32 61 124.99159
32 62 112.64933
32 63 183.50967
32 64 136.61845
32 65 146.46776
32 66 142.4858
32 67 141.38522
32 68 167.65996
32 69 107.28514
32 70 139.18924
32 71 136.48178
32 72 176.5793
32 73 156.04023
32 74 150.25874
32 75 167.80092
32 76 140.41765
32 77 195.52231
32 78 109.70041
32 79 109.04744
32 80 189.05952
32 81 159.21743
32 82 146.91317
32 83 164.98009
32 84 137.9373
32 85 140.70519
32 86 120.38908
32 87 196.51821
32 88 103.02144
32 89 169.62747
32 90 169.34523
32 91 187.74899
32 92 164.54996
32 93 125.98668
32 94 162.98231
32 95 152.20404
32 96 142.69667
32 97 126.33912
32 98 137.82675
32 99 140.00669
33 34 108.18475
33 35 164.41047
33 36 179.2665
33 37 177.01155
33 38 155.55904
33 39 194.2563
33 40 193.23689
33 41 190.83612
33 42 143.72282
33 43 171.91641
33 44 193.4213
33 45 125.60322
33 46 197.65059
33 47 134.34577
33 48 195.54989
33 49 142.88427
33 50 173.86896
33 51 182.48212
33 52 173.95659
33 53 134.37311
33 54 160.89747
33 55 106.39244
33 56 185.73115
33 57 199.88871
33 58 193.05832
33 59 147.91119
33 60 168.77427
33 61 112.13977
33 62 143.19358
33 63 144.11934
33 64 194.46482
33 65 116.27013
33 66 190.06244
33 67 172.76491
33 68 151.38402
33 69 175.04957
33 70 142.8083
33 71 172.94589
33 72 116.20875
33 73 120.67177
33 74 180.97178
33 75 166.88225
33 76 102.45151
33 77 118.81489
33 78 180.71098
33 79 146.83108
33 80 164.14219
33 81 144.24309
33 82 168.5892
33 83 179.89637
33 84 101.34267
33 85 124.70901
33 86 104.77672
33 87 143.77301
33 88 128.30034
33 89 118.9526
33 90 111.35058
33 91 163.27556
33 92 183.22081
33 93 119.43087
33 94 103.18715
33 95 134.21372
33 96 112.4469
33 97 187.12464
33 98 134.59156
33 99 114.45397
34 35 167.32433
34 36 107.56288
34 37 138.21815
34 38 129.36537
34 39 132.42023
34 40 134.91718
34 41 120.31754
34 42 185.82436
34 43 192.4859
34 44 158.08727
34 45 118.88958
34 46 124.99867
34 47 137.97716
34 48 188.85555
34 49 122.98991
34 50 194.14942
34 51 195.49151
34 52 181.76326
34 53 177.49794
34 54 134.16766
34 55 141.24482
34 56 198.19721
34 57 154.68446
34 58 101.02414
34 59 130.37113
34 60 145.90202
34 61 165.6271
34 62 143.27188
34 63 134.72791
34 64 120.69908
34 65 152.38818
34 66 163.93293
34 67 151.8842
34 68 101.18584
34 69 185.89015
34 70 181.62538
34 71 109.3984
34 72 171.06465
34 73 198.16277
34 74 198.64856
34 75 129.29294
34 76 140.97809
34 77 172.4459
34 78 186.23015
34 79 148.11254
34 80 142.5206
34 81 196.44421
34 82 172.20818
34 83 122.60691
34 84 104.25437
34 85 109.34297
34 86 117.07316
34 87 109.1678
34 88 182.69344
34 89 168.38945
34 90 178.53563
34 91 122.63543
34 92 145.7058
34 93 100.57491
34 94 152.72634
34 95 164.73535
34 96 189.81325
34 97 137.97903
34 98 108.43425
34 99 148.40401
35 36 154.07146
35 37 174.937
35 38 178.85283
35 39 107.04356
35 40 102.35158
35 41 163.08789
35 42 186.21243
35 43 161.65088
35 44 132.42732
35 45 161.85843
35 46 133.74891
35 47 148.67835
35 48 110.43549
35 49 117.31546
35 50 112.21285
35 51 129.98391
35 52 169.07563
35 53 134.82371
35 54 184.56771
35 55 197.62106
35 56 143.60707
35 57 164.26775
35 58 139.64575
35 59 179.6346
35 60 121.62735
35 61 107.61892
35 62 106.38576
35 63 105.55667
35 64 188.02572
35 65 173.0565
35 66 130.33691
35 67 114.58872
35 68 133.8834
35 69 127.84971
35 70 197.30696
35 71 146.65983
35 72 114.90927
35 73 140.21046
35 74 115.77842
35 75 107.14857
35 76 127.79055
35 77 142.03776
35 78 146.64588
35 79 107.4672
35 80 168.88306
35 81 169.61956
35 82 113.97034
35 83 118.38901
35 84 127.79388
35 85 144.80277
35 86 123.11228
35 87 151.59104
35 88 168.76966
35 89 151.66048
35 90 169.9042
35 91 182.92779
35 92 124.03161
35 93 142.51393
35 94 110.48747
35 95 134.11074
35 96 178.45045
35 97 169.97927
35 98 161.24956
35 99 170.83469
36 37 163.6892
36 38 127.44118
36 39 167.92809
36 40 168.84526
36 41 182.48794
36 42 175.38335
36 43 131.57015
36 44 187.23671
36 45 188.96632
36 46 129.11807
36 47 102.83602
36 48 186.02548
36 49 148.56439
36 50 109.23974
36 51 181.54233
36 52 154.81126
36 53 155.09156
36 54 109.954
36 55 158.09068
36 56 178.19923
36 57 121.13451
36 58 176.08138
36 59 153.31019
36 60 162.06245
36 61 112.76229
36 62 167.49598
36 63 146.92525
36 64 190.46605
36 65 157.74757
36 66 109.34426
36 67 156.31968
36 68 194.43117
36 69 197.0274
36 70 193.44478
36 71 109.03475
36 72 198.42541
36 73 196.70999
36 74 191.05019
36 75 133.08396
36 76 170.50084
36 77 113.44748
36 78 150.95788
36 79 162.43449
36 80 108.31803
36 81 127.67766
36 82 171.399
36 83 169.7635
36 84 144.23217
36 85 139.56951
36 86 158.64274
36 87 195.95546
36 88 104.66371
36 89 128.49451
36 90 117.60245
36 91 133.69741
36 92 139.81599
36 93 159.20643
36 94 182.03841
36 95 187.48344
36 96 113.63078
36 97 137.40108
36 98 193.32916
36 99 115.1148
37 38 143.17838
37 39 148.47784
37 40 124.60327
37 41 198.25121
37 42 147.08486
37 43 160.37229
37 44 157.16881
37 45 182.01848
37 46 110.66805
37 47 108.29563
37 48 162.67303
37 49 141.89089
37 50 107.61834
37 51 141.94683
37 52 115.72595
37 53 113.72131
37 54 165.73477
37 55 155.70283
37 56 143.39976
37 57 150.8648
37 58 184.54417
37 59 145.36711
37 60 119.68632
37 61 193.79243
37 62 176.57127
37 63 100.88663
37 64 153.43696
37 65 181.32876
37 66 173.58458
37 67 105.12149
37 68 106.16264
37 69 191.13795
37 70 114.38736
37 71 115.38937
37 72 191.062
37 73 113.58694
37 74 164.83254
37 75 151.14663
37 76 102.75216
37 77 135.83301
37 78 146.01713
37 79 156.98709
37 80 187.02799
37 81 117.96535
37 82 170.98661
37 83 178.82441
37 84 152.56763
37 85 176.94318
37 86 179.64325
37 87 125.02269
37 88 189.24908
37 89 101.71982
37 90 198.01102
37 91 172.92236
37 92 184.93306
37 93 111.04394
37 94 153.6992
37 95 147.39807
37 96 145.17234
37 97 168.02177
37 98 141.34076
37 99 177.01067
38 39 134.79123
38 40 133.21532
38 41 162.49024
38 42 108.43119
38 43 106.34042
38 44 168.63527
38 45 134.40089
38 46 166.90048
38 47 172.1599
38 48 128.47795
38 49 107.50302
38 50 161.19191
38 51 192.10594
38 52 114.37849
38 53 185.12831
38 54 176.97362
38 55 115.14198
38 56 136.57557
38 57 171.12565
38 58 157.72666
38 59 178.04825
38 60 149.15651
38 61 133.50448
38 62 187.17215
38 63 153.71705
38 64 133.40319
38 65 100.40314
38 66 143.43547
38 67 140.38468
38 68 134.04995
38 69 169.70091
38 70 156.16182
38 71 119.95083
38 72 175.24107
38 73 180.57343
38 74 100.08848
38 75 107.94699
38 76 149.72279
38 77 171.53884
38 78 155.28258
38 79 180.21265
38 80 198.61285
38 81 109.23966
38 82 176.21713
38 83 143.88689
38 84 113.87084
38 85 196.44501
38 86 103.4168
38 87 128.75108
38 88 162.71592
38 89 128.02082
38 90 165.90971
38 91 170.46822
38 92 192.63898
38 93 126.58203
38 94 189.61217
38 95 142.39301
38 96 161.94767
38 97 183.5241
38 98 176.9767
38 99 136.16086
39 40 139.99391
39 41 133.81338
39 42 122.13625
39 43 116.9049
39 44 154.86324
39 45 148.92209
39 46 196.80664
39 47 143.45856
39 48 147.6004
39 49 178.58873
39 50 134.012
39 51 129.34176
39 52 147.78573
39 53 109.55017
39 54 158.08335
39 55 150.04382
39 56 107.40985
39 57 177.06529
39 58 181.54808
39 59 106.83612
39 60 124.4823
39 61 145.41867
39 62 109.86944
39 63 116.66086
39 64 194.08416
39 65 146.1382
39 66 172.9636
39 67 137.12569
39 68 136.50727
39 69 124.71764
39 70 189.13778
39 71 188.66333
39 72 192.90292
39 73 104.39227
39 74 136.91738
39 75 105.44214
39 76 136.18771
39 77 161.31401
39 78 138.70527
39 79 111.87839
39 80 115.57183
39 81 176.13255
39 82 115.62659
39 83 130.17262
39 84 145.10735
39 85 171.01364
39 86 123.53054
39 87 154.06199
39 88 144.77233
39 89 170.56515
39 90 165.05147
39 91 114.41771
39 92 114.97927
39 93 147.97567
39 94 148.83954
39 95 106.87504
39 96 176.74092
39 97 155.2784
39 98 172.88778
39 99 178.51659
40 41 120.67602
40 42 123.90404
40 43 110.02667
40 44 178.86783
40 45 192.82153
40 46 134.09867
40 47 161.88062
40 48 126.22745
40 49 150.38159
40 50 115.92925
40 51 167.43967
40 52 161.03924
40 53 132.01527
40 54 113.18559
40 55 192.62188
40 56 136.8859
40 57 169.8999
40 58 108.64233
40 59 148.92649
40 60 117.21087
40 61 183.20653
40 62 181.35278
40 63 161.38565
40 64 193.49476
40 65 179.66711
40 66 100.60062
40 67 181.36878
40 68 150.42609
40 69 109.16645
40 70 163.25763
40 71 111.71473
40 72 189.80459
40 73 188.68384
40 74 130.12606
40 75 107.74353
40 76 192.37789
40 77 170.5934
40 78 132.56676
40 79 139.08656
40 80 180.23958
40 81 180.48122
40 82 112.74956
40 83 174.85339
40 84 144.7122
40 85 114.24912
40 86 176.58759
40 87 156.60406
40 88 122.78954
40 89 174.48871
40 90 138.96473
40 91 104.11082
40 92 158.79271
40 93 107.69418
40 94 182.59968
40 95 125.85504
40 96 121.94086
40 97 192.68018
40 98 121.88838
40 99 185.72206
41 42 189.58735
41 43 184.1163
41 44 121.20047
41 45 164.97095
41 46 114.71222
41 47 160.38103
41 48 142.75934
41 49 138.98146
41 50 130.21744
41 51 102.41276
41 52 169.83052
41 53 151.3558
41 54 136.21194
41 55 155.50273
41 56 178.34114
41 57 146.52588
41 58 196.77893
41 59 129.33484
41 60 189.84938
41 61 195.36651
41 62 167.42102
41 63 105.57954
41 64 195.16344
41 65 139.49759
41 66 110.85365
41 67 176.21661
41 68 162.83724
41 69 151.4625
41 70 165.40623
41 71 140.92857
41 72 114.78117
41 73 163.40883
41 74 159.00157
41 75 142.42027
41 76 131.78165
41 77 135.62573
41 78 189.58441
41 79 137.68828
41 80 126.05053
41 81 136.39792
41 82 116.56544
41 83 167.65453
41 84 178.74024
41 85 113.96754
41 86 155.84812
41 87 155.3229
41 88 174.55284
41 89 159.05545
41 90 118.7055
41 91 101.27894
41 92 149.83562
41 93 109.46963
41 94 178.81625
41 95 199.11022
41 96 190.68919
41 97 128.78489
41 98 156.46559
41 99 155.50008
42 43 159.24054
42 44 184.47998
42 45 167.0658
42 46 133.99597
42 47 146.41298
42 48 121.7526
42 49 103.78714
42 50 164.35764
42 51 131.25365
42 52 141.66666
42 53 149.10645
42 54 174.2778
42 55 185.22893
42 56 193.64312
42 57 132.07055
42 58 191.90301
42 59 140.54852
42 60 120.89029
42 61 182.06233
42 62 171.49361
42 63 192.89206
42 64 103.39018
42 65 199.38603
42 66 107.88712
42 67 184.44386
42 68 140.11636
42 69 107.28768
42 70 177.52838
42 71 120.94038
42 72 196.78725
42 73 135.26702
42 74 139.86896
42 75 178.03188
42 76 174.06754
42 77 124.35246
42 78 183.73971
42 79 152.15171
42 80 176.28393
42 81 117.31653
42 82 126.74042
42 83 140.7268
42 84 153.29484
42 85 174.9505
42 86 128.35811
42 87 117.4261
42 88 100.00561
42 89 101.5774
42 90 169.54962
42 91 138.7604
42 92 114.50087
42 93 105.12901
42 94 173.97503
42 95 109.41537
42 96 122.61507
42 97 171.87257
42 98 104.66053
42 99 112.66907
43 44 101.19263
43 45 120.23557
43 46 141.69662
43 47 176.93581
43 48 123.90103
43 49 108.46928
43 50 163.76371
43 51 185.44375
43 52 116.65952
43 53 183.98551
43 54 108.30145
43 55 191.145
43 56 146.15751
43 57 137.66079
43 58 170.73336
43 59 163.74343
43 60 166.44398
43 61 195.13537
43 62 120.66652
43 63 111.43853
43 64 119.64712
43 65 185.24129
43 66 121.44786
43 67 101.22759
43 68 173.5268
43 69 171.30323
43 70 187.69295
43 71 178.6276
43 72 148.11051
43 73 193.32772
43 74 107.53283
43 75 178.64388
43 76 131.34838
43 77 160.48983
43 78 122.61753
43 79 116.77079
43 80 191.3121
43 81 111.01576
43 82 101.26443
43 83 128.23067
43 84 134.94555
43 85 113.54099
43 86 174.84105
43 87 175.00762
43 88 120.39893
43 89 153.73618
43 90 171.50895
43 91 108.1726
43 92 189.59382
43 93 112.89325
43 94 120.73257
43 95 152.83172
43 96 119.27398
43 97 158.42289
43 98 188.35894
43 99 171.30189
44 45 152.46259
44 46 189.06287
44 47 188.48407
44 48 139.86462
44 49 171.26135
44 50 129.92361
44 51 190.31906
44 52 121.44677
44 53 120.3036
44 54 193.40012
44 55 188.98469
44 56 136.44158
44 57 193.36337
44 58 122.62033
44 59 118.52081
44 60 131.05538
44 61 137.59757
44 62 160.12772
44 63 188.47347
44 64 193.36008
44 65 125.04118
44 66 143.39201
44 67 147.25486
44 68 164.17809
44 69 148.3166
44 70 159.53386
44 71 162.29194
44 72 130.93509
44 73 172.77682
44 74 108.77529
44 75 114.57647
44 76 146.01606
44 77 170.60009
44 78 145.52131
44 79 114.37061
44 80 187.56554
44 81 146.97372
44 82 195.0606
44 83 169.80275
44 84 144.90224
44 85 135.12819
44 86 135.56749
44 87 103.81709
44 88 125.27226
44 89 123.6539
44 90 149.22353
44 91 182.3545
44 92 159.70403
44 93 146.4943
44 94 172.35569
44 95 175.23407
44 96 174.66382
44 97 146.75565
44 98 183.52117
44 99 174.07566
45 46 177.22239
45 47 130.01247
45 48 178.41597
45 49 145.86862
45 50 182.22701
45 51 159.26508
45 52 105.79762
45 53 183.92092
45 54 173.55851
45 55 184.7234
45 56 105.72837
45 57 194.70292
45 58 181.78228
45 59 158.49713
45 60 141.94866
45 61 186.5276
45 62 118.51122
45 63 151.4579
45 64 130.64917
45 65 119.17385
45 66 164.78786
45 67 113.34969
45 68 109.36494
45 69 113.13758
45 70 147.99329
45 71 151.80862
45 72 114.18943
45 73 108.60468
45 74 172.23623
45 75 124.0079
45 76 128.9204
45 77 199.91014
45 78 138.61503
45 79 109.72893
45 80 178.54268
45 81 170.78613
45 82 142.03964
45 83 196.67154
45 84 196.37013
45 85 182.19595
45 86 174.80818
45 87 165.94786
45 88 111.3602
45 89 102.20277
45 90 167.87365
45 91 144.23864
45 92 134.30494
45 93 172.46212
45 94 161.04547
45 95 127.5112
45 96 131.20764
45 97 178.89555
45 98 199.95128
45 99 175.8751
46 47 172.55119
46 48 168.16664
46 49 122.76805
46 50 133.72214
46 51 111.52015
46 52 112.59191
46 53 122.4278
46 54 164.02478
46 55 113.01324
46 56 195.57565
46 57 120.88303
46 58 147.22282
46 59 115.03819
46 60 186.07888
46 61 191.90163
46 62 170.04648
46 63 159.93823
46 64 100.0446
46 65 192.33766
46 66 142.03055
46 67 185.18217
46 68 120.05834
46 69 189.73845
46 70 160.53349
46 71 120.24353
46 72 153.28682
46 73 174.49203
46 74 148.24542
46 75 128.25115
46 76 191.41019
46 77 150.8527
46 78 146.28441
46 79 106.47147
46 80 166.71211
46 81 192.40792
46 82 129.81398
46 83 194.90451
46 84 133.72276
46 85 197.47803
46 86 121.64057
46 87 126.38758
46 88 196.12457
46 89 152.15291
46 90 168.10905
46 91 109.39893
46 92 127.77882
46 93 185.87402
46 94 113.73876
46 95 175.55773
46 96 138.18771
46 97 130.47713
46 98 126.18498
46 99 137.33338
47 48 144.71062
47 49 188.95799
47 50 199.61117
47 51 192.19059
47 52 145.28368
47 53 124.09894
47 54 189.14382
47 55 139.01229
47 56 163.77252
47 57 132.07234
47 58 122.24054
47 59 190.02285
47 60 107.76582
47 61 167.79272
47 62 127.83471
47 63 114.50039
47 64 176.69127
47 65 183.06272
47 66 120.5837
47 67 186.75779
47 68 137.46602
47 69 133.38719
47 70 104.93185
47 71 167.09619
47 72 105.28544
47 73 177.86106
47 74 131.95531
47 75 136.84289
47 76 162.22724
47 77 138.52809
47 78 142.2864
47 79 179.30207
47 80 165.527
47 81 100.82538
47 82 134.79415
47 83 147.09516
47 84 185.12724
47 85 133.09842
47 86 190.66527
47 87 128.99823
47 88 142.29055
47 89 162.66348
47 90 143.91071
47 91 159.01657
47 92 169.45391
47 93 187.27723
47 94 167.14119
47 95 154.02943
47 96 121.15442
47 97 149.42466
47 98 182.54848
47 99 109.47964
48 49 122.72756
48 50 131.29618
48 51 157.82525
48 52 157.16496
48 53 156.10176
48 54 151.83987
48 55 126.11262
48 56 146.54116
48 57 138.9547
48 58 169.19193
48 59 161.8619
48 60 133.90176
48 61 123.21037
48 62 145.95773
48 63 154.36127
48 64 196.53817
48 65 174.14586
48 66 192.53614
48 67 106.54259
48 68 198.17667
48 69 149.64092
48 70 190.68465
48 71 111.12267
48 72 176.77456
48 73 167.0268
48 74 141.75413
48 75 148.73852
48 76 140.3463
48 77 143.95142
48 78 186.61709
48 79 104.37156
48 80 137.33561
48 81 160.73588
48 82 117.97509
48 83 111.7048
48 84 100.83317
48 85 173.54194
48 86 175.95007
48 87 128.63276
48 88 106.06833
48 89 110.47134
48 90 181.91419
48 91 183.43419
48 92 182.84292
48 93 125.29829
48 94 106.77181
48 95 150.90367
48 96 142.66086
48 97 134.12544
48 98 149.98929
48 99 165.02768
49 50 177.68067
49 51 142.19314
49 52 133.0215
49 53 135.28266
49 54 110.35105
49 55 125.29938
49 56 170.14279
49 57 114.82209
49 58 136.04521
49 59 113.10689
49 60 135.00679
49 61 180.64239
49 62 115.75965
49 63 197.92447
49 64 103.3123
49 65 198.66272
49 66 177.32261
49 67 189.82525
49 68 120.47629
49 69 150.58289
49 70 178.77138
49 71 129.52923
49 72 134.72194
49 73 153.83169
49 74 149.66815
49 75 105.36845
49 76 147.24099
49 77 180.32857
49 78 113.57954
49 79 192.87926
49 80 100.59714
49 81 102.92686
49 82 174.9534
49 83 144.08698
49 84 125.45646
49 85 116.03484
49 86 197.13759
49 87 169.28751
49 88 126.22764
49 89 165.24342
49 90 106.26297
49 91 187.7551
49 92 166.29137
49 93 116.26654
49 94 116.12468
49 95 109.51452
49 96 164.47648
49 97 128.42686
49 98 143.24576
49 99 163.5159
50 51 185.98853
50 52 147.33339
50 53 104.09969
50 54 173.31003
50 55 121.8164
50 56 122.17527
50 57 176.3981
50 58 186.43665
50 59 138.26719
50 60 153.23287
50 61 110.60548
50 62 133.23707
50 63 180.37963
50 64 196.53667
50 65 134.86552
50 66 120.06747
50 67 168.30338
50 68 151.51073
50 69 176.88849
50 70 152.95701
50 71 158.79106
50 72 161.59215
50 73 115.78921
50 74 190.58348
50 75 128.07795
50 76 138.13218
50 77 183.71214
50 78 132.79379
50 79 173.71103
50 80 178.72352
50 81 123.69149
50 82 153.0208
50 83 122.46647
50 84 107.07713
50 85 154.57034
50 86 142.40341
50 87 124.03544
50 88 157.52305
50 89 103.61
50 90 130.8875
50 91 189.76596
50 92 143.6732
50 93 144.89533
50 94 102.45411
50 95 113.94393
50 96 119.96485
50 97 117.8938
50 98 155.5908
50 99 124.54087
51 52 107.46221
51 53 198.96467
51 54 180.2585
51 55 193.3122
51 56 136.43876
51 57 187.0176
51 58 107.18573
51 59 199.92096
51 60 193.66214
51 61 117.81097
51 62 152.96117
51 63 155.58609
51 64 144.14387
51 65 173.27319
51 66 166.85005
51 67 119.62616
51 68 120.30975
51 69 193.24454
51 70 158.53704
51 71 142.45344
51 72 121.08277
51 73 172.29002
51 74 194.77883
51 75 162.78104
51 76 144.2035
51 77 119.22823
51 78 147.679
51 79 110.92058
51 80 102.95693
51 81 100.62257
51 82 199.12435
51 83 198.01336
51 84 181.11658
51 85 195.45862
51 86 108.14254
51 87 176.69556
51 88 164.30339
51 89 161.84207
51 90 195.33292
51 91 122.66813
51 92 106.6732
51 93 191.02112
51 94 104.59144
51 95 180.76013
51 96 124.8308
51 97 103.85553
51 98 145.79251
51 99 124.58681
52 53 111.03179
52 54 167.84128
52 55 143.82973
52 56 174.1595
52 57 123.79678
52 58 128.3321
52 59 130.74976
52 60 145.15058
52 61 166.61749
52 62 196.80377
52 63 119.1575
52 64 117.66988
52 65 184.96496
52 66 125.54379
52 67 112.0783
52 68 177.25189
52 69 152.09408
52 70 130.44602
52 71 145.23456
52 72 100.80786
52 73 128.77281
52 74 108.02218
52 75 192.71947
52 76 130.64946
52 77 192.39846
52 78 122.16803
52 79 146.76884
52 80 135.32035
52 81 138.43735
52 82 149.74268
52 83 184.83899
52 84 140.71187
52 85 193.41192
52 86 161.26687
52 87 192.18848
52 88 123.05934
52 89 141.11615
52 90 145.02243
52 91 145.21144
52 92 140.65452
52 93 103.18128
52 94 192.35154
52 95 113.18157
52 96 139.22966
52 97 187.73265
52 98 163.10368
52 99 190.79866
53 54 116.89286
53 55 123.17308
53 56 127.64346
53 57 188.37893
53 58 158.7121
53 59 137.42962
53 60 128.20947
53 61 148.01379
53 62 106.89661
53 63 153.18714
53 64 164.26059
53 65 112.73063
53 66 194.55849
53 67 158.47925
53 68 172.25482
53 69 143.20869
53 70 134.21763
53 71 199.31101
53 72 129.44464
53 73 138.17002
53 74 196.67698
53 75 113.63999
53 76 171.63997
53 77 153.89196
53 78 181.3165
53 79 164.00055
53 80 147.97021
53 81 173.5924
53 82 197.37248
53 83 132.4043
53 84 130.36906
53 85 145.71745
53 86 107.55097
53 87 196.59615
53 88 189.90905
53 89 154.72618
53 90 183.92529
53 91 182.54045
53 92 184.08601
53 93 193.73511
53 94 155.86285
53 95 136.80517
53 96 161.66157
53 97 170.35061
53 98 131.59366
53 99 167.41428
54 55 158.10729
54 56 179.07388
54 57 133.86216
54 58 179.10224
54 59 194.2697
54 60 165.89715
54 61 172.76985
54 62 154.12693
54 63 163.97556
54 64 186.75641
54 65 152.56288
54 66 151.70297
54 67 189.45116
54 68 137.12273
54 69 140.19149
54 70 139.54277
54 71 187.37895
54 72 187.51652
54 73 198.5813
54 74 163.61513
54 75 109.29294
54 76 186.86667
54 77 186.90888
54 78 182.94684
54 79 190.26881
54 80 106.66984
54 81 175.05167
54 82 174.66041
54 83 186.71735
54 84 118.87032
54 85 141.43422
54 86 185.51144
54 87 110.24891
54 88 102.67965
54 89 121.21098
54 90 149.59407
54 91 180.30698
54 92 151.10261
54 93 128.54431
54 94 177.13786
54 95 141.07116
54 96 148.54513
54 97 170.83931
54 98 115.49701
54 99 181.73117
55 56 144.00588
55 57 104.54603
55 58 182.91726
55 59 150.48255
55 60 101.27182
55 61 142.06858
55 62 102.9108
55 63 136.8488
55 64 189.98421
55 65 171.26213
55 66 101.93602
55 67 155.07036
55 68 111.56615
55 69 152.40869
55 70 109.74554
55 71 179.6303
55 72 131.01961
55 73 109.39167
55 74 134.16181
55 75 173.28082
55 76 115.10369
55 77 100.3432
55 78 108.19115
55 79 157.92076
55 80 170.10751
55 81 142.90758
55 82 160.59353
55 83 119.31222
55 84 168.19241
55 85 150.08723
55 86 123.25482
55 87 170.39747
55 88 173.04982
55 89 147.49836
55 90 128.43623
55 91 130.6295
55 92 127.58684
55 93 196.0989
55 94 193.50662
55 95 146.79354
55 96 133.356
55 97 141.97961
55 98 144.02737
55 99 126.74342
56 57 158.58119
56 58 198.52341
56 59 156.0457
56 60 157.08643
56 61 158.43614
56 62 150.91887
56 63 183.17578
56 64 102.1235
56 65 154.24239
56 66 171.50968
56 67 129.86475
56 68 169.62125
56 69 115.83576
56 70 194.13821
56 71 145.4477
56 72 166.38703
56 73 137.87379
56 74 162.50129
56 75 117.35025
56 76 176.79713
56 77 122.07558
56 78 197.82608
56 79 129.97513
56 80 177.68746
56 81 113.19179
56 82 143.01269
56 83 158.04822
56 84 164.70841
56 85 123.51554
56 86 153.78189
56 87 132.93143
56 88 136.17084
56 89 175.10837
56 90 167.85084
56 91 126.66184
56 92 134.77073
56 93 149.15252
56 94 184.44894
56 95 103.15705
56 96 108.59546
56 97 167.02262
56 98 139.44151
56 99 138.46148
57 58 178.20373
57 59 188.24249
57 60 175.58217
57 61 193.55888
57 62 147.1521
57 63 186.29024
57 64 153.80963
57 65 100.74566
57 66 189.01044
57 67 187.99426
57 68 113.14419
57 69 126.45339
57 70 150.98013
57 71 118.81793
57 72 163.38227
57 73 114.18083
57 74 139.17399
57 75 183.91357
57 76 197.73191
57 77 107.46528
57 78 107.15568
57 79 172.70228
57 80 161.75319
57 81 160.66512
57 82 101.0562
57 83 152.61706
57 84 155.77452
57 85 136.2949
57 86 122.56663
57 87 172.03515
57 88 144.61427
57 89 151.84162
57 90 141.62804
57 91 175.30288
57 92 159.33884
57 93 166.30915
57 94 106.71693
57 95 188.58476
57 96 189.90892
57 97 150.60053
57 98 180.80351
57 99 189.85243
58 59 122.18833
58 60 192.48654
58 61 174.29446
58 62 167.42879
58 63 156.81704
58 64 181.14022
58 65 125.20102
58 66 167.87775
58 67 170.90506
58 68 137.00129
58 69 178.02307
58 70 112.84678
58 71 104.23331
58 72 174.6292
58 73 199.42554
58 74 154.41401
58 75 102.63419
58 76 107.96726
58 77 149.3023
58 78 100.92992
58 79 163.23289
58 80 182.72159
58 81 187.76894
58 82 178.26016
58 83 121.7442
58 84 162.81684
58 85 190.40742
58 86 121.19695
58 87 141.21997
58 88 173.56065
58 89 133.28406
58 90 141.18427
58 91 130.833
58 92 102.57071
58 93 104.3453
58 94 152.54754
58 95 137.79879
58 96 149.33797
58 97 199.54549
58 98 189.71367
58 99 191.57473
59 60 105.84209
59 61 135.72774
59 62 155.07461
59 63 180.43354
59 64 183.89063
59 65 151.24899
59 66 197.65882
59 67 103.65873
59 68 187.66598
59 69 126.49594
59 70 167.97232
59 71 163.08617
59 72 179.05494
59 73 179.77176
59 74 105.73644
59 75 107.85071
59 76 153.06345
59 77 151.59421
59 78 161.60766
59 79 111.63244
59 80 171.46468
59 81 149.13293
59 82 108.32955
59 83 108.89292
59 84 129.66745
59 85 131.20749
59 86 193.94455
59 87 156.03622
59 88 176.91257
59 89 182.00649
59 90 175.46721
59 91 115.30097
59 92 175.58658
59 93 194.30156
59 94 162.93175
59 95 155.05105
59 96 195.04304
59 97 148.10551
59 98 115.52046
59 99 199.73897
60 61 152.45611
60 62 136.3291
60 63 123.56596
60 64 136.56771
60 65 158.70456
60 66 141.60153
60 67 154.83588
60 68 189.90551
60 69 114.24064
60 70 191.75025
60 71 152.23528
60 72 114.07645
60 73 136.5463
60 74 154.37535
60 75 177.66588
60 76 166.55547
60 77 132.70319
60 78 103.49305
60 79 105.56964
60 80 192.6462
60 81 111.6794
60 82 197.07296
60 83 108.11437
60 84 148.31501
60 85 110.72658
60 86 179.93123
60 87 157.50872
60 88 143.05548
60 89 193.655
60 90 149.91022
60 91 190.51411
60 92 198.34239
60 93 131.49374
60 94 108.30259
60 95 189.09947
60 96 191.40338
60 97 109.08007
60 98 137.3823
60 99 141.37387
61 62 154.75229
61 63 129.00922
61 64 126.74379
61 65 167.70583
61 66 195.60546
61 67 167.78965
61 68 119.1515
61 69 173.68183
61 70 170.39067
61 71 149.29369
61 72 104.60263
61 73 114.31208
61 74 169.70649
61 75 108.19518
61 76 131.58274
61 77 158.73656
61 78 147.11748
61 79 181.13581
61 80 113.61166
61 81 110.86952
61 82 114.40121
61 83 106.64717
61 84 186.547
61 85 107.24669
61 86 124.57297
61 87 149.88916
61 88 161.75773
61 89 182.43049
61 90 110.76225
61 91 188.47942
61 92 195.11652
61 93 199.61947
61 94 190.52336
61 95 109.63004
61 96 160.52734
61 97 132.58701
61 98 151.31578
61 99 161.32317
62 63 195.27733
62 64 110.3473
62 65 191.90837
62 66 110.32117
62 67 197.58016
62 68 173.40074
62 69 132.49446
62 70 173.78275
62 71 180.86465
62 72 173.20685
62 73 130.38892
62 74 136.79894
62 75 152.92551
62 76 149.10875
62 77 180.32115
62 78 117.14233
62 79 102.87702
62 80 193.79031
62 81 142.42466
62 82 128.24709
62 83 191.55558
62 84 149.2803
62 85 192.96254
62 86 128.94306
62 87 127.87925
62 88 195.76178
62 89 110.72464
62 90 177.04207
62 91 178.53902
62 92 147.37617
62 93 109.36263
62 94 180.65518
62 95 140.12094
62 96 130.93269
62 97 189.56165
62 98 119.37677
62 99 183.0036
63 64 147.01517
63 65 108.13197
63 66 191.57829
63 67 116.45182
63 68 161.65159
63 69 138.39578
63 70 161.07916
63 71 109.37029
63 72 156.84573
63 73 182.59631
63 74 174.25683
63 75 151.28013
63 76 158.33305
63 77 118.74073
63 78 194.42965
63 79 174.78823
63 80 192.19559
63 81 164.57895
63 82 194.75415
63 83 179.2148
63 84 197.79775
63 85 142.41172
63 86 119.01577
63 87 155.82784
63 88 111.46415
63 89 159.30882
63 90 147.54805
63 91 134.26807
63 92 122.26049
63 93 148.44184
63 94 196.11001
63 95 104.75844
63 96 143.05574
63 97 157.36117
63 98 136.64673
63 99 172.34637
64 65 167.2883
64 66 183.36187
64 67 193.66904
64 68 154.94555
64 69 188.0713
64 70 179.51717
64 71 114.67072
64 72 187.92416
64 73 150.65144
64 74 132.70851
64 75 172.9306
64 76 121.78543
64 77 176.93925
64 78 142.29927
64 79 102.66991
64 80 133.44067
64 81 159.66718
64 82 196.07852
64 83 136.69103
64 84 151.75112
64 85 108.58572
64 86 185.36642
64 87 151.14206
64 88 161.32373
64 89 122.83547
64 90 138.98421
64 91 165.5855
64 92 163.24922
64 93 110.61043
64 94 133.60401
64 95 131.61095
64 96 114.53159
64 97 101.20992
64 98 153.55482
64 99 144.34512
65 66 133.27447
65 67 145.61915
65 68 153.80128
65 69 113.06016
65 70 124.64721
65 71 137.57702
65 72 148.1497
65 73 151.85406
65 74 107.44607
65 75 159.77244
65 76 180.90646
65 77 176.11952
65 78 181.07826
65 79 120.67643
65 80 117.39237
65 81 111.09541
65 82 151.76911
65 83 173.50762
65 84 169.87403
65 85 180.18519
65 86 152.65393
65 87 145.37916
65 88 172.42967
65 89 120.02993
65 90 130.23018
65 91 170.2069
65 92 127.5102
65 93 143.42722
65 94 108.6159
65 95 138.0713
65 96 146.35553
65 97 190.38224
65 98 111.38093
65 99 135.76387
66 67 139.40274
66 68 195.48814
66 69 120.00281
66 70 195.13444
66 71 190.37658
66 72 118.59335
66 73 181.71909
66 74 134.07137
66 75 137.47979
66 76 106.25977
66 77 144.14861
66 78 121.77019
66 79 122.50948
66 80 138.62928
66 81 109.82145
66 82 111.0886
66 83 146.19201
66 84 101.52239
66 85 185.50205
66 86 189.16237
66 87 150.54756
66 88 110.50576
66 89 192.0729
66 90 123.71441
66 91 110.59011
66 92 170.33801
66 93 196.87391
66 94 139.71021
66 95 107.29427
66 96 178.99325
66 97 100.82818
66 98 114.71514
66 99 129.0197
67 68 197.7241
67 69 138.05304
67 70 123.5351
67 71 164.23647
67 72 171.82172
67 73 126.33959
67 74 197.45735
67 75 197.71942
67 76 102.71919
67 77 158.05188
67 78 161.84121
67 79 118.82287
67 80 188.58809
67 81 123.52464
67 82 149.49247
67 83 102.6797
67 84 154.47129
67 85 160.88028
67 86 197.43395
67 87 139.96011
67 88 138.68746
67 89 137.55815
67 90 190.38876
67 91 141.24284
67 92 109.64385
67 93 123.64203
67 94 176.18534
67 95 125.48879
67 96 188.13187
67 97 121.13864
67 98 106.91454
67 99 110.60425
68 69 179.47996
68 70 135.60812
68 71 194.89104
68 72 117.37165
68 73 142.15787
68 74 197.98954
68 75 106.86929
68 76 135.08502
68 77 124.0207
68 78 166.84766
68 79 167.20591
68 80 133.0663
68 81 148.16387
68 82 112.1862
68 83 122.57708
68 84 183.88794
68 85 162.58644
68 86 147.46769
68 87 123.59026
68 88 172.13137
68 89 166.60569
68 90 187.35093
68 91 199.78243
68 92 140.99826
68 93 185.98869
68 94 160.54389
68 95 175.95582
68 96 174.20566
68 97 193.10165
68 98 169.11045
68 99 199.58704
69 70 199.54959
69 71 153.44419
69 72 136.91757
69 73 183.09096
69 74 192.7235
69 75 104.03842
69 76 135.8752
69 77 179.75463
69 78 110.7089
69 79 194.41495
69 80 171.34315
69 81 105.16735
69 82 156.44591
69 83 107.01519
69 84 156.10884
69 85 159.00504
69 86 152.47497
69 87 151.87374
69 88 119.88437
69 89 104.32405
69 90 183.12801
69 91 122.84898
69 92 111.5807
69 93 171.30794
69 94 187.90726
69 95 152.91216
69 96 136.0456
69 97 192.42199
69 98 138.06924
69 99 132.90401
70 71 136.84956
70 72 146.75098
70 73 153.47989
70 74 167.17146
70 75 131.05839
70 76 193.49063
70 77 129.18438
70 78 131.24575
70 79 137.90646
70 80 139.45899
70 81 167.01878
70 82 187.40431
70 83 128.37139
70 84 192.15414
70 85 141.2598
70 86 195.44835
70 87 185.35756
70 88 149.5017
70 89 121.4467
70 90 108.87619
70 91 126.40803
70 92 183.2839
70 93 171.41764
70 94 114.15783
70 95 102.3149
70 96 172.8718
70 97 163.88882
70 98 150.2123
70 99 151.5956
71 72 108.89099
71 73 171.78658
71 74 101.74187
71 75 128.06033
71 76 194.63803
71 77 193.5714
71 78 149.20821
71 79 121.61849
71 80 180.87345
71 81 129.49587
71 82 131.91252
71 83 131.27576
71 84 130.34983
71 85 158.03485
71 86 172.20066
71 87 106.47877
71 88 158.08348
71 89 136.78216
71 90 162.89966
71 91 126.23979
71 92 183.8306
71 93 115.50235
71 94 123.49035
71 95 111.7657
71 96 164.52088
71 97 147.49102
71 98 176.1336
71 99 103.16461
72 73 105.53034
72 74 180.92292
72 75 183.66529
72 76 183.53651
72 77 185.44649
72 78 176.34197
72 79 167.86196
72 80 127.8836
72 81 147.03867
72 82 182.79838
72 83 100.54374
72 84 120.33899
72 85 186.70654
72 86 124.34838
72 87 153.55263
72 88 156.98091
72 89 114.71654
72 90 169.02379
72 91 159.08882
72 92 173.18254
72 93 163.57386
72 94 198.84346
72 95 195.3518
72 96 174.24361
72 97 132.35203
72 98 173.88264
72 99 190.70974
73 74 139.49705
73 75 105.74644
73 76 152.04717
73 77 134.17773
73 78 101.0581
73 79 126.30321
73 80 175.83765
73 81 121.85823
73 82 168.49577
73 83 172.97332
73 84 115.32069
73 85 186.19109
73 86 176.86644
73 87 195.5581
73 88 118.41283
73 89 122.89531
73 90 168.58091
73 91 104.22599
73 92 108.92656
73 93 108.78809
73 94 125.26162
73 95 165.58293
73 96 121.94801
73 97 175.02256
73 98 138.57193
73 99 169.18335
74 75 126.24835
74 76 110.73433
74 77 195.28928
74 78 165.60629
74 79 178.89479
74 80 162.62431
74 81 189.28954
74 82 145.66112
74 83 131.6954
74 84 159.36646
74 85 171.63231
74 86 127.03258
74 87 172.52424
74 88 115.82624
74 89 101.40151
74 90 130.23651
74 91 106.04891
74 92 115.66121
74 93 178.19043
74 94 194.61098
74 95 144.70413
74 96 102.76821
74 97 184.17218
74 98 135.13643
74 99 100.38487
75 76 176.02583
75 77 118.71249
75 78 120.85883
75 79 157.55237
75 80 148.84059
75 81 174.71687
75 82 113.32899
75 83 174.7101
75 84 107.55722
75 85 121.11457
75 86 167.16049
75 87 138.8419
75 88 108.84213
75 89 175.37991
75 90 179.30881
75 91 189.35983
75 92 133.44729
75 93 172.97859
75 94 183.82338
75 95 181.91988
75 96 149.87945
75 97 163.46525
75 98 115.05128
75 99 140.22688
76 77 153.05068
76 78 134.71248
76 79 164.45595
76 80 138.30875
76 81 126.77537
76 82 142.96862
76 83 129.08419
76 84 190.7584
76 85 166.80452
76 86 117.15982
76 87 155.56958
76 88 121.78288
76 89 195.94022
76 90 197.04399
76 91 117.72499
76 92 153.5146
76 93 102.63444
76 94 112.56435
76 95 149.26756
76 96 143.37075
76 97 190.4448
76 98 137.36348
76 99 177.11005
77 78 114.24233
77 79 171.72974
77 80 124.4979
77 81 118.9651
77 82 134.5358
77 83 156.67839
77 84 145.13947
77 85 118.25578
77 86 133.44878
77 87 120.03093
77 88 154.86528
77 89 103.57207
77 90 184.30123
77 91 194.92822
77 92 173.69724
77 93 188.60482
77 94 128.77675
77 95 168.30407
77 96 178.51086
77 97 166.498
77 98 128.80104
77 99 175.63812
78 79 124.78146
78 80 135.29506
78 81 192.29165
78 82 122.29734
78 83 179.54797
78 84 163.54171
78 85 108.416
78 86 157.00506
78 87 136.9069
78 88 192.15415
78 89 182.17832
78 90 117.33941
78 91 180.44572
78 92 152.23471
78 93 131.24203
78 94 133.11403
78 95 127.98505
78 96 108.82853
78 97 146.29116
78 98 164.96341
78 99 164.83353
79 80 163.54537
79 81 164.26998
79 82 159.00423
79 83 192.33991
79 84 150.27266
79 85 113.732
79 86 137.89042
79 87 196.36065
79 88 164.72412
79 89 141.62061
79 90 185.90145
79 91 154.65101
79 92 184.74083
79 93 112.5752
79 94 154.26884
79 95 136.79039
79 96 146.71283
79 97 195.2091
79 98 181.15396
79 99 141.08132
80 81 196.59247
80 82 174.40575
80 83 125.42306
80 84 111.21683
80 85 147.29725
80 86 128.77005
80 87 172.73922
80 88 100.77657
80 89 169.29426
80 90 142.32476
80 91 186.3328
80 92 129.68601
80 93 104.90757
80 94 106.85664
80 95 172.05247
80 96 106.31556
80 97 101.55077
80 98 126.81495
80 99 198.68905
81 82 198.13372
81 83 117.30127
81 84 174.2394
81 85 195.10075
81 86 188.68367
81 87 152.01163
81 88 134.23241
81 89 188.18643
81 90 179.28614
81 91 170.79304
81 92 171.94097
81 93 113.12145
81 94 144.7014
81 95 108.67042
81 96 100.72068
81 97 171.24989
81 98 174.0928
81 99 165.76519
82 83 103.22209
82 84 110.84981
82 85 101.09915
82 86 176.96567
82 87 120.74237
82 88 136.66501
82 89 183.41334
82 90 166.70404
82 91 127.36794
82 92 168.5015
82 93 138.51097
82 94 125.25249
82 95 195.61063
82 96 110.35848
82 97 155.54231
82 98 184.5417
82 99 125.25952
83 84 191.73163
83 85 105.4552
83 86 189.81264
83 87 122.74811
83 88 106.79082
83 89 127.17446
83 90 120.17189
83 91 164.064
83 92 175.53444
83 93 183.21573
83 94 128.75971
83 95 174.25832
83 96 170.30355
83 97 138.70608
83 98 114.51469
83 99 116.99726
84 85 172.52422
84 86 186.70428
84 87 128.93729
84 88 180.81351
84 89 147.45085
84 90 154.53033
84 91 145.57908
84 92 125.99744
84 93 170.36051
84 94 116.99953
84 95 162.30336
84 96 110.0707
84 97 107.33727
84 98 122.77829
84 99 104.33263
85 86 196.66215
85 87 106.515
85 88 126.27515
85 89 165.20972
85 90 176.14494
85 91 133.35028
85 92 142.0475
85 93 154.17574
85 94 162.6143
85 95 194.85405
85 96 196.32186
85 97 145.53274
85 98 188.68668
85 99 118.66588
86 87 170.96629
86 88 100.6511
86 89 106.98497
86 90 171.97738
86 91 138.30364
86 92 138.53267
86 93 126.31442
86 94 117.14774
86 95 182.85939
86 96 100.02359
86 97 186.55395
86 98 150.36545
86 99 111.77702
87 88 171.7989
87 89 129.01337
87 90 147.35584
87 91 130.48471
87 92 169.84922
87 93 198.58784
87 94 184.31441
87 95 178.14768
87 96 108.68229
87 97 136.05273
87 98 127.38777
87 99 180.60658
88 89 118.52375
88 90 156.36946
88 91 164.11479
88 92 107.63304
88 93 196.07661
88 94 177.49514
88 95 137.28775
88 96 174.01928
88 97 196.55952
88 98 178.54952
88 99 132.23221
89 90 173.77759
89 91 192.93736
89 92 192.17116
89 93 160.32385
89 94 178.61669
89 95 147.80616
89 96 191.79549
89 97 168.56343
89 98 119.98853
89 99 150.98568
90 91 140.07284
90 92 179.42634
90 93 142.0555
90 94 105.16404
90 95 112.43834
90 96 172.63961
90 97 112.54239
90 98 172.08028
90 99 198.45128
91 92 103.43753
91 93 126.11256
91 94 191.97623
91 95 109.79483
91 96 182.62857
91 97 133.66504
91 98 125.89459
91 99 125.57299
92 93 130.6905
92 94 179.89322
92 95 115.80583
92 96 136.62794
92 97 124.46212
92 98 102.96067
92 99 191.24712
93 94 168.28699
93 95 151.85734
93 96 148.66038
93 97 146.31055
93 98 169.08471
93 99 180.60636
94 95 169.58688
94 96 134.27067
94 97 116.21999
94 98 179.39717
94 99 145.28569
95 96 185.94635
95 97 192.62263
95 98 193.2267
95 99 121.76148
96 97 102.84366
96 98 122.13466
96 99 184.10261
97 98 120.35626
97 99 176.26781
98 99 163.06392
