100 20
0 1 155.14048
0 2 148.13453
0 3 193.95384
0 4 177.00859
0 5 182.87247
0 6 100.48392
0 7 102.75971
0 8 168.7147
0 9 116.0225
0 10 104.96165
0 11 134.61704
0 12 161.99373
0 13 118.49281
0 14 125.82862
0 15 174.2696
0 16 158.78962
0 17 191.16692
0 18 175.99428
0 19 191.11127
0 20 168.66708
0 21 106.23711
0 22 113.06462
0 23 196.38796
0 24 169.56871
0 25 100.1258
0 26 174.69607
0 27 182.99083
0 28 132.45107
0 29 179.76171
0 30 139.32199
0 31 188.03281
0 32 121.541
0 33 137.06638
0 34 142.17113
0 35 184.33115
0 36 192.70527
0 37 163.06865
0 38 170.60282
0 39 126.61925
0 40 142.42845
0 41 109.37639
0 42 101.2217
0 43 113.76089
0 44 157.55392
0 45 149.47606
0 46 116.88284
0 47 186.38631
0 48 124.34391
0 49 122.47338
0 50 132.749
0 51 166.73705
0 52 178.50453
0 53 170.80527
0 54 100.30371
0 55 199.00958
0 56 185.23087
0 57 153.66146
0 58 152.48167
0 59 154.60188
0 60 194.27618
0 61 140.97427
0 62 117.89418
0 63 150.81272
0 64 164.35656
0 65 141.49028
0 66 176.11793
0 67 109.688
0 68 188.85389
0 69 144.80137
0 70 105.09477
0 71 120.61932
0 72 158.2428
0 73 165.08825
0 74 171.11323
0 75 158.05947
0 76 136.82516
0 77 181.73314
0 78 173.69087
0 79 150.16845
0 80 195.49895
0 81 193.45061
0 82 111.79163
0 83 188.7536
0 84 192.34962
0 85 166.35701
0 86 133.1187
0 87 179.4735
0 88 172.73139
0 89 102.49989
0 90 111.68509
0 91 176.15258
0 92 103.13544
0 93 138.47793
0 94 123.51524
0 95 122.73855
0 96 131.35463
0 97 169.19433
0 98 195.05189
0 99 163.87884
1 2 186.21514
1 3 136.23534
1 4 138.57264
1 5 174.58193
1 6 162.68636
1 7 175.02336
1 8 120.08562
1 9 122.51622
1 10 163.76249
1 11 100.70732
1 12 109.3479
1 13 146.73221
1 14 156.6834
1 15 105.32987
1 16 151.04875
1 17 194.0703
1 18 118.02652
1 19 169.35278
1 20 197.16894
1 21 188.52546
1 22 107.88929
1 23 186.64469
1 24 178.37075
1 25 139.56326
1 26 108.30094
1 27 197.97441
1 28 161.08586
1 29 120.682
1 30 142.0648
1 31 192.62406
1 32 168.8128
1 33 173.17493
1 34 129.98838
1 35 153.19628
1 36 171.07373
1 37 121.88073
1 38 165.93982
1 39 150.03797
1 40 111.30345
1 41 189.40048
1 42 114.39699
1 43 171.1558
1 44 144.68198
1 45 192.40729
1 46 142.18893
1 47 194.45821
1 48 137.87026
1 49 134.65668
1 50 101.50264
1 51 198.56212
1 52 149.41107
1 53 149.15096
1 54 137.00117
1 55 177.00816
1 56 128.21335
1 57 139.51388
1 58 194.08069
1 59 115.18445
1 60 161.93809
1 61 142.07694
1 62 167.07607
1 63 176.81214
1 64 131.09013
1 65 149.74286
1 66 100.76729
1 67 184.32243
1 68 192.00683
1 69 163.66356
1 70 182.71664
1 71 196.93365
1 72 193.6995
1 73 177.9982
1 74 182.65174
1 75 195.00829
1 76 108.27708
1 77 199.23622
1 78 148.30254
1 79 127.66802
1 80 178.66464
1 81 172.74805
1 82 125.83665
1 83 116.51791
1 84 195.1346
1 85 146.14334
1 86 146.36847
1 87 163.90094
1 88 147.05801
1 89 158.02973
1 90 181.34751
1 91 198.8391
1 92 144.74139
1 93 118.5222
1 94 149.7614
1 95 144.34423
1 96 138.01846
1 97 173.74116
1 98 180.34439
1 99 125.49625
2 3 116.94064
2 4 104.25564
2 5 153.68177
2 6 141.61881
2 7 120.97783
2 8 160.05242
2 9 151.46252
2 10 128.66969
2 11 114.46935
2 12 105.36785
2 13 151.44754
2 14 107.72632
2 15 184.55719
2 16 117.46778
2 17 103.14735
2 18 107.38662
2 19 194.3948
2 20 142.12576
2 21 149.37003
2 22 194.26538
2 23 183.38864
2 24 102.29965
2 25 135.49083
2 26 139.06737
2 27 181.85528
2 28 115.7222
2 29 163.85301
2 30 136.58823
2 31 105.9471
2 32 129.53408
2 33 125.92397
2 34 169.58922
2 35 116.65578
2 36 108.95055
2 37 141.41269
2 38 186.89978
2 39 181.38342
2 40 102.81414
2 41 121.57945
2 42 151.99173
2 43 182.38876
2 44 100.51487
2 45 108.00242
2 46 186.76765
2 47 144.74175
2 48 148.79238
2 49 105.23703
2 50 129.52616
2 51 152.16384
2 52 120.37302
2 53 166.13171
2 54 177.76359
2 55 192.59333
2 56 199.38234
2 57 137.37063
2 58 174.90406
2 59 130.46523
2 60 172.67683
2 61 102.33529
2 62 182.78382
2 63 133.95473
2 64 155.14869
2 65 120.4334
2 66 167.46515
2 67 151.91813
2 68 170.5192
2 69 181.70612
2 70 141.91523
2 71 167.77985
2 72 153.34037
2 73 144.98199
2 74 134.3676
2 75 129.64618
2 76 178.29251
2 77 161.25771
2 78 162.34665
2 79 157.07241
2 80 131.68039
2 81 183.44366
2 82 134.12901
2 83 157.56861
2 84 181.48996
2 85 181.55516
2 86 121.15637
2 87 188.17812
2 88 191.52126
2 89 130.12728
2 90 177.8319
2 91 167.09923
2 92 148.98278
2 93 144.04441
2 94 125.65027
2 95 126.34867
2 96 183.71727
2 97 124.22915
2 98 143.13058
2 99 122.96435
3 4 106.47578
3 5 100.80635
3 6 102.27344
3 7 140.96976
3 8 125.11721
3 9 160.30641
3 10 106.60454
3 11 135.63364
3 12 166.41228
3 13 192.41666
3 14 101.46067
3 15 105.40696
3 16 134.17379
3 17 142.16088
3 18 115.49858
3 19 105.21129
3 20 192.0271
3 21 198.50861
3 22 171.44738
3 23 150.09964
3 24 136.33054
3 25 173.42926
3 26 123.71985
3 27 109.94853
3 28 173.48222
3 29 140.01285
3 30 118.07823
3 31 154.74859
3 32 100.75684
3 33 197.98516
3 34 170.23589
3 35 154.51155
3 36 194.39448
3 37 150.89995
3 38 165.34759
3 39 147.80419
3 40 132.83619
3 41 181.5529
3 42 120.52957
3 43 124.62815
3 44 143.82035
3 45 150.72224
3 46 124.5092
3 47 156.09826
3 48 163.14359
3 49 156.29408
3 50 106.17732
3 51 182.81208
3 52 156.31366
3 53 191.09926
3 54 137.40316
3 55 153.90228
3 56 109.60389
3 57 130.94718
3 58 174.89429
3 59 161.17447
3 60 167.32475
3 61 175.65958
3 62 164.57757
3 63 117.36053
3 64 193.82359
3 65 193.83144
3 66 193.35392
3 67 167.12115
3 68 177.57277
3 69 123.62367
3 70 187.7215
3 71 103.61197
3 72 183.09776
3 73 161.55595
3 74 157.91165
3 75 112.70897
3 76 155.13013
3 77 157.73987
3 78 105.87621
3 79 142.11143
3 80 152.97465
3 81 189.23203
3 82 182.50705
3 83 112.90486
3 84 199.37764
3 85 122.27177
3 86 125.90596
3 87 172.41653
3 88 112.89998
3 89 178.0533
3 90 127.31101
3 91 170.66889
3 92 122.60303
3 93 127.49582
3 94 178.68568
3 95 140.40838
3 96 130.34179
3 97 174.11973
3 98 160.22152
3 99 185.90928
4 5 119.13202
4 6 171.21534
4 7 146.91041
4 8 135.78462
4 9 105.35524
4 10 171.88337
4 11 178.61569
4 12 143.30997
4 13 156.72064
4 14 188.20362
4 15 137.94542
4 16 153.03132
4 17 181.14762
4 18 148.51634
4 19 124.38233
4 20 125.24467
4 21 118.54951
4 22 113.33781
4 23 106.10823
4 24 105.16299
4 25 155.45769
4 26 195.02624
4 27 146.72161
4 28 199.1138
4 29 103.45272
4 30 198.46718
4 31 182.95656
4 32 148.14624
4 33 155.4443
4 34 197.51343
4 35 196.33892
4 36 114.3271
4 37 104.10466
4 38 178.21738
4 39 170.15376
4 40 150.84089
4 41 105.7187
4 42 154.66552
4 43 160.50102
4 44 109.62113
4 45 108.23206
4 46 128.76748
4 47 116.16455
4 48 173.89556
4 49 158.6794
4 50 189.95782
4 51 194.41373
4 52 118.91165
4 53 189.45618
4 54 167.04599
4 55 145.49163
4 56 121.10724
4 57 130.90056
4 58 156.67881
4 59 157.12144
4 60 181.28631
4 61 175.76842
4 62 124.98462
4 63 119.901
4 64 114.46574
4 65 134.04184
4 66 185.98506
4 67 128.13468
4 68 170.11065
4 69 154.51197
4 70 163.01235
4 71 174.37255
4 72 171.57005
4 73 152.59416
4 74 146.49374
4 75 159.61364
4 76 100.78267
4 77 185.13649
4 78 144.89247
4 79 167.12879
4 80 151.93065
4 81 180.43711
4 82 118.71349
4 83 160.65362
4 84 116.95702
4 85 136.47995
4 86 171.15721
4 87 196.27044
4 88 117.43349
4 89 141.13473
4 90 148.7694
4 91 104.34778
4 92 113.78849
4 93 117.21649
4 94 159.26764
4 95 122.01287
4 96 160.50031
4 97 142.92707
4 98 182.24448
4 99 150.71324
5 6 161.45974
5 7 147.77867
5 8 167.35521
5 9 120.16375
5 10 132.54512
5 11 106.86261
5 12 146.01371
5 13 173.77918
5 14 107.56267
5 15 156.0278
5 16 130.26146
5 17 132.10124
5 18 187.85368
5 19 191.57393
5 20 169.84087
5 21 160.42907
5 22 131.78762
5 23 111.04307
5 24 123.25001
5 25 153.55175
5 26 149.1433
5 27 174.81656
5 28 150.27473
5 29 110.31385
5 30 117.26643
5 31 118.81658
5 32 116.65275
5 33 178.52962
5 34 192.2816
5 35 147.6091
5 36 173.97316
5 37 197.13185
5 38 119.48234
5 39 114.12703
5 40 194.12323
5 41 168.7972
5 42 143.10525
5 43 166.80446
5 44 157.76359
5 45 110.33014
5 46 116.10658
5 47 114.11616
5 48 187.82729
5 49 136.09601
5 50 187.23979
5 51 175.69561
5 52 155.99601
5 53 159.01196
5 54 119.84292
5 55 128.22051
5 56 165.08448
5 57 100.21096
5 58 120.57733
5 59 174.00976
5 60 168.83385
5 61 140.89359
5 62 175.79574
5 63 151.99475
5 64 142.69776
5 65 113.86444
5 66 167.58203
5 67 128.89211
5 68 114.88771
5 69 139.64833
5 70 176.21462
5 71 196.8799
5 72 123.25985
5 73 182.47313
5 74 105.04646
5 75 118.66736
5 76 141.38364
5 77 136.13004
5 78 131.33018
5 79 113.41112
5 80 174.82369
5 81 129.54159
5 82 158.22612
5 83 199.05161
5 84 123.82613
5 85 187.50805
5 86 196.61182
5 87 174.73303
5 88 174.0566
5 89 178.53301
5 90 140.30352
5 91 197.55981
5 92 197.66237
5 93 120.83354
5 94 117.10153
5 95 177.88433
5 96 146.17949
5 97 152.10536
5 98 108.54652
5 99 133.25761
6 7 108.44624
6 8 182.85368
6 9 156.47678
6 10 141.14754
6 11 194.52973
6 12 195.55662
6 13 199.77106
6 14 178.53558
6 15 107.70763
6 16 156.45851
6 17 140.88455
6 18 111.61271
6 19 107.2772
6 20 169.53441
6 21 175.80787
6 22 146.90907
6 23 123.61417
6 24 123.03945
6 25 172.26813
6 26 177.35043
6 27 177.44251
6 28 168.5155
6 29 184.11006
6 30 170.37948
6 31 145.81146
6 32 179.45715
6 33 117.77581
6 34 158.46539
6 35 164.38958
6 36 103.66524
6 37 161.37336
6 38 125.06595
6 39 192.9417
6 40 137.63045
6 41 132.89168
6 42 177.64371
6 43 137.7246
6 44 140.65786
6 45 129.26125
6 46 106.81644
6 47 170.65531
6 48 166.58043
6 49 158.98815
6 50 163.65854
6 51 133.68617
6 52 159.62099
6 53 153.79236
6 54 176.32215
6 55 109.75409
6 56 101.18165
6 57 112.38854
6 58 191.56943
6 59 190.57645
6 60 156.03035
6 61 187.15407
6 62 128.8067
6 63 122.45414
6 64 100.15654
6 65 132.41373
6 66 188.37913
6 67 125.6572
6 68 177.11002
6 69 190.4714
6 70 187.0701
6 71 191.37996
6 72 128.55268
6 73 159.13097
6 74 152.41138
6 75 146.78768
6 76 102.08454
6 77 129.64548
6 78 107.29737
6 79 199.22258
6 80 166.85984
6 81 169.21309
6 82 160.69657
6 83 157.51012
6 84 187.49222
6 85 143.61112
6 86 174.50903
6 87 156.29936
6 88 170.92285
6 89 173.58579
6 90 153.57195
6 91 145.14408
6 92 109.51282
6 93 136.47568
6 94 178.92684
6 95 173.86043
6 96 162.45383
6 97 124.02
6 98 124.44898
6 99 142.02175
7 8 155.37767
7 9 190.71235
7 10 199.26016
7 11 110.29805
7 12 126.72823
7 13 113.76702
7 14 128.03525
7 15 187.54825
7 16 122.23437
7 17 196.07673
7 18 199.86254
7 19 155.95502
7 20 192.35912
7 21 197.35893
7 22 113.12084
7 23 108.00264
7 24 104.53953
7 25 127.60144
7 26 130.4888
7 27 184.21866
7 28 109.63263
7 29 169.2102
7 30 169.72261
7 31 180.26797
7 32 164.47433
7 33 160.06343
7 34 131.64141
7 35 127.28123
7 36 192.02016
7 37 167.29954
7 38 158.32696
7 39 153.41695
7 40 131.36916
7 41 146.66232
7 42 159.7094
7 43 118.98573
7 44 184.5857
7 45 198.9295
7 46 152.33304
7 47 195.88037
7 48 111.21145
7 49 128.40222
7 50 138.22385
7 51 131.85754
7 52 171.39107
7 53 134.51664
7 54 130.29822
7 55 140.31874
7 56 185.59223
7 57 193.16078
7 58 147.05406
7 59 144.16469
7 60 197.86103
7 61 166.29257
7 62 106.38238
7 63 132.0465
7 64 175.76124
7 65 183.55565
7 66 113.82237
7 67 142.77334
7 68 172.47574
7 69 179.95732
7 70 181.67933
7 71 171.12056
7 72 147.01297
7 73 199.33035
7 74 187.39523
7 75 157.6179
7 76 126.01623
7 77 136.51319
7 78 107.71819
7 79 194.95674
7 80 141.9646
7 81 103.67445
7 82 112.58651
7 83 170.80423
7 84 141.78732
7 85 169.35224
7 86 191.18857
7 87 169.92043
7 88 110.65332
7 89 146.2751
7 90 155.10162
7 91 142.87624
7 92 110.45103
7 93 182.51558
7 94 195.88592
7 95 122.38249
7 96 122.50017
7 97 116.46226
7 98 173.8103
7 99 190.69229
8 9 133.44227
8 10 168.02261
8 11 156.08906
8 12 195.50005
8 13 119.55677
8 14 192.15606
8 15 197.75649
8 16 195.36161
8 17 171.04658
8 18 121.67784
8 19 162.02733
8 20 132.3172
8 21 116.6676
8 22 146.16305
8 23 152.16945
8 24 102.04918
8 25 139.20873
8 26 149.92852
8 27 145.48473
8 28 141.98573
8 29 180.82614
8 30 100.02367
8 31 108.18242
8 32 181.7691
8 33 127.47201
8 34 173.40362
8 35 102.29856
8 36 173.04879
8 37 159.83924
8 38 137.0522
8 39 157.33618
8 40 164.27321
8 41 194.35068
8 42 141.09758
8 43 125.05313
8 44 199.62147
8 45 127.38037
8 46 125.76549
8 47 119.01952
8 48 189.62708
8 49 173.55604
8 50 164.59701
8 51 194.05707
8 52 105.84073
8 53 194.83271
8 54 125.68838
8 55 134.57957
8 56 134.89395
8 57 181.19779
8 58 151.57965
8 59 112.64672
8 60 122.43163
8 61 125.35048
8 62 151.64357
8 63 193.35297
8 64 166.24036
8 65 169.64794
8 66 159.60809
8 67 114.31464
8 68 135.60049
8 69 125.50398
8 70 163.14599
8 71 142.99474
8 72 123.98656
8 73 132.08517
8 74 115.58897
8 75 182.37948
8 76 163.31698
8 77 175.18497
8 78 109.77431
8 79 110.94066
8 80 113.60885
8 81 111.88541
8 82 101.0591
8 83 134.32998
8 84 125.02268
8 85 173.87945
8 86 113.87626
8 87 195.923
8 88 169.23325
8 89 121.89799
8 90 115.52825
8 91 107.84021
8 92 136.5986
8 93 146.64058
8 94 192.50239
8 95 148.90082
8 96 191.8378
8 97 127.23962
8 98 188.29284
8 99 138.64769
9 10 193.10756
9 11 123.139
9 12 101.16247
9 13 138.17461
9 14 183.21702
9 15 187.37805
9 16 126.90933
9 17 130.25835
9 18 140.53003
9 19 172.10182
9 20 124.66965
9 21 186.08256
9 22 126.81578
9 23 124.37198
9 24 122.82764
9 25 118.34789
9 26 148.4318
9 27 148.04967
9 28 109.11289
9 29 162.4355
9 30 139.56812
9 31 167.00042
9 32 138.96321
9 33 179.89051
9 34 195.35729
9 35 167.66206
9 36 189.68392
9 37 175.35058
9 38 127.52676
9 39 197.67424
9 40 109.35188
9 41 164.99628
9 42 108.32692
9 43 110.5385
9 44 195.23992
9 45 148.71966
9 46 191.58307
9 47 116.9084
9 48 129.06255
9 49 133.75624
9 50 118.93264
9 51 152.02586
9 52 121.14858
9 53 172.02063
9 54 191.37454
9 55 141.1066
9 56 189.4686
9 57 153.80239
9 58 187.62507
9 59 150.34521
9 60 173.11595
9 61 143.07547
9 62 139.04441
9 63 100.85295
9 64 129.9108
9 65 107.02004
9 66 128.93917
9 67 125.56147
9 68 173.45637
9 69 124.69364
9 70 118.97934
9 71 146.36422
9 72 102.91345
9 73 114.67392
9 74 167.73084
9 75 129.31331
9 76 109.20703
9 77 134.95871
9 78 170.81937
9 79 111.15338
9 80 149.52924
9 81 121.74421
9 82 140.76728
9 83 123.3631
9 84 108.08187
9 85 144.3802
9 86 108.9753
9 87 104.99385
9 88 161.67686
9 89 101.42685
9 90 162.64793
9 91 110.02014
9 92 150.03561
9 93 197.19627
9 94 121.94306
9 95 123.47455
9 96 168.69793
9 97 150.51683
9 98 177.33905
9 99 141.64742
10 11 130.25804
10 12 155.59673
10 13 166.81064
10 14 117.52365
10 15 192.29239
10 16 191.79014
10 17 108.49994
10 18 110.02195
10 19 108.93011
10 20 148.82782
10 21 150.1186
10 22 187.93157
10 23 186.52732
10 24 156.75025
10 25 185.62685
10 26 145.77345
10 27 178.36872
10 28 197.22472
10 29 156.80672
10 30 108.09516
10 31 127.8562
10 32 116.801
10 33 169.67231
10 34 196.30691
10 35 107.63846
10 36 138.62245
10 37 144.09411
10 38 170.29867
10 39 115.71927
10 40 149.24692
10 41 110.80531
10 42 129.2969
10 43 170.09431
10 44 149.97965
10 45 191.49353
10 46 140.19808
10 47 130.86705
10 48 123.26717
10 49 195.86531
10 50 188.31934
10 51 161.63668
10 52 188.45357
10 53 190.34383
10 54 132.93419
10 55 151.38294
10 56 167.77391
10 57 108.0851
10 58 188.74249
10 59 122.55271
10 60 102.11451
10 61 189.1887
10 62 103.30065
10 63 197.09538
10 64 151.74087
10 65 190.39331
10 66 133.22737
10 67 147.79897
10 68 134.309
10 69 170.53533
10 70 104.16757
10 71 134.78312
10 72 155.3852
10 73 115.22072
10 74 147.61143
10 75 113.946
10 76 187.97644
10 77 184.5914
10 78 110.33316
10 79 191.50333
10 80 128.21153
10 81 140.58698
10 82 140.88936
10 83 155.12312
10 84 190.86153
10 85 129.63444
10 86 127.48662
10 87 188.68872
10 88 119.96671
10 89 107.40224
10 90 146.79916
10 91 179.95953
10 92 139.91661
10 93 140.25662
10 94 138.851
10 95 121.55087
10 96 191.63825
10 97 138.95533
10 98 186.28837
10 99 105.01056
11 12 188.07981
11 13 188.90739
11 14 102.33562
11 15 160.65716
11 16 151.34537
11 17 156.19102
11 18 152.19604
11 19 179.24185
11 20 163.64514
11 21 112.87012
11 22 142.79978
11 23 195.8203
11 24 174.44108
11 25 101.65274
11 26 105.30536
11 27 184.15019
11 28 160.26215
11 29 137.47898
11 30 191.10688
11 31 109.51716
11 32 180.97447
11 33 190.9399
11 34 182.17672
11 35 154.92498
11 36 142.77221
11 37 155.84542
11 38 177.0126
11 39 172.79606
11 40 129.58412
11 41 143.407
11 42 172.00028
11 43 135.62511
11 44 150.64075
11 45 151.64097
11 46 161.07236
11 47 165.41174
11 48 107.58692
11 49 156.9338
11 50 140.87717
11 51 141.91868
11 52 124.83146
11 53 171.10932
11 54 176.91367
11 55 190.84264
11 56 184.12628
11 57 126.78139
11 58 132.70414
11 59 151.98406
11 60 152.32639
11 61 161.54907
11 62 121.22952
11 63 147.03073
11 64 108.97268
11 65 113.12569
11 66 121.2403
11 67 134.45255
11 68 134.91827
11 69 131.79549
11 70 140.2082
11 71 145.96551
11 72 126.99362
11 73 197.80264
11 74 196.37219
11 75 142.94085
11 76 148.30016
11 77 119.42148
11 78 158.35584
11 79 152.78017
11 80 132.04104
11 81 161.74988
11 82 181.62856
11 83 147.44801
11 84 181.53754
11 85 181.78789
11 86 171.14159
11 87 192.20125
11 88 158.47084
11 89 186.84724
11 90 175.91948
11 91 185.05243
11 92 169.94283
11 93 120.6901
11 94 163.50821
11 95 105.36034
11 96 138.05787
11 97 136.72292
11 98 116.97856
11 99 180.63336
12 13 146.16511
12 14 136.06795
12 15 154.67617
12 16 127.11764
12 17 171.1051
12 18 188.62963
12 19 140.27044
12 20 163.81457
12 21 111.98427
12 22 115.86767
12 23 196.63349
12 24 149.35432
12 25 186.59965
12 26 151.95771
12 27 190.92332
12 28 141.09676
12 29 187.12501
12 30 105.22487
12 31 154.86548
12 32 138.51051
12 33 157.92542
12 34 149.54261
12 35 190.54892
12 36 126.34258
12 37 134.49413
12 38 146.86655
12 39 122.73616
12 40 197.09077
12 41 108.38601
12 42 120.11078
12 43 101.85084
12 44 189.57493
12 45 147.00285
12 46 123.30116
12 47 130.16447
12 48 198.60322
12 49 167.17194
12 50 183.4415
12 51 178.35922
12 52 140.36147
12 53 153.78089
12 54 109.09846
12 55 115.87557
12 56 130.49736
12 57 153.2145
12 58 147.9107
12 59 179.73737
12 60 162.1186
12 61 178.98713
12 62 186.4294
12 63 110.52315
12 64 189.39442
12 65 168.15179
12 66 192.31995
12 67 141.91557
12 68 160.12481
12 69 114.57728
12 70 147.19149
12 71 183.59106
12 72 139.78172
12 73 112.17733
12 74 154.02799
12 75 135.15769
12 76 158.23145
12 77 197.51526
12 78 175.23674
12 79 153.92168
12 80 103.25298
12 81 104.22186
12 82 132.15657
12 83 170.44781
12 84 163.84006
12 85 111.96023
12 86 126.70555
12 87 159.30971
12 88 156.673
12 89 132.80315
12 90 199.77573
12 91 198.4656
12 92 170.07817
12 93 156.20558
12 94 173.98611
12 95 166.60338
12 96 181.68196
12 97 159.96534
12 98 139.67557
12 99 108.95533
13 14 129.77071
13 15 192.55688
13 16 152.9271
13 17 103.99404
13 18 155.8339
13 19 154.76364
13 20 186.49554
13 21 191.77446
13 22 100.64119
13 23 116.25
13 24 196.88853
13 25 115.68959
13 26 111.89782
13 27 186.83213
13 28 199.13246
13 29 173.07738
13 30 158.06013
13 31 185.25676
13 32 155.20181
13 33 113.64889
13 34 119.87052
13 35 126.95464
13 36 101.60805
13 37 101.60347
13 38 187.25727
13 39 153.55564
13 40 108.02263
13 41 189.88974
13 42 100.66098
13 43 182.14013
13 44 148.24991
13 45 179.28156
13 46 141.78301
13 47 166.26483
13 48 158.64396
13 49 179.17547
13 50 188.42432
13 51 183.11332
13 52 195.06686
13 53 148.81729
13 54 158.2383
13 55 196.46191
13 56 175.85066
13 57 158.4605
13 58 159.97725
13 59 172.96582
13 60 199.82611
13 61 155.21
13 62 119.78384
13 63 151.33798
13 64 130.44272
13 65 163.91815
13 66 110.0468
13 67 177.86632
13 68 179.27235
13 69 139.37642
13 70 161.33644
13 71 137.87808
13 72 163.95283
13 73 179.81865
13 74 194.88895
13 75 157.52998
13 76 156.98846
13 77 148.27523
13 78 174.05454
13 79 193.10863
13 80 179.85086
13 81 127.27784
13 82 123.54393
13 83 103.14991
13 84 112.66561
13 85 197.51738
13 86 147.60219
13 87 106.91489
13 88 104.86504
13 89 141.51345
13 90 165.39293
13 91 188.55969
13 92 117.2345
13 93 177.17066
13 94 163.77298
13 95 132.56261
13 96 138.92714
13 97 165.16585
13 98 141.1242
13 99 125.19624
14 15 151.8729
14 16 155.61245
14 17 178.43604
14 18 167.67358
14 19 146.94251
14 20 142.52626
14 21 135.43399
14 22 180.72596
14 23 153.96817
14 24 136.16581
14 25 146.01017
14 26 102.00772
14 27 195.41291
14 28 145.85609
14 29 165.79672
14 30 114.76829
14 31 199.12395
14 32 113.26369
14 33 169.0829
14 34 129.12389
14 35 182.08019
14 36 142.63789
14 37 108.9974
14 38 177.46178
14 39 114.8208
14 40 117.9633
14 41 137.69072
14 42 104.77079
14 43 139.0141
14 44 104.62302
14 45 151.97921
14 46 190.69286
14 47 179.87101
14 48 144.39639
14 49 145.53178
14 50 102.17785
14 51 176.11124
14 52 190.11377
14 53 100.48294
14 54 129.64344
14 55 164.39081
14 56 182.07654
14 57 171.75748
14 58 144.64841
14 59 176.96799
14 60 190.43316
14 61 155.20392
14 62 134.29815
14 63 119.17261
14 64 130.47384
14 65 171.1802
14 66 124.15659
14 67 149.07498
14 68 122.34807
14 69 142.95073
14 70 166.92193
14 71 186.61639
14 72 188.1976
14 73 120.79384
14 74 129.60133
14 75 176.9717
14 76 137.676
14 77 111.10283
14 78 142.97212
14 79 188.5626
14 80 104.3496
14 81 100.73933
14 82 172.24137
14 83 180.61935
14 84 172.58347
14 85 150.14298
14 86 171.3427
14 87 191.5655
14 88 170.82685
14 89 117.62862
14 90 136.77134
14 91 127.22994
14 92 184.07265
14 93 188.24561
14 94 105.35107
14 95 113.10718
14 96 169.60192
14 97 180.189
14 98 156.32318
14 99 171.98721
15 16 119.06075
15 17 190.82506
15 18 155.20318
15 19 123.65174
15 20 192.45718
15 21 173.01912
15 22 101.62136
15 23 135.93665
15 24 156.31823
15 25 186.39282
15 26 159.53185
15 27 166.06248
15 28 147.27554
15 29 167.82739
15 30 183.21401
15 31 174.88853
15 32 190.86247
15 33 139.86775
15 34 140.42232
15 35 163.22949
15 36 154.07766
15 37 142.65471
15 38 184.33289
15 39 183.45688
15 40 161.06674
15 41 137.75355
15 42 168.39089
15 43 155.09717
15 44 167.62936
15 45 142.92958
15 46 177.71277
15 47 164.73782
15 48 137.39626
15 49 194.02048
15 50 177.16243
15 51 120.4527
15 52 176.4664
15 53 175.03331
15 54 153.25898
15 55 140.10492
15 56 111.59011
15 57 144.93891
15 58 113.39907
15 59 184.68091
15 60 175.38583
15 61 147.63932
15 62 118.44017
15 63 183.57252
15 64 188.89303
15 65 112.19959
15 66 148.49897
15 67 160.62172
15 68 167.3994
15 69 111.97167
15 70 143.41246
15 71 139.89691
15 72 164.8013
15 73 148.34282
15 74 193.24141
15 75 158.79459
15 76 176.29939
15 77 118.67674
15 78 181.46505
15 79 104.90336
15 80 151.38074
15 81 172.18964
15 82 127.1773
15 83 157.88831
15 84 105.19727
15 85 108.39875
15 86 168.62957
15 87 150.35963
15 88 153.6763
15 89 157.02211
15 90 133.66958
15 91 177.91751
15 92 186.38017
15 93 119.50328
15 94 152.0668
15 95 147.07379
15 96 108.49168
15 97 121.73325
15 98 177.26351
15 99 174.34315
16 17 179.7237
16 18 146.87674
16 19 158.79672
16 20 182.25958
16 21 146.07662
16 22 152.12917
16 23 140.38215
16 24 143.84021
16 25 194.55042
16 26 106.17636
16 27 137.00875
16 28 159.4107
16 29 193.18955
16 30 181.75356
16 31 153.27769
16 32 198.64421
16 33 180.53714
16 34 181.93989
16 35 142.53793
16 36 175.85103
16 37 184.94555
16 38 159.46401
16 39 147.44764
16 40 183.96279
16 41 170.04615
16 42 160.06614
16 43 126.94914
16 44 137.408
16 45 178.65549
16 46 106.54376
16 47 137.99216
16 48 149.52725
16 49 100.7074
16 50 144.39135
16 51 177.42332
16 52 154.99957
16 53 154.07307
16 54 121.79566
16 55 180.65198
16 56 143.35711
16 57 126.76711
16 58 173.18313
16 59 127.7946
16 60 173.16906
16 61 166.24468
16 62 115.15128
16 63 160.09083
16 64 131.29178
16 65 108.96892
16 66 105.50408
16 67 181.22223
16 68 164.48634
16 69 132.88533
16 70 104.11334
16 71 123.20007
16 72 184.64339
16 73 133.8124
16 74 164.38053
16 75 111.72346
16 76 101.85186
16 77 139.35566
16 78 121.97115
16 79 148.58285
16 80 117.16845
16 81 104.55211
16 82 116.40061
16 83 127.55569
16 84 152.55187
16 85 147.15526
16 86 101.71429
16 87 177.05632
16 88 101.96383
16 89 159.54141
16 90 162.69097
16 91 126.47244
16 92 134.9117
16 93 123.97777
16 94 113.98774
16 95 191.86749
16 96 105.0996
16 97 104.38993
16 98 107.33462
16 99 164.17855
17 18 114.16891
17 19 113.54403
17 20 165.27707
17 21 185.2245
17 22 151.94865
17 23 162.46285
17 24 148.13004
17 25 122.88207
17 26 101.12486
17 27 123.23692
17 28 197.96897
17 29 141.20569
17 30 129.93844
17 31 161.38234
17 32 165.15988
17 33 182.92482
17 34 126.81136
17 35 154.7207
17 36 133.54707
17 37 149.15801
17 38 173.99751
17 39 143.05875
17 40 180.93639
17 41 136.03313
17 42 167.08893
17 43 154.09213
17 44 167.58507
17 45 191.12068
17 46 165.80588
17 47 116.54876
17 48 187.1796
17 49 171.95982
17 50 153.73346
17 51 125.90946
17 52 120.29022
17 53 100.59329
17 54 164.37478
17 55 118.83341
17 56 159.90076
17 57 197.57469
17 58 191.51262
17 59 130.88595
17 60 157.56796
17 61 185.49564
17 62 145.92364
17 63 175.14209
17 64 104.39834
17 65 149.3944
17 66 171.0147
17 67 178.20949
17 68 132.19712
17 69 186.19552
17 70 116.36295
17 71 194.94888
17 72 175.18119
17 73 190.72929
17 74 150.37437
17 75 131.98222
17 76 106.87157
17 77 141.79491
17 78 149.90809
17 79 180.04993
17 80 182.84074
17 81 191.55234
17 82 159.94619
17 83 153.43716
17 84 198.73235
17 85 126.53475
17 86 148.83624
17 87 113.24661
17 88 123.9289
17 89 167.00566
17 90 175.47807
17 91 123.82189
17 92 100.83084
17 93 186.78658
17 94 175.12139
17 95 185.42314
17 96 165.1663
17 97 130.99273
17 98 153.65756
17 99 170.23181
18 19 135.27842
18 20 161.8893
18 21 189.62677
18 22 189.57818
18 23 128.42372
18 24 186.88589
18 25 177.71871
18 26 139.7017
18 27 146.16705
18 28 174.55918
18 29 143.18632
18 30 157.70774
18 31 186.48665
18 32 129.06032
18 33 105.90523
18 34 150.5502
18 35 103.95653
18 36 120.42225
18 37 125.98824
18 38 155.46322
18 39 158.19496
18 40 119.30997
18 41 154.87191
18 42 152.33787
18 43 113.55385
18 44 136.54907
18 45 127.96537
18 46 119.14166
18 47 157.33835
18 48 183.08695
18 49 193.84607
18 50 108.386
18 51 131.8697
18 52 140.24969
18 53 127.44227
18 54 168.32722
18 55 166.6549
18 56 137.77138
18 57 130.6124
18 58 183.54636
18 59 169.62132
18 60 191.90463
18 61 123.12534
18 62 154.20732
18 63 199.72434
18 64 166.07271
18 65 110.79045
18 66 146.91658
18 67 173.27471
18 68 183.28198
18 69 179.31803
18 70 111.9264
18 71 102.45351
18 72 147.3778
18 73 181.01613
18 74 191.16616
18 75 104.1903
18 76 183.3075
18 77 136.273
18 78 103.69504
18 79 122.11685
18 80 193.19734
18 81 196.19437
18 82 119.38801
18 83 103.21525
18 84 193.07664
18 85 155.94973
18 86 193.14068
18 87 104.01189
18 88 198.67001
18 89 156.4171
18 90 142.18612
18 91 108.54712
18 92 153.90278
18 93 183.88684
18 94 114.41103
18 95 142.40192
18 96 175.67842
18 97 138.04796
18 98 134.98432
18 99 128.81833
19 20 193.23233
19 21 100.12607
19 22 147.73379
19 23 125.8909
19 24 185.64773
19 25 101.77036
19 26 146.11229
19 27 166.28258
19 28 132.00235
19 29 199.32512
19 30 168.03528
19 31 169.91175
19 32 189.61305
19 33 119.15247
19 34 163.78393
19 35 190.27015
19 36 115.51921
19 37 181.67662
19 38 157.9454
19 39 104.53259
19 40 184.2386
19 41 105.76555
19 42 174.5664
19 43 187.1439
19 44 102.64204
19 45 173.23447
19 46 138.43105
19 47 102.78162
19 48 135.57649
19 49 174.75032
19 50 190.34344
19 51 168.8011
19 52 106.3806
19 53 187.78544
19 54 133.08801
19 55 163.67791
19 56 179.98844
19 57 187.39704
19 58 153.81898
19 59 192.1717
19 60 141.33664
19 61 125.48033
19 62 178.02398
19 63 129.91044
19 64 113.41211
19 65 158.1582
19 66 157.66504
19 67 170.86104
19 68 120.91987
19 69 124.57016
19 70 153.38949
19 71 119.50498
19 72 173.72958
19 73 139.83317
19 74 172.73241
19 75 179.96602
19 76 185.31055
19 77 164.51025
19 78 125.50582
19 79 150.08435
19 80 155.26833
19 81 116.76811
19 82 156.02482
19 83 140.81171
19 84 110.22722
19 85 181.04729
19 86 136.47032
19 87 186.96222
19 88 115.04261
19 89 126.25568
19 90 162.8332
19 91 182.84408
19 92 175.60884
19 93 141.04542
19 94 169.50254
19 95 101.04937
19 96 121.41998
19 97 102.69506
19 98 130.79147
19 99 115.30127
20 21 141.86274
20 22 179.3258
20 23 179.23667
20 24 141.94019
20 25 136.47836
20 26 183.46576
20 27 151.804
20 28 156.34449
20 29 166.70343
20 30 127.23206
20 31 158.4927
20 32 108.05878
20 33 172.42625
20 34 187.10335
20 35 115.2851
20 36 196.35848
20 37 133.38129
20 38 182.21983
20 39 166.61983
20 40 176.40697
20 41 121.64885
20 42 132.6628
20 43 150.88725
20 44 117.88673
20 45 171.61008
20 46 116.57275
20 47 156.04744
20 48 182.67312
20 49 192.15286
20 50 147.75957
20 51 161.5301
20 52 102.94633
20 53 185.61745
20 54 121.66973
20 55 109.76582
20 56 175.6686
20 57 105.2636
20 58 164.90397
20 59 162.12903
20 60 162.57739
20 61 165.90989
20 62 175.75967
20 63 136.79005
20 64 143.65537
20 65 163.85178
20 66 124.07686
20 67 160.32607
20 68 141.15773
20 69 189.74646
20 70 165.71102
20 71 173.3924
20 72 194.41727
20 73 158.17264
20 74 196.02187
20 75 151.64783
20 76 136.73588
20 77 159.52115
20 78 154.84223
20 79 134.23525
20 80 155.00109
20 81 174.01772
20 82 106.05115
20 83 187.23409
20 84 186.06633
20 85 114.71605
20 86 134.80802
20 87 134.0434
20 88 106.6371
20 89 183.97594
20 90 101.14676
20 91 196.52387
20 92 102.03695
20 93 138.68409
20 94 155.65144
20 95 170.57464
20 96 126.50178
20 97 131.68206
20 98 117.48576
20 99 114.16047
21 22 137.96994
21 23 129.21847
21 24 112.63101
21 25 137.26563
21 26 174.12775
21 27 180.9892
21 28 183.08017
21 29 152.29274
21 30 118.98732
21 31 198.29948
21 32 194.01924
21 33 131.8578
21 34 191.01184
21 35 135.25931
21 36 117.43643
21 37 128.2084
21 38 140.67678
21 39 133.92703
21 40 151.96885
21 41 194.41082
21 42 142.19079
21 43 177.80822
21 44 183.43138
21 45 175.01903
21 46 198.90023
21 47 174.10222
21 48 149.47835
21 49 122.30741
21 50 188.25144
21 51 127.12235
21 52 132.16568
21 53 161.50689
21 54 161.24984
21 55 125.33699
21 56 185.01158
21 57 178.42392
21 58 120.34405
21 59 108.04201
21 60 130.99113
21 61 190.03523
21 62 160.7669
21 63 105.36298
21 64 154.54272
21 65 141.95123
21 66 157.28798
21 67 186.33524
21 68 114.44095
21 69 158.38136
21 70 164.94674
21 71 148.82059
21 72 176.82995
21 73 155.56243
21 74 183.31546
21 75 159.93192
21 76 108.24089
21 77 198.19541
21 78 151.27954
21 79 179.43212
21 80 118.81008
21 81 159.9255
21 82 138.3986
21 83 164.92261
21 84 152.6243
21 85 139.76206
21 86 137.19608
21 87 189.82593
21 88 184.28715
21 89 141.50383
21 90 150.53263
21 91 191.22691
21 92 169.11763
21 93 167.56981
21 94 117.84125
21 95 182.69336
21 96 186.38498
21 97 188.8878
21 98 167.37836
21 99 119.35124
22 23 196.8134
22 24 174.41806
22 25 144.76948
22 26 187.89354
22 27 140.21872
22 28 123.09484
22 29 158.9605
22 30 101.90077
22 31 176.51404
22 32 195.50858
22 33 141.53514
22 34 168.76287
22 35 122.569
22 36 109.31711
22 37 133.13222
22 38 118.99741
22 39 171.86242
22 40 142.7852
22 41 199.84584
22 42 177.47527
22 43 191.3085
22 44 119.70352
22 45 190.55017
22 46 127.83403
22 47 175.70026
22 48 186.93296
22 49 104.18689
22 50 189.50754
22 51 103.73676
22 52 119.13499
22 53 104.22482
22 54 158.57236
22 55 127.99293
22 56 178.94506
22 57 193.60189
22 58 135.12305
22 59 135.76217
22 60 107.38698
22 61 184.78276
22 62 109.57297
22 63 159.94883
22 64 117.28361
22 65 135.46962
22 66 136.76089
22 67 163.66758
22 68 135.20836
22 69 176.64568
22 70 157.87844
22 71 123.02972
22 72 149.55112
22 73 121.39533
22 74 139.21396
22 75 138.98364
22 76 116.33377
22 77 105.14129
22 78 117.26067
22 79 194.77119
22 80 123.00403
22 81 160.44394
22 82 138.29373
22 83 138.09023
22 84 198.70772
22 85 103.44322
22 86 115.54299
22 87 144.64105
22 88 107.47173
22 89 126.36183
22 90 145.00886
22 91 159.16905
22 92 190.21329
22 93 120.9308
22 94 122.57757
22 95 110.3685
22 96 123.15304
22 97 117.23314
22 98 111.05912
22 99 192.8453
23 24 102.65363
23 25 150.95424
23 26 132.95564
23 27 155.18417
23 28 114.62997
23 29 117.89833
23 30 128.64646
23 31 184.83727
23 32 150.18988
23 33 134.86552
23 34 127.75312
23 35 183.29616
23 36 184.79664
23 37 144.159
23 38 162.348
23 39 108.07125
23 40 123.16626
23 41 170.34315
23 42 144.24825
23 43 135.76799
23 44 186.33269
23 45 199.74842
23 46 109.88296
23 47 194.5132
23 48 169.21955
23 49 163.44775
23 50 143.98823
23 51 130.00579
23 52 137.02217
23 53 125.28513
23 54 149.70327
23 55 198.66619
23 56 141.40767
23 57 185.55314
23 58 163.48249
23 59 196.90784
23 60 198.86267
23 61 192.96623
23 62 155.68207
23 63 129.85014
23 64 172.08975
23 65 135.88057
23 66 124.50888
23 67 132.55155
23 68 116.04109
23 69 131.93874
23 70 158.58655
23 71 194.87295
23 72 143.13846
23 73 183.93028
23 74 118.77883
23 75 196.31208
23 76 112.16839
23 77 125.90188
23 78 180.69933
23 79 141.33469
23 80 139.34694
23 81 142.9511
23 82 169.42926
23 83 197.83683
23 84 119.25527
23 85 177.22739
23 86 160.26729
23 87 103.91807
23 88 179.14556
23 89 113.63769
23 90 103.88321
23 91 175.23794
23 92 119.56632
23 93 128.44434
23 94 101.34033
23 95 191.17655
23 96 137.45385
23 97 125.08024
23 98 115.22676
23 99 165.94499
24 25 159.07874
24 26 115.591
24 27 182.12048
24 28 187.59407
24 29 128.61576
24 30 132.87633
24 31 154.73985
24 32 125.59914
24 33 124.58721
24 34 157.67778
24 35 110.31318
24 36 199.75711
24 37 121.50892
24 38 130.86913
24 39 173.27716
24 40 120.88793
24 41 151.99341
24 42 154.04974
24 43 169.9913
24 44 123.5599
24 45 127.2106
24 46 168.64567
24 47 168.89148
24 48 125.99203
24 49 129.46482
24 50 112.94125
24 51 100.98105
24 52 102.50939
24 53 195.8224
24 54 195.93042
24 55 165.65381
24 56 168.69009
24 57 196.92038
24 58 197.92041
24 59 163.42912
24 60 165.83215
24 61 142.08124
24 62 125.97848
24 63 146.30294
24 64 121.42031
24 65 153.25291
24 66 153.8943
24 67 127.72703
24 68 113.47561
24 69 178.28854
24 70 156.49438
24 71 159.70797
24 72 162.07226
24 73 153.12696
24 74 150.05524
24 75 101.71035
24 76 197.48236
24 77 188.66633
24 78 175.21449
24 79 132.58079
24 80 152.40424
24 81 101.33649
24 82 181.11272
24 83 192.15526
24 84 147.89272
24 85 149.82198
24 86 146.46508
24 87 195.52093
24 88 143.47897
24 89 198.36617
24 90 142.96802
24 91 180.87573
24 92 191.34121
24 93 127.03747
24 94 127.93048
24 95 106.08762
24 96 152.51663
24 97 162.88326
24 98 177.06917
24 99 110.74334
25 26 147.27983
25 27 187.9462
25 28 126.94306
25 29 187.11741
25 30 166.43053
25 31 154.24139
25 32 137.24491
25 33 113.83138
25 34 161.76483
25 35 188.02873
25 36 107.62478
25 37 169.0837
25 38 132.27486
25 39 194.46028
25 40 109.72175
25 41 186.27825
25 42 155.10552
25 43 184.84142
25 44 106.78519
25 45 163.7203
25 46 179.64591
25 47 105.53614
25 48 158.44018
25 49 173.34452
25 50 183.3228
25 51 147.734
25 52 111.04962
25 53 147.59065
25 54 181.27974
25 55 118.67487
25 56 168.94396
25 57 121.66986
25 58 121.32219
25 59 188.10513
25 60 163.84234
25 61 139.60522
25 62 103.26875
25 63 102.22382
25 64 103.02196
25 65 171.19024
25 66 194.09765
25 67 134.67369
25 68 102.58722
25 69 185.81762
25 70 185.07849
25 71 142.78847
25 72 174.30338
25 73 147.46687
25 74 133.73251
25 75 145.03189
25 76 120.68101
25 77 140.58916
25 78 142.91387
25 79 111.96741
25 80 172.89614
25 81 176.2334
25 82 156.01372
25 83 168.73931
25 84 192.35251
25 85 130.90298
25 86 147.16005
25 87 193.60417
25 88 166.34221
25 89 191.32438
25 90 110.31934
25 91 127.34513
25 92 191.89314
25 93 174.13871
25 94 156.95004
25 95 141.18155
25 96 133.62066
25 97 195.49294
25 98 194.26665
25 99 156.07421
26 27 135.89008
26 28 163.50754
26 29 183.78595
26 30 106.6672
26 31 196.27001
26 32 116.64192
26 33 156.74237
26 34 136.17859
26 35 101.87849
26 36 113.45697
26 37 116.97259
26 38 175.46083
26 39 119.42376
26 40 112.51701
26 41 152.84173
26 42 140.89383
26 43 123.81846
26 44 136.02792
26 45 177.33991
26 46 181.77398
26 47 121.80204
26 48 143.44454
26 49 195.05371
26 50 197.58322
26 51 129.6303
26 52 194.61975
26 53 101.55916
26 54 131.83447
26 55 154.26926
26 56 133.54607
26 57 195.52926
26 58 131.02847
26 59 108.95346
26 60 165.118
26 61 164.00666
26 62 180.28652
26 63 142.72628
26 64 124.24638
26 65 174.53019
26 66 124.27917
26 67 176.17221
26 68 182.39929
26 69 142.77974
26 70 195.2515
26 71 111.18548
26 72 151.77322
26 73 146.06462
26 74 180.82525
26 75 124.636
26 76 180.4441
26 77 169.30209
26 78 122.73245
26 79 101.93191
26 80 121.60611
26 81 175.12378
26 82 193.74547
26 83 102.86197
26 84 136.12554
26 85 187.08721
26 86 100.40382
26 87 148.41094
26 88 193.75787
26 89 135.98346
26 90 105.05992
26 91 194.83639
26 92 158.45985
26 93 153.72583
26 94 146.49104
26 95 157.0209
26 96 145.35678
26 97 139.84652
26 98 151.28698
26 99 189.72797
27 28 111.43857
27 29 106.50691
27 30 144.47151
27 31 196.47147
27 32 199.02335
27 33 128.66054
27 34 108.71592
27 35 103.01697
27 36 186.61377
27 37 114.64311
27 38 128.647
27 39 104.91615
27 40 182.92987
27 41 110.90279
27 42 191.73012
27 43 100.02519
27 44 175.3815
27 45 183.17326
27 46 184.44927
27 47 137.39975
27 48 144.79631
27 49 165.15581
27 50 178.57593
27 51 184.21401
27 52 186.53793
27 53 100.9711
27 54 155.76544
27 55 154.48765
27 56 149.64912
27 57 191.9447
27 58 169.40736
27 59 142.51909
27 60 105.84446
27 61 130.96677
27 62 141.65643
27 63 134.10424
27 64 148.49763
27 65 163.31203
27 66 123.65695
27 67 136.40306
27 68 173.43039
27 69 165.82704
27 70 150.241
27 71 144.35454
27 72 141.11155
27 73 126.51802
27 74 104.84314
27 75 104.06599
27 76 166.65409
27 77 163.89816
27 78 109.87874
27 79 132.46887
27 80 152.61275
27 81 152.67858
27 82 121.90402
27 83 152.09218
27 84 171.97673
27 85 141.45921
27 86 125.04616
27 87 164.81981
27 88 161.27957
27 89 168.49991
27 90 106.25663
27 91 146.39541
27 92 199.04687
27 93 179.81166
27 94 101.26602
27 95 120.18695
27 96 110.38997
27 97 142.13661
27 98 177.60075
27 99 181.00827
28 29 104.64832
28 30 151.7932
28 31 149.63319
28 32 168.35872
28 33 128.38434
28 34 135.26509
28 35 185.04447
28 36 137.66101
28 37 106.42203
28 38 192.20679
28 39 154.56346
28 40 156.72617
28 41 116.79678
28 42 117.97764
28 43 185.0999
28 44 140.72677
28 45 140.30611
28 46 109.20974
28 47 116.76103
28 48 110.29677
28 49 194.6743
28 50 102.97162
28 51 198.56412
28 52 156.45379
28 53 181.55313
28 54 181.40675
28 55 135.10902
28 56 196.59367
28 57 102.17381
28 58 161.67058
28 59 144.37428
28 60 176.32295
28 61 138.28927
28 62 166.75539
28 63 131.03897
28 64 145.76361
28 65 172.16966
28 66 173.62452
28 67 166.33151
28 68 162.29872
28 69 103.07205
28 70 168.39794
28 71 160.80244
28 72 172.57466
28 73 196.89637
28 74 189.34899
28 75 114.932
28 76 136.26902
28 77 175.77132
28 78 175.23984
28 79 172.41413
28 80 164.84855
28 81 150.51126
28 82 150.18997
28 83 127.74521
28 84 182.02048
28 85 124.88157
28 86 177.94119
28 87 149.70273
28 88 191.26254
28 89 141.10259
28 90 185.61117
28 91 130.67396
28 92 151.70771
28 93 160.62421
28 94 171.60067
28 95 183.95876
28 96 184.39787
28 97 180.2841
28 98 110.18529
28 99 143.87891
29 30 157.07757
29 31 120.71766
29 32 191.5512
29 33 128.55748
29 34 168.51384
29 35 106.36769
29 36 117.26062
29 37 151.56204
29 38 164.56727
29 39 128.2334
29 40 125.41778
29 41 190.87617
29 42 190.90133
29 43 135.8093
29 44 115.52281
29 45 139.78658
29 46 193.7475
29 47 147.88625
29 48 131.56908
29 49 172.55031
29 50 100.2578
29 51 105.93684
29 52 159.26471
29 53 132.55253
29 54 130.65059
29 55 198.59773
29 56 113.94919
29 57 151.20644
29 58 180.30935
29 59 128.55411
29 60 172.96558
29 61 149.20041
29 62 138.38121
29 63 163.22319
29 64 174.0148
29 65 101.30997
29 66 134.54609
29 67 162.10053
29 68 144.26357
29 69 167.96126
29 70 161.30373
29 71 186.08742
29 72 139.04412
29 73 164.34505
29 74 198.25043
29 75 147.70706
29 76 199.34206
29 77 151.91302
29 78 103.7851
29 79 157.17497
29 80 190.63134
29 81 160.80207
29 82 131.60476
29 83 184.51432
29 84 100.3043
29 85 109.41023
29 86 176.67575
29 87 150.24506
29 88 183.5311
29 89 102.26686
29 90 170.54097
29 91 187.94413
29 92 167.32697
29 93 171.24652
29 94 172.75336
29 95 199.7621
29 96 188.17991
29 97 167.48352
29 98 167.13748
29 99 187.91258
30 31 178.00943
30 32 136.82487
30 33 183.88713
30 34 178.00328
30 35 101.56844
30 36 138.27876
30 37 133.09333
30 38 110.99508
30 39 158.30746
30 40 145.39106
30 41 150.42916
30 42 114.76541
30 43 183.28916
30 44 149.04105
30 45 121.13
30 46 159.82245
30 47 122.23013
30 48 186.60689
30 49 175.47384
30 50 121.09575
30 51 195.26817
30 52 187.9783
30 53 126.54923
30 54 104.98065
30 55 186.69185
30 56 128.17316
30 57 120.63383
30 58 100.41341
30 59 167.58335
30 60 121.047
30 61 151.41316
30 62 135.88187
30 63 156.63229
30 64 173.20234
30 65 183.97616
30 66 191.55422
30 67 154.22551
30 68 113.67303
30 69 159.03371
30 70 172.16482
30 71 163.4487
30 72 164.12594
30 73 122.98313
30 74 186.4391
30 75 167.93135
30 76 141.32394
30 77 192.00255
30 78 104.96982
30 79 158.42443
30 80 143.25095
30 81 129.43478
30 82 146.84548
30 83 117.62496
30 84 117.06413
30 85 146.05331
30 86 193.69944
30 87 199.69911
30 88 113.1738
30 89 169.40522
30 90 111.55617
30 91 142.04737
30 92 185.65923
30 93 187.08854
30 94 110.36622
30 95 116.09412
30 96 179.80283
30 97 182.44958
30 98 153.0746
30 99 161.08358
31 32 129.82735
31 33 190.31056
31 34 142.29116
31 35 181.8635
31 36 198.83551
31 37 160.36658
31 38 156.09035
31 39 178.97875
31 40 184.5544
31 41 193.13684
31 42 110.12686
31 43 108.19583
31 44 115.44208
31 45 173.5272
31 46 198.75068
31 47 150.92438
31 48 108.41603
31 49 143.29417
31 50 165.59242
31 51 130.32016
31 52 175.34644
31 53 161.27921
31 54 140.72205
31 55 133.203
31 56 163.13938
31 57 177.75509
31 58 158.84058
31 59 144.50659
31 60 176.15084
31 61 192.4032
31 62 112.99589
31 63 186.07313
31 64 110.16801
31 65 106.913
31 66 119.57953
31 67 109.94039
31 68 139.13897
31 69 100.1118
31 70 103.77387
31 71 153.48327
31 72 115.51526
31 73 109.10485
31 74 109.8378
31 75 122.11999
31 76 185.97269
31 77 174.9697
31 78 187.53349
31 79 198.77122
31 80 108.28832
31 81 161.56365
31 82 107.56626
31 83 107.78716
31 84 196.90217
31 85 164.97386
31 86 109.3476
31 87 159.12074
31 88 157.51806
31 89 188.86256
31 90 126.80748
31 91 158.64904
31 92 161.79367
31 93 186.71297
31 94 182.0755
31 95 121.72802
31 96 189.15925
31 97 150.57259
31 98 188.14418
31 99 191.44193
32 33 198.70441
32 34 110.66765
32 35 116.56034
32 36 194.59922
32 37 189.2849
32 38 166.71483
32 39 197.97095
32 40 193.6668
32 41 196.98951
32 42 159.07959
32 43 137.55902
32 44 179.47295
32 45 173.08457
32 46 103.26567
32 47 160.38066
32 48 107.99138
32 49 124.73052
32 50 141.38378
32 51 199.93251
32 52 163.6775
32 53 197.62691
32 54 146.33987
32 55 168.16831
32 56 105.61781
32 57 163.17723
32 58 125.81872
32 59 126.73068
32 60 135.05892
32 61 127.74657
32 62 112.87995
32 63 190.23691
32 64 114.60859
32 65 114.05165
32 66 136.90708
32 67 165.24275
32 68 123.09319
32 69 146.70381
32 70 152.98945
32 71 145.15834
32 72 161.94834
32 73 174.52386
32 74 152.21793
32 75 166.50671
32 76 169.38531
32 77 165.04459
32 78 188.963
32 79 196.96542
32 80 166.26946
32 81 122.50367
32 82 197.66707
32 83 194.19038
32 84 102.89957
32 85 181.98026
32 86 181.96021
32 87 124.1453
32 88 129.59306
32 89 117.4739
32 90 136.3241
32 91 122.27925
32 92 161.66995
32 93 194.30198
32 94 121.26517
32 95 119.63324
32 96 140.70448
32 97 164.88972
32 98 138.93585
32 99 137.78986
33 34 145.18708
33 35 119.49619
33 36 176.46911
33 37 196.43621
33 38 184.27547
33 39 178.36972
33 40 164.93061
33 41 160.23457
33 42 130.64477
33 43 145.7028
33 44 119.87842
33 45 112.11695
33 46 121.03014
33 47 148.60904
33 48 124.4259
33 49 176.69756
33 50 104.40566
33 51 183.09474
33 52 194.20959
33 53 197.05923
33 54 147.29897
33 55 141.50357
33 56 153.37087
33 57 158.2734
33 58 150.81691
33 59 115.85948
33 60 168.42446
33 61 172.31449
33 62 198.39042
33 63 193.82536
33 64 124.716
33 65 166.19799
33 66 120.98027
33 67 104.5623
33 68 134.64675
33 69 101.08033
33 70 179.51927
33 71 115.88345
33 72 115.52326
33 73 145.20953
33 74 131.75194
33 75 142.68667
33 76 171.72142
33 77 169.03928
33 78 197.35903
33 79 167.42667
33 80 173.26973
33 81 113.44108
33 82 160.74933
33 83 167.67509
33 84 145.4729
33 85 137.34485
33 86 199.55847
33 87 185.8121
33 88 139.56713
33 89 171.08163
33 90 136.46217
33 91 188.32973
33 92 117.34182
33 93 197.33344
33 94 199.71602
33 95 126.319
33 96 150.74029
33 97 172.8075
33 98 192.91264
33 99 189.56323
34 35 147.83629
34 36 185.36898
34 37 124.35751
34 38 179.73739
34 39 165.8762
34 40 126.26348
34 41 124.1805
34 42 185.68692
34 43 104.67485
34 44 169.9935
34 45 129.65432
34 46 181.79386
34 47 159.82345
34 48 127.50409
34 49 133.96318
34 50 150.89939
34 51 143.92805
34 52 143.65578
34 53 114.80128
34 54 184.34429
34 55 138.04978
34 56 189.99416
34 57 135.91515
34 58 129.57588
34 59 139.66663
34 60 100.63461
34 61 173.88565
34 62 175.83352
34 63 133.90886
34 64 103.18933
34 65 122.31551
34 66 145.73859
34 67 153.14028
34 68 180.85503
34 69 186.51917
34 70 105.72125
34 71 121.13223
34 72 164.6787
34 73 105.38367
34 74 129.75751
34 75 164.80103
34 76 175.28758
34 77 145.44338
34 78 198.84011
34 79 169.66709
34 80 184.38454
34 81 197.58441
34 82 122.58113
34 83 128.36195
34 84 182.16901
34 85 156.4411
34 86 181.97681
34 87 108.17421
34 88 150.34121
34 89 197.68789
34 90 162.05115
34 91 146.87574
34 92 151.09337
34 93 159.86923
34 94 131.13027
34 95 195.41282
34 96 162.43571
34 97 198.03474
34 98 117.47921
34 99 100.65569
35 36 123.33919
35 37 111.92811
35 38 158.99681
35 39 127.3046
35 40 173.34613
35 41 144.34695
35 42 151.71358
35 43 146.74992
35 44 130.99778
35 45 183.78835
35 46 138.88807
35 47 190.76792
35 48 127.28603
35 49 155.11492
35 50 158.71505
35 51 156.06346
35 52 108.39305
35 53 196.06061
35 54 103.3596
35 55 100.93006
35 56 179.62907
35 57 160.29143
35 58 151.44532
35 59 152.51123
35 60 176.90866
35 61 147.78263
35 62 103.17386
35 63 141.21827
35 64 131.80313
35 65 143.61584
35 66 129.31723
35 67 184.32494
35 68 104.27014
35 69 129.3062
35 70 104.20265
35 71 116.88862
35 72 149.24699
35 73 158.97924
35 74 103.98
35 75 107.25171
35 76 171.0395
35 77 101.15007
35 78 157.91753
35 79 140.90298
35 80 122.92503
35 81 139.81764
35 82 115.81821
35 83 155.9964
35 84 120.2544
35 85 193.89066
35 86 187.21347
35 87 107.79768
35 88 120.752
35 89 155.27253
35 90 160.32363
35 91 178.18628
35 92 128.32821
35 93 197.61516
35 94 194.9185
35 95 163.10003
35 96 173.90336
35 97 169.13243
35 98 139.44833
35 99 128.8289
36 37 165.9568
36 38 137.14564
36 39 198.83853
36 40 165.26805
36 41 177.88328
36 42 169.53276
36 43 120.36884
36 44 166.67866
36 45 141.90831
36 46 169.9834
36 47 133.91034
36 48 189.89834
36 49 193.9775
36 50 126.34763
36 51 122.60258
36 52 110.06442
36 53 128.49183
36 54 120.38687
36 55 198.49546
36 56 193.87845
36 57 108.45407
36 58 171.83701
36 59 139.57274
36 60 190.5605
36 61 194.50853
36 62 151.16493
36 63 124.38793
36 64 174.9805
36 65 160.39721
36 66 169.37955
36 67 113.64689
36 68 108.02093
36 69 146.99083
36 70 130.41401
36 71 165.20317
36 72 186.7187
36 73 127.85791
36 74 142.4836
36 75 114.00074
36 76 134.91661
36 77 181.38396
36 78 199.09751
36 79 191.65877
36 80 144.5083
36 81 197.42613
36 82 165.17253
36 83 196.82402
36 84 143.81063
36 85 105.94044
36 86 182.6851
36 87 195.46234
36 88 115.97189
36 89 158.42475
36 90 167.27067
36 91 180.22191
36 92 142.23877
36 93 102.18546
36 94 100.74433
36 95 128.81082
36 96 102.84115
36 97 101.85814
36 98 144.71327
36 99 164.39692
37 38 100.65763
37 39 127.14635
37 40 108.20525
37 41 106.27334
37 42 117.6837
37 43 168.31604
37 44 140.18513
37 45 164.84413
37 46 148.48711
37 47 142.8466
37 48 148.51066
37 49 138.53512
37 50 110.92934
37 51 158.3629
37 52 168.40411
37 53 180.62057
37 54 105.93932
37 55 186.178
37 56 124.89348
37 57 190.59727
37 58 100.55095
37 59 130.02859
37 60 183.1298
37 61 146.98147
37 62 164.28245
37 63 123.75506
37 64 102.3733
37 65 159.79757
37 66 167.44197
37 67 171.16014
37 68 194.39908
37 69 174.78631
37 70 114.96124
37 71 171.37544
37 72 162.29011
37 73 176.05541
37 74 108.71447
37 75 109.89234
37 76 112.56446
37 77 168.89552
37 78 122.53908
37 79 141.70874
37 80 182.05789
37 81 167.80073
37 82 163.38853
37 83 157.85691
37 84 108.35165
37 85 136.27127
37 86 120.89916
37 87 127.86904
37 88 103.11445
37 89 154.31683
37 90 131.65046
37 91 195.20707
37 92 181.89907
37 93 176.70104
37 94 100.53542
37 95 132.60982
37 96 167.09618
37 97 195.4172
37 98 100.71432
37 99 139.23321
38 39 122.04767
38 40 113.91522
38 41 162.94381
38 42 146.39948
38 43 150.4057
38 44 169.72059
38 45 165.20102
38 46 197.88003
38 47 157.05428
38 48 116.97032
38 49 150.12329
38 50 122.68066
38 51 166.56545
38 52 108.36645
38 53 192.81111
38 54 177.9153
38 55 111.80111
38 56 146.79772
38 57 184.59744
38 58 159.8059
38 59 192.44079
38 60 164.85011
38 61 123.94719
38 62 146.02029
38 63 137.46475
38 64 186.07918
38 65 195.39831
38 66 108.69195
38 67 127.04648
38 68 131.29867
38 69 128.07216
38 70 144.00057
38 71 126.80795
38 72 112.47254
38 73 138.18687
38 74 136.82984
38 75 150.59426
38 76 130.14225
38 77 127.00625
38 78 116.4261
38 79 154.36633
38 80 129.89468
38 81 129.0635
38 82 105.57735
38 83 180.00242
38 84 100.43195
38 85 142.28875
38 86 113.30983
38 87 194.90508
38 88 120.32338
38 89 167.48924
38 90 109.90873
38 91 105.40426
38 92 170.20987
38 93 126.9705
38 94 175.85976
38 95 168.85717
38 96 189.61452
38 97 182.7644
38 98 162.21836
38 99 132.98142
39 40 183.28818
39 41 170.50612
39 42 174.80581
39 43 141.1176
39 44 162.57781
39 45 175.78594
39 46 197.77963
39 47 136.07912
39 48 106.61905
39 49 120.0588
39 50 149.74156
39 51 146.20962
39 52 145.06214
39 53 104.64253
39 54 185.2796
39 55 115.70542
39 56 151.79628
39 57 107.01531
39 58 101.48696
39 59 125.35241
39 60 166.97741
39 61 198.66618
39 62 171.2053
39 63 161.71042
39 64 136.81241
39 65 143.01958
39 66 165.37753
39 67 155.18816
39 68 126.32551
39 69 149.37992
39 70 108.39282
39 71 116.20944
39 72 174.19556
39 73 196.29943
39 74 138.7795
39 75 143.90964
39 76 176.40298
39 77 126.29959
39 78 134.82525
39 79 165.82261
39 80 152.08013
39 81 142.46148
39 82 187.3005
39 83 173.5136
39 84 112.9783
39 85 138.68984
39 86 190.23648
39 87 138.12779
39 88 136.80676
39 89 138.2007
39 90 106.6573
39 91 160.94088
39 92 135.41459
39 93 114.04334
39 94 154.3753
39 95 108.80654
39 96 148.10638
39 97 114.29395
39 98 122.062
39 99 154.42309
40 41 123.20795
40 42 125.84304
40 43 109.8948
40 44 170.03439
40 45 166.04513
40 46 101.89137
40 47 128.69954
40 48 191.53458
40 49 148.96068
40 50 170.46858
40 51 118.83593
40 52 100.58495
40 53 129.38827
40 54 138.77376
40 55 133.51804
40 56 193.476
40 57 186.35817
40 58 139.52271
40 59 184.99584
40 60 174.40424
40 61 136.99637
40 62 143.36948
40 63 196.89419
40 64 119.60184
40 65 192.2813
40 66 176.6047
40 67 182.30739
40 68 108.49664
40 69 110.67536
40 70 188.40533
40 71 114.33811
40 72 147.12037
40 73 125.75468
40 74 110.29764
40 75 168.82536
40 76 168.65924
40 77 124.94552
40 78 150.07439
40 79 198.5457
40 80 116.66267
40 81 106.05259
40 82 101.27357
40 83 119.20597
40 84 154.41599
40 85 197.05854
40 86 105.83362
40 87 100.05685
40 88 187.09123
40 89 130.65279
40 90 107.58975
40 91 123.1143
40 92 177.82293
40 93 196.37393
40 94 141.18304
40 95 169.85233
40 96 119.69397
40 97 135.37445
40 98 178.34642
40 99 199.40853
41 42 149.3016
41 43 154.26009
41 44 104.60578
41 45 184.71056
41 46 197.49639
41 47 154.25668
41 48 122.66307
41 49 198.37927
41 50 108.62255
41 51 169.36806
41 52 116.02588
41 53 120.94142
41 54 149.03619
41 55 197.07396
41 56 185.59413
41 57 105.67814
41 58 161.6638
41 59 114.73351
41 60 144.98299
41 61 137.51253
41 62 154.02035
41 63 147.84724
41 64 142.04404
41 65 106.70445
41 66 186.69517
41 67 107.0995
41 68 195.98855
41 69 172.27487
41 70 189.72455
41 71 106.8536
41 72 168.6262
41 73 121.36367
41 74 109.55619
41 75 152.37855
41 76 123.73042
41 77 170.72042
41 78 167.87937
41 79 126.82329
41 80 109.72844
41 81 132.73595
41 82 199.74092
41 83 131.75834
41 84 167.06435
41 85 106.2109
41 86 183.20509
41 87 158.50851
41 88 180.05954
41 89 135.8885
41 90 165.56977
41 91 136.17933
41 92 150.4067
41 93 122.97172
41 94 100.30431
41 95 161.84101
41 96 166.01978
41 97 185.6637
41 98 184.86462
41 99 117.28665
42 43 102.75156
42 44 198.12426
42 45 171.75868
42 46 139.33259
42 47 138.98501
42 48 108.13858
42 49 154.65377
42 50 170.31328
42 51 107.21319
42 52 189.59305
42 53 194.37461
42 54 102.83055
42 55 164.90129
42 56 132.31048
42 57 185.8948
42 58 107.18631
42 59 119.07231
42 60 110.53704
42 61 131.55532
42 62 182.13114
42 63 123.55701
42 64 114.13444
42 65 198.48078
42 66 107.96482
42 67 184.07348
42 68 146.25604
42 69 126.63825
42 70 119.7553
42 71 101.62985
42 72 119.55423
42 73 185.29145
42 74 181.62022
42 75 102.98231
42 76 169.50176
42 77 182.58592
42 78 139.54026
42 79 125.80504
42 80 185.17339
42 81 113.75172
42 82 109.59151
42 83 130.48892
42 84 161.14746
42 85 102.2082
42 86 147.80476
42 87 111.9919
42 88 122.38014
42 89 190.68837
42 90 166.42782
42 91 146.96339
42 92 145.51039
42 93 162.62858
42 94 161.0545
42 95 121.48536
42 96 128.53133
42 97 104.77558
42 98 129.08893
42 99 116.95939
43 44 196.54071
43 45 138.74272
43 46 113.15334
43 47 196.18601
43 48 164.92806
43 49 180.95522
43 50 158.6632
43 51 135.22721
43 52 137.87772
43 53 123.72208
43 54 170.93164
43 55 129.45897
43 56 137.51117
43 57 178.10027
43 58 156.34076
43 59 191.74357
43 60 181.41715
43 61 111.54026
43 62 185.24337
43 63 171.56866
43 64 189.89874
43 65 127.95898
43 66 185.87237
43 67 145.16563
43 68 173.13263
43 69 126.1921
43 70 178.67284
43 71 158.88229
43 72 162.92077
43 73 139.61357
43 74 109.5858
43 75 107.69695
43 76 128.76954
43 77 103.89162
43 78 196.82248
43 79 195.78286
43 80 156.82275
43 81 127.64569
43 82 173.78813
43 83 195.99306
43 84 160.00547
43 85 153.59724
43 86 163.97639
43 87 155.40058
43 88 173.78443
43 89 133.45041
43 90 166.62718
43 91 112.5777
43 92 148.65929
43 93 105.35807
43 94 195.28332
43 95 161.9344
43 96 151.30038
43 97 173.52982
43 98 186.53889
43 99 164.78716
44 45 188.14633
44 46 169.61741
44 47 180.45033
44 48 154.57801
44 49 163.02168
44 50 187.00226
44 51 150.42332
44 52 167.61238
44 53 107.21647
44 54 198.65368
44 55 178.18015
44 56 125.23914
44 57 171.11437
44 58 197.25479
44 59 158.2537
44 60 189.96601
44 61 124.02417
44 62 130.4344
44 63 180.29992
44 64 104.35025
44 65 133.44526
44 66 136.75455
44 67 130.44724
44 68 171.28327
44 69 179.54301
44 70 127.80652
44 71 107.6452
44 72 116.40467
44 73 154.51582
44 74 192.65432
44 75 127.70807
44 76 188.99152
44 77 177.32334
44 78 142.21537
44 79 103.5479
44 80 125.01374
44 81 159.7994
44 82 164.84519
44 83 167.01014
44 84 137.98327
44 85 124.47422
44 86 153.8401
44 87 183.27422
44 88 129.68012
44 89 120.28815
44 90 124.55524
44 91 145.07176
44 92 129.4932
44 93 121.55623
44 94 161.95465
44 95 127.48365
44 96 185.61961
44 97 131.04155
44 98 186.19005
44 99 166.94764
45 46 159.22041
45 47 183.03062
45 48 135.86154
45 49 125.00595
45 50 117.70674
45 51 129.70112
45 52 164.80714
45 53 161.27893
45 54 142.03489
45 55 177.65469
45 56 197.39223
45 57 158.39387
45 58 159.21633
45 59 112.88775
45 60 140.73879
45 61 185.49368
45 62 142.09481
45 63 101.58749
45 64 166.5536
45 65 194.94777
45 66 141.60052
45 67 126.20895
45 68 188.151
45 69 180.12464
45 70 106.61305
45 71 185.75713
45 72 145.16436
45 73 159.30586
45 74 151.92016
45 75 154.36657
45 76 187.65249
45 77 145.59893
45 78 122.31055
45 79 191.16871
45 80 169.36802
45 81 111.2036
45 82 196.79243
45 83 121.62079
45 84 127.44112
45 85 151.53568
45 86 124.93681
45 87 127.30118
45 88 122.44288
45 89 100.77518
45 90 170.30217
45 91 152.04713
45 92 161.36255
45 93 196.91046
45 94 112.19456
45 95 146.5699
45 96 147.89072
45 97 132.28002
45 98 170.20798
45 99 110.2117
46 47 139.12754
46 48 131.23882
46 49 147.90441
46 50 135.4397
46 51 186.30349
46 52 136.11044
46 53 139.27124
46 54 168.79771
46 55 195.48415
46 56 197.42293
46 57 156.08773
46 58 109.63956
46 59 146.4431
46 60 104.21281
46 61 134.32624
46 62 141.91211
46 63 111.14488
46 64 123.06941
46 65 182.29764
46 66 103.75751
46 67 123.59226
46 68 132.64402
46 69 153.0649
46 70 107.35947
46 71 112.57069
46 72 103.33686
46 73 172.56471
46 74 152.60357
46 75 126.72915
46 76 129.00554
46 77 194.50602
46 78 134.80782
46 79 120.61492
46 80 196.98181
46 81 121.98732
46 82 150.34016
46 83 189.71831
46 84 106.19353
46 85 147.13337
46 86 104.81199
46 87 177.70391
46 88 159.01638
46 89 197.12728
46 90 172.98714
46 91 191.7399
46 92 117.22049
46 93 102.8957
46 94 145.1122
46 95 158.52952
46 96 100.61292
46 97 196.5919
46 98 186.24616
46 99 141.2089
47 48 131.31695
47 49 128.17175
47 50 150.30169
47 51 172.78986
47 52 193.55523
47 53 182.01363
47 54 155.03015
47 55 139.00173
47 56 113.10674
47 57 117.19984
47 58 164.12555
47 59 131.06851
47 60 152.69994
47 61 125.13751
47 62 141.80988
47 63 178.43926
47 64 110.35874
47 65 163.52748
47 66 144.7381
47 67 191.20063
47 68 126.60754
47 69 132.49343
47 70 116.57429
47 71 154.68029
47 72 172.00759
47 73 141.1454
47 74 173.27165
47 75 107.16733
47 76 168.8
47 77 173.78886
47 78 137.39922
47 79 171.56023
47 80 132.08254
47 81 162.3455
47 82 136.16713
47 83 167.47367
47 84 154.28202
47 85 104.16439
47 86 192.83898
47 87 132.05777
47 88 128.26793
47 89 148.39239
47 90 170.85865
47 91 108.6798
47 92 114.78888
47 93 132.5185
47 94 108.52658
47 95 177.2184
47 96 169.36749
47 97 189.47646
47 98 160.88366
47 99 133.99085
48 49 107.50142
48 50 139.94334
48 51 181.34738
48 52 172.13291
48 53 182.96494
48 54 189.69275
48 55 141.23513
48 56 105.77495
48 57 106.47286
48 58 162.88352
48 59 132.64909
48 60 118.97389
48 61 105.81139
48 62 114.89924
48 63 123.36581
48 64 172.62274
48 65 112.2034
48 66 172.1718
48 67 115.7495
48 68 185.64352
48 69 199.36775
48 70 179.71363
48 71 199.07755
48 72 176.01032
48 73 195.04003
48 74 115.97366
48 75 118.67604
48 76 169.65875
48 77 177.07138
48 78 150.36191
48 79 106.06069
48 80 129.77116
48 81 187.72895
48 82 131.11839
48 83 123.15922
48 84 130.00253
48 85 128.94799
48 86 194.50308
48 87 158.21248
48 88 161.55894
48 89 141.17126
48 90 174.92553
48 91 151.22667
48 92 186.65354
48 93 175.9879
48 94 196.71305
48 95 140.86314
48 96 171.83245
48 97 131.09902
48 98 176.98073
48 99 125.84536
49 50 100.1729
49 51 139.42886
49 52 108.92295
49 53 199.28699
49 54 130.7194
49 55 187.99717
49 56 173.23305
49 57 147.17756
49 58 142.7814
49 59 111.55824
49 60 144.71826
49 61 104.37782
49 62 176.91589
49 63 139.95556
49 64 190.08591
49 65 166.02865
49 66 118.92026
49 67 174.38479
49 68 106.16819
49 69 176.3738
49 70 171.69127
49 71 112.36674
49 72 140.98069
49 73 190.95949
49 74 191.17745
49 75 102.73554
49 76 178.40118
49 77 136.96652
49 78 166.04241
49 79 148.95549
49 80 153.30332
49 81 108.42651
49 82 144.64484
49 83 193.09495
49 84 129.70909
49 85 143.45853
49 86 188.11761
49 87 106.80049
49 88 178.94054
49 89 167.66476
49 90 156.00344
49 91 107.90365
49 92 111.25382
49 93 161.25385
49 94 133.96125
49 95 146.91644
49 96 151.86338
49 97 198.21984
49 98 114.3837
49 99 118.50116
50 51 124.08773
50 52 104.11147
50 53 195.7875
50 54 171.17757
50 55 160.28551
50 56 167.17961
50 57 152.62298
50 58 144.09161
50 59 171.99987
50 60 102.40879
50 61 196.83054
50 62 152.63549
50 63 193.50901
50 64 194.12276
50 65 159.47572
50 66 115.43326
50 67 138.60902
50 68 124.46072
50 69 124.88616
50 70 144.78708
50 71 177.01381
50 72 153.28842
50 73 190.17675
50 74 170.21155
50 75 159.86918
50 76 187.83058
50 77 107.09372
50 78 174.28335
50 79 136.11457
50 80 198.95173
50 81 100.50049
50 82 112.09139
50 83 169.43121
50 84 168.51449
50 85 108.2297
50 86 198.32582
50 87 170.20214
50 88 159.83222
50 89 167.91408
50 90 157.41181
50 91 155.77964
50 92 162.3133
50 93 186.68478
50 94 158.30168
50 95 101.27747
50 96 194.30235
50 97 115.61801
50 98 190.76686
50 99 196.06794
51 52 196.57263
51 53 133.51155
51 54 197.23096
51 55 121.43109
51 56 150.53276
51 57 148.73885
51 58 198.92703
51 59 115.06923
51 60 153.67082
51 61 174.30154
51 62 122.6379
51 63 188.87976
51 64 149.5153
51 65 127.29613
51 66 104.19208
51 67 118.07739
51 68 122.07771
51 69 106.54944
51 70 101.95311
51 71 187.52931
51 72 153.88057
51 73 183.92806
51 74 116.89464
51 75 135.84471
51 76 138.00921
51 77 154.1596
51 78 129.05474
51 79 185.1133
51 80 174.98957
51 81 191.58579
51 82 101.51182
51 83 154.45243
51 84 189.50919
51 85 146.97559
51 86 152.18326
51 87 162.90692
51 88 175.5889
51 89 125.17911
51 90 170.66685
51 91 165.9164
51 92 111.97745
51 93 126.64611
51 94 109.4918
51 95 141.34563
51 96 152.42219
51 97 192.09611
51 98 126.09955
51 99 153.7628
52 53 147.90121
52 54 185.00269
52 55 111.33981
52 56 199.46539
52 57 114.76425
52 58 136.38906
52 59 157.51907
52 60 166.39158
52 61 154.00838
52 62 155.44463
52 63 106.5378
52 64 160.35682
52 65 180.32709
52 66 181.13894
52 67 144.45847
52 68 122.77875
52 69 115.25323
52 70 108.19464
52 71 103.91238
52 72 164.88054
52 73 147.50083
52 74 127.04961
52 75 105.87877
52 76 160.18559
52 77 133.02574
52 78 154.3235
52 79 171.77979
52 80 124.10204
52 81 109.15207
52 82 197.56079
52 83 120.91488
52 84 117.55595
52 85 141.96241
52 86 103.62767
52 87 146.74357
52 88 159.14529
52 89 161.46724
52 90 187.84083
52 91 111.48897
52 92 181.4545
52 93 144.20128
52 94 148.40731
52 95 153.255
52 96 195.38122
52 97 164.51774
52 98 195.17676
52 99 162.80525
53 54 150.66646
53 55 112.9446
53 56 119.92236
53 57 149.68036
53 58 130.27271
53 59 118.45623
53 60 137.20822
53 61 135.4118
53 62 169.53122
53 63 105.91864
53 64 197.82332
53 65 157.59489
53 66 120.66496
53 67 195.12767
53 68 110.9199
53 69 188.44526
53 70 161.96731
53 71 166.66215
53 72 150.50059
53 73 116.56253
53 74 164.78378
53 75 175.14291
53 76 106.02388
53 77 176.09768
53 78 173.54624
53 79 104.97972
53 80 135.53221
53 81 169.97781
53 82 173.09598
53 83 185.40613
53 84 185.57289
53 85 146.37805
53 86 120.26888
53 87 120.01965
53 88 112.02549
53 89 188.00713
53 90 197.90135
53 91 137.52441
53 92 161.06427
53 93 132.83089
53 94 134.77654
53 95 198.02612
53 96 163.25436
53 97 171.67253
53 98 195.40613
53 99 181.93911
54 55 167.76867
54 56 154.48762
54 57 104.45948
54 58 172.78649
54 59 144.40198
54 60 100.95358
54 61 137.42109
54 62 118.70883
54 63 195.80126
54 64 105.4608
54 65 131.35358
54 66 176.69241
54 67 158.62053
54 68 197.14746
54 69 178.09702
54 70 137.54107
54 71 127.35665
54 72 158.09045
54 73 161.13579
54 74 115.8004
54 75 108.7489
54 76 117.35877
54 77 178.67149
54 78 159.83243
54 79 175.49725
54 80 147.23778
54 81 107.95628
54 82 178.63764
54 83 157.46038
54 84 190.08506
54 85 142.52699
54 86 124.33041
54 87 172.33868
54 88 178.60706
54 89 126.75627
54 90 148.44268
54 91 133.31418
54 92 151.36646
54 93 153.40796
54 94 119.27198
54 95 163.93127
54 96 194.20245
54 97 100.39885
54 98 139.02759
54 99 131.11317
55 56 117.91562
55 57 192.95699
55 58 165.75253
55 59 184.18272
55 60 112.02157
55 61 111.51909
55 62 153.98552
55 63 137.07775
55 64 159.08477
55 65 126.69473
55 66 182.8493
55 67 131.95039
55 68 159.26622
55 69 147.81599
55 70 103.58007
55 71 169.86457
55 72 185.54104
55 73 103.17065
55 74 169.02438
55 75 111.01262
55 76 191.17428
55 77 133.81906
55 78 103.70164
55 79 193.86588
55 80 120.30747
55 81 110.78179
55 82 114.21946
55 83 103.12964
55 84 102.28817
55 85 173.95805
55 86 186.99587
55 87 126.59548
55 88 176.38
55 89 102.58741
55 90 124.08611
55 91 185.29969
55 92 198.25822
55 93 124.82078
55 94 100.67812
55 95 176.37847
55 96 171.81957
55 97 101.0322
55 98 147.19351
55 99 183.28936
56 57 129.88362
56 58 116.92346
56 59 128.04628
56 60 193.7067
56 61 149.72547
56 62 188.31436
56 63 191.24605
56 64 179.63894
56 65 193.92622
56 66 167.05726
56 67 130.49923
56 68 168.07721
56 69 110.92857
56 70 149.42722
56 71 148.22005
56 72 176.52081
56 73 152.63443
56 74 181.66269
56 75 194.60618
56 76 182.58217
56 77 154.28766
56 78 181.1558
56 79 138.65273
56 80 120.9148
56 81 156.28791
56 82 130.46231
56 83 195.59713
56 84 146.57942
56 85 195.57626
56 86 135.69711
56 87 152.41281
56 88 129.26193
56 89 117.23067
56 90 104.34938
56 91 118.13595
56 92 127.24648
56 93 113.40844
56 94 178.1916
56 95 117.40796
56 96 185.02607
56 97 142.31856
56 98 149.34195
56 99 102.60895
57 58 114.58715
57 59 105.12253
57 60 155.83572
57 61 126.87486
57 62 130.81878
57 63 120.63283
57 64 120.32181
57 65 148.69232
57 66 124.91288
57 67 104.49461
57 68 167.1626
57 69 172.00571
57 70 127.03481
57 71 182.51995
57 72 199.51196
57 73 167.24402
57 74 120.63357
57 75 167.88468
57 76 110.98008
57 77 142.668
57 78 112.96854
57 79 148.24708
57 80 180.074
57 81 102.8916
57 82 188.48264
57 83 173.9431
57 84 137.86925
57 85 189.35833
57 86 111.55904
57 87 137.56142
57 88 150.08369
57 89 163.38438
57 90 146.3284
57 91 140.81729
57 92 165.57705
57 93 191.61099
57 94 143.76633
57 95 143.24018
57 96 156.50356
57 97 198.39237
57 98 174.99371
57 99 137.74431
58 59 100.0714
58 60 127.92434
58 61 194.49508
58 62 105.47815
58 63 125.14856
58 64 146.62358
58 65 106.36331
58 66 102.65056
58 67 143.69125
58 68 109.38133
58 69 145.68572
58 70 178.5059
58 71 102.22659
58 72 118.0633
58 73 169.77137
58 74 133.79792
58 75 144.12122
58 76 172.01997
58 77 163.57584
58 78 150.08256
58 79 153.03665
58 80 128.00502
58 81 162.79368
58 82 156.58958
58 83 148.30885
58 84 132.17241
58 85 114.28724
58 86 174.77633
58 87 148.3027
58 88 160.19748
58 89 144.27047
58 90 172.46032
58 91 186.6264
58 92 154.06965
58 93 117.36955
58 94 145.5738
58 95 134.24062
58 96 114.50706
58 97 129.31337
58 98 144.02891
58 99 183.7913
59 60 115.94862
59 61 140.86757
59 62 174.25381
59 63 100.58424
59 64 103.26477
59 65 165.07666
59 66 184.30289
59 67 195.59513
59 68 110.50404
59 69 121.52701
59 70 137.39887
59 71 180.40368
59 72 174.53505
59 73 155.54417
59 74 177.2611
59 75 181.3612
59 76 113.00735
59 77 145.0546
59 78 107.1857
59 79 134.24271
59 80 140.77594
59 81 154.60582
59 82 133.17276
59 83 140.37214
59 84 190.85883
59 85 109.13594
59 86 165.49633
59 87 155.45841
59 88 119.74263
59 89 168.21215
59 90 181.33364
59 91 117.56904
59 92 134.86466
59 93 147.01747
59 94 135.90992
59 95 140.17508
59 96 181.07105
59 97 112.4614
59 98 116.35652
59 99 123.83733
60 61 172.2186
60 62 190.31784
60 63 199.91167
60 64 111.18244
60 65 160.81568
60 66 185.56785
60 67 176.57917
60 68 161.05535
60 69 127.14717
60 70 193.99177
60 71 101.36644
60 72 173.35453
60 73 142.95781
60 74 113.97226
60 75 130.14179
60 76 120.45575
60 77 139.52174
60 78 116.27017
60 79 120.72001
60 80 159.57396
60 81 161.51354
60 82 129.46169
60 83 196.72166
60 84 163.49397
60 85 163.05085
60 86 145.67419
60 87 186.20016
60 88 135.65879
60 89 194.13352
60 90 146.25589
60 91 187.88151
60 92 140.22
60 93 110.08575
60 94 155.78395
60 95 189.30565
60 96 114.90042
60 97 119.79477
60 98 100.28425
60 99 166.2332
61 62 120.20392
61 63 117.57719
61 64 129.30576
61 65 102.04961
61 66 191.86684
61 67 143.16028
61 68 142.82629
61 69 178.59692
61 70 149.5742
61 71 121.62833
61 72 185.99477
61 73 110.43156
61 74 187.19048
61 75 176.27642
61 76 105.9553
61 77 193.11175
61 78 126.70479
61 79 157.76292
61 80 114.53704
61 81 155.98938
61 82 168.49231
61 83 123.18196
61 84 119.27659
61 85 181.93628
61 86 172.71257
61 87 191.22369
61 88 116.46875
61 89 126.13112
61 90 170.99098
61 91 164.24283
61 92 167.16606
61 93 176.64059
61 94 172.2652
61 95 178.22781
61 96 149.31995
61 97 189.66971
61 98 192.99491
61 99 184.65794
62 63 172.66114
62 64 166.70406
62 65 154.05914
62 66 182.8027
62 67 176.13797
62 68 122.79725
62 69 192.96415
62 70 127.01622
62 71 182.69778
62 72 130.87973
62 73 193.27955
62 74 145.03808
62 75 191.59161
62 76 132.39652
62 77 159.52384
62 78 194.59674
62 79 116.54608
62 80 119.79448
62 81 171.84987
62 82 125.54856
62 83 107.68188
62 84 184.47595
62 85 125.41847
62 86 159.97491
62 87 136.09806
62 88 102.575
62 89 172.31767
62 90 108.93814
62 91 185.0029
62 92 156.31632
62 93 156.79316
62 94 156.12014
62 95 107.18066
62 96 119.28863
62 97 102.98205
62 98 140.21185
62 99 177.6366
63 64 143.64421
63 65 107.38157
63 66 118.37848
63 67 199.61226
63 68 157.39628
63 69 138.21461
63 70 131.92667
63 71 128.2758
63 72 156.34147
63 73 141.57212
63 74 122.20768
63 75 185.45854
63 76 182.29565
63 77 111.91145
63 78 181.51053
63 79 196.14493
63 80 169.42588
63 81 115.41571
63 82 189.36341
63 83 116.91117
63 84 120.31631
63 85 135.07651
63 86 137.14832
63 87 154.33771
63 88 179.84418
63 89 176.50374
63 90 191.92344
63 91 184.87333
63 92 185.12469
63 93 124.00464
63 94 129.49712
63 95 188.95433
63 96 117.70218
63 97 100.91966
63 98 165.07833
63 99 190.7259
64 65 196.7086
64 66 185.43325
64 67 125.87015
64 68 110.72385
64 69 141.58196
64 70 156.01734
64 71 129.57825
64 72 189.38204
64 73 116.8527
64 74 129.63011
64 75 106.89335
64 76 165.2116
64 77 115.9222
64 78 127.13362
64 79 157.40576
64 80 129.90699
64 81 186.94133
64 82 100.80217
64 83 128.44789
64 84 181.29079
64 85 124.37576
64 86 131.98056
64 87 163.1143
64 88 119.20973
64 89 117.14088
64 90 129.29832
64 91 116.63464
64 92 148.94611
64 93 198.71052
64 94 165.87792
64 95 100.3373
64 96 140.17878
64 97 197.55128
64 98 120.24645
64 99 151.99214
65 66 131.89722
65 67 123.74343
65 68 120.36999
65 69 175.12307
65 70 132.9777
65 71 190.52899
65 72 110.99676
65 73 168.36415
65 74 159.79494
65 75 140.05609
65 76 183.60517
65 77 184.94014
65 78 145.99502
65 79 143.11425
65 80 105.7167
65 81 128.96544
65 82 111.44187
65 83 175.58945
65 84 139.39595
65 85 181.56776
65 86 105.3329
65 87 132.42842
65 88 195.87305
65 89 140.31846
65 90 182.62082
65 91 163.83092
65 92 151.00369
65 93 168.91327
65 94 155.81947
65 95 130.68459
65 96 196.36041
65 97 103.57932
65 98 143.17737
65 99 131.61452
66 67 118.26975
66 68 158.70188
66 69 130.43792
66 70 115.46499
66 71 191.92749
66 72 174.94131
66 73 101.59579
66 74 169.38741
66 75 112.48726
66 76 104.6564
66 77 111.61595
66 78 117.51687
66 79 159.54963
66 80 119.50535
66 81 104.6992
66 82 133.60897
66 83 128.47177
66 84 102.02039
66 85 154.5698
66 86 188.04911
66 87 140.92909
66 88 114.94816
66 89 182.84121
66 90 186.47157
66 91 113.47203
66 92 182.61714
66 93 115.35292
66 94 156.70272
66 95 173.38301
66 96 103.34285
66 97 171.99797
66 98 125.78442
66 99 145.89519
67 68 126.32039
67 69 162.06648
67 70 178.32534
67 71 110.37739
67 72 160.32146
67 73 196.22331
67 74 106.71943
67 75 123.5893
67 76 173.7715
67 77 133.05096
67 78 145.7478
67 79 164.08685
67 80 188.32468
67 81 193.30873
67 82 194.62901
67 83 191.63806
67 84 154.40614
67 85 106.86156
67 86 193.43923
67 87 114.90718
67 88 153.16752
67 89 134.80804
67 90 192.58863
67 91 179.39034
67 92 167.44286
67 93 150.53747
67 94 130.9745
67 95 121.2662
67 96 178.26053
67 97 105.69215
67 98 100.98657
67 99 174.82899
68 69 114.96953
68 70 142.75692
68 71 191.4983
68 72 190.2361
68 73 126.8011
68 74 169.57525
68 75 121.68695
68 76 135.47816
68 77 163.5225
68 78 131.78723
68 79 170.82327
68 80 140.15559
68 81 172.24906
68 82 105.03638
68 83 166.09531
68 84 166.81828
68 85 112.02168
68 86 103.27414
68 87 150.8736
68 88 105.84368
68 89 185.675
68 90 194.99412
68 91 138.43851
68 92 188.19789
68 93 181.35271
68 94 118.21333
68 95 118.90315
68 96 146.16105
68 97 168.35251
68 98 114.88078
68 99 132.0573
69 70 159.73237
69 71 183.54171
69 72 199.29441
69 73 135.23975
69 74 191.02744
69 75 172.91075
69 76 168.37721
69 77 124.01282
69 78 114.14428
69 79 191.50895
69 80 140.44261
69 81 136.78785
69 82 156.31214
69 83 148.94726
69 84 117.65101
69 85 122.50726
69 86 142.52511
69 87 158.91304
69 88 137.33458
69 89 184.12793
69 90 187.00001
69 91 130.36837
69 92 106.58414
69 93 113.53453
69 94 130.83934
69 95 100.02558
69 96 115.45442
69 97 145.36119
69 98 116.16537
69 99 195.50406
70 71 104.37906
70 72 167.36406
70 73 100.32732
70 74 146.37993
70 75 153.80568
70 76 114.60173
70 77 160.27876
70 78 184.78333
70 79 186.38658
70 80 138.52285
70 81 125.87821
70 82 186.27474
70 83 114.37047
70 84 197.16051
70 85 161.73083
70 86 153.81673
70 87 164.81288
70 88 112.63387
70 89 155.73272
70 90 132.64961
70 91 124.99091
70 92 149.69065
70 93 141.44232
70 94 163.37998
70 95 185.94071
70 96 108.01857
70 97 183.30085
70 98 159.03898
70 99 196.24957
71 72 135.56438
71 73 101.18028
71 74 131.25658
71 75 177.92487
71 76 120.21645
71 77 132.94296
71 78 184.60426
71 79 100.46855
71 80 169.9023
71 81 194.87035
71 82 103.10176
71 83 122.41675
71 84 185.83144
71 85 143.07836
71 86 180.32865
71 87 138.4023
71 88 109.64178
71 89 119.18663
71 90 183.72654
71 91 125.67686
71 92 116.48773
71 93 180.80152
71 94 147.09398
71 95 164.2113
71 96 185.83023
71 97 139.06284
71 98 168.97286
71 99 123.79198
72 73 121.93082
72 74 166.07597
72 75 146.86499
72 76 103.60098
72 77 157.06185
72 78 136.45635
72 79 174.79144
72 80 134.01091
72 81 142.93507
72 82 171.2556
72 83 156.00179
72 84 150.40947
72 85 193.52881
72 86 155.51695
72 87 160.53058
72 88 185.77742
72 89 147.82001
72 90 106.11785
72 91 195.12859
72 92 101.46987
72 93 187.43036
72 94 150.45975
72 95 186.14464
72 96 180.07444
72 97 145.17953
72 98 128.72066
72 99 149.58743
73 74 191.79582
73 75 150.28437
73 76 194.43593
73 77 194.36929
73 78 104.84231
73 79 105.11071
73 80 190.26163
73 81 167.05793
73 82 142.79198
73 83 198.58919
73 84 101.84996
73 85 116.80601
73 86 172.81898
73 87 103.10171
73 88 169.81997
73 89 146.97429
73 90 124.30457
73 91 124.85409
73 92 169.17999
73 93 108.24628
73 94 154.8683
73 95 176.49482
73 96 132.82572
73 97 140.98896
73 98 127.4189
73 99 181.04032
74 75 191.69167
74 76 124.9338
74 77 140.09928
74 78 147.91242
74 79 146.59313
74 80 110.34677
74 81 162.54619
74 82 147.26086
74 83 155.48734
74 84 137.7567
74 85 111.14309
74 86 199.78459
74 87 146.91209
74 88 172.97992
74 89 126.12973
74 90 180.74549
74 91 142.0189
74 92 105.69095
74 93 100.839
74 94 170.51323
74 95 136.16798
74 96 145.22041
74 97 196.20296
74 98 196.41325
74 99 132.46007
75 76 114.71126
75 77 164.33241
75 78 142.57708
75 79 159.49774
75 80 138.15881
75 81 134.9553
75 82 148.29892
75 83 129.34501
75 84 117.49315
75 85 180.12105
75 86 137.51461
75 87 142.07901
75 88 172.92875
75 89 116.26116
75 90 194.20597
75 91 168.0932
75 92 159.38952
75 93 101.10751
75 94 113.22889
75 95 160.6356
75 96 131.06444
75 97 160.94127
75 98 186.85543
75 99 171.92869
76 77 193.60298
76 78 129.87835
76 79 153.26367
76 80 159.17014
76 81 187.12523
76 82 127.64201
76 83 100.60651
76 84 144.40015
76 85 108.76096
76 86 171.94987
76 87 179.51008
76 88 188.92745
76 89 174.00869
76 90 158.72812
76 91 142.11518
76 92 103.15553
76 93 176.21179
76 94 126.394
76 95 143.64105
76 96 162.2978
76 97 192.45828
76 98 146.94536
76 99 116.40567
77 78 152.95158
77 79 198.58411
77 80 118.77046
77 81 138.47904
77 82 178.10459
77 83 191.9101
77 84 129.89549
77 85 116.65887
77 86 157.50404
77 87 141.04407
77 88 131.38157
77 89 146.91247
77 90 174.90925
77 91 164.26601
77 92 112.84196
77 93 193.46893
77 94 116.1374
77 95 111.18606
77 96 155.25989
77 97 126.00599
77 98 143.79952
77 99 195.25786
78 79 115.19397
78 80 178.59834
78 81 126.51006
78 82 138.57241
78 83 194.0705
78 84 152.64842
78 85 157.63564
78 86 188.47757
78 87 130.64635
78 88 156.53251
78 89 158.74678
78 90 172.62218
78 91 113.71491
78 92 195.37407
78 93 164.3285
78 94 109.95934
78 95 156.30337
78 96 155.5783
78 97 106.43145
78 98 111.76705
78 99 129.27997
79 80 135.08609
79 81 187.2591
79 82 154.30704
79 83 141.61872
79 84 137.41015
79 85 141.61731
79 86 164.2526
79 87 119.41941
79 88 110.0412
79 89 191.73593
79 90 131.72049
79 91 185.6691
79 92 161.28498
79 93 107.76019
79 94 174.238
79 95 112.72167
79 96 196.82483
79 97 199.37687
79 98 171.2782
79 99 110.06281
80 81 127.40327
80 82 114.47755
80 83 157.17322
80 84 177.84746
80 85 143.29068
80 86 118.92483
80 87 197.37335
80 88 185.44775
80 89 147.39696
80 90 143.66709
80 91 140.52672
80 92 139.98676
80 93 183.8503
80 94 108.93515
80 95 101.46101
80 96 116.10431
80 97 130.74575
80 98 122.56243
80 99 143.41131
81 82 119.39488
81 83 146.89451
81 84 121.74403
81 85 104.52176
81 86 192.52288
81 87 192.90501
81 88 127.29018
81 89 142.48893
81 90 156.58458
81 91 151.32831
81 92 121.81445
81 93 196.77329
81 94 169.37112
81 95 183.38139
81 96 116.24007
81 97 125.28544
81 98 125.33229
81 99 107.58455
82 83 136.53673
82 84 142.6433
82 85 146.71347
82 86 130.82036
82 87 154.75517
82 88 108.10312
82 89 148.05619
82 90 116.62313
82 91 191.60646
82 92 163.59586
82 93 138.55379
82 94 151.20874
82 95 131.83493
82 96 131.68082
82 97 188.93636
82 98 136.21628
82 99 176.33165
83 84 117.55861
83 85 199.35466
83 86 104.96008
83 87 101.10787
83 88 137.1824
83 89 131.75683
83 90 132.86781
83 91 155.20729
83 92 163.91538
83 93 165.57304
83 94 159.54937
83 95 123.22616
83 96 148.58149
83 97 113.97393
83 98 175.41963
83 99 108.26079
84 85 165.18148
84 86 166.5575
84 87 129.61475
84 88 107.38812
84 89 178.9183
84 90 135.01718
84 91 179.13045
84 92 136.36823
84 93 146.25811
84 94 121.65597
84 95 106.03365
84 96 124.5481
84 97 108.45642
84 98 187.7434
84 99 174.17426
85 86 152.63261
85 87 188.14435
85 88 197.26275
85 89 125.16741
85 90 132.26719
85 91 171.60174
85 92 113.54628
85 93 187.74003
85 94 145.33916
85 95 165.55451
85 96 157.44651
85 97 145.24976
85 98 196.22299
85 99 161.41493
86 87 166.0431
86 88 148.62697
86 89 122.42466
86 90 137.99066
86 91 104.91971
86 92 156.33741
86 93 132.68188
86 94 138.13016
86 95 129.84749
86 96 184.37105
86 97 151.87516
86 98 161.98152
86 99 153.23151
87 88 111.65632
87 89 143.6932
87 90 113.48891
87 91 136.51355
87 92 109.09789
87 93 135.14439
87 94 160.21012
87 95 135.96575
87 96 192.49191
87 97 115.02692
87 98 172.72554
87 99 187.53182
88 89 125.40113
88 90 162.18582
88 91 173.34443
88 92 128.82901
88 93 129.74172
88 94 137.24143
88 95 194.9536
88 96 148.51246
88 97 167.96459
88 98 150.28205
88 99 191.0391
89 90 135.76093
89 91 178.18129
89 92 133.04078
89 93 142.58868
89 94 143.86173
89 95 102.28953
89 96 141.1094
89 97 167.46035
89 98 105.00357
89 99 157.4145
90 91 167.62301
90 92 139.37694
90 93 141.1332
90 94 107.08909
90 95 175.08355
90 96 105.3873
90 97 132.60995
90 98 191.91382
90 99 170.51675
91 92 199.43414
91 93 194.14873
91 94 199.72771
91 95 166.6846
91 96 173.50424
91 97 166.09378
91 98 147.55458
91 99 123.36796
92 93 184.65006
92 94 172.42089
92 95 153.06659
92 96 195.85584
92 97 128.01908
92 98 120.92477
92 99 124.1719
93 94 169.99681
93 95 100.03775
93 96 177.43585
93 97 127.33597
93 98 101.90095
93 99 111.3305
94 95 117.90022
94 96 149.20164
94 97 110.33093
94 98 102.02725
94 99 185.13608
95 96 119.37548
95 97 106.35465
95 98 188.01965
95 99 110.72827
96 97 199.60086
96 98 100.82754
96 99 128.55868
97 98 130.71417
97 99 184.87619
98 99 132.12604
