50 15
0 1 144.27864
0 2 146.24167
0 3 161.93987
0 4 180.50464
0 5 121.87298
0 6 145.0018
0 7 107.14242
0 8 159.76158
0 9 170.27945
0 10 171.45613
0 11 166.02228
0 12 181.86332
0 13 193.22274
0 14 100.66106
0 15 176.87723
0 16 196.82614
0 17 152.70633
0 18 138.26428
0 19 127.22104
0 20 193.95208
0 21 105.35972
0 22 140.83978
0 23 127.45524
0 24 148.61825
0 25 136.38949
0 26 132.37216
0 27 144.62968
0 28 152.58057
0 29 112.16195
0 30 122.0833
0 31 189.2967
0 32 156.1779
0 33 152.87136
0 34 168.05266
0 35 105.51956
0 36 156.59688
0 37 190.91554
0 38 110.53992
0 39 133.18445
0 40 179.13859
0 41 130.90248
0 42 104.05268
0 43 186.05733
0 44 191.54309
0 45 149.2782
0 46 134.28704
0 47 154.49229
0 48 181.79945
0 49 128.68784
1 2 100.70533
1 3 110.22916
1 4 160.62896
1 5 160.62164
1 6 118.97784
1 7 103.68334
1 8 177.84584
1 9 180.01393
1 10 146.37856
1 11 196.2926
1 12 115.10039
1 13 169.83003
1 14 186.97966
1 15 117.12977
1 16 104.04937
1 17 122.94364
1 18 186.0331
1 19 147.9462
1 20 192.35595
1 21 198.13694
1 22 129.99017
1 23 141.5309
1 24 125.26497
1 25 195.79958
1 26 169.02932
1 27 125.00292
1 28 145.48387
1 29 105.40581
1 30 118.35727
1 31 185.13452
1 32 163.58557
1 33 122.12567
1 34 119.43333
1 35 185.61216
1 36 126.71469
1 37 122.45021
1 38 183.53615
1 39 137.60371
1 40 128.0067
1 41 186.03276
1 42 103.02251
1 43 188.54798
1 44 144.44429
1 45 175.49054
1 46 193.06556
1 47 183.32053
1 48 138.10443
1 49 154.55119
2 3 138.19035
2 4 144.97357
2 5 101.47089
2 6 181.03052
2 7 188.64887
2 8 135.55158
2 9 182.37107
2 10 168.82889
2 11 133.61421
2 12 108.77086
2 13 120.25516
2 14 177.83804
2 15 156.99012
2 16 190.70377
2 17 126.88889
2 18 134.86426
2 19 198.42924
2 20 194.40778
2 21 171.31703
2 22 194.73791
2 23 191.55759
2 24 121.81928
2 25 127.18315
2 26 133.23641
2 27 105.03905
2 28 122.87986
2 29 105.13921
2 30 145.09073
2 31 140.83623
2 32 151.20819
2 33 144.14708
2 34 142.41098
2 35 104.49279
2 36 170.40262
2 37 192.23418
2 38 142.48677
2 39 183.24883
2 40 102.07744
2 41 190.44378
2 42 162.28834
2 43 100.75024
2 44 167.09182
2 45 111.89424
2 46 118.12852
2 47 132.32232
2 48 176.90832
2 49 149.19832
3 4 167.50762
3 5 164.6206
3 6 106.04066
3 7 116.69314
3 8 116.62021
3 9 186.75373
3 10 118.98942
3 11 133.58326
3 12 184.6657
3 13 188.59733
3 14 157.75109
3 15 167.17244
3 16 151.52952
3 17 155.06648
3 18 135.29484
3 19 123.91736
3 20 127.32858
3 21 194.38344
3 22 143.06288
3 23 180.27243
3 24 148.46302
3 25 169.19686
3 26 103.73742
3 27 130.61596
3 28 195.33049
3 29 101.32384
3 30 144.43735
3 31 181.81522
3 32 112.06831
3 33 184.61342
3 34 114.84494
3 35 115.39865
3 36 140.97849
3 37 176.42058
3 38 169.37691
3 39 198.98915
3 40 151.93543
3 41 137.15926
3 42 114.61466
3 43 134.90969
3 44 148.08227
3 45 119.91944
3 46 132.05259
3 47 121.14646
3 48 159.55804
3 49 184.44802
4 5 103.69254
4 6 190.71345
4 7 169.61359
4 8 188.07418
4 9 108.2518
4 10 176.84728
4 11 111.33834
4 12 179.06367
4 13 144.98286
4 14 132.28341
4 15 134.58381
4 16 127.26882
4 17 185.02478
4 18 111.46837
4 19 117.26828
4 20 103.69281
4 21 137.672
4 22 144.97512
4 23 144.71204
4 24 191.56103
4 25 124.47213
4 26 165.20456
4 27 141.75627
4 28 164.25934
4 29 135.79491
4 30 126.04549
4 31 186.28474
4 32 157.91527
4 33 104.70697
4 34 184.01691
4 35 102.08663
4 36 186.54618
4 37 181.73181
4 38 161.67056
4 39 115.30303
4 40 179.02003
4 41 105.24472
4 42 198.27875
4 43 191.9971
4 44 187.50807
4 45 131.12258
4 46 123.37937
4 47 161.36289
4 48 126.845
4 49 143.59119
5 6 127.85494
5 7 114.69127
5 8 147.56147
5 9 100.28548
5 10 109.21423
5 11 143.8319
5 12 129.20225
5 13 166.68861
5 14 102.59902
5 15 147.8605
5 16 129.87095
5 17 194.21396
5 18 111.15522
5 19 151.00102
5 20 147.21049
5 21 187.2169
5 22 199.20392
5 23 177.12735
5 24 145.85212
5 25 138.71202
5 26 110.01249
5 27 193.19788
5 28 136.56733
5 29 156.46823
5 30 199.92988
5 31 110.30948
5 32 114.7347
5 33 125.07271
5 34 133.5836
5 35 103.26788
5 36 170.81039
5 37 126.73352
5 38 163.25324
5 39 177.7362
5 40 186.86827
5 41 108.51409
5 42 131.26821
5 43 127.8952
5 44 156.23525
5 45 137.1203
5 46 189.5675
5 47 113.37125
5 48 159.9042
5 49 131.03055
6 7 144.89649
6 8 119.20774
6 9 132.11141
6 10 103.611
6 11 101.24604
6 12 156.88326
6 13 144.57912
6 14 134.45714
6 15 136.06633
6 16 199.50889
6 17 132.23433
6 18 135.98896
6 19 125.33885
6 20 179.47137
6 21 159.32404
6 22 165.28606
6 23 180.23189
6 24 169.61575
6 25 193.05986
6 26 125.03331
6 27 153.67482
6 28 124.33859
6 29 156.0716
6 30 135.69061
6 31 166.25813
6 32 174.80541
6 33 189.65788
6 34 171.13143
6 35 175.15034
6 36 137.87019
6 37 158.2692
6 38 120.62882
6 39 195.91378
6 40 145.99225
6 41 147.64972
6 42 176.16335
6 43 102.41597
6 44 115.65344
6 45 123.69321
6 46 141.13159
6 47 128.11695
6 48 110.82635
6 49 157.95569
7 8 163.45299
7 9 177.48461
7 10 181.587
7 11 146.6829
7 12 101.04965
7 13 197.50208
7 14 105.33527
7 15 133.73238
7 16 130.37545
7 17 138.74864
7 18 191.10572
7 19 127.21756
7 20 119.47341
7 21 104.15492
7 22 116.58788
7 23 191.85212
7 24 135.06797
7 25 122.72449
7 26 162.95708
7 27 178.07323
7 28 141.33929
7 29 168.14959
7 30 134.51006
7 31 104.79318
7 32 171.3268
7 33 149.9709
7 34 166.12797
7 35 172.47665
7 36 185.4378
7 37 191.85127
7 38 148.22757
7 39 168.18546
7 40 136.35113
7 41 112.895
7 42 198.20593
7 43 146.93874
7 44 157.87056
7 45 115.34499
7 46 109.72177
7 47 175.61536
7 48 132.71658
7 49 122.05009
8 9 179.86775
8 10 181.09506
8 11 117.02944
8 12 121.3625
8 13 184.44524
8 14 120.26425
8 15 153.75001
8 16 179.25685
8 17 155.69106
8 18 186.26687
8 19 193.24251
8 20 106.5569
8 21 162.23103
8 22 165.8579
8 23 126.0415
8 24 136.06141
8 25 137.52672
8 26 109.27199
8 27 188.65904
8 28 187.47335
8 29 104.19331
8 30 155.24099
8 31 136.02575
8 32 135.64074
8 33 134.89788
8 34 105.48695
8 35 189.88124
8 36 199.2896
8 37 180.52532
8 38 123.72542
8 39 102.62819
8 40 100.54652
8 41 145.17821
8 42 164.95034
8 43 190.93057
8 44 118.16765
8 45 122.87214
8 46 171.1496
8 47 112.03515
8 48 125.15499
8 49 182.84587
9 10 106.88863
9 11 147.92285
9 12 186.39283
9 13 190.46952
9 14 140.4295
9 15 132.32554
9 16 128.29946
9 17 141.84884
9 18 127.06436
9 19 155.03604
9 20 198.85292
9 21 128.26355
9 22 186.72711
9 23 183.0299
9 24 196.68014
9 25 173.52717
9 26 190.92188
9 27 190.78918
9 28 167.82881
9 29 188.45347
9 30 174.92542
9 31 151.73971
9 32 158.87676
9 33 199.03782
9 34 120.31391
9 35 125.344
9 36 189.71327
9 37 176.03581
9 38 190.64574
9 39 115.62906
9 40 129.80818
9 41 179.75531
9 42 126.99385
9 43 107.42838
9 44 122.62771
9 45 163.15845
9 46 107.02749
9 47 153.38269
9 48 165.91214
9 49 122.81766
10 11 124.66638
10 12 134.16707
10 13 156.4544
10 14 185.36911
10 15 126.08063
10 16 148.1498
10 17 122.72165
10 18 121.99561
10 19 172.25323
10 20 152.5489
10 21 115.46603
10 22 196.69913
10 23 157.67811
10 24 103.3123
10 25 166.17829
10 26 197.17799
10 27 121.68884
10 28 150.53848
10 29 113.7157
10 30 111.31017
10 31 149.16127
10 32 169.59938
10 33 158.09865
10 34 103.95729
10 35 153.86994
10 36 159.73078
10 37 110.35176
10 38 142.63762
10 39 117.98991
10 40 159.45254
10 41 173.56667
10 42 162.21059
10 43 148.25988
10 44 181.99845
10 45 110.09175
10 46 110.33689
10 47 143.94156
10 48 107.04804
10 49 138.74742
11 12 148.27111
11 13 104.49524
11 14 184.02087
11 15 150.12132
11 16 150.22408
11 17 118.7427
11 18 129.20026
11 19 139.55948
11 20 167.15999
11 21 148.14085
11 22 120.93767
11 23 174.37806
11 24 197.13475
11 25 123.91634
11 26 102.74258
11 27 147.11946
11 28 121.9225
11 29 106.77292
11 30 181.16679
11 31 192.93931
11 32 161.19296
11 33 165.81048
11 34 181.2946
11 35 145.3005
11 36 117.26256
11 37 109.03523
11 38 135.70069
11 39 194.39628
11 40 190.18156
11 41 127.28862
11 42 187.95911
11 43 162.14734
11 44 123.21846
11 45 117.02897
11 46 108.35799
11 47 105.946
11 48 145.92538
11 49 171.03233
12 13 198.28354
12 14 117.22578
12 15 197.7624
12 16 124.66441
12 17 114.99923
12 18 130.31988
12 19 100.97168
12 20 153.09331
12 21 149.22623
12 22 107.09589
12 23 192.77932
12 24 124.59547
12 25 176.91483
12 26 154.18717
12 27 168.65579
12 28 141.57762
12 29 157.09912
12 30 170.51232
12 31 126.3375
12 32 174.57894
12 33 172.76877
12 34 130.42061
12 35 128.48307
12 36 120.15062
12 37 177.09377
12 38 187.30696
12 39 189.45108
12 40 198.75066
12 41 184.70052
12 42 130.57291
12 43 111.16718
12 44 185.30235
12 45 114.86162
12 46 192.03409
12 47 198.39927
12 48 150.26806
12 49 138.5876
13 14 150.63348
13 15 127.24455
13 16 101.9099
13 17 162.89506
13 18 186.55729
13 19 180.47059
13 20 162.62902
13 21 114.64811
13 22 113.0355
13 23 150.62334
13 24 195.34353
13 25 146.56802
13 26 185.81065
13 27 139.03597
13 28 193.59335
13 29 188.40153
13 30 107.01191
13 31 124.78088
13 32 172.97679
13 33 197.42924
13 34 163.22385
13 35 151.34521
13 36 103.60693
13 37 150.87491
13 38 148.18252
13 39 193.09897
13 40 107.21858
13 41 121.47476
13 42 196.19777
13 43 161.7746
13 44 183.16224
13 45 147.78634
13 46 136.82154
13 47 195.11069
13 48 174.04565
13 49 134.57413
14 15 121.12259
14 16 167.07208
14 17 185.84468
14 18 174.01467
14 19 108.00182
14 20 159.337
14 21 176.64569
14 22 184.45209
14 23 104.20332
14 24 194.4187
14 25 120.23548
14 26 115.1683
14 27 188.52368
14 28 149.55794
14 29 114.29509
14 30 130.79946
14 31 118.0037
14 32 176.11615
14 33 137.18695
14 34 173.60079
14 35 170.43449
14 36 136.57396
14 37 112.91519
14 38 112.0602
14 39 142.10553
14 40 196.39697
14 41 154.82199
14 42 135.68576
14 43 159.3828
14 44 182.01972
14 45 129.11728
14 46 189.93381
14 47 179.54009
14 48 165.63279
14 49 114.74183
15 16 153.16391
15 17 168.39567
15 18 166.3578
15 19 172.04716
15 20 192.10976
15 21 189.45361
15 22 145.20783
15 23 190.53943
15 24 182.61528
15 25 181.07044
15 26 198.78498
15 27 185.80906
15 28 190.63275
15 29 163.44582
15 30 163.5294
15 31 156.4471
15 32 188.99931
15 33 186.56254
15 34 184.21837
15 35 118.62909
15 36 146.42277
15 37 138.94413
15 38 112.20298
15 39 164.17644
15 40 102.07929
15 41 121.85095
15 42 157.01208
15 43 100.801
15 44 119.97352
15 45 167.25661
15 46 137.40792
15 47 169.47589
15 48 148.19423
15 49 177.822
16 17 110.99334
16 18 162.89079
16 19 156.81055
16 20 124.96988
16 21 170.93916
16 22 131.43968
16 23 178.02878
16 24 150.29192
16 25 183.33701
16 26 116.28007
16 27 177.25639
16 28 134.30452
16 29 181.48881
16 30 195.30372
16 31 121.23534
16 32 191.2274
16 33 161.39304
16 34 118.41891
16 35 120.8688
16 36 132.59653
16 37 152.16346
16 38 130.05081
16 39 157.6007
16 40 194.33789
16 41 182.34006
16 42 124.96034
16 43 199.29239
16 44 116.76089
16 45 167.84689
16 46 160.26347
16 47 141.17331
16 48 157.09687
16 49 177.25509
17 18 191.51896
17 19 176.8715
17 20 116.55433
17 21 142.52433
17 22 129.13444
17 23 182.3977
17 24 146.91885
17 25 199.74717
17 26 189.75067
17 27 140.95238
17 28 188.62263
17 29 119.80554
17 30 161.13517
17 31 108.09635
17 32 159.4132
17 33 125.28824
17 34 178.79351
17 35 167.25096
17 36 196.60646
17 37 183.05106
17 38 124.32265
17 39 174.33555
17 40 168.65668
17 41 192.72787
17 42 151.66764
17 43 157.12147
17 44 170.45811
17 45 156.96682
17 46 199.59651
17 47 143.21294
17 48 184.96657
17 49 198.79235
18 19 171.41376
18 20 145.21643
18 21 178.68242
18 22 142.28199
18 23 135.91995
18 24 141.4678
18 25 140.29472
18 26 156.17385
18 27 105.74269
18 28 110.26377
18 29 149.11209
18 30 181.50435
18 31 131.37975
18 32 181.39934
18 33 123.21942
18 34 115.44466
18 35 178.32291
18 36 184.56103
18 37 166.33857
18 38 152.99562
18 39 140.34052
18 40 166.21995
18 41 189.41857
18 42 106.77354
18 43 193.22286
18 44 137.22692
18 45 110.19985
18 46 108.75455
18 47 106.33145
18 48 154.45768
18 49 131.86672
19 20 194.24885
19 21 115.47473
19 22 160.08803
19 23 111.75737
19 24 178.08475
19 25 139.11851
19 26 118.57434
19 27 128.11881
19 28 168.15477
19 29 142.2427
19 30 164.85002
19 31 177.4641
19 32 199.96103
19 33 196.00612
19 34 172.97003
19 35 112.12877
19 36 173.38354
19 37 155.70241
19 38 110.42836
19 39 128.88719
19 40 140.89624
19 41 185.34275
19 42 156.02479
19 43 124.23904
19 44 164.39127
19 45 175.08321
19 46 190.07629
19 47 158.31816
19 48 172.22632
19 49 112.991
20 21 137.09228
20 22 120.81829
20 23 176.15798
20 24 117.86733
20 25 122.97117
20 26 153.00411
20 27 134.11318
20 28 113.54022
20 29 133.94139
20 30 121.72842
20 31 161.36807
20 32 193.12878
20 33 100.40273
20 34 128.25495
20 35 152.84787
20 36 163.83257
20 37 186.92769
20 38 119.20192
20 39 166.84707
20 40 157.07402
20 41 116.57339
20 42 117.71944
20 43 156.62465
20 44 164.24407
20 45 168.88979
20 46 132.13736
20 47 126.89415
20 48 138.68854
20 49 195.84248
21 22 100.95616
21 23 151.3554
21 24 183.05832
21 25 192.63922
21 26 140.20894
21 27 167.8869
21 28 141.8401
21 29 180.96171
21 30 137.72477
21 31 100.96473
21 32 186.93536
21 33 104.14553
21 34 120.71816
21 35 140.87258
21 36 138.2842
21 37 111.16847
21 38 134.528
21 39 164.79762
21 40 167.62333
21 41 182.87827
21 42 193.22104
21 43 197.24534
21 44 195.34673
21 45 159.19629
21 46 125.57761
21 47 107.27382
21 48 100.35919
21 49 165.88629
22 23 131.67643
22 24 135.44765
22 25 115.59452
22 26 149.50463
22 27 102.59722
22 28 151.37502
22 29 168.27318
22 30 194.46986
22 31 107.81075
22 32 171.28109
22 33 134.25313
22 34 150.80151
22 35 174.99184
22 36 171.2359
22 37 188.01586
22 38 152.16897
22 39 199.98244
22 40 177.98397
22 41 197.75253
22 42 129.65986
22 43 150.45257
22 44 167.34853
22 45 119.38552
22 46 102.55561
22 47 100.93985
22 48 120.33717
22 49 167.33755
23 24 119.66465
23 25 126.39803
23 26 132.54839
23 27 147.21097
23 28 173.65061
23 29 181.87657
23 30 148.91004
23 31 175.90829
23 32 126.72139
23 33 137.57782
23 34 117.59378
23 35 190.66213
23 36 146.43124
23 37 132.60438
23 38 141.20041
23 39 136.98051
23 40 161.02762
23 41 189.94094
23 42 175.2651
23 43 152.79082
23 44 116.07736
23 45 117.40315
23 46 123.54252
23 47 102.10584
23 48 187.56394
23 49 164.37847
24 25 187.27838
24 26 156.61356
24 27 183.79705
24 28 116.45483
24 29 170.78367
24 30 178.05837
24 31 186.37957
24 32 197.42898
24 33 100.40131
24 34 104.291
24 35 112.58579
24 36 177.23511
24 37 179.88378
24 38 153.29304
24 39 148.61362
24 40 191.33983
24 41 107.16006
24 42 121.93452
24 43 113.0349
24 44 117.6977
24 45 181.44743
24 46 140.74236
24 47 161.25492
24 48 148.34581
24 49 169.77392
25 26 104.88202
25 27 150.60977
25 28 144.36565
25 29 160.02298
25 30 133.55442
25 31 183.40412
25 32 159.73386
25 33 139.71829
25 34 158.09208
25 35 199.92896
25 36 162.00065
25 37 114.22207
25 38 191.26378
25 39 190.43397
25 40 192.47435
25 41 197.81179
25 42 189.65538
25 43 179.50431
25 44 110.89421
25 45 124.17982
25 46 138.29933
25 47 171.71101
25 48 173.64961
25 49 136.00089
26 27 129.51061
26 28 110.05467
26 29 157.12379
26 30 175.30164
26 31 185.20852
26 32 160.19468
26 33 168.63442
26 34 120.92478
26 35 159.12205
26 36 148.55582
26 37 163.69984
26 38 124.02518
26 39 169.94854
26 40 101.40756
26 41 156.19346
26 42 183.74668
26 43 176.76208
26 44 166.71306
26 45 162.51455
26 46 101.00327
26 47 196.85656
26 48 165.89063
26 49 118.45915
27 28 116.10186
27 29 133.8408
27 30 106.0065
27 31 181.62832
27 32 115.60877
27 33 132.01002
27 34 147.4221
27 35 158.45942
27 36 137.49636
27 37 199.75768
27 38 168.98295
27 39 161.02872
27 40 193.60747
27 41 128.22919
27 42 120.02762
27 43 165.67267
27 44 197.62948
27 45 117.24165
27 46 156.63298
27 47 106.13359
27 48 110.06423
27 49 184.96956
28 29 174.14195
28 30 106.053
28 31 128.02396
28 32 115.13397
28 33 146.92223
28 34 130.56975
28 35 123.43765
28 36 133.32858
28 37 117.43659
28 38 155.1362
28 39 138.01158
28 40 108.24928
28 41 174.49766
28 42 134.69433
28 43 193.76081
28 44 172.81202
28 45 147.08278
28 46 123.19976
28 47 126.1128
28 48 134.33866
28 49 104.94083
29 30 169.95838
29 31 117.14804
29 32 177.00986
29 33 159.33579
29 34 142.72456
29 35 124.97506
29 36 136.75261
29 37 194.15407
29 38 135.22983
29 39 185.07682
29 40 111.3198
29 41 185.61694
29 42 145.46872
29 43 129.83549
29 44 171.8116
29 45 131.14204
29 46 190.12908
29 47 111.33731
29 48 116.16772
29 49 146.6887
30 31 169.68255
30 32 119.42944
30 33 142.94211
30 34 175.47604
30 35 154.6085
30 36 127.48689
30 37 106.86416
30 38 198.10636
30 39 155.50999
30 40 186.19527
30 41 185.47732
30 42 191.04897
30 43 118.81681
30 44 131.01531
30 45 113.32875
30 46 186.41804
30 47 113.30172
30 48 161.58985
30 49 135.32018
31 32 167.94918
31 33 159.42414
31 34 117.26529
31 35 143.65382
31 36 172.78783
31 37 144.36305
31 38 157.00489
31 39 162.84352
31 40 107.08522
31 41 111.09063
31 42 161.7574
31 43 182.73721
31 44 188.38127
31 45 122.95942
31 46 129.24704
31 47 138.43136
31 48 115.77744
31 49 102.33008
32 33 131.79051
32 34 189.9997
32 35 176.47347
32 36 171.80717
32 37 136.09274
32 38 177.19987
32 39 172.66281
32 40 161.43885
32 41 169.62542
32 42 192.63369
32 43 181.31998
32 44 122.09676
32 45 142.37637
32 46 147.74104
32 47 108.14076
32 48 162.92033
32 49 196.69616
33 34 145.30715
33 35 161.17337
33 36 182.23284
33 37 161.27375
33 38 197.48242
33 39 134.5057
33 40 157.08412
33 41 186.3337
33 42 121.34209
33 43 162.97597
33 44 193.36486
33 45 163.53635
33 46 132.81023
33 47 123.74049
33 48 193.92707
33 49 146.2647
34 35 124.34024
34 36 179.22785
34 37 179.16098
34 38 159.67378
34 39 185.64063
34 40 136.1441
34 41 183.30016
34 42 183.13193
34 43 171.62283
34 44 187.79378
34 45 105.67692
34 46 160.8189
34 47 168.71866
34 48 148.82411
34 49 157.95439
35 36 159.01534
35 37 125.9657
35 38 100.30216
35 39 147.40117
35 40 159.70159
35 41 185.68226
35 42 180.61972
35 43 150.08244
35 44 162.78495
35 45 128.39522
35 46 119.91012
35 47 146.54713
35 48 182.66454
35 49 197.5603
36 37 108.46711
36 38 121.28426
36 39 164.36119
36 40 189.61561
36 41 138.41263
36 42 138.29627
36 43 173.07983
36 44 140.94683
36 45 178.1652
36 46 136.79786
36 47 140.28766
36 48 143.86489
36 49 180.12386
37 38 119.08019
37 39 183.02969
37 40 188.70005
37 41 141.9608
37 42 114.44173
37 43 178.08854
37 44 198.70331
37 45 128.66651
37 46 127.36701
37 47 150.92566
37 48 110.4407
37 49 127.18175
38 39 132.80569
38 40 158.84243
38 41 176.47773
38 42 175.71036
38 43 103.85192
38 44 173.42896
38 45 154.90715
38 46 127.55899
38 47 111.96892
38 48 166.31229
38 49 101.21242
39 40 197.33358
39 41 138.00736
39 42 104.85244
39 43 102.62404
39 44 192.29478
39 45 154.59525
39 46 191.37776
39 47 109.91328
39 48 158.99075
39 49 186.18483
40 41 132.46476
40 42 129.75407
40 43 172.30511
40 44 131.32967
40 45 186.48351
40 46 149.49411
40 47 104.85223
40 48 179.80202
40 49 161.59875
41 42 157.58505
41 43 137.88523
41 44 177.26717
41 45 197.77695
41 46 190.67299
41 47 158.66164
41 48 198.77479
41 49 109.90389
42 43 157.88036
42 44 153.13914
42 45 167.63952
42 46 193.92817
42 47 173.76636
42 48 163.38081
42 49 114.83146
43 44 162.84007
43 45 125.5188
43 46 126.59683
43 47 121.93539
43 48 192.44313
43 49 140.81113
44 45 115.69464
44 46 135.90672
44 47 125.07868
44 48 198.16042
44 49 192.36361
45 46 134.89104
45 47 172.15499
45 48 172.08981
45 49 196.89165
46 47 147.14649
46 48 171.37013
46 49 100.50815
47 48 133.74197
47 49 158.81412
48 49 186.91702
