100 10
0 1 181.97406
0 2 131.79342
0 3 185.68313
0 4 197.54639
0 5 107.65453
0 6 108.31999
0 7 122.1206
0 8 150.91035
0 9 158.68296
0 10 154.32983
0 11 144.18383
0 12 175.48977
0 13 197.31878
0 14 170.48599
0 15 105.48758
0 16 151.70147
0 17 156.64877
0 18 127.39576
0 19 128.91459
0 20 124.7524
0 21 130.8355
0 22 120.53824
0 23 127.73564
0 24 136.45594
0 25 194.94421
0 26 149.9682
0 27 172.56885
0 28 170.81654
0 29 188.96643
0 30 105.67823
0 31 170.22979
0 32 123.98296
0 33 171.42813
0 34 158.77807
0 35 107.73537
0 36 151.33056
0 37 191.64606
0 38 117.21495
0 39 179.15214
0 40 145.2716
0 41 178.45779
0 42 118.0286
0 43 181.12696
0 44 145.78626
0 45 165.67278
0 46 159.01243
0 47 194.60676
0 48 114.72461
0 49 187.77869
0 50 114.80153
0 51 183.98183
0 52 195.82482
0 53 167.64043
0 54 124.51383
0 55 112.71298
0 56 149.84809
0 57 120.36082
0 58 118.64509
0 59 184.67587
0 60 151.94169
0 61 116.0263
0 62 151.92718
0 63 100.69742
0 64 110.5566
0 65 161.93506
0 66 192.16691
0 67 141.15183
0 68 113.1061
0 69 110.7449
0 70 130.64317
0 71 165.00643
0 72 168.69557
0 73 112.26478
0 74 186.95073
0 75 116.40484
0 76 168.02201
0 77 105.12223
0 78 124.38982
0 79 117.70882
0 80 105.92753
0 81 153.91577
0 82 131.42207
0 83 119.23031
0 84 191.94647
0 85 112.67058
0 86 199.26644
0 87 153.35044
0 88 183.23161
0 89 115.30322
0 90 130.50822
0 91 123.5206
0 92 183.05472
0 93 186.05772
0 94 131.02749
0 95 157.22142
0 96 135.97425
0 97 111.91665
0 98 138.15148
0 99 103.2337
1 2 192.27207
1 3 153.68022
1 4 135.51186
1 5 145.32494
1 6 162.69705
1 7 141.59528
1 8 186.65576
1 9 144.58956
1 10 170.80568
1 11 135.13477
1 12 118.95669
1 13 114.58944
1 14 104.83308
1 15 191.1243
1 16 186.38025
1 17 140.15358
1 18 109.68229
1 19 133.28842
1 20 127.85714
1 21 194.77014
1 22 126.76619
1 23 174.62342
1 24 121.87233
1 25 118.97944
1 26 158.68828
1 27 140.57855
1 28 146.24196
1 29 174.37635
1 30 168.84296
1 31 141.59067
1 32 136.95891
1 33 199.77251
1 34 173.21431
1 35 196.31375
1 36 112.52236
1 37 106.69981
1 38 167.36984
1 39 129.77866
1 40 190.55824
1 41 198.41627
1 42 131.78525
1 43 161.75617
1 44 134.18764
1 45 114.11112
1 46 176.5056
1 47 164.99122
1 48 103.99262
1 49 108.23225
1 50 194.2238
1 51 171.94167
1 52 194.62228
1 53 126.48729
1 54 103.50136
1 55 175.57545
1 56 185.47923
1 57 126.70156
1 58 130.44748
1 59 194.4851
1 60 196.41677
1 61 122.74816
1 62 180.70944
1 63 104.93056
1 64 144.09796
1 65 101.94264
1 66 101.72355
1 67 135.43289
1 68 141.45819
1 69 110.65495
1 70 106.269
1 71 123.36572
1 72 161.07678
1 73 142.06842
1 74 127.41212
1 75 184.3443
1 76 131.8444
1 77 177.3797
1 78 182.04548
1 79 157.62848
1 80 116.90701
1 81 112.96517
1 82 185.20225
1 83 116.01254
1 84 142.99905
1 85 135.31542
1 86 118.03081
1 87 163.72934
1 88 140.01261
1 89 101.07405
1 90 131.10397
1 91 131.00979
1 92 183.26005
1 93 125.88413
1 94 194.86214
1 95 108.11145
1 96 156.46836
1 97 152.20046
1 98 135.15748
1 99 163.95948
2 3 141.30691
2 4 114.44519
2 5 141.84778
2 6 124.36063
2 7 161.58443
2 8 157.4075
2 9 129.06701
2 10 135.86939
2 11 184.93605
2 12 179.77407
2 13 111.78615
2 14 183.57063
2 15 137.5371
2 16 194.26242
2 17 106.43491
2 18 195.25937
2 19 195.77089
2 20 194.33746
2 21 199.1399
2 22 190.99085
2 23 189.938
2 24 146.4674
2 25 139.0704
2 26 193.77001
2 27 147.50001
2 28 169.03445
2 29 163.84703
2 30 178.71722
2 31 126.45507
2 32 153.67558
2 33 197.47901
2 34 171.66756
2 35 176.02154
2 36 119.53802
2 37 162.41765
2 38 152.94893
2 39 162.1699
2 40 107.25766
2 41 190.59593
2 42 113.54224
2 43 169.40679
2 44 118.87654
2 45 145.72342
2 46 155.72742
2 47 137.34401
2 48 150.01854
2 49 132.07337
2 50 138.43057
2 51 141.10775
2 52 139.44769
2 53 182.39214
2 54 177.56096
2 55 161.94372
2 56 184.32682
2 57 139.08837
2 58 197.00277
2 59 142.39475
2 60 132.90374
2 61 114.21043
2 62 165.77733
2 63 102.59354
2 64 116.28167
2 65 127.84691
2 66 181.78645
2 67 151.99261
2 68 175.59715
2 69 104.31926
2 70 158.92557
2 71 185.32479
2 72 161.53304
2 73 172.52625
2 74 149.13782
2 75 146.11725
2 76 151.00521
2 77 181.46343
2 78 158.38739
2 79 165.29046
2 80 164.96298
2 81 156.14679
2 82 130.83578
2 83 167.77494
2 84 130.21015
2 85 189.32646
2 86 109.77641
2 87 142.80048
2 88 116.289
2 89 152.11449
2 90 128.20426
2 91 132.62015
2 92 127.54856
2 93 167.06961
2 94 158.51165
2 95 162.06135
2 96 135.8407
2 97 106.63612
2 98 121.31034
2 99 133.6171
3 4 180.08266
3 5 194.8156
3 6 177.04731
3 7 143.00654
3 8 103.70341
3 9 151.08667
3 10 121.00747
3 11 129.51153
3 12 168.858
3 13 195.16772
3 14 113.74679
3 15 122.47382
3 16 185.80825
3 17 141.51137
3 18 174.21796
3 19 132.48987
3 20 158.42829
3 21 121.39645
3 22 114.58023
3 23 152.0805
3 24 138.82165
3 25 156.31759
3 26 165.38241
3 27 167.87257
3 28 142.44289
3 29 149.79173
3 30 125.05786
3 31 127.2154
3 32 174.78124
3 33 114.94257
3 34 158.03483
3 35 119.02749
3 36 137.59759
3 37 121.01203
3 38 134.47953
3 39 197.32341
3 40 187.94874
3 41 111.795
3 42 100.33896
3 43 131.76698
3 44 115.75978
3 45 188.51383
3 46 139.07416
3 47 138.31979
3 48 112.59481
3 49 139.5295
3 50 137.44125
3 51 181.50739
3 52 109.4831
3 53 144.00601
3 54 196.2759
3 55 112.52905
3 56 103.49883
3 57 196.03015
3 58 128.07739
3 59 130.54087
3 60 175.97707
3 61 178.24458
3 62 139.65111
3 63 163.17527
3 64 173.78947
3 65 152.28031
3 66 121.96267
3 67 115.35578
3 68 162.77951
3 69 179.99396
3 70 116.24102
3 71 183.64621
3 72 123.58178
3 73 125.22887
3 74 119.69947
3 75 188.80963
3 76 145.65552
3 77 196.04185
3 78 123.85953
3 79 114.58944
3 80 149.49021
3 81 104.59406
3 82 146.19441
3 83 132.83626
3 84 187.65065
3 85 151.54991
3 86 137.0481
3 87 188.80889
3 88 147.66888
3 89 191.56897
3 90 146.60352
3 91 136.57982
3 92 176.09942
3 93 189.74037
3 94 191.82658
3 95 125.88184
3 96 106.56351
3 97 158.25173
3 98 158.52827
3 99 180.49369
4 5 114.67833
4 6 167.64124
4 7 192.25498
4 8 135.62906
4 9 144.3862
4 10 107.59642
4 11 101.29394
4 12 196.9513
4 13 161.76498
4 14 133.15326
4 15 157.6387
4 16 101.00436
4 17 103.28125
4 18 172.23065
4 19 174.49085
4 20 194.5963
4 21 148.20561
4 22 125.32174
4 23 100.41275
4 24 139.80593
4 25 125.40359
4 26 164.86695
4 27 195.03308
4 28 145.13915
4 29 113.80933
4 30 137.78542
4 31 141.6713
4 32 123.02548
4 33 181.92317
4 34 176.39693
4 35 183.32587
4 36 128.9564
4 37 152.29658
4 38 193.75866
4 39 136.60255
4 40 128.66607
4 41 137.22305
4 42 165.00163
4 43 111.26562
4 44 108.73702
4 45 188.14646
4 46 146.3341
4 47 199.01524
4 48 176.21499
4 49 134.00782
4 50 105.19401
4 51 135.21888
4 52 186.43808
4 53 135.24087
4 54 152.5582
4 55 152.87232
4 56 147.06404
4 57 124.03922
4 58 189.82379
4 59 164.668
4 60 131.32279
4 61 130.72664
4 62 114.65775
4 63 174.42243
4 64 140.84657
4 65 180.74203
4 66 176.28079
4 67 120.62086
4 68 180.14441
4 69 104.15884
4 70 120.39294
4 71 194.48521
4 72 145.44838
4 73 159.2921
4 74 148.83154
4 75 155.29502
4 76 179.92847
4 77 118.19468
4 78 103.88756
4 79 117.02537
4 80 165.72055
4 81 188.63972
4 82 151.70407
4 83 151.96209
4 84 175.63529
4 85 178.0147
4 86 191.49835
4 87 110.74685
4 88 157.10764
4 89 181.07163
4 90 116.38146
4 91 114.4275
4 92 173.22085
4 93 137.69147
4 94 192.80975
4 95 175.22132
4 96 158.68435
4 97 150.1024
4 98 152.12721
4 99 145.9901
5 6 158.21686
5 7 177.27194
5 8 191.16284
5 9 182.97325
5 10 145.22179
5 11 182.12273
5 12 132.18161
5 13 147.04635
5 14 193.58263
5 15 162.3467
5 16 166.92057
5 17 121.28037
5 18 192.10763
5 19 146.97601
5 20 196.12301
5 21 128.81024
5 22 165.97478
5 23 137.49241
5 24 112.63073
5 25 145.25741
5 26 170.68767
5 27 182.99315
5 28 171.99639
5 29 161.20799
5 30 156.06592
5 31 195.77618
5 32 109.65449
5 33 159.84651
5 34 124.49351
5 35 141.20174
5 36 133.55293
5 37 171.93167
5 38 100.87295
5 39 190.19156
5 40 156.79158
5 41 147.58291
5 42 112.10075
5 43 161.18478
5 44 177.88461
5 45 185.06544
5 46 120.98865
5 47 178.44669
5 48 192.35971
5 49 185.17189
5 50 181.90919
5 51 148.22492
5 52 111.04146
5 53 133.5905
5 54 161.08383
5 55 145.52985
5 56 173.46898
5 57 135.12809
5 58 181.93479
5 59 112.49111
5 60 156.13239
5 61 110.50642
5 62 187.76768
5 63 164.19926
5 64 186.26207
5 65 167.39497
5 66 194.72989
5 67 130.42627
5 68 110.15503
5 69 185.1611
5 70 181.02737
5 71 128.34975
5 72 128.21003
5 73 167.58388
5 74 190.30222
5 75 137.7936
5 76 140.36261
5 77 175.4601
5 78 127.51483
5 79 183.70638
5 80 136.26592
5 81 155.03377
5 82 108.3869
5 83 194.58165
5 84 109.84902
5 85 141.49851
5 86 142.60464
5 87 104.45682
5 88 103.64312
5 89 193.06501
5 90 197.10859
5 91 157.58875
5 92 135.71805
5 93 141.71375
5 94 144.20568
5 95 103.12579
5 96 153.76096
5 97 113.38574
5 98 179.12021
5 99 190.52666
6 7 127.45327
6 8 134.64627
6 9 143.22577
6 10 107.06613
6 11 134.5252
6 12 128.84104
6 13 193.61766
6 14 128.894
6 15 117.38323
6 16 199.14769
6 17 117.0838
6 18 171.60053
6 19 190.80571
6 20 163.52316
6 21 106.43799
6 22 120.43761
6 23 181.79714
6 24 170.17081
6 25 187.97683
6 26 153.39448
6 27 141.55482
6 28 161.40158
6 29 161.04045
6 30 145.74871
6 31 181.5116
6 32 170.76218
6 33 172.98158
6 34 115.3903
6 35 117.1596
6 36 163.39018
6 37 154.90598
6 38 119.10183
6 39 116.24276
6 40 171.48449
6 41 137.04839
6 42 162.91293
6 43 178.40741
6 44 120.06044
6 45 112.17687
6 46 191.16103
6 47 198.13287
6 48 196.14311
6 49 105.85032
6 50 189.89792
6 51 145.21882
6 52 185.72627
6 53 190.81806
6 54 145.07653
6 55 176.2228
6 56 131.37327
6 57 153.25273
6 58 140.27685
6 59 110.43378
6 60 150.88436
6 61 140.0892
6 62 128.37517
6 63 127.53496
6 64 178.66471
6 65 183.36182
6 66 180.75397
6 67 195.17973
6 68 114.91151
6 69 127.19357
6 70 131.80268
6 71 133.93433
6 72 140.55843
6 73 181.77643
6 74 143.27274
6 75 145.62185
6 76 147.77995
6 77 159.43867
6 78 136.9748
6 79 119.96705
6 80 159.17167
6 81 179.47291
6 82 186.44856
6 83 183.57539
6 84 160.16185
6 85 192.82144
6 86 159.25952
6 87 132.32385
6 88 105.81026
6 89 172.73364
6 90 159.70616
6 91 177.82004
6 92 113.28238
6 93 122.43685
6 94 166.27365
6 95 161.37459
6 96 166.67726
6 97 174.55123
6 98 121.73575
6 99 121.51457
7 8 186.72117
7 9 124.18139
7 10 163.12656
7 11 160.52629
7 12 107.89589
7 13 182.61091
7 14 173.49692
7 15 165.88911
7 16 136.56274
7 17 129.30341
7 18 141.11422
7 19 164.40228
7 20 111.78807
7 21 116.96834
7 22 105.13985
7 23 141.07925
7 24 184.20994
7 25 123.59742
7 26 161.78605
7 27 148.41971
7 28 164.94525
7 29 141.21694
7 30 123.32185
7 31 130.4612
7 32 187.89722
7 33 187.91039
7 34 179.31315
7 35 112.57696
7 36 126.02561
7 37 113.49722
7 38 116.31569
7 39 127.56149
7 40 126.62747
7 41 121.90978
7 42 130.86158
7 43 175.65328
7 44 121.3063
7 45 196.24737
7 46 106.53496
7 47 155.90133
7 48 168.85625
7 49 152.02239
7 50 125.6182
7 51 186.06826
7 52 156.25441
7 53 132.159
7 54 112.853
7 55 101.37172
7 56 191.52598
7 57 163.28472
7 58 181.15444
7 59 153.92389
7 60 190.6242
7 61 159.99279
7 62 188.23432
7 63 188.3031
7 64 148.24471
7 65 148.75266
7 66 160.87309
7 67 180.63573
7 68 124.98964
7 69 164.37107
7 70 110.01509
7 71 154.11801
7 72 194.95093
7 73 151.89396
7 74 142.22218
7 75 118.04591
7 76 106.55366
7 77 183.24885
7 78 181.55382
7 79 164.42059
7 80 187.20614
7 81 136.14813
7 82 118.34973
7 83 193.94636
7 84 156.91906
7 85 191.30673
7 86 112.46758
7 87 130.94543
7 88 121.51312
7 89 178.49074
7 90 176.26757
7 91 127.34669
7 92 141.97583
7 93 131.37032
7 94 136.65062
7 95 103.97939
7 96 154.74467
7 97 147.48327
7 98 138.48607
7 99 102.12702
8 9 181.45524
8 10 167.30684
8 11 110.18204
8 12 122.389
8 13 129.38342
8 14 140.4641
8 15 162.73852
8 16 150.44749
8 17 132.75523
8 18 196.66058
8 19 147.97486
8 20 100.67842
8 21 190.97271
8 22 132.54181
8 23 147.01944
8 24 124.92839
8 25 155.08735
8 26 125.13912
8 27 187.21774
8 28 120.02516
8 29 174.54604
8 30 161.71348
8 31 137.04314
8 32 162.68456
8 33 102.07173
8 34 106.99786
8 35 129.92084
8 36 153.51637
8 37 157.4731
8 38 117.86378
8 39 120.36166
8 40 185.97142
8 41 189.76626
8 42 111.32704
8 43 147.64854
8 44 135.31229
8 45 173.88549
8 46 114.67274
8 47 166.13619
8 48 127.39238
8 49 116.79375
8 50 192.93366
8 51 180.92423
8 52 109.39664
8 53 104.03995
8 54 126.45492
8 55 122.17016
8 56 160.69306
8 57 109.01933
8 58 119.26113
8 59 107.34201
8 60 151.07554
8 61 138.23891
8 62 198.86255
8 63 195.62046
8 64 141.69729
8 65 137.71681
8 66 160.8248
8 67 169.67011
8 68 134.73696
8 69 164.30214
8 70 168.2865
8 71 194.89898
8 72 182.0956
8 73 107.2714
8 74 114.98564
8 75 130.84797
8 76 167.70176
8 77 108.62289
8 78 176.26679
8 79 124.23047
8 80 121.37574
8 81 194.19821
8 82 174.42944
8 83 154.93873
8 84 184.27082
8 85 135.96022
8 86 127.09747
8 87 156.86078
8 88 142.52678
8 89 111.94705
8 90 170.30075
8 91 134.98352
8 92 116.28708
8 93 158.2078
8 94 187.62094
8 95 186.82231
8 96 168.9396
8 97 144.0924
8 98 158.9775
8 99 103.35235
9 10 146.52897
9 11 181.51712
9 12 141.71831
9 13 106.62556
9 14 160.90325
9 15 192.25562
9 16 131.24553
9 17 163.44128
9 18 112.64106
9 19 185.43226
9 20 193.64571
9 21 107.97919
9 22 146.8122
9 23 120.03034
9 24 113.80677
9 25 183.53572
9 26 127.43043
9 27 101.65367
9 28 136.6416
9 29 118.70967
9 30 167.25056
9 31 166.29033
9 32 180.78391
9 33 164.71419
9 34 137.75085
9 35 129.18673
9 36 166.0998
9 37 172.17259
9 38 134.62746
9 39 137.76428
9 40 106.07403
9 41 137.72316
9 42 194.73368
9 43 191.49855
9 44 139.85325
9 45 141.62823
9 46 127.14162
9 47 140.6368
9 48 153.01887
9 49 109.29786
9 50 169.82912
9 51 175.5792
9 52 191.47731
9 53 100.37398
9 54 103.19717
9 55 164.08426
9 56 106.63122
9 57 159.72173
9 58 106.62875
9 59 159.34486
9 60 106.9482
9 61 109.72027
9 62 147.9389
9 63 113.31435
9 64 177.48895
9 65 117.16903
9 66 165.92222
9 67 113.38497
9 68 147.26565
9 69 125.91778
9 70 109.99499
9 71 159.22379
9 72 146.98379
9 73 136.97978
9 74 148.14151
9 75 152.39329
9 76 170.37548
9 77 148.62724
9 78 144.51781
9 79 178.80329
9 80 121.35003
9 81 128.09249
9 82 182.15418
9 83 137.78742
9 84 150.82676
9 85 112.17092
9 86 183.43848
9 87 169.34363
9 88 197.70887
9 89 173.40004
9 90 133.87
9 91 166.44208
9 92 162.09942
9 93 123.1866
9 94 174.47265
9 95 108.37551
9 96 175.11305
9 97 173.49366
9 98 187.70714
9 99 145.97169
10 11 177.09733
10 12 117.67821
10 13 116.36579
10 14 130.96776
10 15 146.10903
10 16 188.49043
10 17 169.04079
10 18 166.17202
10 19 174.52311
10 20 112.61606
10 21 187.88154
10 22 165.50833
10 23 155.0866
10 24 172.7977
10 25 145.44757
10 26 171.02164
10 27 129.32455
10 28 193.68028
10 29 128.28971
10 30 147.32001
10 31 132.03813
10 32 169.8189
10 33 148.34603
10 34 121.45127
10 35 197.69971
10 36 139.77477
10 37 165.04632
10 38 141.56772
10 39 132.98211
10 40 192.61648
10 41 141.83983
10 42 111.72071
10 43 112.80446
10 44 155.31557
10 45 117.12044
10 46 138.48751
10 47 144.73922
10 48 148.14047
10 49 182.16636
10 50 136.65251
10 51 184.48374
10 52 134.37743
10 53 173.23209
10 54 129.51727
10 55 121.48262
10 56 107.96327
10 57 103.48898
10 58 128.0468
10 59 164.44227
10 60 115.0104
10 61 102.04627
10 62 131.68363
10 63 100.00206
10 64 196.43766
10 65 157.84818
10 66 184.33434
10 67 135.79501
10 68 185.53213
10 69 182.33144
10 70 121.73528
10 71 162.1479
10 72 110.15751
10 73 179.91608
10 74 157.75896
10 75 166.76845
10 76 151.19203
10 77 110.96804
10 78 178.93954
10 79 106.02822
10 80 120.72467
10 81 175.51593
10 82 184.66685
10 83 105.68167
10 84 155.87143
10 85 130.49332
10 86 163.08518
10 87 142.07563
10 88 113.97523
10 89 146.49587
10 90 183.74247
10 91 198.08971
10 92 103.17345
10 93 148.97062
10 94 190.72645
10 95 150.35138
10 96 193.5597
10 97 144.73874
10 98 181.84094
10 99 103.71803
11 12 186.95192
11 13 110.90765
11 14 155.2731
11 15 146.16147
11 16 170.05815
11 17 102.51407
11 18 147.32217
11 19 174.4599
11 20 116.09192
11 21 112.24339
11 22 147.01931
11 23 156.74495
11 24 131.07884
11 25 171.11224
11 26 138.4849
11 27 124.80704
11 28 113.54094
11 29 133.6315
11 30 149.69673
11 31 113.98195
11 32 181.0617
11 33 196.54524
11 34 157.99306
11 35 113.39467
11 36 193.0102
11 37 115.17986
11 38 145.53308
11 39 140.63906
11 40 147.82436
11 41 179.27853
11 42 155.36491
11 43 182.08999
11 44 151.75987
11 45 189.31452
11 46 194.616
11 47 196.7637
11 48 117.54432
11 49 132.36665
11 50 169.98066
11 51 187.68835
11 52 190.1967
11 53 143.1761
11 54 191.43535
11 55 128.76145
11 56 109.51316
11 57 141.45635
11 58 150.88912
11 59 188.43604
11 60 108.98931
11 61 108.93896
11 62 129.07371
11 63 104.05092
11 64 129.36677
11 65 117.70116
11 66 151.06022
11 67 182.30601
11 68 145.78596
11 69 181.69185
11 70 141.005
11 71 193.34202
11 72 120.67576
11 73 162.85807
11 74 120.59882
11 75 195.69683
11 76 166.78014
11 77 119.78791
11 78 158.31084
11 79 112.20637
11 80 199.74812
11 81 149.20831
11 82 142.97278
11 83 197.20586
11 84 108.40489
11 85 137.06527
11 86 183.12096
11 87 130.2763
11 88 123.13977
11 89 155.49854
11 90 113.84256
11 91 167.04291
11 92 150.65631
11 93 179.61063
11 94 197.57813
11 95 101.71337
11 96 192.9022
11 97 127.55721
11 98 173.57218
11 99 165.36233
12 13 155.03577
12 14 191.26942
12 15 197.15357
12 16 186.81857
12 17 152.75323
12 18 197.42544
12 19 196.21512
12 20 176.98885
12 21 173.38742
12 22 131.93459
12 23 162.66779
12 24 160.53509
12 25 193.81218
12 26 199.37262
12 27 158.50477
12 28 103.44178
12 29 192.63542
12 30 199.08766
12 31 100.76345
12 32 145.94776
12 33 189.13082
12 34 179.43459
12 35 132.26944
12 36 167.29682
12 37 166.25133
12 38 128.40508
12 39 198.54067
12 40 169.92496
12 41 165.48335
12 42 148.33635
12 43 146.49148
12 44 135.85565
12 45 183.09366
12 46 143.31392
12 47 173.19401
12 48 142.70022
12 49 142.70889
12 50 149.10137
12 51 124.12511
12 52 105.62561
12 53 114.93668
12 54 182.81629
12 55 165.16477
12 56 144.55974
12 57 144.13067
12 58 118.75544
12 59 112.35382
12 60 160.66366
12 61 196.30512
12 62 175.62699
12 63 156.97452
12 64 111.28778
12 65 165.60654
12 66 185.24869
12 67 171.56929
12 68 147.80381
12 69 197.89738
12 70 128.71271
12 71 122.26952
12 72 166.92752
12 73 183.47562
12 74 134.77116
12 75 157.98397
12 76 155.683
12 77 161.09175
12 78 113.82766
12 79 152.37398
12 80 155.98215
12 81 120.3897
12 82 122.69619
12 83 159.7392
12 84 117.62804
12 85 193.51158
12 86 107.07616
12 87 181.62964
12 88 128.06241
12 89 184.29742
12 90 196.21532
12 91 137.51295
12 92 150.4873
12 93 123.38794
12 94 159.16422
12 95 134.27024
12 96 191.38297
12 97 139.79683
12 98 175.3609
12 99 157.15621
13 14 154.63605
13 15 123.8052
13 16 142.06238
13 17 135.04711
13 18 111.71358
13 19 105.72793
13 20 131.12577
13 21 123.7832
13 22 196.56073
13 23 134.01829
13 24 145.00364
13 25 113.59608
13 26 179.37733
13 27 137.48448
13 28 147.53379
13 29 178.20541
13 30 142.00536
13 31 188.65072
13 32 199.90838
13 33 165.85303
13 34 175.57572
13 35 101.45787
13 36 129.99452
13 37 156.13241
13 38 154.28357
13 39 171.72036
13 40 137.65235
13 41 150.80807
13 42 172.66362
13 43 160.23063
13 44 116.95109
13 45 106.12551
13 46 146.81491
13 47 137.95651
13 48 128.13284
13 49 150.96621
13 50 146.79118
13 51 180.87745
13 52 114.84118
13 53 157.06748
13 54 140.88455
13 55 157.63003
13 56 124.93542
13 57 177.31507
13 58 192.30555
13 59 137.52407
13 60 130.02992
13 61 109.54024
13 62 139.62796
13 63 171.35322
13 64 170.14145
13 65 189.57793
13 66 100.05685
13 67 108.08078
13 68 131.86365
13 69 159.49895
13 70 174.3832
13 71 157.98021
13 72 160.43548
13 73 112.4828
13 74 156.82
13 75 194.67702
13 76 112.62912
13 77 133.45049
13 78 151.65072
13 79 157.83836
13 80 167.28306
13 81 155.09783
13 82 157.63916
13 83 171.66515
13 84 170.36618
13 85 130.4756
13 86 194.02205
13 87 167.11856
13 88 198.68888
13 89 157.95375
13 90 115.54076
13 91 189.57659
13 92 138.34602
13 93 121.94965
13 94 103.80134
13 95 168.14493
13 96 120.01214
13 97 161.29923
13 98 109.76955
13 99 132.79179
14 15 134.16576
14 16 176.61892
14 17 153.74659
14 18 109.32454
14 19 114.96525
14 20 108.9138
14 21 146.9849
14 22 139.35732
14 23 156.60199
14 24 178.48927
14 25 196.5676
14 26 121.53806
14 27 184.46564
14 28 194.57761
14 29 127.111
14 30 177.96891
14 31 130.78542
14 32 107.69341
14 33 160.71301
14 34 121.67303
14 35 199.59165
14 36 105.5654
14 37 198.77395
14 38 174.94065
14 39 146.36474
14 40 151.26884
14 41 118.01062
14 42 165.87677
14 43 129.41838
14 44 183.55987
14 45 179.50433
14 46 106.95195
14 47 139.27814
14 48 135.51852
14 49 159.00785
14 50 161.85812
14 51 129.56656
14 52 187.78718
14 53 148.38376
14 54 118.77534
14 55 128.82762
14 56 102.96103
14 57 184.69972
14 58 178.65125
14 59 118.11206
14 60 104.55919
14 61 132.90137
14 62 158.13527
14 63 122.89614
14 64 169.66613
14 65 184.61743
14 66 176.03224
14 67 141.61566
14 68 188.11665
14 69 144.14559
14 70 187.00491
14 71 122.0833
14 72 163.14669
14 73 161.86408
14 74 159.17656
14 75 198.45478
14 76 153.75403
14 77 183.22327
14 78 142.37675
14 79 182.80523
14 80 135.37826
14 81 163.76863
14 82 117.65828
14 83 186.51388
14 84 157.60358
14 85 102.08303
14 86 176.13251
14 87 182.95129
14 88 127.70973
14 89 164.30152
14 90 142.73624
14 91 118.89243
14 92 199.49991
14 93 163.58378
14 94 122.64222
14 95 152.36506
14 96 161.90968
14 97 104.82251
14 98 165.85872
14 99 180.83438
15 16 169.28043
15 17 129.68857
15 18 102.87591
15 19 116.56123
15 20 137.16797
15 21 114.44194
15 22 152.88436
15 23 190.08169
15 24 101.91009
15 25 180.58035
15 26 195.06007
15 27 105.18826
15 28 158.88901
15 29 123.22764
15 30 121.4432
15 31 110.55664
15 32 166.92163
15 33 199.96248
15 34 180.53131
15 35 159.76434
15 36 173.06682
15 37 124.59215
15 38 174.02615
15 39 135.56748
15 40 131.17404
15 41 168.15767
15 42 184.5522
15 43 107.38148
15 44 155.99236
15 45 164.49229
15 46 144.59974
15 47 135.10973
15 48 183.98053
15 49 188.56412
15 50 118.80054
15 51 122.13707
15 52 133.10067
15 53 170.37656
15 54 120.55952
15 55 190.3006
15 56 113.31544
15 57 155.85804
15 58 108.03587
15 59 147.15886
15 60 148.9576
15 61 195.63284
15 62 184.33436
15 63 188.80528
15 64 150.84928
15 65 128.56435
15 66 144.52313
15 67 116.41758
15 68 181.76255
15 69 122.57059
15 70 159.04883
15 71 126.85043
15 72 109.38206
15 73 106.24701
15 74 153.53323
15 75 135.11691
15 76 120.74681
15 77 102.75556
15 78 134.61679
15 79 173.80822
15 80 157.95711
15 81 133.61344
15 82 166.51101
15 83 153.56895
15 84 149.12852
15 85 174.91804
15 86 160.79267
15 87 166.3513
15 88 156.03625
15 89 171.60655
15 90 136.06492
15 91 123.86913
15 92 167.39287
15 93 145.26566
15 94 132.32766
15 95 123.65678
15 96 130.24058
15 97 183.52248
15 98 160.37685
15 99 108.91397
16 17 143.82343
16 18 197.75381
16 19 194.929
16 20 196.12456
16 21 164.55409
16 22 104.2299
16 23 176.68225
16 24 133.49269
16 25 140.06625
16 26 147.60793
16 27 176.82227
16 28 111.07571
16 29 138.85777
16 30 138.52874
16 31 136.2902
16 32 167.16602
16 33 152.40627
16 34 102.49215
16 35 121.07242
16 36 132.47223
16 37 103.32614
16 38 197.46802
16 39 120.94665
16 40 183.63326
16 41 143.12999
16 42 120.70402
16 43 175.84379
16 44 152.5783
16 45 131.80565
16 46 172.29823
16 47 138.77827
16 48 175.20925
16 49 121.81761
16 50 111.61768
16 51 180.55912
16 52 167.72492
16 53 136.96568
16 54 119.68553
16 55 125.32505
16 56 162.31852
16 57 197.53333
16 58 169.58526
16 59 178.9859
16 60 109.89145
16 61 113.26538
16 62 127.77399
16 63 114.71057
16 64 137.61406
16 65 140.67972
16 66 102.44944
16 67 149.24321
16 68 139.83286
16 69 184.66498
16 70 155.16961
16 71 144.73297
16 72 154.50349
16 73 157.86942
16 74 175.19274
16 75 146.41615
16 76 192.68866
16 77 159.75821
16 78 121.3744
16 79 195.02134
16 80 119.71162
16 81 196.51306
16 82 181.94521
16 83 148.53633
16 84 122.59735
16 85 169.03475
16 86 163.62068
16 87 192.39278
16 88 150.26367
16 89 100.95975
16 90 174.48654
16 91 184.8163
16 92 150.09522
16 93 133.27183
16 94 106.56998
16 95 119.12424
16 96 144.34748
16 97 134.38811
16 98 129.54244
16 99 127.30983
17 18 108.00489
17 19 162.86847
17 20 118.31546
17 21 163.12476
17 22 107.17454
17 23 117.34072
17 24 150.48885
17 25 168.72579
17 26 170.96642
17 27 126.1128
17 28 195.40764
17 29 148.87499
17 30 144.34871
17 31 139.76454
17 32 156.26234
17 33 192.91047
17 34 149.22318
17 35 149.35796
17 36 145.93006
17 37 166.12112
17 38 188.39012
17 39 183.49074
17 40 133.3246
17 41 166.46325
17 42 146.76746
17 43 149.08532
17 44 111.44875
17 45 166.98978
17 46 118.7334
17 47 166.81578
17 48 113.1336
17 49 133.17696
17 50 153.90841
17 51 180.56
17 52 128.58991
17 53 184.84903
17 54 185.94859
17 55 155.05859
17 56 151.49257
17 57 146.93711
17 58 105.37457
17 59 162.83586
17 60 130.03987
17 61 120.35416
17 62 148.70788
17 63 170.72086
17 64 133.00133
17 65 132.00216
17 66 143.47905
17 67 105.9236
17 68 139.06938
17 69 121.48522
17 70 103.31983
17 71 183.18474
17 72 123.22225
17 73 156.29829
17 74 115.92797
17 75 192.48362
17 76 119.1891
17 77 151.35868
17 78 108.44357
17 79 170.64287
17 80 139.78063
17 81 110.47377
17 82 110.16835
17 83 138.28591
17 84 189.94961
17 85 191.33161
17 86 180.2491
17 87 190.6689
17 88 192.917
17 89 112.16803
17 90 113.62767
17 91 183.90518
17 92 128.97429
17 93 180.03328
17 94 184.04048
17 95 139.97823
17 96 111.63403
17 97 133.07605
17 98 178.6119
17 99 112.96002
18 19 116.28114
18 20 157.937
18 21 186.43637
18 22 140.82411
18 23 139.18277
18 24 107.67865
18 25 180.65346
18 26 172.18482
18 27 174.48438
18 28 112.02104
18 29 157.75211
18 30 102.78119
18 31 186.06188
18 32 143.23631
18 33 121.00562
18 34 166.7116
18 35 149.48056
18 36 149.66683
18 37 118.57373
18 38 160.84068
18 39 166.185
18 40 197.62035
18 41 117.40085
18 42 180.87454
18 43 113.07321
18 44 161.90387
18 45 138.09495
18 46 104.28135
18 47 118.52008
18 48 187.98656
18 49 115.66883
18 50 152.95242
18 51 155.19025
18 52 171.43197
18 53 172.11418
18 54 109.1202
18 55 176.61362
18 56 177.97686
18 57 160.62963
18 58 115.356
18 59 189.66734
18 60 129.88934
18 61 124.85158
18 62 114.38103
18 63 143.64206
18 64 176.30055
18 65 177.21822
18 66 146.34471
18 67 125.18778
18 68 147.33833
18 69 113.13686
18 70 105.64332
18 71 197.52688
18 72 178.72376
18 73 136.81604
18 74 150.1453
18 75 112.79112
18 76 114.29062
18 77 136.92863
18 78 158.73965
18 79 158.41232
18 80 192.2206
18 81 112.79517
18 82 171.8799
18 83 100.95774
18 84 143.46342
18 85 191.66963
18 86 121.52609
18 87 132.75732
18 88 112.60978
18 89 107.76523
18 90 181.86937
18 91 180.60618
18 92 132.41528
18 93 134.72625
18 94 199.13488
18 95 196.38342
18 96 163.19194
18 97 103.07715
18 98 157.49141
18 99 101.1505
19 20 187.96648
19 21 159.54073
19 22 171.52085
19 23 107.82442
19 24 112.82118
19 25 150.29641
19 26 106.1042
19 27 172.51807
19 28 164.27466
19 29 151.88096
19 30 120.24814
19 31 165.93069
19 32 134.30996
19 33 107.89611
19 34 149.2092
19 35 116.26774
19 36 189.81731
19 37 123.43088
19 38 169.65652
19 39 193.51571
19 40 178.82059
19 41 166.61943
19 42 133.94465
19 43 101.26019
19 44 179.9605
19 45 175.50095
19 46 104.08047
19 47 163.18474
19 48 170.04154
19 49 199.65214
19 50 115.85913
19 51 164.29659
19 52 113.75564
19 53 169.52788
19 54 156.37208
19 55 157.52411
19 56 168.75143
19 57 140.16737
19 58 170.77647
19 59 102.38239
19 60 139.36384
19 61 159.68483
19 62 183.42454
19 63 136.3492
19 64 124.76898
19 65 165.59934
19 66 184.19614
19 67 144.3424
19 68 183.14044
19 69 163.37537
19 70 180.23236
19 71 169.00622
19 72 116.89862
19 73 176.54849
19 74 168.8654
19 75 166.09963
19 76 187.16604
19 77 154.29679
19 78 144.58057
19 79 120.62462
19 80 124.85267
19 81 152.74167
19 82 197.06324
19 83 128.48529
19 84 109.7544
19 85 128.69863
19 86 183.43668
19 87 155.22524
19 88 169.77656
19 89 108.75195
19 90 195.25217
19 91 141.9554
19 92 171.97394
19 93 193.50145
19 94 134.66805
19 95 144.23411
19 96 122.74601
19 97 187.27937
19 98 178.62468
19 99 112.15883
20 21 130.21218
20 22 147.7882
20 23 122.8161
20 24 152.74206
20 25 157.78236
20 26 126.73632
20 27 198.91016
20 28 136.06734
20 29 137.31346
20 30 155.06443
20 31 126.63152
20 32 131.20462
20 33 144.29874
20 34 114.94554
20 35 157.9287
20 36 160.83146
20 37 158.18953
20 38 141.00872
20 39 190.355
20 40 180.98371
20 41 117.27405
20 42 164.65658
20 43 160.16297
20 44 133.06932
20 45 108.16542
20 46 143.55899
20 47 135.44849
20 48 124.3964
20 49 169.60031
20 50 149.01509
20 51 193.12163
20 52 100.0563
20 53 136.56507
20 54 138.79217
20 55 132.87471
20 56 156.63464
20 57 136.41063
20 58 150.17948
20 59 152.14685
20 60 105.36055
20 61 193.5667
20 62 198.19408
20 63 166.27078
20 64 109.9104
20 65 178.49494
20 66 124.03202
20 67 138.95003
20 68 158.65682
20 69 110.50125
20 70 140.31354
20 71 116.06807
20 72 191.61419
20 73 168.02891
20 74 101.83821
20 75 168.50306
20 76 198.06019
20 77 161.08674
20 78 188.09683
20 79 127.31929
20 80 122.40213
20 81 168.07631
20 82 105.34878
20 83 164.4337
20 84 154.17493
20 85 158.16051
20 86 150.7362
20 87 138.30684
20 88 113.73069
20 89 161.79773
20 90 193.5569
20 91 139.23512
20 92 127.68664
20 93 141.55306
20 94 111.00149
20 95 147.73261
20 96 174.35303
20 97 128.42301
20 98 186.84056
20 99 148.99207
21 22 122.13434
21 23 163.606
21 24 104.99736
21 25 194.6304
21 26 186.57314
21 27 124.94515
21 28 106.15456
21 29 139.25896
21 30 119.20722
21 31 117.0007
21 32 165.73062
21 33 141.94038
21 34 154.56507
21 35 116.50853
21 36 179.10361
21 37 186.77826
21 38 190.27632
21 39 168.90452
21 40 134.74963
21 41 150.79577
21 42 184.31671
21 43 163.63503
21 44 183.59273
21 45 116.20771
21 46 186.62087
21 47 150.22587
21 48 104.33144
21 49 109.71405
21 50 106.63788
21 51 105.14718
21 52 170.0643
21 53 167.71655
21 54 197.05015
21 55 119.72166
21 56 142.08627
21 57 101.22914
21 58 131.04149
21 59 117.98576
21 60 148.02946
21 61 134.00747
21 62 111.90057
21 63 149.72393
21 64 119.24963
21 65 179.69091
21 66 149.59387
21 67 164.07203
21 68 104.30141
21 69 152.73853
21 70 128.60952
21 71 100.16078
21 72 156.33748
21 73 112.6277
21 74 185.31407
21 75 125.44154
21 76 190.67582
21 77 188.88389
21 78 173.97899
21 79 167.31395
21 80 100.92185
21 81 132.15645
21 82 195.12451
21 83 123.8459
21 84 115.70662
21 85 153.1201
21 86 101.91109
21 87 184.00097
21 88 104.96991
21 89 167.20071
21 90 162.4826
21 91 132.81782
21 92 111.14205
21 93 164.4
21 94 179.09853
21 95 182.1567
21 96 191.27789
21 97 162.01164
21 98 128.37606
21 99 151.93876
22 23 145.5508
22 24 124.37379
22 25 109.73222
22 26 162.66241
22 27 199.58612
22 28 119.42395
22 29 169.89351
22 30 123.42684
22 31 165.45305
22 32 107.13957
22 33 184.60685
22 34 112.06221
22 35 145.27058
22 36 145.06075
22 37 178.98531
22 38 123.65657
22 39 124.2959
22 40 184.09207
22 41 198.81487
22 42 189.53797
22 43 170.04509
22 44 194.13229
22 45 192.25627
22 46 195.36989
22 47 162.56235
22 48 131.32468
22 49 177.99238
22 50 118.54043
22 51 145.16804
22 52 195.35012
22 53 157.87808
22 54 135.38954
22 55 187.07853
22 56 167.48912
22 57 143.58073
22 58 180.31224
22 59 104.1275
22 60 150.42626
22 61 101.38428
22 62 170.88627
22 63 126.30001
22 64 170.82434
22 65 155.85993
22 66 120.53583
22 67 189.76368
22 68 162.98214
22 69 133.1255
22 70 195.40745
22 71 133.71967
22 72 141.65619
22 73 159.22653
22 74 161.80264
22 75 199.79789
22 76 118.41176
22 77 141.65452
22 78 114.30938
22 79 120.95537
22 80 173.00009
22 81 112.85222
22 82 116.42576
22 83 103.22852
22 84 164.27685
22 85 160.85439
22 86 156.10847
22 87 155.63168
22 88 165.97197
22 89 117.82402
22 90 155.92786
22 91 144.18871
22 92 124.94873
22 93 184.21927
22 94 112.14403
22 95 166.01186
22 96 180.4292
22 97 102.90032
22 98 196.7694
22 99 197.92037
23 24 157.76042
23 25 177.51074
23 26 102.7063
23 27 133.80076
23 28 172.48583
23 29 197.94606
23 30 118.89667
23 31 154.09273
23 32 110.12039
23 33 192.62078
23 34 190.48979
23 35 138.835
23 36 105.51917
23 37 104.30944
23 38 152.47487
23 39 119.46105
23 40 140.63029
23 41 154.31992
23 42 150.75137
23 43 102.71282
23 44 104.2392
23 45 174.5973
23 46 160.42318
23 47 106.94954
23 48 157.85735
23 49 110.14763
23 50 158.88587
23 51 176.68203
23 52 146.93498
23 53 108.03409
23 54 120.13292
23 55 176.10301
23 56 183.92043
23 57 153.06016
23 58 145.45199
23 59 114.92676
23 60 112.04328
23 61 174.97844
23 62 190.51556
23 63 199.49043
23 64 111.98814
23 65 124.24093
23 66 127.11302
23 67 174.38013
23 68 199.95574
23 69 121.50383
23 70 132.83923
23 71 184.08132
23 72 128.50427
23 73 101.97785
23 74 184.01841
23 75 151.85758
23 76 189.06067
23 77 144.81195
23 78 120.79292
23 79 174.45215
23 80 140.99115
23 81 120.22992
23 82 105.87414
23 83 110.9501
23 84 156.59318
23 85 105.54588
23 86 181.47786
23 87 173.96775
23 88 164.97343
23 89 181.54822
23 90 171.05991
23 91 180.48232
23 92 126.47951
23 93 184.209
23 94 139.64243
23 95 196.84521
23 96 158.94597
23 97 178.97691
23 98 149.7757
23 99 113.46231
24 25 181.24516
24 26 183.26245
24 27 196.92334
24 28 113.73507
24 29 140.99905
24 30 137.14273
24 31 101.00845
24 32 170.85008
24 33 106.69573
24 34 158.40355
24 35 156.68825
24 36 146.60028
24 37 190.80632
24 38 159.52018
24 39 118.95854
24 40 132.42527
24 41 153.79689
24 42 156.05771
24 43 122.60959
24 44 151.69947
24 45 191.98219
24 46 102.7259
24 47 125.28406
24 48 127.59675
24 49 175.55084
24 50 100.33733
24 51 168.33081
24 52 175.72891
24 53 182.66543
24 54 154.01419
24 55 100.3917
24 56 197.4779
24 57 119.89661
24 58 188.4886
24 59 181.72281
24 60 104.10887
24 61 140.48257
24 62 113.68676
24 63 186.77862
24 64 144.72089
24 65 169.40783
24 66 147.13456
24 67 178.72201
24 68 150.31732
24 69 170.81869
24 70 173.29366
24 71 113.04115
24 72 122.71979
24 73 125.70259
24 74 152.77592
24 75 196.24118
24 76 115.62106
24 77 160.94207
24 78 157.35014
24 79 129.7359
24 80 179.03868
24 81 104.60502
24 82 157.92798
24 83 174.6364
24 84 127.46589
24 85 123.20772
24 86 187.79902
24 87 148.32804
24 88 184.3798
24 89 174.00473
24 90 166.16708
24 91 193.75847
24 92 172.82415
24 93 163.92774
24 94 143.27344
24 95 133.2998
24 96 113.45905
24 97 168.30025
24 98 189.2251
24 99 118.32509
25 26 153.4663
25 27 181.38981
25 28 194.86269
25 29 147.03464
25 30 156.91433
25 31 134.30255
25 32 110.56592
25 33 148.55762
25 34 198.63788
25 35 185.24501
25 36 179.27835
25 37 115.60093
25 38 124.01552
25 39 170.21477
25 40 129.96803
25 41 135.85065
25 42 166.78398
25 43 166.19373
25 44 159.55748
25 45 151.77562
25 46 124.54227
25 47 128.66506
25 48 169.1263
25 49 146.88448
25 50 119.01354
25 51 198.68292
25 52 123.18857
25 53 138.74288
25 54 122.37313
25 55 163.39925
25 56 172.5837
25 57 187.26707
25 58 141.31741
25 59 123.90217
25 60 194.46735
25 61 102.59816
25 62 106.99386
25 63 193.74562
25 64 177.30945
25 65 180.319
25 66 185.61677
25 67 117.39849
25 68 195.9847
25 69 179.5159
25 70 196.93717
25 71 104.9493
25 72 193.6494
25 73 138.26779
25 74 171.92771
25 75 162.04158
25 76 183.64719
25 77 125.46733
25 78 174.93464
25 79 176.22358
25 80 126.32219
25 81 131.2415
25 82 109.23768
25 83 154.26343
25 84 126.00226
25 85 156.11739
25 86 148.31203
25 87 170.0921
25 88 195.86517
25 89 103.3821
25 90 132.37601
25 91 113.59236
25 92 109.44253
25 93 144.55006
25 94 147.45323
25 95 110.55669
25 96 105.4445
25 97 147.63961
25 98 190.05518
25 99 124.64504
26 27 164.25763
26 28 122.17976
26 29 129.82747
26 30 169.38202
26 31 178.2986
26 32 108.52022
26 33 148.11006
26 34 120.54936
26 35 193.9547
26 36 163.9373
26 37 138.93485
26 38 173.06322
26 39 186.27461
26 40 138.59241
26 41 196.6107
26 42 125.75843
26 43 178.84014
26 44 147.58626
26 45 171.58293
26 46 113.77757
26 47 101.00272
26 48 126.14687
26 49 181.36278
26 50 191.85329
26 51 138.57778
26 52 157.16574
26 53 159.3876
26 54 170.1078
26 55 145.20272
26 56 160.89388
26 57 134.39204
26 58 169.97189
26 59 146.7765
26 60 109.89386
26 61 198.02045
26 62 199.97387
26 63 110.63964
26 64 188.0606
26 65 142.81913
26 66 176.08463
26 67 188.16788
26 68 108.89502
26 69 185.74988
26 70 177.80186
26 71 173.47101
26 72 102.14895
26 73 136.91131
26 74 128.66283
26 75 100.28818
26 76 123.84319
26 77 100.27064
26 78 110.89472
26 79 167.47687
26 80 166.95892
26 81 165.7826
26 82 120.32699
26 83 156.93045
26 84 194.87925
26 85 112.5747
26 86 170.10688
26 87 156.59815
26 88 192.15929
26 89 124.69846
26 90 155.99349
26 91 147.15171
26 92 120.24141
26 93 127.26836
26 94 104.4227
26 95 119.02949
26 96 180.64971
26 97 174.75721
26 98 119.82147
26 99 172.50915
27 28 118.86943
27 29 107.43569
27 30 163.75583
27 31 156.5825
27 32 113.99869
27 33 124.31897
27 34 164.24491
27 35 120.44041
27 36 103.34628
27 37 143.9591
27 38 139.41411
27 39 152.15681
27 40 176.08551
27 41 161.49561
27 42 193.85027
27 43 178.93852
27 44 147.39554
27 45 151.02969
27 46 129.56293
27 47 185.01717
27 48 190.38415
27 49 139.68054
27 50 113.8798
27 51 178.33067
27 52 195.14491
27 53 137.73951
27 54 196.29148
27 55 196.69065
27 56 147.66451
27 57 185.07046
27 58 113.34082
27 59 183.43119
27 60 164.61502
27 61 130.18425
27 62 189.25366
27 63 156.85575
27 64 167.59313
27 65 176.48509
27 66 190.60189
27 67 148.96236
27 68 189.4065
27 69 100.96351
27 70 193.9411
27 71 103.60556
27 72 112.65867
27 73 174.3512
27 74 194.08446
27 75 145.70823
27 76 104.21265
27 77 163.80947
27 78 107.99729
27 79 186.57281
27 80 113.50895
27 81 109.50696
27 82 177.72648
27 83 181.68022
27 84 168.89688
27 85 148.68948
27 86 148.66845
27 87 197.88967
27 88 160.55093
27 89 146.63076
27 90 120.74617
27 91 196.04163
27 92 190.88289
27 93 112.56768
27 94 194.72341
27 95 151.07834
27 96 187.41474
27 97 136.09245
27 98 193.8693
27 99 153.76179
28 29 137.46426
28 30 142.84521
28 31 161.97131
28 32 114.63609
28 33 196.87088
28 34 164.12874
28 35 150.39569
28 36 120.62596
28 37 177.30835
28 38 110.05258
28 39 100.02015
28 40 138.591
28 41 168.69788
28 42 152.66605
28 43 124.00854
28 44 159.79069
28 45 169.8159
28 46 192.66195
28 47 108.80927
28 48 189.25656
28 49 192.97021
28 50 139.75132
28 51 195.23378
28 52 109.43845
28 53 170.86747
28 54 190.47754
28 55 139.45336
28 56 149.69696
28 57 169.4853
28 58 103.86461
28 59 176.5126
28 60 166.94325
28 61 140.41405
28 62 164.87741
28 63 140.96212
28 64 126.24375
28 65 178.44437
28 66 180.0298
28 67 173.28592
28 68 134.94836
28 69 162.45066
28 70 176.62124
28 71 125.66222
28 72 192.17574
28 73 191.75708
28 74 180.95525
28 75 110.84197
28 76 166.08257
28 77 134.33462
28 78 192.52798
28 79 180.61667
28 80 108.82942
28 81 155.45127
28 82 193.22368
28 83 100.40319
28 84 105.62001
28 85 163.72061
28 86 117.67514
28 87 133.70572
28 88 156.13988
28 89 114.5807
28 90 163.31015
28 91 168.25997
28 92 122.05456
28 93 132.74984
28 94 196.09953
28 95 182.50879
28 96 109.82387
28 97 158.39998
28 98 121.46409
28 99 145.05928
29 30 103.09861
29 31 108.98667
29 32 101.46133
29 33 123.07426
29 34 105.55381
29 35 163.02836
29 36 199.68061
29 37 167.23971
29 38 167.48612
29 39 145.31538
29 40 186.53435
29 41 101.65142
29 42 149.73055
29 43 180.56389
29 44 176.28709
29 45 152.3853
29 46 133.66081
29 47 164.35548
29 48 121.21232
29 49 121.78832
29 50 188.89983
29 51 120.96159
29 52 127.26824
29 53 159.31439
29 54 145.56045
29 55 150.90696
29 56 128.20415
29 57 148.2128
29 58 114.68701
29 59 168.81458
29 60 181.77317
29 61 113.84669
29 62 153.19272
29 63 142.26997
29 64 176.03267
29 65 108.10231
29 66 111.45918
29 67 176.8227
29 68 132.88452
29 69 152.77562
29 70 168.89875
29 71 101.44256
29 72 130.65128
29 73 164.71985
29 74 173.4905
29 75 149.75996
29 76 196.56098
29 77 184.66356
29 78 137.07715
29 79 192.38147
29 80 143.22907
29 81 186.93173
29 82 122.63216
29 83 161.34094
29 84 183.21227
29 85 176.86758
29 86 133.66476
29 87 135.96067
29 88 140.1464
29 89 106.26204
29 90 113.48369
29 91 142.86301
29 92 144.07326
29 93 195.07364
29 94 150.59768
29 95 142.18115
29 96 134.55421
29 97 109.77302
29 98 141.70911
29 99 145.67371
30 31 191.41271
30 32 140.12017
30 33 156.18709
30 34 126.17544
30 35 181.22912
30 36 118.74374
30 37 178.37271
30 38 145.13861
30 39 134.68947
30 40 157.6013
30 41 125.69999
30 42 104.4743
30 43 112.65498
30 44 188.18038
30 45 139.0533
30 46 150.94518
30 47 152.18246
30 48 175.35554
30 49 152.12206
30 50 145.86515
30 51 136.7749
30 52 182.69903
30 53 188.63314
30 54 130.21319
30 55 195.00833
30 56 139.32635
30 57 147.97407
30 58 157.56164
30 59 122.09103
30 60 162.51816
30 61 164.07525
30 62 165.32703
30 63 198.21147
30 64 166.17388
30 65 182.33425
30 66 173.63188
30 67 105.87408
30 68 188.07461
30 69 111.61931
30 70 143.8012
30 71 176.90072
30 72 150.57139
30 73 101.56475
30 74 176.28108
30 75 184.71278
30 76 174.41795
30 77 114.85861
30 78 165.30154
30 79 180.84227
30 80 181.46028
30 81 134.23279
30 82 164.15625
30 83 199.4243
30 84 131.01563
30 85 183.72431
30 86 108.1765
30 87 171.78972
30 88 162.16205
30 89 177.67813
30 90 123.70241
30 91 151.2002
30 92 127.1542
30 93 155.50175
30 94 187.944
30 95 153.64203
30 96 167.14363
30 97 137.37237
30 98 190.69853
30 99 194.99309
31 32 170.86135
31 33 162.42988
31 34 160.47273
31 35 160.63079
31 36 142.30974
31 37 161.16659
31 38 116.70963
31 39 199.15474
31 40 129.85065
31 41 197.45829
31 42 164.83505
31 43 186.27667
31 44 160.8759
31 45 167.91878
31 46 193.18737
31 47 104.83657
31 48 195.30246
31 49 192.39481
31 50 199.99475
31 51 100.79495
31 52 100.49915
31 53 178.15284
31 54 147.31531
31 55 105.24502
31 56 142.4375
31 57 143.08408
31 58 183.83796
31 59 144.33134
31 60 179.32349
31 61 108.80958
31 62 149.17015
31 63 106.67902
31 64 165.84229
31 65 144.77312
31 66 134.26728
31 67 122.71721
31 68 139.63991
31 69 168.17486
31 70 148.14696
31 71 186.02054
31 72 119.86713
31 73 120.35291
31 74 136.41242
31 75 131.83603
31 76 103.08221
31 77 162.81548
31 78 164.86969
31 79 184.40021
31 80 171.4642
31 81 160.78565
31 82 189.98659
31 83 161.07787
31 84 162.41305
31 85 127.48903
31 86 162.20233
31 87 192.23022
31 88 183.27238
31 89 115.38883
31 90 118.36988
31 91 151.2357
31 92 159.337
31 93 177.33762
31 94 125.75228
31 95 118.82547
31 96 173.09472
31 97 103.21836
31 98 185.73072
31 99 103.12702
32 33 151.98721
32 34 173.71921
32 35 153.63635
32 36 192.88387
32 37 187.88919
32 38 174.60018
32 39 189.66416
32 40 177.69561
32 41 124.83501
32 42 154.58746
32 43 160.29961
32 44 134.99924
32 45 149.87381
32 46 143.44087
32 47 123.30277
32 48 133.49211
32 49 147.74789
32 50 181.40486
32 51 156.18657
32 52 118.50508
32 53 162.17649
32 54 105.59949
32 55 136.30149
32 56 171.24088
32 57 158.60536
32 58 141.76741
32 59 167.5322
32 60 147.54549
32 61 159.60817
32 62 159.62964
32 63 118.58808
32 64 106.04653
32 65 177.41279
32 66 173.56632
32 67 140.85118
32 68 105.42931
32 69 115.18907
32 70 176.57823
32 71 123.34765
32 72 177.38413
32 73 160.6177
32 74 189.48009
32 75 192.94592
32 76 107.60463
32 77 160.43019
32 78 121.20973
32 79 120.40912
32 80 188.27426
32 81 103.72739
32 82 154.69386
32 83 157.81662
32 84 184.16756
32 85 154.7963
32 86 150.36704
32 87 190.17919
32 88 138.23418
32 89 190.79659
32 90 169.84593
32 91 131.34714
32 92 131.48825
32 93 144.04578
32 94 135.992
32 95 113.76327
32 96 181.06418
32 97 132.56769
32 98 134.99086
32 99 120.11428
33 34 196.04955
33 35 174.96168
33 36 140.31257
33 37 110.31481
33 38 185.19631
33 39 163.68188
33 40 175.76968
33 41 132.14568
33 42 165.24683
33 43 134.50517
33 44 108.6657
33 45 159.34345
33 46 169.10579
33 47 148.92082
33 48 157.96149
33 49 154.41926
33 50 167.68899
33 51 192.45128
33 52 144.00622
33 53 158.75575
33 54 144.44073
33 55 170.22193
33 56 174.79673
33 57 184.55313
33 58 134.80413
33 59 132.69448
33 60 198.7648
33 61 111.42276
33 62 193.87624
33 63 118.87017
33 64 127.66903
33 65 157.67339
33 66 153.00567
33 67 126.04175
33 68 154.9534
33 69 144.80991
33 70 115.42545
33 71 156.62223
33 72 121.91351
33 73 184.20709
33 74 123.12217
33 75 158.8022
33 76 127.13107
33 77 174.57526
33 78 144.11436
33 79 118.98775
33 80 142.89134
33 81 121.87579
33 82 141.72113
33 83 190.77252
33 84 177.31508
33 85 166.8804
33 86 178.72066
33 87 168.32232
33 88 110.71521
33 89 101.38221
33 90 138.89092
33 91 158.43336
33 92 182.36432
33 93 180.03982
33 94 120.93443
33 95 158.72716
33 96 131.58676
33 97 114.96786
33 98 180.81741
33 99 142.8641
34 35 173.74572
34 36 151.02048
34 37 173.3075
34 38 187.3911
34 39 150.12375
34 40 136.29886
34 41 138.11418
34 42 196.5051
34 43 182.07081
34 44 151.77016
34 45 103.09835
34 46 175.23758
34 47 143.39102
34 48 133.34798
34 49 176.00247
34 50 179.86954
34 51 172.83049
34 52 136.41969
34 53 185.50126
34 54 114.4895
34 55 149.48072
34 56 178.43604
34 57 174.93018
34 58 152.68765
34 59 127.16109
34 60 154.30731
34 61 156.53649
34 62 199.58089
34 63 104.85491
34 64 111.42056
34 65 119.62205
34 66 178.41607
34 67 141.6641
34 68 101.90636
34 69 165.81887
34 70 110.07885
34 71 111.82379
34 72 113.74753
34 73 152.20833
34 74 159.76718
34 75 182.54368
34 76 109.81109
34 77 118.97033
34 78 158.19099
34 79 163.72262
34 80 137.83182
34 81 157.28431
34 82 172.31386
34 83 159.06218
34 84 198.01679
34 85 102.37365
34 86 192.69528
34 87 152.10316
34 88 164.41756
34 89 163.16542
34 90 196.89844
34 91 126.55248
34 92 192.15924
34 93 183.16767
34 94 107.11078
34 95 106.78931
34 96 191.64349
34 97 190.52441
34 98 153.53594
34 99 132.17778
35 36 184.42996
35 37 161.95415
35 38 126.04266
35 39 178.01083
35 40 140.25368
35 41 167.68838
35 42 141.97884
35 43 118.0301
35 44 116.26535
35 45 150.65311
35 46 110.84102
35 47 186.99896
35 48 173.00401
35 49 120.81385
35 50 186.15485
35 51 185.11784
35 52 153.4322
35 53 120.28407
35 54 120.92108
35 55 118.75595
35 56 124.42024
35 57 120.59438
35 58 130.52833
35 59 195.76691
35 60 185.79397
35 61 107.90955
35 62 166.27207
35 63 172.00507
35 64 109.31487
35 65 158.11611
35 66 185.55603
35 67 187.57569
35 68 111.57399
35 69 128.79184
35 70 107.79232
35 71 185.86821
35 72 153.91233
35 73 192.59344
35 74 134.93802
35 75 165.37085
35 76 179.30914
35 77 123.84749
35 78 112.86929
35 79 138.45745
35 80 115.79574
35 81 149.50384
35 82 105.92828
35 83 101.58057
35 84 145.08548
35 85 180.19244
35 86 189.66098
35 87 179.13948
35 88 133.21801
35 89 103.78877
35 90 185.33932
35 91 182.91466
35 92 116.0792
35 93 171.43372
35 94 109.12923
35 95 129.35782
35 96 189.97372
35 97 156.6726
35 98 195.60774
35 99 189.43783
36 37 193.28967
36 38 143.1426
36 39 114.05707
36 40 132.3884
36 41 155.53683
36 42 169.80743
36 43 171.00789
36 44 125.93006
36 45 118.58548
36 46 140.78853
36 47 173.14996
36 48 156.26746
36 49 156.01219
36 50 123.62685
36 51 190.12772
36 52 185.40831
36 53 190.38351
36 54 176.68264
36 55 195.03308
36 56 169.65447
36 57 168.88783
36 58 153.81842
36 59 108.74866
36 60 188.90133
36 61 185.94393
36 62 125.28133
36 63 163.50098
36 64 161.17063
36 65 162.62556
36 66 177.52179
36 67 195.23285
36 68 136.01207
36 69 163.71324
36 70 105.17469
36 71 115.91879
36 72 195.16754
36 73 168.83006
36 74 120.15039
36 75 101.7332
36 76 198.43757
36 77 116.6908
36 78 173.92796
36 79 180.05578
36 80 125.72539
36 81 197.99173
36 82 147.27788
36 83 163.93446
36 84 135.40184
36 85 115.18188
36 86 181.4186
36 87 151.69976
36 88 146.12099
36 89 132.48172
36 90 139.00608
36 91 175.12053
36 92 153.86171
36 93 150.3886
36 94 136.16026
36 95 197.51009
36 96 159.94913
36 97 133.16464
36 98 126.53582
36 99 150.82979
37 38 160.45011
37 39 100.13219
37 40 118.35302
37 41 175.2261
37 42 192.72258
37 43 103.98436
37 44 163.72677
37 45 131.33249
37 46 148.21235
37 47 110.27359
37 48 154.36073
37 49 126.82715
37 50 182.63649
37 51 146.36812
37 52 181.83759
37 53 178.9236
37 54 187.42361
37 55 131.17161
37 56 193.16024
37 57 103.84726
37 58 115.38267
37 59 150.64563
37 60 162.72434
37 61 158.25698
37 62 168.56374
37 63 143.46928
37 64 128.56951
37 65 174.93761
37 66 196.2381
37 67 177.52709
37 68 189.8314
37 69 195.42639
37 70 150.79043
37 71 188.75366
37 72 110.99531
37 73 172.32965
37 74 196.49078
37 75 194.7867
37 76 188.00157
37 77 130.26273
37 78 102.60342
37 79 139.95525
37 80 121.61241
37 81 156.73143
37 82 146.80763
37 83 132.74008
37 84 115.80585
37 85 120.7289
37 86 163.97851
37 87 148.25701
37 88 150.88325
37 89 185.07853
37 90 154.95003
37 91 145.80288
37 92 126.29204
37 93 130.76611
37 94 126.02334
37 95 118.40371
37 96 119.37863
37 97 103.15394
37 98 108.72122
37 99 155.43683
38 39 112.62474
38 40 149.87981
38 41 106.10946
38 42 102.66831
38 43 164.5665
38 44 111.55716
38 45 192.41641
38 46 168.23163
38 47 118.37406
38 48 139.67636
38 49 116.23375
38 50 154.16875
38 51 106.21893
38 52 131.04312
38 53 183.91501
38 54 160.87173
38 55 170.84694
38 56 139.70682
38 57 148.96585
38 58 141.96605
38 59 122.22901
38 60 195.12723
38 61 111.92872
38 62 194.59612
38 63 111.14252
38 64 133.55022
38 65 169.09255
38 66 177.02593
38 67 106.60962
38 68 107.12294
38 69 130.67995
38 70 141.63628
38 71 181.65936
38 72 185.09096
38 73 182.94864
38 74 128.45157
38 75 119.16036
38 76 140.77943
38 77 103.25863
38 78 160.52794
38 79 159.0376
38 80 136.11764
38 81 161.81313
38 82 109.78585
38 83 120.1849
38 84 185.61927
38 85 132.08796
38 86 116.02798
38 87 141.35109
38 88 102.78252
38 89 180.49577
38 90 193.76147
38 91 166.37836
38 92 186.81316
38 93 186.68651
38 94 118.45041
38 95 135.70822
38 96 104.93764
38 97 149.9447
38 98 116.41393
38 99 153.69416
39 40 157.92629
39 41 108.99636
39 42 179.02811
39 43 103.33982
39 44 164.77028
39 45 150.90909
39 46 168.68503
39 47 169.13502
39 48 114.99888
39 49 110.10883
39 50 162.67017
39 51 113.20137
39 52 182.12546
39 53 108.01456
39 54 112.75819
39 55 113.53451
39 56 188.7952
39 57 136.74848
39 58 141.04778
39 59 191.02834
39 60 112.33432
39 61 114.48843
39 62 172.29249
39 63 152.77134
39 64 117.96133
39 65 109.86012
39 66 176.44038
39 67 179.48932
39 68 166.08757
39 69 137.82043
39 70 101.55587
39 71 103.39055
39 72 195.27402
39 73 194.79773
39 74 113.71179
39 75 128.67446
39 76 168.82261
39 77 113.63439
39 78 172.31204
39 79 127.81809
39 80 142.30368
39 81 133.64291
39 82 121.34077
39 83 159.7415
39 84 108.99824
39 85 119.70057
39 86 131.21614
39 87 179.85959
39 88 104.58639
39 89 197.20896
39 90 106.44925
39 91 137.8083
39 92 123.74873
39 93 121.07214
39 94 170.86851
39 95 102.03838
39 96 141.17387
39 97 193.18344
39 98 139.30809
39 99 186.55332
40 41 109.81263
40 42 116.79766
40 43 148.95399
40 44 146.41376
40 45 122.29415
40 46 123.1661
40 47 180.16307
40 48 161.1148
40 49 199.8169
40 50 108.69219
40 51 110.39499
40 52 113.26159
40 53 124.79344
40 54 128.5919
40 55 173.72604
40 56 196.21018
40 57 128.41239
40 58 193.7363
40 59 111.63819
40 60 141.29543
40 61 191.81803
40 62 146.16321
40 63 188.99377
40 64 193.31417
40 65 177.31086
40 66 106.86703
40 67 171.07638
40 68 187.80131
40 69 114.14726
40 70 105.05947
40 71 196.07063
40 72 155.03066
40 73 125.95662
40 74 111.6949
40 75 132.62958
40 76 183.95126
40 77 156.43668
40 78 162.90065
40 79 136.95573
40 80 180.90973
40 81 169.59444
40 82 134.06596
40 83 103.41527
40 84 196.24956
40 85 105.3375
40 86 135.82405
40 87 149.8259
40 88 113.19343
40 89 181.0812
40 90 145.66305
40 91 168.30377
40 92 125.19694
40 93 178.18761
40 94 170.71095
40 95 111.42387
40 96 111.54874
40 97 144.47978
40 98 173.26917
40 99 171.53719
41 42 124.67613
41 43 170.28111
41 44 165.5965
41 45 120.48225
41 46 121.97433
41 47 170.35363
41 48 154.25375
41 49 186.03921
41 50 191.20647
41 51 106.42942
41 52 182.68967
41 53 167.82745
41 54 171.42177
41 55 163.18655
41 56 119.46335
41 57 154.57275
41 58 158.16986
41 59 168.81221
41 60 106.66227
41 61 144.07538
41 62 162.24244
41 63 170.2519
41 64 109.81421
41 65 169.79998
41 66 164.33302
41 67 170.82608
41 68 187.98725
41 69 120.99143
41 70 106.84431
41 71 190.86797
41 72 188.56609
41 73 144.00763
41 74 198.10788
41 75 170.1997
41 76 160.52966
41 77 153.90225
41 78 133.25848
41 79 115.98388
41 80 128.67975
41 81 199.00995
41 82 112.2706
41 83 128.27982
41 84 110.33693
41 85 152.70683
41 86 108.31869
41 87 173.96541
41 88 183.0241
41 89 122.36348
41 90 164.02475
41 91 175.51865
41 92 127.73319
41 93 160.61328
41 94 156.68296
41 95 161.20612
41 96 135.55557
41 97 179.55667
41 98 134.7379
41 99 141.34267
42 43 165.02014
42 44 182.13897
42 45 101.40706
42 46 133.4222
42 47 138.37833
42 48 199.18272
42 49 115.21899
42 50 142.26123
42 51 176.20254
42 52 164.10544
42 53 119.32361
42 54 150.70107
42 55 194.46825
42 56 100.4369
42 57 165.57591
42 58 122.69456
42 59 176.44031
42 60 152.23975
42 61 181.9718
42 62 101.803
42 63 120.17859
42 64 174.1712
42 65 187.85147
42 66 179.95654
42 67 121.03842
42 68 198.31021
42 69 101.20904
42 70 130.50601
42 71 133.20094
42 72 152.58835
42 73 150.15469
42 74 151.75263
42 75 164.51454
42 76 153.16921
42 77 151.76999
42 78 174.02054
42 79 105.61265
42 80 130.69817
42 81 167.59675
42 82 189.82636
42 83 100.57366
42 84 109.20967
42 85 189.71128
42 86 137.35301
42 87 143.01946
42 88 140.8947
42 89 116.02302
42 90 176.38852
42 91 137.07069
42 92 179.0491
42 93 183.36804
42 94 188.00095
42 95 156.08961
42 96 116.05233
42 97 158.52437
42 98 158.1761
42 99 193.89959
43 44 130.62458
43 45 186.04194
43 46 113.66393
43 47 107.22548
43 48 164.56537
43 49 199.32611
43 50 132.68023
43 51 170.20348
43 52 188.95419
43 53 194.69252
43 54 159.17789
43 55 109.49767
43 56 166.95111
43 57 118.88522
43 58 197.43437
43 59 177.16164
43 60 128.70425
43 61 170.5102
43 62 122.10187
43 63 109.6108
43 64 166.51615
43 65 191.72757
43 66 146.03807
43 67 142.78891
43 68 113.44791
43 69 132.26898
43 70 109.73806
43 71 166.911
43 72 195.61286
43 73 174.37192
43 74 118.12104
43 75 139.74862
43 76 163.02373
43 77 108.53887
43 78 112.32064
43 79 158.46027
43 80 107.70407
43 81 170.50325
43 82 118.33863
43 83 148.16041
43 84 181.89267
43 85 137.89993
43 86 185.19639
43 87 129.10612
43 88 167.06307
43 89 190.62494
43 90 197.65577
43 91 117.7233
43 92 109.24337
43 93 139.87706
43 94 115.07977
43 95 171.71462
43 96 114.0984
43 97 155.72755
43 98 157.83407
43 99 103.72667
44 45 173.03061
44 46 138.21959
44 47 151.68967
44 48 141.86356
44 49 112.25362
44 50 148.90193
44 51 117.07052
44 52 154.63142
44 53 106.50247
44 54 190.25793
44 55 187.56731
44 56 132.4418
44 57 174.8195
44 58 153.17189
44 59 103.51004
44 60 120.61461
44 61 143.25745
44 62 185.64004
44 63 170.77904
44 64 162.64422
44 65 196.10106
44 66 180.21668
44 67 184.62459
44 68 148.98731
44 69 110.65057
44 70 162.91203
44 71 132.62823
44 72 120.0194
44 73 144.57769
44 74 189.74188
44 75 192.21046
44 76 183.65948
44 77 139.56771
44 78 192.15057
44 79 144.21982
44 80 183.65733
44 81 121.92911
44 82 107.02546
44 83 150.79453
44 84 115.49122
44 85 165.08493
44 86 156.11932
44 87 164.41385
44 88 102.07904
44 89 162.65219
44 90 100.82057
44 91 127.73951
44 92 130.9075
44 93 176.98191
44 94 144.663
44 95 137.10959
44 96 184.41711
44 97 109.63382
44 98 139.04042
44 99 160.15216
45 46 128.27243
45 47 178.57768
45 48 107.03546
45 49 137.90679
45 50 168.81626
45 51 143.3095
45 52 157.41642
45 53 137.90943
45 54 197.45352
45 55 104.38247
45 56 177.59567
45 57 184.29485
45 58 122.21228
45 59 159.17207
45 60 176.89746
45 61 149.37226
45 62 108.77387
45 63 192.23894
45 64 100.47211
45 65 113.89119
45 66 141.28708
45 67 163.91681
45 68 197.23401
45 69 148.6291
45 70 107.42263
45 71 108.2659
45 72 117.73641
45 73 136.33786
45 74 122.8186
45 75 114.37521
45 76 146.19613
45 77 132.8522
45 78 167.40005
45 79 116.97733
45 80 199.21548
45 81 174.56741
45 82 193.82744
45 83 114.61073
45 84 148.59177
45 85 193.84667
45 86 126.5582
45 87 143.43958
45 88 151.5519
45 89 116.87896
45 90 161.60762
45 91 181.06129
45 92 106.72897
45 93 159.43125
45 94 187.38062
45 95 116.12862
45 96 182.85933
45 97 179.78011
45 98 186.13911
45 99 136.29303
46 47 162.11792
46 48 175.54134
46 49 142.49428
46 50 139.6403
46 51 127.30121
46 52 153.26497
46 53 192.70686
46 54 182.30869
46 55 167.90171
46 56 188.265
46 57 199.72694
46 58 141.94141
46 59 192.32647
46 60 135.98429
46 61 115.31149
46 62 156.45772
46 63 170.97811
46 64 163.77394
46 65 197.53968
46 66 114.65688
46 67 158.11368
46 68 155.54588
46 69 166.44251
46 70 135.81242
46 71 152.4512
46 72 127.2954
46 73 173.06697
46 74 143.3569
46 75 187.1081
46 76 174.67762
46 77 197.11022
46 78 177.75348
46 79 165.75195
46 80 173.15226
46 81 129.15757
46 82 196.58939
46 83 135.62456
46 84 131.52884
46 85 133.76886
46 86 190.78883
46 87 176.30592
46 88 143.11113
46 89 120.51875
46 90 113.15298
46 91 131.29965
46 92 109.26758
46 93 162.61954
46 94 128.72561
46 95 155.1414
46 96 184.59295
46 97 184.23468
46 98 162.65625
46 99 131.82877
47 48 177.82529
47 49 147.3328
47 50 136.31757
47 51 118.3218
47 52 148.78615
47 53 168.65341
47 54 111.14997
47 55 131.89484
47 56 161.25377
47 57 113.76524
47 58 174.9595
47 59 125.29984
47 60 134.96923
47 61 135.17063
47 62 139.19873
47 63 140.9221
47 64 170.98876
47 65 193.33894
47 66 154.9598
47 67 164.94508
47 68 165.56867
47 69 115.90253
47 70 169.87317
47 71 174.57198
47 72 138.99246
47 73 175.62482
47 74 171.33348
47 75 156.39689
47 76 146.74695
47 77 153.83398
47 78 136.58242
47 79 145.18448
47 80 172.72061
47 81 168.42529
47 82 102.86261
47 83 139.59059
47 84 152.88619
47 85 187.60719
47 86 121.75262
47 87 107.07618
47 88 152.7922
47 89 178.32349
47 90 190.31691
47 91 145.8133
47 92 108.95109
47 93 182.66248
47 94 132.94605
47 95 158.27313
47 96 147.80506
47 97 171.00879
47 98 135.60018
47 99 194.54131
48 49 123.27783
48 50 179.36172
48 51 183.46879
48 52 151.63407
48 53 191.81529
48 54 168.3937
48 55 165.89089
48 56 173.58797
48 57 149.96478
48 58 173.62293
48 59 129.45386
48 60 153.54142
48 61 174.72242
48 62 113.58235
48 63 114.95415
48 64 179.35115
48 65 130.21771
48 66 190.05734
48 67 115.32136
48 68 100.90183
48 69 165.17797
48 70 109.73152
48 71 149.00059
48 72 140.28051
48 73 136.67449
48 74 143.33011
48 75 143.9926
48 76 195.25721
48 77 199.98637
48 78 115.22157
48 79 106.54582
48 80 156.59667
48 81 189.37424
48 82 173.88932
48 83 189.0609
48 84 101.50158
48 85 155.96759
48 86 145.12663
48 87 101.11403
48 88 119.73116
48 89 115.90136
48 90 149.76328
48 91 154.52543
48 92 162.86
48 93 120.73873
48 94 128.24307
48 95 134.16231
48 96 150.04671
48 97 164.32595
48 98 168.63267
48 99 184.3527
49 50 143.4906
49 51 137.15504
49 52 125.31529
49 53 169.93924
49 54 194.74525
49 55 131.73025
49 56 124.30699
49 57 133.40145
49 58 173.00288
49 59 101.38807
49 60 145.20191
49 61 121.78325
49 62 156.87462
49 63 167.34782
49 64 182.97726
49 65 100.2104
49 66 193.22372
49 67 181.13038
49 68 175.70948
49 69 177.97939
49 70 106.80055
49 71 126.13661
49 72 109.23688
49 73 178.65582
49 74 155.82267
49 75 193.61572
49 76 192.93414
49 77 160.88922
49 78 111.08889
49 79 181.95472
49 80 139.84653
49 81 152.86333
49 82 107.64886
49 83 152.98749
49 84 118.1666
49 85 126.83887
49 86 178.3627
49 87 105.21688
49 88 161.04576
49 89 137.79028
49 90 179.32808
49 91 151.81176
49 92 179.14395
49 93 185.57765
49 94 181.50271
49 95 127.14467
49 96 169.73255
49 97 163.98867
49 98 121.97381
49 99 169.84885
50 51 181.19835
50 52 144.1665
50 53 106.53994
50 54 179.30765
50 55 157.81057
50 56 103.09788
50 57 113.95543
50 58 158.00738
50 59 116.86243
50 60 103.78424
50 61 161.07565
50 62 185.96394
50 63 153.03217
50 64 127.874
50 65 161.5329
50 66 179.65042
50 67 190.70618
50 68 171.85391
50 69 139.27262
50 70 118.98145
50 71 171.03758
50 72 121.53181
50 73 188.85459
50 74 133.0451
50 75 115.19469
50 76 182.94665
50 77 112.02451
50 78 125.93659
50 79 100.65476
50 80 191.51976
50 81 189.43013
50 82 174.43661
50 83 140.17133
50 84 179.65193
50 85 142.83991
50 86 117.10708
50 87 188.75304
50 88 186.90823
50 89 197.40391
50 90 139.96992
50 91 115.56917
50 92 114.66311
50 93 181.1624
50 94 111.99392
50 95 140.93426
50 96 160.43777
50 97 173.54034
50 98 173.6699
50 99 170.08883
51 52 103.65313
51 53 122.1461
51 54 101.00695
51 55 192.58274
51 56 156.88617
51 57 137.03616
51 58 171.96558
51 59 190.69678
51 60 163.67785
51 61 197.19366
51 62 136.67353
51 63 162.48577
51 64 112.63606
51 65 124.68266
51 66 157.37024
51 67 173.225
51 68 173.81792
51 69 113.03286
51 70 150.33173
51 71 136.15111
51 72 107.78557
51 73 115.80292
51 74 189.72421
51 75 178.10576
51 76 132.60608
51 77 145.52962
51 78 117.66953
51 79 145.06179
51 80 169.32085
51 81 193.70751
51 82 168.20416
51 83 129.2446
51 84 137.08406
51 85 102.98553
51 86 160.28865
51 87 188.75165
51 88 123.2305
51 89 192.80283
51 90 133.43178
51 91 122.82028
51 92 174.24891
51 93 171.65001
51 94 111.56815
51 95 192.05582
51 96 101.70677
51 97 162.45167
51 98 174.70859
51 99 198.48523
52 53 147.10776
52 54 116.10901
52 55 126.07752
52 56 120.47435
52 57 168.92174
52 58 189.9467
52 59 156.00049
52 60 157.81358
52 61 190.36855
52 62 188.04247
52 63 130.43282
52 64 145.13242
52 65 100.13224
52 66 117.46012
52 67 145.08247
52 68 146.44129
52 69 102.07999
52 70 157.34245
52 71 120.51204
52 72 195.44111
52 73 117.21799
52 74 141.03723
52 75 149.04498
52 76 195.05529
52 77 194.60662
52 78 104.30972
52 79 164.64879
52 80 120.18832
52 81 146.03447
52 82 164.01736
52 83 159.75694
52 84 127.07646
52 85 110.88838
52 86 151.20168
52 87 117.57819
52 88 120.35763
52 89 197.9731
52 90 191.10656
52 91 198.69073
52 92 159.55804
52 93 129.25712
52 94 195.51203
52 95 133.56975
52 96 160.76198
52 97 152.11047
52 98 193.5665
52 99 142.80661
53 54 122.91064
53 55 114.91869
53 56 139.64695
53 57 112.72868
53 58 105.3728
53 59 172.25633
53 60 153.41588
53 61 149.9416
53 62 123.39988
53 63 187.5257
53 64 148.10115
53 65 148.54972
53 66 144.80336
53 67 154.66804
53 68 156.0285
53 69 150.14212
53 70 160.19696
53 71 137.61146
53 72 102.35779
53 73 110.86256
53 74 151.87161
53 75 163.20795
53 76 193.22301
53 77 133.74518
53 78 133.57659
53 79 138.56461
53 80 153.98973
53 81 150.96128
53 82 144.70996
53 83 172.7109
53 84 196.18338
53 85 135.73119
53 86 104.24013
53 87 194.0921
53 88 142.08863
53 89 110.39081
53 90 172.30508
53 91 104.87462
53 92 124.64068
53 93 149.69274
53 94 116.96117
53 95 173.52241
53 96 186.5001
53 97 154.16321
53 98 113.98109
53 99 156.68556
54 55 159.31945
54 56 157.9614
54 57 153.20674
54 58 146.62681
54 59 137.92257
54 60 112.34355
54 61 181.13705
54 62 172.45465
54 63 152.69956
54 64 115.25995
54 65 168.97796
54 66 176.02782
54 67 117.94822
54 68 197.12039
54 69 128.73639
54 70 153.25951
54 71 100.36222
54 72 148.84861
54 73 138.36284
54 74 167.907
54 75 162.78454
54 76 127.8275
54 77 123.7971
54 78 124.78899
54 79 168.11009
54 80 132.93312
54 81 117.31967
54 82 189.92977
54 83 112.29615
54 84 168.79338
54 85 140.12471
54 86 181.80584
54 87 189.28298
54 88 151.635
54 89 101.43922
54 90 168.38069
54 91 191.7672
54 92 102.72031
54 93 183.58676
54 94 134.2174
54 95 140.48721
54 96 171.97908
54 97 173.75767
54 98 146.20978
54 99 157.03815
55 56 188.8511
55 57 194.73208
55 58 128.12494
55 59 100.70694
55 60 169.47053
55 61 177.80314
55 62 161.66316
55 63 136.83051
55 64 128.55207
55 65 144.76275
55 66 174.70035
55 67 170.6628
55 68 113.66187
55 69 102.46127
55 70 128.13681
55 71 141.89671
55 72 139.05026
55 73 150.2239
55 74 132.98398
55 75 152.07949
55 76 177.693
55 77 132.0044
55 78 156.98913
55 79 137.97749
55 80 165.18857
55 81 164.35622
55 82 187.51041
55 83 127.24523
55 84 167.63873
55 85 159.67247
55 86 140.18231
55 87 111.12688
55 88 133.52208
55 89 122.15939
55 90 180.26456
55 91 148.11133
55 92 188.95551
55 93 137.40856
55 94 153.24876
55 95 164.10581
55 96 147.51785
55 97 153.52923
55 98 130.46235
55 99 195.05308
56 57 141.35062
56 58 159.11793
56 59 169.18743
56 60 103.19304
56 61 118.59032
56 62 190.82817
56 63 108.36598
56 64 162.52587
56 65 133.50635
56 66 114.23394
56 67 164.54492
56 68 101.87647
56 69 133.29545
56 70 141.79597
56 71 156.26579
56 72 120.93482
56 73 149.95588
56 74 123.55137
56 75 173.75313
56 76 169.40173
56 77 143.74977
56 78 188.51007
56 79 147.37576
56 80 166.07128
56 81 165.70233
56 82 114.02131
56 83 107.65109
56 84 133.26562
56 85 122.78122
56 86 149.92712
56 87 134.27221
56 88 135.71992
56 89 163.83157
56 90 113.1964
56 91 185.12462
56 92 116.34495
56 93 111.29853
56 94 140.00583
56 95 125.68124
56 96 168.50813
56 97 190.42315
56 98 197.05332
56 99 161.05611
57 58 117.92255
57 59 164.44684
57 60 161.62297
57 61 172.25191
57 62 169.65404
57 63 141.8136
57 64 135.19419
57 65 150.69782
57 66 131.99652
57 67 160.96145
57 68 194.65409
57 69 125.95815
57 70 129.61337
57 71 138.06539
57 72 131.46963
57 73 123.54185
57 74 114.68795
57 75 127.1043
57 76 140.59358
57 77 192.9215
57 78 129.06035
57 79 184.93102
57 80 132.44739
57 81 109.32371
57 82 199.85593
57 83 130.64245
57 84 192.26256
57 85 163.13418
57 86 135.25855
57 87 129.38183
57 88 196.84138
57 89 190.53936
57 90 198.66351
57 91 154.15085
57 92 101.53349
57 93 152.00593
57 94 151.94494
57 95 108.09928
57 96 131.02323
57 97 142.82804
57 98 161.15446
57 99 174.8402
58 59 196.4797
58 60 175.64643
58 61 162.71568
58 62 148.09194
58 63 138.02705
58 64 100.19081
58 65 180.23495
58 66 103.60819
58 67 106.73104
58 68 100.66161
58 69 184.07401
58 70 160.48692
58 71 192.11446
58 72 183.54925
58 73 119.82058
58 74 183.04897
58 75 194.93971
58 76 133.72201
58 77 143.16358
58 78 102.79992
58 79 172.63081
58 80 119.01321
58 81 138.77857
58 82 122.84317
58 83 109.18362
58 84 134.81565
58 85 187.17995
58 86 153.13382
58 87 165.02422
58 88 108.00944
58 89 188.40257
58 90 174.94298
58 91 136.36421
58 92 152.19498
58 93 148.52797
58 94 124.20264
58 95 145.87158
58 96 182.97915
58 97 136.92095
58 98 116.20834
58 99 142.73519
59 60 170.37132
59 61 135.16555
59 62 178.71035
59 63 104.54059
59 64 139.66552
59 65 181.13325
59 66 159.36468
59 67 100.27599
59 68 148.46482
59 69 132.21232
59 70 176.34023
59 71 144.53033
59 72 109.06564
59 73 185.33891
59 74 101.20534
59 75 196.58982
59 76 132.74411
59 77 177.46581
59 78 138.84823
59 79 121.15994
59 80 165.21556
59 81 188.87467
59 82 100.55052
59 83 142.73698
59 84 129.17455
59 85 118.02538
59 86 195.30904
59 87 106.49681
59 88 111.54737
59 89 113.6362
59 90 196.29047
59 91 188.31706
59 92 160.11337
59 93 186.03687
59 94 144.00979
59 95 115.01118
59 96 128.51313
59 97 193.00992
59 98 167.04367
59 99 107.00082
60 61 143.77347
60 62 187.65073
60 63 190.57902
60 64 118.2878
60 65 166.88064
60 66 114.98512
60 67 188.34063
60 68 191.34692
60 69 145.19471
60 70 166.81193
60 71 103.5881
60 72 191.23969
60 73 180.50221
60 74 128.20833
60 75 146.72354
60 76 120.78355
60 77 109.24469
60 78 103.36939
60 79 127.04488
60 80 124.76735
60 81 133.21306
60 82 107.85243
60 83 173.52951
60 84 124.92278
60 85 107.00933
60 86 167.41013
60 87 164.08123
60 88 195.26414
60 89 134.73116
60 90 131.88584
60 91 191.21747
60 92 191.61339
60 93 100.43008
60 94 105.43309
60 95 186.95433
60 96 147.48985
60 97 169.23394
60 98 140.49699
60 99 183.41104
61 62 196.07528
61 63 161.45281
61 64 131.97685
61 65 107.74183
61 66 151.08004
61 67 102.64318
61 68 154.96009
61 69 179.04249
61 70 148.08723
61 71 176.05855
61 72 124.16425
61 73 108.84967
61 74 142.28596
61 75 165.9353
61 76 167.22983
61 77 127.56685
61 78 150.44347
61 79 143.73454
61 80 177.94858
61 81 131.20045
61 82 197.40247
61 83 134.6555
61 84 102.39607
61 85 172.01693
61 86 101.18241
61 87 189.92753
61 88 117.75969
61 89 124.91126
61 90 126.8374
61 91 117.2352
61 92 118.63349
61 93 175.38195
61 94 145.30446
61 95 105.78766
61 96 106.09422
61 97 176.41337
61 98 131.90461
61 99 109.00188
62 63 103.70228
62 64 166.95626
62 65 129.49582
62 66 136.79467
62 67 159.27449
62 68 127.20888
62 69 119.48843
62 70 159.8493
62 71 193.5112
62 72 177.33248
62 73 192.20219
62 74 197.93813
62 75 152.289
62 76 127.09451
62 77 113.92164
62 78 189.52046
62 79 190.39518
62 80 166.37147
62 81 159.94874
62 82 115.99971
62 83 153.50223
62 84 110.28565
62 85 133.91072
62 86 137.13665
62 87 182.351
62 88 182.90393
62 89 160.00641
62 90 168.90058
62 91 100.35439
62 92 171.91521
62 93 117.95356
62 94 194.85352
62 95 186.40299
62 96 194.92062
62 97 184.92619
62 98 199.93407
62 99 105.38241
63 64 172.26231
63 65 134.67395
63 66 196.05381
63 67 100.21416
63 68 183.39602
63 69 120.45533
63 70 122.4034
63 71 181.34717
63 72 148.1781
63 73 168.17381
63 74 103.62626
63 75 121.39236
63 76 161.95087
63 77 103.12524
63 78 192.80394
63 79 181.13337
63 80 131.03672
63 81 139.51454
63 82 182.05253
63 83 185.67876
63 84 151.73956
63 85 180.16834
63 86 129.16476
63 87 114.24981
63 88 129.29691
63 89 129.16957
63 90 152.96934
63 91 165.66319
63 92 136.53451
63 93 199.75701
63 94 122.68574
63 95 116.98657
63 96 126.65697
63 97 130.26417
63 98 119.72696
63 99 106.64084
64 65 133.53839
64 66 111.28348
64 67 139.6337
64 68 192.53153
64 69 106.25962
64 70 149.18405
64 71 101.05445
64 72 113.73555
64 73 167.87237
64 74 105.70498
64 75 163.9097
64 76 131.34643
64 77 145.79298
64 78 101.12275
64 79 139.85491
64 80 106.08568
64 81 142.82892
64 82 142.05496
64 83 159.0509
64 84 155.41099
64 85 197.60361
64 86 107.20374
64 87 105.81606
64 88 194.6215
64 89 159.75446
64 90 133.39304
64 91 169.2698
64 92 101.49551
64 93 148.12873
64 94 151.90952
64 95 133.10713
64 96 183.61682
64 97 104.62155
64 98 188.68518
64 99 184.6501
65 66 160.58926
65 67 112.84726
65 68 169.74276
65 69 141.79878
65 70 142.61048
65 71 131.2285
65 72 198.96202
65 73 151.91981
65 74 182.05949
65 75 188.24829
65 76 130.33701
65 77 185.77902
65 78 177.579
65 79 103.60709
65 80 188.88462
65 81 128.07449
65 82 199.81537
65 83 179.2121
65 84 157.20352
65 85 154.48667
65 86 161.87569
65 87 104.00033
65 88 147.01663
65 89 190.22946
65 90 186.64295
65 91 130.1673
65 92 113.95398
65 93 171.4475
65 94 118.91633
65 95 129.16878
65 96 167.93269
65 97 141.80442
65 98 134.38554
65 99 198.07151
66 67 147.8011
66 68 160.94957
66 69 137.15482
66 70 190.61915
66 71 138.15691
66 72 136.889
66 73 154.13201
66 74 159.92682
66 75 165.5453
66 76 156.02754
66 77 161.89031
66 78 187.82791
66 79 185.87162
66 80 185.75458
66 81 110.95941
66 82 114.05713
66 83 130.55445
66 84 109.845
66 85 161.29725
66 86 105.88506
66 87 155.8611
66 88 150.72015
66 89 122.19114
66 90 148.0813
66 91 173.89105
66 92 110.03788
66 93 182.84723
66 94 134.87953
66 95 124.15285
66 96 112.66114
66 97 146.3163
66 98 165.5252
66 99 103.92426
67 68 132.75872
67 69 112.87234
67 70 165.91935
67 71 146.60601
67 72 170.20732
67 73 133.85124
67 74 192.25983
67 75 169.95689
67 76 122.95169
67 77 195.36722
67 78 117.18896
67 79 194.68335
67 80 159.82388
67 81 120.17905
67 82 106.50626
67 83 115.18282
67 84 119.05356
67 85 176.40617
67 86 132.79964
67 87 105.79957
67 88 166.30552
67 89 155.13508
67 90 107.22606
67 91 123.58196
67 92 139.00812
67 93 152.46017
67 94 188.00947
67 95 197.55777
67 96 135.42345
67 97 150.76564
67 98 129.13701
67 99 127.43906
68 69 112.21959
68 70 145.8192
68 71 163.02834
68 72 110.04215
68 73 106.48146
68 74 145.60456
68 75 183.77722
68 76 132.01569
68 77 104.6266
68 78 181.46747
68 79 145.91663
68 80 168.79426
68 81 156.5687
68 82 102.85435
68 83 112.89365
68 84 137.41824
68 85 120.27198
68 86 109.09337
68 87 147.66561
68 88 114.59675
68 89 168.8251
68 90 123.14919
68 91 147.56169
68 92 189.70611
68 93 132.11281
68 94 131.71777
68 95 118.27364
68 96 142.93289
68 97 113.78953
68 98 166.11273
68 99 128.5263
69 70 101.91382
69 71 189.46988
69 72 165.08158
69 73 184.19638
69 74 141.79016
69 75 180.0984
69 76 144.94322
69 77 103.83091
69 78 170.06481
69 79 133.49551
69 80 160.27692
69 81 145.37654
69 82 150.96489
69 83 140.46365
69 84 184.2885
69 85 115.2129
69 86 186.3462
69 87 177.86493
69 88 189.63354
69 89 145.643
69 90 166.17157
69 91 159.98604
69 92 176.64777
69 93 101.85039
69 94 154.94478
69 95 109.48086
69 96 147.84548
69 97 189.98471
69 98 158.18099
69 99 124.33917
70 71 190.89045
70 72 157.69939
70 73 113.32229
70 74 120.25566
70 75 156.2492
70 76 100.02332
70 77 154.08099
70 78 120.97517
70 79 126.02673
70 80 196.36378
70 81 111.57966
70 82 185.6596
70 83 186.47269
70 84 133.19257
70 85 122.10419
70 86 178.27623
70 87 102.59825
70 88 121.42862
70 89 152.07242
70 90 165.6324
70 91 164.2825
70 92 151.08114
70 93 143.84355
70 94 122.99551
70 95 111.81709
70 96 146.17165
70 97 110.16429
70 98 143.07124
70 99 154.46215
71 72 187.15275
71 73 112.9305
71 74 148.22457
71 75 166.24982
71 76 108.40551
71 77 117.9294
71 78 174.34705
71 79 100.61173
71 80 199.72435
71 81 108.53157
71 82 167.66714
71 83 133.74666
71 84 139.01194
71 85 119.77587
71 86 129.13228
71 87 189.97004
71 88 120.72517
71 89 155.68814
71 90 198.05919
71 91 117.1509
71 92 148.96748
71 93 168.17983
71 94 173.51867
71 95 124.8171
71 96 171.3938
71 97 165.4677
71 98 105.34713
71 99 147.83392
72 73 136.1006
72 74 128.46333
72 75 178.30675
72 76 125.07149
72 77 199.06411
72 78 179.63678
72 79 199.02522
72 80 144.70416
72 81 179.31184
72 82 194.52913
72 83 121.83536
72 84 121.66038
72 85 139.53909
72 86 107.61651
72 87 158.21205
72 88 145.20601
72 89 183.71535
72 90 186.3198
72 91 148.93819
72 92 199.25314
72 93 181.55968
72 94 109.58473
72 95 139.84556
72 96 187.97188
72 97 105.69315
72 98 153.19136
72 99 101.87412
73 74 117.36708
73 75 116.91205
73 76 175.84912
73 77 165.67982
73 78 156.00189
73 79 120.33505
73 80 117.63065
73 81 120.07988
73 82 130.28278
73 83 111.51989
73 84 191.03197
73 85 158.27328
73 86 127.9392
73 87 178.18474
73 88 158.758
73 89 189.91747
73 90 127.84553
73 91 103.14025
73 92 100.07946
73 93 120.2443
73 94 168.9641
73 95 174.65696
73 96 144.12692
73 97 103.71365
73 98 178.54639
73 99 190.53489
74 75 122.17137
74 76 158.19629
74 77 199.9799
74 78 157.39249
74 79 128.40539
74 80 115.06724
74 81 161.90148
74 82 174.32573
74 83 177.10437
74 84 107.09082
74 85 103.74137
74 86 154.92015
74 87 190.75872
74 88 110.94335
74 89 105.74795
74 90 167.03019
74 91 179.63149
74 92 151.67002
74 93 140.4357
74 94 136.4826
74 95 114.49992
74 96 115.49546
74 97 127.40064
74 98 150.26186
74 99 172.06337
75 76 182.53278
75 77 112.85846
75 78 112.96419
75 79 146.42444
75 80 112.33223
75 81 184.89964
75 82 161.81556
75 83 150.62488
75 84 175.99755
75 85 110.03763
75 86 135.11325
75 87 179.36857
75 88 186.44
75 89 151.5155
75 90 192.51228
75 91 138.28543
75 92 137.85205
75 93 144.58341
75 94 161.64136
75 95 127.05798
75 96 103.64004
75 97 144.38977
75 98 145.91091
75 99 134.56048
76 77 151.15134
76 78 133.09057
76 79 105.26829
76 80 177.9177
76 81 124.5284
76 82 146.35409
76 83 140.75438
76 84 182.66203
76 85 114.47114
76 86 100.45717
76 87 165.38718
76 88 158.30196
76 89 142.41993
76 90 180.66936
76 91 175.69002
76 92 142.34254
76 93 152.84185
76 94 160.38223
76 95 125.42267
76 96 126.15692
76 97 140.88374
76 98 170.80144
76 99 146.95504
77 78 174.2919
77 79 197.54149
77 80 162.64641
77 81 182.87424
77 82 184.25028
77 83 161.40807
77 84 169.47156
77 85 117.37002
77 86 108.88034
77 87 109.01946
77 88 175.56237
77 89 126.20361
77 90 111.64343
77 91 106.55787
77 92 170.66767
77 93 128.52372
77 94 173.70655
77 95 132.87874
77 96 136.9723
77 97 163.71785
77 98 179.60903
77 99 110.96856
78 79 186.67923
78 80 186.67965
78 81 152.62313
78 82 123.34644
78 83 114.65433
78 84 154.58226
78 85 123.44585
78 86 183.23466
78 87 182.12236
78 88 126.31994
78 89 143.92187
78 90 125.70073
78 91 107.75743
78 92 174.59361
78 93 169.9996
78 94 199.64526
78 95 115.00179
78 96 111.93167
78 97 154.39554
78 98 181.50243
78 99 194.65605
79 80 160.88637
79 81 157.80261
79 82 103.39809
79 83 116.04731
79 84 175.42709
79 85 162.87448
79 86 108.08925
79 87 141.06987
79 88 104.17157
79 89 131.38547
79 90 157.08519
79 91 135.8262
79 92 187.47802
79 93 153.93697
79 94 126.48102
79 95 136.25487
79 96 141.73219
79 97 145.31934
79 98 191.0098
79 99 166.86516
80 81 133.22163
80 82 180.93329
80 83 132.69232
80 84 138.68362
80 85 146.49893
80 86 152.75825
80 87 147.71811
80 88 127.41727
80 89 166.00789
80 90 137.6368
80 91 106.76509
80 92 102.97464
80 93 198.18154
80 94 111.67001
80 95 149.96446
80 96 141.98662
80 97 130.20537
80 98 148.91448
80 99 145.23352
81 82 196.63272
81 83 105.9242
81 84 142.60918
81 85 110.45573
81 86 118.44846
81 87 103.92533
81 88 104.6762
81 89 133.18275
81 90 197.16919
81 91 195.32186
81 92 177.0817
81 93 163.98475
81 94 126.36223
81 95 187.93227
81 96 176.05422
81 97 186.81526
81 98 132.0094
81 99 131.90159
82 83 119.62009
82 84 134.37274
82 85 196.64986
82 86 158.34063
82 87 114.57827
82 88 184.12096
82 89 142.12429
82 90 191.18027
82 91 109.17878
82 92 159.11722
82 93 198.17389
82 94 145.46742
82 95 198.38039
82 96 156.63028
82 97 157.45542
82 98 171.70001
82 99 121.68824
83 84 104.88454
83 85 126.02133
83 86 158.73452
83 87 168.27377
83 88 147.6117
83 89 144.02825
83 90 150.10839
83 91 145.03843
83 92 183.48234
83 93 159.72202
83 94 133.71074
83 95 110.92497
83 96 166.49724
83 97 199.03463
83 98 138.66031
83 99 119.35557
84 85 111.14586
84 86 144.84156
84 87 154.77506
84 88 170.91083
84 89 116.46399
84 90 195.81247
84 91 135.85616
84 92 185.32855
84 93 114.35862
84 94 168.78836
84 95 122.6269
84 96 193.87503
84 97 119.12361
84 98 118.51319
84 99 157.67561
85 86 188.05923
85 87 122.08608
85 88 153.17104
85 89 189.97852
85 90 160.14944
85 91 118.14389
85 92 106.84264
85 93 144.15754
85 94 185.42321
85 95 181.2387
85 96 163.06337
85 97 148.5606
85 98 144.34252
85 99 100.03098
86 87 162.47743
86 88 127.93724
86 89 157.64538
86 90 124.14215
86 91 133.0087
86 92 162.82018
86 93 108.14583
86 94 178.22227
86 95 102.26864
86 96 138.6364
86 97 166.97415
86 98 137.2512
86 99 155.79966
87 88 124.86291
87 89 188.58166
87 90 198.2299
87 91 187.47733
87 92 163.7613
87 93 107.8635
87 94 155.34436
87 95 119.56154
87 96 137.74567
87 97 144.66698
87 98 198.38614
87 99 130.44769
88 89 197.83361
88 90 130.3248
88 91 155.28404
88 92 182.2978
88 93 110.79575
88 94 122.8357
88 95 141.44372
88 96 117.52894
88 97 170.07978
88 98 174.36507
88 99 188.93726
89 90 194.56436
89 91 108.76288
89 92 185.71363
89 93 122.98481
89 94 172.31614
89 95 164.73643
89 96 187.20632
89 97 195.45784
89 98 176.88179
89 99 165.92545
90 91 138.73256
90 92 164.1688
90 93 195.33698
90 94 142.29727
90 95 197.03613
90 96 137.81137
90 97 172.69117
90 98 178.11425
90 99 184.49316
91 92 141.41638
91 93 143.78567
91 94 100.15619
91 95 194.01755
91 96 114.19228
91 97 160.46475
91 98 117.39498
91 99 139.11472
92 93 142.8073
92 94 177.64058
92 95 140.20775
92 96 119.72966
92 97 100.76489
92 98 104.71614
92 99 157.77905
93 94 109.08284
93 95 177.84814
93 96 104.62811
93 97 172.96076
93 98 195.09337
93 99 173.90915
94 95 155.68032
94 96 122.58699
94 97 122.87262
94 98 165.9322
94 99 126.83258
95 96 156.56341
95 97 182.26137
95 98 172.0243
95 99 125.43589
96 97 106.28363
96 98 190.1366
96 99 131.00346
97 98 150.87196
97 99 180.99598
98 99 123.44901
