100 10
0 1 140.41932
0 2 136.35192
0 3 199.71986
0 4 125.36352
0 5 114.69079
0 6 185.75382
0 7 114.38032
0 8 167.2929
0 9 156.86391
0 10 102.61552
0 11 189.66586
0 12 172.25713
0 13 130.64429
0 14 151.03013
0 15 120.69988
0 16 110.48832
0 17 153.30782
0 18 199.44743
0 19 161.24286
0 20 191.57406
0 21 173.02688
0 22 180.16058
0 23 144.94834
0 24 106.72015
0 25 130.23995
0 26 117.78807
0 27 199.94896
0 28 116.05186
0 29 194.26237
0 30 118.37968
0 31 147.95333
0 32 192.45244
0 33 106.14233
0 34 188.57592
0 35 140.31875
0 36 170.47482
0 37 115.69184
0 38 184.97398
0 39 140.49437
0 40 154.01814
0 41 122.99642
0 42 152.10156
0 43 181.07207
0 44 143.51258
0 45 178.9388
0 46 125.44033
0 47 154.07207
0 48 140.12766
0 49 125.86645
0 50 154.43296
0 51 127.8376
0 52 107.24757
0 53 163.57803
0 54 162.39104
0 55 127.63577
0 56 168.28183
0 57 143.60745
0 58 123.20174
0 59 113.51561
0 60 170.06839
0 61 175.44311
0 62 123.61468
0 63 182.51498
0 64 120.15127
0 65 145.92514
0 66 157.54456
0 67 136.99311
0 68 152.30275
0 69 105.61806
0 70 165.96784
0 71 160.34481
0 72 140.59258
0 73 122.57079
0 74 181.2066
0 75 173.64687
0 76 111.68216
0 77 151.71528
0 78 190.49891
0 79 104.93431
0 80 179.54371
0 81 183.21437
0 82 145.6901
0 83 169.72363
0 84 197.8633
0 85 127.57161
0 86 188.76201
0 87 182.16177
0 88 129.40881
0 89 121.6105
0 90 167.03366
0 91 149.72211
0 92 165.43522
0 93 107.93142
0 94 163.14312
0 95 195.05362
0 96 126.99505
0 97 190.66154
0 98 164.94093
0 99 137.06171
1 2 144.97262
1 3 130.04061
1 4 171.32844
1 5 151.49965
1 6 118.60566
1 7 192.82138
1 8 137.94029
1 9 108.42883
1 10 130.77814
1 11 185.52069
1 12 118.39696
1 13 192.15358
1 14 158.1555
1 15 178.61231
1 16 156.53478
1 17 119.92552
1 18 158.81632
1 19 119.41388
1 20 155.68394
1 21 183.46415
1 22 141.00735
1 23 126.19795
1 24 109.22641
1 25 194.85345
1 26 141.26519
1 27 159.9949
1 28 142.84123
1 29 133.84282
1 30 114.06345
1 31 122.52645
1 32 166.32337
1 33 122.52628
1 34 112.14105
1 35 171.15168
1 36 132.19399
1 37 107.57618
1 38 102.41907
1 39 154.87906
1 40 183.5819
1 41 145.28239
1 42 172.90049
1 43 163.34815
1 44 193.54694
1 45 158.4272
1 46 192.44605
1 47 135.83582
1 48 142.62719
1 49 154.88771
1 50 174.75777
1 51 177.97751
1 52 142.33113
1 53 151.74363
1 54 149.89742
1 55 122.20555
1 56 124.20397
1 57 159.36763
1 58 154.19069
1 59 101.77136
1 60 144.99343
1 61 108.44411
1 62 197.46233
1 63 196.77083
1 64 194.24149
1 65 134.94423
1 66 176.74434
1 67 181.05513
1 68 109.05824
1 69 151.49057
1 70 155.89677
1 71 103.60227
1 72 129.79838
1 73 145.42814
1 74 179.59973
1 75 154.98831
1 76 146.4664
1 77 175.8617
1 78 128.55554
1 79 187.70347
1 80 180.89414
1 81 190.69725
1 82 154.6448
1 83 118.38049
1 84 112.93332
1 85 113.89039
1 86 183.03206
1 87 166.72415
1 88 137.48123
1 89 192.50086
1 90 158.92072
1 91 112.7837
1 92 101.39341
1 93 180.2549
1 94 188.6385
1 95 167.34063
1 96 164.67231
1 97 145.75656
1 98 109.13632
1 99 160.30736
2 3 157.29926
2 4 182.1445
2 5 155.31067
2 6 127.6524
2 7 129.6849
2 8 199.02757
2 9 174.38883
2 10 192.76628
2 11 171.76831
2 12 119.29414
2 13 107.64549
2 14 193.52262
2 15 160.4163
2 16 189.61666
2 17 106.01267
2 18 190.40941
2 19 153.58122
2 20 146.87894
2 21 187.20628
2 22 133.29421
2 23 146.06445
2 24 195.61737
2 25 177.00587
2 26 186.95157
2 27 152.41861
2 28 134.7043
2 29 157.01997
2 30 167.54814
2 31 107.32329
2 32 100.33127
2 33 138.28499
2 34 184.02621
2 35 123.82156
2 36 181.73764
2 37 111.04471
2 38 136.01509
2 39 119.30477
2 40 125.48068
2 41 133.31257
2 42 135.34219
2 43 134.22549
2 44 183.47192
2 45 131.96239
2 46 159.47621
2 47 136.07123
2 48 140.13114
2 49 119.40568
2 50 184.88709
2 51 160.76452
2 52 181.87987
2 53 145.55789
2 54 174.21264
2 55 100.54311
2 56 173.25342
2 57 174.6345
2 58 159.65791
2 59 156.81024
2 60 128.92769
2 61 124.33617
2 62 196.01963
2 63 111.35655
2 64 193.23122
2 65 125.55931
2 66 146.93933
2 67 193.67453
2 68 173.31581
2 69 196.06854
2 70 167.80495
2 71 163.63927
2 72 167.82953
2 73 133.42546
2 74 132.61369
2 75 112.42614
2 76 154.21223
2 77 169.55432
2 78 196.70581
2 79 105.31704
2 80 151.26401
2 81 149.55886
2 82 171.90207
2 83 157.69078
2 84 120.49379
2 85 113.22661
2 86 166.83922
2 87 164.05861
2 88 102.98911
2 89 113.37503
2 90 127.51909
2 91 178.8119
2 92 165.15217
2 93 137.3659
2 94 159.24613
2 95 199.85655
2 96 133.88347
2 97 119.21318
2 98 181.23998
2 99 172.2881
3 4 126.7067
3 5 113.27574
3 6 160.75775
3 7 132.75955
3 8 176.26023
3 9 192.00665
3 10 121.20673
3 11 110.41979
3 12 184.87892
3 13 193.28231
3 14 142.66744
3 15 114.66229
3 16 142.4903
3 17 163.24745
3 18 151.65776
3 19 172.6159
3 20 104.61641
3 21 177.71772
3 22 125.70959
3 23 144.92576
3 24 114.58294
3 25 131.76749
3 26 163.5125
3 27 176.83835
3 28 179.36686
3 29 157.83814
3 30 174.00467
3 31 165.74054
3 32 113.04163
3 33 171.54816
3 34 112.57246
3 35 178.16301
3 36 171.97686
3 37 147.92434
3 38 183.23056
3 39 134.88332
3 40 187.41102
3 41 109.51067
3 42 191.6957
3 43 194.96801
3 44 154.98811
3 45 118.56728
3 46 136.94225
3 47 175.02081
3 48 128.1025
3 49 102.1355
3 50 162.94043
3 51 147.74382
3 52 110.30853
3 53 136.64315
3 54 127.25666
3 55 192.74303
3 56 151.76553
3 57 126.31403
3 58 161.53401
3 59 162.93921
3 60 159.37748
3 61 138.99501
3 62 153.45448
3 63 119.96658
3 64 139.557
3 65 157.32441
3 66 176.99559
3 67 106.35759
3 68 183.64301
3 69 154.2163
3 70 101.1729
3 71 165.7116
3 72 189.76711
3 73 111.21922
3 74 162.35837
3 75 182.96038
3 76 193.46177
3 77 125.3713
3 78 126.45848
3 79 122.99613
3 80 135.38537
3 81 151.00492
3 82 125.54375
3 83 127.78093
3 84 182.06066
3 85 145.58435
3 86 130.95971
3 87 185.0903
3 88 118.43596
3 89 179.24061
3 90 104.87083
3 91 198.99563
3 92 127.30318
3 93 192.60813
3 94 166.1312
3 95 129.01452
3 96 183.95066
3 97 102.90987
3 98 174.78527
3 99 127.73106
4 5 159.49302
4 6 168.37353
4 7 184.5307
4 8 147.32463
4 9 120.6779
4 10 176.59909
4 11 160.03978
4 12 161.61495
4 13 148.23398
4 14 156.93327
4 15 132.3572
4 16 174.90827
4 17 191.08842
4 18 192.70183
4 19 174.05924
4 20 175.69987
4 21 122.44205
4 22 193.64211
4 23 173.57504
4 24 170.91585
4 25 168.20888
4 26 160.63165
4 27 165.74045
4 28 115.47045
4 29 122.56742
4 30 123.20496
4 31 114.46267
4 32 176.62387
4 33 136.34418
4 34 128.97481
4 35 128.46903
4 36 116.93713
4 37 167.17738
4 38 148.74676
4 39 117.08693
4 40 129.32963
4 41 162.19167
4 42 194.05535
4 43 102.5146
4 44 127.79722
4 45 158.10801
4 46 140.57601
4 47 139.42772
4 48 120.87257
4 49 144.76831
4 50 149.82166
4 51 142.80575
4 52 118.03426
4 53 167.96897
4 54 174.36071
4 55 176.06502
4 56 151.31958
4 57 152.03664
4 58 108.34551
4 59 197.09812
4 60 145.5928
4 61 186.7452
4 62 148.05237
4 63 195.7051
4 64 139.46307
4 65 193.30737
4 66 104.73247
4 67 101.44039
4 68 173.70589
4 69 141.17687
4 70 163.64771
4 71 147.22516
4 72 169.27128
4 73 137.92646
4 74 157.47494
4 75 193.1206
4 76 152.1174
4 77 178.93792
4 78 178.43458
4 79 141.36261
4 80 123.61116
4 81 118.46759
4 82 110.56096
4 83 146.54619
4 84 194.66128
4 85 121.28178
4 86 100.22905
4 87 140.04983
4 88 129.90068
4 89 101.35626
4 90 140.15577
4 91 105.57647
4 92 166.39742
4 93 130.3662
4 94 194.19921
4 95 102.76605
4 96 144.24501
4 97 131.46216
4 98 168.69849
4 99 131.04822
5 6 104.47157
5 7 151.4058
5 8 109.83723
5 9 165.77731
5 10 133.26626
5 11 148.29851
5 12 134.38373
5 13 174.18169
5 14 123.74644
5 15 127.46488
5 16 112.02508
5 17 134.35723
5 18 135.16849
5 19 194.89348
5 20 136.35346
5 21 131.43513
5 22 173.6609
5 23 159.26156
5 24 193.80227
5 25 117.42789
5 26 123.94541
5 27 185.91927
5 28 150.82123
5 29 151.2781
5 30 123.0722
5 31 153.23409
5 32 169.69877
5 33 159.75291
5 34 159.38586
5 35 147.50581
5 36 159.62967
5 37 155.16712
5 38 136.30073
5 39 147.52059
5 40 162.73646
5 41 110.40804
5 42 151.72179
5 43 116.47113
5 44 155.05535
5 45 184.9716
5 46 173.03151
5 47 153.33719
5 48 139.86423
5 49 182.05345
5 50 182.52049
5 51 173.42627
5 52 196.55593
5 53 106.5983
5 54 103.86436
5 55 126.71925
5 56 114.90436
5 57 120.43889
5 58 173.77963
5 59 151.49812
5 60 165.89329
5 61 183.45164
5 62 161.80435
5 63 146.91341
5 64 154.74039
5 65 132.512
5 66 144.70091
5 67 116.44333
5 68 144.28169
5 69 142.48247
5 70 106.0712
5 71 101.14667
5 72 171.74467
5 73 164.43264
5 74 186.11417
5 75 155.9454
5 76 154.96395
5 77 134.92685
5 78 102.30915
5 79 190.65164
5 80 151.22954
5 81 125.70823
5 82 191.96566
5 83 184.56598
5 84 148.70568
5 85 174.23912
5 86 117.66488
5 87 107.39311
5 88 121.18986
5 89 146.17091
5 90 107.44817
5 91 162.41089
5 92 178.27279
5 93 194.48409
5 94 115.42682
5 95 144.55917
5 96 103.49518
5 97 113.03695
5 98 170.16999
5 99 150.94152
6 7 150.71229
6 8 173.12878
6 9 139.93634
6 10 174.07646
6 11 179.67811
6 12 109.39204
6 13 120.91804
6 14 123.99148
6 15 130.98086
6 16 172.91491
6 17 100.7476
6 18 104.69054
6 19 179.86141
6 20 185.92516
6 21 131.35424
6 22 163.83505
6 23 195.61027
6 24 158.11342
6 25 170.94265
6 26 122.00878
6 27 162.8044
6 28 170.43573
6 29 131.57906
6 30 115.82912
6 31 191.08134
6 32 194.19028
6 33 152.78153
6 34 115.36881
6 35 131.6851
6 36 193.72197
6 37 144.22304
6 38 123.83342
6 39 151.03022
6 40 119.0686
6 41 122.74644
6 42 166.03479
6 43 181.57879
6 44 136.42903
6 45 171.2876
6 46 114.51313
6 47 148.34969
6 48 159.02064
6 49 193.06591
6 50 107.86801
6 51 113.17421
6 52 113.23924
6 53 118.32057
6 54 119.48153
6 55 167.28184
6 56 188.94049
6 57 197.53794
6 58 118.28034
6 59 182.87988
6 60 197.40823
6 61 134.9229
6 62 148.97792
6 63 111.11807
6 64 156.83817
6 65 184.01128
6 66 128.65123
6 67 108.3755
6 68 145.65859
6 69 196.02734
6 70 147.11032
6 71 172.6606
6 72 177.34447
6 73 156.84611
6 74 178.13731
6 75 154.7601
6 76 185.69793
6 77 168.07391
6 78 103.64994
6 79 195.16528
6 80 136.9235
6 81 113.2785
6 82 165.42277
6 83 112.90461
6 84 103.42009
6 85 185.02995
6 86 184.24736
6 87 147.71876
6 88 140.00386
6 89 182.25093
6 90 182.94022
6 91 111.43575
6 92 196.02521
6 93 159.36997
6 94 144.87182
6 95 171.9424
6 96 129.08991
6 97 132.30733
6 98 190.28581
6 99 185.83414
7 8 132.45044
7 9 118.69662
7 10 199.42137
7 11 147.9541
7 12 126.38849
7 13 100.04935
7 14 198.04882
7 15 122.2226
7 16 144.49023
7 17 170.62103
7 18 173.14376
7 19 147.32736
7 20 162.48699
7 21 121.27248
7 22 190.47051
7 23 146.20183
7 24 172.75188
7 25 198.22409
7 26 166.31948
7 27 104.55596
7 28 166.45972
7 29 184.22303
7 30 174.90081
7 31 182.12524
7 32 146.98133
7 33 192.07005
7 34 105.82583
7 35 120.12064
7 36 149.68975
7 37 104.02251
7 38 140.38705
7 39 114.74474
7 40 199.13133
7 41 165.35668
7 42 193.02523
7 43 107.84729
7 44 199.24051
7 45 160.97642
7 46 133.16738
7 47 161.05541
7 48 194.52867
7 49 138.87195
7 50 191.30465
7 51 185.17303
7 52 106.38451
7 53 177.59334
7 54 112.67464
7 55 125.87957
7 56 178.25429
7 57 155.06781
7 58 182.86925
7 59 131.62845
7 60 119.44984
7 61 140.28619
7 62 121.41534
7 63 119.45156
7 64 186.54265
7 65 179.59334
7 66 106.41672
7 67 135.3908
7 68 101.37858
7 69 152.86132
7 70 150.48793
7 71 106.76265
7 72 124.88626
7 73 193.85054
7 74 196.6056
7 75 131.02624
7 76 113.81795
7 77 185.8853
7 78 151.4211
7 79 177.19735
7 80 109.06128
7 81 143.62953
7 82 166.73397
7 83 146.42696
7 84 139.88192
7 85 113.70023
7 86 143.8905
7 87 118.34547
7 88 167.35546
7 89 116.89079
7 90 111.47127
7 91 106.15246
7 92 125.54191
7 93 150.21394
7 94 103.75036
7 95 158.3695
7 96 128.53408
7 97 199.33408
7 98 148.99819
7 99 133.16027
8 9 181.50495
8 10 137.3601
8 11 111.25891
8 12 102.51187
8 13 116.7724
8 14 167.13045
8 15 152.50994
8 16 180.23753
8 17 196.47271
8 18 198.38
8 19 134.95763
8 20 183.11469
8 21 137.25517
8 22 105.7555
8 23 149.97935
8 24 184.96121
8 25 173.11124
8 26 123.9631
8 27 189.18547
8 28 194.88751
8 29 128.10573
8 30 149.58626
8 31 158.31191
8 32 196.36583
8 33 113.47499
8 34 133.0154
8 35 190.52507
8 36 150.22188
8 37 137.19131
8 38 150.48291
8 39 108.77258
8 40 172.53263
8 41 129.9568
8 42 112.57833
8 43 162.54357
8 44 181.21426
8 45 141.31797
8 46 176.97356
8 47 194.73407
8 48 176.53075
8 49 149.8272
8 50 164.88046
8 51 127.58731
8 52 105.91091
8 53 127.5205
8 54 193.21259
8 55 189.26097
8 56 149.34623
8 57 188.54139
8 58 174.18794
8 59 126.38894
8 60 144.16193
8 61 119.17857
8 62 141.0616
8 63 131.85689
8 64 124.99398
8 65 100.89522
8 66 162.25112
8 67 180.56445
8 68 173.81312
8 69 174.38679
8 70 166.5164
8 71 119.99792
8 72 165.71175
8 73 137.89397
8 74 135.88593
8 75 199.38233
8 76 159.62057
8 77 131.76628
8 78 124.06893
8 79 176.75144
8 80 142.46199
8 81 194.07135
8 82 188.63171
8 83 123.03644
8 84 153.71438
8 85 140.11824
8 86 109.29081
8 87 120.64501
8 88 197.28339
8 89 154.74935
8 90 129.09151
8 91 136.88409
8 92 197.01273
8 93 194.25836
8 94 152.53922
8 95 192.77101
8 96 100.90293
8 97 164.36048
8 98 171.23409
8 99 164.17326
9 10 190.32323
9 11 115.51392
9 12 138.3636
9 13 157.73593
9 14 187.5149
9 15 139.10493
9 16 133.76615
9 17 130.30548
9 18 184.19415
9 19 115.21822
9 20 109.36815
9 21 145.67765
9 22 153.78773
9 23 131.02062
9 24 107.49135
9 25 102.80727
9 26 172.12694
9 27 114.81016
9 28 167.57484
9 29 168.44753
9 30 107.20639
9 31 138.8157
9 32 194.74333
9 33 191.43287
9 34 156.65325
9 35 153.72345
9 36 102.59288
9 37 136.27631
9 38 110.30032
9 39 116.16043
9 40 148.55956
9 41 173.53492
9 42 140.7911
9 43 123.48959
9 44 110.34465
9 45 179.31036
9 46 144.52983
9 47 136.18872
9 48 115.72731
9 49 135.96554
9 50 105.33183
9 51 148.39111
9 52 149.58547
9 53 135.80836
9 54 144.05149
9 55 112.48323
9 56 185.19005
9 57 124.94108
9 58 148.79006
9 59 128.76323
9 60 101.10211
9 61 137.1999
9 62 180.65198
9 63 191.67974
9 64 129.95122
9 65 165.77844
9 66 155.10955
9 67 121.05031
9 68 169.87254
9 69 151.11132
9 70 160.97244
9 71 161.0863
9 72 142.34258
9 73 112.52137
9 74 152.27221
9 75 166.08686
9 76 144.3083
9 77 184.56847
9 78 136.65719
9 79 186.07023
9 80 148.75277
9 81 195.25517
9 82 142.53441
9 83 186.74774
9 84 166.86164
9 85 121.34316
9 86 105.28078
9 87 158.02322
9 88 165.83598
9 89 190.11838
9 90 136.44285
9 91 128.14337
9 92 176.64374
9 93 188.50412
9 94 129.57277
9 95 104.14574
9 96 132.63991
9 97 147.28387
9 98 110.87388
9 99 181.58448
10 11 128.78769
10 12 195.20909
10 13 164.0021
10 14 165.5835
10 15 195.25415
10 16 126.56326
10 17 171.15588
10 18 190.39625
10 19 106.47385
10 20 173.17702
10 21 195.56845
10 22 113.10449
10 23 136.41098
10 24 101.79781
10 25 153.4176
10 26 131.96361
10 27 127.2758
10 28 106.46874
10 29 179.68939
10 30 174.52757
10 31 135.35154
10 32 148.44984
10 33 115.51914
10 34 112.58681
10 35 198.57534
10 36 136.36194
10 37 152.42041
10 38 176.65497
10 39 163.87126
10 40 154.87337
10 41 151.05906
10 42 169.78755
10 43 166.72578
10 44 126.66653
10 45 123.94463
10 46 153.70876
10 47 169.20352
10 48 199.62178
10 49 131.37141
10 50 119.27891
10 51 144.51283
10 52 129.27986
10 53 174.47196
10 54 148.82898
10 55 189.99139
10 56 199.19642
10 57 135.93195
10 58 134.22913
10 59 183.40915
10 60 190.01111
10 61 158.13883
10 62 181.41388
10 63 133.46573
10 64 108.64379
10 65 141.36892
10 66 174.87967
10 67 192.09705
10 68 168.25426
10 69 147.82955
10 70 157.9421
10 71 197.4863
10 72 140.04237
10 73 139.75714
10 74 127.26063
10 75 114.23465
10 76 132.92819
10 77 118.77258
10 78 133.74819
10 79 111.89797
10 80 153.35169
10 81 167.20898
10 82 184.3749
10 83 151.43107
10 84 167.53139
10 85 136.22417
10 86 109.97454
10 87 183.46546
10 88 144.04105
10 89 150.88642
10 90 162.47874
10 91 191.8219
10 92 143.5306
10 93 182.18542
10 94 152.78668
10 95 194.5603
10 96 136.77227
10 97 178.78895
10 98 114.46864
10 99 131.89556
11 12 113.74534
11 13 112.15809
11 14 184.88302
11 15 159.83039
11 16 198.04841
11 17 110.01284
11 18 106.17403
11 19 153.29751
11 20 158.52012
11 21 109.47343
11 22 153.00631
11 23 150.18545
11 24 158.39391
11 25 122.66179
11 26 125.15681
11 27 154.86657
11 28 195.05271
11 29 159.93477
11 30 129.84935
11 31 136.82627
11 32 156.17206
11 33 190.6942
11 34 191.71429
11 35 123.12943
11 36 199.83129
11 37 162.56319
11 38 102.08125
11 39 158.80475
11 40 169.03361
11 41 129.21567
11 42 188.25609
11 43 183.84992
11 44 174.91014
11 45 137.51592
11 46 144.33233
11 47 149.4212
11 48 117.60404
11 49 117.0806
11 50 198.79181
11 51 140.59011
11 52 187.7069
11 53 199.05904
11 54 167.87206
11 55 156.12338
11 56 171.56199
11 57 120.82808
11 58 138.0576
11 59 102.71376
11 60 185.17393
11 61 174.99002
11 62 125.56811
11 63 118.35557
11 64 175.99296
11 65 169.40257
11 66 181.40279
11 67 161.43721
11 68 154.04156
11 69 112.89804
11 70 154.91814
11 71 106.11401
11 72 158.90326
11 73 158.65674
11 74 123.52865
11 75 189.50512
11 76 117.41864
11 77 161.70117
11 78 116.51561
11 79 185.08665
11 80 122.21351
11 81 193.47881
11 82 136.72535
11 83 103.78662
11 84 188.13443
11 85 145.1652
11 86 160.29127
11 87 186.08268
11 88 109.33702
11 89 109.42971
11 90 156.33814
11 91 153.32473
11 92 155.76749
11 93 128.74005
11 94 169.47224
11 95 167.4921
11 96 163.03026
11 97 100.87606
11 98 119.5752
11 99 103.016
12 13 185.01859
12 14 130.44108
12 15 157.64298
12 16 122.75687
12 17 147.2363
12 18 122.07412
12 19 133.78601
12 20 168.85544
12 21 101.79801
12 22 196.02206
12 23 140.38235
12 24 152.45269
12 25 142.54728
12 26 169.5405
12 27 178.44081
12 28 190.09294
12 29 180.93868
12 30 158.11065
12 31 122.1421
12 32 131.00461
12 33 140.62825
12 34 152.76351
12 35 143.07159
12 36 155.22809
12 37 163.80089
12 38 121.82271
12 39 102.77674
12 40 170.31985
12 41 172.31803
12 42 108.21439
12 43 192.48508
12 44 135.54214
12 45 116.3462
12 46 119.43534
12 47 104.6626
12 48 179.92196
12 49 103.98324
12 50 150.2712
12 51 193.29655
12 52 194.90976
12 53 156.45817
12 54 195.40347
12 55 111.29549
12 56 162.66942
12 57 101.32594
12 58 177.95034
12 59 134.32374
12 60 166.20226
12 61 170.2037
12 62 186.75026
12 63 164.16711
12 64 146.56389
12 65 135.52687
12 66 146.23414
12 67 167.87628
12 68 179.00254
12 69 100.10156
12 70 134.00232
12 71 118.0355
12 72 137.46524
12 73 186.80993
12 74 128.84967
12 75 181.62199
12 76 156.2825
12 77 142.05601
12 78 169.92504
12 79 116.44982
12 80 113.08802
12 81 111.51029
12 82 105.73789
12 83 119.87456
12 84 186.09241
12 85 187.67142
12 86 104.2914
12 87 159.82454
12 88 154.69289
12 89 130.83335
12 90 186.80152
12 91 168.55638
12 92 123.47594
12 93 165.84454
12 94 181.77505
12 95 152.91573
12 96 162.74257
12 97 134.86768
12 98 160.68692
12 99 170.20737
13 14 150.39823
13 15 121.48544
13 16 104.03842
13 17 113.51821
13 18 147.73063
13 19 160.45537
13 20 172.09217
13 21 145.90893
13 22 185.52126
13 23 129.50113
13 24 170.0296
13 25 180.48968
13 26 152.97742
13 27 118.1052
13 28 125.52022
13 29 107.04102
13 30 182.10795
13 31 166.63614
13 32 169.37732
13 33 171.76252
13 34 172.6762
13 35 120.23561
13 36 120.70802
13 37 171.18421
13 38 161.58267
13 39 107.53278
13 40 162.57401
13 41 163.77177
13 42 147.07817
13 43 187.44416
13 44 159.28998
13 45 111.29479
13 46 104.39942
13 47 186.95156
13 48 181.06288
13 49 158.92814
13 50 194.07703
13 51 119.26331
13 52 119.58146
13 53 104.50577
13 54 190.04417
13 55 170.14622
13 56 176.34891
13 57 144.95823
13 58 177.24086
13 59 143.81477
13 60 160.49962
13 61 181.53053
13 62 121.68585
13 63 101.68438
13 64 193.10434
13 65 110.29265
13 66 148.98657
13 67 161.30668
13 68 187.4955
13 69 122.15594
13 70 160.28983
13 71 183.44974
13 72 153.13884
13 73 146.79873
13 74 104.04178
13 75 100.09407
13 76 112.12645
13 77 102.35497
13 78 115.11985
13 79 179.87811
13 80 190.77023
13 81 127.18916
13 82 139.21407
13 83 184.28926
13 84 191.71658
13 85 199.72851
13 86 169.46977
13 87 146.83969
13 88 191.44459
13 89 189.57258
13 90 186.51546
13 91 186.16068
13 92 142.71951
13 93 152.58819
13 94 174.92988
13 95 170.90666
13 96 191.59854
13 97 147.58633
13 98 177.85132
13 99 176.33183
14 15 165.50888
14 16 195.13105
14 17 166.31456
14 18 128.43243
14 19 183.33362
14 20 196.83081
14 21 144.324
14 22 150.76479
14 23 181.41211
14 24 151.68317
14 25 186.84816
14 26 198.27548
14 27 196.54628
14 28 142.8615
14 29 144.38836
14 30 183.19789
14 31 190.18793
14 32 103.11598
14 33 194.27749
14 34 129.18318
14 35 161.33952
14 36 103.91091
14 37 139.20434
14 38 165.38592
14 39 162.11747
14 40 105.12355
14 41 143.45191
14 42 148.94673
14 43 162.79056
14 44 139.80285
14 45 158.96572
14 46 198.79067
14 47 144.53588
14 48 123.35031
14 49 136.53686
14 50 122.85966
14 51 116.05692
14 52 155.9914
14 53 165.84122
14 54 154.06077
14 55 104.85514
14 56 159.63009
14 57 184.97457
14 58 130.56868
14 59 151.40465
14 60 119.66999
14 61 177.51323
14 62 117.31688
14 63 163.02516
14 64 152.66764
14 65 103.3866
14 66 107.8407
14 67 164.66798
14 68 194.40093
14 69 112.55193
14 70 128.79743
14 71 127.34065
14 72 121.33556
14 73 178.5285
14 74 180.4789
14 75 111.96733
14 76 149.89194
14 77 171.72522
14 78 156.93088
14 79 149.42737
14 80 174.87759
14 81 160.28123
14 82 153.89759
14 83 159.41675
14 84 193.28987
14 85 199.88276
14 86 193.20218
14 87 108.03533
14 88 188.26765
14 89 157.03721
14 90 117.77173
14 91 122.01717
14 92 130.84648
14 93 139.12085
14 94 126.36737
14 95 131.07921
14 96 146.3189
14 97 137.84044
14 98 171.1976
14 99 146.43437
15 16 186.22369
15 17 192.21784
15 18 160.57827
15 19 127.03841
15 20 196.38609
15 21 120.24487
15 22 162.92998
15 23 146.60439
15 24 137.68563
15 25 141.77273
15 26 148.55412
15 27 136.25664
15 28 158.62266
15 29 179.14195
15 30 143.81436
15 31 164.66035
15 32 171.67664
15 33 184.26363
15 34 171.90002
15 35 194.83788
15 36 172.02164
15 37 170.11582
15 38 122.95571
15 39 198.48008
15 40 133.87446
15 41 128.6186
15 42 121.33451
15 43 139.67347
15 44 171.59944
15 45 151.81391
15 46 178.48413
15 47 106.75971
15 48 184.67507
15 49 199.74871
15 50 140.99262
15 51 185.57755
15 52 159.18235
15 53 147.78054
15 54 105.87822
15 55 183.45878
15 56 186.70544
15 57 190.00114
15 58 151.95996
15 59 193.8538
15 60 115.37241
15 61 112.51189
15 62 180.40574
15 63 198.62251
15 64 156.71467
15 65 148.85137
15 66 161.93006
15 67 117.69983
15 68 120.92076
15 69 131.51613
15 70 162.98062
15 71 124.35862
15 72 197.67191
15 73 115.38197
15 74 199.67729
15 75 109.84294
15 76 173.16057
15 77 199.42991
15 78 100.06713
15 79 144.74083
15 80 130.28215
15 81 172.42249
15 82 192.58399
15 83 199.54481
15 84 150.3534
15 85 146.97848
15 86 180.64955
15 87 159.35068
15 88 129.59819
15 89 171.31689
15 90 194.02878
15 91 164.92358
15 92 112.90941
15 93 142.26139
15 94 164.38893
15 95 113.23376
15 96 176.67767
15 97 102.02898
15 98 113.95794
15 99 152.4778
16 17 129.15693
16 18 163.85889
16 19 149.28105
16 20 101.98421
16 21 102.87656
16 22 125.25634
16 23 136.37644
16 24 192.81106
16 25 159.48947
16 26 121.59637
16 27 105.50161
16 28 182.03702
16 29 197.26746
16 30 164.07757
16 31 163.96838
16 32 174.63795
16 33 191.05863
16 34 150.41342
16 35 173.13483
16 36 106.56711
16 37 134.14191
16 38 182.87326
16 39 189.99987
16 40 162.42185
16 41 172.22564
16 42 156.43601
16 43 129.37687
16 44 123.76822
16 45 135.18311
16 46 148.63093
16 47 192.80064
16 48 144.03484
16 49 117.93853
16 50 136.80705
16 51 158.20312
16 52 159.31954
16 53 177.40895
16 54 158.61913
16 55 116.53335
16 56 154.59675
16 57 114.52453
16 58 175.75585
16 59 167.30904
16 60 143.95388
16 61 108.26403
16 62 139.25238
16 63 123.69864
16 64 113.47568
16 65 136.64815
16 66 122.16391
16 67 153.82976
16 68 139.41903
16 69 125.53017
16 70 132.5426
16 71 125.85097
16 72 108.37456
16 73 159.32293
16 74 174.99359
16 75 143.45235
16 76 111.22916
16 77 198.39085
16 78 199.75321
16 79 195.37752
16 80 108.94348
16 81 130.29555
16 82 143.45862
16 83 116.15153
16 84 129.39859
16 85 121.53559
16 86 149.04253
16 87 128.69625
16 88 156.66567
16 89 151.21922
16 90 182.42119
16 91 153.2222
16 92 138.22401
16 93 164.84533
16 94 113.07437
16 95 115.79057
16 96 152.56249
16 97 110.2356
16 98 136.81265
16 99 133.24931
17 18 114.40795
17 19 151.64756
17 20 106.35816
17 21 119.34903
17 22 117.40869
17 23 146.25038
17 24 151.77865
17 25 194.2888
17 26 151.49823
17 27 130.21969
17 28 162.76285
17 29 150.69234
17 30 110.62766
17 31 191.7105
17 32 102.25434
17 33 130.59031
17 34 154.64951
17 35 173.10428
17 36 139.46279
17 37 112.58679
17 38 177.19275
17 39 170.62845
17 40 135.31502
17 41 153.94509
17 42 176.62603
17 43 179.53184
17 44 149.66997
17 45 113.7589
17 46 103.83105
17 47 103.21805
17 48 188.27289
17 49 189.32863
17 50 173.72021
17 51 117.44004
17 52 109.52204
17 53 190.96981
17 54 135.3886
17 55 151.34285
17 56 138.11957
17 57 116.42528
17 58 126.62194
17 59 190.896
17 60 190.52707
17 61 155.32751
17 62 101.93703
17 63 127.7699
17 64 173.85509
17 65 167.24843
17 66 166.12659
17 67 123.40069
17 68 191.69144
17 69 105.41188
17 70 111.87392
17 71 174.12492
17 72 111.90127
17 73 191.76937
17 74 146.17825
17 75 103.36168
17 76 172.86928
17 77 150.22037
17 78 174.47875
17 79 121.18141
17 80 143.43813
17 81 161.56222
17 82 137.8137
17 83 156.2633
17 84 155.6989
17 85 149.40369
17 86 138.90604
17 87 194.92802
17 88 173.71518
17 89 129.39241
17 90 143.87638
17 91 195.47375
17 92 125.93744
17 93 161.83724
17 94 178.45922
17 95 101.07704
17 96 105.72024
17 97 190.86993
17 98 164.19789
17 99 181.40167
18 19 129.72736
18 20 147.18903
18 21 117.97539
18 22 145.92178
18 23 105.39205
18 24 179.14721
18 25 150.05971
18 26 101.08748
18 27 101.79866
18 28 145.78558
18 29 108.77705
18 30 164.02431
18 31 136.47947
18 32 165.55018
18 33 107.43399
18 34 162.7619
18 35 116.3467
18 36 194.06196
18 37 147.19998
18 38 123.60427
18 39 191.65254
18 40 158.76392
18 41 170.4941
18 42 109.98401
18 43 136.56849
18 44 113.67762
18 45 131.56723
18 46 185.27048
18 47 147.53506
18 48 142.3041
18 49 170.37602
18 50 148.96489
18 51 188.35167
18 52 183.98609
18 53 160.96013
18 54 147.7043
18 55 152.47341
18 56 115.24485
18 57 116.62058
18 58 197.07494
18 59 188.09929
18 60 143.13123
18 61 153.3309
18 62 118.66361
18 63 178.90394
18 64 136.17231
18 65 108.59703
18 66 129.64915
18 67 102.50728
18 68 132.23486
18 69 132.6237
18 70 124.24868
18 71 182.43253
18 72 172.01854
18 73 176.80818
18 74 157.9125
18 75 104.13089
18 76 179.3305
18 77 114.87729
18 78 175.14221
18 79 132.92
18 80 116.58619
18 81 199.30577
18 82 152.60872
18 83 136.36578
18 84 180.06139
18 85 118.90598
18 86 172.76918
18 87 162.88321
18 88 197.12557
18 89 130.69926
18 90 190.28558
18 91 186.54328
18 92 178.86956
18 93 120.52859
18 94 122.30995
18 95 175.63725
18 96 105.86891
18 97 159.15447
18 98 187.31396
18 99 195.08565
19 20 169.08776
19 21 125.94375
19 22 175.69935
19 23 110.48788
19 24 116.15732
19 25 140.41053
19 26 154.83833
19 27 128.6034
19 28 109.86088
19 29 107.37023
19 30 107.17408
19 31 108.86253
19 32 170.7814
19 33 140.33709
19 34 103.02851
19 35 142.90422
19 36 167.75692
19 37 158.21061
19 38 168.28434
19 39 134.12688
19 40 104.19795
19 41 123.27433
19 42 199.78298
19 43 185.86111
19 44 133.66696
19 45 128.60882
19 46 194.94781
19 47 194.06964
19 48 171.08474
19 49 193.60743
19 50 152.22855
19 51 101.96397
19 52 169.4085
19 53 145.11843
19 54 113.19564
19 55 161.27148
19 56 156.97178
19 57 152.32857
19 58 111.48812
19 59 141.66882
19 60 116.89864
19 61 146.99015
19 62 181.22308
19 63 124.60667
19 64 167.18951
19 65 133.84559
19 66 180.38772
19 67 133.73944
19 68 136.81092
19 69 172.01886
19 70 115.95051
19 71 176.42799
19 72 130.37957
19 73 134.86047
19 74 150.09652
19 75 105.73085
19 76 127.2323
19 77 183.44433
19 78 152.37467
19 79 189.41583
19 80 193.1658
19 81 114.67094
19 82 152.53487
19 83 127.2698
19 84 191.82817
19 85 122.35114
19 86 124.89891
19 87 118.7064
19 88 120.63252
19 89 148.57037
19 90 183.89104
19 91 194.55271
19 92 107.79447
19 93 106.67907
19 94 168.53
19 95 155.60783
19 96 153.53226
19 97 197.08026
19 98 160.98728
19 99 163.6085
20 21 144.02584
20 22 110.65735
20 23 120.15119
20 24 195.38421
20 25 122.37632
20 26 145.49154
20 27 159.29787
20 28 195.95584
20 29 194.76921
20 30 116.41467
20 31 180.44055
20 32 198.50252
20 33 176.26724
20 34 188.16281
20 35 154.74715
20 36 133.61043
20 37 197.50168
20 38 102.77362
20 39 182.9939
20 40 160.49089
20 41 184.21427
20 42 170.5615
20 43 124.93404
20 44 169.08651
20 45 127.11055
20 46 131.93137
20 47 173.98591
20 48 143.63455
20 49 132.45766
20 50 107.0101
20 51 127.35883
20 52 139.15316
20 53 189.3374
20 54 191.48763
20 55 154.46534
20 56 111.23063
20 57 106.59099
20 58 128.86899
20 59 153.07176
20 60 178.06679
20 61 186.81971
20 62 153.88027
20 63 125.82448
20 64 107.54345
20 65 108.43147
20 66 119.05195
20 67 191.94691
20 68 147.36297
20 69 188.81365
20 70 132.94217
20 71 199.64771
20 72 177.02051
20 73 133.79491
20 74 149.73805
20 75 194.39949
20 76 104.34808
20 77 126.55813
20 78 191.29053
20 79 142.41721
20 80 193.91947
20 81 177.13628
20 82 184.07016
20 83 164.26957
20 84 133.11544
20 85 128.346
20 86 105.39188
20 87 195.48012
20 88 184.98509
20 89 102.29604
20 90 146.92665
20 91 116.63398
20 92 152.35777
20 93 188.5455
20 94 126.86908
20 95 112.82208
20 96 148.38933
20 97 157.69172
20 98 104.52517
20 99 182.24914
21 22 172.41885
21 23 135.10985
21 24 148.42024
21 25 176.30666
21 26 124.66589
21 27 194.45574
21 28 168.95078
21 29 149.32502
21 30 124.19341
21 31 161.48349
21 32 159.98202
21 33 150.6274
21 34 103.75395
21 35 181.86073
21 36 112.06201
21 37 163.79975
21 38 129.06916
21 39 193.20369
21 40 147.03331
21 41 101.52735
21 42 177.84454
21 43 126.17106
21 44 111.38677
21 45 191.31472
21 46 154.17486
21 47 103.48276
21 48 120.4093
21 49 149.65936
21 50 142.94396
21 51 134.7458
21 52 185.51861
21 53 156.92121
21 54 146.01868
21 55 154.93978
21 56 154.63243
21 57 135.69534
21 58 100.5272
21 59 180.62997
21 60 157.15742
21 61 127.98939
21 62 138.33379
21 63 153.11117
21 64 162.23452
21 65 168.18674
21 66 169.12814
21 67 114.99666
21 68 133.35801
21 69 115.90774
21 70 181.31446
21 71 155.2775
21 72 124.92028
21 73 151.83967
21 74 114.16625
21 75 125.35405
21 76 112.30124
21 77 172.50972
21 78 113.91544
21 79 103.30705
21 80 147.68523
21 81 182.41795
21 82 197.34728
21 83 183.27649
21 84 110.55675
21 85 157.90467
21 86 188.51451
21 87 193.52461
21 88 113.61692
21 89 102.86006
21 90 154.30808
21 91 123.28282
21 92 162.24213
21 93 178.86254
21 94 122.37858
21 95 164.776
21 96 167.19014
21 97 129.30144
21 98 142.30583
21 99 179.87099
22 23 117.99891
22 24 105.14833
22 25 185.48715
22 26 197.37648
22 27 152.71435
22 28 182.96148
22 29 128.58477
22 30 101.39585
22 31 197.02716
22 32 184.40496
22 33 144.59019
22 34 102.46008
22 35 170.41867
22 36 118.27229
22 37 171.50123
22 38 173.66039
22 39 136.84957
22 40 194.6173
22 41 155.40961
22 42 174.89138
22 43 101.05091
22 44 170.87326
22 45 163.3542
22 46 175.6162
22 47 181.63369
22 48 155.78071
22 49 195.00411
22 50 143.02228
22 51 133.85824
22 52 189.33674
22 53 178.05996
22 54 155.3787
22 55 146.15231
22 56 149.51326
22 57 107.36447
22 58 152.48584
22 59 197.39192
22 60 148.46048
22 61 138.00771
22 62 160.28064
22 63 178.05471
22 64 194.1801
22 65 176.426
22 66 146.55669
22 67 129.43326
22 68 189.15139
22 69 116.82374
22 70 133.02212
22 71 175.2329
22 72 162.46389
22 73 193.65422
22 74 162.55817
22 75 113.81927
22 76 132.26027
22 77 153.63557
22 78 132.84997
22 79 170.37521
22 80 121.95026
22 81 144.99823
22 82 198.82092
22 83 158.24923
22 84 142.63589
22 85 170.21511
22 86 179.12787
22 87 113.78527
22 88 187.03535
22 89 175.68473
22 90 164.54448
22 91 150.03888
22 92 187.9366
22 93 177.25256
22 94 181.00234
22 95 191.30549
22 96 161.17515
22 97 156.23509
22 98 127.79425
22 99 167.72796
23 24 133.97465
23 25 115.14664
23 26 145.43294
23 27 113.4209
23 28 137.62691
23 29 101.73186
23 30 146.9579
23 31 152.78949
23 32 131.26718
23 33 195.77407
23 34 164.8733
23 35 185.84688
23 36 128.66276
23 37 181.65184
23 38 183.45474
23 39 178.84947
23 40 197.87719
23 41 143.63626
23 42 114.59295
23 43 150.5138
23 44 102.485
23 45 159.58306
23 46 150.2992
23 47 100.42942
23 48 120.4236
23 49 177.48846
23 50 182.54982
23 51 122.51461
23 52 161.41801
23 53 101.00966
23 54 119.25196
23 55 143.49795
23 56 131.91485
23 57 144.44227
23 58 169.68696
23 59 158.85913
23 60 199.57158
23 61 119.00724
23 62 161.65195
23 63 151.14014
23 64 171.23018
23 65 126.01699
23 66 183.26922
23 67 108.30092
23 68 108.81498
23 69 178.42031
23 70 150.86145
23 71 122.36171
23 72 117.60399
23 73 137.83067
23 74 102.06537
23 75 107.66611
23 76 104.40089
23 77 192.1165
23 78 179.14226
23 79 121.62524
23 80 132.02641
23 81 150.72877
23 82 156.09302
23 83 121.09517
23 84 164.30656
23 85 121.85542
23 86 169.81444
23 87 167.70603
23 88 190.62885
23 89 193.22787
23 90 149.1001
23 91 113.67014
23 92 166.32493
23 93 167.63302
23 94 181.34233
23 95 173.51929
23 96 180.36069
23 97 182.3704
23 98 115.86086
23 99 128.69823
24 25 172.39426
24 26 148.89778
24 27 194.85848
24 28 173.08776
24 29 112.67369
24 30 115.91267
24 31 110.05901
24 32 111.54268
24 33 193.90402
24 34 143.00046
24 35 152.97164
24 36 128.09348
24 37 143.52182
24 38 103.08925
24 39 118.29539
24 40 102.46519
24 41 162.42262
24 42 185.52996
24 43 108.20439
24 44 170.85469
24 45 131.31334
24 46 195.79035
24 47 120.55221
24 48 133.43389
24 49 156.27677
24 50 162.77913
24 51 105.05318
24 52 102.4078
24 53 177.88691
24 54 118.43929
24 55 110.21608
24 56 184.37731
24 57 138.64519
24 58 137.0531
24 59 139.46852
24 60 162.14585
24 61 112.22952
24 62 130.29006
24 63 134.62268
24 64 132.64262
24 65 151.98305
24 66 134.28513
24 67 105.73974
24 68 114.41607
24 69 189.00571
24 70 179.13023
24 71 138.86645
24 72 180.46597
24 73 123.19746
24 74 178.42115
24 75 160.44013
24 76 167.02483
24 77 125.59815
24 78 165.41207
24 79 116.39675
24 80 158.32107
24 81 122.17141
24 82 166.7138
24 83 184.88327
24 84 141.02482
24 85 101.65525
24 86 120.9413
24 87 190.84748
24 88 127.84632
24 89 172.94351
24 90 131.62552
24 91 117.21839
24 92 127.14572
24 93 164.42888
24 94 178.825
24 95 166.06274
24 96 151.59403
24 97 167.20636
24 98 193.32959
24 99 193.18209
25 26 157.38277
25 27 101.38868
25 28 147.89582
25 29 164.89174
25 30 174.8028
25 31 194.30808
25 32 189.98998
25 33 144.37393
25 34 124.02842
25 35 199.73274
25 36 121.50433
25 37 147.58567
25 38 157.53741
25 39 126.789
25 40 156.01616
25 41 117.23014
25 42 195.67601
25 43 131.50842
25 44 170.36181
25 45 160.56502
25 46 178.02775
25 47 122.36726
25 48 162.89193
25 49 104.54737
25 50 176.25675
25 51 183.3204
25 52 108.15592
25 53 101.94447
25 54 180.75802
25 55 187.12943
25 56 117.31751
25 57 185.57947
25 58 158.43383
25 59 179.47428
25 60 133.10575
25 61 192.03634
25 62 160.34405
25 63 149.81463
25 64 119.92555
25 65 115.62236
25 66 188.42749
25 67 173.69786
25 68 100.80682
25 69 134.36902
25 70 196.05852
25 71 116.62435
25 72 110.05686
25 73 141.45812
25 74 104.0956
25 75 195.40915
25 76 197.37272
25 77 160.31416
25 78 122.95468
25 79 199.16416
25 80 176.64408
25 81 109.58399
25 82 154.51084
25 83 190.43707
25 84 105.90209
25 85 176.04308
25 86 105.91958
25 87 114.42704
25 88 101.31343
25 89 146.41614
25 90 102.51406
25 91 159.52585
25 92 162.2261
25 93 188.68153
25 94 147.0133
25 95 127.49138
25 96 191.97855
25 97 103.99331
25 98 149.78776
25 99 143.38566
26 27 161.73808
26 28 169.34093
26 29 166.029
26 30 198.03724
26 31 108.14221
26 32 162.40036
26 33 143.25855
26 34 132.83393
26 35 188.09261
26 36 192.94749
26 37 137.99841
26 38 186.01504
26 39 192.9524
26 40 132.59336
26 41 149.98985
26 42 164.17824
26 43 156.97901
26 44 188.92238
26 45 147.51487
26 46 117.53205
26 47 176.85939
26 48 170.91688
26 49 162.19169
26 50 172.35996
26 51 126.37673
26 52 128.26443
26 53 101.67318
26 54 144.96708
26 55 159.24511
26 56 136.73062
26 57 171.70342
26 58 156.50784
26 59 132.02857
26 60 113.94078
26 61 119.14255
26 62 166.65426
26 63 197.4493
26 64 131.30453
26 65 121.15259
26 66 184.23082
26 67 194.4219
26 68 185.7085
26 69 152.5019
26 70 130.06222
26 71 169.13913
26 72 137.18863
26 73 146.01997
26 74 185.21468
26 75 172.71214
26 76 148.65871
26 77 106.89777
26 78 113.27657
26 79 103.16023
26 80 152.11746
26 81 126.09613
26 82 137.1357
26 83 146.87974
26 84 147.71514
26 85 104.84152
26 86 167.6888
26 87 141.89135
26 88 151.70043
26 89 148.93467
26 90 144.46209
26 91 170.9612
26 92 114.19944
26 93 187.9837
26 94 169.08288
26 95 122.83848
26 96 100.6978
26 97 158.41507
26 98 184.15244
26 99 171.01722
27 28 128.60372
27 29 140.50636
27 30 156.63112
27 31 180.44942
27 32 183.57843
27 33 177.72868
27 34 164.09521
27 35 192.54551
27 36 103.7426
27 37 109.98269
27 38 123.89375
27 39 111.76569
27 40 189.06048
27 41 111.11157
27 42 140.35232
27 43 112.25156
27 44 156.11266
27 45 171.85814
27 46 151.48633
27 47 182.91493
27 48 150.05059
27 49 153.82111
27 50 117.74982
27 51 166.02925
27 52 183.73611
27 53 124.79628
27 54 180.15717
27 55 137.85757
27 56 109.361
27 57 199.0183
27 58 152.62828
27 59 113.42647
27 60 114.53992
27 61 160.21671
27 62 134.84603
27 63 169.36633
27 64 111.09111
27 65 198.69926
27 66 108.52222
27 67 154.01974
27 68 188.89888
27 69 170.15749
27 70 178.71414
27 71 160.82615
27 72 174.68641
27 73 103.30486
27 74 126.95981
27 75 195.31283
27 76 113.54065
27 77 155.17646
27 78 137.466
27 79 128.69449
27 80 184.39406
27 81 177.67144
27 82 191.15498
27 83 102.8118
27 84 140.71927
27 85 123.13829
27 86 185.70542
27 87 165.24461
27 88 101.02255
27 89 199.02213
27 90 104.65144
27 91 121.51659
27 92 145.24767
27 93 168.27733
27 94 190.16692
27 95 126.90779
27 96 141.3357
27 97 163.98363
27 98 128.74742
27 99 194.37196
28 29 121.55689
28 30 151.11131
28 31 152.62523
28 32 177.00055
28 33 171.69753
28 34 138.29509
28 35 163.78858
28 36 112.55315
28 37 112.57805
28 38 142.66455
28 39 134.43269
28 40 114.38461
28 41 103.8931
28 42 131.62483
28 43 143.72515
28 44 108.14874
28 45 142.76155
28 46 182.24322
28 47 177.09752
28 48 186.08737
28 49 188.62908
28 50 132.76706
28 51 100.34199
28 52 192.69594
28 53 140.47325
28 54 192.52812
28 55 169.3645
28 56 183.1669
28 57 117.77933
28 58 105.32902
28 59 101.756
28 60 183.98361
28 61 153.09914
28 62 139.86584
28 63 152.3061
28 64 179.66506
28 65 190.45201
28 66 152.76575
28 67 190.76119
28 68 166.01128
28 69 155.25654
28 70 194.11997
28 71 175.61252
28 72 169.1013
28 73 185.05273
28 74 109.34944
28 75 127.29288
28 76 164.50102
28 77 198.79203
28 78 192.19181
28 79 171.68793
28 80 115.76285
28 81 135.52146
28 82 182.51121
28 83 194.20232
28 84 177.14129
28 85 112.23663
28 86 109.57821
28 87 158.58308
28 88 144.27644
28 89 109.77931
28 90 104.46976
28 91 177.32143
28 92 128.91894
28 93 199.64184
28 94 165.37939
28 95 189.97941
28 96 127.78103
28 97 126.05372
28 98 105.46943
28 99 109.83326
29 30 138.6538
29 31 132.21793
29 32 150.9429
29 33 125.42793
29 34 146.39232
29 35 102.42183
29 36 184.42929
29 37 149.80603
29 38 148.42463
29 39 131.51812
29 40 174.96173
29 41 140.96946
29 42 109.60558
29 43 108.24982
29 44 106.73176
29 45 179.2974
29 46 191.87623
29 47 151.30716
29 48 132.4502
29 49 146.2024
29 50 189.20182
29 51 160.28628
29 52 180.52951
29 53 194.85594
29 54 114.14339
29 55 122.93461
29 56 182.7842
29 57 181.44883
29 58 145.6241
29 59 152.70021
29 60 194.70692
29 61 101.30804
29 62 166.21497
29 63 179.80465
29 64 167.01605
29 65 102.53262
29 66 120.9527
29 67 195.41567
29 68 123.58825
29 69 117.18117
29 70 141.314
29 71 143.68979
29 72 164.83017
29 73 172.0938
29 74 175.55146
29 75 184.87285
29 76 169.38156
29 77 196.65077
29 78 194.25332
29 79 107.24156
29 80 105.24709
29 81 152.8737
29 82 171.58189
29 83 163.16745
29 84 197.72161
29 85 102.50337
29 86 131.69743
29 87 171.21243
29 88 144.41959
29 89 111.13198
29 90 190.38751
29 91 146.96531
29 92 124.23094
29 93 152.20071
29 94 191.93238
29 95 128.94926
29 96 103.39725
29 97 185.97788
29 98 169.99629
29 99 157.74357
30 31 184.98789
30 32 128.97235
30 33 177.26209
30 34 199.13185
30 35 163.33599
30 36 157.68279
30 37 157.83729
30 38 150.168
30 39 146.62241
30 40 190.4612
30 41 186.66876
30 42 107.91118
30 43 146.61236
30 44 131.53589
30 45 170.72416
30 46 137.84376
30 47 144.91412
30 48 179.41355
30 49 175.33253
30 50 159.81459
30 51 114.97325
30 52 153.78655
30 53 165.89131
30 54 154.71887
30 55 168.27727
30 56 143.15999
30 57 176.24487
30 58 119.63516
30 59 146.39169
30 60 187.84109
30 61 149.78977
30 62 103.98815
30 63 166.14936
30 64 156.96984
30 65 100.10925
30 66 119.68977
30 67 173.02928
30 68 187.17084
30 69 196.91223
30 70 180.78868
30 71 129.81458
30 72 157.13002
30 73 188.30764
30 74 112.46588
30 75 186.0104
30 76 143.155
30 77 152.32549
30 78 188.24918
30 79 182.17225
30 80 164.47013
30 81 100.02004
30 82 180.66442
30 83 186.51842
30 84 100.2206
30 85 189.71704
30 86 173.20104
30 87 135.19919
30 88 163.85026
30 89 186.07235
30 90 112.43978
30 91 150.59745
30 92 185.90131
30 93 154.80049
30 94 132.30187
30 95 146.84947
30 96 144.93009
30 97 133.44
30 98 143.10751
30 99 101.48952
31 32 128.38282
31 33 174.79284
31 34 112.67399
31 35 171.55566
31 36 187.59438
31 37 111.69015
31 38 186.604
31 39 169.15446
31 40 115.51509
31 41 168.44164
31 42 127.19089
31 43 151.9082
31 44 148.82833
31 45 142.18035
31 46 145.60601
31 47 182.7374
31 48 131.75581
31 49 170.14457
31 50 104.37666
31 51 114.43296
31 52 186.92168
31 53 188.57818
31 54 126.05946
31 55 131.38366
31 56 102.07724
31 57 101.86412
31 58 145.03728
31 59 136.23033
31 60 123.0889
31 61 106.79664
31 62 190.34206
31 63 152.48267
31 64 163.85552
31 65 158.63108
31 66 198.56022
31 67 106.27191
31 68 107.25637
31 69 183.30809
31 70 190.35949
31 71 175.15901
31 72 129.06198
31 73 149.87375
31 74 134.72042
31 75 176.55842
31 76 140.68116
31 77 125.26686
31 78 150.10907
31 79 136.89965
31 80 175.777
31 81 137.54335
31 82 169.93348
31 83 192.76178
31 84 166.79878
31 85 141.66157
31 86 127.97017
31 87 142.13813
31 88 133.85596
31 89 195.02836
31 90 131.12442
31 91 193.49264
31 92 140.87113
31 93 195.49376
31 94 186.08031
31 95 137.54511
31 96 100.9625
31 97 158.32838
31 98 162.539
31 99 174.37871
32 33 125.31125
32 34 122.04388
32 35 176.08809
32 36 132.23492
32 37 131.06465
32 38 169.71885
32 39 182.6315
32 40 112.82245
32 41 128.99011
32 42 175.14655
32 43 150.21559
32 44 192.46994
32 45 153.73622
32 46 113.15379
32 47 172.13039
32 48 102.29569
32 49 131.93294
32 50 124.76167
32 51 177.73036
32 52 123.60602
32 53 166.70794
32 54 107.74829
32 55 164.82822
32 56 192.90846
32 57 131.77422
32 58 136.72922
32 59 193.83104
32 60 152.47194
32 61 110.50164
32 62 174.25918
32 63 156.03471
32 64 112.98381
32 65 183.02811
32 66 193.27606
32 67 122.50944
32 68 118.24304
32 69 138.4548
32 70 111.42025
32 71 130.22079
32 72 136.9736
32 73 147.78339
32 74 157.95199
32 75 112.55763
32 76 186.51146
32 77 112.43968
32 78 172.36043
32 79 129.59059
32 80 169.73475
32 81 194.20971
32 82 162.53929
32 83 142.19625
32 84 157.92285
32 85 192.38181
32 86 138.39706
32 87 180.59325
32 88 145.21696
32 89 179.12486
32 90 187.05449
32 91 145.97691
32 92 121.85812
32 93 145.03697
32 94 140.47862
32 95 105.6701
32 96 121.9575
32 97 160.34866
32 98 100.39358
32 99 170.43496
33 34 148.18801
33 35 188.2885
33 36 199.46175
33 37 174.10056
33 38 141.46054
33 39 184.65305
33 40 137.4276
33 41 146.33166
33 42 117.76695
33 43 169.67612
33 44 158.41546
33 45 156.51983
33 46 147.16073
33 47 159.64283
33 48 103.70398
33 49 109.21677
33 50 130.38606
33 51 137.10004
33 52 113.71412
33 53 196.15699
33 54 101.28087
33 55 191.89816
33 56 103.18221
33 57 103.09134
33 58 169.9121
33 59 132.95992
33 60 137.26018
33 61 129.30577
33 62 115.21337
33 63 183.28902
33 64 199.02492
33 65 100.27424
33 66 161.56973
33 67 149.8318
33 68 189.03705
33 69 119.79351
33 70 180.53619
33 71 133.10234
33 72 186.48042
33 73 149.95486
33 74 130.06915
33 75 175.02408
33 76 146.9424
33 77 107.86562
33 78 135.88421
33 79 121.21261
33 80 129.01739
33 81 173.63692
33 82 147.91844
33 83 196.50734
33 84 149.09069
33 85 181.65661
33 86 161.57159
33 87 195.18687
33 88 139.62909
33 89 131.05467
33 90 104.34132
33 91 105.71943
33 92 111.88243
33 93 196.44387
33 94 113.40407
33 95 107.47045
33 96 139.43304
33 97 115.40893
33 98 165.12536
33 99 108.30162
34 35 198.62579
34 36 198.67489
34 37 170.83595
34 38 163.13679
34 39 152.17674
34 40 188.60757
34 41 191.94023
34 42 146.79162
34 43 196.91291
34 44 195.25482
34 45 104.27184
34 46 173.74151
34 47 114.88734
34 48 102.36806
34 49 186.06878
34 50 117.4397
34 51 185.88562
34 52 180.29922
34 53 124.46601
34 54 130.04681
34 55 141.65624
34 56 110.00591
34 57 142.95407
34 58 144.21154
34 59 126.96448
34 60 175.81604
34 61 163.45714
34 62 162.29421
34 63 136.99947
34 64 108.26612
34 65 198.7571
34 66 190.58562
34 67 186.88449
34 68 129.98216
34 69 122.93452
34 70 108.40444
34 71 186.93727
34 72 108.3817
34 73 122.64561
34 74 196.09683
34 75 102.13762
34 76 193.86183
34 77 179.44795
34 78 168.76705
34 79 134.40448
34 80 124.89998
34 81 167.36825
34 82 132.57469
34 83 175.66845
34 84 172.04429
34 85 136.57094
34 86 131.74186
34 87 162.80127
34 88 123.99975
34 89 198.94041
34 90 112.75871
34 91 168.65861
34 92 132.41441
34 93 103.66682
34 94 179.79305
34 95 106.7655
34 96 100.63237
34 97 143.4168
34 98 191.6615
34 99 131.53461
35 36 160.46192
35 37 198.8707
35 38 188.35723
35 39 168.44324
35 40 138.83527
35 41 145.23426
35 42 131.56231
35 43 155.74733
35 44 150.22212
35 45 161.54135
35 46 146.01169
35 47 128.43496
35 48 125.23348
35 49 100.826
35 50 123.17712
35 51 179.98334
35 52 106.01076
35 53 131.20339
35 54 150.74032
35 55 175.05
35 56 174.6304
35 57 107.38789
35 58 113.52173
35 59 159.1608
35 60 110.89243
35 61 175.4983
35 62 116.18189
35 63 153.86392
35 64 101.44974
35 65 107.65045
35 66 150.33022
35 67 145.86539
35 68 140.47169
35 69 168.02489
35 70 151.75241
35 71 189.63185
35 72 185.05576
35 73 184.67465
35 74 146.67731
35 75 107.9308
35 76 167.20493
35 77 157.57816
35 78 192.28649
35 79 139.09041
35 80 152.49794
35 81 152.37018
35 82 150.64112
35 83 108.39748
35 84 152.7388
35 85 123.68519
35 86 101.3836
35 87 127.15307
35 88 190.34011
35 89 138.01073
35 90 139.10426
35 91 192.24532
35 92 116.47908
35 93 157.94547
35 94 102.08556
35 95 183.33675
35 96 105.91163
35 97 143.60476
35 98 137.75934
35 99 147.00435
36 37 173.35701
36 38 170.76682
36 39 150.56614
36 40 137.63097
36 41 163.83913
36 42 165.51996
36 43 107.42343
36 44 161.75068
36 45 194.4077
36 46 132.71592
36 47 129.15834
36 48 105.97973
36 49 179.75741
36 50 118.91366
36 51 109.44067
36 52 175.12542
36 53 108.26131
36 54 141.84722
36 55 188.21698
36 56 135.23223
36 57 121.40225
36 58 133.49973
36 59 129.09703
36 60 151.80838
36 61 192.0568
36 62 104.26431
36 63 111.03216
36 64 148.65421
36 65 140.94032
36 66 177.10927
36 67 154.91147
36 68 140.72642
36 69 114.01541
36 70 112.72428
36 71 151.51311
36 72 102.98139
36 73 161.3272
36 74 169.10252
36 75 123.19722
36 76 188.47073
36 77 122.27421
36 78 122.37017
36 79 173.75404
36 80 141.1989
36 81 178.56415
36 82 122.22674
36 83 158.08554
36 84 164.48255
36 85 156.79056
36 86 150.5055
36 87 133.83095
36 88 158.52822
36 89 104.74609
36 90 194.65811
36 91 184.63213
36 92 157.50672
36 93 170.29707
36 94 108.84137
36 95 161.8647
36 96 185.33025
36 97 158.68771
36 98 134.36143
36 99 112.2273
37 38 135.22184
37 39 105.64851
37 40 103.57903
37 41 196.35308
37 42 134.48602
37 43 149.74273
37 44 156.9273
37 45 163.15568
37 46 103.10769
37 47 172.4243
37 48 119.59097
37 49 126.91335
37 50 135.60391
37 51 173.9795
37 52 119.48205
37 53 142.58097
37 54 158.94929
37 55 164.91606
37 56 188.79007
37 57 174.70523
37 58 181.54069
37 59 188.3916
37 60 196.01922
37 61 141.84624
37 62 159.0209
37 63 169.96663
37 64 136.22797
37 65 116.23712
37 66 170.88235
37 67 163.43982
37 68 135.21308
37 69 135.39776
37 70 102.28916
37 71 126.00569
37 72 108.34914
37 73 119.39134
37 74 134.21159
37 75 131.00859
37 76 120.22105
37 77 166.21107
37 78 102.45176
37 79 143.30447
37 80 136.02037
37 81 193.92709
37 82 110.15124
37 83 154.62788
37 84 147.9827
37 85 196.88142
37 86 195.25519
37 87 133.51629
37 88 196.23237
37 89 173.62182
37 90 142.16505
37 91 150.97679
37 92 196.22059
37 93 170.04812
37 94 192.88097
37 95 186.65538
37 96 132.61282
37 97 112.72651
37 98 183.87318
37 99 109.45583
38 39 135.03612
38 40 139.9768
38 41 144.94033
38 42 185.05772
38 43 181.25812
38 44 185.29169
38 45 162.15014
38 46 171.33151
38 47 186.05589
38 48 161.06452
38 49 191.47598
38 50 164.80615
38 51 171.0904
38 52 167.53172
38 53 118.20322
38 54 120.00959
38 55 161.59689
38 56 184.11592
38 57 143.63417
38 58 176.92244
38 59 187.14261
38 60 134.32006
38 61 133.21502
38 62 188.42205
38 63 127.58322
38 64 197.78841
38 65 197.60282
38 66 161.63806
38 67 114.76182
38 68 154.08146
38 69 173.34593
38 70 127.47902
38 71 140.69491
38 72 122.59166
38 73 126.70805
38 74 198.69832
38 75 187.13756
38 76 123.4179
38 77 186.67548
38 78 106.28925
38 79 140.09756
38 80 169.59032
38 81 164.56872
38 82 159.74915
38 83 168.81296
38 84 175.08333
38 85 121.38218
38 86 142.93278
38 87 114.05892
38 88 174.64692
38 89 192.84277
38 90 110.12109
38 91 157.00696
38 92 117.17506
38 93 172.74109
38 94 192.06398
38 95 166.94024
38 96 161.9248
38 97 174.12552
38 98 178.2941
38 99 140.07199
39 40 119.10562
39 41 108.5713
39 42 124.63049
39 43 116.33044
39 44 183.70281
39 45 160.81556
39 46 118.85441
39 47 171.44335
39 48 192.10174
39 49 158.06095
39 50 150.92942
39 51 196.83719
39 52 187.11504
39 53 182.34744
39 54 123.97369
39 55 134.88827
39 56 196.41506
39 57 110.16369
39 58 103.49716
39 59 143.47875
39 60 125.15549
39 61 136.64236
39 62 120.77527
39 63 184.24772
39 64 190.89079
39 65 195.20378
39 66 141.45462
39 67 153.04474
39 68 152.68204
39 69 177.53766
39 70 112.92205
39 71 149.66897
39 72 192.82113
39 73 144.37478
39 74 184.82813
39 75 161.72629
39 76 182.86308
39 77 138.84858
39 78 108.18695
39 79 175.98394
39 80 158.2671
39 81 169.58596
39 82 127.61713
39 83 117.64414
39 84 184.3563
39 85 128.6978
39 86 199.49556
39 87 104.41696
39 88 145.17372
39 89 149.75129
39 90 187.26486
39 91 155.05194
39 92 189.17209
39 93 177.36102
39 94 108.03433
39 95 193.70139
39 96 107.11352
39 97 109.8087
39 98 186.12694
39 99 160.17954
40 41 112.57895
40 42 160.93167
40 43 118.3653
40 44 123.78206
40 45 186.06275
40 46 144.05549
40 47 146.49839
40 48 173.75221
40 49 154.77245
40 50 135.60303
40 51 110.02402
40 52 164.81503
40 53 101.69722
40 54 130.77103
40 55 193.76185
40 56 179.41547
40 57 151.73607
40 58 106.84491
40 59 195.81772
40 60 136.72216
40 61 114.90372
40 62 178.38063
40 63 147.87321
40 64 162.10128
40 65 122.69478
40 66 181.77434
40 67 181.06568
40 68 156.24919
40 69 197.56445
40 70 180.84883
40 71 145.61738
40 72 135.06093
40 73 147.75212
40 74 103.05089
40 75 100.80806
40 76 141.57962
40 77 134.54079
40 78 116.95922
40 79 191.48184
40 80 191.10678
40 81 170.27066
40 82 129.70228
40 83 168.44393
40 84 194.92519
40 85 184.49334
40 86 191.40635
40 87 127.23215
40 88 108.84013
40 89 155.0143
40 90 198.59942
40 91 149.84543
40 92 173.64862
40 93 134.0244
40 94 169.03763
40 95 167.77857
40 96 156.77171
40 97 126.529
40 98 103.27934
40 99 153.18811
41 42 148.96599
41 43 111.39484
41 44 100.02988
41 45 162.84647
41 46 150.98575
41 47 130.01117
41 48 122.59581
41 49 152.7596
41 50 192.43513
41 51 171.84805
41 52 129.07589
41 53 116.33981
41 54 127.66037
41 55 111.39178
41 56 199.0269
41 57 179.99336
41 58 132.06619
41 59 146.27898
41 60 122.98961
41 61 149.51282
41 62 191.75948
41 63 134.15931
41 64 195.36742
41 65 119.93641
41 66 101.99215
41 67 154.77335
41 68 140.50863
41 69 174.02179
41 70 130.28632
41 71 186.05464
41 72 107.92022
41 73 112.04794
41 74 164.0835
41 75 175.66384
41 76 109.23648
41 77 159.12766
41 78 178.99713
41 79 104.01268
41 80 119.52959
41 81 150.68373
41 82 192.0246
41 83 174.89585
41 84 152.44883
41 85 125.16484
41 86 193.31587
41 87 154.63419
41 88 185.71926
41 89 164.93754
41 90 120.5764
41 91 144.57345
41 92 186.11086
41 93 155.08371
41 94 152.44624
41 95 122.29624
41 96 136.76194
41 97 138.49185
41 98 115.29005
41 99 109.18495
42 43 131.03622
42 44 135.06273
42 45 106.3821
42 46 140.26543
42 47 188.79411
42 48 141.47078
42 49 124.19112
42 50 177.8392
42 51 153.21992
42 52 153.86446
42 53 172.5704
42 54 146.13738
42 55 158.89098
42 56 105.86144
42 57 159.85093
42 58 100.62125
42 59 119.52969
42 60 133.44476
42 61 150.32492
42 62 152.14391
42 63 174.88276
42 64 106.4606
42 65 108.41877
42 66 138.41874
42 67 120.81375
42 68 187.09281
42 69 113.346
42 70 149.44886
42 71 116.12057
42 72 192.74164
42 73 166.88035
42 74 174.38899
42 75 164.53104
42 76 146.70804
42 77 127.99459
42 78 198.69711
42 79 123.49774
42 80 144.13404
42 81 133.67753
42 82 138.32263
42 83 162.64946
42 84 114.87718
42 85 161.6484
42 86 144.65896
42 87 178.97078
42 88 108.10023
42 89 134.90701
42 90 125.10859
42 91 120.27402
42 92 192.45221
42 93 122.90855
42 94 161.56286
42 95 180.71992
42 96 182.5733
42 97 116.09473
42 98 104.81134
42 99 116.21649
43 44 128.13306
43 45 110.10281
43 46 102.52606
43 47 143.64481
43 48 157.51786
43 49 139.93314
43 50 171.45159
43 51 119.61196
43 52 163.61891
43 53 133.17575
43 54 136.60657
43 55 141.50826
43 56 194.15737
43 57 146.78382
43 58 196.6746
43 59 177.73403
43 60 131.82843
43 61 117.07638
43 62 111.38256
43 63 134.40478
43 64 186.67095
43 65 160.02212
43 66 100.33601
43 67 130.29147
43 68 117.99083
43 69 118.77332
43 70 124.45191
43 71 163.5272
43 72 187.73341
43 73 151.11158
43 74 167.45336
43 75 114.38421
43 76 105.67973
43 77 138.18541
43 78 110.58781
43 79 191.84935
43 80 100.60055
43 81 179.22203
43 82 197.77028
43 83 110.33203
43 84 129.40863
43 85 188.96158
43 86 112.88912
43 87 150.50854
43 88 153.71492
43 89 105.89645
43 90 191.25366
43 91 110.23863
43 92 125.62411
43 93 166.12233
43 94 100.09751
43 95 112.51174
43 96 181.58969
43 97 122.49109
43 98 148.81462
43 99 179.72816
44 45 121.29994
44 46 114.63455
44 47 164.78929
44 48 134.23417
44 49 123.35514
44 50 195.44034
44 51 101.36838
44 52 120.63929
44 53 117.36849
44 54 197.56005
44 55 139.28505
44 56 117.94037
44 57 161.98997
44 58 159.97694
44 59 168.51425
44 60 120.05568
44 61 149.36417
44 62 125.40623
44 63 178.24867
44 64 164.47544
44 65 177.13689
44 66 124.31644
44 67 176.79597
44 68 184.7962
44 69 190.56827
44 70 143.86466
44 71 104.20995
44 72 160.64824
44 73 124.13821
44 74 193.02558
44 75 146.36574
44 76 103.66325
44 77 149.26614
44 78 180.94797
44 79 117.09723
44 80 169.21042
44 81 103.13426
44 82 176.82349
44 83 150.19591
44 84 180.88636
44 85 118.88861
44 86 158.47133
44 87 135.80459
44 88 143.13114
44 89 185.65388
44 90 114.41614
44 91 150.96125
44 92 196.74113
44 93 137.15054
44 94 134.99516
44 95 165.89276
44 96 166.57032
44 97 115.85394
44 98 192.56754
44 99 161.68912
45 46 108.19391
45 47 118.55852
45 48 193.14503
45 49 146.57008
45 50 176.021
45 51 104.53398
45 52 123.11261
45 53 154.83249
45 54 144.68677
45 55 108.17105
45 56 133.56049
45 57 143.03433
45 58 111.03783
45 59 129.03434
45 60 137.54635
45 61 182.37357
45 62 171.83913
45 63 148.71829
45 64 103.49855
45 65 136.63433
45 66 124.57313
45 67 180.22905
45 68 151.14938
45 69 112.95458
45 70 159.65031
45 71 111.80784
45 72 195.10475
45 73 130.57941
45 74 147.45682
45 75 156.27242
45 76 169.16498
45 77 118.56144
45 78 141.27376
45 79 184.4817
45 80 114.05234
45 81 192.99658
45 82 114.09491
45 83 108.41235
45 84 147.06841
45 85 181.43818
45 86 185.62587
45 87 109.50751
45 88 148.11746
45 89 121.45893
45 90 178.49769
45 91 101.49276
45 92 147.64935
45 93 189.95748
45 94 129.43556
45 95 196.6551
45 96 122.83595
45 97 179.03321
45 98 121.47803
45 99 148.66281
46 47 106.34524
46 48 157.04828
46 49 158.89231
46 50 124.29981
46 51 156.60836
46 52 187.40736
46 53 141.8333
46 54 195.27217
46 55 142.64997
46 56 166.01538
46 57 183.00464
46 58 178.13661
46 59 188.8122
46 60 186.71355
46 61 142.36015
46 62 190.16561
46 63 152.40496
46 64 169.23079
46 65 106.72417
46 66 136.71854
46 67 120.59274
46 68 159.72071
46 69 150.17437
46 70 131.56297
46 71 126.94981
46 72 139.32504
46 73 183.81714
46 74 140.64139
46 75 153.93447
46 76 197.37293
46 77 145.73169
46 78 169.44401
46 79 151.12318
46 80 194.71284
46 81 110.65002
46 82 198.09993
46 83 164.69976
46 84 165.70954
46 85 199.35491
46 86 151.39164
46 87 195.04916
46 88 141.09737
46 89 111.69602
46 90 194.19152
46 91 149.32914
46 92 107.23226
46 93 180.30826
46 94 159.9015
46 95 167.20137
46 96 118.71769
46 97 121.03261
46 98 112.31804
46 99 140.00569
47 48 109.50249
47 49 166.1369
47 50 170.4271
47 51 125.58023
47 52 160.7166
47 53 161.23611
47 54 140.65755
47 55 139.03792
47 56 131.43638
47 57 170.37118
47 58 127.34722
47 59 187.96853
47 60 121.38298
47 61 156.3512
47 62 142.98257
47 63 126.23333
47 64 182.92126
47 65 108.07454
47 66 177.3797
47 67 165.43067
47 68 168.98538
47 69 131.56448
47 70 181.02266
47 71 187.94373
47 72 114.65946
47 73 190.81769
47 74 152.73391
47 75 157.43348
47 76 140.08561
47 77 116.12464
47 78 192.71729
47 79 162.26081
47 80 152.69773
47 81 143.56034
47 82 188.78923
47 83 189.17613
47 84 169.70014
47 85 167.35633
47 86 162.74822
47 87 171.71032
47 88 162.88995
47 89 145.18303
47 90 140.33766
47 91 178.4169
47 92 133.54388
47 93 157.95988
47 94 120.4869
47 95 127.95722
47 96 113.43967
47 97 123.54206
47 98 181.42992
47 99 105.05543
48 49 172.88308
48 50 126.18518
48 51 172.98813
48 52 192.97308
48 53 137.85369
48 54 170.57498
48 55 112.81719
48 56 134.39573
48 57 183.31494
48 58 196.48825
48 59 128.00473
48 60 182.60596
48 61 165.39571
48 62 182.44793
48 63 134.81433
48 64 157.57472
48 65 198.18672
48 66 132.38223
48 67 109.89602
48 68 151.50015
48 69 165.41862
48 70 143.51392
48 71 140.82339
48 72 122.15176
48 73 113.67216
48 74 135.2066
48 75 127.78068
48 76 186.88271
48 77 123.15056
48 78 190.3427
48 79 186.7518
48 80 141.56861
48 81 120.12235
48 82 158.19856
48 83 141.01005
48 84 182.73058
48 85 120.91081
48 86 186.70205
48 87 196.9659
48 88 180.25433
48 89 126.36708
48 90 178.06011
48 91 104.53375
48 92 183.55819
48 93 100.89138
48 94 168.45351
48 95 154.37006
48 96 117.2363
48 97 124.04682
48 98 181.57499
48 99 121.42752
49 50 189.10225
49 51 166.55604
49 52 131.67691
49 53 180.89008
49 54 198.48256
49 55 103.96766
49 56 112.58283
49 57 110.77742
49 58 128.65119
49 59 174.95315
49 60 150.78125
49 61 170.2286
49 62 198.00763
49 63 112.12249
49 64 147.18965
49 65 138.68042
49 66 175.23668
49 67 199.29994
49 68 159.03385
49 69 123.59934
49 70 105.74121
49 71 153.40683
49 72 113.85802
49 73 191.35889
49 74 127.79459
49 75 143.70908
49 76 155.80177
49 77 183.64716
49 78 133.71941
49 79 194.86214
49 80 109.49512
49 81 194.27553
49 82 125.5761
49 83 138.47143
49 84 157.57204
49 85 160.61582
49 86 143.22479
49 87 193.01292
49 88 102.0834
49 89 141.30221
49 90 171.33167
49 91 141.6398
49 92 192.20644
49 93 169.96742
49 94 146.0995
49 95 155.0232
49 96 121.82682
49 97 176.99428
49 98 188.59503
49 99 198.7735
50 51 135.81471
50 52 149.60685
50 53 104.27738
50 54 174.15975
50 55 133.98334
50 56 161.87298
50 57 124.30507
50 58 165.42716
50 59 186.95032
50 60 157.11705
50 61 108.48942
50 62 194.90743
50 63 100.73642
50 64 180.82956
50 65 113.98033
50 66 132.55897
50 67 175.34417
50 68 162.16866
50 69 176.05128
50 70 197.03275
50 71 165.57455
50 72 123.42752
50 73 101.32274
50 74 174.26136
50 75 185.75652
50 76 118.21742
50 77 175.59692
50 78 106.3594
50 79 161.59908
50 80 168.34513
50 81 171.50522
50 82 130.68164
50 83 164.57446
50 84 112.82127
50 85 116.75848
50 86 127.06582
50 87 190.92422
50 88 157.16366
50 89 198.54581
50 90 125.03963
50 91 143.82456
50 92 161.29442
50 93 139.18377
50 94 107.09537
50 95 114.15971
50 96 129.66092
50 97 153.75141
50 98 152.77967
50 99 193.90283
51 52 196.36713
51 53 174.55912
51 54 152.21646
51 55 182.23415
51 56 157.9151
51 57 137.7326
51 58 150.06228
51 59 144.18944
51 60 142.27702
51 61 171.95822
51 62 147.71881
51 63 173.21058
51 64 188.72173
51 65 178.04389
51 66 160.57388
51 67 150.47156
51 68 167.09794
51 69 149.0844
51 70 145.35581
51 71 109.74134
51 72 125.33153
51 73 190.53169
51 74 110.95809
51 75 144.76343
51 76 168.07877
51 77 170.0848
51 78 146.33268
51 79 183.75021
51 80 165.82211
51 81 114.17157
51 82 195.97884
51 83 143.82501
51 84 131.68504
51 85 136.98002
51 86 189.82339
51 87 179.85494
51 88 113.96597
51 89 105.86338
51 90 178.04973
51 91 115.36387
51 92 192.63797
51 93 107.8345
51 94 144.53374
51 95 141.38883
51 96 126.5216
51 97 187.76952
51 98 173.51686
51 99 195.21603
52 53 185.37875
52 54 124.04659
52 55 156.74694
52 56 162.28819
52 57 124.85018
52 58 152.59197
52 59 199.14464
52 60 114.16786
52 61 167.62836
52 62 163.26954
52 63 183.91159
52 64 173.2049
52 65 166.19112
52 66 145.40959
52 67 164.98062
52 68 149.31164
52 69 199.95113
52 70 140.2261
52 71 182.10503
52 72 197.22473
52 73 100.67104
52 74 165.54879
52 75 136.31494
52 76 156.98497
52 77 184.24675
52 78 131.0382
52 79 143.35557
52 80 146.09183
52 81 112.70709
52 82 177.99832
52 83 183.15328
52 84 166.81322
52 85 157.23116
52 86 115.44771
52 87 127.09812
52 88 185.36033
52 89 198.54624
52 90 191.73013
52 91 132.23341
52 92 121.33328
52 93 144.05795
52 94 145.46581
52 95 132.31926
52 96 153.96309
52 97 140.09975
52 98 147.59265
52 99 150.18959
53 54 121.48904
53 55 153.20891
53 56 180.21839
53 57 135.99025
53 58 164.91621
53 59 143.54709
53 60 158.26218
53 61 176.52633
53 62 128.81747
53 63 191.61687
53 64 172.97363
53 65 130.19604
53 66 172.52731
53 67 166.09882
53 68 120.36375
53 69 108.64605
53 70 163.52327
53 71 149.60372
53 72 136.03097
53 73 103.62094
53 74 111.18318
53 75 130.79949
53 76 192.58748
53 77 115.42075
53 78 169.74815
53 79 185.64968
53 80 115.05226
53 81 157.48511
53 82 143.02018
53 83 147.99279
53 84 163.85272
53 85 166.98914
53 86 162.45461
53 87 170.33463
53 88 154.27669
53 89 185.8972
53 90 140.10689
53 91 113.52495
53 92 144.9023
53 93 179.65325
53 94 139.33758
53 95 120.44787
53 96 135.5252
53 97 126.82279
53 98 138.8231
53 99 199.67288
54 55 171.29703
54 56 122.41547
54 57 113.85353
54 58 129.325
54 59 144.98722
54 60 171.34786
54 61 149.12338
54 62 109.45845
54 63 192.88363
54 64 142.52228
54 65 128.3056
54 66 132.32134
54 67 108.38666
54 68 114.23152
54 69 187.20211
54 70 174.30087
54 71 129.14658
54 72 165.1363
54 73 151.11677
54 74 136.92811
54 75 172.8642
54 76 107.70093
54 77 127.36987
54 78 165.57582
54 79 105.98195
54 80 122.88496
54 81 166.29277
54 82 131.15959
54 83 170.77849
54 84 124.98882
54 85 173.64857
54 86 122.61944
54 87 108.2883
54 88 104.64495
54 89 166.79077
54 90 116.17733
54 91 143.12207
54 92 135.76779
54 93 180.63812
54 94 156.6905
54 95 119.4716
54 96 149.55871
54 97 153.1523
54 98 105.3053
54 99 159.79285
55 56 110.1681
55 57 117.12819
55 58 129.54341
55 59 110.39556
55 60 173.80696
55 61 179.07489
55 62 176.13665
55 63 122.57386
55 64 133.05475
55 65 125.59318
55 66 183.59558
55 67 112.31529
55 68 135.36673
55 69 112.9978
55 70 151.75288
55 71 103.95017
55 72 187.9026
55 73 139.24323
55 74 118.95401
55 75 122.11296
55 76 103.76806
55 77 153.60686
55 78 141.27655
55 79 134.50454
55 80 150.27767
55 81 177.53976
55 82 171.07922
55 83 165.39912
55 84 193.86403
55 85 153.69719
55 86 131.95344
55 87 101.58044
55 88 121.42861
55 89 173.97871
55 90 103.27746
55 91 104.63394
55 92 171.94476
55 93 140.4685
55 94 143.54655
55 95 195.24485
55 96 113.58332
55 97 130.59134
55 98 114.49189
55 99 127.03634
56 57 132.70852
56 58 179.0272
56 59 157.76195
56 60 164.63595
56 61 121.54327
56 62 135.14807
56 63 159.17246
56 64 191.41459
56 65 173.09543
56 66 194.10914
56 67 167.1759
56 68 136.09386
56 69 165.17526
56 70 185.74455
56 71 161.71174
56 72 151.682
56 73 127.50602
56 74 121.62775
56 75 181.12885
56 76 154.39376
56 77 108.68888
56 78 106.62528
56 79 113.74667
56 80 194.37227
56 81 162.78944
56 82 116.79749
56 83 158.96784
56 84 160.24958
56 85 171.70548
56 86 136.657
56 87 157.97183
56 88 129.32206
56 89 191.55967
56 90 175.86527
56 91 116.77528
56 92 182.12908
56 93 127.41639
56 94 194.84719
56 95 185.81076
56 96 139.64128
56 97 186.57596
56 98 159.04996
56 99 160.71312
57 58 132.16314
57 59 134.11034
57 60 181.11496
57 61 101.83213
57 62 181.95182
57 63 128.3797
57 64 191.97918
57 65 190.46081
57 66 148.21526
57 67 117.40738
57 68 187.51616
57 69 184.46174
57 70 147.33222
57 71 163.80544
57 72 120.44295
57 73 181.98664
57 74 104.62968
57 75 103.20599
57 76 130.86898
57 77 195.43863
57 78 153.40383
57 79 189.90405
57 80 161.43176
57 81 194.9716
57 82 134.10129
57 83 164.61184
57 84 151.64768
57 85 105.24954
57 86 124.41405
57 87 175.3647
57 88 168.64337
57 89 142.15146
57 90 177.33753
57 91 122.2126
57 92 181.65611
57 93 121.2594
57 94 157.883
57 95 174.73261
57 96 122.45508
57 97 119.85954
57 98 136.81391
57 99 145.63039
58 59 185.61493
58 60 136.38423
58 61 173.81885
58 62 182.25374
58 63 139.50736
58 64 170.19982
58 65 133.81398
58 66 193.66878
58 67 188.05734
58 68 111.65516
58 69 190.70637
58 70 133.66036
58 71 131.74881
58 72 190.08434
58 73 164.56075
58 74 177.79112
58 75 115.85641
58 76 162.18868
58 77 138.84998
58 78 182.57954
58 79 102.21685
58 80 131.08489
58 81 169.6721
58 82 140.55823
58 83 182.43504
58 84 181.90964
58 85 106.83122
58 86 185.7669
58 87 170.47166
58 88 178.63787
58 89 108.95598
58 90 144.5225
58 91 192.88085
58 92 191.70279
58 93 164.24895
58 94 123.48434
58 95 161.90253
58 96 194.06611
58 97 160.88233
58 98 146.61984
58 99 140.10938
59 60 116.57209
59 61 130.21117
59 62 194.4401
59 63 119.90843
59 64 110.08793
59 65 199.41363
59 66 171.85951
59 67 167.76961
59 68 166.94888
59 69 166.50144
59 70 152.57113
59 71 197.83845
59 72 178.03827
59 73 116.61245
59 74 132.60675
59 75 183.23137
59 76 150.30941
59 77 129.22426
59 78 132.37464
59 79 123.33986
59 80 174.39519
59 81 185.11576
59 82 153.65386
59 83 105.77157
59 84 112.6193
59 85 153.69914
59 86 164.08859
59 87 121.77626
59 88 179.09883
59 89 101.23259
59 90 186.88593
59 91 124.378
59 92 105.26207
59 93 103.38865
59 94 114.53746
59 95 148.30809
59 96 139.03036
59 97 182.85109
59 98 185.78331
59 99 129.67871
60 61 170.3937
60 62 178.57025
60 63 183.80567
60 64 154.87374
60 65 111.83554
60 66 121.1579
60 67 132.68348
60 68 108.71131
60 69 162.29552
60 70 145.4495
60 71 190.99392
60 72 122.35032
60 73 133.70729
60 74 190.31347
60 75 133.27033
60 76 140.77451
60 77 176.89493
60 78 199.07267
60 79 177.50546
60 80 183.42386
60 81 195.69609
60 82 127.08357
60 83 160.52359
60 84 107.57407
60 85 169.20423
60 86 145.19538
60 87 195.38966
60 88 167.05356
60 89 132.36296
60 90 118.43259
60 91 121.82788
60 92 134.24066
60 93 131.81375
60 94 154.23901
60 95 129.7191
60 96 182.53752
60 97 187.3093
60 98 141.8248
60 99 194.10755
61 62 133.94688
61 63 151.1304
61 64 107.07559
61 65 143.26083
61 66 173.19382
61 67 164.93461
61 68 192.10662
61 69 117.90403
61 70 151.37999
61 71 137.26677
61 72 157.49411
61 73 169.82764
61 74 138.16048
61 75 110.24864
61 76 166.83781
61 77 165.5938
61 78 196.32653
61 79 104.55516
61 80 180.98714
61 81 105.52504
61 82 194.48305
61 83 187.61932
61 84 188.24403
61 85 122.49545
61 86 147.30502
61 87 170.38316
61 88 138.99027
61 89 134.82655
61 90 107.09887
61 91 133.88371
61 92 121.19511
61 93 159.4493
61 94 173.78909
61 95 198.013
61 96 139.67024
61 97 134.90308
61 98 170.75205
61 99 107.58768
62 63 132.55793
62 64 128.2285
62 65 177.42262
62 66 116.11894
62 67 191.29116
62 68 125.64921
62 69 112.90382
62 70 115.60404
62 71 185.79364
62 72 149.60079
62 73 110.79336
62 74 158.15591
62 75 123.95086
62 76 158.36739
62 77 137.5064
62 78 156.14078
62 79 108.31378
62 80 129.69358
62 81 158.95411
62 82 121.68838
62 83 105.68487
62 84 188.37672
62 85 125.40975
62 86 123.32956
62 87 123.63181
62 88 133.76273
62 89 113.55592
62 90 178.05299
62 91 119.4091
62 92 163.58902
62 93 160.2207
62 94 107.75722
62 95 195.32627
62 96 108.54654
62 97 128.70533
62 98 110.65957
62 99 179.31696
63 64 111.66343
63 65 164.01212
63 66 117.30482
63 67 173.85054
63 68 166.16557
63 69 161.31288
63 70 125.2487
63 71 128.41192
63 72 160.47974
63 73 110.02723
63 74 140.88706
63 75 190.11309
63 76 190.57407
63 77 136.10731
63 78 141.37501
63 79 140.07101
63 80 185.15649
63 81 139.03246
63 82 173.59032
63 83 138.34365
63 84 142.48337
63 85 170.4851
63 86 186.20228
63 87 192.10041
63 88 173.62621
63 89 192.73207
63 90 190.02028
63 91 171.38816
63 92 150.9736
63 93 128.51113
63 94 111.35424
63 95 134.95487
63 96 137.92521
63 97 196.95954
63 98 103.75249
63 99 172.22845
64 65 123.10824
64 66 112.61628
64 67 119.57373
64 68 151.82616
64 69 144.82832
64 70 147.31404
64 71 106.88927
64 72 187.16194
64 73 170.61333
64 74 196.30732
64 75 192.94852
64 76 188.13333
64 77 151.0464
64 78 134.615
64 79 125.93432
64 80 167.28967
64 81 110.34933
64 82 122.57715
64 83 124.21306
64 84 128.34967
64 85 169.90452
64 86 105.01486
64 87 151.43732
64 88 104.82537
64 89 159.03251
64 90 150.55451
64 91 138.0303
64 92 111.17341
64 93 178.05607
64 94 133.89956
64 95 129.31868
64 96 150.42
64 97 161.3689
64 98 101.70984
64 99 142.64348
65 66 154.77393
65 67 172.11118
65 68 143.37605
65 69 192.79899
65 70 142.16009
65 71 174.32238
65 72 143.14945
65 73 161.00946
65 74 187.35564
65 75 178.59583
65 76 162.07524
65 77 166.29039
65 78 147.40096
65 79 164.15106
65 80 150.80641
65 81 110.71206
65 82 185.62732
65 83 153.7732
65 84 177.96355
65 85 155.94522
65 86 154.86109
65 87 106.01139
65 88 199.23603
65 89 157.67752
65 90 136.12529
65 91 193.45588
65 92 148.79693
65 93 143.47389
65 94 192.19457
65 95 145.71392
65 96 102.50689
65 97 154.73724
65 98 194.28541
65 99 105.31866
66 67 122.01118
66 68 131.03722
66 69 118.67229
66 70 167.75618
66 71 172.44796
66 72 178.67927
66 73 140.80961
66 74 119.86616
66 75 102.44845
66 76 116.54811
66 77 174.59959
66 78 165.7645
66 79 101.65956
66 80 192.38773
66 81 126.48287
66 82 187.92427
66 83 199.96726
66 84 115.76953
66 85 124.37679
66 86 188.31856
66 87 119.17359
66 88 140.5217
66 89 109.09678
66 90 134.53627
66 91 176.67323
66 92 170.9541
66 93 125.2232
66 94 123.49785
66 95 164.09024
66 96 170.57071
66 97 161.41887
66 98 148.2634
66 99 173.197
67 68 171.44346
67 69 135.04956
67 70 176.30439
67 71 184.1966
67 72 178.45129
67 73 108.33234
67 74 129.41848
67 75 188.21424
67 76 189.61962
67 77 106.06844
67 78 169.55246
67 79 183.85454
67 80 123.22946
67 81 157.33258
67 82 174.13313
67 83 126.29809
67 84 169.77271
67 85 148.68744
67 86 121.63208
67 87 186.04292
67 88 192.42721
67 89 141.71602
67 90 185.41989
67 91 193.12162
67 92 154.05972
67 93 162.59965
67 94 157.01735
67 95 142.78515
67 96 179.42574
67 97 128.28848
67 98 156.51451
67 99 111.3692
68 69 187.54413
68 70 186.62921
68 71 131.66959
68 72 119.18801
68 73 105.7641
68 74 188.22113
68 75 188.32148
68 76 120.04482
68 77 125.93589
68 78 175.86911
68 79 142.0006
68 80 199.38136
68 81 157.31062
68 82 161.62054
68 83 142.09205
68 84 113.3721
68 85 185.13859
68 86 167.89254
68 87 137.13001
68 88 169.2362
68 89 127.07869
68 90 186.93459
68 91 184.66501
68 92 165.92335
68 93 152.52258
68 94 142.47163
68 95 178.17255
68 96 130.35357
68 97 143.05387
68 98 192.02267
68 99 113.88424
69 70 194.41376
69 71 120.15745
69 72 198.76155
69 73 143.20595
69 74 171.36738
69 75 181.78177
69 76 189.14377
69 77 135.95709
69 78 160.28474
69 79 169.6127
69 80 157.44954
69 81 118.02375
69 82 143.5185
69 83 177.02067
69 84 159.71622
69 85 175.02868
69 86 107.04761
69 87 165.6473
69 88 199.85068
69 89 106.98923
69 90 185.63365
69 91 129.56164
69 92 171.7506
69 93 144.3804
69 94 100.20526
69 95 158.92288
69 96 107.71507
69 97 177.58631
69 98 124.95746
69 99 102.70349
70 71 153.00144
70 72 188.91459
70 73 182.82404
70 74 179.60214
70 75 144.16309
70 76 184.28333
70 77 141.00204
70 78 102.84477
70 79 151.7624
70 80 156.53064
70 81 137.14747
70 82 181.67489
70 83 155.63774
70 84 134.42732
70 85 173.90332
70 86 146.22441
70 87 136.86541
70 88 164.80219
70 89 172.30756
70 90 196.07283
70 91 176.81318
70 92 170.18795
70 93 121.44148
70 94 163.99946
70 95 190.04906
70 96 113.84362
70 97 176.73215
70 98 106.34179
70 99 146.84231
71 72 190.73746
71 73 148.18116
71 74 190.49792
71 75 114.31726
71 76 122.20024
71 77 101.83983
71 78 145.66107
71 79 199.47241
71 80 102.50142
71 81 161.23576
71 82 109.36278
71 83 177.62698
71 84 148.42941
71 85 187.48455
71 86 174.63852
71 87 115.48998
71 88 180.21618
71 89 110.54983
71 90 180.37791
71 91 145.6516
71 92 127.21265
71 93 172.98055
71 94 170.58415
71 95 104.872
71 96 187.87725
71 97 173.59555
71 98 186.1615
71 99 183.82809
72 73 157.8531
72 74 143.04493
72 75 114.78081
72 76 155.13326
72 77 141.59188
72 78 109.02099
72 79 110.47535
72 80 196.72752
72 81 197.82727
72 82 134.22349
72 83 119.59975
72 84 177.46162
72 85 137.847
72 86 192.07057
72 87 174.6758
72 88 156.08443
72 89 127.94397
72 90 132.10736
72 91 194.24927
72 92 151.38081
72 93 147.41629
72 94 141.82276
72 95 123.48028
72 96 189.63197
72 97 130.74738
72 98 151.01056
72 99 119.63684
73 74 178.89364
73 75 150.93875
73 76 163.23159
73 77 104.11348
73 78 103.33401
73 79 175.14145
73 80 143.4095
73 81 108.84581
73 82 135.52314
73 83 194.17648
73 84 194.54792
73 85 193.34566
73 86 154.6083
73 87 187.287
73 88 102.38025
73 89 138.99136
73 90 114.34247
73 91 102.42468
73 92 145.75367
73 93 119.56853
73 94 128.97671
73 95 186.68397
73 96 127.15023
73 97 125.76984
73 98 150.64717
73 99 195.28337
74 75 120.7438
74 76 148.27436
74 77 101.53041
74 78 103.92434
74 79 128.97328
74 80 190.93173
74 81 154.68748
74 82 132.17367
74 83 152.24695
74 84 174.14815
74 85 117.96369
74 86 165.34684
74 87 173.18636
74 88 124.19543
74 89 133.5028
74 90 158.90109
74 91 139.17088
74 92 110.36355
74 93 138.16153
74 94 139.85273
74 95 170.03903
74 96 182.77574
74 97 170.82521
74 98 174.62622
74 99 120.55252
75 76 157.07794
75 77 190.30139
75 78 167.92155
75 79 107.77126
75 80 188.17754
75 81 145.33661
75 82 103.188
75 83 166.44331
75 84 106.87326
75 85 155.87932
75 86 178.7853
75 87 147.92062
75 88 121.55243
75 89 130.48087
75 90 158.35306
75 91 197.18378
75 92 183.95034
75 93 135.72363
75 94 127.53763
75 95 168.74885
75 96 160.21302
75 97 181.27627
75 98 177.27903
75 99 139.68965
76 77 140.40414
76 78 166.27583
76 79 154.68645
76 80 104.21185
76 81 149.88783
76 82 160.21205
76 83 196.52628
76 84 179.51366
76 85 149.31501
76 86 136.31749
76 87 100.20114
76 88 157.55357
76 89 115.52463
76 90 135.74555
76 91 141.72153
76 92 160.84065
76 93 197.6618
76 94 144.8764
76 95 172.03895
76 96 105.17014
76 97 196.91659
76 98 187.66679
76 99 189.83005
77 78 108.6636
77 79 169.01355
77 80 101.98369
77 81 130.10761
77 82 182.43742
77 83 171.52564
77 84 117.49672
77 85 163.27669
77 86 105.89136
77 87 114.27227
77 88 156.48616
77 89 126.70682
77 90 123.73819
77 91 143.45061
77 92 154.89853
77 93 163.76358
77 94 117.48548
77 95 157.11271
77 96 195.96628
77 97 165.54171
77 98 133.98951
77 99 120.10292
78 79 170.43208
78 80 167.44373
78 81 183.05546
78 82 161.80746
78 83 116.56493
78 84 104.79047
78 85 102.27523
78 86 124.27074
78 87 121.23776
78 88 171.57232
78 89 191.94364
78 90 145.74574
78 91 157.08886
78 92 181.09164
78 93 107.71389
78 94 169.12367
78 95 146.20431
78 96 155.01635
78 97 117.44515
78 98 147.64826
78 99 113.52439
79 80 158.1648
79 81 124.93343
79 82 145.43222
79 83 114.02394
79 84 110.51736
79 85 181.64913
79 86 192.87843
79 87 138.91475
79 88 116.18861
79 89 125.21974
79 90 110.38408
79 91 142.22857
79 92 171.66641
79 93 133.6586
79 94 164.639
79 95 187.18587
79 96 174.24172
79 97 134.01907
79 98 130.74184
79 99 192.3399
80 81 162.68076
80 82 105.89043
80 83 102.2853
80 84 173.04458
80 85 159.52769
80 86 139.33918
80 87 169.26623
80 88 173.29283
80 89 134.90815
80 90 117.11277
80 91 154.00267
80 92 181.48215
80 93 143.56662
80 94 115.47355
80 95 127.06668
80 96 173.90504
80 97 133.68313
80 98 115.0188
80 99 196.52098
81 82 187.52729
81 83 115.6502
81 84 186.7864
81 85 128.56676
81 86 184.18426
81 87 118.7231
81 88 115.01163
81 89 125.24979
81 90 137.63174
81 91 144.9733
81 92 118.20176
81 93 167.19362
81 94 160.77441
81 95 154.72261
81 96 128.30115
81 97 131.75902
81 98 146.23969
81 99 135.21525
82 83 107.13238
82 84 129.57566
82 85 194.90404
82 86 114.0219
82 87 110.02958
82 88 194.45398
82 89 157.0151
82 90 117.47873
82 91 196.96688
82 92 156.25136
82 93 180.30631
82 94 153.89159
82 95 176.23773
82 96 176.34304
82 97 137.85553
82 98 114.69808
82 99 151.19076
83 84 168.63284
83 85 140.60012
83 86 172.67673
83 87 143.02633
83 88 120.34923
83 89 193.84938
83 90 159.3145
83 91 113.77187
83 92 115.23916
83 93 121.46227
83 94 147.51642
83 95 191.34907
83 96 156.76217
83 97 119.79013
83 98 139.13917
83 99 109.0695
84 85 152.41167
84 86 177.21011
84 87 181.82678
84 88 171.24785
84 89 120.95938
84 90 155.59603
84 91 174.3705
84 92 137.88763
84 93 129.71207
84 94 175.51274
84 95 197.37294
84 96 194.61177
84 97 104.16447
84 98 126.96348
84 99 176.69022
85 86 119.26439
85 87 161.95946
85 88 102.35543
85 89 123.79469
85 90 176.05581
85 91 184.33929
85 92 173.42237
85 93 175.63949
85 94 146.61987
85 95 166.90743
85 96 124.40288
85 97 194.53799
85 98 106.31086
85 99 114.5477
86 87 142.54265
86 88 171.35739
86 89 195.62602
86 90 171.46152
86 91 150.55439
86 92 127.38354
86 93 171.0746
86 94 163.69707
86 95 186.61188
86 96 189.49499
86 97 198.60424
86 98 192.24077
86 99 142.41758
87 88 123.19195
87 89 179.74221
87 90 152.30392
87 91 128.7235
87 92 111.16479
87 93 174.68961
87 94 146.69033
87 95 164.26469
87 96 113.18678
87 97 121.71307
87 98 179.11518
87 99 147.57722
88 89 172.42785
88 90 123.16267
88 91 139.96784
88 92 181.55148
88 93 133.49079
88 94 118.09036
88 95 110.52057
88 96 134.81955
88 97 143.72263
88 98 162.83824
88 99 156.44287
89 90 104.75525
89 91 158.32741
89 92 139.8853
89 93 156.5136
89 94 124.50829
89 95 170.39299
89 96 128.93781
89 97 174.94776
89 98 176.67397
89 99 127.38665
90 91 138.23903
90 92 156.95924
90 93 168.61809
90 94 127.94505
90 95 140.83624
90 96 190.16965
90 97 138.9966
90 98 112.31217
90 99 172.13393
91 92 180.00198
91 93 179.75757
91 94 100.86234
91 95 126.29038
91 96 101.1701
91 97 111.76326
91 98 159.34395
91 99 174.97475
92 93 146.23274
92 94 145.29938
92 95 102.09354
92 96 103.00714
92 97 117.02834
92 98 114.04717
92 99 110.11895
93 94 122.76355
93 95 114.46094
93 96 162.1059
93 97 122.91489
93 98 187.58071
93 99 190.58377
94 95 195.53932
94 96 184.06089
94 97 157.43471
94 98 107.56321
94 99 103.54847
95 96 128.22094
95 97 129.26843
95 98 186.4793
95 99 189.82954
96 97 130.9716
96 98 199.45368
96 99 133.69261
97 98 182.27852
97 99 182.97588
98 99 130.69412
